0001 0005 1711360109401 55.3125 -56.5 0.48473792897186263 20
0001 0011 1711360109410 100.875 -64.0 1.9757672547967058 20
0001 0015 1711360109411 35.75 -68.0 2.055534255766759 20
0001 0000 1711360109411 159.5 -70.5 5.773903685601553 20
0001 0008 1711360109412 -17.0625 -75.0 6.096039651057538 20
0001 0009 1711360109413 73.1875 -75.0 5.237010409841579 20
0001 0014 1711360109413 14.9375 -79.5 6.111379458936394 20
0001 0004 1711360109414 2.5625 -75.0 6.240233845118788 20
0001 0011 1711360109414 -39.0 -63.5 2.172116795646068 20
0001 0015 1711360109415 166.0 -68.5 1.9696313316451632 20
0001 0000 1711360109415 -42.3125 -72.0 5.982525072754001 20
0001 0005 1711360109415 19.5 -57.0 0.5706408530934585 20
0001 0008 1711360109416 -95.1875 -75.5 6.231029960391474 20
0001 0009 1711360109416 -14.625 -76.5 2.2150682577068657 20
0001 0014 1711360109417 6.375 -79.5 6.1420590746941075 20
0001 0015 1711360109615 58.5625 -68.5 2.043262409463674 20
0001 0005 1711360109616 9.75 -57.5 0.5890486225480862 20
0001 0011 1711360109618 -9.75 -63.5 2.141437179888355 20
0001 0000 1711360109619 74.8125 -72.0 6.1420590746941075 20
0001 0008 1711360109620 -8.9375 -75.0 6.126719266815251 20
0001 0009 1711360109621 17.6875 -76.5 2.055534255766759 20
0001 0011 1711360109866 -13.0 -63.5 2.12916533358527 20
0001 0000 1711360109866 45.5625 -73.5 5.970253226450915 20
0001 0015 1711360109867 -84.625 -68.5 2.2027964114037806 20
0001 0005 1711360109868 13.0 -57.0 0.5829126993965437 20
0001 0008 1711360109869 243.3125 -75.0 5.822991070813893 20
0001 0009 1711360109871 11.5625 -76.5 5.301437602932776 20
0001 0000 1711360110115 -13.0 -73.5 6.086835766330224 20
0001 0011 1711360110116 -26.0 -64.0 2.184388641949153 20
0001 0005 1711360110117 16.25 -57.0 0.5767767762450011 20
0001 0015 1711360110118 117.125 -69.0 2.012582793705961 20
0001 0008 1711360110119 16.25 -75.5 6.0040008037843995 20
0001 0009 1711360110120 -0.5625 -76.5 2.110757564130642 20
0001 0005 1711360110376 22.75 -57.0 0.5767767762450011 20
0001 0008 1711360110376 97.625 -72.5 6.092971689481767 20
0001 0015 1711360110377 48.8125 -68.0 2.055534255766759 20
0001 0000 1711360110378 152.9375 -72.0 5.921165841238575 20
0001 0011 1711360110379 16.25 -64.0 2.1353012567368124 20
0001 0009 1711360110380 -1.8125 -76.5 5.307573526084319 20
0001 0004 1711360110383 3.875 -75.0 6.1850105367549055 20
0001 0005 1711360110384 3.25 -57.0 0.5829126993965437 20
0001 0011 1711360110385 -26.0 -63.0 2.1537090261914402 20
0001 0000 1711360110386 42.3125 -72.0 6.000932842208628 20
0001 0015 1711360110387 139.9375 -69.0 1.945087639038993 20
0001 0008 1711360110388 24.375 -75.0 6.163534805724506 20
0001 0009 1711360110616 4.25 -76.0 5.154175447295755 20
0001 0004 1711360110616 -3.875 -75.5 5.994796919057086 20
0001 0005 1711360110617 -13.0 -59.0 0.7792622402459057 20
0001 0011 1711360110618 -35.75 -62.0 1.945087639038993 20
0001 0015 1711360110619 133.4375 -69.0 1.945087639038993 20
0001 0008 1711360110620 -6.5 -69.0 0.6442719309119693 20
0001 0009 1711360110621 -30.875 -74.0 4.871922982324796 20
0001 0004 1711360110865 21.9375 -77.5 2.2457478734645786 20
0001 0000 1711360110866 4.875 -75.0 4.81056375080937 20
0001 0011 1711360110867 19.5 -59.5 2.356194490192345 20
0001 0015 1711360110868 -26.0 -69.5 2.313243028131547 20
0001 0008 1711360110869 -6.5 -62.5 3.9147189706841563 20
0001 0004 1711360110870 0.5625 -79.5 0.03681553890925539 20
0001 0005 1711360111115 3.25 -76.0 6.22182607566416 20
0001 0008 1711360111115 -3.25 -61.0 5.350524988145116 20
0001 0010 1711360111116 74.8125 -70.0 5.798447378207723 20
0001 0015 1711360111117 -211.5625 -70.5 2.730485802436441 20
0001 0011 1711360111118 3.25 -60.0 2.6568547246179306 20
0001 0004 1711360111119 6.0625 -77.5 5.724816300389213 20
0001 0013 1711360111121 7.875 -78.0 6.013204688511713 20
0001 0005 1711360111122 -1.5625 -76.0 4.675573441475434 20
0001 0015 1711360111123 -97.625 -68.5 2.5157284921324514 20
0001 0004 1711360111124 -175.75 -73.0 4.4362724385652745 20
0001 0008 1711360111124 -13.0 -60.0 0.8283496254582462 20
0001 0010 1711360111125 -6.5 -67.5 0.3313398501832985 20
0001 0011 1711360111126 -19.5 -62.0 2.9391071895888885 20
0001 0003 1711360111127 -8.1875 -79.0 1.5953400194010667 20
0001 0015 1711360111365 -39.0 -68.0 2.36846633649543 20
0001 0011 1711360111366 -126.9375 -68.0 2.724349879284899 20
0001 0008 1711360111368 -13.0 -59.0 2.018718716857504 20
0001 0010 1711360111369 139.9375 -70.0 0.9633399347921826 20
0001 0003 1711360111370 0.5625 -76.5 0.6504078540635119 20
0001 0008 1711360111371 -22.75 -58.0 3.552699504743145 20
0001 0007 1711360111372 -39.0 -73.5 1.5278448647340985 20
0001 0015 1711360111373 -91.125 -68.5 2.313243028131547 20
0001 0003 1711360111374 -15.8125 -77.5 5.890486225480862 20
0001 0014 1711360111375 -3.3125 -79.5 6.037748381117884 20
0001 0015 1711360111616 -3.25 -67.5 2.2150682577068657 20
0001 0005 1711360111616 -94.375 -73.5 6.080699843178682 20
0001 0008 1711360111617 -19.5 -59.5 4.681709364626977 20
0001 0007 1711360111618 -22.75 -70.0 2.184388641949153 20
0001 0003 1711360111619 3.0 -75.5 1.5953400194010667 20
0001 0014 1711360111619 23.75 -77.5 5.945709533844745 20
0001 0004 1711360111620 -3.0 -77.0 4.485359823777615 20
0001 0005 1711360111621 48.8125 -66.0 0.8835729338221293 20
0001 0003 1711360111622 -416.625 -74.5 2.8654761117703775 20
0001 0014 1711360111623 -130.1875 -74.5 0.18407769454627693 20
0001 0008 1711360111624 -52.0625 -64.5 5.853670686571607 20
0001 0015 1711360111624 65.0625 -67.5 2.325514874434632 20
0001 0007 1711360111626 214.8125 -73.0 1.521708941582556 20
0001 0005 1711360111875 0.0 -63.5 1.705786636128833 20
0001 0015 1711360111876 -3.25 -66.5 2.718213956133356 20
0001 0008 1711360111877 61.8125 -70.5 5.927301764390117 20
0001 0014 1711360111877 0.0 -71.5 0.7240389318820226 20
0001 0007 1711360111878 -6.0625 -75.5 4.9823695990525625 20
0001 0000 1711360111879 1.125 -77.5 5.056000676871073 20
0001 0015 1711360111880 -9.75 -66.0 2.9145634969827183 20
0001 0005 1711360111881 0.0 -62.5 2.4605051837685683 20
0001 0007 1711360111881 -113.875 -74.5 1.4419419406125027 20
0001 0014 1711360111882 -94.375 -71.5 0.9387962421860124 20
0001 0008 1711360111883 3.0 -76.5 5.522330836388308 20
0001 0000 1711360111884 -0.25 -78.0 5.283029833478148 20
0001 0005 1711360112116 29.25 -61.0 2.890019804376548 20
0001 0015 1711360112117 -6.5 -66.0 2.767301341345697 20
0001 0014 1711360112117 26.0 -73.0 1.0369710126106935 20
0001 0000 1711360112118 25.0 -77.0 1.9205439464328227 20
0001 0007 1711360112119 22.5625 -77.5 1.1719613219446299 20
0001 0015 1711360112120 -26.0 -65.5 2.6261751088602177 20
0001 0005 1711360112120 22.75 -60.5 2.9145634969827183 20
0001 0014 1711360112121 240.875 -72.5 0.6442719309119693 20
0001 0007 1711360112122 -6.0625 -77.5 1.1044661672776617 20
0001 0000 1711360112123 -34.125 -77.0 5.117359908386499 20
0001 0005 1711360112365 39.0 -60.5 2.84706834231575 20
0001 0015 1711360112366 26.0 -66.0 2.5280003384355365 20
0001 0014 1711360112367 312.4375 -73.5 0.2270291566070749 20
0001 0000 1711360112368 -3.0 -78.0 4.957825906446392 20
0001 0007 1711360112369 -7.875 -77.5 1.1535535524900022 20
0001 0005 1711360112370 -13.0 -60.0 2.9145634969827183 20
0001 0015 1711360112371 159.5 -67.5 2.2457478734645786 20
0001 0014 1711360112372 5.6875 -74.5 0.6994952392758523 20
0001 0007 1711360112372 1.8125 -77.0 1.1106020904292042 20
0001 0000 1711360112615 -5.0 -78.5 4.988505522204105 20
0001 0005 1711360112616 32.5 -60.0 2.705942109830271 20
0001 0015 1711360112617 -126.9375 -67.5 2.779573187648782 20
0001 0007 1711360112617 16.4375 -77.0 1.0737865515199487 20
0001 0014 1711360112618 9.125 -74.5 0.7915340865489908 20
0001 0000 1711360112619 9.4375 -79.5 4.847379289718626 20
0001 0015 1711360112620 -81.375 -67.5 2.6813984172241008 20
0001 0005 1711360112620 29.25 -60.0 2.6200391857086753 20
0001 0014 1711360112621 -91.125 -74.0 0.760854470791278 20
0001 0007 1711360112864 8.5 -77.0 1.0799224746714913 20
0001 0000 1711360112865 -7.3125 -79.0 1.7916895602504288 20
0001 0015 1711360112866 -16.25 -67.0 2.6875343403756435 20
0001 0005 1711360112867 6.5 -60.5 2.6261751088602177 20
0001 0014 1711360112868 78.0625 -73.0 0.6688156235181395 20
0001 0007 1711360112869 -1.8125 -77.0 1.1780972450961724 20
0001 0000 1711360112869 -0.5625 -79.0 4.945554060143307 20
0001 0014 1711360112870 -61.8125 -74.0 0.7792622402459057 20
0001 0005 1711360112871 -13.0 -60.5 2.6568547246179306 20
0001 0015 1711360112871 -91.125 -68.0 2.718213956133356 20
0001 0000 1711360113114 -21.9375 -78.0 4.914874444385594 20
0001 0007 1711360113115 6.6875 -77.5 1.0246991663076084 20
0001 0005 1711360113115 32.5 -61.0 3.06182565261974 20
0001 0015 1711360113116 42.3125 -67.0 2.5280003384355365 20
0001 0014 1711360113117 22.75 -74.5 0.8528933180644165 20
0001 0000 1711360113117 14.625 -77.5 4.755340442445488 20
0001 0007 1711360113118 -13.375 -76.5 4.338097668140593 20
0001 0008 1711360113119 -2.4375 -78.5 5.2768939103266055 20
0001 0015 1711360113375 65.0625 -67.5 2.454369260617026 20
0001 0005 1711360113376 13.0 -61.5 3.0372819600135696 20
0001 0014 1711360113376 -107.375 -73.5 0.9387962421860124 20
0001 0007 1711360113377 2.4375 -76.5 1.086058397823034 20
0001 0000 1711360113378 -1.8125 -77.5 1.718058482431918 20
0001 0008 1711360113378 7.875 -78.5 4.994641445355648 20
0001 0015 1711360113379 9.75 -67.5 2.60776733940559 20
0001 0014 1711360113380 -136.6875 -74.5 0.760854470791278 20
0001 0005 1711360113380 3.25 -61.5 3.0066023442558567 20
0001 0007 1711360113381 -13.375 -77.0 1.055378782065321 20
0001 0008 1711360113382 0.5625 -77.0 4.957825906446392 20
0001 0000 1711360113382 -23.1875 -77.0 1.7119225592803755 20
0001 0005 1711360113625 35.75 -61.5 2.8777479580734626 20
0001 0015 1711360113626 -9.75 -67.5 2.564815877344792 20
0001 0014 1711360113627 3.625 -74.5 0.6504078540635119 20
0001 0000 1711360113627 -20.125 -77.0 1.6996507129772904 20
0001 0008 1711360113628 2.4375 -77.5 1.859184714917397 20
0001 0007 1711360113629 -7.875 -76.0 1.141281706186917 20
0001 0015 1711360113629 81.375 -68.0 2.411417798556228 20
0001 0005 1711360113630 71.5625 -61.5 2.8777479580734626 20
0001 0014 1711360113631 -120.4375 -72.5 0.7669903939428205 20
0001 0000 1711360113631 -19.5 -77.0 4.792155981354743 20
0001 0007 1711360113632 -0.5625 -77.0 4.319689898685965 20
0001 0008 1711360113633 -13.0625 -77.5 5.0682725231741586 20
0001 0005 1711360113865 19.5 -60.5 2.9145634969827183 20
0001 0014 1711360113866 97.625 -72.5 0.3436116964863836 20
0001 0015 1711360113867 -65.0625 -68.0 2.662990647769473 20
0001 0007 1711360113867 7.875 -76.5 1.1228739367322893 20
0001 0000 1711360113868 10.9375 -77.5 1.4787574795217582 20
0001 0008 1711360113869 -6.6875 -77.0 5.203262832508095 20
0001 0014 1711360113869 -22.75 -74.5 0.7117670855789375 20
0001 0015 1711360113870 -65.0625 -67.5 2.7550294950426117 20
0001 0005 1711360113871 32.5 -61.0 2.859340188618835 20
0001 0008 1711360113871 -5.4375 -77.5 4.970097752749477 20
0001 0007 1711360113872 7.3125 -77.0 1.0369710126106935 20
0001 0000 1711360113873 -23.75 -77.5 4.816699673960914 20
0001 0005 1711360114113 -32.5 -61.0 2.9820586516496865 20
0001 0015 1711360114113 -39.0 -68.5 2.693670263527186 20
0001 0014 1711360114114 -143.1875 -74.0 0.6013204688511713 20
0001 0000 1711360114115 9.125 -77.5 4.589670517353839 20
0001 0007 1711360114115 -16.4375 -77.5 1.1596894756415448 20
0001 0008 1711360114116 -1.8125 -77.5 1.6873788666742053 20
0001 0015 1711360114116 74.8125 -68.0 2.509592568980909 20
0001 0005 1711360114117 16.25 -61.5 2.9636508821950587 20
0001 0014 1711360114118 32.5 -73.5 0.4295146206079795 20
0001 0008 1711360114119 0.5625 -77.5 4.890330751779424 20
0001 0000 1711360114119 -18.875 -77.0 1.509437095279471 20
0001 0007 1711360114120 14.625 -78.0 0.9694758579437253 20
