0001 0004 1711356953196 -48.8125 -59.5 4.828971520263998 16
0001 0006 1711356953196 -126.9375 -69.0 2.9145634969827183 16
0001 0014 1711356953196 -71.5625 -62.0 3.77972866135022 16
0001 0015 1711356953197 58.5625 -62.0 0.5951845456996288 16
0001 0005 1711356953197 -149.6875 -69.0 5.019185137961818 16
0001 0008 1711356953198 -3.25 -66.5 3.399301425954581 16
0001 0000 1711356953198 8.125 -74.5 0.38349519697141027 16
0001 0015 1711356953198 48.8125 -62.0 0.6258641614573416 16
0001 0014 1711356953199 -19.5 -62.5 3.736777199289422 16
0001 0006 1711356953199 -159.5 -69.5 2.9636508821950587 16
0001 0005 1711356953200 -110.625 -69.0 4.871922982324796 16
0001 0008 1711356953200 -45.5625 -67.0 3.436116964863836 16
0001 0004 1711356953200 -26.0 -59.5 4.859651136021712 16
0001 0000 1711356953201 117.125 -72.5 0.30679615757712825 16
0001 0015 1711356953201 19.5 -62.5 0.6749515466696822 16
0001 0004 1711356953202 6.5 -59.5 4.804427827657828 16
0001 0014 1711356953202 -78.0625 -62.0 3.7551849687440497 16
0001 0006 1711356953202 -22.75 -70.0 2.7857091108003242 16
0001 0005 1711356953202 -120.4375 -69.5 5.074408446325701 16
0001 0008 1711356953203 -114.6875 -67.0 3.5588354278946874 16
0001 0000 1711356953203 397.125 -72.0 6.025476534814799 16
0001 0014 1711356953456 -9.75 -62.5 3.6692820446224537 16
0001 0000 1711356953457 -35.75 -72.5 0.5583690067903734 16
0001 0004 1711356953457 -6.5 -60.0 4.81056375080937 16
0001 0006 1711356953457 0.0 -70.0 2.5464081078901644 16
0001 0008 1711356953457 6.5 -68.0 3.3624858870453256 16
0001 0015 1711356953458 65.0625 -62.5 0.619728238305799 16
0001 0005 1711356953458 35.75 -69.0 4.92714629068868 16
0001 0014 1711356953458 -39.0 -62.5 3.6815538909255388 16
0001 0004 1711356953459 0.0 -60.0 4.847379289718626 16
0001 0015 1711356953459 29.25 -62.0 0.607456392002714 16
0001 0006 1711356953459 68.3125 -69.5 2.5034566458293663 16
0001 0008 1711356953460 -10.5625 -68.0 3.399301425954581 16
0001 0005 1711356953460 -32.5 -69.5 4.902602598082509 16
0001 0000 1711356953461 22.75 -72.0 0.39269908169872414 16
0001 0008 1711356953716 -123.6875 -68.0 3.4606606574700063 16
0001 0015 1711356953716 94.375 -62.5 0.5276893910326605 16
0001 0004 1711356953716 -19.5 -60.0 4.871922982324796 16
0001 0006 1711356953716 -107.375 -70.0 2.82252464970958 16
0001 0014 1711356953717 -16.25 -62.5 3.6754179677739964 16
0001 0005 1711356953717 -247.375 -68.5 5.209398755659637 16
0001 0000 1711356953717 26.0 -72.5 0.5276893910326605 16
0001 0008 1711356953718 6.5 -68.0 3.380893656499953 16
0001 0015 1711356953718 42.3125 -63.0 0.607456392002714 16
0001 0014 1711356953718 -32.5 -62.0 3.736777199289422 16
0001 0004 1711356953719 -55.3125 -59.5 4.908738521234052 16
0001 0006 1711356953719 117.125 -69.5 2.429825568010856 16
0001 0000 1711356953719 -16.25 -72.5 0.521553467881118 16
0001 0005 1711356953720 107.375 -69.5 4.724660826687775 16
0001 0015 1711356953956 13.0 -62.5 0.662679700366597 16
0001 0014 1711356953957 -16.25 -62.5 3.663146121470911 16
0001 0004 1711356953957 19.5 -60.0 4.81056375080937 16
0001 0008 1711356953957 -166.8125 -67.5 3.650874275167826 16
0001 0005 1711356953957 -91.125 -70.0 4.933282213840222 16
0001 0006 1711356953958 -74.8125 -69.5 2.804116880254952 16
0001 0000 1711356953958 -71.5625 -72.0 0.607456392002714 16
0001 0004 1711356953958 -16.25 -59.5 4.847379289718626 16
0001 0006 1711356953959 -52.0625 -69.5 2.6445828783148455 16
0001 0000 1711356953959 -162.75 -73.0 0.6442719309119693 16
0001 0005 1711356953959 -74.8125 -69.5 4.970097752749477 16
0001 0008 1711356953960 -52.0625 -67.5 3.429981041712294 16
0001 0014 1711356953960 -39.0 -62.0 3.7122335066832517 16
0001 0015 1711356953960 35.75 -63.0 0.6749515466696822 16
0001 0006 1711356954174 -61.8125 -70.0 2.8532042654672924 16
0001 0014 1711356954175 -22.75 -62.5 3.6815538909255388 16
0001 0015 1711356954175 48.8125 -62.5 0.6810874698212247 16
0001 0004 1711356954175 9.75 -59.5 4.81056375080937 16
0001 0008 1711356954176 0.0 -68.0 3.399301425954581 16
0001 0005 1711356954177 71.5625 -69.0 4.81056375080937 16
0001 0000 1711356954177 26.0 -72.5 0.4172427743048944 16
0001 0014 1711356954177 -22.75 -62.5 3.7122335066832517 16
0001 0006 1711356954178 97.625 -69.0 2.5893595699509624 16
0001 0008 1711356954178 -65.0625 -67.0 3.5158839658338894 16
0001 0015 1711356954178 48.8125 -63.0 0.6258641614573416 16
0001 0004 1711356954179 9.75 -59.5 4.822835597112456 16
0001 0005 1711356954179 -16.25 -69.0 4.95168998329485 16
0001 0000 1711356954179 -68.3125 -72.5 0.607456392002714 16
0001 0015 1711356954179 0.0 -63.0 0.6933593161243098 16
0001 0004 1711356954180 -45.5625 -59.5 4.878058905476339 16
0001 0014 1711356954180 -6.5 -62.0 3.663146121470911 16
0001 0008 1711356954180 -114.6875 -67.5 3.4913402732277192 16
0001 0006 1711356954181 45.5625 -70.0 2.454369260617026 16
0001 0005 1711356954181 -55.3125 -69.0 5.019185137961818 16
0001 0000 1711356954181 -65.0625 -72.5 0.7117670855789375 16
0001 0014 1711356954472 0.0 -63.0 3.6570101983193686 16
0001 0015 1711356954472 -29.25 -62.5 0.7547185476397354 16
0001 0008 1711356954473 -58.5625 -67.0 3.485204350076177 16
0001 0004 1711356954473 -29.25 -59.5 4.871922982324796 16
0001 0000 1711356954473 58.5625 -72.5 0.37429131224409645 16
0001 0005 1711356954474 48.8125 -69.0 4.8351074434155406 16
0001 0006 1711356954474 -81.375 -69.0 2.8532042654672924 16
0001 0008 1711356954474 3.25 -67.0 3.3870295796514958 16
0001 0006 1711356954475 110.625 -69.5 2.497320722677824 16
0001 0014 1711356954475 29.25 -62.0 3.6324665057131984 16
0001 0004 1711356954475 -26.0 -59.5 4.822835597112456 16
0001 0015 1711356954476 6.5 -62.5 0.6994952392758523 16
0001 0005 1711356954476 -32.5 -68.5 4.884194828627882 16
0001 0000 1711356954476 0.0 -73.0 0.380427235395639 16
0001 0004 1711356954712 3.25 -59.5 4.816699673960914 16
0001 0008 1711356954712 -76.4375 -68.0 3.466796580621549 16
0001 0015 1711356954712 -9.75 -62.0 0.7485826244881929 16
0001 0005 1711356954712 -166.0 -69.0 5.080544369477243 16
0001 0006 1711356954713 -6.5 -69.5 2.6998061866787286 16
0001 0014 1711356954713 -16.25 -62.5 3.6447383520162835 16
0001 0000 1711356954713 6.5 -72.0 0.25770877236478773 16
0001 0008 1711356954714 -30.875 -68.0 3.393165502803038 16
0001 0004 1711356954714 19.5 -59.5 4.743068596142402 16
0001 0014 1711356954714 0.0 -62.5 3.6324665057131984 16
0001 0006 1711356954715 61.8125 -71.0 2.5034566458293663 16
0001 0000 1711356954715 136.6875 -74.0 0.23930100291016002 16
0001 0015 1711356954715 74.8125 -63.0 0.5706408530934585 16
0001 0005 1711356954716 -32.5 -68.0 4.908738521234052 16
0001 0014 1711356954716 16.25 -62.5 3.5833791205008576 16
0001 0004 1711356954716 16.25 -59.5 4.767612288748572 16
0001 0005 1711356954717 22.75 -69.0 4.73693267299086 16
0001 0008 1711356954717 -13.0 -67.5 3.429981041712294 16
0001 0015 1711356954717 3.25 -62.5 0.6994952392758523 16
0001 0006 1711356954718 6.5 -69.5 2.730485802436441 16
0001 0000 1711356954718 19.5 -74.0 0.22089323345553233 16
0001 0015 1711356954965 -32.5 -62.5 0.7485826244881929 16
0001 0005 1711356954966 29.25 -68.5 4.779884135051658 16
0001 0004 1711356954966 -26.0 -59.5 4.822835597112456 16
0001 0014 1711356954966 -26.0 -63.0 3.724505352986337 16
0001 0008 1711356954966 24.375 -68.0 3.3318062712876126 16
0001 0006 1711356954967 130.1875 -69.5 2.6139032625571326 16
0001 0000 1711356954967 65.0625 -72.5 0.25770877236478773 16
0001 0006 1711356954967 -42.3125 -70.5 2.7120780329818137 16
0001 0005 1711356954968 -179.0 -68.5 5.111223985234957 16
0001 0014 1711356954968 6.5 -62.5 3.663146121470911 16
0001 0004 1711356954968 -48.8125 -59.5 4.884194828627882 16
0001 0000 1711356954969 139.9375 -72.0 0.3190680038802134 16
0001 0015 1711356954969 -9.75 -62.5 0.7301748550335652 16
0001 0008 1711356954970 -45.5625 -68.5 3.368621810196868 16
0001 0015 1711356955215 19.5 -62.5 0.6442719309119693 16
0001 0006 1711356955216 -16.25 -69.5 2.748893571891069 16
0001 0004 1711356955216 -3.25 -59.5 4.798291904506286 16
0001 0014 1711356955216 -26.0 -62.5 3.650874275167826 16
0001 0008 1711356955216 52.0625 -67.0 3.3318062712876126 16
0001 0005 1711356955217 -16.25 -68.0 4.767612288748572 16
0001 0000 1711356955217 -100.875 -73.5 0.48473792897186263 16
0001 0008 1711356955217 -32.5 -67.5 3.472932503773092 16
0001 0004 1711356955218 -32.5 -59.5 4.822835597112456 16
0001 0014 1711356955218 22.75 -62.5 3.6017868899554855 16
0001 0015 1711356955218 74.8125 -62.5 0.6135923151542565 16
0001 0005 1711356955219 32.5 -68.0 4.743068596142402 16
0001 0006 1711356955219 -16.25 -69.5 2.705942109830271 16
0001 0000 1711356955219 3.25 -73.0 0.4356505437595221 16
0001 0015 1711356955466 22.75 -62.5 0.662679700366597 16
0001 0008 1711356955466 263.625 -67.5 2.9636508821950587 16
0001 0014 1711356955466 -29.25 -62.0 3.6815538909255388 16
0001 0005 1711356955466 35.75 -68.5 4.663301595172349 16
0001 0006 1711356955467 -94.375 -69.0 2.7857091108003242 16
0001 0004 1711356955467 -42.3125 -59.5 4.828971520263998 16
0001 0000 1711356955467 52.0625 -72.0 0.07363107781851078 16
0001 0005 1711356955468 19.5 -68.0 4.700117134081604 16
0001 0000 1711356955468 100.875 -74.5 0.3313398501832985 16
0001 0008 1711356955468 41.5 -67.0 3.368621810196868 16
0001 0006 1711356955469 120.4375 -70.0 2.405281875404685 16
0001 0004 1711356955469 9.75 -59.5 4.7860200582032 16
0001 0015 1711356955469 -13.0 -62.5 0.7424467013366504 16
0001 0014 1711356955469 19.5 -62.5 3.6201946594101133 16
0001 0005 1711356955703 -3.25 -68.5 4.669437518323892 16
0001 0006 1711356955703 61.8125 -69.5 2.466641106920111 16
0001 0015 1711356955704 -19.5 -62.5 0.7485826244881929 16
0001 0008 1711356955704 17.0625 -67.0 3.3502140407422405 16
0001 0014 1711356955704 -13.0 -63.0 3.7122335066832517 16
0001 0004 1711356955705 -26.0 -59.5 4.804427827657828 16
0001 0000 1711356955705 -107.375 -73.0 0.7547185476397354 16
0001 0008 1711356955705 45.5625 -67.5 3.3072625786814425 16
0001 0014 1711356955705 3.25 -62.5 3.6079228131070282 16
0001 0015 1711356955706 -22.75 -63.0 0.760854470791278 16
0001 0004 1711356955706 -9.75 -59.5 4.804427827657828 16
0001 0005 1711356955706 -52.0625 -68.0 4.884194828627882 16
0001 0006 1711356955707 -74.8125 -70.0 2.718213956133356 16
0001 0000 1711356955707 29.25 -72.5 0.4049709280018093 16
0001 0015 1711356955707 -16.25 -62.5 0.705631162427395 16
0001 0014 1711356955708 -29.25 -62.5 3.6815538909255388 16
0001 0004 1711356955708 -13.0 -59.5 4.76147636559703 16
0001 0006 1711356955708 -113.875 -70.5 2.773437264497239 16
0001 0008 1711356955709 159.5 -67.5 3.08636934522591 16
0001 0005 1711356955709 29.25 -68.5 4.71238898038469 16
0001 0000 1711356955710 162.75 -74.0 0.2945243112740431 16
0001 0006 1711356955966 -19.5 -70.0 2.742757648739526 16
0001 0004 1711356955966 3.25 -59.5 4.792155981354743 16
0001 0015 1711356955966 -48.8125 -63.0 0.7792622402459057 16
0001 0008 1711356955967 -6.5 -67.5 3.368621810196868 16
0001 0014 1711356955967 35.75 -62.0 3.6140587362585705 16
0001 0005 1711356955967 -48.8125 -69.0 4.828971520263998 16
0001 0000 1711356955967 -325.5 -73.5 0.9694758579437253 16
0001 0004 1711356955968 3.25 -59.5 4.792155981354743 16
0001 0015 1711356955968 39.0 -62.0 0.6504078540635119 16
0001 0000 1711356955968 123.6875 -73.0 0.2086213871524472 16
0001 0005 1711356955969 -97.625 -68.0 4.841243366567084 16
0001 0014 1711356955969 -6.5 -62.5 3.6201946594101133 16
0001 0008 1711356955969 -143.1875 -68.0 3.552699504743145 16
0001 0006 1711356955970 84.625 -69.5 2.5402721847386216 16
0001 0008 1711356956216 30.875 -67.0 3.32567034813607 16
0001 0014 1711356956216 3.25 -62.5 3.6570101983193686 16
0001 0004 1711356956216 19.5 -59.5 4.749204519293945 16
0001 0005 1711356956217 -48.8125 -67.5 4.792155981354743 16
0001 0006 1711356956217 139.9375 -69.5 2.3193789512830896 16
0001 0015 1711356956217 42.3125 -63.0 0.619728238305799 16
0001 0000 1711356956218 162.75 -73.0 0.15339807878856412 16
0001 0004 1711356956218 52.0625 -59.5 4.700117134081604 16
0001 0015 1711356956218 13.0 -62.5 0.6933593161243098 16
0001 0014 1711356956218 -19.5 -62.5 3.6815538909255388 16
0001 0006 1711356956219 6.5 -68.5 2.650718801466388 16
0001 0008 1711356956219 -26.0 -67.0 3.448388811166921 16
0001 0005 1711356956219 0.0 -68.5 4.693981210930062 16
0001 0000 1711356956220 24.375 -74.0 0.40803888957758055 16
0001 0015 1711356956460 -32.5 -63.0 0.7485826244881929 16
0001 0014 1711356956460 -26.0 -62.5 3.6692820446224537 16
0001 0005 1711356956460 -156.1875 -69.0 5.080544369477243 16
0001 0008 1711356956460 -10.5625 -67.5 3.2949907323783574 16
0001 0004 1711356956461 35.75 -59.5 4.767612288748572 16
0001 0006 1711356956461 13.0 -70.0 2.6813984172241008 16
0001 0000 1711356956461 -29.25 -72.5 0.4049709280018093 16
0001 0004 1711356956462 -9.75 -59.5 4.81056375080937 16
0001 0014 1711356956462 -13.0 -63.0 3.6570101983193686 16
0001 0015 1711356956462 3.25 -62.5 0.7117670855789375 16
0001 0005 1711356956463 -45.5625 -68.0 4.865787059173254 16
0001 0008 1711356956463 -13.0 -68.0 3.2765829629237295 16
0001 0006 1711356956463 -65.0625 -70.5 2.7550294950426117 16
0001 0000 1711356956464 -182.25 -73.0 0.8160777791551611 16
0001 0004 1711356956464 -26.0 -59.5 4.8351074434155406 16
0001 0014 1711356956464 0.0 -62.0 3.6692820446224537 16
0001 0015 1711356956464 -9.75 -62.5 0.6933593161243098 16
0001 0006 1711356956465 -104.125 -71.0 2.8532042654672924 16
0001 0008 1711356956465 -125.3125 -67.5 3.472932503773092 16
0001 0005 1711356956466 -71.5625 -68.5 4.884194828627882 16
0001 0000 1711356956466 -94.375 -72.0 0.6994952392758523 16
0001 0004 1711356956715 29.25 -59.5 4.767612288748572 16
0001 0014 1711356956715 3.25 -62.5 3.6017868899554855 16
0001 0005 1711356956716 0.0 -69.0 4.816699673960914 16
0001 0015 1711356956716 35.75 -62.5 0.6688156235181395 16
0001 0008 1711356956716 104.125 -67.5 3.098641191528995 16
0001 0006 1711356956716 120.4375 -69.0 2.497320722677824 16
0001 0000 1711356956717 -58.5625 -73.5 0.4908738521234052 16
0001 0015 1711356956717 -32.5 -62.5 0.7363107781851077 16
0001 0006 1711356956717 58.5625 -70.5 2.5341362615870793 16
0001 0005 1711356956718 -35.75 -69.0 4.73693267299086 16
0001 0008 1711356956718 3.25 -67.0 3.313398501832985 16
0001 0004 1711356956718 -35.75 -59.5 4.841243366567084 16
0001 0014 1711356956719 13.0 -62.5 3.6386024288647407 16
0001 0000 1711356956719 -74.8125 -74.5 0.6442719309119693 16
0001 0004 1711356956955 -32.5 -59.5 4.828971520263998 16
0001 0015 1711356956956 26.0 -62.5 0.6810874698212247 16
0001 0005 1711356956956 19.5 -69.0 4.693981210930062 16
0001 0008 1711356956956 45.5625 -68.0 3.313398501832985 16
0001 0014 1711356956956 45.5625 -62.5 3.5588354278946874 16
0001 0006 1711356956957 100.875 -70.0 2.509592568980909 16
0001 0000 1711356956957 -65.0625 -74.0 0.6565437772150544 16
0001 0014 1711356956957 0.0 -62.5 3.6692820446224537 16
0001 0005 1711356956958 -107.375 -68.5 4.95168998329485 16
0001 0004 1711356956958 -9.75 -59.5 4.804427827657828 16
0001 0006 1711356956958 65.0625 -69.0 2.478912953223196 16
0001 0015 1711356956959 -22.75 -62.0 0.7547185476397354 16
0001 0008 1711356956959 152.9375 -67.5 3.1968159619536762 16
0001 0000 1711356956959 143.1875 -72.5 0.2638446955163303 16
0001 0004 1711356957215 -45.5625 -60.0 4.890330751779424 16
0001 0006 1711356957215 -65.0625 -70.0 2.742757648739526 16
0001 0008 1711356957216 -39.0 -68.0 3.3624858870453256 16
0001 0015 1711356957216 29.25 -62.5 0.6688156235181395 16
0001 0014 1711356957216 35.75 -62.5 3.56497135104623 16
0001 0005 1711356957217 32.5 -68.5 4.7307967498393175 16
0001 0000 1711356957217 17.0625 -74.0 0.35588354278946877 16
0001 0014 1711356957217 -29.25 -62.5 3.6447383520162835 16
0001 0005 1711356957218 -35.75 -68.5 4.8351074434155406 16
0001 0015 1711356957218 26.0 -62.5 0.6688156235181395 16
0001 0004 1711356957218 35.75 -59.5 4.76147636559703 16
0001 0008 1711356957219 -21.125 -68.0 3.393165502803038 16
0001 0006 1711356957219 -139.9375 -70.0 2.816388726558037 16
0001 0000 1711356957219 34.125 -73.5 0.36815538909255385 16
0001 0014 1711356957452 -32.5 -62.5 3.6815538909255388 16
0001 0004 1711356957452 -6.5 -59.5 4.816699673960914 16
0001 0005 1711356957452 3.25 -69.5 4.828971520263998 16
0001 0006 1711356957453 149.6875 -69.0 2.325514874434632 16
0001 0008 1711356957453 26.0 -67.0 3.3195344249845276 16
0001 0015 1711356957453 39.0 -63.0 0.6504078540635119 16
0001 0000 1711356957454 260.375 -74.0 6.166602767300278 16
0001 0004 1711356957454 -58.5625 -59.5 4.865787059173254 16
0001 0015 1711356957454 19.5 -63.0 0.6688156235181395 16
0001 0008 1711356957454 117.125 -67.5 3.1354567304382504 16
0001 0005 1711356957455 -61.8125 -69.0 4.755340442445488 16
0001 0006 1711356957455 -3.25 -69.5 2.730485802436441 16
0001 0014 1711356957455 16.25 -62.5 3.650874275167826 16
0001 0000 1711356957456 159.5 -71.5 0.2270291566070749 16
0001 0015 1711356957456 -39.0 -63.0 0.760854470791278 16
0001 0005 1711356957456 -3.25 -68.5 4.718524903536232 16
0001 0006 1711356957457 -3.25 -69.5 2.650718801466388 16
0001 0004 1711356957457 -9.75 -59.5 4.804427827657828 16
0001 0014 1711356957457 9.75 -62.0 3.6263305825616556 16
0001 0008 1711356957458 -6.5 -67.0 3.411573272257666 16
0001 0000 1711356957458 100.875 -74.0 0.380427235395639 16
0001 0014 1711356957715 16.25 -62.0 3.6201946594101133 16
0001 0000 1711356957716 78.0625 -71.0 0.2638446955163303 16
0001 0015 1711356957716 16.25 -63.0 0.6688156235181395 16
0001 0006 1711356957716 162.75 -70.0 2.3623304133438876 16
0001 0004 1711356957717 19.5 -60.0 4.73693267299086 16
0001 0008 1711356957717 -59.375 -67.5 3.393165502803038 16
0001 0005 1711356957717 81.375 -69.0 4.638757902566179 16
0001 0008 1711356957718 -52.0625 -67.0 3.3195344249845276 16
0001 0014 1711356957718 29.25 -62.5 3.6140587362585705 16
0001 0004 1711356957718 -9.75 -59.5 4.81056375080937 16
0001 0015 1711356957718 -22.75 -62.5 0.7363107781851077 16
0001 0005 1711356957719 -84.625 -69.0 4.957825906446392 16
0001 0006 1711356957719 162.75 -68.5 2.399145952253143 16
0001 0000 1711356957719 32.5 -73.5 0.25157284921324513 16
0001 0014 1711356957962 -35.75 -62.5 3.724505352986337 16
0001 0008 1711356957962 84.625 -68.0 3.172272269347506 16
0001 0000 1711356957962 -146.4375 -72.0 0.7301748550335652 16
0001 0004 1711356957962 29.25 -59.5 4.773748211900116 16
0001 0006 1711356957963 224.5625 -69.5 2.184388641949153 16
0001 0005 1711356957963 -91.125 -68.5 4.871922982324796 16
0001 0015 1711356957963 45.5625 -62.0 0.6749515466696822 16
0001 0004 1711356957964 -13.0 -59.5 4.8351074434155406 16
0001 0015 1711356957964 -9.75 -62.5 0.7179030087304801 16
0001 0000 1711356957964 -185.5 -73.5 0.7669903939428205 16
0001 0005 1711356957965 -61.8125 -69.5 4.933282213840222 16
0001 0014 1711356957965 9.75 -62.0 3.650874275167826 16
0001 0008 1711356957965 -6.5 -67.5 3.3318062712876126 16
0001 0006 1711356957965 -52.0625 -69.5 2.816388726558037 16
