0000 0011 1710143975349 6.5 -60.5 1.5585244804918115 4
0000 0007 1710143975350 42.3125 -62.0 1.8960002538266525 4
0000 0009 1710143975350 -39.0 -69.5 1.8100973297050567 4
0000 0009 1710143975351 -13.8125 -70.0 1.8039614065535141 4
0000 0005 1710143975351 -7.3125 -67.5 6.191146459906448 4
0000 0014 1710143975351 -45.5625 -65.5 0.23930100291016002 4
0000 0000 1710143975352 13.0 -59.0 0.07363107781851078 4
0000 0006 1710143975353 55.3125 -63.0 4.718524903536232 4
0000 0012 1710143975353 -149.6875 -71.0 2.2089323345553233 4
0000 0003 1710143975353 -16.25 -59.0 3.3624858870453256 4
0000 0004 1710143975354 16.25 -58.5 4.454680208019902 4
0000 0008 1710143975354 -9.75 -54.5 5.356660911296659 4
0000 0011 1710143975355 -13.0 -60.5 1.564660403643354 4
0000 0007 1710143975355 13.0 -62.5 1.8960002538266525 4
0000 0002 1710143975355 -58.5625 -65.5 3.000466421104314 4
0000 0010 1710143975356 -32.5 -67.5 0.35588354278946877 4
0000 0004 1710143975477 32.5 -58.0 4.344233591292136 4
0000 0003 1710143975478 -22.75 -59.0 3.3379421944391554 4
0000 0008 1710143975478 -29.25 -54.5 5.3627968344482015 4
0000 0011 1710143975478 65.0625 -61.0 1.521708941582556 4
0000 0014 1710143975478 22.75 -65.0 0.18407769454627693 4
0000 0005 1710143975479 -65.0625 -68.0 0.0 4
0000 0007 1710143975479 22.75 -62.5 1.8407769454627694 4
0000 0010 1710143975479 179.0 -67.0 0.1043106935762236 4
0000 0009 1710143975480 149.6875 -70.0 1.5953400194010667 4
0000 0006 1710143975480 58.5625 -63.5 4.595806440505381 4
0000 0000 1710143975480 -3.25 -59.5 0.01227184630308513 4
0000 0012 1710143975481 78.0625 -70.5 1.761009944492716 4
0000 0002 1710143975481 29.25 -65.5 2.791845033951867 4
0000 0007 1710143975695 9.75 -63.0 1.8100973297050567 4
0000 0011 1710143975696 -32.5 -60.5 1.576932249946439 4
0000 0004 1710143975696 29.25 -58.5 4.381049130201391 4
0000 0006 1710143975696 26.0 -63.5 4.6448938257177215 4
0000 0008 1710143975696 -29.25 -54.5 5.313709449235861 4
0000 0009 1710143975697 180.625 -70.0 1.3867186322486196 4
0000 0014 1710143975697 22.75 -65.5 0.14726215563702155 4
0000 0003 1710143975697 52.0625 -58.5 3.147728576741336 4
0000 0005 1710143975698 16.25 -68.5 5.994796919057086 4
0000 0012 1710143975698 9.75 -70.0 2.0800779483729293 4
0000 0000 1710143975698 -22.75 -59.5 0.006135923151542565 4
0000 0010 1710143975699 87.875 -67.0 0.16566992509164924 4
0000 0002 1710143975699 -22.75 -65.5 2.8409324191642074 4
0000 0004 1710143975699 -13.0 -58.0 4.417864669110647 4
0000 0005 1710143975699 52.0625 -68.0 5.921165841238575 4
0000 0000 1710143975700 -13.0 -59.5 6.2463697682703305 4
0000 0008 1710143975700 6.5 -54.5 5.258486140871978 4
0000 0003 1710143975700 -16.25 -58.5 3.2459033471660166 4
0000 0002 1710143975701 13.0 -65.5 2.730485802436441 4
0000 0006 1710143975701 -19.5 -63.5 4.73693267299086 4
0000 0007 1710143975701 -48.8125 -62.5 1.8346410223112268 4
0000 0014 1710143975702 -42.3125 -65.0 0.2270291566070749 4
0000 0010 1710143975702 -3.25 -67.0 0.22089323345553233 4
0000 0011 1710143975703 9.75 -60.5 1.5155730184310134 4
0000 0009 1710143975703 187.125 -70.0 1.5033011721279284 4
0000 0012 1710143975727 10.5625 -72.0 5.166447293598839 4
0000 0009 1710143975931 -107.375 -70.5 1.9696313316451632 4
0000 0004 1710143975931 29.25 -58.0 4.381049130201391 4
0000 0014 1710143975931 19.5 -65.5 0.12885438618239387 4
0000 0002 1710143975932 6.5 -66.0 2.816388726558037 4
0000 0008 1710143975932 -3.25 -54.5 5.258486140871978 4
0000 0005 1710143975932 -41.5 -68.5 5.964117303299373 4
0000 0011 1710143975932 29.25 -60.5 1.5033011721279284 4
0000 0007 1710143975933 -26.0 -62.5 1.8653206380689396 4
0000 0000 1710143975933 16.25 -59.0 6.2034183062095325 4
0000 0006 1710143975933 -29.25 -63.5 4.657165672020807 4
0000 0003 1710143975934 -13.0 -59.0 3.2213596545598464 4
0000 0010 1710143975934 -32.5 -66.5 0.25157284921324513 4
0000 0012 1710143975934 -17.875 -72.0 5.341321103417803 4
0000 0010 1710143975935 -42.3125 -66.5 0.2638446955163303 4
0000 0011 1710143975935 29.25 -60.5 1.4726215563702154 4
0000 0008 1710143975935 -16.25 -54.5 5.307573526084319 4
0000 0007 1710143975936 -52.0625 -62.5 1.8714565612204823 4
0000 0003 1710143975936 -29.25 -58.5 3.2704470397721868 4
0000 0004 1710143975936 6.5 -58.5 4.399456899656019 4
0000 0006 1710143975936 -6.5 -64.0 4.700117134081604 4
0000 0005 1710143975937 -79.75 -68.5 6.043884304269426 4
0000 0002 1710143975937 146.4375 -66.0 2.5586799541932495 4
0000 0000 1710143975937 -35.75 -59.5 0.03681553890925539 4
0000 0009 1710143975938 34.9375 -69.5 1.6444274046134073 4
0000 0014 1710143975938 0.0 -66.5 0.22089323345553233 4
0000 0012 1710143975977 -25.1875 -71.5 2.1567769877672114 4
0000 0003 1710143976166 -19.5 -59.0 3.2643111166206444 4
0000 0004 1710143976167 29.25 -58.5 4.331961744989051 4
0000 0014 1710143976167 -19.5 -64.5 0.21475731030398976 4
0000 0000 1710143976167 35.75 -59.5 6.2034183062095325 4
0000 0008 1710143976167 -13.0 -54.5 5.313709449235861 4
0000 0002 1710143976168 55.3125 -66.0 2.724349879284899 4
0000 0007 1710143976168 -35.75 -62.5 1.932815792735908 4
0000 0010 1710143976168 -19.5 -67.0 0.23316507975861744 4
0000 0009 1710143976169 -253.875 -71.0 2.055534255766759 4
0000 0006 1710143976170 45.5625 -63.5 4.657165672020807 4
0000 0011 1710143976170 19.5 -61.0 1.4726215563702154 4
0000 0005 1710143976170 -180.625 -68.0 0.03681553890925539 4
0000 0012 1710143976171 16.25 -72.0 5.307573526084319 4
0000 0004 1710143976171 32.5 -58.0 4.313553975534423 4
0000 0000 1710143976171 6.5 -59.5 0.018407769454627694 4
0000 0010 1710143976171 -22.75 -67.0 0.11658253987930872 4
0000 0005 1710143976172 130.1875 -69.0 5.982525072754001 4
0000 0003 1710143976172 9.75 -58.5 3.2827188860752723 4
0000 0006 1710143976172 78.0625 -63.5 4.589670517353839 4
0000 0014 1710143976173 -9.75 -66.0 0.17794177139473438 4
0000 0011 1710143976173 0.0 -60.5 1.5585244804918115 4
0000 0008 1710143976173 0.0 -54.5 5.338253141842031 4
0000 0007 1710143976173 13.0 -62.5 1.9389517158874505 4
0000 0002 1710143976174 22.75 -66.5 2.8777479580734626 4
0000 0009 1710143976174 -48.8125 -70.5 1.7426021750380885 4
0000 0012 1710143976227 24.375 -72.0 2.052466294190988 4
0000 0008 1710143976403 -6.5 -54.5 5.393476450205914 4
0000 0000 1710143976403 13.0 -59.5 0.030679615757712823 4
0000 0007 1710143976403 -3.25 -62.5 2.043262409463674 4
0000 0005 1710143976403 -65.875 -68.0 0.19634954084936207 4
0000 0009 1710143976404 -27.625 -71.0 2.098485717827557 4
0000 0014 1710143976404 48.8125 -65.5 0.16566992509164924 4
0000 0006 1710143976404 -68.3125 -63.5 4.779884135051658 4
0000 0011 1710143976405 3.25 -60.5 1.6198837120072371 4
0000 0010 1710143976405 -185.5 -67.0 0.4356505437595221 4
0000 0002 1710143976405 48.8125 -66.0 2.8532042654672924 4
0000 0004 1710143976406 -16.25 -58.0 4.417864669110647 4
0000 0003 1710143976406 -9.75 -58.5 3.3624858870453256 4
0000 0012 1710143976406 -4.875 -72.0 2.1813206803733816 4
0000 0008 1710143976406 -39.0 -54.5 5.442563835418255 4
0000 0002 1710143976407 48.8125 -66.0 2.8961557275280905 4
0000 0004 1710143976407 9.75 -58.5 4.387185053352934 4
0000 0003 1710143976407 3.25 -58.0 3.423845118560751 4
0000 0006 1710143976408 -35.75 -63.0 4.767612288748572 4
0000 0014 1710143976408 -55.3125 -65.5 0.25770877236478773 4
0000 0000 1710143976408 -9.75 -59.5 0.15339807878856412 4
0000 0007 1710143976408 -29.25 -62.0 2.030990563160589 4
0000 0011 1710143976409 19.5 -60.5 1.552388557340269 4
0000 0005 1710143976409 -81.375 -67.0 0.17794177139473438 4
0000 0010 1710143976409 65.0625 -67.0 0.15339807878856412 4
0000 0009 1710143976410 -17.0625 -71.0 1.705786636128833 4
0000 0012 1710143976477 29.25 -71.5 2.1782527187976104 4
0000 0003 1710143976632 -13.0 -57.5 3.6140587362585705 4
0000 0007 1710143976632 -32.5 -62.5 2.0064468705544187 4
0000 0006 1710143976632 6.5 -64.0 4.663301595172349 4
0000 0004 1710143976633 9.75 -58.5 4.4362724385652745 4
0000 0011 1710143976633 9.75 -60.5 1.4603497100671303 4
0000 0014 1710143976634 -6.5 -66.0 0.14726215563702155 4
0000 0005 1710143976634 -126.9375 -67.5 0.23930100291016002 4
0000 0000 1710143976634 0.0 -59.0 0.32520392703175593 4
0000 0008 1710143976634 -32.5 -54.0 5.485515297479052 4
0000 0010 1710143976635 -120.4375 -66.5 0.2638446955163303 4
0000 0002 1710143976635 19.5 -65.0 3.104777114680538 4
0000 0009 1710143976635 -69.125 -71.5 1.6444274046134073 4
0000 0012 1710143976636 17.0625 -71.5 5.356660911296659 4
0000 0000 1710143976636 42.3125 -59.0 0.5522330836388308 4
0000 0011 1710143976636 -6.5 -60.5 1.2087768608538851 4
0000 0014 1710143976637 35.75 -65.5 0.1595340019401067 4
0000 0008 1710143976637 -13.0 -52.0 5.651185222570702 4
0000 0003 1710143976637 -3.25 -58.0 3.9085830475326135 4
0000 0005 1710143976637 41.5 -66.0 0.2270291566070749 4
0000 0007 1710143976638 13.0 -62.5 1.7671458676442586 4
0000 0004 1710143976638 -19.5 -58.5 4.589670517353839 4
0000 0006 1710143976638 45.5625 -64.0 4.614214209960009 4
0000 0009 1710143976639 -117.9375 -70.5 1.7241944055834606 4
0000 0002 1710143976639 52.0625 -64.5 3.4606606574700063 4
0000 0010 1710143976640 -58.5625 -66.5 0.09203884727313846 4
0000 0012 1710143976640 39.0 -70.0 2.2089323345553233 4
0000 0004 1710143976864 -55.3125 -59.0 4.767612288748572 4
0000 0008 1710143976864 -16.25 -50.5 5.884350302329319 4
0000 0006 1710143976864 -35.75 -64.0 4.614214209960009 4
0000 0014 1710143976864 -78.0625 -65.5 0.2454369260617026 4
0000 0010 1710143976865 -26.0 -67.0 6.22182607566416 4
0000 0007 1710143976865 16.25 -62.5 1.7426021750380885 4
0000 0002 1710143976865 39.0 -65.0 3.8717675086233583 4
0000 0009 1710143976866 59.375 -68.5 1.3499030933393643 4
0000 0000 1710143976866 0.0 -59.5 1.0737865515199487 4
0000 0003 1710143976866 22.75 -57.0 4.252194744018997 4
0000 0012 1710143976866 -29.25 -71.0 2.2334760271614935 4
0000 0011 1710143976867 -29.25 -61.0 0.9142525495798421 4
0000 0005 1710143976867 6.5 -63.0 0.48473792897186263 4
0000 0004 1710143976867 16.25 -58.5 4.816699673960914 4
0000 0006 1710143976868 -6.5 -65.0 4.25833066717054 4
0000 0011 1710143976868 -16.25 -61.5 0.48473792897186263 4
0000 0010 1710143976868 3.25 -67.0 6.013204688511713 4
0000 0012 1710143976869 26.0 -71.0 2.098485717827557 4
0000 0008 1710143976869 9.75 -49.5 5.994796919057086 4
0000 0009 1710143976869 -73.1875 -66.5 0.8528933180644165 4
0000 0000 1710143976869 26.0 -59.5 1.6751070203711202 4
0000 0007 1710143976870 78.0625 -61.5 1.3928545554001621 4
0000 0003 1710143976870 -32.5 -56.5 4.994641445355648 4
0000 0002 1710143976870 61.8125 -66.5 4.503767593232243 4
0000 0005 1710143976871 -45.5625 -60.5 0.7731263170943632 4
0000 0014 1710143976871 -9.75 -65.0 0.25157284921324513 4
0000 0014 1710143976991 -84.625 -66.0 0.3313398501832985 4
0000 0003 1710143976992 -13.0 -57.5 5.7616318392984684 4
0000 0004 1710143976992 6.5 -58.5 5.0253210611133605 4
0000 0005 1710143976992 -6.5 -58.5 0.803805932852076 4
0000 0002 1710143976993 -22.75 -69.5 5.393476450205914 4
0000 0007 1710143976993 19.5 -59.5 1.0615147052168636 4
0000 0012 1710143976993 117.125 -69.5 1.6689710972195777 4
0000 0008 1710143976993 -6.5 -50.0 5.93343768754166 4
0000 0000 1710143976994 16.25 -61.0 2.325514874434632 4
0000 0011 1710143976994 13.0 -61.0 5.853670686571607 4
0000 0010 1710143976995 32.5 -68.0 5.534602682691394 4
0000 0009 1710143976995 -3.25 -66.5 6.043884304269426 4
0000 0006 1710143976995 -48.8125 -68.5 3.0127382674073995 4
0000 0001 1710143977232 9.125 -77.0 4.994641445355648 4
0000 0012 1710143977232 -29.25 -69.5 1.4971652489763858 4
0000 0006 1710143977232 81.375 -66.0 1.4787574795217582 4
0000 0004 1710143977233 48.8125 -59.5 5.21553467881118 4
0000 0011 1710143977233 -52.0625 -63.5 5.190990986205009 4
0000 0003 1710143977234 -26.0 -60.5 0.8099418560036186 4
0000 0002 1710143977234 65.0625 -67.0 6.092971689481767 4
0000 0005 1710143977234 -45.5625 -56.5 0.662679700366597 4
0000 0007 1710143977235 -6.5 -58.0 0.619728238305799 4
0000 0008 1710143977235 -6.5 -56.0 5.436427912266712 4
0000 0009 1710143977235 -208.3125 -66.5 5.6143696836614465 4
0000 0010 1710143977235 218.0625 -69.5 4.841243366567084 4
0000 0000 1710143977236 0.0 -63.0 2.405281875404685 4
0000 0014 1710143977236 -113.875 -66.5 0.1902136176978195 4
0000 0004 1710143977236 58.5625 -63.0 5.080544369477243 4
0000 0006 1710143977237 45.5625 -63.0 0.3313398501832985 4
0000 0005 1710143977237 -9.75 -55.0 0.25770877236478773 4
0000 0012 1710143977237 22.75 -69.5 1.030835089459151 4
0000 0008 1710143977238 -35.75 -58.5 2.3009711818284617 4
0000 0000 1710143977238 13.0 -62.5 1.7916895602504288 4
0000 0002 1710143977238 -3.25 -63.0 0.11044661672776616 4
0000 0014 1710143977238 -42.3125 -67.0 0.04295146206079795 4
0000 0003 1710143977239 22.75 -62.0 1.9266798695843652 4
0000 0007 1710143977239 -9.75 -58.5 6.166602767300278 4
0000 0011 1710143977240 58.5625 -70.0 3.3318062712876126 4
0000 0009 1710143977240 65.875 -72.5 4.080388895775806 4
0000 0008 1710143977456 -22.75 -53.0 0.6320000846088841 4
0000 0005 1710143977456 21.125 -59.5 6.264777537724958 4
0000 0003 1710143977457 9.75 -60.5 2.012582793705961 4
0000 0014 1710143977457 35.75 -67.0 0.01227184630308513 4
0000 0002 1710143977457 55.3125 -65.5 6.043884304269426 4
0000 0000 1710143977458 6.5 -63.0 1.282407938672396 4
0000 0004 1710143977458 -52.0625 -66.0 5.013049214810275 4
0000 0007 1710143977458 35.75 -67.0 5.473243451175968 4
0000 0006 1710143977459 3.25 -65.0 5.688000761479957 4
0000 0008 1710143977459 29.25 -65.5 0.3988350048502667 4
0000 0006 1710143977459 -74.8125 -71.5 2.6445828783148455 4
0000 0003 1710143977460 32.5 -57.5 1.7241944055834606 4
0000 0004 1710143977460 -13.0 -67.0 4.1601558967458585 4
0000 0014 1710143977460 81.375 -68.0 6.086835766330224 4
0000 0007 1710143977460 -91.125 -67.5 1.423534171157875 4
0000 0005 1710143977461 59.375 -68.5 3.718369429834794 4
0000 0002 1710143977690 -0.875 -75.5 1.043106935762236 4
0000 0001 1710143977690 -3.125 -77.0 5.8475347634200645 4
0000 0002 1710143977691 -100.875 -72.0 3.2520392703175593 4
0000 0008 1710143977691 -6.5 -60.0 6.092971689481767 4
0000 0007 1710143977691 -13.0 -61.5 0.23930100291016002 4
0000 0006 1710143977692 6.5 -62.0 6.270913460876501 4
0000 0005 1710143977692 29.25 -60.5 2.2948352586769194 4
0000 0014 1710143977692 -74.8125 -67.5 6.19728238305799 4
0000 0003 1710143977693 48.8125 -59.5 1.227184630308513 4
0000 0004 1710143977693 29.25 -66.5 3.1354567304382504 4
0000 0004 1710143977693 -52.0625 -70.0 2.5034566458293663 4
0000 0006 1710143977694 -19.5 -60.0 5.522330836388308 4
0000 0003 1710143977694 -3.25 -60.0 5.8659425328746915 4
0000 0002 1710143977694 32.5 -69.0 2.5770877236478773 4
0000 0005 1710143977695 30.875 -60.0 2.313243028131547 4
0000 0008 1710143977695 -16.25 -55.0 5.982525072754001 4
0000 0014 1710143977696 -87.875 -67.0 6.2034183062095325 4
0000 0007 1710143977696 -61.8125 -62.0 6.086835766330224 4
0000 0001 1710143977979 2.4375 -76.0 0.8283496254582462 4
0000 0001 1710143977980 71.5625 -72.5 3.0066023442558567 4
0000 0003 1710143977980 -9.75 -57.0 4.865787059173254 4
0000 0008 1710143977980 -22.75 -57.0 6.080699843178682 4
0000 0002 1710143977980 -78.0625 -72.0 2.466641106920111 4
0000 0014 1710143977981 -42.3125 -66.0 0.03681553890925539 4
0000 0005 1710143977981 -10.5625 -61.0 2.5954954931025047 4
0000 0006 1710143977981 13.0 -62.5 4.9823695990525625 4
0000 0007 1710143977982 -130.1875 -67.5 5.589825991055276 4
0000 0005 1710143977982 -29.25 -64.0 2.9206994201342606 4
0000 0014 1710143977982 -94.375 -66.5 0.25770877236478773 4
0000 0006 1710143977983 -32.5 -66.5 4.847379289718626 4
0000 0003 1710143977983 3.25 -56.0 4.479223900626073 4
0000 0008 1710143977983 -22.75 -60.5 0.1043106935762236 4
0000 0001 1710143977983 29.25 -73.5 2.2518837966161214 4
0000 0004 1710143977984 -3.0 -73.0 5.786175531904639 4
0000 0014 1710143978228 -35.75 -67.0 0.17794177139473438 4
0000 0004 1710143978228 -182.25 -70.0 5.976389149602458 4
0000 0003 1710143978228 -6.5 -56.0 4.368777283898306 4
0000 0006 1710143978229 107.375 -69.5 4.516039439535327 4
0000 0005 1710143978229 79.75 -66.5 3.172272269347506 4
0000 0008 1710143978229 22.75 -62.5 0.3620194659410113 4
0000 0003 1710143978229 6.5 -56.0 4.3933209765044765 4
0000 0008 1710143978230 -9.75 -63.5 0.5583690067903734 4
0000 0005 1710143978230 19.5 -68.0 3.2213596545598464 4
0000 0014 1710143978230 -123.6875 -67.0 0.25157284921324513 4
0000 0004 1710143978231 -22.75 -68.0 5.939573610693203 4
0000 0006 1710143978231 45.5625 -71.5 4.626486056263094 4
0000 0002 1710143978477 -6.4375 -76.0 5.485515297479052 4
0000 0004 1710143978477 -19.5 -68.5 6.000932842208628 4
0000 0005 1710143978477 84.625 -67.5 3.098641191528995 4
0000 0008 1710143978478 -61.8125 -63.5 0.7363107781851077 4
0000 0003 1710143978478 -13.0 -56.5 4.509903516383785 4
0000 0014 1710143978479 -55.3125 -67.0 0.03681553890925539 4
0000 0006 1710143978479 -30.875 -73.5 1.6904468282499765 4
0000 0002 1710143978479 -2.5625 -76.5 5.4671075280244255 4
0000 0005 1710143978480 0.0 -67.5 3.2213596545598464 4
0000 0003 1710143978480 -13.0 -56.5 4.516039439535327 4
0000 0008 1710143978480 -58.5625 -64.0 0.859029241215959 4
0000 0014 1710143978480 0.0 -66.5 6.264777537724958 4
0000 0004 1710143978481 -35.75 -68.5 6.074563920027139 4
0000 0006 1710143978481 -16.4375 -73.5 4.896466674930966 4
0000 0002 1710143978481 14.0 -76.0 5.344389064993574 4
0000 0003 1710143978727 -9.75 -56.0 4.491495746929157 4
0000 0008 1710143978728 19.5 -64.0 0.7301748550335652 4
0000 0004 1710143978728 -35.75 -69.5 6.17273869045182 4
0000 0014 1710143978729 -94.375 -67.0 0.1227184630308513 4
0000 0005 1710143978729 13.0 -67.5 3.141592653589793 4
0000 0006 1710143978729 -1.8125 -75.0 1.5707963267948966 4
0000 0002 1710143978729 -9.125 -75.5 5.595961914206819 4
0000 0003 1710143978730 13.0 -56.5 4.374913207049849 4
0000 0004 1710143978730 -42.3125 -69.0 6.1850105367549055 4
0000 0008 1710143978730 -48.8125 -64.5 0.8406214717613314 4
0000 0005 1710143978731 143.1875 -68.0 3.0925052683774528 4
0000 0014 1710143978731 0.0 -66.5 6.252505691421874 4
0000 0006 1710143978731 0.5625 -75.0 1.5401167110371838 4
0000 0002 1710143978732 6.0625 -75.5 5.608233760509904 4
0000 0003 1710143978949 -6.5 -56.5 4.338097668140593 4
0000 0008 1710143978949 -55.3125 -65.0 0.8651651643675016 4
0000 0005 1710143978949 -87.0625 -67.5 3.479068426924634 4
0000 0014 1710143978950 -97.625 -66.5 0.0674951546669682 4
0000 0004 1710143978950 -6.5 -69.5 6.068427996875596 4
0000 0002 1710143978950 6.0625 -75.5 5.5714182216006485 4
0000 0014 1710143978951 -29.25 -67.0 0.02454369260617026 4
0000 0008 1710143978951 -26.0 -65.0 0.859029241215959 4
0000 0005 1710143978951 128.5625 -68.5 3.1968159619536762 4
0000 0004 1710143978951 16.25 -69.0 5.988660995905543 4
0000 0003 1710143978952 6.5 -56.5 4.25833066717054 4
0000 0002 1710143978952 -9.125 -75.5 5.626641529964532 4
0000 0005 1710143978952 65.875 -67.5 3.429981041712294 4
0000 0008 1710143978953 -16.25 -64.5 0.8406214717613314 4
0000 0014 1710143978953 -78.0625 -66.5 0.1349903093339364 4
0000 0003 1710143978953 9.75 -56.5 4.246058820867455 4
0000 0004 1710143978954 -6.5 -69.5 6.092971689481767 4
0000 0002 1710143978976 3.0 -75.5 5.497787143782138 4
0000 0005 1710143979227 -19.5 -69.5 3.399301425954581 4
0000 0002 1710143979227 -45.5625 -73.0 1.8285050991596843 4
0000 0003 1710143979228 -9.75 -56.5 4.276738436625168 4
0000 0008 1710143979228 39.0 -64.0 0.7424467013366504 4
0000 0014 1710143979228 26.0 -66.0 6.2034183062095325 4
0000 0004 1710143979229 -45.5625 -68.5 5.945709533844745 4
0000 0008 1710143979229 32.5 -64.5 0.7792622402459057 4
0000 0003 1710143979229 -9.75 -56.5 4.301282129231338 4
0000 0005 1710143979230 -29.25 -68.5 3.466796580621549 4
0000 0014 1710143979230 61.8125 -65.5 6.135923151542564 4
0000 0004 1710143979230 32.5 -69.0 5.859806609723149 4
0000 0002 1710143979230 -123.6875 -71.5 2.012582793705961 4
0000 0005 1710143979477 78.0625 -69.5 3.479068426924634 4
0000 0004 1710143979477 45.5625 -68.0 5.915029918087033 4
0000 0008 1710143979478 -3.25 -64.5 0.7792622402459057 4
0000 0003 1710143979478 -32.5 -56.5 4.344233591292136 4
0000 0014 1710143979478 -3.25 -66.5 6.209554229361076 4
0000 0002 1710143979479 81.375 -73.5 1.736466251886546 4
0000 0014 1710143979479 -19.5 -66.5 6.258641614573416 4
0000 0004 1710143979479 -136.6875 -67.5 6.191146459906448 4
0000 0003 1710143979480 -29.25 -56.5 4.362641360746763 4
0000 0002 1710143979480 156.1875 -72.0 1.6751070203711202 4
0000 0008 1710143979481 45.5625 -65.0 0.8099418560036186 4
0000 0005 1710143979481 35.75 -68.5 3.448388811166921 4
0000 0008 1710143979713 13.0 -65.5 0.8283496254582462 4
0000 0002 1710143979714 299.4375 -72.0 1.4787574795217582 4
0000 0014 1710143979714 16.25 -66.5 6.166602767300278 4
0000 0003 1710143979714 -13.0 -56.5 4.313553975534423 4
0000 0004 1710143979714 9.75 -67.0 5.957981380147831 4
0000 0005 1710143979715 0.0 -68.0 3.6201946594101133 4
0000 0008 1710143979715 58.5625 -65.0 0.8283496254582462 4
0000 0003 1710143979715 -9.75 -57.0 4.344233591292136 4
0000 0005 1710143979716 187.125 -68.5 3.4177091954092087 4
0000 0014 1710143979716 -9.75 -66.0 6.1850105367549055 4
0000 0004 1710143979716 -78.0625 -68.0 6.080699843178682 4
0000 0002 1710143979716 3.25 -72.5 1.9757672547967058 4
0000 0008 1710143979717 120.4375 -65.0 0.6442719309119693 4
0000 0014 1710143979717 42.3125 -66.0 6.135923151542564 4
0000 0005 1710143979718 -194.4375 -69.0 3.847223816017188 4
0000 0002 1710143979718 -45.5625 -73.0 2.0064468705544187 4
0000 0003 1710143979718 -19.5 -56.5 4.3503695144436785 4
0000 0004 1710143979719 -117.125 -67.5 6.240233845118788 4
0000 0005 1710143979977 128.5625 -69.0 3.454524734318464 4
0000 0004 1710143979978 -35.75 -68.0 6.013204688511713 4
0000 0003 1710143979978 -13.0 -56.5 4.319689898685965 4
0000 0008 1710143979978 22.75 -64.5 0.8651651643675016 4
0000 0002 1710143979979 130.1875 -72.0 1.6014759425526093 4
0000 0014 1710143979979 0.0 -66.5 6.2463697682703305 4
0000 0008 1710143979979 22.75 -65.5 0.8713010875190442 4
0000 0004 1710143979979 -74.8125 -68.0 5.994796919057086 4
0000 0014 1710143979980 35.75 -66.0 6.092971689481767 4
0000 0003 1710143979980 26.0 -56.5 4.246058820867455 4
0000 0002 1710143979980 -182.25 -72.5 1.9634954084936207 4
0000 0005 1710143979981 32.5 -70.5 3.8410878928656453 4
0000 0014 1710143980227 6.5 -65.5 6.14819499784565 4
0000 0003 1710143980227 0.0 -56.5 4.239922897715912 4
0000 0005 1710143980227 35.75 -69.0 3.847223816017188 4
0000 0008 1710143980227 -29.25 -65.5 0.9510680884890975 4
0000 0004 1710143980228 -3.25 -67.5 5.841398840268521 4
0000 0002 1710143980228 61.8125 -72.5 1.7916895602504288 4
0000 0002 1710143980228 -179.0 -71.5 2.061670178918302 4
0000 0003 1710143980229 -6.5 -57.0 4.264466590322082 4
0000 0014 1710143980229 0.0 -65.5 6.264777537724958 4
0000 0008 1710143980229 35.75 -66.0 0.9265243958829272 4
0000 0004 1710143980229 -19.5 -67.0 5.878214379177777 4
0000 0005 1710143980230 3.25 -69.0 3.859495662320273 4
