0000 0003 1710143601337 -42.3125 -57.0 4.270602513473625 4
0000 0009 1710143601346 83.0 -66.5 2.0371264863121317 4
0000 0006 1710143601346 -9.75 -63.5 5.368932757599744 4
0000 0005 1710143601347 -32.5 -58.5 0.380427235395639 4
0000 0002 1710143601347 -16.25 -64.0 3.6692820446224537 4
0000 0008 1710143601348 -13.0 -52.0 5.798447378207723 4
0000 0007 1710143601348 -26.0 -60.5 3.0066023442558567 4
0000 0010 1710143601349 13.0 -67.0 4.049709280018092 4
0000 0000 1710143601349 16.25 -59.0 0.3620194659410113 4
0000 0012 1710143601350 -58.5625 -67.5 5.4671075280244255 4
0000 0013 1710143601350 -87.875 -71.5 4.804427827657828 4
0000 0004 1710143601351 -22.75 -56.5 4.847379289718626 4
0000 0014 1710143601351 3.25 -62.5 0.006135923151542565 4
0000 0011 1710143601352 -81.375 -62.5 2.282563412373834 4
0000 0015 1710143601352 52.0625 -66.5 2.116893487282185 4
0000 0004 1710143601353 -19.5 -56.5 4.841243366567084 4
0000 0008 1710143601353 -13.0 -52.0 5.816855147662351 4
0000 0014 1710143601354 -32.5 -63.0 0.1349903093339364 4
0000 0000 1710143601354 42.3125 -59.0 0.3313398501832985 4
0000 0006 1710143601355 -6.5 -63.0 5.399612373357457 4
0000 0003 1710143601355 6.5 -57.5 4.227651051412827 4
0000 0002 1710143601356 -71.5625 -65.0 3.773592738198677 4
0000 0010 1710143601357 -87.875 -67.0 4.190835512503572 4
0000 0005 1710143601360 26.0 -58.5 0.3374757733348411 4
0000 0009 1710143601361 93.5625 -66.5 1.9512235621905356 4
0000 0012 1710143601362 -149.6875 -67.5 5.620505606812989 4
0000 0007 1710143601363 39.0 -60.5 2.9084275738311756 4
0000 0015 1710143601364 6.5 -66.5 2.0923497946760143 4
0000 0011 1710143601365 78.0625 -62.5 2.055534255766759 4
0000 0013 1710143601366 65.0625 -70.5 4.7307967498393175 4
0000 0010 1710143601540 94.375 -67.0 3.9699422790480394 4
0000 0008 1710143601542 6.5 -52.0 5.773903685601553 4
0000 0015 1710143601543 9.75 -66.5 2.12916533358527 4
0000 0002 1710143601545 -26.0 -65.0 3.706097583531709 4
0000 0000 1710143601546 32.5 -59.0 0.3436116964863836 4
0000 0003 1710143601547 -22.75 -57.0 4.289010282928253 4
0000 0007 1710143601548 16.25 -60.5 2.9145634969827183 4
0000 0005 1710143601549 3.25 -58.5 0.3620194659410113 4
0000 0009 1710143601550 135.0625 -67.0 2.073942025221387 4
0000 0011 1710143601552 -26.0 -63.5 2.2212041808584084 4
0000 0004 1710143601553 -9.75 -56.5 4.841243366567084 4
0000 0006 1710143601554 -81.375 -63.0 5.534602682691394 4
0000 0014 1710143601554 -65.0625 -63.0 0.12885438618239387 4
0000 0013 1710143601556 3.25 -71.0 4.6878452877785195 4
0000 0012 1710143601556 -13.0 -68.0 5.405748296509 4
0000 0013 1710143601557 -149.6875 -71.0 4.902602598082509 4
0000 0005 1710143601558 -19.5 -58.5 0.3865631585471816 4
0000 0007 1710143601559 45.5625 -60.5 2.8838838812250054 4
0000 0011 1710143601560 71.5625 -63.0 2.073942025221387 4
0000 0015 1710143601561 26.0 -66.0 2.110757564130642 4
0000 0003 1710143601562 9.75 -57.5 4.227651051412827 4
0000 0004 1710143601563 0.0 -56.5 4.828971520263998 4
0000 0014 1710143601564 3.25 -63.0 0.030679615757712823 4
0000 0006 1710143601564 -65.0625 -63.0 5.540738605842936 4
0000 0000 1710143601567 0.0 -59.0 0.4049709280018093 4
0000 0008 1710143601568 -9.75 -52.0 5.780039608753096 4
0000 0010 1710143601569 -13.0 -67.0 4.037437433715008 4
0000 0002 1710143601569 19.5 -64.5 3.5833791205008576 4
0000 0012 1710143601570 -42.3125 -67.5 5.595961914206819 4
0000 0009 1710143601571 21.125 -66.5 2.1659808724945253 4
0000 0008 1710143601665 3.25 -52.0 5.780039608753096 4
0000 0004 1710143601665 -3.25 -56.5 4.822835597112456 4
0000 0011 1710143601666 32.5 -63.0 2.0800779483729293 4
0000 0010 1710143601667 -19.5 -66.5 4.025165587411922 4
0000 0003 1710143601668 9.75 -57.0 4.23378697456437 4
0000 0005 1710143601669 -3.25 -59.0 0.34974761963792617 4
0000 0007 1710143601670 -26.0 -60.5 2.9206994201342606 4
0000 0002 1710143601671 32.5 -65.0 3.6386024288647407 4
0000 0014 1710143601672 6.5 -62.5 0.07363107781851078 4
0000 0000 1710143601672 -6.5 -59.5 0.4172427743048944 4
0000 0009 1710143601673 -45.5625 -66.5 2.184388641949153 4
0000 0015 1710143601674 9.75 -66.5 2.2089323345553233 4
0000 0006 1710143601675 -35.75 -63.0 5.442563835418255 4
0000 0012 1710143601676 55.3125 -68.0 5.313709449235861 4
0000 0013 1710143601677 -107.375 -70.5 4.908738521234052 4
0000 0010 1710143601888 6.5 -67.5 4.025165587411922 4
0000 0015 1710143601889 -32.5 -66.0 2.2212041808584084 4
0000 0014 1710143601890 -6.5 -63.0 0.11044661672776616 4
0000 0000 1710143601890 -9.75 -59.0 0.5645049299419159 4
0000 0004 1710143601891 3.25 -56.5 4.841243366567084 4
0000 0005 1710143601892 -16.25 -58.0 0.3865631585471816 4
0000 0008 1710143601893 -16.25 -52.0 5.8475347634200645 4
0000 0003 1710143601894 3.25 -57.5 4.362641360746763 4
0000 0002 1710143601895 -39.0 -65.0 3.859495662320273 4
0000 0007 1710143601895 26.0 -60.5 2.8102528034064944 4
0000 0009 1710143601896 24.375 -66.5 1.8530487917658545 4
0000 0006 1710143601897 3.25 -62.5 5.2768939103266055 4
0000 0012 1710143601898 110.625 -68.0 5.258486140871978 4
0000 0011 1710143601899 16.25 -63.0 2.073942025221387 4
0000 0013 1710143601900 -26.0 -71.0 4.755340442445488 4
0000 0014 1710143601900 16.25 -62.5 0.04295146206079795 4
0000 0006 1710143601901 55.3125 -63.0 5.086680292628786 4
0000 0005 1710143601902 -29.25 -57.5 0.36815538909255385 4
0000 0010 1710143601903 -22.75 -66.5 3.80427235395639 4
0000 0007 1710143601904 29.25 -61.0 2.5586799541932495 4
0000 0008 1710143601904 -3.25 -51.0 5.841398840268521 4
0000 0000 1710143601905 3.25 -59.0 0.9203884727313847 4
0000 0012 1710143601906 -146.4375 -67.5 5.6143696836614465 4
0000 0004 1710143601907 6.5 -56.0 4.804427827657828 4
0000 0015 1710143601908 68.3125 -67.0 2.030990563160589 4
0000 0003 1710143601909 26.0 -57.5 4.608078286808466 4
0000 0013 1710143601910 16.25 -71.0 4.571262747899211 4
0000 0011 1710143601911 55.3125 -63.0 1.9512235621905356 4
0000 0002 1710143601912 16.25 -64.5 4.147884050442774 4
0000 0000 1710143602157 -26.0 -59.5 1.4664856332186729 4
0000 0011 1710143602157 32.5 -63.5 1.8100973297050567 4
0000 0003 1710143602158 35.75 -56.5 5.056000676871073 4
0000 0008 1710143602159 -16.25 -50.5 5.884350302329319 4
0000 0012 1710143602160 -26.0 -67.5 5.338253141842031 4
0000 0014 1710143602160 71.5625 -63.0 6.240233845118788 4
0000 0009 1710143602161 -7.3125 -63.0 1.2517283229146832 4
0000 0010 1710143602162 42.3125 -67.5 3.442252888015379 4
0000 0002 1710143602163 61.8125 -65.0 4.608078286808466 4
0000 0005 1710143602163 -16.25 -57.5 0.3313398501832985 4
0000 0004 1710143602164 16.25 -56.0 4.884194828627882 4
0000 0013 1710143602165 94.375 -71.0 4.552854978444583 4
0000 0007 1710143602166 -68.3125 -61.0 2.2948352586769194 4
0000 0006 1710143602166 -42.3125 -63.0 4.871922982324796 4
0000 0015 1710143602167 -3.25 -66.0 2.1230294104337273 4
0000 0001 1710143602168 2.25 -77.5 0.7976700097005334 4
0000 0005 1710143602306 -6.5 -56.0 0.4479223900626072 4
0000 0009 1710143602307 -24.375 -61.5 0.12885438618239387 4
0000 0014 1710143602308 -45.5625 -63.0 0.22089323345553233 4
0000 0003 1710143602308 6.5 -57.5 0.12885438618239387 4
0000 0011 1710143602309 48.8125 -64.0 1.012427320004523 4
0000 0006 1710143602310 91.125 -66.5 3.8533597391687304 4
0000 0002 1710143602311 -74.8125 -67.0 6.240233845118788 4
0000 0004 1710143602312 26.0 -56.5 5.209398755659637 4
0000 0000 1710143602312 35.75 -60.5 2.5464081078901644 4
0000 0008 1710143602313 -22.75 -52.5 5.626641529964532 4
0000 0012 1710143602314 -68.3125 -65.5 4.816699673960914 4
0000 0007 1710143602315 35.75 -60.5 1.4603497100671303 4
0000 0010 1710143602315 -130.1875 -67.0 2.8286605728611223 4
0000 0015 1710143602316 -16.25 -66.5 2.098485717827557 4
0000 0001 1710143602317 -1.8125 -77.0 4.485359823777615 4
0000 0015 1710143602317 29.25 -67.0 1.8223691760081417 4
0000 0002 1710143602318 -32.5 -65.0 0.9387962421860124 4
0000 0006 1710143602319 -19.5 -67.0 2.386874105950058 4
0000 0005 1710143602319 0.0 -55.5 0.30066023442558565 4
0000 0000 1710143602320 0.0 -61.5 2.9268353432858034 4
0000 0004 1710143602321 3.25 -58.5 5.638913376267617 4
0000 0009 1710143602322 59.375 -63.0 5.246214294568893 4
0000 0007 1710143602322 -16.25 -58.5 1.0615147052168636 4
0000 0012 1710143602323 22.75 -62.5 4.454680208019902 4
0000 0011 1710143602324 13.0 -65.5 0.16566992509164924 4
0000 0010 1710143602325 29.25 -68.0 2.141437179888355 4
0000 0014 1710143602326 22.75 -64.5 0.04908738521234052 4
0000 0008 1710143602326 -22.75 -58.5 5.080544369477243 4
0000 0003 1710143602327 29.25 -60.5 1.282407938672396 4
0000 0008 1710143602529 -45.5625 -62.0 2.736621725587984 4
0000 0011 1710143602529 -26.0 -68.0 5.681864838328415 4
0000 0014 1710143602530 -6.5 -64.0 0.018407769454627694 4
0000 0005 1710143602532 -26.0 -54.0 0.2454369260617026 4
0000 0003 1710143602532 -65.0625 -62.5 1.8775924843720249 4
0000 0007 1710143602533 16.25 -58.5 0.6258641614573416 4
0000 0015 1710143602534 16.25 -65.5 1.8100973297050567 4
0000 0012 1710143602534 32.5 -62.0 4.319689898685965 4
0000 0000 1710143602535 -13.0 -62.0 2.454369260617026 4
0000 0002 1710143602536 13.0 -60.0 1.0369710126106935 4
0000 0004 1710143602536 -22.75 -61.5 5.688000761479957 4
0000 0006 1710143602537 58.5625 -64.0 0.8528933180644165 4
0000 0010 1710143602538 -19.5 -71.0 1.7794177139473437 4
0000 0009 1710143602538 10.5625 -72.0 4.178563666200486 4
0000 0006 1710143602539 22.75 -63.0 0.2454369260617026 4
0000 0004 1710143602540 26.0 -64.0 5.197126909356553 4
0000 0002 1710143602541 -3.25 -58.0 1.3130875544301088 4
0000 0012 1710143602542 6.5 -62.0 4.319689898685965 4
0000 0005 1710143602542 -35.75 -57.0 0.2086213871524472 4
0000 0007 1710143602543 -42.3125 -62.0 0.2270291566070749 4
0000 0003 1710143602544 9.75 -63.5 1.846912868614312 4
0000 0000 1710143602544 0.0 -59.5 1.902136176978195 4
0000 0008 1710143602545 -16.25 -54.0 0.9510680884890975 4
0000 0014 1710143602546 -48.8125 -64.0 0.14112623248547898 4
0000 0015 1710143602546 -3.25 -67.5 1.6566992509164924 4
0000 0006 1710143602669 -74.8125 -67.5 5.822991070813893 4
0000 0015 1710143602670 35.75 -66.5 1.4848934026733007 4
0000 0005 1710143602671 -9.75 -67.5 5.939573610693203 4
0000 0003 1710143602672 -52.0625 -61.0 1.748738098189631 4
0000 0012 1710143602673 -21.125 -64.5 3.9085830475326135 4
0000 0002 1710143602674 3.25 -60.0 1.380582709097077 4
0000 0000 1710143602675 -52.0625 -61.5 1.5830681730979816 4
0000 0004 1710143602676 -42.3125 -65.0 4.73693267299086 4
0000 0008 1710143602677 3.25 -55.0 0.5890486225480862 4
0000 0014 1710143602677 -35.75 -66.0 0.09203884727313846 4
0000 0007 1710143602865 -2.5625 -73.0 1.239456476611598 4
0000 0012 1710143602866 -110.625 -66.5 3.522019888985432 4
0000 0000 1710143602866 156.1875 -69.5 0.5951845456996288 4
0000 0008 1710143602867 -100.875 -65.5 0.662679700366597 4
0000 0004 1710143602868 48.8125 -65.0 3.988350048502667 4
0000 0002 1710143602868 -9.75 -62.0 0.705631162427395 4
0000 0003 1710143602869 -9.75 -58.5 1.4664856332186729 4
0000 0007 1710143602871 19.5 -69.0 0.8835729338221293 4
0000 0014 1710143602871 16.25 -66.0 6.129787228391022 4
0000 0015 1710143602872 -42.3125 -67.0 1.7671458676442586 4
0000 0005 1710143602873 3.25 -70.5 5.230874486690037 4
0000 0006 1710143602873 13.375 -73.5 2.061670178918302 4
0000 0012 1710143602874 169.25 -68.0 2.804116880254952 4
0000 0014 1710143602875 42.3125 -66.5 6.12365130523948 4
0000 0004 1710143602875 -16.25 -63.0 3.6140587362585705 4
0000 0015 1710143602876 -32.5 -66.5 1.8162332528565992 4
0000 0002 1710143602876 3.25 -61.0 5.755495916146925 4
0000 0003 1710143602877 -3.25 -57.5 1.3069516312785663 4
0000 0005 1710143602878 -32.5 -63.0 1.7794177139473437 4
0000 0006 1710143602878 -58.5625 -65.5 1.2210487071569704 4
0000 0007 1710143602879 -19.5 -63.0 0.2761165418194154 4
0000 0008 1710143603110 1.9375 -69.0 6.160466844148735 4
0000 0007 1710143603111 -3.25 -61.0 0.14112623248547898 4
0000 0006 1710143603112 0.0 -61.5 0.8528933180644165 4
0000 0003 1710143603113 -3.25 -58.0 1.1106020904292042 4
0000 0015 1710143603114 58.5625 -67.5 1.8714565612204823 4
0000 0004 1710143603114 29.25 -61.5 3.2336315008629315 4
0000 0014 1710143603116 3.25 -66.5 6.270913460876501 4
0000 0002 1710143603116 -35.75 -59.5 5.2339424482658075 4
0000 0005 1710143603117 -55.3125 -61.0 1.8285050991596843 4
0000 0008 1710143603118 -91.125 -66.0 6.209554229361076 4
0000 0012 1710143603118 2.4375 -74.5 3.8410878928656453 4
0000 0015 1710143603119 179.0 -67.0 1.6935147898257479 4
0000 0003 1710143603119 -42.3125 -59.0 0.944932165337555 4
0000 0004 1710143603120 19.5 -61.5 3.1231848841351653 4
0000 0002 1710143603121 9.75 -59.5 5.154175447295755 4
0000 0014 1710143603122 26.0 -65.5 6.22182607566416 4
0000 0006 1710143603122 -22.75 -59.5 0.8344855486097889 4
0000 0008 1710143603123 35.75 -62.0 6.086835766330224 4
0000 0007 1710143603124 -26.0 -60.0 0.30066023442558565 4
0000 0005 1710143603125 0.0 -60.5 2.061670178918302 4
0000 0012 1710143603126 244.125 -74.0 0.22089323345553233 4
0000 0008 1710143603327 9.75 -60.5 6.117515382087937 4
0000 0003 1710143603328 13.0 -60.0 0.7179030087304801 4
0000 0006 1710143603328 0.0 -59.5 0.6933593161243098 4
0000 0014 1710143603329 -107.375 -65.0 0.15339807878856412 4
0000 0004 1710143603330 29.25 -61.5 2.9697868053466014 4
0000 0015 1710143603330 -68.3125 -67.0 2.116893487282185 4
0000 0002 1710143603331 -3.25 -60.5 4.988505522204105 4
0000 0005 1710143603332 3.25 -60.5 2.1905245651006955 4
0000 0007 1710143603332 6.5 -59.5 0.34974761963792617 4
0000 0012 1710143603333 24.375 -74.5 5.973321188026687 4
0000 0008 1710143603334 3.25 -59.5 6.111379458936394 4
0000 0006 1710143603334 45.5625 -59.0 0.5522330836388308 4
0000 0003 1710143603335 -9.75 -60.5 0.6442719309119693 4
0000 0014 1710143603336 13.0 -64.5 6.2463697682703305 4
0000 0005 1710143603336 -42.3125 -60.5 2.3623304133438876 4
0000 0004 1710143603337 -48.8125 -62.0 3.055689729468197 4
0000 0002 1710143603337 -35.75 -61.5 4.902602598082509 4
0000 0007 1710143603338 32.5 -60.0 0.3988350048502667 4
0000 0012 1710143603339 -403.625 -75.0 5.859806609723149 4
0000 0015 1710143603339 6.5 -69.0 2.282563412373834 4
0000 0006 1710143603578 16.25 -59.0 0.5399612373357456 4
0000 0008 1710143603578 -19.5 -59.0 6.234097921967246 4
0000 0002 1710143603579 -19.5 -62.5 4.914874444385594 4
0000 0007 1710143603580 -19.5 -60.5 0.5338253141842031 4
0000 0014 1710143603580 -16.25 -64.0 0.07976700097005335 4
0000 0004 1710143603581 9.75 -62.5 2.9268353432858034 4
0000 0003 1710143603582 -22.75 -59.5 0.5645049299419159 4
0000 0005 1710143603582 29.25 -60.0 2.4175537217077703 4
0000 0012 1710143603583 -65.0625 -74.5 5.203262832508095 4
0000 0001 1710143603584 3.0 -78.5 4.147884050442774 4
0000 0014 1710143603584 -13.0 -63.5 0.14112623248547898 4
0000 0002 1710143603585 -55.3125 -63.5 5.123495831538041 4
0000 0008 1710143603586 -19.5 -58.5 0.01227184630308513 4
0000 0006 1710143603587 35.75 -59.0 0.3988350048502667 4
0000 0005 1710143603604 -9.75 -60.5 2.60776733940559 4
0000 0007 1710143603605 6.5 -60.5 0.5154175447295755 4
0000 0003 1710143603605 -6.5 -58.5 0.48473792897186263 4
0000 0004 1710143603606 -3.25 -63.0 2.8777479580734626 4
0000 0012 1710143603662 -19.5 -76.5 5.092816215780329 4
0000 0001 1710143603663 -14.0 -77.5 4.04357335686655 4
0000 0007 1710143603836 13.0 -61.5 0.5829126993965437 4
0000 0006 1710143603836 52.0625 -59.0 0.3865631585471816 4
0000 0008 1710143603837 -16.25 -58.5 0.04908738521234052 4
0000 0004 1710143603837 3.25 -63.0 2.791845033951867 4
0000 0003 1710143603838 13.0 -58.0 0.46019423636569234 4
0000 0005 1710143603839 -29.25 -61.0 2.705942109830271 4
0000 0014 1710143603839 26.0 -63.5 0.1043106935762236 4
0000 0002 1710143603840 9.75 -64.0 5.019185137961818 4
0000 0001 1710143603840 0.0 -76.5 0.7731263170943632 4
0000 0012 1710143603841 -12.9375 -77.0 4.798291904506286 4
0000 0003 1710143603841 16.25 -58.0 0.4540583132141498 4
0000 0014 1710143603842 19.5 -63.5 0.1595340019401067 4
0000 0002 1710143603842 -58.5625 -64.0 5.178719139901925 4
0000 0005 1710143603843 35.75 -61.5 2.6445828783148455 4
0000 0004 1710143603843 -3.25 -63.0 2.773437264497239 4
0000 0007 1710143603844 -3.25 -61.5 0.6994952392758523 4
0000 0008 1710143603844 -32.5 -58.5 0.06135923151542565 4
0000 0006 1710143603845 -9.75 -59.5 0.4479223900626072 4
0000 0012 1710143603912 -3.1875 -77.0 4.95168998329485 4
0000 0001 1710143603912 18.875 -76.0 0.5951845456996288 4
0000 0005 1710143604076 29.25 -61.0 2.60776733940559 4
0000 0002 1710143604076 65.0625 -64.5 4.914874444385594 4
0000 0007 1710143604077 16.25 -62.0 0.662679700366597 4
0000 0008 1710143604077 -55.3125 -59.0 0.09817477042468103 4
0000 0004 1710143604078 -22.75 -63.0 2.767301341345697 4
0000 0006 1710143604078 22.75 -59.5 0.4172427743048944 4
0000 0014 1710143604079 -29.25 -63.5 0.25157284921324513 4
0000 0003 1710143604080 26.0 -58.5 0.4172427743048944 4
0000 0001 1710143604080 13.375 -76.0 3.810408277107933 4
0000 0012 1710143604081 -2.4375 -77.5 4.914874444385594 4
0000 0004 1710143604081 -29.25 -63.0 2.761165418194154 4
0000 0003 1710143604082 6.5 -58.0 0.34974761963792617 4
0000 0002 1710143604083 -32.5 -64.5 5.049864753719531 4
0000 0006 1710143604083 -19.5 -59.5 0.4111068511533518 4
0000 0014 1710143604084 16.25 -63.5 0.20248546400090464 4
0000 0007 1710143604084 -26.0 -61.5 0.6994952392758523 4
0000 0008 1710143604085 -22.75 -58.5 0.006135923151542565 4
0000 0005 1710143604086 -29.25 -61.0 2.724349879284899 4
0000 0001 1710143604086 328.75 -74.0 3.2581751934691017 4
0000 0012 1710143604162 -14.0 -77.5 4.988505522204105 4
0000 0008 1710143604323 -9.75 -58.5 6.234097921967246 4
0000 0005 1710143604324 3.25 -61.0 2.718213956133356 4
0000 0006 1710143604324 13.0 -59.5 0.3865631585471816 4
0000 0002 1710143604325 6.5 -64.5 4.865787059173254 4
0000 0003 1710143604325 19.5 -58.0 0.25157284921324513 4
0000 0007 1710143604326 48.8125 -62.0 0.5767767762450011 4
0000 0014 1710143604326 -35.75 -63.0 0.2086213871524472 4
0000 0004 1710143604327 29.25 -63.0 2.564815877344792 4
0000 0012 1710143604327 -1.8125 -77.5 4.859651136021712 4
0000 0001 1710143604328 0.5625 -76.5 0.5890486225480862 4
0000 0005 1710143604328 61.8125 -61.0 2.552544031041707 4
0000 0004 1710143604329 26.0 -63.0 2.5954954931025047 4
0000 0007 1710143604330 39.0 -61.0 0.5583690067903734 4
0000 0008 1710143604331 -16.25 -58.5 6.19728238305799 4
0000 0003 1710143604331 -35.75 -58.0 0.2699806186678728 4
0000 0002 1710143604332 -6.5 -64.0 4.798291904506286 4
0000 0006 1710143604332 -19.5 -59.0 0.4049709280018093 4
0000 0014 1710143604333 26.0 -63.5 0.11044661672776616 4
0000 0012 1710143604411 0.0 -78.0 4.773748211900116 4
0000 0001 1710143604411 18.875 -77.0 0.5154175447295755 4
0000 0007 1710143604560 -35.75 -61.0 0.607456392002714 4
0000 0004 1710143604560 -74.8125 -63.5 2.6568547246179306 4
0000 0006 1710143604561 -19.5 -59.5 0.4295146206079795 4
0000 0014 1710143604561 -6.5 -64.0 0.1595340019401067 4
0000 0005 1710143604562 6.5 -61.0 2.6445828783148455 4
0000 0002 1710143604562 -29.25 -64.0 4.871922982324796 4
0000 0008 1710143604563 6.5 -58.5 6.14819499784565 4
0000 0003 1710143604563 -9.75 -58.5 0.17794177139473438 4
0000 0012 1710143604564 -1.1875 -78.0 4.71238898038469 4
0000 0001 1710143604564 7.875 -76.5 0.5767767762450011 4
0000 0004 1710143604565 32.5 -63.5 2.5157284921324514 4
0000 0003 1710143604565 16.25 -58.5 0.09817477042468103 4
0000 0008 1710143604566 0.0 -58.5 6.1420590746941075 4
0000 0006 1710143604567 -13.0 -59.0 0.380427235395639 4
0000 0014 1710143604567 -61.8125 -63.5 0.11044661672776616 4
0000 0007 1710143604568 -13.0 -61.0 0.5706408530934585 4
0000 0005 1710143604569 55.3125 -61.0 2.5709518004963345 4
0000 0002 1710143604569 52.0625 -65.0 4.767612288748572 4
0000 0012 1710143604673 4.875 -77.0 4.76147636559703 4
0000 0001 1710143604673 -2.4375 -76.0 3.8410878928656453 4
0000 0006 1710143604805 16.25 -59.5 0.3865631585471816 4
0000 0014 1710143604805 -71.5625 -63.5 0.22089323345553233 4
0000 0007 1710143604806 39.0 -61.0 0.5154175447295755 4
0000 0008 1710143604806 -6.5 -58.5 6.135923151542564 4
0000 0005 1710143604806 22.75 -61.0 2.5893595699509624 4
0000 0003 1710143604807 -22.75 -58.5 0.12885438618239387 4
0000 0004 1710143604808 19.5 -63.5 2.5157284921324514 4
0000 0002 1710143604808 -97.625 -64.5 4.9823695990525625 4
0000 0001 1710143604809 -17.0625 -76.5 0.6810874698212247 4
0000 0012 1710143604809 5.4375 -78.0 4.95168998329485 4
0000 0003 1710143604810 22.75 -58.5 0.09817477042468103 4
0000 0002 1710143604811 -9.75 -64.5 4.822835597112456 4
0000 0005 1710143604813 9.75 -61.0 2.6568547246179306 4
0000 0007 1710143604813 -26.0 -61.5 0.5706408530934585 4
0000 0006 1710143604814 13.0 -59.0 0.36815538909255385 4
0000 0004 1710143604815 -3.25 -64.0 2.5280003384355365 4
0000 0008 1710143604815 -13.0 -58.5 6.17273869045182 4
0000 0014 1710143604816 -13.0 -64.0 0.1043106935762236 4
0000 0001 1710143604816 16.25 -72.5 3.466796580621549 4
0000 0012 1710143604911 3.0 -77.5 4.908738521234052 4
0000 0006 1710143605057 3.25 -59.5 0.34974761963792617 4
0000 0002 1710143605057 35.75 -64.5 4.73693267299086 4
0000 0014 1710143605058 -6.5 -63.5 0.16566992509164924 4
0000 0007 1710143605058 13.0 -61.5 0.6135923151542565 4
0000 0003 1710143605059 9.75 -58.5 0.09203884727313846 4
0000 0005 1710143605060 -6.5 -61.5 2.6691265709210157 4
0000 0008 1710143605060 -16.25 -58.0 6.17273869045182 4
0000 0004 1710143605067 -19.5 -63.0 2.454369260617026 4
0000 0012 1710143605068 -29.875 -78.0 4.884194828627882 4
0000 0001 1710143605068 4.875 -76.5 0.5154175447295755 4
0000 0014 1710143605069 -29.25 -64.5 0.14726215563702155 4
0000 0002 1710143605069 13.0 -63.5 4.1417481272912315 4
0000 0008 1710143605071 6.5 -58.5 6.0991076126333095 4
0000 0005 1710143605071 13.0 -61.0 2.6445828783148455 4
0000 0006 1710143605072 3.25 -59.5 0.3190680038802134 4
0000 0004 1710143605072 52.0625 -64.0 2.2457478734645786 4
0000 0003 1710143605073 -3.25 -58.0 0.14112623248547898 4
0000 0007 1710143605073 -6.5 -61.0 0.607456392002714 4
0000 0001 1710143605161 -8.5 -76.0 0.6994952392758523 4
0000 0012 1710143605162 -23.4375 -78.0 4.902602598082509 4
0000 0007 1710143605293 42.3125 -61.5 0.5031456984264903 4
0000 0005 1710143605294 0.0 -61.5 2.650718801466388 4
0000 0003 1710143605294 0.0 -58.5 0.11658253987930872 4
0000 0002 1710143605295 -48.8125 -63.5 4.1417481272912315 4
0000 0006 1710143605295 -32.5 -59.5 0.3129320807286708 4
0000 0008 1710143605296 -3.25 -58.5 6.117515382087937 4
0000 0004 1710143605296 -16.25 -64.0 2.313243028131547 4
0000 0014 1710143605297 45.5625 -64.0 0.0 4
0000 0012 1710143605297 -7.75 -78.0 4.798291904506286 4
0000 0001 1710143605297 -3.0 -76.5 3.736777199289422 4
0000 0005 1710143605298 42.3125 -61.5 2.6139032625571326 4
0000 0003 1710143605298 -3.25 -58.5 0.14726215563702155 4
0000 0014 1710143605299 16.25 -64.5 0.11044661672776616 4
0000 0008 1710143605300 -52.0625 -58.5 6.1850105367549055 4
0000 0007 1710143605300 -3.25 -61.0 0.5583690067903734 4
0000 0002 1710143605300 -9.75 -64.0 4.025165587411922 4
0000 0004 1710143605301 -29.25 -64.0 2.3439226438892597 4
0000 0006 1710143605301 -9.75 -59.5 0.30066023442558565 4
0000 0012 1710143605411 10.375 -77.5 4.651029748869264 4
0000 0001 1710143605411 14.0 -76.5 0.5399612373357456 4
0000 0002 1710143605544 -52.0625 -63.5 4.129476280988146 4
0000 0005 1710143605544 -35.75 -61.0 2.730485802436441 4
0000 0007 1710143605544 45.5625 -61.5 0.521553467881118 4
0000 0006 1710143605545 19.5 -59.0 0.23316507975861744 4
0000 0004 1710143605545 84.625 -64.0 2.1475731030398975 4
0000 0003 1710143605546 6.5 -58.5 0.1349903093339364 4
0000 0014 1710143605546 3.25 -63.5 0.1227184630308513 4
0000 0008 1710143605547 -32.5 -58.5 6.17273869045182 4
0000 0012 1710143605547 9.125 -78.0 1.4910293258248433 4
0000 0001 1710143605547 39.625 -76.0 0.4295146206079795 4
0000 0006 1710143605548 13.0 -59.5 0.30066023442558565 4
0000 0003 1710143605548 -22.75 -58.5 0.23930100291016002 4
0000 0005 1710143605550 19.5 -61.0 2.6568547246179306 4
0000 0008 1710143605550 -9.75 -58.5 6.1420590746941075 4
0000 0007 1710143605551 26.0 -61.5 0.5522330836388308 4
0000 0014 1710143605551 0.0 -64.0 0.14726215563702155 4
0000 0002 1710143605552 -13.0 -64.0 4.080388895775806 4
0000 0004 1710143605552 32.5 -64.5 2.2212041808584084 4
0000 0012 1710143605667 6.6875 -77.5 4.681709364626977 4
0000 0001 1710143605667 -26.8125 -77.0 0.7485826244881929 4
0000 0007 1710143605793 9.75 -62.0 0.6320000846088841 4
0000 0002 1710143605793 -42.3125 -64.0 4.080388895775806 4
0000 0003 1710143605793 55.3125 -58.0 0.1595340019401067 4
0000 0014 1710143605794 -19.5 -64.0 0.16566992509164924 4
0000 0006 1710143605794 -3.25 -59.0 0.2761165418194154 4
0000 0005 1710143605795 78.0625 -60.5 2.60776733940559 4
0000 0008 1710143605795 0.0 -58.5 6.178874613603362 4
0000 0004 1710143605795 58.5625 -65.0 2.184388641949153 4
0000 0012 1710143605796 12.3125 -77.5 4.693981210930062 4
0000 0001 1710143605796 -0.5625 -76.5 0.6565437772150544 4
0000 0002 1710143605797 -16.25 -64.0 4.04357335686655 4
0000 0005 1710143605797 35.75 -61.0 2.7120780329818137 4
0000 0003 1710143605798 -9.75 -58.0 0.28225246497095796 4
0000 0001 1710143605799 -84.625 -75.0 3.8840393549264434 4
0000 0004 1710143605799 6.5 -65.0 2.2580197197676637 4
0000 0007 1710143605799 16.25 -61.5 0.6381360077604268 4
0000 0008 1710143605800 -13.0 -58.5 6.215690152512618 4
0000 0006 1710143605800 16.25 -59.5 0.2638446955163303 4
0000 0014 1710143605801 -6.5 -64.0 0.15339807878856412 4
0000 0012 1710143605911 14.3125 -77.5 1.509437095279471 4
0000 0005 1710143606042 26.0 -61.0 2.6998061866787286 4
0000 0006 1710143606042 39.0 -60.0 0.22089323345553233 4
0000 0002 1710143606042 -22.75 -64.5 4.049709280018092 4
0000 0008 1710143606043 -13.0 -58.5 6.178874613603362 4
0000 0004 1710143606043 -26.0 -65.0 2.2948352586769194 4
0000 0014 1710143606044 9.75 -63.5 0.15339807878856412 4
0000 0003 1710143606044 19.5 -57.5 0.2761165418194154 4
0000 0007 1710143606044 -6.5 -61.5 0.662679700366597 4
0000 0001 1710143606045 8.5 -76.5 3.7551849687440497 4
0000 0012 1710143606045 -28.625 -77.5 4.847379289718626 4
0000 0002 1710143606046 -35.75 -64.5 4.0558452031696355 4
0000 0006 1710143606046 13.0 -60.0 0.2638446955163303 4
0000 0005 1710143606047 39.0 -61.5 2.6691265709210157 4
0000 0004 1710143606047 126.9375 -65.0 2.012582793705961 4
0000 0014 1710143606048 26.0 -64.0 0.15339807878856412 4
0000 0003 1710143606048 -3.25 -58.0 0.2761165418194154 4
0000 0007 1710143606049 29.25 -61.5 0.607456392002714 4
0000 0008 1710143606049 16.25 -58.5 6.191146459906448 4
0000 0012 1710143606161 5.1875 -77.5 4.632621979414636 4
0000 0001 1710143606162 -1.8125 -76.5 0.6381360077604268 4
