0000 0010 1710214140064 -139.9375 -70.5 4.368777283898306 18
0000 0015 1710214140065 9.75 -61.5 2.9759227284981438 18
0000 0005 1710214140065 6.5 -58.0 1.0737865515199487 18
0000 0006 1710214140066 -68.3125 -66.0 4.534447208989955 18
0000 0008 1710214140066 -19.5 -57.5 3.0802334220743677 18
0000 0000 1710214140067 3.25 -59.5 5.620505606812989 18
0000 0014 1710214140067 26.0 -65.0 5.915029918087033 18
0000 0002 1710214140068 68.3125 -65.5 1.8285050991596843 18
0000 0003 1710214140068 16.25 -61.5 4.4976316700806995 18
0000 0004 1710214140068 -6.5 -62.0 4.28287435977671 18
0000 0007 1710214140069 -3.25 -66.0 2.9391071895888885 18
0000 0009 1710214140070 42.3125 -71.0 6.068427996875596 18
0000 0011 1710214140070 19.5 -77.0 0.8222137023067037 18
0000 0008 1710214140070 48.8125 -58.0 2.9391071895888885 18
0000 0009 1710214140071 170.0625 -72.0 5.755495916146925 18
0000 0006 1710214140071 -42.3125 -65.5 4.503767593232243 18
0000 0000 1710214140071 -9.75 -59.5 5.663457068873787 18
0000 0015 1710214140072 3.25 -61.5 3.0066023442558567 18
0000 0005 1710214140072 32.5 -58.5 1.030835089459151 18
0000 0014 1710214140073 6.5 -65.0 5.872078456026235 18
0000 0003 1710214140074 -3.25 -62.0 4.534447208989955 18
0000 0007 1710214140074 19.5 -66.0 2.9329712664373457 18
0000 0010 1710214140075 -107.375 -71.0 4.239922897715912 18
0000 0004 1710214140075 6.5 -61.5 4.25833066717054 18
0000 0002 1710214140076 42.3125 -65.0 1.945087639038993 18
0000 0011 1710214140173 -1.8125 -76.5 4.104932588381976 18
0000 0008 1710214140319 16.25 -57.5 2.9820586516496865 18
0000 0004 1710214140319 -26.0 -61.5 4.319689898685965 18
0000 0002 1710214140319 6.5 -65.5 1.9634954084936207 18
0000 0007 1710214140320 42.3125 -66.0 2.84706834231575 18
0000 0014 1710214140320 71.5625 -65.0 5.786175531904639 18
0000 0010 1710214140320 -45.5625 -70.5 4.387185053352934 18
0000 0000 1710214140321 3.25 -59.5 5.651185222570702 18
0000 0015 1710214140321 -52.0625 -61.5 3.117048960983623 18
0000 0005 1710214140322 16.25 -58.0 1.0737865515199487 18
0000 0003 1710214140322 -22.75 -61.5 4.558990901596125 18
0000 0006 1710214140322 -61.8125 -66.0 4.460816131171445 18
0000 0009 1710214140323 -114.6875 -71.0 6.2034183062095325 18
0000 0011 1710214140324 3.0 -76.5 4.000621894805752 18
0000 0007 1710214140324 -26.0 -66.5 2.9391071895888885 18
0000 0002 1710214140324 68.3125 -65.0 1.8100973297050567 18
0000 0014 1710214140325 -32.5 -65.5 5.9088939949354895 18
0000 0004 1710214140325 9.75 -61.5 4.264466590322082 18
0000 0009 1710214140325 -38.1875 -71.5 6.050020227420969 18
0000 0005 1710214140326 13.8125 -59.0 1.0676506283684062 18
0000 0006 1710214140326 19.5 -66.5 4.344233591292136 18
0000 0015 1710214140326 48.8125 -61.5 2.945243112740431 18
0000 0000 1710214140327 -6.5 -59.0 5.632777453116074 18
0000 0008 1710214140327 32.5 -57.5 2.9636508821950587 18
0000 0010 1710214140327 -94.375 -71.5 4.411728745959104 18
0000 0003 1710214140328 26.0 -62.0 4.509903516383785 18
0000 0011 1710214140422 -1.8125 -77.5 0.9326603190344698 18
0000 0004 1710214140556 26.0 -61.5 4.270602513473625 18
0000 0014 1710214140556 6.5 -65.5 5.829126993965437 18
0000 0015 1710214140557 -13.0 -61.0 3.018874190558942 18
0000 0003 1710214140557 3.25 -62.5 4.479223900626073 18
0000 0000 1710214140557 -26.0 -59.0 5.681864838328415 18
0000 0010 1710214140558 -52.0625 -72.0 4.338097668140593 18
0000 0007 1710214140558 104.125 -66.5 2.724349879284899 18
0000 0005 1710214140558 -30.875 -58.5 1.141281706186917 18
0000 0008 1710214140559 0.0 -57.5 3.0372819600135696 18
0000 0006 1710214140559 32.5 -66.0 4.338097668140593 18
0000 0009 1710214140559 -65.875 -71.0 6.22182607566416 18
0000 0002 1710214140560 42.3125 -66.0 1.88986433067511 18
0000 0011 1710214140560 -9.75 -77.5 0.9940195505498954 18
0000 0004 1710214140560 -16.25 -61.5 4.344233591292136 18
0000 0003 1710214140561 19.5 -62.0 4.479223900626073 18
0000 0015 1710214140561 42.3125 -62.0 2.945243112740431 18
0000 0008 1710214140562 29.25 -58.0 2.9943304979527716 18
0000 0007 1710214140562 55.3125 -66.5 2.8409324191642074 18
0000 0009 1710214140562 -76.4375 -70.5 5.9088939949354895 18
0000 0006 1710214140563 52.0625 -66.0 4.387185053352934 18
0000 0002 1710214140563 -32.5 -65.0 1.9696313316451632 18
0000 0000 1710214140563 -6.5 -59.0 5.688000761479957 18
0000 0005 1710214140565 38.1875 -58.5 1.0492428589137786 18
0000 0014 1710214140565 -6.5 -65.5 5.945709533844745 18
0000 0010 1710214140566 -78.0625 -71.5 4.0987966652304335 18
0000 0011 1710214140674 20.75 -77.5 0.8897088569736719 18
0000 0006 1710214140674 -3.25 -66.5 4.411728745959104 18
0000 0004 1710214140674 19.5 -61.5 4.25833066717054 18
0000 0009 1710214140675 61.8125 -72.0 6.007068765360171 18
0000 0008 1710214140675 -26.0 -58.0 3.055689729468197 18
0000 0007 1710214140675 -42.3125 -66.5 2.9697868053466014 18
0000 0015 1710214140676 32.5 -61.5 2.988194574801229 18
0000 0005 1710214140676 24.375 -58.5 1.0369710126106935 18
0000 0002 1710214140676 -68.3125 -65.5 1.9634954084936207 18
0000 0003 1710214140677 -19.5 -61.5 4.534447208989955 18
0000 0010 1710214140677 -162.75 -71.0 4.442408361716817 18
0000 0000 1710214140677 29.25 -59.0 5.626641529964532 18
0000 0014 1710214140678 -16.25 -65.5 5.945709533844745 18
0000 0011 1710214140917 -7.875 -76.5 4.147884050442774 18
0000 0008 1710214140917 29.25 -57.5 2.9513790358919736 18
0000 0005 1710214140917 30.875 -58.5 1.055378782065321 18
0000 0003 1710214140918 -45.5625 -61.5 4.565126824747668 18
0000 0004 1710214140918 -6.5 -61.0 4.28287435977671 18
0000 0007 1710214140918 55.3125 -66.5 2.779573187648782 18
0000 0010 1710214140919 42.3125 -72.0 4.166291819897402 18
0000 0006 1710214140919 -16.25 -65.5 4.381049130201391 18
0000 0000 1710214140920 -16.25 -59.5 5.688000761479957 18
0000 0014 1710214140920 6.5 -66.0 5.939573610693203 18
0000 0015 1710214140920 61.8125 -61.0 2.9513790358919736 18
0000 0002 1710214140921 -208.3125 -66.0 2.2518837966161214 18
0000 0009 1710214140921 -41.5 -71.0 6.013204688511713 18
0000 0011 1710214140921 -3.0 -76.5 0.9326603190344698 18
0000 0007 1710214140922 32.5 -66.5 2.9022916506796332 18
0000 0010 1710214140922 -240.875 -71.5 4.3503695144436785 18
0000 0002 1710214140922 -29.25 -65.5 1.9266798695843652 18
0000 0014 1710214140923 35.75 -66.0 5.841398840268521 18
0000 0008 1710214140923 3.25 -57.5 3.000466421104314 18
0000 0000 1710214140923 -19.5 -59.0 5.712544454086128 18
0000 0005 1710214140924 -9.75 -58.5 1.0921943209745766 18
0000 0006 1710214140924 26.0 -66.5 4.374913207049849 18
0000 0009 1710214140924 10.5625 -71.0 6.019340611663256 18
0000 0003 1710214140925 -45.5625 -61.5 4.608078286808466 18
0000 0004 1710214140925 42.3125 -61.5 4.215379205109742 18
0000 0015 1710214140926 42.3125 -62.0 2.9697868053466014 18
0000 0011 1710214141160 35.375 -76.5 3.902447124381071 18
0000 0014 1710214141160 -45.5625 -65.5 5.915029918087033 18
0000 0000 1710214141161 3.25 -59.0 5.6941366846315 18
0000 0007 1710214141161 -39.0 -66.5 2.8777479580734626 18
0000 0005 1710214141162 -3.25 -58.5 1.0676506283684062 18
0000 0008 1710214141162 -3.25 -58.0 3.031146036862027 18
0000 0002 1710214141163 3.25 -65.0 1.9266798695843652 18
0000 0015 1710214141163 22.75 -62.0 3.000466421104314 18
0000 0003 1710214141163 -16.25 -61.5 4.522175362686871 18
0000 0004 1710214141164 110.625 -61.5 4.09266074207889 18
0000 0010 1710214141164 -9.75 -70.5 4.338097668140593 18
0000 0006 1710214141164 -13.0 -67.0 4.399456899656019 18
0000 0009 1710214141165 -30.875 -70.0 6.160466844148735 18
0000 0011 1710214141165 0.5625 -76.5 4.049709280018092 18
0000 0002 1710214141165 -13.0 -65.5 2.0064468705544187 18
0000 0000 1710214141166 19.5 -59.0 5.632777453116074 18
0000 0009 1710214141166 -208.3125 -70.5 0.09203884727313846 18
0000 0008 1710214141166 13.0 -58.0 2.9943304979527716 18
0000 0014 1710214141167 -52.0625 -65.5 6.000932842208628 18
0000 0005 1710214141167 42.3125 -58.5 1.0062913968529805 18
0000 0006 1710214141167 91.125 -66.5 4.301282129231338 18
0000 0004 1710214141168 45.5625 -61.5 4.252194744018997 18
0000 0003 1710214141168 -39.0 -61.5 4.571262747899211 18
0000 0007 1710214141168 -26.0 -66.5 2.890019804376548 18
0000 0010 1710214141169 55.3125 -70.5 4.154019973594316 18
0000 0015 1710214141169 -22.75 -61.5 3.074097498922825 18
0000 0011 1710214141408 -26.8125 -77.0 1.086058397823034 18
0000 0008 1710214141408 -22.75 -57.5 3.0495538063166547 18
0000 0014 1710214141408 0.0 -65.0 5.896622148632405 18
0000 0005 1710214141409 0.0 -58.5 1.0615147052168636 18
0000 0002 1710214141409 39.0 -65.0 1.9512235621905356 18
0000 0015 1710214141410 9.75 -61.5 3.0250101137104846 18
0000 0000 1710214141410 13.0 -59.0 5.675728915176872 18
0000 0010 1710214141410 91.125 -71.5 4.166291819897402 18
0000 0007 1710214141411 61.8125 -65.5 2.748893571891069 18
0000 0003 1710214141411 29.25 -62.0 4.460816131171445 18
0000 0004 1710214141411 6.5 -61.5 4.25833066717054 18
0000 0006 1710214141412 -16.25 -66.0 4.4362724385652745 18
0000 0009 1710214141412 0.0 -71.0 6.14819499784565 18
0000 0011 1710214141412 -22.5625 -77.0 0.9265243958829272 18
0000 0004 1710214141413 -22.75 -61.0 4.374913207049849 18
0000 0015 1710214141413 45.5625 -61.0 2.9145634969827183 18
0000 0008 1710214141413 9.75 -57.5 3.031146036862027 18
0000 0000 1710214141414 9.75 -59.0 5.835262917116979 18
0000 0006 1710214141414 -29.25 -67.0 4.338097668140593 18
0000 0005 1710214141414 34.9375 -58.0 1.0369710126106935 18
0000 0002 1710214141415 -13.0 -65.5 2.172116795646068 18
0000 0007 1710214141415 26.0 -66.0 2.779573187648782 18
0000 0009 1710214141415 -114.6875 -72.0 6.092971689481767 18
0000 0003 1710214141416 -32.5 -61.5 4.792155981354743 18
0000 0010 1710214141416 -71.5625 -70.0 4.3074180523828804 18
0000 0014 1710214141416 45.5625 -65.0 5.798447378207723 18
0000 0011 1710214141674 3.625 -77.0 3.749049045592507 18
0000 0000 1710214141675 -6.5 -60.0 0.3436116964863836 18
0000 0004 1710214141676 39.0 -62.0 4.608078286808466 18
0000 0015 1710214141676 -32.5 -61.0 3.0250101137104846 18
0000 0008 1710214141676 3.25 -57.0 3.32567034813607 18
0000 0005 1710214141677 7.3125 -57.5 1.3314953238847365 18
0000 0006 1710214141677 -16.25 -66.0 4.264466590322082 18
0000 0007 1710214141677 -26.0 -65.5 2.736621725587984 18
0000 0003 1710214141678 19.5 -61.5 5.295301679781233 18
0000 0002 1710214141678 29.25 -65.0 2.8838838812250054 18
0000 0014 1710214141678 22.75 -65.0 5.878214379177777 18
0000 0009 1710214141679 240.875 -72.5 5.387340527054372 18
0000 0010 1710214141679 -179.0 -72.5 4.270602513473625 18
0000 0011 1710214141679 -8.5 -77.0 3.5281558121369745 18
0000 0000 1710214141818 -19.5 -59.0 2.2580197197676637 18
0000 0004 1710214141818 -16.25 -64.5 6.111379458936394 18
0000 0006 1710214141818 -9.75 -63.0 4.411728745959104 18
0000 0002 1710214141819 104.125 -65.5 4.700117134081604 18
0000 0015 1710214141819 78.0625 -60.0 2.6691265709210157 18
0000 0008 1710214141820 -26.0 -56.0 4.448544284868359 18
0000 0003 1710214141820 -58.5625 -62.0 0.9510680884890975 18
0000 0005 1710214141820 6.5 -54.5 2.227340104009951 18
0000 0007 1710214141821 68.3125 -64.0 2.816388726558037 18
0000 0014 1710214141821 0.0 -65.5 5.884350302329319 18
0000 0010 1710214141821 -42.3125 -74.0 4.994641445355648 18
0000 0009 1710214141822 3.625 -77.0 0.6258641614573416 18
0000 0011 1710214141822 -8.5 -77.0 0.7976700097005334 18
0000 0000 1710214141822 -29.25 -60.0 4.614214209960009 18
0000 0014 1710214141823 -42.3125 -65.0 6.019340611663256 18
0000 0005 1710214141823 19.5 -53.5 3.485204350076177 18
0000 0010 1710214141823 26.0 -67.5 1.3008157081270237 18
0000 0008 1710214141824 -35.75 -63.0 0.760854470791278 18
0000 0009 1710214141824 -87.0625 -66.0 2.791845033951867 18
0000 0006 1710214141824 39.0 -65.0 5.939573610693203 18
0000 0015 1710214141825 6.5 -59.0 2.736621725587984 18
0000 0004 1710214141825 0.0 -60.0 2.337786720737717 18
0000 0007 1710214141825 48.8125 -63.0 3.865631585471816 18
0000 0002 1710214141826 -32.5 -66.5 0.8406214717613314 18
0000 0011 1710214141826 -84.625 -71.5 5.896622148632405 18
0000 0003 1710214141827 -65.0625 -67.5 4.037437433715008 18
0000 0001 1710214142084 -4.375 -79.0 5.043728830567988 18
0000 0015 1710214142085 3.25 -58.5 2.5893595699509624 18
0000 0005 1710214142085 -48.8125 -62.0 5.45483568172134 18
0000 0007 1710214142085 -19.5 -63.5 0.2638446955163303 18
0000 0000 1710214142086 -16.25 -61.0 1.2946797849754812 18
0000 0008 1710214142086 26.0 -55.0 4.270602513473625 18
0000 0009 1710214142086 24.375 -64.0 5.117359908386499 18
0000 0004 1710214142087 0.0 -60.0 4.086524818927348 18
0000 0006 1710214142088 9.75 -64.0 2.2580197197676637 18
0000 0003 1710214142088 19.5 -63.5 0.006135923151542565 18
0000 0010 1710214142088 39.0 -62.5 4.841243366567084 18
0000 0014 1710214142089 -9.75 -63.0 6.14819499784565 18
0000 0011 1710214142089 100.875 -70.5 2.736621725587984 18
0000 0002 1710214142089 110.625 -71.5 3.043417883165112 18
0000 0013 1710214142090 -1.4375 -78.0 1.1535535524900022 18
0000 0006 1710214142090 29.25 -63.0 3.847223816017188 18
0000 0014 1710214142090 -9.75 -60.5 5.688000761479957 18
0000 0005 1710214142091 22.75 -59.5 2.9206994201342606 18
0000 0004 1710214142091 -6.5 -61.0 6.240233845118788 18
0000 0007 1710214142091 3.25 -58.5 2.380738182798515 18
0000 0003 1710214142092 22.75 -61.5 1.000155473701438 18
0000 0009 1710214142092 -52.0625 -64.0 3.2949907323783574 18
0000 0000 1710214142092 -9.75 -59.0 2.6691265709210157 18
0000 0008 1710214142093 -3.25 -56.5 6.007068765360171 18
0000 0012 1710214142093 -146.4375 -71.5 5.013049214810275 18
0000 0002 1710214142093 -16.25 -70.0 5.0682725231741586 18
0000 0015 1710214142094 -22.75 -58.5 2.3316507975861747 18
0000 0011 1710214142094 -22.75 -68.0 2.5034566458293663 18
0000 0013 1710214142172 -4.875 -75.5 4.583534594202296 18
0000 0014 1710214142326 3.25 -62.0 5.485515297479052 18
0000 0000 1710214142327 19.5 -61.5 3.663146121470911 18
0000 0015 1710214142327 9.75 -58.5 2.086213871524472 18
0000 0002 1710214142327 -149.6875 -70.5 5.583690067903734 18
0000 0011 1710214142328 -9.75 -62.0 4.178563666200486 18
0000 0008 1710214142328 -45.5625 -60.5 2.435961491162398 18
0000 0007 1710214142328 35.75 -60.5 3.031146036862027 18
0000 0003 1710214142329 -22.75 -62.5 1.5892040962495242 18
0000 0006 1710214142329 -35.75 -63.0 5.418020142812084 18
0000 0005 1710214142329 26.0 -57.0 3.3747577333484107 18
0000 0004 1710214142330 -35.75 -58.5 1.3069516312785663 18
0000 0009 1710214142330 -24.375 -58.5 5.092816215780329 18
0000 0015 1710214142330 26.0 -58.5 1.9819031779482483 18
0000 0005 1710214142330 -38.1875 -58.0 3.8533597391687304 18
0000 0006 1710214142331 -52.0625 -63.0 6.135923151542564 18
0000 0008 1710214142331 19.5 -58.5 3.472932503773092 18
0000 0009 1710214142332 3.25 -59.0 5.8659425328746915 18
0000 0004 1710214142332 -6.5 -58.5 1.564660403643354 18
0000 0003 1710214142332 9.75 -63.0 1.6996507129772904 18
0000 0000 1710214142333 0.0 -61.0 4.2031073588066565 18
0000 0011 1710214142333 16.25 -61.0 5.442563835418255 18
0000 0014 1710214142333 0.0 -63.0 5.424156065963627 18
0000 0007 1710214142334 -9.75 -63.5 4.129476280988146 18
0000 0002 1710214142334 3.25 -70.0 5.4671075280244255 18
0000 0010 1710214142334 -123.6875 -68.5 1.2701360923693108 18
0000 0003 1710214142556 55.3125 -61.5 1.7855536370988863 18
0000 0004 1710214142557 0.0 -58.0 1.8285050991596843 18
0000 0007 1710214142558 91.125 -63.0 5.565282298449106 18
0000 0015 1710214142558 42.3125 -58.0 1.9880391010997909 18
0000 0014 1710214142559 6.5 -63.5 5.473243451175968 18
0000 0005 1710214142559 6.5 -56.0 4.381049130201391 18
0000 0009 1710214142559 10.5625 -59.5 0.1595340019401067 18
0000 0008 1710214142560 3.25 -58.0 3.890175278077986 18
0000 0006 1710214142560 -32.5 -62.5 0.32520392703175593 18
0000 0011 1710214142560 16.25 -61.0 6.160466844148735 18
0000 0002 1710214142561 -117.125 -70.5 5.737088146692298 18
0000 0000 1710214142561 19.5 -60.5 4.3933209765044765 18
0000 0010 1710214142561 32.5 -67.5 1.3008157081270237 18
0000 0007 1710214142561 3.25 -61.5 0.4172427743048944 18
0000 0011 1710214142562 -3.25 -61.0 0.2454369260617026 18
0000 0006 1710214142562 -19.5 -62.0 0.5767767762450011 18
0000 0014 1710214142562 -52.0625 -64.0 5.559146375297564 18
0000 0010 1710214142563 35.75 -67.5 1.5707963267948966 18
0000 0015 1710214142563 3.25 -58.5 1.8960002538266525 18
0000 0005 1710214142563 -10.5625 -55.5 4.8351074434155406 18
0000 0009 1710214142564 -30.875 -59.5 0.607456392002714 18
0000 0008 1710214142564 16.25 -56.5 4.154019973594316 18
0000 0000 1710214142564 39.0 -61.0 4.558990901596125 18
0000 0004 1710214142565 -9.75 -57.5 1.9696313316451632 18
0000 0003 1710214142565 16.25 -61.0 2.1230294104337273 18
0000 0002 1710214142565 -26.0 -71.5 5.540738605842936 18
0000 0012 1710214142673 -3.625 -72.0 0.5154175447295755 18
0000 0011 1710214142797 45.5625 -61.0 0.4111068511533518 18
0000 0003 1710214142797 42.3125 -61.0 2.227340104009951 18
0000 0005 1710214142797 -19.5 -55.0 5.037592907416445 18
0000 0004 1710214142798 16.25 -57.5 2.024854640009046 18
0000 0008 1710214142798 -9.75 -57.0 4.381049130201391 18
0000 0000 1710214142798 -3.25 -60.5 4.822835597112456 18
0000 0015 1710214142799 22.75 -59.5 1.7671458676442586 18
0000 0006 1710214142799 -35.75 -62.0 0.7669903939428205 18
0000 0007 1710214142799 6.5 -60.5 0.8099418560036186 18
0000 0002 1710214142800 -104.125 -71.5 5.841398840268521 18
0000 0014 1710214142800 0.0 -64.5 5.553010452146021 18
0000 0010 1710214142800 39.0 -67.0 1.6198837120072371 18
0000 0009 1710214142801 -62.625 -59.5 0.9572040116406401 18
0000 0012 1710214142801 0.5625 -71.5 0.4540583132141498 18
0000 0004 1710214142801 -13.0 -58.0 2.184388641949153 18
0000 0005 1710214142802 -22.75 -54.5 5.141903600992669 18
0000 0015 1710214142802 -13.0 -59.5 1.7916895602504288 18
0000 0000 1710214142802 -22.75 -60.0 5.006913291658733 18
0000 0008 1710214142803 6.5 -57.0 4.491495746929157 18
0000 0003 1710214142803 -45.5625 -61.0 2.5034566458293663 18
0000 0010 1710214142803 -84.625 -66.0 1.8039614065535141 18
0000 0009 1710214142804 -24.375 -59.0 1.043106935762236 18
0000 0014 1710214142804 -32.5 -65.0 5.595961914206819 18
0000 0007 1710214142804 16.25 -60.5 0.9265243958829272 18
0000 0006 1710214142805 -3.25 -62.0 0.8344855486097889 18
0000 0011 1710214142805 -29.25 -60.5 0.6504078540635119 18
0000 0002 1710214142806 35.75 -69.0 5.792311455056181 18
0000 0012 1710214142925 4.25 -71.5 0.5399612373357456 18
0000 0006 1710214142925 -13.0 -61.5 0.9572040116406401 18
0000 0004 1710214142925 -48.8125 -58.5 2.3316507975861747 18
0000 0009 1710214142925 3.25 -58.5 1.1167380135807468 18
0000 0010 1710214142926 -45.5625 -67.0 1.8837284075235674 18
0000 0000 1710214142926 -16.25 -60.5 5.080544369477243 18
0000 0015 1710214142926 58.5625 -59.5 1.6505633277649499 18
0000 0005 1710214142927 21.125 -54.5 5.154175447295755 18
0000 0008 1710214142927 -9.75 -56.5 4.589670517353839 18
0000 0014 1710214142927 -19.5 -65.0 5.626641529964532 18
0000 0007 1710214142928 -13.0 -59.5 1.0369710126106935 18
0000 0002 1710214142928 -332.0 -72.5 0.3190680038802134 18
0000 0003 1710214142928 -26.0 -60.5 2.552544031041707 18
0000 0011 1710214142929 -42.3125 -61.5 0.7853981633974483 18
0000 0012 1710214143161 -4.875 -71.5 3.7981364308048478 18
0000 0009 1710214143161 -27.625 -58.5 1.2517283229146832 18
0000 0007 1710214143161 35.75 -59.5 1.012427320004523 18
0000 0006 1710214143161 6.5 -61.5 1.055378782065321 18
0000 0005 1710214143162 -6.5 -54.5 5.227806525114265 18
0000 0003 1710214143162 -45.5625 -61.0 2.6323110320117604 18
0000 0000 1710214143162 -16.25 -60.0 5.209398755659637 18
0000 0004 1710214143163 -19.5 -58.5 2.399145952253143 18
0000 0010 1710214143163 32.5 -66.5 1.761009944492716 18
0000 0008 1710214143163 13.0 -57.0 4.632621979414636 18
0000 0011 1710214143164 -29.25 -61.0 0.8651651643675016 18
0000 0014 1710214143164 16.25 -65.0 5.546874528994478 18
0000 0015 1710214143164 -32.5 -59.0 1.7978254834019713 18
0000 0002 1710214143165 -84.625 -70.0 6.277049384028044 18
0000 0012 1710214143165 -4.875 -72.0 3.9638063558964967 18
0000 0000 1710214143165 9.75 -60.0 5.154175447295755 18
0000 0003 1710214143166 6.5 -61.0 2.5832236467994196 18
0000 0006 1710214143166 -39.0 -61.5 1.1535535524900022 18
0000 0011 1710214143166 -9.75 -61.0 0.9265243958829272 18
0000 0010 1710214143167 78.0625 -66.0 1.7548740213411735 18
0000 0007 1710214143167 -3.25 -59.5 1.1596894756415448 18
0000 0008 1710214143168 -19.5 -56.5 4.73693267299086 18
0000 0005 1710214143168 0.0 -54.5 5.227806525114265 18
0000 0009 1710214143168 -3.25 -59.5 1.2701360923693108 18
0000 0015 1710214143169 3.25 -59.5 1.718058482431918 18
0000 0014 1710214143170 -48.8125 -65.5 5.749359992995383 18
0000 0004 1710214143170 -26.0 -58.5 2.4727770300716534 18
0000 0002 1710214143170 192.0 -71.0 5.816855147662351 18
0000 0012 1710214143172 -6.5 -71.0 4.083456857351576 18
0000 0009 1710214143393 -48.8125 -60.0 1.4296700943094176 18
0000 0003 1710214143394 -13.0 -60.5 2.564815877344792 18
0000 0004 1710214143395 6.5 -58.5 2.4850488763747385 18
0000 0005 1710214143395 22.75 -55.0 5.21553467881118 18
0000 0008 1710214143396 13.0 -56.5 4.700117134081604 18
0000 0011 1710214143396 9.75 -60.5 0.9510680884890975 18
0000 0000 1710214143396 3.25 -60.0 5.160311370447297 18
0000 0015 1710214143397 -39.0 -59.5 1.7855536370988863 18
0000 0006 1710214143397 19.5 -61.5 1.1535535524900022 18
0000 0007 1710214143397 6.5 -59.5 1.184233168247715 18
0000 0002 1710214143397 -52.0625 -71.5 6.264777537724958 18
0000 0010 1710214143398 -22.75 -66.5 2.030990563160589 18
0000 0014 1710214143398 52.0625 -65.5 5.632777453116074 18
0000 0004 1710214143398 26.0 -58.5 2.4605051837685683 18
0000 0010 1710214143399 -29.25 -66.5 2.012582793705961 18
0000 0003 1710214143399 -13.0 -60.5 2.5464081078901644 18
0000 0005 1710214143399 -7.3125 -54.5 5.295301679781233 18
0000 0015 1710214143400 -29.25 -59.5 1.7548740213411735 18
0000 0014 1710214143400 52.0625 -65.5 5.6573211457222445 18
0000 0012 1710214143400 -6.5 -69.5 4.264466590322082 18
0000 0008 1710214143401 9.75 -56.5 4.749204519293945 18
0000 0000 1710214143401 55.3125 -60.0 5.154175447295755 18
0000 0011 1710214143401 6.5 -60.5 0.9694758579437253 18
0000 0007 1710214143402 13.0 -59.0 1.1965050145508 18
0000 0006 1710214143403 -6.5 -61.0 1.2578642460662257 18
0000 0002 1710214143403 -123.6875 -71.0 0.15339807878856412 18
0000 0009 1710214143403 24.375 -60.0 1.3130875544301088 18
0000 0003 1710214143625 39.0 -61.0 2.5034566458293663 18
0000 0000 1710214143625 -9.75 -60.5 5.313709449235861 18
0000 0005 1710214143625 -29.25 -54.5 5.3198453723874035 18
0000 0009 1710214143625 3.25 -60.5 1.2946797849754812 18
0000 0006 1710214143626 -71.5625 -61.5 1.4296700943094176 18
0000 0008 1710214143626 -26.0 -56.5 4.779884135051658 18
0000 0014 1710214143626 35.75 -66.0 5.6143696836614465 18
0000 0015 1710214143627 0.0 -59.5 1.6689710972195777 18
0000 0007 1710214143627 29.25 -59.0 1.1719613219446299 18
0000 0010 1710214143627 48.8125 -67.0 1.8346410223112268 18
0000 0011 1710214143628 19.5 -60.5 0.9633399347921826 18
0000 0004 1710214143628 19.5 -59.0 2.4911847995262812 18
0000 0012 1710214143628 -42.3125 -70.0 4.295146206079795 18
0000 0002 1710214143629 -42.3125 -71.5 0.0859029241215959 18
0000 0005 1710214143629 -21.125 -54.5 5.283029833478148 18
0000 0006 1710214143629 13.0 -62.0 1.282407938672396 18
0000 0000 1710214143630 -45.5625 -60.0 5.356660911296659 18
0000 0007 1710214143630 26.0 -59.0 1.184233168247715 18
0000 0014 1710214143630 0.0 -65.0 5.663457068873787 18
0000 0004 1710214143631 -9.75 -58.5 2.5770877236478773 18
0000 0002 1710214143631 -68.3125 -71.0 0.1349903093339364 18
0000 0003 1710214143631 -39.0 -61.0 2.693670263527186 18
0000 0011 1710214143632 -22.75 -60.5 1.0615147052168636 18
0000 0009 1710214143632 -24.375 -60.5 1.3437671701878218 18
0000 0015 1710214143632 9.75 -59.0 1.6566992509164924 18
0000 0008 1710214143633 0.0 -56.5 4.718524903536232 18
0000 0010 1710214143633 -94.375 -67.0 2.030990563160589 18
0000 0012 1710214143674 21.9375 -70.5 4.181631627776258 18
0000 0014 1710214143869 -3.25 -66.0 5.730952223540755 18
0000 0009 1710214143869 -21.125 -61.0 1.3499030933393643 18
0000 0008 1710214143869 -39.0 -56.0 4.884194828627882 18
0000 0004 1710214143870 19.5 -58.5 2.5402721847386216 18
0000 0005 1710214143870 -42.3125 -54.5 5.381204603902829 18
0000 0000 1710214143870 -78.0625 -60.0 5.344389064993574 18
0000 0011 1710214143871 0.0 -60.0 1.1965050145508 18
0000 0010 1710214143871 -3.25 -66.5 2.055534255766759 18
0000 0003 1710214143871 0.0 -60.5 2.675262494072558 18
0000 0012 1710214143872 -78.0625 -67.5 4.921010367537137 18
0000 0015 1710214143872 -22.75 -59.0 1.705786636128833 18
0000 0006 1710214143872 65.0625 -62.0 1.380582709097077 18
0000 0007 1710214143873 16.25 -59.5 1.564660403643354 18
0000 0002 1710214143873 -9.75 -71.5 6.12365130523948 18
0000 0014 1710214143873 -3.25 -66.0 5.724816300389213 18
0000 0004 1710214143874 9.75 -58.5 2.6016314162540475 18
0000 0008 1710214143874 -26.0 -56.0 4.92714629068868 18
0000 0005 1710214143874 -26.0 -54.5 5.387340527054372 18
0000 0010 1710214143875 35.75 -67.0 2.0493983326152168 18
0000 0003 1710214143875 -19.5 -60.5 2.675262494072558 18
0000 0007 1710214143876 0.0 -59.5 1.5707963267948966 18
0000 0006 1710214143876 22.75 -62.0 1.4296700943094176 18
0000 0012 1710214143876 3.25 -67.5 4.693981210930062 18
0000 0002 1710214143877 -152.9375 -71.5 0.1043106935762236 18
0000 0009 1710214143878 0.0 -61.0 1.282407938672396 18
0000 0015 1710214143878 -3.25 -59.5 1.7303303287350031 18
0000 0000 1710214143878 -3.25 -60.0 5.178719139901925 18
0000 0011 1710214143879 9.75 -60.5 1.1535535524900022 18
0000 0005 1710214144102 -13.8125 -55.0 5.368932757599744 18
0000 0011 1710214144103 -9.75 -60.0 1.1535535524900022 18
0000 0010 1710214144103 9.75 -67.0 2.024854640009046 18
0000 0014 1710214144103 -39.0 -66.5 5.822991070813893 18
0000 0007 1710214144104 -3.25 -59.5 1.533980787885641 18
0000 0009 1710214144104 0.0 -61.0 1.3130875544301088 18
0000 0015 1710214144104 19.5 -59.0 1.6689710972195777 18
0000 0006 1710214144105 65.0625 -61.5 1.3867186322486196 18
0000 0000 1710214144105 -26.0 -60.0 5.246214294568893 18
0000 0002 1710214144105 -117.125 -71.5 0.018407769454627694 18
0000 0003 1710214144105 0.0 -61.0 2.6445828783148455 18
0000 0008 1710214144106 6.5 -56.0 4.884194828627882 18
0000 0004 1710214144106 29.25 -59.0 2.5893595699509624 18
0000 0012 1710214144107 -39.0 -67.0 4.718524903536232 18
0000 0015 1710214144108 -16.25 -59.0 1.7548740213411735 18
0000 0002 1710214144108 -32.5 -72.5 6.258641614573416 18
0000 0004 1710214144109 16.25 -59.0 2.6261751088602177 18
0000 0012 1710214144109 -100.875 -67.5 4.8351074434155406 18
0000 0003 1710214144109 22.75 -61.5 2.6200391857086753 18
0000 0014 1710214144109 -39.0 -66.5 5.890486225480862 18
0000 0008 1710214144110 -32.5 -56.5 4.9394181369917645 18
0000 0010 1710214144110 55.3125 -67.0 1.9389517158874505 18
0000 0005 1710214144111 -55.3125 -55.0 5.405748296509 18
0000 0009 1710214144111 24.375 -61.0 1.2578642460662257 18
0000 0007 1710214144111 71.5625 -59.5 1.4296700943094176 18
0000 0000 1710214144112 -45.5625 -60.0 5.246214294568893 18
0000 0006 1710214144112 -3.25 -62.0 1.4971652489763858 18
0000 0011 1710214144112 19.5 -60.5 1.0921943209745766 18
0000 0005 1710214144339 -19.5 -54.5 5.393476450205914 18
0000 0006 1710214144339 52.0625 -62.0 1.4419419406125027 18
0000 0014 1710214144339 35.75 -66.0 5.71868037723767 18
0000 0004 1710214144340 29.25 -58.5 2.60776733940559 18
0000 0000 1710214144340 6.5 -59.5 5.209398755659637 18
0000 0002 1710214144340 -78.0625 -70.5 6.264777537724958 18
0000 0003 1710214144341 -13.0 -60.5 2.662990647769473 18
0000 0008 1710214144341 3.25 -56.5 4.896466674930966 18
0000 0007 1710214144341 3.25 -59.0 1.509437095279471 18
0000 0015 1710214144341 22.75 -59.0 1.662835174068035 18
0000 0010 1710214144342 84.625 -66.5 1.88986433067511 18
0000 0009 1710214144342 93.5625 -61.0 1.1965050145508 18
0000 0012 1710214144342 -13.0 -67.0 4.595806440505381 18
0000 0011 1710214144343 42.3125 -60.5 1.0615147052168636 18
0000 0004 1710214144343 26.0 -58.5 2.6261751088602177 18
0000 0009 1710214144343 7.3125 -61.0 1.282407938672396 18
0000 0015 1710214144344 61.8125 -59.0 1.607611865704152 18
0000 0005 1710214144344 -3.25 -55.0 5.338253141842031 18
0000 0008 1710214144344 -39.0 -56.0 4.9394181369917645 18
0000 0007 1710214144345 9.75 -59.0 1.5033011721279284 18
0000 0003 1710214144345 113.875 -60.5 2.4911847995262812 18
0000 0014 1710214144345 -13.0 -66.5 5.822991070813893 18
0000 0011 1710214144346 6.5 -60.0 1.1596894756415448 18
0000 0002 1710214144346 195.25 -72.0 6.000932842208628 18
0000 0000 1710214144346 -74.8125 -60.0 5.344389064993574 18
0000 0010 1710214144347 -19.5 -67.0 2.043262409463674 18
0000 0006 1710214144347 48.8125 -62.0 1.4296700943094176 18
0000 0012 1710214144347 -45.5625 -67.0 4.773748211900116 18
0000 0012 1710214144573 -52.0625 -68.0 4.743068596142402 18
0000 0004 1710214144574 6.5 -58.5 2.6875343403756435 18
0000 0006 1710214144574 42.3125 -61.5 1.5462526341887264 18
0000 0003 1710214144574 -32.5 -61.0 2.7120780329818137 18
0000 0011 1710214144575 48.8125 -60.5 1.1228739367322893 18
0000 0007 1710214144575 -3.25 -59.5 1.5830681730979816 18
0000 0005 1710214144575 -21.125 -54.5 5.344389064993574 18
0000 0008 1710214144576 -9.75 -56.0 4.908738521234052 18
0000 0015 1710214144576 6.5 -59.0 1.6751070203711202 18
0000 0000 1710214144576 -26.0 -59.5 5.21553467881118 18
0000 0009 1710214144577 -24.375 -61.5 1.3867186322486196 18
0000 0010 1710214144577 -16.25 -66.5 2.0371264863121317 18
0000 0014 1710214144577 -19.5 -66.5 5.945709533844745 18
0000 0002 1710214144577 48.8125 -71.5 6.043884304269426 18
0000 0000 1710214144578 -3.25 -59.5 5.2339424482658075 18
0000 0003 1710214144578 13.0 -60.5 2.6200391857086753 18
0000 0012 1710214144578 -39.0 -67.0 4.724660826687775 18
0000 0006 1710214144579 -19.5 -62.0 1.6014759425526093 18
0000 0011 1710214144579 -9.75 -60.0 1.2087768608538851 18
0000 0004 1710214144579 22.75 -59.0 2.6323110320117604 18
0000 0005 1710214144580 -52.0625 -55.0 5.399612373357457 18
0000 0010 1710214144580 -97.625 -67.0 2.073942025221387 18
0000 0015 1710214144580 0.0 -59.5 1.6812429435226628 18
0000 0007 1710214144581 26.0 -59.5 1.509437095279471 18
0000 0009 1710214144581 -34.9375 -61.0 1.41126232485479 18
0000 0014 1710214144581 -104.125 -66.0 5.994796919057086 18
0000 0008 1710214144582 -6.5 -56.0 4.933282213840222 18
0000 0002 1710214144582 -13.0 -71.0 6.227961998815704 18
0000 0014 1710214144806 -100.875 -67.0 5.9088939949354895 18
0000 0008 1710214144806 -45.5625 -56.0 4.9823695990525625 18
0000 0003 1710214144806 -45.5625 -60.5 2.650718801466388 18
0000 0007 1710214144807 104.125 -59.5 1.4419419406125027 18
0000 0011 1710214144807 3.25 -60.0 1.1965050145508 18
0000 0010 1710214144807 -58.5625 -67.0 2.1046216409791 18
0000 0015 1710214144808 19.5 -59.5 1.6505633277649499 18
0000 0005 1710214144808 16.25 -54.5 5.264622064023521 18
0000 0012 1710214144808 81.375 -67.5 4.362641360746763 18
0000 0002 1710214144809 22.75 -71.5 6.080699843178682 18
0000 0009 1710214144809 13.8125 -61.5 1.3621749396424494 18
0000 0006 1710214144809 -39.0 -61.5 1.6873788666742053 18
0000 0004 1710214144809 -16.25 -59.5 2.6813984172241008 18
0000 0000 1710214144810 -19.5 -59.5 5.2339424482658075 18
0000 0004 1710214144810 13.0 -59.5 2.675262494072558 18
0000 0010 1710214144810 130.1875 -67.5 1.8407769454627694 18
0000 0000 1710214144811 6.5 -59.0 5.184855063053467 18
0000 0006 1710214144812 48.8125 -61.5 1.5155730184310134 18
0000 0007 1710214144812 19.5 -59.0 1.509437095279471 18
0000 0009 1710214144812 45.5625 -61.0 1.3499030933393643 18
0000 0003 1710214144813 -48.8125 -61.0 2.662990647769473 18
0000 0002 1710214144813 -16.25 -69.5 6.160466844148735 18
0000 0014 1710214144813 29.25 -66.5 5.730952223540755 18
0000 0005 1710214144814 -13.0 -54.5 5.301437602932776 18
0000 0008 1710214144814 -39.0 -56.0 4.945554060143307 18
0000 0015 1710214144814 -3.25 -60.0 1.7241944055834606 18
0000 0011 1710214144815 -22.75 -60.0 1.2087768608538851 18
0000 0012 1710214144815 -61.8125 -67.5 4.76147636559703 18
