0000 0014 1710214194078 19.5 -64.5 5.264622064023521 18
0000 0005 1710214194078 42.3125 -60.0 6.2034183062095325 18
0000 0002 1710214194079 35.75 -66.5 0.8467573949128739 18
0000 0004 1710214194079 -19.5 -60.0 3.448388811166921 18
0000 0006 1710214194080 -81.375 -69.5 3.2459033471660166 18
0000 0009 1710214194080 -65.875 -71.5 5.632777453116074 18
0000 0010 1710214194080 -22.75 -71.0 3.5772431973493153 18
0000 0003 1710214194081 -19.5 -62.0 3.436116964863836 18
0000 0000 1710214194081 -65.0625 -58.5 4.884194828627882 18
0000 0007 1710214194081 -39.0 -67.5 2.098485717827557 18
0000 0011 1710214194083 17.6875 -77.0 5.939573610693203 18
0000 0010 1710214194083 -48.8125 -70.0 3.8288160465625602 18
0000 0008 1710214194083 -13.0 -57.5 2.2212041808584084 18
0000 0000 1710214194084 -27.625 -58.5 4.792155981354743 18
0000 0005 1710214194084 13.0 -60.0 6.270913460876501 18
0000 0014 1710214194084 16.25 -65.5 5.252350217720435 18
0000 0015 1710214194085 -39.0 -61.5 2.1046216409791 18
0000 0007 1710214194085 87.875 -68.0 1.9266798695843652 18
0000 0004 1710214194085 -13.0 -60.0 3.429981041712294 18
0000 0006 1710214194086 -6.5 -69.5 3.184544115650591 18
0000 0002 1710214194086 -3.25 -66.5 1.0246991663076084 18
0000 0003 1710214194086 58.5625 -62.5 3.313398501832985 18
0000 0009 1710214194087 201.8125 -71.0 5.019185137961818 18
0000 0011 1710214194187 12.1875 -77.0 6.2034183062095325 18
0000 0008 1710214194354 -9.75 -57.5 2.2396119503130363 18
0000 0009 1710214194354 218.875 -71.0 5.197126909356553 18
0000 0007 1710214194354 -48.8125 -68.5 2.086213871524472 18
0000 0004 1710214194355 3.25 -60.5 3.393165502803038 18
0000 0015 1710214194355 -22.75 -61.0 2.067806102069844 18
0000 0010 1710214194355 -9.75 -70.5 3.5588354278946874 18
0000 0005 1710214194356 38.1875 -60.5 6.227961998815704 18
0000 0002 1710214194356 107.375 -66.0 0.803805932852076 18
0000 0000 1710214194357 -29.25 -58.5 4.816699673960914 18
0000 0003 1710214194357 -52.0625 -62.5 3.485204350076177 18
0000 0006 1710214194357 -32.5 -70.0 2.9820586516496865 18
0000 0014 1710214194358 74.8125 -65.0 5.086680292628786 18
0000 0011 1710214194359 9.125 -77.5 6.12365130523948 18
0000 0002 1710214194359 104.125 -66.5 0.8099418560036186 18
0000 0014 1710214194359 -182.25 -65.0 5.534602682691394 18
0000 0004 1710214194360 -3.25 -60.5 3.429981041712294 18
0000 0015 1710214194360 68.3125 -61.5 1.9389517158874505 18
0000 0005 1710214194360 -38.1875 -60.5 0.05522330836388308 18
0000 0000 1710214194361 6.5 -58.5 4.743068596142402 18
0000 0003 1710214194361 -9.75 -62.0 3.485204350076177 18
0000 0008 1710214194361 13.0 -58.0 2.2212041808584084 18
0000 0010 1710214194362 -29.25 -71.5 3.6570101983193686 18
0000 0009 1710214194362 -93.5625 -71.0 5.516194913236766 18
0000 0006 1710214194363 55.3125 -70.5 2.9513790358919736 18
0000 0007 1710214194363 -107.375 -68.0 2.2764274892222915 18
0000 0011 1710214194437 22.5625 -77.5 6.074563920027139 18
0000 0005 1710214194591 42.3125 -60.5 6.258641614573416 18
0000 0003 1710214194591 19.5 -62.5 3.429981041712294 18
0000 0002 1710214194591 97.625 -67.0 0.7792622402459057 18
0000 0008 1710214194591 9.75 -57.5 2.2089323345553233 18
0000 0015 1710214194592 0.0 -61.0 2.030990563160589 18
0000 0000 1710214194592 -16.25 -59.0 4.773748211900116 18
0000 0004 1710214194592 -42.3125 -60.5 3.429981041712294 18
0000 0007 1710214194593 -22.75 -67.5 2.073942025221387 18
0000 0014 1710214194593 29.25 -65.0 5.221670601962723 18
0000 0006 1710214194593 -221.3125 -70.5 3.3747577333484107 18
0000 0009 1710214194594 24.375 -72.0 5.418020142812084 18
0000 0010 1710214194594 6.5 -71.5 3.6201946594101133 18
0000 0011 1710214194594 4.25 -76.5 6.17273869045182 18
0000 0015 1710214194595 -13.0 -61.0 2.067806102069844 18
0000 0009 1710214194595 65.875 -71.5 5.399612373357457 18
0000 0000 1710214194596 -13.0 -58.5 4.7860200582032 18
0000 0005 1710214194596 3.25 -60.5 0.006135923151542565 18
0000 0007 1710214194596 6.5 -68.0 2.0493983326152168 18
0000 0003 1710214194597 -13.0 -62.5 3.454524734318464 18
0000 0008 1710214194597 16.25 -57.5 2.1905245651006955 18
0000 0014 1710214194597 13.0 -64.5 5.129631754689584 18
0000 0004 1710214194598 -22.75 -60.5 3.423845118560751 18
0000 0010 1710214194598 -110.625 -73.0 3.6692820446224537 18
0000 0002 1710214194598 -35.75 -66.5 1.0185632431560658 18
0000 0006 1710214194599 -110.625 -69.5 3.1784081924990484 18
0000 0011 1710214194687 20.125 -77.0 6.000932842208628 18
0000 0004 1710214194846 -9.75 -61.0 3.411573272257666 18
0000 0002 1710214194846 -3.25 -66.5 0.9265243958829272 18
0000 0005 1710214194846 3.25 -60.5 0.0 18
0000 0014 1710214194847 -68.3125 -65.0 5.2768939103266055 18
0000 0008 1710214194847 29.25 -57.5 2.1782527187976104 18
0000 0000 1710214194847 0.0 -58.5 4.779884135051658 18
0000 0009 1710214194848 0.0 -72.0 5.252350217720435 18
0000 0006 1710214194848 26.0 -69.0 3.000466421104314 18
0000 0015 1710214194848 -35.75 -61.0 2.061670178918302 18
0000 0003 1710214194849 -29.25 -63.0 3.509748042682347 18
0000 0007 1710214194849 0.0 -67.5 2.1046216409791 18
0000 0010 1710214194849 -32.5 -72.0 3.736777199289422 18
0000 0011 1710214194850 18.875 -77.0 6.019340611663256 18
0000 0006 1710214194850 0.0 -69.0 3.031146036862027 18
0000 0015 1710214194850 42.3125 -61.0 2.000310947402876 18
0000 0007 1710214194851 87.875 -67.5 1.9266798695843652 18
0000 0008 1710214194851 19.5 -57.5 2.1537090261914402 18
0000 0014 1710214194851 84.625 -65.5 5.227806525114265 18
0000 0009 1710214194852 52.0625 -71.0 5.393476450205914 18
0000 0005 1710214194852 -22.75 -60.5 0.03681553890925539 18
0000 0000 1710214194852 0.0 -58.5 4.7307967498393175 18
0000 0002 1710214194853 -13.0 -66.5 1.0369710126106935 18
0000 0003 1710214194853 -39.0 -63.0 3.4177091954092087 18
0000 0004 1710214194853 0.0 -60.0 3.356349963893783 18
0000 0010 1710214194854 16.25 -71.5 3.6017868899554855 18
0000 0011 1710214194937 -7.3125 -77.0 6.14819499784565 18
0000 0000 1710214195090 -35.75 -58.5 4.798291904506286 18
0000 0005 1710214195090 -3.25 -60.5 6.277049384028044 18
0000 0002 1710214195091 -19.5 -66.0 1.043106935762236 18
0000 0015 1710214195091 26.0 -61.0 1.9757672547967058 18
0000 0003 1710214195091 -29.25 -62.5 3.436116964863836 18
0000 0009 1710214195092 -111.4375 -72.0 5.632777453116074 18
0000 0010 1710214195092 -19.5 -71.0 3.5895150436524004 18
0000 0004 1710214195092 -26.0 -60.5 3.393165502803038 18
0000 0007 1710214195093 35.75 -68.0 1.8039614065535141 18
0000 0008 1710214195093 -26.0 -57.0 2.2457478734645786 18
0000 0014 1710214195093 32.5 -64.5 5.184855063053467 18
0000 0006 1710214195094 68.3125 -69.0 2.8777479580734626 18
0000 0011 1710214195094 10.9375 -77.5 6.000932842208628 18
0000 0003 1710214195094 32.5 -62.5 3.399301425954581 18
0000 0005 1710214195095 30.875 -61.0 6.2463697682703305 18
0000 0004 1710214195095 0.0 -60.5 3.3624858870453256 18
0000 0009 1710214195095 -59.375 -71.5 5.418020142812084 18
0000 0000 1710214195096 6.5 -58.5 4.718524903536232 18
0000 0006 1710214195096 104.125 -69.0 2.82252464970958 18
0000 0014 1710214195096 39.0 -65.5 5.190990986205009 18
0000 0007 1710214195097 175.75 -68.0 1.748738098189631 18
0000 0008 1710214195097 39.0 -57.0 2.1475731030398975 18
0000 0002 1710214195097 42.3125 -66.5 0.8774370106705868 18
0000 0015 1710214195097 -3.25 -61.0 2.0371264863121317 18
0000 0010 1710214195098 -120.4375 -72.0 3.785864584501762 18
0000 0011 1710214195187 18.875 -76.5 6.019340611663256 18
0000 0009 1710214195333 135.0625 -70.5 5.313709449235861 18
0000 0002 1710214195333 -9.75 -66.0 0.9572040116406401 18
0000 0000 1710214195333 13.0 -58.5 4.71238898038469 18
0000 0003 1710214195333 -32.5 -62.5 3.436116964863836 18
0000 0007 1710214195334 32.5 -67.5 1.7671458676442586 18
0000 0006 1710214195334 26.0 -70.0 2.8532042654672924 18
0000 0014 1710214195334 -3.25 -65.0 5.264622064023521 18
0000 0008 1710214195335 -13.0 -57.0 2.1537090261914402 18
0000 0004 1710214195335 -3.25 -61.0 3.3747577333484107 18
0000 0015 1710214195335 -3.25 -60.5 2.0493983326152168 18
0000 0010 1710214195336 32.5 -71.0 3.6263305825616556 18
0000 0005 1710214195336 7.3125 -60.0 6.270913460876501 18
0000 0011 1710214195336 6.0625 -77.0 6.2034183062095325 18
0000 0003 1710214195337 -94.375 -62.5 3.5772431973493153 18
0000 0010 1710214195337 -48.8125 -70.0 3.767456815047135 18
0000 0000 1710214195337 3.25 -58.5 4.724660826687775 18
0000 0015 1710214195337 32.5 -61.0 1.9941750242513334 18
0000 0006 1710214195337 61.8125 -70.5 2.945243112740431 18
0000 0014 1710214195337 0.0 -65.0 5.227806525114265 18
0000 0008 1710214195338 -6.5 -57.0 2.1782527187976104 18
0000 0009 1710214195338 -52.0625 -71.5 5.595961914206819 18
0000 0007 1710214195338 -35.75 -68.0 1.9757672547967058 18
0000 0004 1710214195339 -9.75 -60.5 3.3379421944391554 18
0000 0002 1710214195339 39.0 -66.5 0.9019807032767571 18
0000 0005 1710214195340 10.5625 -60.5 6.270913460876501 18
0000 0011 1710214195437 26.8125 -77.0 6.043884304269426 18
0000 0000 1710214195575 22.75 -58.5 4.700117134081604 18
0000 0008 1710214195575 19.5 -57.0 2.141437179888355 18
0000 0010 1710214195576 -205.0625 -70.0 3.890175278077986 18
0000 0003 1710214195576 -35.75 -62.5 3.399301425954581 18
0000 0004 1710214195576 -48.8125 -60.5 3.4054373491061236 18
0000 0015 1710214195577 45.5625 -61.0 1.932815792735908 18
0000 0014 1710214195577 -81.375 -65.5 5.227806525114265 18
0000 0005 1710214195577 -27.625 -60.5 0.01227184630308513 18
0000 0006 1710214195578 133.4375 -71.0 2.7550294950426117 18
0000 0007 1710214195578 3.25 -67.5 1.9696313316451632 18
0000 0009 1710214195578 17.0625 -71.5 5.546874528994478 18
0000 0002 1710214195579 55.3125 -66.0 0.8099418560036186 18
0000 0011 1710214195579 -14.0 -77.5 0.01227184630308513 18
0000 0003 1710214195579 -13.0 -62.5 3.423845118560751 18
0000 0009 1710214195580 -13.8125 -70.5 5.448699758569798 18
0000 0006 1710214195580 -58.5625 -69.5 2.8716120349219203 18
0000 0014 1710214195580 -3.25 -65.0 5.227806525114265 18
0000 0008 1710214195581 -6.5 -57.0 2.141437179888355 18
0000 0002 1710214195581 61.8125 -66.5 0.8713010875190442 18
0000 0000 1710214195581 32.5 -58.5 4.681709364626977 18
0000 0005 1710214195582 9.75 -60.5 6.2463697682703305 18
0000 0007 1710214195582 110.625 -68.0 1.7855536370988863 18
0000 0010 1710214195582 0.0 -71.0 3.749049045592507 18
0000 0004 1710214195583 -16.25 -60.5 3.3379421944391554 18
0000 0015 1710214195584 -22.75 -61.0 2.0923497946760143 18
0000 0011 1710214195687 3.625 -77.5 6.105243535784852 18
0000 0015 1710214195825 39.0 -61.0 1.9941750242513334 18
0000 0007 1710214195826 71.5625 -68.0 1.8714565612204823 18
0000 0005 1710214195826 -24.375 -60.5 0.006135923151542565 18
0000 0004 1710214195826 -9.75 -61.0 3.3379421944391554 18
0000 0009 1710214195826 -38.1875 -70.5 5.577554144752192 18
0000 0008 1710214195827 22.75 -57.0 2.1475731030398975 18
0000 0000 1710214195827 9.75 -58.5 4.773748211900116 18
0000 0006 1710214195827 -107.375 -69.0 2.9943304979527716 18
0000 0002 1710214195828 -45.5625 -66.5 1.0983302441261191 18
0000 0003 1710214195828 35.75 -62.5 3.436116964863836 18
0000 0014 1710214195828 0.0 -65.0 5.21553467881118 18
0000 0010 1710214195829 -133.4375 -71.0 3.8533597391687304 18
0000 0011 1710214195829 13.375 -77.0 6.007068765360171 18
0000 0005 1710214195829 26.0 -60.0 0.04908738521234052 18
0000 0014 1710214195830 -65.0625 -65.0 5.418020142812084 18
0000 0006 1710214195830 78.0625 -68.5 2.5954954931025047 18
0000 0009 1710214195831 125.3125 -72.5 5.442563835418255 18
0000 0008 1710214195831 -22.75 -57.5 2.3746022596469727 18
0000 0007 1710214195831 61.8125 -68.0 1.8775924843720249 18
0000 0000 1710214195831 32.5 -58.5 5.043728830567988 18
0000 0015 1710214195832 0.0 -61.0 2.055534255766759 18
0000 0002 1710214195832 -29.25 -66.0 1.4051264017032472 18
0000 0004 1710214195832 16.25 -60.5 3.466796580621549 18
0000 0003 1710214195833 0.0 -63.0 3.810408277107933 18
0000 0010 1710214195833 -117.125 -70.5 3.724505352986337 18
0000 0011 1710214195937 -9.75 -77.5 5.945709533844745 18
0000 0007 1710214196078 29.25 -66.0 1.7548740213411735 18
0000 0015 1710214196079 35.75 -60.5 1.8285050991596843 18
0000 0004 1710214196079 -39.0 -61.0 3.902447124381071 18
0000 0010 1710214196079 123.6875 -71.5 3.3502140407422405 18
0000 0002 1710214196079 110.625 -65.5 2.0493983326152168 18
0000 0014 1710214196080 -19.5 -64.5 5.21553467881118 18
0000 0005 1710214196080 9.75 -59.0 0.6258641614573416 18
0000 0006 1710214196080 -71.5625 -67.5 3.074097498922825 18
0000 0003 1710214196081 6.5 -62.0 4.755340442445488 18
0000 0000 1710214196081 3.25 -59.5 6.031612457966341 18
0000 0009 1710214196081 358.0625 -74.0 5.031456984264903 18
0000 0008 1710214196082 -32.5 -57.0 2.8409324191642074 18
0000 0011 1710214196082 -0.5625 -77.5 5.982525072754001 18
0000 0014 1710214196082 -22.75 -65.0 5.2768939103266055 18
0000 0007 1710214196083 133.4375 -65.0 2.2641556429192065 18
0000 0004 1710214196083 16.25 -63.0 4.73693267299086 18
0000 0008 1710214196083 -22.75 -57.5 3.5711072741977725 18
0000 0000 1710214196084 9.75 -59.0 1.3867186322486196 18
0000 0015 1710214196084 52.0625 -61.0 1.5707963267948966 18
0000 0005 1710214196085 3.25 -56.0 1.6689710972195777 18
0000 0006 1710214196085 -71.5625 -67.0 3.479068426924634 18
0000 0003 1710214196086 35.75 -62.0 6.270913460876501 18
0000 0002 1710214196086 -16.25 -66.5 3.859495662320273 18
0000 0010 1710214196086 16.25 -71.0 4.28287435977671 18
0000 0009 1710214196197 9.125 -77.0 5.957981380147831 18
0000 0011 1710214196197 -17.0625 -78.0 6.117515382087937 18
0000 0008 1710214196333 13.0 -59.5 4.700117134081604 18
0000 0007 1710214196333 9.75 -62.5 3.031146036862027 18
0000 0005 1710214196333 -19.5 -53.5 2.6568547246179306 18
0000 0014 1710214196334 -68.3125 -64.5 5.47937937432751 18
0000 0004 1710214196334 16.25 -64.5 0.5460971604872883 18
0000 0015 1710214196334 19.5 -60.5 1.5953400194010667 18
0000 0002 1710214196335 -39.0 -68.0 5.620505606812989 18
0000 0010 1710214196335 71.5625 -69.5 5.246214294568893 18
0000 0000 1710214196335 21.125 -58.0 3.2704470397721868 18
0000 0006 1710214196336 -45.5625 -65.5 4.522175362686871 18
0000 0003 1710214196336 22.75 -63.0 1.9880391010997909 18
0000 0009 1710214196336 -48.8125 -73.0 0.803805932852076 18
0000 0011 1710214196337 17.4375 -74.0 4.3933209765044765 18
0000 0014 1710214196337 -84.625 -64.5 5.64504929941916 18
0000 0011 1710214196337 -91.125 -70.5 5.921165841238575 18
0000 0004 1710214196338 6.5 -60.5 2.4911847995262812 18
0000 0010 1710214196338 -6.5 -65.0 2.3439226438892597 18
0000 0009 1710214196338 17.0625 -65.5 2.9513790358919736 18
0000 0003 1710214196339 3.25 -66.5 4.773748211900116 18
0000 0007 1710214196339 6.5 -62.0 4.614214209960009 18
0000 0015 1710214196339 48.8125 -60.0 1.4419419406125027 18
0000 0000 1710214196340 -74.8125 -62.0 5.755495916146925 18
0000 0005 1710214196340 -52.0625 -56.0 4.06811704947272 18
0000 0002 1710214196340 26.0 -69.0 0.9572040116406401 18
0000 0008 1710214196341 13.0 -65.0 2.5586799541932495 18
0000 0006 1710214196341 -6.5 -64.5 0.25157284921324513 18
0000 0012 1710214196602 -8.3125 -77.5 5.8659425328746915 18
0000 0015 1710214196602 26.0 -59.5 1.3560390164909069 18
0000 0007 1710214196603 61.8125 -62.5 1.3314953238847365 18
0000 0010 1710214196603 -68.3125 -64.5 4.9823695990525625 18
0000 0014 1710214196603 -55.3125 -64.5 5.43029198911517 18
0000 0006 1710214196604 22.75 -62.5 2.386874105950058 18
0000 0000 1710214196604 -19.5 -58.5 1.7732817907958012 18
0000 0008 1710214196604 3.25 -54.0 4.651029748869264 18
0000 0012 1710214196605 260.375 -75.0 2.325514874434632 18
0000 0009 1710214196605 -38.1875 -69.0 0.14726215563702155 18
0000 0003 1710214196605 -13.0 -61.0 0.5829126993965437 18
0000 0005 1710214196606 -39.0 -66.0 1.6689710972195777 18
0000 0004 1710214196606 -6.5 -61.0 4.565126824747668 18
0000 0002 1710214196606 -6.5 -72.5 3.5588354278946874 18
0000 0011 1710214196607 2.5625 -72.5 1.1474176293384597 18
0000 0009 1710214196608 38.1875 -63.5 3.2397674240144743 18
0000 0008 1710214196608 0.0 -58.5 6.037748381117884 18
0000 0011 1710214196608 16.25 -68.5 1.607611865704152 18
0000 0014 1710214196609 -6.5 -61.5 5.105088062083414 18
0000 0006 1710214196609 0.0 -62.0 3.436116964863836 18
0000 0002 1710214196609 -143.1875 -71.5 4.522175362686871 18
0000 0004 1710214196610 19.5 -60.5 5.970253226450915 18
0000 0015 1710214196610 3.25 -59.0 1.2946797849754812 18
0000 0007 1710214196610 -19.5 -57.5 2.5893595699509624 18
0000 0000 1710214196611 10.5625 -60.5 2.834796496012665 18
0000 0003 1710214196611 9.75 -62.0 1.1965050145508 18
0000 0012 1710214196611 -19.5 -70.0 4.804427827657828 18
0000 0005 1710214196612 -24.375 -59.0 3.147728576741336 18
0000 0007 1710214196837 -48.8125 -59.5 3.08636934522591 18
0000 0004 1710214196837 9.75 -59.5 0.4724660826687775 18
0000 0011 1710214196837 -19.5 -62.0 3.6079228131070282 18
0000 0005 1710214196837 -38.1875 -57.5 3.3747577333484107 18
0000 0000 1710214196838 -3.25 -61.5 3.54042765844006 18
0000 0015 1710214196838 16.25 -58.5 1.1596894756415448 18
0000 0009 1710214196838 -24.375 -60.0 4.6878452877785195 18
0000 0006 1710214196839 16.25 -63.5 4.399456899656019 18
0000 0012 1710214196839 -87.875 -70.5 4.4976316700806995 18
0000 0003 1710214196839 -32.5 -65.0 1.41126232485479 18
0000 0014 1710214196840 -6.5 -62.0 4.908738521234052 18
0000 0008 1710214196840 -87.875 -61.0 2.4850488763747385 18
0000 0002 1710214196840 -26.0 -71.0 4.816699673960914 18
0000 0009 1710214196841 21.125 -60.5 5.332117218690489 18
0000 0011 1710214196841 0.0 -62.5 4.773748211900116 18
0000 0012 1710214196841 -45.5625 -66.5 3.902447124381071 18
0000 0006 1710214196842 -3.25 -63.0 5.307573526084319 18
0000 0008 1710214196842 -13.0 -59.5 3.147728576741336 18
0000 0010 1710214196842 19.5 -70.0 0.8222137023067037 18
0000 0007 1710214196843 -45.5625 -63.0 3.9147189706841563 18
0000 0014 1710214196843 35.75 -63.5 4.792155981354743 18
0000 0004 1710214196843 -6.5 -58.5 0.9633399347921826 18
0000 0000 1710214196844 -24.375 -62.0 3.77972866135022 18
0000 0002 1710214196844 -71.5625 -71.5 4.724660826687775 18
0000 0015 1710214196844 6.5 -58.0 1.2578642460662257 18
0000 0003 1710214196845 -35.75 -65.5 1.2885438618239387 18
0000 0005 1710214196845 0.0 -58.0 3.6447383520162835 18
0000 0003 1710214197072 -19.5 -64.5 1.337631247036279 18
0000 0000 1710214197072 -17.0625 -61.5 3.8717675086233583 18
0000 0002 1710214197072 104.125 -72.0 4.6878452877785195 18
0000 0004 1710214197072 -6.5 -58.0 1.2640001692177683 18
0000 0007 1710214197073 -9.75 -64.5 4.81056375080937 18
0000 0006 1710214197073 13.0 -62.0 5.915029918087033 18
0000 0009 1710214197074 -41.5 -60.5 5.890486225480862 18
0000 0005 1710214197075 -13.8125 -58.0 4.000621894805752 18
0000 0008 1710214197075 -3.25 -58.5 3.5588354278946874 18
0000 0012 1710214197075 6.5 -64.0 3.736777199289422 18
0000 0014 1710214197076 -39.0 -63.5 4.871922982324796 18
0000 0015 1710214197076 58.5625 -58.5 1.0799224746714913 18
0000 0011 1710214197076 -61.8125 -61.5 5.313709449235861 18
0000 0010 1710214197077 -110.625 -68.5 1.1474176293384597 18
0000 0005 1710214197077 -24.375 -57.5 4.184699589352029 18
0000 0000 1710214197077 -22.75 -62.0 4.049709280018092 18
0000 0012 1710214197077 -13.0 -63.5 3.7429131224409646 18
0000 0004 1710214197078 -19.5 -58.5 1.4542137869155878 18
0000 0011 1710214197078 -48.8125 -62.0 5.565282298449106 18
0000 0006 1710214197078 -29.25 -63.5 6.264777537724958 18
0000 0002 1710214197079 55.3125 -71.0 4.773748211900116 18
0000 0014 1710214197079 -9.75 -63.5 4.890330751779424 18
0000 0009 1710214197079 -21.125 -60.5 6.258641614573416 18
0000 0008 1710214197080 13.0 -58.5 3.7429131224409646 18
0000 0007 1710214197080 -29.25 -64.5 5.442563835418255 18
0000 0015 1710214197080 6.5 -58.5 1.0921943209745766 18
0000 0003 1710214197081 39.0 -64.5 1.5033011721279284 18
0000 0010 1710214197081 -78.0625 -68.0 1.2885438618239387 18
0000 0009 1710214197307 3.25 -60.0 0.2699806186678728 18
0000 0007 1710214197307 16.25 -64.0 5.872078456026235 18
0000 0006 1710214197308 35.75 -62.0 0.14726215563702155 18
0000 0003 1710214197308 6.5 -63.5 1.7671458676442586 18
0000 0014 1710214197308 -29.25 -64.0 4.92714629068868 18
0000 0008 1710214197309 9.75 -58.5 3.933126740138784 18
0000 0012 1710214197309 -39.0 -65.0 3.816544200259475 18
0000 0004 1710214197309 -6.5 -58.0 1.6566992509164924 18
0000 0011 1710214197310 -32.5 -61.5 5.8659425328746915 18
0000 0000 1710214197310 17.0625 -61.5 4.239922897715912 18
0000 0005 1710214197310 0.0 -56.5 4.399456899656019 18
0000 0015 1710214197311 0.0 -59.0 1.086058397823034 18
0000 0010 1710214197311 120.4375 -68.0 1.2210487071569704 18
0000 0002 1710214197311 -182.25 -72.0 5.307573526084319 18
0000 0005 1710214197312 27.625 -56.5 4.632621979414636 18
0000 0003 1710214197312 -9.75 -62.5 1.9082721001297376 18
0000 0002 1710214197312 -97.625 -71.0 5.350524988145116 18
0000 0004 1710214197313 19.5 -58.0 1.6751070203711202 18
0000 0009 1710214197313 21.125 -59.5 0.3988350048502667 18
0000 0007 1710214197313 9.75 -62.5 0.28225246497095796 18
0000 0015 1710214197314 3.25 -58.5 1.0185632431560658 18
0000 0014 1710214197314 -84.625 -63.5 5.056000676871073 18
0000 0010 1710214197314 55.3125 -67.0 1.4419419406125027 18
0000 0012 1710214197315 9.75 -64.5 3.890175278077986 18
0000 0011 1710214197315 -13.0 -62.5 5.964117303299373 18
0000 0006 1710214197315 26.0 -62.0 0.34974761963792617 18
0000 0008 1710214197316 -26.0 -57.5 4.135612204139688 18
0000 0000 1710214197316 27.625 -61.5 4.491495746929157 18
0000 0002 1710214197438 -29.25 -71.5 5.393476450205914 18
0000 0011 1710214197438 -22.75 -62.5 6.1850105367549055 18
0000 0004 1710214197439 6.5 -57.5 1.7426021750380885 18
0000 0008 1710214197439 -6.5 -57.5 4.178563666200486 18
0000 0005 1710214197439 -21.125 -55.0 4.890330751779424 18
0000 0003 1710214197440 35.75 -62.0 2.086213871524472 18
0000 0012 1710214197440 -45.5625 -64.5 4.01902966426038 18
0000 0000 1710214197440 -41.5 -61.0 4.749204519293945 18
0000 0010 1710214197440 120.4375 -68.0 1.4787574795217582 18
0000 0007 1710214197441 42.3125 -62.0 0.6135923151542565 18
0000 0015 1710214197441 45.5625 -58.5 0.9817477042468103 18
0000 0014 1710214197441 3.25 -63.0 4.921010367537137 18
0000 0006 1710214197442 -61.8125 -62.5 0.5154175447295755 18
0000 0009 1710214197442 13.8125 -58.5 0.521553467881118 18
0000 0000 1710214197661 -9.75 -61.5 4.73693267299086 18
0000 0008 1710214197661 -13.0 -57.5 4.25833066717054 18
0000 0006 1710214197662 6.5 -61.5 0.4540583132141498 18
0000 0009 1710214197662 21.125 -59.0 0.5890486225480862 18
0000 0014 1710214197662 -52.0625 -63.5 5.00077736850719 18
0000 0015 1710214197663 29.25 -58.5 1.012427320004523 18
0000 0004 1710214197663 19.5 -58.0 1.7732817907958012 18
0000 0011 1710214197663 -13.0 -63.0 0.0674951546669682 18
0000 0005 1710214197664 -41.5 -54.5 4.9823695990525625 18
0000 0007 1710214197664 3.25 -61.0 0.760854470791278 18
0000 0012 1710214197664 -13.0 -65.0 3.9760782021995817 18
0000 0003 1710214197665 -42.3125 -62.0 2.270291566070749 18
0000 0002 1710214197665 81.375 -70.5 5.307573526084319 18
0000 0010 1710214197665 58.5625 -67.5 1.521708941582556 18
0000 0013 1710214197666 -5.9375 -74.0 5.988660995905543 18
0000 0011 1710214197666 -16.25 -62.0 0.11658253987930872 18
0000 0009 1710214197666 13.8125 -58.5 0.662679700366597 18
0000 0004 1710214197667 19.5 -58.0 1.7732817907958012 18
0000 0010 1710214197667 113.875 -67.5 1.5033011721279284 18
0000 0000 1710214197667 -48.8125 -61.5 4.81056375080937 18
0000 0015 1710214197667 -16.25 -58.5 1.0369710126106935 18
0000 0006 1710214197668 -16.25 -61.5 0.4970097752749477 18
0000 0003 1710214197668 -35.75 -62.0 2.2396119503130363 18
0000 0002 1710214197668 55.3125 -71.0 5.252350217720435 18
0000 0008 1710214197669 -35.75 -57.0 4.295146206079795 18
0000 0005 1710214197670 -7.3125 -54.5 4.957825906446392 18
0000 0014 1710214197670 13.0 -63.0 4.853515212870168 18
0000 0007 1710214197670 32.5 -61.0 0.8651651643675016 18
0000 0012 1710214197671 26.0 -65.0 3.8840393549264434 18
0000 0013 1710214197686 0.5625 -72.5 5.93343768754166 18
0000 0007 1710214197912 -3.25 -60.5 1.2087768608538851 18
0000 0005 1710214197912 -32.5 -55.0 5.0253210611133605 18
0000 0006 1710214197912 -26.0 -61.5 0.760854470791278 18
0000 0004 1710214197913 3.25 -58.0 1.8162332528565992 18
0000 0008 1710214197914 19.5 -57.0 4.252194744018997 18
0000 0015 1710214197914 22.75 -58.5 0.9633399347921826 18
0000 0011 1710214197914 13.0 -61.0 0.5706408530934585 18
0000 0012 1710214197915 48.8125 -64.0 4.319689898685965 18
0000 0014 1710214197915 -29.25 -64.0 5.086680292628786 18
0000 0000 1710214197915 -3.25 -61.0 4.565126824747668 18
0000 0009 1710214197916 27.625 -59.0 1.1290098598838318 18
0000 0013 1710214197916 19.5 -70.0 2.7857091108003242 18
0000 0010 1710214197916 -136.6875 -67.5 1.9512235621905356 18
0000 0003 1710214197917 -6.5 -61.0 2.030990563160589 18
0000 0002 1710214197917 -156.1875 -70.5 5.675728915176872 18
0000 0009 1710214197917 -7.3125 -59.0 1.1535535524900022 18
0000 0000 1710214197917 -32.5 -61.0 4.534447208989955 18
0000 0008 1710214197918 -16.25 -57.5 4.264466590322082 18
0000 0012 1710214197918 104.125 -63.0 4.196971435655114 18
0000 0004 1710214197918 22.75 -58.0 1.736466251886546 18
0000 0007 1710214197919 74.8125 -60.5 1.184233168247715 18
0000 0002 1710214197919 133.4375 -70.5 5.031456984264903 18
0000 0010 1710214197919 -48.8125 -67.5 1.8346410223112268 18
0000 0006 1710214197920 16.25 -62.0 0.6933593161243098 18
0000 0015 1710214197921 16.25 -58.5 0.9510680884890975 18
0000 0014 1710214197921 3.25 -64.0 4.994641445355648 18
0000 0003 1710214197921 -6.5 -61.5 2.024854640009046 18
0000 0011 1710214197922 22.75 -61.5 0.6258641614573416 18
0000 0005 1710214197922 7.3125 -55.0 4.994641445355648 18
0000 0013 1710214197922 -61.8125 -69.5 2.8286605728611223 18
0000 0014 1710214198149 -22.75 -63.5 5.0253210611133605 18
0000 0009 1710214198149 7.3125 -59.5 1.1351457830353744 18
0000 0011 1710214198149 9.75 -61.5 0.6994952392758523 18
0000 0010 1710214198149 -78.0625 -68.0 2.0800779483729293 18
0000 0006 1710214198150 26.0 -62.0 0.6933593161243098 18
0000 0000 1710214198150 0.0 -61.0 4.460816131171445 18
0000 0013 1710214198150 -87.875 -70.0 2.8716120349219203 18
0000 0015 1710214198151 6.5 -59.0 0.9817477042468103 18
0000 0008 1710214198151 -22.75 -57.5 4.246058820867455 18
0000 0005 1710214198151 10.5625 -54.5 4.994641445355648 18
0000 0003 1710214198152 6.5 -61.0 1.9941750242513334 18
0000 0012 1710214198152 16.25 -63.5 4.325825821837508 18
0000 0004 1710214198152 52.0625 -58.0 1.6566992509164924 18
0000 0007 1710214198153 3.25 -60.5 1.3130875544301088 18
0000 0002 1710214198153 -74.8125 -69.5 5.516194913236766 18
0000 0010 1710214198153 263.625 -68.0 1.4664856332186729 18
0000 0008 1710214198154 -16.25 -57.5 4.2092432819582 18
0000 0003 1710214198154 65.0625 -61.0 1.8775924843720249 18
0000 0005 1710214198154 -27.625 -55.0 5.043728830567988 18
0000 0006 1710214198155 42.3125 -62.0 0.6013204688511713 18
0000 0007 1710214198155 32.5 -60.5 1.3069516312785663 18
0000 0000 1710214198155 -71.5625 -61.0 4.473087977474529 18
0000 0012 1710214198156 0.0 -63.5 4.381049130201391 18
0000 0004 1710214198156 9.75 -58.0 1.6689710972195777 18
0000 0015 1710214198156 16.25 -58.5 0.9817477042468103 18
0000 0014 1710214198156 -3.25 -63.5 5.0682725231741586 18
0000 0009 1710214198157 -3.25 -60.0 1.0983302441261191 18
0000 0011 1710214198158 52.0625 -61.5 0.6320000846088841 18
0000 0002 1710214198158 -32.5 -70.5 5.227806525114265 18
0000 0013 1710214198158 26.0 -69.5 2.6691265709210157 18
0000 0014 1710214198388 -58.5625 -64.0 5.006913291658733 18
0000 0010 1710214198388 146.4375 -68.0 1.6996507129772904 18
0000 0012 1710214198389 13.0 -63.0 4.399456899656019 18
0000 0013 1710214198389 19.5 -69.5 2.834796496012665 18
0000 0005 1710214198389 -32.5 -55.0 5.074408446325701 18
0000 0002 1710214198390 -65.0625 -72.0 5.111223985234957 18
0000 0000 1710214198390 -13.0 -61.5 4.319689898685965 18
0000 0006 1710214198390 6.5 -62.5 0.662679700366597 18
0000 0004 1710214198391 -32.5 -58.0 1.6689710972195777 18
0000 0007 1710214198391 3.25 -60.0 1.41126232485479 18
0000 0008 1710214198391 13.0 -57.0 4.172427743048944 18
0000 0003 1710214198392 42.3125 -61.5 1.8285050991596843 18
0000 0009 1710214198392 38.1875 -60.5 1.0676506283684062 18
0000 0015 1710214198392 6.5 -58.5 0.9878836273983529 18
0000 0011 1710214198393 -22.75 -61.0 0.7731263170943632 18
0000 0000 1710214198393 -13.0 -61.0 4.344233591292136 18
0000 0006 1710214198393 16.25 -62.0 0.6135923151542565 18
0000 0005 1710214198394 -3.25 -54.5 5.092816215780329 18
0000 0003 1710214198394 45.5625 -61.5 1.859184714917397 18
0000 0015 1710214198394 -16.25 -58.5 1.012427320004523 18
0000 0013 1710214198395 107.375 -69.0 2.5586799541932495 18
0000 0007 1710214198395 -3.25 -60.0 1.5033011721279284 18
0000 0011 1710214198395 22.75 -61.5 0.7179030087304801 18
0000 0009 1710214198396 35.75 -60.5 1.0369710126106935 18
0000 0012 1710214198396 48.8125 -63.0 4.295146206079795 18
0000 0002 1710214198396 81.375 -71.5 4.773748211900116 18
0000 0014 1710214198397 29.25 -64.0 5.00077736850719 18
0000 0010 1710214198397 -123.6875 -68.5 2.1598449493429825 18
0000 0008 1710214198397 -29.25 -57.5 4.2031073588066565 18
0000 0004 1710214198398 26.0 -58.5 1.5278448647340985 18
0000 0003 1710214198626 58.5625 -61.0 1.7978254834019713 18
0000 0004 1710214198626 52.0625 -58.5 1.4971652489763858 18
0000 0014 1710214198627 -61.8125 -64.5 5.141903600992669 18
0000 0010 1710214198627 45.5625 -69.0 1.7855536370988863 18
0000 0005 1710214198627 16.25 -55.0 5.056000676871073 18
0000 0000 1710214198628 -6.5 -61.0 4.252194744018997 18
0000 0012 1710214198628 -55.3125 -63.0 4.466952054322987 18
0000 0015 1710214198628 0.0 -58.5 0.9940195505498954 18
0000 0006 1710214198628 35.75 -62.0 0.5338253141842031 18
0000 0008 1710214198629 -3.25 -57.5 4.154019973594316 18
0000 0007 1710214198629 81.375 -60.0 1.3928545554001621 18
0000 0011 1710214198630 6.5 -61.5 0.760854470791278 18
0000 0009 1710214198631 -17.0625 -61.5 1.086058397823034 18
0000 0002 1710214198631 81.375 -70.5 4.890330751779424 18
0000 0013 1710214198631 -65.0625 -69.0 2.8654761117703775 18
0000 0008 1710214198631 26.0 -57.5 4.086524818927348 18
0000 0012 1710214198632 -9.75 -63.0 4.3933209765044765 18
0000 0006 1710214198632 52.0625 -62.0 0.5031456984264903 18
0000 0005 1710214198632 -17.0625 -55.0 5.135767677841127 18
0000 0007 1710214198633 68.3125 -60.0 1.4173982480063325 18
0000 0013 1710214198633 -3.25 -68.5 2.773437264497239 18
0000 0015 1710214198633 -16.25 -58.5 1.0737865515199487 18
0000 0009 1710214198634 17.0625 -61.5 1.0615147052168636 18
0000 0004 1710214198634 32.5 -58.5 1.4419419406125027 18
0000 0003 1710214198634 6.5 -61.5 1.88986433067511 18
0000 0011 1710214198635 -3.25 -61.0 0.7117670855789375 18
0000 0014 1710214198635 -91.125 -65.0 5.197126909356553 18
0000 0002 1710214198635 32.5 -70.5 4.71238898038469 18
0000 0010 1710214198636 97.625 -69.0 1.6812429435226628 18
0000 0000 1710214198636 -19.5 -61.5 4.276738436625168 18
0000 0009 1710214198862 24.375 -61.5 1.055378782065321 18
0000 0004 1710214198862 26.0 -58.0 1.4664856332186729 18
0000 0002 1710214198862 -26.0 -72.5 4.970097752749477 18
0000 0008 1710214198863 6.5 -57.5 4.147884050442774 18
0000 0012 1710214198863 6.5 -63.0 4.374913207049849 18
0000 0014 1710214198863 -3.25 -64.5 5.074408446325701 18
0000 0011 1710214198864 13.0 -61.5 0.7363107781851077 18
0000 0003 1710214198864 32.5 -61.5 1.8530487917658545 18
0000 0013 1710214198864 81.375 -69.0 2.4850488763747385 18
0000 0000 1710214198865 -9.75 -61.5 4.28287435977671 18
0000 0005 1710214198865 19.5 -54.5 5.141903600992669 18
0000 0015 1710214198865 35.75 -58.5 0.9878836273983529 18
0000 0007 1710214198866 -32.5 -59.5 1.5830681730979816 18
0000 0006 1710214198866 3.25 -62.0 0.5890486225480862 18
0000 0010 1710214198866 139.9375 -68.0 1.6505633277649499 18
0000 0005 1710214198867 -6.5 -54.5 5.178719139901925 18
0000 0010 1710214198867 -91.125 -68.0 2.098485717827557 18
0000 0013 1710214198867 -52.0625 -68.5 2.6875343403756435 18
0000 0007 1710214198868 -29.25 -59.5 1.552388557340269 18
0000 0009 1710214198868 21.125 -61.5 1.0921943209745766 18
0000 0015 1710214198868 13.0 -58.5 0.9940195505498954 18
0000 0012 1710214198869 -13.0 -63.5 4.313553975534423 18
0000 0011 1710214198869 81.375 -61.5 0.6933593161243098 18
0000 0004 1710214198869 19.5 -58.5 1.5033011721279284 18
0000 0003 1710214198870 104.125 -61.5 1.8039614065535141 18
0000 0008 1710214198870 19.5 -57.5 4.1417481272912315 18
0000 0000 1710214198870 -29.25 -61.5 4.381049130201391 18
0000 0006 1710214198870 35.75 -62.5 0.5338253141842031 18
0000 0014 1710214198871 -42.3125 -64.5 5.105088062083414 18
0000 0002 1710214198871 -68.3125 -72.0 5.160311370447297 18
