0001 0004 1711697956721 29.25 -69.0 4.129476280988146 11
0001 0001 1711697956721 19.5 -56.5 1.9696313316451632 11
0001 0011 1711697956721 -29.25 -68.0 3.522019888985432 11
0001 0010 1711697956722 45.5625 -62.5 4.957825906446392 11
0001 0013 1711697956723 -29.25 -58.0 3.2029518851052186 11
0001 0008 1711697956723 -42.3125 -69.5 5.8045833013592665 11
0001 0009 1711697956723 -13.0 -61.0 4.743068596142402 11
0001 0015 1711697956724 81.375 -66.5 0.5583690067903734 11
0001 0008 1711697956724 -3.25 -68.5 5.620505606812989 11
0001 0012 1711697956724 -133.4375 -73.0 5.829126993965437 11
0001 0013 1711697956725 6.5 -57.0 3.368621810196868 11
0001 0001 1711697956725 -13.0 -57.0 1.9082721001297376 11
0001 0009 1711697956726 -29.25 -60.5 4.822835597112456 11
0001 0015 1711697956726 29.25 -62.5 1.2210487071569704 11
0001 0011 1711697956726 29.25 -68.5 2.724349879284899 11
0001 0004 1711697956727 -35.75 -70.0 5.45483568172134 11
0001 0010 1711697956727 6.5 -60.5 0.5092816215780329 11
0001 0005 1711697956727 -13.0 -62.0 0.5706408530934585 11
0001 0007 1711697956844 -14.625 -72.5 0.4970097752749477 11
0001 0008 1711697956844 -17.0625 -68.0 5.749359992995383 11
0001 0015 1711697956844 -29.25 -66.0 0.6565437772150544 11
0001 0007 1711697956845 3.25 -69.0 0.7976700097005334 11
0001 0013 1711697956845 -16.25 -54.0 3.77972866135022 11
0001 0005 1711697956845 0.0 -59.0 5.841398840268521 11
0001 0011 1711697956846 58.5625 -68.0 4.2031073588066565 11
0001 0009 1711697956846 9.75 -62.0 5.411884219660542 11
0001 0001 1711697956846 -16.25 -57.0 1.7119225592803755 11
0001 0010 1711697956847 3.25 -58.0 1.8653206380689396 11
0001 0006 1711697957073 -0.625 -77.0 1.6751070203711202 11
0001 0012 1711697957074 7.3125 -72.5 2.662990647769473 11
0001 0009 1711697957075 -58.5625 -58.5 5.724816300389213 11
0001 0001 1711697957075 26.0 -57.0 1.7916895602504288 11
0001 0012 1711697957075 0.0 -69.5 0.5460971604872883 11
0001 0010 1711697957076 6.5 -66.5 0.6442719309119693 11
0001 0007 1711697957076 -22.75 -61.0 4.031301510563465 11
0001 0011 1711697957076 16.25 -60.5 4.411728745959104 11
0001 0005 1711697957077 -6.5 -61.0 3.9699422790480394 11
0001 0008 1711697957077 -38.1875 -67.5 5.651185222570702 11
0001 0015 1711697957077 5.6875 -66.0 1.576932249946439 11
0001 0008 1711697957078 -83.0 -67.5 5.209398755659637 11
0001 0015 1711697957078 29.25 -57.5 0.6320000846088841 11
0001 0012 1711697957079 -45.5625 -66.0 2.5034566458293663 11
0001 0009 1711697957079 -3.25 -58.5 5.190990986205009 11
0001 0001 1711697957079 6.5 -57.0 1.859184714917397 11
0001 0007 1711697957080 -52.0625 -61.5 3.429981041712294 11
0001 0005 1711697957080 -13.0 -61.0 3.0250101137104846 11
0001 0010 1711697957080 -45.5625 -71.0 6.22182607566416 11
0001 0012 1711697957298 -32.5 -64.0 2.6323110320117604 11
0001 0010 1711697957298 19.5 -68.0 0.30066023442558565 11
0001 0005 1711697957298 -32.5 -60.5 3.32567034813607 11
0001 0009 1711697957298 -13.0 -58.5 5.037592907416445 11
0001 0001 1711697957299 19.5 -57.0 1.7671458676442586 11
0001 0008 1711697957299 17.0625 -67.5 5.006913291658733 11
0001 0015 1711697957299 -22.75 -59.0 0.521553467881118 11
0001 0007 1711697957300 -6.5 -61.5 3.5281558121369745 11
0001 0006 1711697957300 -55.3125 -72.5 0.4724660826687775 11
0001 0012 1711697957300 -6.5 -64.0 2.055534255766759 11
0001 0007 1711697957301 -42.3125 -63.0 4.405592822807561 11
0001 0005 1711697957301 45.5625 -60.0 4.295146206079795 11
0001 0001 1711697957301 22.75 -57.0 1.3192234775816514 11
0001 0006 1711697957302 -9.75 -68.5 0.9633399347921826 11
0001 0011 1711697957302 -3.25 -59.5 4.037437433715008 11
0001 0010 1711697957302 3.25 -61.5 0.607456392002714 11
0001 0015 1711697957303 0.0 -57.0 4.669437518323892 11
0001 0009 1711697957303 -19.5 -60.5 5.049864753719531 11
0001 0008 1711697957303 -10.5625 -67.5 4.865787059173254 11
0001 0004 1711697957343 -9.125 -73.5 1.8162332528565992 11
0001 0005 1711697957523 22.75 -59.0 5.663457068873787 11
0001 0008 1711697957524 -68.3125 -67.5 5.258486140871978 11
0001 0001 1711697957524 -42.3125 -58.0 0.8835729338221293 11
0001 0010 1711697957524 -16.25 -64.0 0.35588354278946877 11
0001 0011 1711697957525 -42.3125 -61.5 5.019185137961818 11
0001 0013 1711697957525 74.8125 -73.5 1.0983302441261191 11
0001 0009 1711697957525 -22.75 -61.0 5.098952138931871 11
0001 0015 1711697957526 133.4375 -65.5 4.620350133111551 11
0001 0004 1711697957526 149.6875 -69.0 4.1172044346850605 11
0001 0011 1711697957526 65.0625 -63.0 3.5281558121369745 11
0001 0010 1711697957527 39.0 -62.0 0.4540583132141498 11
0001 0001 1711697957527 6.5 -58.5 0.5522330836388308 11
0001 0015 1711697957528 -45.5625 -63.0 5.835262917116979 11
0001 0008 1711697957528 3.25 -67.5 4.97623367590102 11
0001 0013 1711697957528 6.5 -61.5 1.1106020904292042 11
0001 0009 1711697957529 -26.0 -62.5 4.3074180523828804 11
0001 0005 1711697957529 9.75 -61.5 0.6442719309119693 11
0001 0004 1711697957529 45.5625 -71.5 2.1353012567368124 11
0001 0013 1711697957747 6.5 -60.5 1.6014759425526093 11
0001 0009 1711697957747 35.75 -63.0 3.6201946594101133 11
0001 0004 1711697957747 -100.875 -70.5 1.8775924843720249 11
0001 0001 1711697957748 32.5 -58.5 0.5522330836388308 11
0001 0005 1711697957748 35.75 -67.0 1.3130875544301088 11
0001 0010 1711697957748 -3.25 -61.0 5.651185222570702 11
0001 0008 1711697957749 -76.4375 -68.5 4.479223900626073 11
0001 0015 1711697957749 -39.0 -64.5 0.3620194659410113 11
0001 0014 1711697957749 49.625 -70.5 4.552854978444583 11
0001 0001 1711697957749 26.0 -58.5 0.42337869745643697 11
0001 0015 1711697957750 22.75 -66.0 5.945709533844745 11
0001 0005 1711697957750 -35.75 -68.0 1.6996507129772904 11
0001 0014 1711697957750 -58.5625 -66.5 1.1351457830353744 11
0001 0009 1711697957751 -9.75 -61.5 3.8963112012295285 11
0001 0010 1711697957751 -68.3125 -61.0 5.135767677841127 11
0001 0013 1711697957751 32.5 -59.5 2.141437179888355 11
0001 0008 1711697957752 -61.8125 -68.0 4.4976316700806995 11
0001 0004 1711697957844 4.875 -73.0 5.049864753719531 11
0001 0004 1711697957986 -74.8125 -71.0 2.9084275738311756 11
0001 0013 1711697957986 3.25 -58.0 2.36846633649543 11
0001 0009 1711697957986 9.75 -61.5 3.77972866135022 11
0001 0010 1711697957986 22.75 -61.5 5.792311455056181 11
0001 0001 1711697957987 -6.5 -58.5 0.30679615757712825 11
0001 0008 1711697957987 -10.5625 -68.5 4.424000592262189 11
0001 0005 1711697957987 -19.5 -66.5 1.5585244804918115 11
0001 0015 1711697957988 -35.75 -64.0 0.1349903093339364 11
0001 0011 1711697957988 -2.4375 -72.0 5.927301764390117 11
0001 0012 1711697957988 -0.5625 -77.0 4.3503695144436785 11
0001 0006 1711697957989 -2.6875 -76.0 2.9268353432858034 11
0001 0009 1711697957989 -19.5 -61.5 4.147884050442774 11
0001 0005 1711697957990 3.25 -62.5 0.5154175447295755 11
0001 0013 1711697957990 -6.5 -58.5 2.2396119503130363 11
0001 0001 1711697957990 -16.25 -58.0 0.23316507975861744 11
0001 0008 1711697957991 24.375 -68.0 4.4976316700806995 11
0001 0010 1711697957991 16.25 -58.5 0.9572040116406401 11
0001 0004 1711697957991 -45.5625 -69.0 4.859651136021712 11
0001 0011 1711697957992 0.0 -66.5 2.5157284921324514 11
0001 0015 1711697957992 65.0625 -65.5 5.473243451175968 11
0001 0006 1711697958093 0.5625 -74.5 0.9142525495798421 11
0001 0008 1711697958221 -34.9375 -68.0 4.565126824747668 11
0001 0001 1711697958221 -22.75 -57.5 0.37429131224409645 11
0001 0009 1711697958221 -19.5 -60.0 4.1417481272912315 11
0001 0007 1711697958222 -45.5625 -68.5 0.8958447801252144 11
0001 0015 1711697958222 81.375 -66.0 2.6813984172241008 11
0001 0010 1711697958222 16.25 -63.0 0.14112623248547898 11
0001 0005 1711697958223 -48.8125 -59.5 5.209398755659637 11
0001 0011 1711697958223 45.5625 -67.0 3.56497135104623 11
0001 0006 1711697958223 8.5 -76.0 5.872078456026235 11
0001 0008 1711697958224 -45.5625 -65.5 4.331961744989051 11
0001 0007 1711697958225 35.75 -62.5 3.6570101983193686 11
0001 0015 1711697958225 13.0 -59.0 0.32520392703175593 11
0001 0009 1711697958226 29.25 -60.0 4.718524903536232 11
0001 0012 1711697958226 -19.5 -63.0 2.282563412373834 11
0001 0010 1711697958226 -113.875 -67.5 6.025476534814799 11
0001 0001 1711697958227 -22.75 -58.0 0.6994952392758523 11
0001 0005 1711697958227 -32.5 -60.5 3.1906800388021335 11
0001 0011 1711697958227 -52.0625 -62.5 2.337786720737717 11
0001 0006 1711697958228 198.5625 -74.0 5.835262917116979 11
0001 0007 1711697958343 19.5 -63.5 2.442097414313941 11
0001 0009 1711697958344 -6.5 -59.5 4.626486056263094 11
0001 0006 1711697958344 68.3125 -70.5 6.111379458936394 11
0001 0011 1711697958344 9.75 -64.5 2.282563412373834 11
0001 0012 1711697958345 35.75 -61.5 2.141437179888355 11
0001 0005 1711697958345 48.8125 -59.0 2.2764274892222915 11
0001 0001 1711697958345 -16.25 -58.5 0.8160777791551611 11
0001 0015 1711697958346 0.0 -60.5 0.9326603190344698 11
0001 0008 1711697958346 55.3125 -69.0 4.448544284868359 11
0001 0010 1711697958346 45.5625 -66.5 0.1595340019401067 11
0001 0010 1711697958564 13.0 -64.0 0.1718058482431918 11
0001 0011 1711697958565 22.75 -59.5 3.706097583531709 11
0001 0001 1711697958565 9.75 -58.0 0.7240389318820226 11
0001 0008 1711697958565 -87.0625 -67.5 4.6448938257177215 11
0001 0009 1711697958566 19.5 -60.5 4.841243366567084 11
0001 0007 1711697958566 39.0 -62.0 2.8286605728611223 11
0001 0006 1711697958566 45.5625 -69.5 0.4724660826687775 11
0001 0015 1711697958567 -9.75 -56.0 5.540738605842936 11
0001 0005 1711697958567 13.0 -59.5 2.945243112740431 11
0001 0012 1711697958567 0.0 -66.0 1.41126232485479 11
0001 0015 1711697958568 100.875 -69.5 5.5100589900852235 11
0001 0006 1711697958568 172.5 -72.0 5.375068680751287 11
0001 0001 1711697958569 0.0 -58.0 0.5338253141842031 11
0001 0007 1711697958569 -19.5 -63.0 5.399612373357457 11
0001 0004 1711697958569 39.0 -65.0 5.325981295538946 11
0001 0010 1711697958570 35.75 -62.5 0.9326603190344698 11
0001 0005 1711697958570 -39.0 -59.5 4.878058905476339 11
0001 0013 1711697958570 -45.5625 -64.5 2.82252464970958 11
0001 0009 1711697958571 48.8125 -61.0 5.411884219660542 11
0001 0011 1711697958571 -35.75 -60.5 5.166447293598839 11
0001 0008 1711697958571 35.75 -67.0 5.148039524144211 11
0001 0015 1711697958792 -35.75 -67.0 0.5829126993965437 11
0001 0001 1711697958792 -29.25 -58.5 0.6933593161243098 11
0001 0004 1711697958793 84.625 -70.0 3.7429131224409646 11
0001 0009 1711697958793 -68.3125 -60.0 5.111223985234957 11
0001 0008 1711697958793 45.5625 -67.5 5.663457068873787 11
0001 0013 1711697958793 32.5 -63.5 1.761009944492716 11
0001 0005 1711697958794 -3.25 -60.0 0.1227184630308513 11
0001 0011 1711697958795 -52.0625 -63.0 4.4976316700806995 11
0001 0010 1711697958795 84.625 -63.0 1.3560390164909069 11
0001 0009 1711697958795 3.25 -62.0 4.749204519293945 11
0001 0011 1711697958796 -52.0625 -69.0 3.5833791205008576 11
0001 0001 1711697958796 19.5 -58.5 0.944932165337555 11
0001 0010 1711697958796 -39.0 -60.5 1.1780972450961724 11
0001 0013 1711697958797 13.0 -59.0 3.147728576741336 11
0001 0005 1711697958797 61.8125 -65.5 1.6014759425526093 11
0001 0015 1711697958797 3.25 -64.5 0.9572040116406401 11
0001 0008 1711697958798 73.1875 -68.5 5.190990986205009 11
0001 0004 1711697958798 166.0 -69.5 1.6935147898257479 11
0001 0014 1711697958853 3.0 -72.0 4.816699673960914 11
0001 0001 1711697959030 -9.75 -58.0 1.3069516312785663 11
0001 0009 1711697959031 6.5 -61.0 5.105088062083414 11
0001 0008 1711697959031 -125.3125 -70.0 6.000932842208628 11
0001 0015 1711697959031 26.0 -70.5 0.3313398501832985 11
0001 0005 1711697959032 -237.5625 -71.5 3.442252888015379 11
0001 0014 1711697959032 -42.3125 -69.0 1.9266798695843652 11
0001 0013 1711697959032 29.25 -58.5 3.2949907323783574 11
0001 0010 1711697959033 19.5 -63.0 0.7853981633974483 11
0001 0011 1711697959033 6.5 -67.5 4.172427743048944 11
0001 0004 1711697959033 12.1875 -72.5 5.013049214810275 11
0001 0010 1711697959034 -3.25 -62.0 1.9573594853420782 11
0001 0013 1711697959034 -26.0 -58.5 3.2888548092268146 11
0001 0011 1711697959035 13.0 -66.5 4.620350133111551 11
0001 0001 1711697959035 -35.75 -58.0 1.3867186322486196 11
0001 0009 1711697959035 -29.25 -61.0 5.399612373357457 11
0001 0008 1711697959036 9.75 -70.5 6.111379458936394 11
0001 0005 1711697959036 -201.8125 -72.0 3.5895150436524004 11
0001 0015 1711697959036 -19.5 -64.0 0.7363107781851077 11
0001 0012 1711697959093 -9.75 -75.0 5.660389107298016 11
0001 0004 1711697959094 0.5625 -72.5 1.030835089459151 11
0001 0014 1711697959094 -1.8125 -71.5 1.1535535524900022 11
0001 0005 1711697959263 -19.5 -65.0 1.718058482431918 11
0001 0001 1711697959263 42.3125 -58.0 1.509437095279471 11
0001 0011 1711697959263 19.5 -64.0 4.669437518323892 11
0001 0013 1711697959264 -52.0625 -58.0 4.724660826687775 11
0001 0004 1711697959264 -48.8125 -67.5 5.681864838328415 11
0001 0009 1711697959264 3.25 -59.5 5.700272607783043 11
0001 0015 1711697959264 -87.875 -69.0 5.743224069843841 11
0001 0008 1711697959265 -3.25 -69.0 0.11044661672776616 11
0001 0010 1711697959265 -19.5 -60.0 3.0250101137104846 11
0001 0010 1711697959265 -13.0 -60.5 2.172116795646068 11
0001 0005 1711697959266 13.0 -59.5 0.5522330836388308 11
0001 0008 1711697959266 -17.0625 -69.5 0.07363107781851078 11
0001 0009 1711697959267 -29.25 -58.5 5.810719224510809 11
0001 0011 1711697959267 -32.5 -62.5 5.595961914206819 11
0001 0007 1711697959267 42.3125 -65.0 3.3502140407422405 11
0001 0001 1711697959268 3.25 -57.5 1.9266798695843652 11
0001 0015 1711697959268 -113.875 -65.0 5.037592907416445 11
0001 0004 1711697959268 52.0625 -67.0 0.06135923151542565 11
0001 0006 1711697959354 10.625 -77.5 0.8958447801252144 11
0001 0012 1711697959354 2.6875 -75.0 1.227184630308513 11
0001 0015 1711697959495 19.5 -60.0 6.2463697682703305 11
0001 0012 1711697959495 13.0 -65.0 4.049709280018092 11
0001 0009 1711697959496 -22.75 -57.0 0.2945243112740431 11
0001 0011 1711697959496 3.25 -61.0 4.276738436625168 11
0001 0010 1711697959496 39.0 -62.0 2.779573187648782 11
0001 0005 1711697959497 -71.5625 -58.5 5.2768939103266055 11
0001 0001 1711697959497 -71.5625 -58.0 2.650718801466388 11
0001 0008 1711697959497 -94.375 -69.5 1.043106935762236 11
0001 0007 1711697959498 -107.375 -67.0 4.540583132141498 11
0001 0011 1711697959498 22.75 -61.5 4.651029748869264 11
0001 0001 1711697959498 52.0625 -58.0 2.9268353432858034 11
0001 0009 1711697959498 -19.5 -58.5 0.3129320807286708 11
0001 0005 1711697959499 42.3125 -61.5 4.608078286808466 11
0001 0010 1711697959500 13.0 -62.0 3.5711072741977725 11
0001 0008 1711697959500 39.0 -68.5 1.1903690913992575 11
0001 0012 1711697959500 19.5 -62.0 4.460816131171445 11
0001 0015 1711697959501 78.0625 -67.0 0.9326603190344698 11
0001 0007 1711697959501 -45.5625 -67.0 3.7122335066832517 11
0001 0006 1711697959716 257.125 -71.0 2.816388726558037 11
0001 0008 1711697959716 -69.125 -69.0 1.368310862793992 11
0001 0015 1711697959716 19.5 -57.0 5.8659425328746915 11
0001 0009 1711697959717 13.0 -59.5 0.42337869745643697 11
0001 0007 1711697959717 0.0 -66.5 4.571262747899211 11
0001 0012 1711697959717 -3.25 -63.0 3.6263305825616556 11
0001 0010 1711697959718 22.75 -62.5 3.2827188860752723 11
0001 0001 1711697959718 9.75 -58.5 3.0925052683774528 11
0001 0011 1711697959718 -3.25 -58.0 6.19728238305799 11
0001 0005 1711697959718 19.5 -58.5 5.921165841238575 11
0001 0008 1711697959719 -6.5 -67.5 1.4603497100671303 11
0001 0006 1711697959719 -78.0625 -66.0 2.6813984172241008 11
0001 0011 1711697959719 -6.5 -61.5 0.8774370106705868 11
0001 0010 1711697959720 16.25 -60.5 3.031146036862027 11
0001 0001 1711697959720 35.75 -58.5 3.0250101137104846 11
0001 0007 1711697959720 -74.8125 -65.5 1.846912868614312 11
0001 0005 1711697959721 -9.75 -58.0 0.7731263170943632 11
0001 0009 1711697959721 -6.5 -59.5 0.8344855486097889 11
0001 0015 1711697959843 4.25 -73.5 4.270602513473625 11
0001 0005 1711697959843 -94.375 -65.0 2.5832236467994196 11
0001 0010 1711697959844 -6.5 -57.5 2.5586799541932495 11
0001 0009 1711697959844 -22.75 -59.5 0.23316507975861744 11
0001 0004 1711697959844 -84.625 -66.0 0.01227184630308513 11
0001 0001 1711697959845 -3.25 -59.0 3.2827188860752723 11
0001 0011 1711697959845 -9.75 -64.0 5.5714182216006485 11
0001 0015 1711697959845 6.5 -66.5 2.227340104009951 11
0001 0008 1711697959846 -3.25 -69.0 1.4480778637640452 11
0001 0014 1711697960063 1.4375 -71.5 1.3867186322486196 11
0001 0014 1711697960063 -123.6875 -68.5 4.577398671050753 11
0001 0005 1711697960064 -52.0625 -68.0 5.45483568172134 11
0001 0008 1711697960064 -145.625 -70.5 1.4726215563702154 11
0001 0013 1711697960064 26.0 -63.0 3.9760782021995817 11
0001 0010 1711697960064 0.0 -62.5 0.9694758579437253 11
0001 0001 1711697960065 13.0 -58.0 3.368621810196868 11
0001 0009 1711697960065 0.0 -60.0 6.270913460876501 11
0001 0011 1711697960065 97.625 -65.5 4.485359823777615 11
0001 0014 1711697960065 -3.25 -69.5 2.6445828783148455 11
0001 0013 1711697960066 -71.5625 -59.5 4.878058905476339 11
0001 0001 1711697960066 -26.0 -58.0 3.4913402732277192 11
0001 0009 1711697960067 -61.8125 -58.0 0.19634954084936207 11
0001 0005 1711697960067 19.5 -65.0 5.675728915176872 11
0001 0011 1711697960068 61.8125 -64.0 5.246214294568893 11
0001 0010 1711697960068 6.5 -62.0 1.6137477888556946 11
0001 0008 1711697960068 -24.375 -71.5 1.5033011721279284 11
0001 0009 1711697960289 -9.75 -57.5 0.04908738521234052 11
0001 0013 1711697960290 19.5 -59.0 4.896466674930966 11
0001 0011 1711697960290 71.5625 -63.5 5.184855063053467 11
0001 0010 1711697960290 13.0 -60.5 2.086213871524472 11
0001 0012 1711697960291 -149.6875 -72.0 0.7547185476397354 11
0001 0015 1711697960291 -13.0 -67.0 2.5341362615870793 11
0001 0014 1711697960291 3.25 -69.0 3.0250101137104846 11
0001 0001 1711697960292 -22.75 -58.5 3.227495577711389 11
0001 0005 1711697960292 16.25 -69.0 4.963961829597935 11
0001 0008 1711697960292 -145.625 -70.0 1.6873788666742053 11
0001 0004 1711697960292 -3.625 -72.5 1.5278448647340985 11
0001 0001 1711697960293 0.0 -57.5 2.662990647769473 11
0001 0010 1711697960293 -26.0 -56.0 3.11091303783208 11
0001 0008 1711697960293 -183.875 -68.0 1.1044661672776617 11
0001 0005 1711697960294 3.25 -67.5 2.1598449493429825 11
0001 0004 1711697960294 74.8125 -67.5 5.5284667595398505 11
0001 0009 1711697960294 22.75 -58.5 6.092971689481767 11
0001 0011 1711697960295 6.5 -62.0 5.209398755659637 11
0001 0007 1711697960552 -1.8125 -70.0 0.6872233929727672 11
0001 0012 1711697960552 10.0625 -77.5 5.203262832508095 11
0001 0015 1711697960552 1.75 -61.0 6.062292073724054 11
0001 0009 1711697960552 9.75 -56.5 6.191146459906448 11
0001 0012 1711697960553 182.25 -68.5 0.9142525495798421 11
0001 0007 1711697960553 -71.5625 -64.0 2.2396119503130363 11
0001 0010 1711697960553 -39.0 -60.5 1.902136176978195 11
0001 0005 1711697960554 29.25 -58.0 6.025476534814799 11
0001 0001 1711697960554 -22.75 -58.5 2.423689644859313 11
0001 0008 1711697960554 91.125 -71.0 6.092971689481767 11
0001 0015 1711697960555 -19.5 -58.5 0.30066023442558565 11
0001 0011 1711697960555 -22.75 -59.0 3.810408277107933 11
0001 0006 1711697960555 4.25 -76.5 0.09817477042468103 11
0001 0007 1711697960556 -130.1875 -66.5 4.3933209765044765 11
0001 0009 1711697960557 -3.25 -55.5 0.11658253987930872 11
0001 0005 1711697960557 -3.25 -58.5 4.6448938257177215 11
0001 0010 1711697960557 -45.5625 -62.5 2.2764274892222915 11
0001 0011 1711697960558 -94.375 -63.5 3.393165502803038 11
0001 0006 1711697960558 107.375 -72.5 0.6565437772150544 11
0001 0012 1711697960558 -35.75 -61.0 3.9576704327449543 11
0001 0001 1711697960559 22.75 -58.5 2.6139032625571326 11
0001 0008 1711697960559 -10.5625 -70.5 0.662679700366597 11
0001 0015 1711697960776 0.0 -73.5 5.387340527054372 11
0001 0012 1711697960777 -13.0 -60.5 4.595806440505381 11
0001 0015 1711697960777 -9.75 -58.5 0.16566992509164924 11
0001 0010 1711697960777 29.25 -61.5 2.2089323345553233 11
0001 0005 1711697960777 -16.25 -60.5 3.9760782021995817 11
0001 0009 1711697960778 -6.5 -56.5 0.3129320807286708 11
0001 0011 1711697960778 -6.5 -58.5 4.111068511533518 11
0001 0001 1711697960778 29.25 -58.5 2.435961491162398 11
0001 0007 1711697960779 -45.5625 -63.0 3.8840393549264434 11
0001 0008 1711697960779 -30.875 -69.0 0.4172427743048944 11
0001 0006 1711697960779 -26.0 -67.0 1.9880391010997909 11
0001 0010 1711697960780 6.5 -61.5 2.2150682577068657 11
0001 0008 1711697960780 34.9375 -70.0 0.4049709280018093 11
0001 0005 1711697960780 -9.75 -60.0 4.626486056263094 11
0001 0012 1711697960781 -61.8125 -64.0 3.5588354278946874 11
0001 0006 1711697960781 0.0 -66.0 2.1046216409791 11
0001 0007 1711697960781 -13.0 -61.0 4.589670517353839 11
0001 0001 1711697960782 35.75 -58.0 2.141437179888355 11
0001 0011 1711697960782 -35.75 -61.0 5.939573610693203 11
0001 0009 1711697960782 -29.25 -58.5 0.2638446955163303 11
0001 0013 1711697960843 4.6875 -79.5 5.295301679781233 11
0001 0015 1711697960843 1.1875 -71.0 5.301437602932776 11
0001 0008 1711697961017 -55.3125 -70.0 0.6688156235181395 11
0001 0006 1711697961017 84.625 -69.5 5.620505606812989 11
0001 0005 1711697961017 0.0 -59.5 0.05522330836388308 11
0001 0004 1711697961017 -52.0625 -65.5 6.007068765360171 11
0001 0015 1711697961018 9.75 -68.0 0.8406214717613314 11
0001 0009 1711697961018 -19.5 -59.5 0.1595340019401067 11
0001 0011 1711697961018 -39.0 -63.0 5.3627968344482015 11
0001 0010 1711697961019 6.5 -60.0 2.442097414313941 11
0001 0001 1711697961019 26.0 -58.5 1.846912868614312 11
0001 0007 1711697961019 9.75 -69.0 2.423689644859313 11
0001 0013 1711697961020 -104.125 -72.5 1.1719613219446299 11
0001 0014 1711697961020 -1.1875 -72.5 1.012427320004523 11
0001 0009 1711697961021 29.25 -59.0 5.798447378207723 11
0001 0010 1711697961021 13.0 -59.5 0.8651651643675016 11
0001 0001 1711697961021 48.8125 -58.5 1.88986433067511 11
0001 0015 1711697961022 3.25 -62.0 1.6198837120072371 11
0001 0011 1711697961022 -35.75 -66.0 4.074252972624263 11
0001 0008 1711697961022 48.8125 -69.5 0.15339807878856412 11
0001 0013 1711697961093 -35.75 -73.0 0.21475731030398976 11
0001 0004 1711697961094 12.8125 -73.5 6.14819499784565 11
0001 0014 1711697961094 3.625 -72.0 5.982525072754001 11
0001 0005 1711697961262 1.4375 -73.5 1.718058482431918 11
0001 0001 1711697961263 -9.75 -59.0 2.3623304133438876 11
0001 0015 1711697961263 -3.25 -68.5 1.7426021750380885 11
0001 0009 1711697961263 -26.0 -58.5 6.007068765360171 11
0001 0005 1711697961264 -16.25 -72.0 5.209398755659637 11
0001 0011 1711697961264 42.3125 -66.5 4.399456899656019 11
0001 0010 1711697961264 -39.0 -64.5 6.160466844148735 11
0001 0013 1711697961265 9.75 -63.5 3.3440781175906977 11
0001 0008 1711697961265 62.625 -70.5 0.6933593161243098 11
0001 0004 1711697961265 18.875 -73.5 5.405748296509 11
0001 0013 1711697961265 -9.75 -59.0 3.730641276137879 11
0001 0009 1711697961266 26.0 -58.0 6.074563920027139 11
0001 0008 1711697961266 -128.5625 -70.0 0.8344855486097889 11
0001 0011 1711697961267 -19.5 -65.5 5.270757987175063 11
0001 0001 1711697961267 42.3125 -59.0 2.2334760271614935 11
0001 0010 1711697961267 3.25 -61.5 1.325359400733194 11
0001 0015 1711697961343 -10.9375 -72.5 1.6935147898257479 11
0001 0004 1711697961344 12.1875 -74.5 0.8774370106705868 11
0001 0005 1711697961344 -3.625 -76.0 0.7179030087304801 11
0001 0011 1711697961491 13.0 -62.5 5.0253210611133605 11
0001 0009 1711697961492 -22.75 -60.0 5.816855147662351 11
0001 0004 1711697961492 -55.3125 -69.0 5.602097837358362 11
0001 0008 1711697961492 -41.5 -70.0 0.5583690067903734 11
0001 0010 1711697961493 -19.5 -56.0 2.6200391857086753 11
0001 0001 1711697961493 13.0 -58.0 2.000310947402876 11
0001 0015 1711697961493 -195.25 -70.5 0.25770877236478773 11
0001 0013 1711697961494 -9.75 -54.0 3.509748042682347 11
0001 0005 1711697961494 78.0625 -69.0 1.705786636128833 11
0001 0011 1711697961494 -32.5 -64.5 5.675728915176872 11
0001 0009 1711697961494 -16.25 -58.0 6.025476534814799 11
0001 0001 1711697961495 19.5 -58.0 1.7671458676442586 11
0001 0010 1711697961496 0.0 -58.5 2.030990563160589 11
0001 0005 1711697961496 -26.0 -60.0 0.25157284921324513 11
0001 0007 1711697961496 42.3125 -66.0 3.215223731408304 11
0001 0008 1711697961496 -149.6875 -69.5 0.6504078540635119 11
0001 0004 1711697961497 -136.6875 -70.0 6.000932842208628 11
0001 0015 1711697961590 2.4375 -64.5 5.135767677841127 11
0001 0006 1711697961590 -0.25 -78.5 6.160466844148735 11
