0000 0005 1710144332786 3.25 -62.5 4.577398671050753 5
0000 0007 1710144332786 -74.8125 -65.5 2.675262494072558 5
0000 0003 1710144332787 -182.25 -71.0 3.1906800388021335 5
0000 0014 1710144332787 52.0625 -70.5 5.0682725231741586 5
0000 0006 1710144332788 52.0625 -66.0 5.301437602932776 5
0000 0008 1710144332788 -29.25 -63.0 4.908738521234052 5
0000 0004 1710144332788 -39.0 -71.5 0.2454369260617026 5
0000 0003 1710144332789 -32.5 -69.5 2.9513790358919736 5
0000 0008 1710144332789 58.5625 -63.0 4.76147636559703 5
0000 0005 1710144332789 -39.0 -62.5 4.675573441475434 5
0000 0007 1710144332790 -32.5 -66.0 2.736621725587984 5
0000 0004 1710144332790 42.3125 -72.0 0.07976700097005335 5
0000 0014 1710144332791 -81.375 -71.0 5.3198453723874035 5
0000 0006 1710144332791 -52.0625 -65.0 5.411884219660542 5
0000 0003 1710144333035 -13.0 -69.0 2.8838838812250054 5
0000 0006 1710144333035 -81.375 -65.0 5.448699758569798 5
0000 0007 1710144333036 -6.5 -65.5 2.730485802436441 5
0000 0005 1710144333036 -65.0625 -63.0 4.657165672020807 5
0000 0004 1710144333036 -32.5 -71.0 0.006135923151542565 5
0000 0014 1710144333037 52.0625 -71.0 4.994641445355648 5
0000 0008 1710144333037 3.25 -63.0 4.896466674930966 5
0000 0004 1710144333037 -29.25 -71.5 0.1902136176978195 5
0000 0007 1710144333038 -74.8125 -65.0 2.742757648739526 5
0000 0003 1710144333038 100.875 -69.0 2.675262494072558 5
0000 0005 1710144333038 -3.25 -62.5 4.675573441475434 5
0000 0008 1710144333039 -19.5 -62.5 4.908738521234052 5
0000 0006 1710144333039 52.0625 -64.5 5.21553467881118 5
0000 0014 1710144333040 -78.0625 -70.5 5.45483568172134 5
0000 0006 1710144333285 45.5625 -65.0 5.166447293598839 5
0000 0005 1710144333285 -32.5 -62.5 4.693981210930062 5
0000 0014 1710144333286 26.0 -72.0 5.184855063053467 5
0000 0003 1710144333286 -16.25 -69.5 3.018874190558942 5
0000 0004 1710144333286 32.5 -71.0 0.3190680038802134 5
0000 0007 1710144333287 78.0625 -65.0 2.6016314162540475 5
0000 0008 1710144333287 -22.75 -63.0 4.92714629068868 5
0000 0007 1710144333287 -45.5625 -66.5 2.9084275738311756 5
0000 0014 1710144333288 -166.0 -69.5 5.460971604872882 5
0000 0006 1710144333288 -3.25 -65.5 5.307573526084319 5
0000 0005 1710144333288 -22.75 -63.0 4.73693267299086 5
0000 0003 1710144333289 -6.5 -69.0 3.0925052683774528 5
0000 0008 1710144333289 16.25 -63.0 4.902602598082509 5
0000 0004 1710144333289 -91.125 -71.5 0.7179030087304801 5
0000 0005 1710144333519 3.25 -63.0 4.718524903536232 5
0000 0004 1710144333519 -218.0625 -72.0 0.9265243958829272 5
0000 0006 1710144333519 61.8125 -66.5 5.2339424482658075 5
0000 0014 1710144333520 -104.125 -70.5 5.4671075280244255 5
0000 0003 1710144333520 -52.0625 -68.5 3.3870295796514958 5
0000 0008 1710144333520 -97.625 -62.5 5.123495831538041 5
0000 0007 1710144333521 26.0 -66.5 2.8409324191642074 5
0000 0003 1710144333521 123.6875 -68.5 3.380893656499953 5
0000 0014 1710144333521 55.3125 -71.0 5.203262832508095 5
0000 0006 1710144333522 -78.0625 -66.0 5.460971604872882 5
0000 0005 1710144333522 21.125 -63.5 4.7307967498393175 5
0000 0008 1710144333522 52.0625 -63.0 5.00077736850719 5
0000 0004 1710144333523 130.1875 -71.5 0.7731263170943632 5
0000 0007 1710144333523 -13.0 -67.0 2.9943304979527716 5
0000 0008 1710144333523 42.3125 -63.0 4.921010367537137 5
0000 0006 1710144333524 -32.5 -66.5 5.399612373357457 5
0000 0003 1710144333524 -97.625 -69.5 3.730641276137879 5
0000 0005 1710144333524 -16.25 -64.0 4.81056375080937 5
0000 0014 1710144333525 117.125 -71.0 5.037592907416445 5
0000 0004 1710144333525 87.875 -72.5 0.8406214717613314 5
0000 0007 1710144333525 9.75 -68.5 3.1661363461959633 5
0000 0003 1710144333785 -3.25 -69.0 3.7122335066832517 5
0000 0014 1710144333786 -48.8125 -71.0 5.4671075280244255 5
0000 0008 1710144333786 -52.0625 -63.0 5.117359908386499 5
0000 0005 1710144333786 84.625 -63.5 4.675573441475434 5
0000 0007 1710144333787 78.0625 -67.0 3.08636934522591 5
0000 0006 1710144333787 39.0 -66.0 5.307573526084319 5
0000 0004 1710144333787 -65.0625 -71.5 1.086058397823034 5
0000 0005 1710144333788 -42.3125 -63.5 4.890330751779424 5
0000 0007 1710144333788 0.0 -67.5 3.2949907323783574 5
0000 0008 1710144333788 -65.0625 -63.0 5.105088062083414 5
0000 0014 1710144333789 -58.5625 -71.5 5.393476450205914 5
0000 0004 1710144333789 58.5625 -71.5 1.1535535524900022 5
0000 0006 1710144333789 16.25 -67.0 5.252350217720435 5
0000 0003 1710144333790 -48.8125 -68.5 3.792000507653305 5
0000 0003 1710144334036 74.8125 -68.5 3.6754179677739964 5
0000 0005 1710144334036 3.25 -64.0 4.767612288748572 5
0000 0008 1710144334036 16.25 -63.0 4.908738521234052 5
0000 0014 1710144334036 -68.3125 -72.5 5.301437602932776 5
0000 0004 1710144334037 143.1875 -70.0 0.8958447801252144 5
0000 0006 1710144334037 9.75 -65.5 5.21553467881118 5
0000 0007 1710144334037 -26.0 -67.5 3.3072625786814425 5
0000 0007 1710144334038 -84.625 -67.5 3.411573272257666 5
0000 0003 1710144334038 55.3125 -68.0 3.6570101983193686 5
0000 0006 1710144334038 61.8125 -66.0 5.135767677841127 5
0000 0005 1710144334039 -13.8125 -63.5 4.853515212870168 5
0000 0008 1710144334039 -32.5 -62.5 5.019185137961818 5
0000 0004 1710144334039 78.0625 -70.5 1.0062913968529805 5
0000 0014 1710144334040 -1.625 -73.0 5.237010409841579 5
0000 0007 1710144334286 -26.0 -68.0 3.423845118560751 5
0000 0008 1710144334286 35.75 -62.5 4.988505522204105 5
0000 0006 1710144334286 0.0 -66.0 5.227806525114265 5
0000 0003 1710144334287 52.0625 -68.5 3.773592738198677 5
0000 0005 1710144334287 32.5 -63.0 4.73693267299086 5
0000 0004 1710144334287 120.4375 -70.5 0.9203884727313847 5
0000 0014 1710144334287 3.625 -73.5 5.307573526084319 5
0000 0007 1710144334288 58.5625 -67.5 3.3072625786814425 5
0000 0008 1710144334288 19.5 -63.0 4.945554060143307 5
0000 0003 1710144334288 -32.5 -68.0 3.8533597391687304 5
0000 0005 1710144334289 -22.75 -63.5 4.718524903536232 5
0000 0006 1710144334289 -9.75 -66.5 5.197126909356553 5
0000 0004 1710144334289 -48.8125 -71.5 1.4296700943094176 5
0000 0014 1710144334290 16.4375 -74.0 5.184855063053467 5
0000 0008 1710144334521 -13.0 -62.5 4.9823695990525625 5
0000 0003 1710144334521 39.0 -67.5 3.663146121470911 5
0000 0005 1710144334521 0.0 -62.5 4.773748211900116 5
0000 0006 1710144334522 35.75 -66.0 4.95168998329485 5
0000 0007 1710144334522 -9.75 -68.5 3.466796580621549 5
0000 0004 1710144334522 29.25 -71.5 1.2762720155208536 5
0000 0014 1710144334523 14.625 -74.5 5.252350217720435 5
0000 0007 1710144334524 61.8125 -69.5 3.3195344249845276 5
0000 0003 1710144334524 13.0 -68.5 3.859495662320273 5
0000 0008 1710144334524 6.5 -62.0 4.853515212870168 5
0000 0004 1710144334525 9.75 -71.0 1.423534171157875 5
0000 0005 1710144334525 13.0 -62.0 4.681709364626977 5
0000 0006 1710144334525 -87.875 -67.5 5.006913291658733 5
0000 0014 1710144334526 -12.1875 -74.5 5.522330836388308 5
0000 0007 1710144334526 113.875 -70.5 3.2397674240144743 5
0000 0004 1710144334526 84.625 -70.5 1.6260196351587797 5
0000 0006 1710144334527 26.0 -67.0 4.798291904506286 5
0000 0008 1710144334527 -26.0 -61.5 4.908738521234052 5
0000 0005 1710144334527 -26.0 -61.0 4.681709364626977 5
0000 0003 1710144334528 13.0 -68.5 3.7429131224409646 5
0000 0014 1710144334795 -11.5625 -74.0 5.577554144752192 5
0000 0006 1710144334795 78.0625 -67.5 4.608078286808466 5
0000 0008 1710144334796 -52.0625 -62.0 4.878058905476339 5
0000 0004 1710144334796 198.5625 -71.0 1.5830681730979816 5
0000 0003 1710144334796 -91.125 -68.5 3.8533597391687304 5
0000 0007 1710144334797 13.0 -69.0 3.2213596545598464 5
0000 0005 1710144334797 21.125 -61.0 4.608078286808466 5
0000 0014 1710144334797 -17.6875 -74.0 5.534602682691394 5
0000 0003 1710144334798 -19.5 -69.0 3.877903431774901 5
0000 0008 1710144334798 3.25 -62.0 4.7860200582032 5
0000 0005 1710144334798 0.0 -61.0 4.601942363656923 5
0000 0007 1710144334799 -42.3125 -68.5 3.2888548092268146 5
0000 0014 1710144334799 -94.375 -73.5 5.534602682691394 5
0000 0004 1710144334799 58.5625 -70.5 1.748738098189631 5
0000 0006 1710144334800 -71.5625 -68.5 4.97623367590102 5
0000 0003 1710144335045 55.3125 -69.5 3.663146121470911 5
0000 0007 1710144335046 -3.25 -69.5 2.945243112740431 5
0000 0008 1710144335046 22.75 -61.5 4.7860200582032 5
0000 0004 1710144335046 -94.375 -70.5 1.9696313316451632 5
0000 0005 1710144335047 -52.0625 -60.5 4.6878452877785195 5
0000 0006 1710144335047 3.25 -68.5 4.970097752749477 5
0000 0014 1710144335048 159.5 -71.5 5.111223985234957 5
0000 0014 1710144335048 6.5 -71.0 5.387340527054372 5
0000 0005 1710144335049 27.625 -61.0 4.528311285838413 5
0000 0006 1710144335049 -55.3125 -67.5 5.105088062083414 5
0000 0008 1710144335050 74.8125 -62.0 4.718524903536232 5
0000 0003 1710144335050 -29.25 -68.5 3.7551849687440497 5
0000 0007 1710144335051 -74.8125 -68.0 3.0925052683774528 5
0000 0004 1710144335051 32.5 -70.0 1.7119225592803755 5
0000 0005 1710144335285 13.8125 -61.0 4.552854978444583 5
0000 0004 1710144335285 -159.5 -69.5 1.9573594853420782 5
0000 0008 1710144335286 -123.6875 -62.0 5.0253210611133605 5
0000 0006 1710144335286 -78.0625 -68.5 5.356660911296659 5
0000 0003 1710144335286 94.375 -69.5 3.6386024288647407 5
0000 0014 1710144335287 -117.125 -70.5 5.577554144752192 5
0000 0007 1710144335287 35.75 -68.5 2.890019804376548 5
0000 0004 1710144335287 218.0625 -70.5 1.2701360923693108 5
0000 0005 1710144335288 24.375 -62.0 4.571262747899211 5
0000 0014 1710144335288 -65.0625 -70.5 5.436427912266712 5
0000 0003 1710144335288 22.75 -69.0 3.650874275167826 5
0000 0007 1710144335289 35.75 -68.0 2.7857091108003242 5
0000 0006 1710144335289 -94.375 -69.0 5.2339424482658075 5
0000 0008 1710144335289 58.5625 -62.5 4.773748211900116 5
0000 0008 1710144335509 -26.0 -62.5 4.957825906446392 5
0000 0003 1710144335510 -39.0 -68.5 3.9269908169872414 5
0000 0007 1710144335510 -16.25 -67.5 2.9206994201342606 5
0000 0005 1710144335510 -55.3125 -62.5 4.6448938257177215 5
0000 0006 1710144335511 -71.5625 -66.5 5.270757987175063 5
0000 0014 1710144335511 -97.625 -70.5 5.436427912266712 5
0000 0004 1710144335512 8.5 -73.0 1.4419419406125027 5
0000 0005 1710144335512 32.5 -62.5 4.565126824747668 5
0000 0007 1710144335512 84.625 -68.0 2.730485802436441 5
0000 0003 1710144335513 107.375 -70.0 3.773592738198677 5
0000 0006 1710144335513 32.5 -67.0 5.270757987175063 5
0000 0008 1710144335513 52.0625 -62.5 4.816699673960914 5
0000 0014 1710144335514 -201.8125 -70.5 5.559146375297564 5
0000 0004 1710144335514 20.75 -73.0 1.214912784005428 5
0000 0007 1710144335514 55.3125 -67.5 2.6261751088602177 5
0000 0006 1710144335515 0.0 -66.5 5.227806525114265 5
0000 0014 1710144335516 71.5625 -70.5 5.160311370447297 5
0000 0008 1710144335516 45.5625 -63.5 4.804427827657828 5
0000 0005 1710144335516 35.75 -63.5 4.522175362686871 5
0000 0003 1710144335516 6.5 -69.0 3.810408277107933 5
0000 0004 1710144335562 3.0 -73.5 1.3560390164909069 5
0000 0003 1710144335785 -52.0625 -70.0 4.006757817957295 5
0000 0014 1710144335786 -146.4375 -70.5 5.436427912266712 5
0000 0005 1710144335786 -16.25 -63.0 4.601942363656923 5
0000 0008 1710144335786 -39.0 -63.5 4.963961829597935 5
0000 0007 1710144335787 0.0 -66.5 2.5586799541932495 5
0000 0006 1710144335787 19.5 -66.5 5.203262832508095 5
0000 0004 1710144335787 -6.0625 -73.5 1.282407938672396 5
0000 0008 1710144335788 -3.25 -64.0 4.921010367537137 5
0000 0005 1710144335788 -32.5 -63.5 4.626486056263094 5
0000 0014 1710144335788 55.3125 -70.5 5.129631754689584 5
0000 0006 1710144335789 -71.5625 -66.5 5.50392306693368 5
0000 0007 1710144335789 84.625 -66.0 2.5586799541932495 5
0000 0003 1710144335789 -100.875 -71.0 3.9269908169872414 5
0000 0004 1710144335790 7.875 -74.0 1.337631247036279 5
0000 0005 1710144336036 -13.0 -64.0 4.706253057233147 5
0000 0006 1710144336036 -45.5625 -66.5 5.344389064993574 5
0000 0007 1710144336036 29.25 -66.0 2.6875343403756435 5
0000 0008 1710144336036 -42.3125 -64.0 5.0682725231741586 5
0000 0014 1710144336037 -13.0 -70.0 5.1725832167503825 5
0000 0003 1710144336037 81.375 -70.0 3.6017868899554855 5
0000 0004 1710144336037 1.8125 -74.5 4.442408361716817 5
0000 0003 1710144336038 35.75 -70.5 3.7122335066832517 5
0000 0007 1710144336038 42.3125 -66.5 2.5832236467994196 5
0000 0014 1710144336038 -97.625 -70.0 5.405748296509 5
0000 0005 1710144336039 3.25 -64.0 4.663301595172349 5
0000 0008 1710144336039 -29.25 -63.5 4.914874444385594 5
0000 0006 1710144336039 35.75 -66.0 5.270757987175063 5
0000 0004 1710144336040 -5.4375 -74.5 1.2333205534600555 5
0000 0005 1710144336286 -39.0 -63.0 4.681709364626977 5
0000 0003 1710144336286 74.8125 -70.5 3.6999616603801666 5
0000 0007 1710144336286 13.0 -66.0 2.552544031041707 5
0000 0008 1710144336286 22.75 -63.5 4.865787059173254 5
0000 0006 1710144336287 -6.5 -66.5 5.283029833478148 5
0000 0014 1710144336287 48.8125 -70.5 5.135767677841127 5
0000 0004 1710144336287 9.4375 -74.5 4.276738436625168 5
0000 0014 1710144336288 -78.0625 -70.5 5.45483568172134 5
0000 0006 1710144336288 -126.9375 -66.0 5.5100589900852235 5
0000 0007 1710144336288 81.375 -65.5 2.509592568980909 5
0000 0005 1710144336289 29.25 -64.0 4.589670517353839 5
0000 0008 1710144336289 -9.75 -64.0 4.933282213840222 5
0000 0003 1710144336289 58.5625 -69.5 3.6140587362585705 5
0000 0004 1710144336290 -7.625 -74.5 4.4976316700806995 5
0000 0006 1710144336541 -6.5 -66.0 5.350524988145116 5
0000 0014 1710144336541 -247.375 -71.0 5.6573211457222445 5
0000 0005 1710144336541 -45.5625 -64.0 4.663301595172349 5
0000 0007 1710144336541 -19.5 -66.5 2.718213956133356 5
0000 0003 1710144336542 9.75 -72.0 3.6815538909255388 5
0000 0008 1710144336542 -3.25 -63.5 4.890330751779424 5
0000 0004 1710144336542 17.6875 -74.5 1.2210487071569704 5
0000 0005 1710144336543 -55.3125 -64.0 4.743068596142402 5
0000 0014 1710144336543 -3.25 -70.5 5.405748296509 5
0000 0003 1710144336543 -110.625 -70.5 3.6386024288647407 5
0000 0008 1710144336544 -29.25 -63.0 4.957825906446392 5
0000 0007 1710144336544 113.875 -66.0 2.466641106920111 5
0000 0006 1710144336544 55.3125 -66.5 5.301437602932776 5
0000 0004 1710144336545 -61.8125 -73.0 0.8099418560036186 5
0000 0007 1710144336769 29.25 -66.0 2.6691265709210157 5
0000 0014 1710144336769 -107.375 -70.5 5.289165756629691 5
0000 0006 1710144336769 -16.25 -66.0 5.393476450205914 5
0000 0005 1710144336769 -26.0 -64.5 4.7307967498393175 5
0000 0008 1710144336770 35.75 -63.0 4.865787059173254 5
0000 0004 1710144336770 84.625 -71.0 0.8344855486097889 5
0000 0003 1710144336770 -6.0625 -72.5 0.6504078540635119 5
0000 0008 1710144336772 -29.25 -63.0 5.006913291658733 5
0000 0005 1710144336772 -81.375 -65.0 4.779884135051658 5
0000 0014 1710144336772 -13.0 -71.0 5.148039524144211 5
0000 0004 1710144336773 65.0625 -72.0 0.7485826244881929 5
0000 0007 1710144336773 71.5625 -65.5 2.5341362615870793 5
0000 0006 1710144336773 -13.0 -66.5 5.448699758569798 5
0000 0003 1710144336774 -4.25 -72.5 0.7301748550335652 5
0000 0008 1710144336774 39.0 -63.0 4.908738521234052 5
0000 0006 1710144336774 -22.75 -67.0 5.405748296509 5
0000 0005 1710144336775 -87.0625 -64.5 4.871922982324796 5
0000 0014 1710144336775 -68.3125 -70.0 5.301437602932776 5
0000 0007 1710144336775 45.5625 -65.5 2.6200391857086753 5
0000 0004 1710144336776 100.875 -72.5 0.8099418560036186 5
0000 0003 1710144337035 0.0 -72.5 0.6381360077604268 5
0000 0008 1710144337035 -13.0 -63.5 5.006913291658733 5
0000 0014 1710144337036 -120.4375 -70.5 5.448699758569798 5
0000 0005 1710144337036 -74.8125 -64.0 4.828971520263998 5
0000 0007 1710144337036 -22.75 -66.5 2.6568547246179306 5
0000 0006 1710144337037 -52.0625 -67.0 5.448699758569798 5
0000 0004 1710144337037 -169.25 -71.0 1.0921943209745766 5
0000 0003 1710144337037 7.3125 -72.5 0.5092816215780329 5
0000 0006 1710144337037 -48.8125 -66.5 5.516194913236766 5
0000 0014 1710144337038 6.5 -70.5 5.111223985234957 5
0000 0008 1710144337038 -13.0 -63.0 4.988505522204105 5
0000 0007 1710144337038 -68.3125 -65.5 2.6875343403756435 5
0000 0005 1710144337039 -29.25 -63.5 4.749204519293945 5
0000 0004 1710144337039 152.9375 -71.0 0.8467573949128739 5
0000 0003 1710144337039 6.6875 -72.0 0.521553467881118 5
0000 0014 1710144337285 -126.9375 -71.0 5.516194913236766 5
0000 0007 1710144337285 -32.5 -65.5 2.60776733940559 5
0000 0008 1710144337286 -26.0 -63.0 5.056000676871073 5
0000 0005 1710144337286 -7.3125 -63.5 4.743068596142402 5
0000 0006 1710144337286 -45.5625 -67.0 5.381204603902829 5
0000 0004 1710144337287 0.0 -71.5 0.9326603190344698 5
0000 0003 1710144337287 -2.4375 -72.5 0.5276893910326605 5
0000 0005 1710144337287 68.3125 -63.0 4.589670517353839 5
0000 0008 1710144337288 19.5 -63.0 4.963961829597935 5
0000 0007 1710144337288 61.8125 -66.0 2.5586799541932495 5
0000 0006 1710144337288 42.3125 -66.5 5.436427912266712 5
0000 0014 1710144337288 -9.75 -71.0 5.197126909356553 5
0000 0004 1710144337289 -61.8125 -71.0 1.000155473701438 5
0000 0003 1710144337289 1.8125 -72.5 0.4479223900626072 5
0000 0007 1710144337532 29.25 -66.0 2.5034566458293663 5
0000 0004 1710144337532 55.3125 -71.5 0.8651651643675016 5
0000 0006 1710144337532 -71.5625 -67.0 5.626641529964532 5
0000 0014 1710144337533 -58.5625 -70.0 5.283029833478148 5
0000 0008 1710144337533 -52.0625 -63.0 5.074408446325701 5
0000 0005 1710144337533 6.5 -63.5 4.632621979414636 5
0000 0003 1710144337534 -10.9375 -72.0 0.5951845456996288 5
0000 0005 1710144337534 22.75 -63.5 4.706253057233147 5
0000 0014 1710144337534 -29.25 -70.0 5.240078371417351 5
0000 0007 1710144337535 94.375 -66.0 2.4911847995262812 5
0000 0008 1710144337535 -3.25 -63.0 5.013049214810275 5
0000 0004 1710144337535 100.875 -70.0 0.9326603190344698 5
0000 0006 1710144337536 -16.25 -66.0 5.491651220630596 5
0000 0003 1710144337536 -11.375 -72.0 0.5123495831538042 5
