0000 0014 1710144349414 -81.375 -70.5 5.098952138931871 5
0000 0007 1710144349414 -78.0625 -65.5 2.5709518004963345 5
0000 0008 1710144349416 35.75 -61.0 4.97623367590102 5
0000 0006 1710144349416 -159.5 -66.5 5.387340527054372 5
0000 0005 1710144349417 -13.0 -61.0 4.473087977474529 5
0000 0004 1710144349417 13.0 -70.5 1.1167380135807468 5
0000 0003 1710144349417 -16.25 -69.0 3.0925052683774528 5
0000 0008 1710144349418 -26.0 -61.0 5.062136600022616 5
0000 0006 1710144349418 32.5 -66.5 5.184855063053467 5
0000 0004 1710144349418 -35.75 -69.0 1.1474176293384597 5
0000 0005 1710144349419 -13.0 -61.0 4.460816131171445 5
0000 0007 1710144349419 -48.8125 -66.0 2.466641106920111 5
0000 0014 1710144349420 -3.25 -72.5 4.847379289718626 5
0000 0003 1710144349420 42.3125 -69.0 3.0250101137104846 5
0000 0006 1710144349420 -52.0625 -66.5 5.332117218690489 5
0000 0007 1710144349421 29.25 -65.5 2.411417798556228 5
0000 0004 1710144349421 -146.4375 -69.5 1.41126232485479 5
0000 0003 1710144349421 -78.0625 -69.5 3.1906800388021335 5
0000 0008 1710144349422 -9.75 -61.0 5.092816215780329 5
0000 0005 1710144349422 -21.125 -61.5 4.448544284868359 5
0000 0014 1710144349422 -143.1875 -72.0 5.246214294568893 5
0000 0004 1710144349684 -107.375 -70.5 1.1596894756415448 5
0000 0008 1710144349684 -42.3125 -61.0 5.117359908386499 5
0000 0005 1710144349685 -16.25 -61.0 4.516039439535327 5
0000 0003 1710144349685 -39.0 -70.0 3.184544115650591 5
0000 0007 1710144349685 22.75 -66.0 2.405281875404685 5
0000 0014 1710144349686 29.25 -71.5 4.921010367537137 5
0000 0006 1710144349686 -32.5 -67.0 5.178719139901925 5
0000 0008 1710144349686 -32.5 -60.5 5.092816215780329 5
0000 0005 1710144349687 13.8125 -61.5 4.466952054322987 5
0000 0014 1710144349687 29.25 -71.0 4.970097752749477 5
0000 0004 1710144349687 58.5625 -68.5 1.0185632431560658 5
0000 0006 1710144349687 19.5 -66.0 5.184855063053467 5
0000 0003 1710144349688 -100.875 -71.0 3.32567034813607 5
0000 0007 1710144349688 29.25 -65.5 2.2518837966161214 5
0000 0014 1710144349934 -104.125 -70.5 5.270757987175063 5
0000 0006 1710144349935 3.25 -66.5 5.148039524144211 5
0000 0004 1710144349935 -97.625 -69.5 1.2333205534600555 5
0000 0003 1710144349935 -3.25 -70.0 3.141592653589793 5
0000 0008 1710144349935 9.75 -61.0 5.074408446325701 5
0000 0007 1710144349936 19.5 -65.5 2.435961491162398 5
0000 0005 1710144349936 32.5 -61.5 4.411728745959104 5
0000 0008 1710144349936 -65.0625 -61.0 5.160311370447297 5
0000 0006 1710144349937 48.8125 -66.0 5.043728830567988 5
0000 0007 1710144349937 26.0 -65.5 2.423689644859313 5
0000 0004 1710144349937 -65.0625 -70.0 1.2701360923693108 5
0000 0003 1710144349938 139.9375 -69.0 2.9820586516496865 5
0000 0005 1710144349938 6.5 -60.5 4.430136515413731 5
0000 0014 1710144349938 61.8125 -71.5 5.0682725231741586 5
0000 0003 1710144350169 -52.0625 -70.0 3.2581751934691017 5
0000 0008 1710144350170 -35.75 -60.5 5.074408446325701 5
0000 0014 1710144350170 6.5 -72.0 5.043728830567988 5
0000 0007 1710144350170 -100.875 -66.0 2.5954954931025047 5
0000 0006 1710144350171 -19.5 -66.0 5.184855063053467 5
0000 0005 1710144350171 -34.9375 -61.0 4.485359823777615 5
0000 0004 1710144350171 110.625 -70.5 0.8344855486097889 5
0000 0003 1710144350172 192.0 -69.0 2.9636508821950587 5
0000 0014 1710144350172 26.0 -71.5 5.0253210611133605 5
0000 0005 1710144350172 32.5 -61.0 4.405592822807561 5
0000 0008 1710144350172 -9.75 -61.0 5.043728830567988 5
0000 0007 1710144350173 0.0 -65.5 2.3930100291016 5
0000 0004 1710144350173 -39.0 -69.5 1.1167380135807468 5
0000 0006 1710144350173 -35.75 -67.0 5.203262832508095 5
0000 0003 1710144350174 -29.25 -70.0 3.129320807286708 5
0000 0008 1710144350174 -32.5 -60.5 5.086680292628786 5
0000 0007 1710144350174 35.75 -65.0 2.270291566070749 5
0000 0014 1710144350174 -58.5625 -72.0 5.270757987175063 5
0000 0006 1710144350175 -32.5 -66.0 5.1725832167503825 5
0000 0005 1710144350175 -42.3125 -61.0 4.479223900626073 5
0000 0004 1710144350175 -48.8125 -70.5 0.9756117810952678 5
0000 0006 1710144350448 45.5625 -66.5 5.006913291658733 5
0000 0003 1710144350449 -65.0625 -69.0 3.031146036862027 5
0000 0008 1710144350450 -26.0 -60.5 5.049864753719531 5
0000 0014 1710144350450 22.75 -72.0 5.197126909356553 5
0000 0004 1710144350450 -61.8125 -70.0 1.1290098598838318 5
0000 0005 1710144350450 -26.0 -61.0 4.485359823777615 5
0000 0007 1710144350451 -97.625 -65.5 2.497320722677824 5
0000 0008 1710144350451 -52.0625 -61.0 5.0682725231741586 5
0000 0003 1710144350451 6.5 -68.5 3.018874190558942 5
0000 0006 1710144350452 -26.0 -66.5 5.258486140871978 5
0000 0004 1710144350452 13.0 -69.0 1.0983302441261191 5
0000 0005 1710144350452 -3.25 -61.0 4.4362724385652745 5
0000 0007 1710144350453 45.5625 -66.0 2.350058567040802 5
0000 0014 1710144350453 120.4375 -73.0 5.166447293598839 5
0000 0003 1710144350684 -94.375 -70.0 3.2397674240144743 5
0000 0004 1710144350684 -71.5625 -69.5 1.214912784005428 5
0000 0005 1710144350684 3.25 -61.0 4.399456899656019 5
0000 0007 1710144350684 -74.8125 -65.5 2.442097414313941 5
0000 0008 1710144350685 -26.0 -60.5 5.043728830567988 5
0000 0006 1710144350685 -68.3125 -66.5 5.240078371417351 5
0000 0014 1710144350685 159.5 -71.0 4.841243366567084 5
0000 0008 1710144350686 0.0 -61.0 5.006913291658733 5
0000 0005 1710144350686 -38.1875 -60.5 4.516039439535327 5
0000 0007 1710144350686 -146.4375 -65.5 2.6323110320117604 5
0000 0006 1710144350686 3.25 -66.5 5.160311370447297 5
0000 0003 1710144350687 45.5625 -70.0 2.9329712664373457 5
0000 0014 1710144350687 -58.5625 -70.5 5.117359908386499 5
0000 0004 1710144350687 -29.25 -70.0 1.1351457830353744 5
0000 0008 1710144350931 -26.0 -61.0 5.062136600022616 5
0000 0004 1710144350931 94.375 -70.0 0.9756117810952678 5
0000 0007 1710144350932 -39.0 -65.0 2.411417798556228 5
0000 0005 1710144350932 -38.1875 -61.0 4.466952054322987 5
0000 0003 1710144350932 -68.3125 -69.0 2.9820586516496865 5
0000 0006 1710144350933 -113.875 -66.5 5.344389064993574 5
0000 0014 1710144350933 -18.6875 -72.5 5.0774764079014725 5
0000 0006 1710144350933 -22.75 -66.5 5.178719139901925 5
0000 0014 1710144350934 -139.9375 -70.5 5.129631754689584 5
0000 0007 1710144350934 42.3125 -66.0 2.3009711818284617 5
0000 0003 1710144350934 -74.8125 -69.0 3.1231848841351653 5
0000 0004 1710144350935 81.375 -70.0 1.055378782065321 5
0000 0005 1710144350935 -22.75 -61.0 4.466952054322987 5
0000 0008 1710144350935 16.25 -60.5 4.994641445355648 5
0000 0006 1710144350936 61.8125 -66.5 4.97623367590102 5
0000 0004 1710144350936 58.5625 -70.5 1.1474176293384597 5
0000 0003 1710144350936 -22.75 -69.0 3.0066023442558567 5
0000 0008 1710144350937 -39.0 -60.5 5.080544369477243 5
0000 0005 1710144350937 34.9375 -60.5 4.387185053352934 5
0000 0007 1710144350937 78.0625 -65.0 2.184388641949153 5
0000 0014 1710144350937 65.0625 -70.5 4.865787059173254 5
0000 0003 1710144351184 39.0 -69.5 2.7979809571034093 5
0000 0006 1710144351184 -45.5625 -66.5 5.117359908386499 5
0000 0008 1710144351185 -91.125 -61.0 5.184855063053467 5
0000 0007 1710144351185 -26.0 -65.5 2.36846633649543 5
0000 0004 1710144351185 55.3125 -69.5 1.1228739367322893 5
0000 0005 1710144351186 41.5 -61.0 4.387185053352934 5
0000 0014 1710144351186 -120.4375 -71.5 5.301437602932776 5
0000 0003 1710144351186 19.5 -70.0 3.018874190558942 5
0000 0014 1710144351187 -26.0 -71.0 5.117359908386499 5
0000 0007 1710144351187 -58.5625 -65.0 2.2948352586769194 5
0000 0008 1710144351187 6.5 -60.5 5.056000676871073 5
0000 0005 1710144351188 48.8125 -61.0 4.3933209765044765 5
0000 0004 1710144351188 29.25 -69.5 0.7731263170943632 5
0000 0006 1710144351188 55.3125 -66.5 5.006913291658733 5
0000 0006 1710144351434 -13.0 -66.5 5.1725832167503825 5
0000 0007 1710144351434 -65.0625 -65.5 2.2764274892222915 5
0000 0014 1710144351435 -45.5625 -69.5 5.1725832167503825 5
0000 0003 1710144351436 -87.875 -69.0 3.117048960983623 5
0000 0004 1710144351436 -55.3125 -69.0 0.8835729338221293 5
0000 0005 1710144351436 -16.25 -60.5 4.503767593232243 5
0000 0008 1710144351437 9.75 -60.5 4.957825906446392 5
0000 0008 1710144351437 -13.0 -60.5 4.97623367590102 5
0000 0005 1710144351437 3.25 -61.0 4.466952054322987 5
0000 0003 1710144351438 9.75 -69.5 2.8838838812250054 5
0000 0007 1710144351438 29.25 -64.5 2.141437179888355 5
0000 0006 1710144351438 -19.5 -66.0 5.0682725231741586 5
0000 0014 1710144351439 -13.0 -71.0 5.1725832167503825 5
0000 0004 1710144351439 29.25 -69.5 0.607456392002714 5
0000 0003 1710144351694 -3.25 -70.0 2.9329712664373457 5
0000 0005 1710144351694 -16.25 -60.5 4.448544284868359 5
0000 0014 1710144351695 -22.75 -70.0 5.117359908386499 5
0000 0004 1710144351695 -65.0625 -70.5 0.7669903939428205 5
0000 0008 1710144351695 0.0 -61.0 4.945554060143307 5
0000 0007 1710144351696 -13.0 -65.5 2.3071071049800045 5
0000 0006 1710144351696 -71.5625 -66.5 5.21553467881118 5
0000 0005 1710144351696 7.3125 -61.0 4.411728745959104 5
0000 0003 1710144351696 26.0 -70.0 2.773437264497239 5
0000 0014 1710144351697 -117.125 -71.5 5.203262832508095 5
0000 0008 1710144351697 19.5 -60.5 4.896466674930966 5
0000 0007 1710144351697 45.5625 -65.5 2.1230294104337273 5
0000 0006 1710144351698 19.5 -67.0 5.086680292628786 5
0000 0004 1710144351698 52.0625 -69.5 0.6504078540635119 5
0000 0004 1710144351919 22.75 -69.0 0.5829126993965437 5
0000 0006 1710144351919 26.0 -66.5 5.049864753719531 5
0000 0014 1710144351919 13.0 -71.0 5.049864753719531 5
0000 0007 1710144351920 22.75 -65.0 2.1782527187976104 5
0000 0005 1710144351920 -3.25 -60.5 4.405592822807561 5
0000 0008 1710144351920 -26.0 -60.5 4.988505522204105 5
0000 0003 1710144351920 -29.25 -69.0 2.5893595699509624 5
0000 0008 1710144351921 32.5 -60.0 4.871922982324796 5
0000 0005 1710144351921 -32.5 -60.5 4.424000592262189 5
0000 0003 1710144351921 -58.5625 -68.5 2.6323110320117604 5
0000 0007 1710144351922 26.0 -65.5 2.0371264863121317 5
0000 0014 1710144351922 -94.375 -71.0 5.166447293598839 5
0000 0006 1710144351922 35.75 -67.0 4.988505522204105 5
0000 0004 1710144351923 208.3125 -69.0 0.28225246497095796 5
0000 0007 1710144351923 -42.3125 -65.5 2.2027964114037806 5
0000 0003 1710144351923 -159.5 -70.0 2.8409324191642074 5
0000 0006 1710144351923 29.25 -67.0 4.95168998329485 5
0000 0005 1710144351924 7.3125 -61.0 4.3933209765044765 5
0000 0008 1710144351924 87.875 -60.5 4.804427827657828 5
0000 0004 1710144351924 -71.5625 -70.0 0.7669903939428205 5
0000 0014 1710144351925 175.75 -70.5 4.706253057233147 5
0000 0006 1710144352195 0.0 -67.0 4.988505522204105 5
0000 0008 1710144352195 45.5625 -60.0 4.853515212870168 5
0000 0003 1710144352196 185.5 -69.5 2.411417798556228 5
0000 0007 1710144352196 -48.8125 -65.0 2.2027964114037806 5
0000 0005 1710144352196 24.375 -60.5 4.362641360746763 5
0000 0014 1710144352197 -81.375 -70.5 4.914874444385594 5
0000 0004 1710144352197 -126.9375 -70.0 0.803805932852076 5
0000 0005 1710144352197 -22.75 -60.0 4.442408361716817 5
0000 0008 1710144352197 29.25 -60.5 4.921010367537137 5
0000 0006 1710144352198 58.5625 -67.0 4.81056375080937 5
0000 0014 1710144352198 -32.5 -71.0 5.037592907416445 5
0000 0007 1710144352198 22.75 -65.0 2.1537090261914402 5
0000 0003 1710144352199 52.0625 -69.0 2.4911847995262812 5
0000 0004 1710144352199 6.5 -69.5 0.6565437772150544 5
0000 0005 1710144352444 6.5 -60.5 4.442408361716817 5
0000 0008 1710144352444 -32.5 -60.0 5.0253210611133605 5
0000 0004 1710144352444 68.3125 -70.5 0.6810874698212247 5
0000 0007 1710144352444 -6.5 -65.0 2.1659808724945253 5
0000 0003 1710144352445 3.25 -68.5 2.84706834231575 5
0000 0014 1710144352446 -162.75 -71.0 5.160311370447297 5
0000 0006 1710144352446 13.0 -66.5 4.95168998329485 5
0000 0006 1710144352446 52.0625 -67.5 4.957825906446392 5
0000 0008 1710144352447 6.5 -60.5 4.95168998329485 5
0000 0005 1710144352447 16.25 -60.0 4.430136515413731 5
0000 0007 1710144352448 -87.875 -65.0 2.356194490192345 5
0000 0004 1710144352448 -22.75 -69.0 0.7547185476397354 5
0000 0003 1710144352448 -58.5625 -68.5 2.693670263527186 5
0000 0014 1710144352448 -175.75 -71.0 5.209398755659637 5
0000 0004 1710144352678 -58.5625 -69.5 0.8099418560036186 5
0000 0014 1710144352678 -26.0 -71.5 4.896466674930966 5
0000 0005 1710144352678 7.3125 -60.5 4.454680208019902 5
0000 0007 1710144352678 -42.3125 -64.5 2.282563412373834 5
0000 0003 1710144352679 -9.75 -68.5 2.767301341345697 5
0000 0008 1710144352679 39.0 -60.5 4.92714629068868 5
0000 0006 1710144352679 58.5625 -66.5 4.902602598082509 5
0000 0014 1710144352680 276.625 -71.5 4.608078286808466 5
0000 0006 1710144352680 16.25 -67.0 5.031456984264903 5
0000 0005 1710144352680 -13.0 -60.5 4.424000592262189 5
0000 0007 1710144352681 130.1875 -64.5 2.067806102069844 5
0000 0008 1710144352681 19.5 -60.5 4.988505522204105 5
0000 0004 1710144352681 26.0 -69.5 0.6810874698212247 5
0000 0003 1710144352681 91.125 -68.5 2.6261751088602177 5
0000 0007 1710144352682 91.125 -65.0 2.1230294104337273 5
0000 0008 1710144352682 -29.25 -60.0 5.086680292628786 5
0000 0005 1710144352682 -3.25 -60.5 4.4976316700806995 5
0000 0004 1710144352683 78.0625 -69.5 0.607456392002714 5
0000 0003 1710144352683 -29.25 -68.5 2.8102528034064944 5
0000 0014 1710144352683 136.6875 -71.0 4.724660826687775 5
0000 0006 1710144352683 -26.0 -67.0 5.056000676871073 5
0000 0007 1710144352934 -19.5 -64.5 2.423689644859313 5
0000 0008 1710144352935 19.5 -60.5 5.00077736850719 5
0000 0006 1710144352935 84.625 -66.0 4.847379289718626 5
0000 0014 1710144352935 -130.1875 -71.0 5.209398755659637 5
0000 0004 1710144352935 45.5625 -69.0 0.6810874698212247 5
0000 0005 1710144352936 9.75 -61.0 4.503767593232243 5
0000 0003 1710144352936 0.0 -69.0 2.742757648739526 5
0000 0008 1710144352936 -3.25 -60.5 5.031456984264903 5
0000 0006 1710144352937 175.75 -66.5 4.601942363656923 5
0000 0004 1710144352937 -42.3125 -69.0 0.8099418560036186 5
0000 0003 1710144352937 78.0625 -67.5 2.6568547246179306 5
0000 0005 1710144352937 -55.3125 -61.0 4.651029748869264 5
0000 0014 1710144352938 68.3125 -70.5 4.945554060143307 5
0000 0007 1710144352938 -19.5 -64.0 2.521864415283994 5
0000 0006 1710144353184 -52.0625 -65.5 5.00077736850719 5
0000 0008 1710144353184 -48.8125 -60.0 5.098952138931871 5
0000 0007 1710144353185 -74.8125 -65.0 2.8286605728611223 5
0000 0004 1710144353185 61.8125 -69.5 1.1903690913992575 5
0000 0005 1710144353185 9.75 -61.0 4.614214209960009 5
0000 0003 1710144353185 13.0 -68.5 2.724349879284899 5
0000 0014 1710144353186 -81.375 -71.0 4.994641445355648 5
0000 0014 1710144353186 16.25 -70.0 4.804427827657828 5
0000 0005 1710144353186 -52.0625 -61.0 4.663301595172349 5
0000 0008 1710144353187 13.0 -60.0 5.019185137961818 5
0000 0004 1710144353187 -19.5 -70.5 1.1965050145508 5
0000 0006 1710144353187 -13.0 -65.5 4.963961829597935 5
0000 0007 1710144353188 -22.75 -64.5 2.816388726558037 5
0000 0003 1710144353188 19.5 -67.5 2.945243112740431 5
0000 0014 1710144353434 139.9375 -71.5 4.773748211900116 5
0000 0004 1710144353434 107.375 -69.0 1.1290098598838318 5
0000 0003 1710144353435 32.5 -67.0 2.8409324191642074 5
0000 0007 1710144353435 -149.6875 -65.5 3.0495538063166547 5
0000 0006 1710144353435 0.0 -64.5 4.8351074434155406 5
0000 0008 1710144353435 -32.5 -60.0 5.098952138931871 5
0000 0005 1710144353436 -16.25 -61.0 4.620350133111551 5
0000 0007 1710144353437 68.3125 -65.0 2.9575149590435164 5
0000 0008 1710144353437 -35.75 -60.0 5.080544369477243 5
0000 0005 1710144353437 -65.0625 -60.5 4.706253057233147 5
0000 0006 1710144353438 -6.5 -65.5 4.847379289718626 5
0000 0004 1710144353438 -13.0 -69.0 1.1965050145508 5
0000 0003 1710144353438 0.0 -68.0 2.8532042654672924 5
0000 0014 1710144353438 -29.25 -71.5 4.914874444385594 5
0000 0003 1710144353661 -45.5625 -68.5 2.7857091108003242 5
0000 0004 1710144353661 -68.3125 -70.0 1.1474176293384597 5
0000 0007 1710144353661 107.375 -65.0 2.8838838812250054 5
0000 0005 1710144353662 0.0 -61.0 4.632621979414636 5
0000 0006 1710144353662 -29.25 -64.5 4.798291904506286 5
0000 0008 1710144353662 -32.5 -60.0 5.086680292628786 5
0000 0014 1710144353663 9.75 -72.0 4.92714629068868 5
0000 0003 1710144353663 -16.25 -67.5 2.84706834231575 5
0000 0014 1710144353663 -19.5 -71.5 4.945554060143307 5
0000 0008 1710144353664 -6.5 -60.0 5.013049214810275 5
0000 0006 1710144353664 16.25 -65.0 4.749204519293945 5
0000 0004 1710144353664 -35.75 -69.5 1.3008157081270237 5
0000 0005 1710144353664 -29.25 -60.5 4.614214209960009 5
0000 0007 1710144353665 -3.25 -65.0 2.9513790358919736 5
0000 0004 1710144353665 -55.3125 -69.5 1.2517283229146832 5
0000 0005 1710144353665 19.5 -60.5 4.571262747899211 5
0000 0008 1710144353666 -39.0 -60.0 5.117359908386499 5
0000 0006 1710144353666 -42.3125 -65.5 4.767612288748572 5
0000 0007 1710144353666 45.5625 -65.0 2.9022916506796332 5
0000 0014 1710144353667 -195.25 -71.5 5.411884219660542 5
0000 0003 1710144353667 -9.75 -68.5 2.816388726558037 5
0000 0014 1710144353933 126.9375 -72.0 4.71238898038469 5
0000 0007 1710144353933 -26.0 -65.0 2.9820586516496865 5
0000 0008 1710144353934 -48.8125 -59.5 5.080544369477243 5
0000 0005 1710144353934 -58.5625 -61.0 4.6878452877785195 5
0000 0004 1710144353934 -13.0 -69.5 1.3192234775816514 5
0000 0003 1710144353935 104.125 -67.5 2.724349879284899 5
0000 0006 1710144353935 -29.25 -65.5 4.81056375080937 5
0000 0004 1710144353935 -159.5 -68.5 1.6444274046134073 5
0000 0007 1710144353935 -22.75 -65.5 2.890019804376548 5
0000 0008 1710144353936 6.5 -60.0 4.988505522204105 5
0000 0003 1710144353936 3.25 -67.5 2.834796496012665 5
0000 0006 1710144353936 58.5625 -66.5 4.669437518323892 5
0000 0014 1710144353937 29.25 -70.5 4.945554060143307 5
0000 0005 1710144353937 0.0 -60.5 4.632621979414636 5
0000 0003 1710144354183 94.375 -67.5 2.8102528034064944 5
0000 0008 1710144354184 -22.75 -59.0 5.043728830567988 5
0000 0005 1710144354184 16.25 -60.5 4.540583132141498 5
0000 0007 1710144354184 -179.0 -66.0 3.000466421104314 5
0000 0006 1710144354184 -166.0 -67.5 4.865787059173254 5
0000 0014 1710144354185 -205.0625 -71.0 5.2339424482658075 5
0000 0004 1710144354185 -126.9375 -68.0 1.7426021750380885 5
0000 0003 1710144354185 13.0 -67.5 3.141592653589793 5
0000 0005 1710144354186 3.25 -60.0 4.546719055293041 5
0000 0014 1710144354186 13.0 -71.0 5.049864753719531 5
0000 0006 1710144354186 22.75 -69.5 4.381049130201391 5
0000 0008 1710144354187 -13.0 -59.0 4.9823695990525625 5
0000 0004 1710144354187 -133.4375 -68.0 1.8039614065535141 5
0000 0007 1710144354187 32.5 -67.0 2.6261751088602177 5
