0000 0004 1710144173050 22.75 -66.0 4.448544284868359 5
0000 0003 1710144173050 -26.0 -59.5 4.184699589352029 5
0000 0002 1710144173051 68.3125 -69.0 1.4848934026733007 5
0000 0014 1710144173051 -22.75 -69.5 5.970253226450915 5
0000 0004 1710144173052 32.5 -66.5 4.473087977474529 5
0000 0002 1710144173052 107.375 -69.5 1.3560390164909069 5
0000 0014 1710144173053 19.5 -69.5 6.062292073724054 5
0000 0003 1710144173053 0.0 -60.0 4.184699589352029 5
0000 0004 1710144173300 -32.5 -66.5 4.509903516383785 5
0000 0002 1710144173300 29.25 -69.0 1.5033011721279284 5
0000 0003 1710144173301 -3.25 -59.5 4.196971435655114 5
0000 0014 1710144173301 -3.25 -70.0 6.013204688511713 5
0000 0014 1710144173302 94.375 -71.0 5.994796919057086 5
0000 0003 1710144173302 -16.25 -59.5 4.252194744018997 5
0000 0004 1710144173303 32.5 -67.0 4.3074180523828804 5
0000 0002 1710144173303 139.9375 -69.0 1.239456476611598 5
0000 0003 1710144173550 3.25 -59.5 4.23378697456437 5
0000 0004 1710144173551 -78.0625 -67.0 4.546719055293041 5
0000 0002 1710144173551 107.375 -68.5 1.2517283229146832 5
0000 0014 1710144173552 107.375 -70.5 5.822991070813893 5
0000 0004 1710144173552 -13.0 -67.0 4.466952054322987 5
0000 0003 1710144173552 -45.5625 -59.5 4.325825821837508 5
0000 0002 1710144173556 22.75 -69.0 1.4173982480063325 5
0000 0014 1710144173556 -198.5625 -71.5 0.02454369260617026 5
0000 0003 1710144173557 26.0 -59.5 4.196971435655114 5
0000 0014 1710144173558 -6.5 -72.0 5.8659425328746915 5
0000 0004 1710144173558 -58.5625 -67.0 4.460816131171445 5
0000 0002 1710144173560 -35.75 -69.5 1.3621749396424494 5
0000 0004 1710144173801 -26.0 -66.0 4.473087977474529 5
0000 0003 1710144173802 -42.3125 -59.5 4.3074180523828804 5
0000 0014 1710144173804 91.125 -71.5 5.553010452146021 5
0000 0002 1710144173805 -29.25 -70.0 1.509437095279471 5
0000 0003 1710144173805 -35.75 -59.5 4.25833066717054 5
0000 0004 1710144173806 -68.3125 -66.0 4.632621979414636 5
0000 0002 1710144173806 61.8125 -70.0 1.3437671701878218 5
0000 0014 1710144173807 -22.75 -70.0 5.902758071783947 5
0000 0014 1710144174050 81.375 -71.5 5.71868037723767 5
0000 0002 1710144174051 172.5 -69.5 1.3192234775816514 5
0000 0004 1710144174051 39.0 -66.5 4.516039439535327 5
0000 0003 1710144174051 -6.5 -59.5 4.190835512503572 5
0000 0003 1710144174052 -16.25 -60.0 4.166291819897402 5
0000 0002 1710144174052 133.4375 -70.5 1.325359400733194 5
0000 0004 1710144174052 9.75 -66.0 4.534447208989955 5
0000 0014 1710144174053 6.5 -71.0 5.878214379177777 5
0000 0002 1710144174300 48.8125 -71.0 1.3744467859455345 5
0000 0014 1710144174300 -195.25 -71.5 5.93343768754166 5
0000 0003 1710144174300 -13.0 -60.0 4.190835512503572 5
0000 0004 1710144174301 -68.3125 -66.0 4.718524903536232 5
0000 0002 1710144174301 123.6875 -70.5 1.41126232485479 5
0000 0003 1710144174301 -22.75 -60.0 4.215379205109742 5
0000 0014 1710144174302 -74.8125 -71.5 5.878214379177777 5
0000 0004 1710144174302 -29.25 -66.0 4.773748211900116 5
0000 0002 1710144174302 -91.125 -71.0 1.7241944055834606 5
0000 0003 1710144174303 -45.5625 -59.5 4.239922897715912 5
0000 0004 1710144174303 -71.5625 -66.0 4.8351074434155406 5
0000 0014 1710144174303 -87.875 -71.0 5.927301764390117 5
0000 0002 1710144174550 52.0625 -70.5 1.41126232485479 5
0000 0003 1710144174550 -29.25 -60.0 4.172427743048944 5
0000 0014 1710144174550 -94.375 -70.5 5.970253226450915 5
0000 0004 1710144174551 -26.0 -66.0 4.73693267299086 5
0000 0004 1710144174551 -19.5 -67.0 4.755340442445488 5
0000 0003 1710144174551 -16.25 -60.0 4.178563666200486 5
0000 0002 1710144174552 182.25 -70.5 1.184233168247715 5
0000 0014 1710144174552 39.0 -71.0 5.626641529964532 5
0000 0014 1710144174800 -68.3125 -71.5 5.853670686571607 5
0000 0003 1710144174800 -52.0625 -60.0 4.221515128261284 5
0000 0002 1710144174800 136.6875 -71.0 1.1535535524900022 5
0000 0004 1710144174801 45.5625 -66.0 4.546719055293041 5
0000 0003 1710144174801 -42.3125 -60.0 4.221515128261284 5
0000 0014 1710144174801 -39.0 -71.5 5.9088939949354895 5
0000 0002 1710144174802 214.8125 -70.0 1.1535535524900022 5
0000 0004 1710144174802 19.5 -66.5 4.552854978444583 5
0000 0002 1710144174802 270.125 -70.5 1.000155473701438 5
0000 0003 1710144174803 6.5 -60.0 4.154019973594316 5
0000 0004 1710144174804 -52.0625 -66.5 4.264466590322082 5
0000 0014 1710144174804 74.8125 -71.5 5.964117303299373 5
0000 0004 1710144175050 -68.3125 -67.0 4.331961744989051 5
0000 0003 1710144175050 -81.375 -60.5 4.252194744018997 5
0000 0014 1710144175050 6.5 -71.0 6.080699843178682 5
0000 0002 1710144175051 97.625 -71.0 1.2885438618239387 5
0000 0002 1710144175051 78.0625 -71.5 1.3008157081270237 5
0000 0003 1710144175051 6.5 -60.0 4.129476280988146 5
0000 0014 1710144175052 -29.25 -71.5 5.915029918087033 5
0000 0004 1710144175052 -9.75 -66.0 4.28287435977671 5
0000 0004 1710144175300 19.5 -66.0 4.147884050442774 5
0000 0002 1710144175300 -48.8125 -70.5 1.3928545554001621 5
0000 0003 1710144175300 6.5 -60.0 4.184699589352029 5
0000 0014 1710144175301 -42.3125 -69.0 5.970253226450915 5
0000 0003 1710144175301 -16.25 -60.0 4.184699589352029 5
0000 0014 1710144175302 6.5 -71.5 5.9088939949354895 5
0000 0004 1710144175302 -29.25 -65.5 4.3074180523828804 5
0000 0002 1710144175302 35.75 -70.5 1.325359400733194 5
0000 0014 1710144175550 -65.0625 -71.5 6.031612457966341 5
0000 0003 1710144175550 45.5625 -60.0 4.1417481272912315 5
0000 0004 1710144175551 -65.0625 -66.0 4.325825821837508 5
0000 0002 1710144175551 42.3125 -70.0 1.3867186322486196 5
0000 0004 1710144175551 -74.8125 -66.0 4.3503695144436785 5
0000 0002 1710144175552 -97.625 -70.5 1.6566992509164924 5
0000 0014 1710144175552 -68.3125 -71.0 5.964117303299373 5
0000 0003 1710144175552 9.75 -60.0 4.190835512503572 5
0000 0004 1710144175553 -84.625 -66.0 4.362641360746763 5
0000 0003 1710144175553 3.25 -60.0 4.239922897715912 5
0000 0014 1710144175554 -65.0625 -71.0 6.007068765360171 5
0000 0002 1710144175554 120.4375 -70.0 1.2333205534600555 5
0000 0002 1710144175800 78.0625 -69.0 1.325359400733194 5
0000 0004 1710144175800 -71.5625 -66.5 4.368777283898306 5
0000 0014 1710144175801 9.75 -71.0 5.755495916146925 5
0000 0003 1710144175801 6.5 -60.0 4.23378697456437 5
0000 0014 1710144175802 -156.1875 -70.5 6.178874613603362 5
0000 0003 1710144175802 -13.0 -60.5 4.289010282928253 5
0000 0002 1710144175802 -9.75 -70.0 1.3928545554001621 5
0000 0004 1710144175803 -35.75 -67.0 4.368777283898306 5
0000 0003 1710144176049 3.25 -60.0 4.23378697456437 5
0000 0004 1710144176049 -152.9375 -66.0 4.595806440505381 5
0000 0002 1710144176050 -35.75 -70.0 1.4603497100671303 5
0000 0014 1710144176050 -13.0 -71.0 5.8659425328746915 5
0000 0004 1710144176050 3.25 -67.0 4.301282129231338 5
0000 0014 1710144176051 35.75 -69.0 5.982525072754001 5
0000 0002 1710144176051 104.125 -69.5 1.3314953238847365 5
0000 0003 1710144176051 -22.75 -60.0 4.313553975534423 5
0000 0002 1710144176299 -182.25 -70.0 1.718058482431918 5
0000 0014 1710144176300 -221.3125 -70.5 6.12365130523948 5
0000 0003 1710144176301 -39.0 -60.0 4.356505437595221 5
0000 0004 1710144176301 -52.0625 -66.5 4.405592822807561 5
0000 0004 1710144176301 39.0 -66.5 4.270602513473625 5
0000 0003 1710144176302 29.25 -60.5 4.252194744018997 5
0000 0002 1710144176302 104.125 -69.5 1.184233168247715 5
0000 0014 1710144176302 35.75 -69.5 6.043884304269426 5
0000 0002 1710144176303 74.8125 -70.0 1.1658253987930873 5
0000 0004 1710144176303 -22.75 -66.5 4.344233591292136 5
0000 0003 1710144176303 -6.5 -60.5 4.3074180523828804 5
0000 0014 1710144176304 156.1875 -70.0 5.5714182216006485 5
0000 0014 1710144176559 68.3125 -71.0 5.767767762450011 5
0000 0002 1710144176559 58.5625 -70.0 1.3192234775816514 5
0000 0004 1710144176560 58.5625 -66.0 4.196971435655114 5
0000 0003 1710144176560 -22.75 -60.0 4.295146206079795 5
0000 0004 1710144176560 -52.0625 -66.5 4.417864669110647 5
0000 0002 1710144176561 61.8125 -68.5 1.3621749396424494 5
0000 0014 1710144176561 -312.4375 -69.5 0.030679615757712823 5
0000 0003 1710144176562 -45.5625 -60.5 4.3503695144436785 5
0000 0003 1710144176800 -9.75 -60.0 4.172427743048944 5
0000 0004 1710144176800 -42.3125 -66.5 4.331961744989051 5
0000 0002 1710144176800 26.0 -69.5 1.3192234775816514 5
0000 0014 1710144176801 55.3125 -70.0 5.8045833013592665 5
0000 0003 1710144176801 -55.3125 -60.0 4.264466590322082 5
0000 0014 1710144176801 -71.5625 -71.0 6.050020227420969 5
0000 0004 1710144176802 42.3125 -67.0 4.1601558967458585 5
0000 0002 1710144176802 -35.75 -69.0 1.3621749396424494 5
0000 0014 1710144176802 26.0 -70.0 5.945709533844745 5
0000 0004 1710144176803 -16.25 -66.5 4.227651051412827 5
0000 0002 1710144176803 29.25 -70.5 1.214912784005428 5
0000 0003 1710144176803 -13.0 -60.5 4.184699589352029 5
0000 0003 1710144177060 -22.75 -60.5 4.166291819897402 5
0000 0004 1710144177060 -42.3125 -66.0 4.246058820867455 5
0000 0002 1710144177060 55.3125 -69.5 1.2455923997631406 5
0000 0014 1710144177061 -3.25 -70.5 5.896622148632405 5
0000 0014 1710144177061 104.125 -70.0 5.792311455056181 5
0000 0002 1710144177061 -35.75 -69.5 1.3989904785517047 5
0000 0004 1710144177062 -9.75 -66.5 4.166291819897402 5
0000 0003 1710144177062 29.25 -60.5 4.129476280988146 5
0000 0003 1710144177300 -39.0 -60.0 4.28287435977671 5
0000 0002 1710144177300 208.3125 -69.0 0.9633399347921826 5
0000 0004 1710144177301 -65.0625 -66.5 4.289010282928253 5
0000 0014 1710144177301 -107.375 -69.5 5.970253226450915 5
0000 0014 1710144177301 198.5625 -70.5 5.6143696836614465 5
0000 0002 1710144177302 123.6875 -69.5 1.1780972450961724 5
0000 0004 1710144177302 81.375 -66.0 4.0987966652304335 5
0000 0003 1710144177302 -3.25 -60.0 4.196971435655114 5
0000 0002 1710144177550 -58.5625 -69.0 1.325359400733194 5
0000 0014 1710144177550 -126.9375 -69.5 6.068427996875596 5
0000 0003 1710144177551 -16.25 -60.5 4.215379205109742 5
0000 0004 1710144177551 26.0 -67.0 4.178563666200486 5
0000 0004 1710144177552 13.0 -66.0 4.190835512503572 5
0000 0014 1710144177552 -52.0625 -70.0 5.939573610693203 5
0000 0003 1710144177552 -22.75 -60.0 4.184699589352029 5
0000 0002 1710144177553 26.0 -69.5 1.2578642460662257 5
0000 0002 1710144177553 55.3125 -69.5 1.1780972450961724 5
0000 0014 1710144177553 81.375 -69.0 5.743224069843841 5
0000 0004 1710144177554 -19.5 -66.0 4.221515128261284 5
0000 0003 1710144177554 -29.25 -60.0 4.172427743048944 5
0000 0003 1710144177795 3.25 -60.0 4.1417481272912315 5
0000 0002 1710144177796 107.375 -69.5 1.1596894756415448 5
0000 0014 1710144177796 123.6875 -69.5 5.71868037723767 5
0000 0004 1710144177796 3.25 -66.0 4.2031073588066565 5
0000 0003 1710144177797 -22.75 -60.0 4.178563666200486 5
0000 0014 1710144177797 -71.5625 -69.5 5.994796919057086 5
0000 0004 1710144177797 35.75 -66.0 4.154019973594316 5
0000 0002 1710144177798 58.5625 -69.0 1.282407938672396 5
