0000 0004 1711094922810 -68.3125 -68.5 0.7853981633974483 20
0000 0014 1711094922819 -29.25 -63.0 3.0066023442558567 20
0000 0005 1711094922819 -48.8125 -62.0 6.043884304269426 20
0000 0012 1711094922820 -65.0625 -70.0 4.037437433715008 20
0000 0008 1711094922821 -3.25 -67.5 1.0062913968529805 20
0000 0007 1711094922821 22.75 -66.5 3.736777199289422 20
0000 0010 1711094922822 -6.5 -66.5 1.0615147052168636 20
0000 0011 1711094922835 16.25 -60.5 2.724349879284899 20
0000 0006 1711094922835 0.0 -65.0 6.1420590746941075 20
0000 0009 1711094922836 71.5625 -68.0 3.6263305825616556 20
0000 0000 1711094922836 18.875 -75.5 5.448699758569798 20
0000 0008 1711094922837 110.625 -68.0 0.9694758579437253 20
0000 0009 1711094922837 -42.3125 -68.0 3.7122335066832517 20
0000 0014 1711094922838 6.5 -64.0 2.9268353432858034 20
0000 0005 1711094922838 -39.0 -62.0 6.050020227420969 20
0000 0006 1711094922839 9.75 -64.5 6.025476534814799 20
0000 0007 1711094922839 -13.0 -66.5 3.80427235395639 20
0000 0004 1711094922839 65.0625 -67.5 0.6504078540635119 20
0000 0010 1711094922840 17.0625 -68.0 1.1596894756415448 20
0000 0011 1711094922840 -39.0 -60.5 2.7979809571034093 20
0000 0012 1711094922841 -26.0 -70.0 3.8717675086233583 20
0000 0000 1711094922891 -0.5625 -75.5 2.4175537217077703 20
0000 0008 1711094923013 45.5625 -67.5 0.9387962421860124 20
0000 0006 1711094923014 29.25 -65.0 6.025476534814799 20
0000 0007 1711094923015 113.875 -66.5 3.724505352986337 20
0000 0010 1711094923016 42.3125 -67.0 1.0676506283684062 20
0000 0011 1711094923017 6.5 -60.5 2.742757648739526 20
0000 0005 1711094923018 19.5 -61.0 6.025476534814799 20
0000 0009 1711094923019 -104.125 -68.5 3.822680123411018 20
0000 0004 1711094923020 -61.8125 -68.0 0.8528933180644165 20
0000 0012 1711094923021 -84.625 -70.5 4.000621894805752 20
0000 0014 1711094923022 55.3125 -63.5 2.82252464970958 20
0000 0000 1711094923023 -1.8125 -75.0 5.540738605842936 20
0000 0014 1711094923024 39.0 -63.0 2.890019804376548 20
0000 0011 1711094923028 16.25 -60.5 2.6998061866787286 20
0000 0006 1711094923029 55.3125 -65.0 6.013204688511713 20
0000 0009 1711094923030 117.125 -69.5 3.56497135104623 20
0000 0010 1711094923031 45.5625 -67.0 1.0921943209745766 20
0000 0012 1711094923032 58.5625 -71.0 3.8840393549264434 20
0000 0004 1711094923033 39.0 -68.0 0.6749515466696822 20
0000 0005 1711094923033 6.5 -62.0 5.982525072754001 20
0000 0007 1711094923034 6.5 -67.5 3.810408277107933 20
0000 0008 1711094923035 21.125 -68.5 1.0492428589137786 20
0000 0000 1711094923132 0.5625 -75.5 5.6573211457222445 20
0000 0012 1711094923133 -198.5625 -69.5 4.215379205109742 20
0000 0005 1711094923134 -55.3125 -61.5 6.0991076126333095 20
0000 0008 1711094923135 -10.5625 -68.0 1.055378782065321 20
0000 0004 1711094923136 -22.75 -69.0 0.7976700097005334 20
0000 0014 1711094923137 9.75 -63.5 2.945243112740431 20
0000 0007 1711094923138 182.25 -67.0 3.5465635815916023 20
0000 0006 1711094923139 -97.625 -65.0 6.258641614573416 20
0000 0011 1711094923140 -22.75 -61.0 2.767301341345697 20
0000 0009 1711094923141 71.5625 -68.0 3.5465635815916023 20
0000 0010 1711094923142 -123.6875 -68.0 1.4542137869155878 20
0000 0000 1711094923361 16.4375 -75.0 2.3746022596469727 20
0000 0008 1711094923361 13.8125 -67.0 0.9694758579437253 20
0000 0014 1711094923362 35.75 -63.0 2.8961557275280905 20
0000 0012 1711094923363 26.0 -70.5 3.865631585471816 20
0000 0010 1711094923364 -84.625 -67.5 1.2762720155208536 20
0000 0006 1711094923365 0.0 -65.0 6.0991076126333095 20
0000 0005 1711094923366 -45.5625 -61.5 6.0991076126333095 20
0000 0011 1711094923367 -55.3125 -61.0 2.8286605728611223 20
0000 0009 1711094923368 35.75 -68.5 3.5772431973493153 20
0000 0004 1711094923369 -19.5 -68.5 0.7547185476397354 20
0000 0007 1711094923369 -113.875 -67.0 3.767456815047135 20
0000 0000 1711094923370 12.1875 -75.0 5.626641529964532 20
0000 0006 1711094923373 16.25 -65.0 6.086835766330224 20
0000 0012 1711094923374 -117.125 -69.5 4.01902966426038 20
0000 0011 1711094923375 19.5 -61.0 2.693670263527186 20
0000 0014 1711094923375 32.5 -63.5 2.9022916506796332 20
0000 0005 1711094923376 3.25 -61.5 6.031612457966341 20
0000 0009 1711094923377 -42.3125 -68.5 3.8533597391687304 20
0000 0010 1711094923378 -107.375 -67.0 1.3314953238847365 20
0000 0007 1711094923379 39.0 -66.5 3.7429131224409646 20
0000 0004 1711094923380 22.75 -68.5 0.7485826244881929 20
0000 0008 1711094923381 17.0625 -67.5 1.0799224746714913 20
0000 0000 1711094923392 19.5 -75.0 5.565282298449106 20
0000 0010 1711094923596 22.75 -67.0 1.1658253987930873 20
0000 0012 1711094923596 32.5 -70.5 3.9760782021995817 20
0000 0011 1711094923597 3.25 -60.5 2.736621725587984 20
0000 0005 1711094923598 -26.0 -61.0 6.080699843178682 20
0000 0006 1711094923599 -100.875 -65.5 6.277049384028044 20
0000 0007 1711094923600 22.75 -67.0 3.749049045592507 20
0000 0014 1711094923601 22.75 -63.0 2.8961557275280905 20
0000 0009 1711094923602 -61.8125 -68.5 3.822680123411018 20
0000 0004 1711094923603 -120.4375 -67.5 0.9081166264282996 20
0000 0008 1711094923603 22.75 -67.5 1.0062913968529805 20
0000 0000 1711094923604 -10.375 -75.0 2.5157284921324514 20
0000 0010 1711094923605 22.75 -68.0 1.1719613219446299 20
0000 0014 1711094923607 13.0 -63.5 2.8961557275280905 20
0000 0009 1711094923608 91.125 -68.0 3.5281558121369745 20
0000 0011 1711094923609 32.5 -61.0 2.693670263527186 20
0000 0005 1711094923610 -39.0 -61.5 6.092971689481767 20
0000 0007 1711094923610 -35.75 -67.5 3.810408277107933 20
0000 0006 1711094923611 -32.5 -64.5 6.191146459906448 20
0000 0008 1711094923612 52.0625 -67.5 1.0369710126106935 20
0000 0012 1711094923613 29.25 -71.0 4.1601558967458585 20
0000 0004 1711094923614 -32.5 -68.5 0.8160777791551611 20
0000 0000 1711094923630 -5.4375 -75.0 2.552544031041707 20
0000 0014 1711094923836 45.5625 -63.5 2.82252464970958 20
0000 0012 1711094923837 -26.0 -71.0 3.9453985864418692 20
0000 0010 1711094923837 -130.1875 -67.0 1.3499030933393643 20
0000 0011 1711094923838 32.5 -61.0 2.6875343403756435 20
0000 0004 1711094923839 -32.5 -68.0 0.8467573949128739 20
0000 0007 1711094923840 16.25 -68.0 3.80427235395639 20
0000 0006 1711094923841 -48.8125 -65.0 6.215690152512618 20
0000 0005 1711094923841 -6.5 -61.0 6.019340611663256 20
0000 0009 1711094923842 78.0625 -68.5 3.5588354278946874 20
0000 0008 1711094923843 -34.9375 -68.0 1.0369710126106935 20
0000 0000 1711094923844 -23.75 -75.5 2.662990647769473 20
0000 0005 1711094923844 0.0 -61.5 6.013204688511713 20
0000 0007 1711094923846 -52.0625 -67.0 3.859495662320273 20
0000 0009 1711094923847 52.0625 -68.5 3.54042765844006 20
0000 0004 1711094923848 -117.125 -68.0 0.9940195505498954 20
0000 0011 1711094923849 0.0 -60.5 2.736621725587984 20
0000 0006 1711094923850 -29.25 -65.0 6.191146459906448 20
0000 0014 1711094923850 -13.0 -63.5 2.9513790358919736 20
0000 0012 1711094923851 87.875 -69.5 3.9208548938356986 20
0000 0008 1711094923852 -76.4375 -68.0 1.1903690913992575 20
0000 0010 1711094923853 -17.0625 -67.5 1.1780972450961724 20
0000 0000 1711094923891 0.0 -75.0 5.577554144752192 20
0000 0008 1711094924072 19.5 -67.5 1.0185632431560658 20
0000 0009 1711094924073 -32.5 -68.0 3.7981364308048478 20
0000 0007 1711094924074 -94.375 -66.5 3.859495662320273 20
0000 0010 1711094924074 -55.3125 -67.5 1.2333205534600555 20
0000 0012 1711094924075 13.0 -71.0 3.9699422790480394 20
0000 0006 1711094924076 -48.8125 -66.0 6.1420590746941075 20
0000 0011 1711094924077 -16.25 -61.0 2.761165418194154 20
0000 0005 1711094924078 -58.5625 -62.0 6.12365130523948 20
0000 0014 1711094924078 -19.5 -63.5 2.9943304979527716 20
0000 0004 1711094924079 -91.125 -69.5 0.9019807032767571 20
0000 0000 1711094924080 11.5625 -75.0 5.595961914206819 20
0000 0009 1711094924080 32.5 -70.0 3.5281558121369745 20
0000 0005 1711094924082 -13.0 -61.5 6.068427996875596 20
0000 0011 1711094924083 3.25 -60.5 2.748893571891069 20
0000 0014 1711094924084 32.5 -63.0 2.890019804376548 20
0000 0006 1711094924084 26.0 -65.0 6.043884304269426 20
0000 0007 1711094924085 97.625 -67.5 3.6570101983193686 20
0000 0004 1711094924086 -123.6875 -68.0 0.9878836273983529 20
0000 0012 1711094924086 29.25 -69.5 3.9576704327449543 20
0000 0010 1711094924088 126.9375 -66.5 1.1106020904292042 20
0000 0008 1711094924088 48.8125 -68.5 1.0246991663076084 20
0000 0000 1711094924321 -2.125 -75.5 5.780039608753096 20
0000 0010 1711094924321 -45.5625 -67.5 1.3989904785517047 20
0000 0006 1711094924322 -35.75 -65.0 6.1850105367549055 20
0000 0014 1711094924323 -74.8125 -63.5 2.988194574801229 20
0000 0005 1711094924324 -39.0 -63.0 6.277049384028044 20
0000 0009 1711094924324 -16.25 -70.5 3.3747577333484107 20
0000 0011 1711094924325 13.0 -60.5 2.742757648739526 20
0000 0007 1711094924326 13.0 -66.0 3.5956509668039427 20
0000 0008 1711094924326 0.0 -66.5 1.1780972450961724 20
0000 0004 1711094924327 58.5625 -68.0 0.6565437772150544 20
0000 0012 1711094924328 13.0 -70.0 4.01902966426038 20
0000 0000 1711094924328 3.875 -75.5 5.9088939949354895 20
0000 0006 1711094924329 -3.25 -65.5 6.160466844148735 20
0000 0011 1711094924330 -3.25 -60.5 2.7857091108003242 20
0000 0008 1711094924330 -9.75 -65.0 1.2762720155208536 20
0000 0009 1711094924331 104.125 -70.0 3.0250101137104846 20
0000 0014 1711094924332 130.1875 -64.0 2.662990647769473 20
0000 0010 1711094924332 58.5625 -69.0 1.4726215563702154 20
0000 0007 1711094924333 45.5625 -66.5 3.4606606574700063 20
0000 0004 1711094924334 26.0 -69.0 0.6872233929727672 20
0000 0005 1711094924334 -65.0625 -64.0 0.2270291566070749 20
0000 0012 1711094924390 -0.5625 -73.5 4.006757817957295 20
0000 0000 1711094924391 -12.1875 -75.0 3.0066023442558567 20
0000 0008 1711094924584 13.0 -61.5 1.8285050991596843 20
0000 0005 1711094924584 -42.3125 -64.5 0.5399612373357456 20
0000 0014 1711094924585 48.8125 -63.5 2.761165418194154 20
0000 0009 1711094924585 117.125 -71.0 3.018874190558942 20
0000 0004 1711094924586 -81.375 -69.0 0.9081166264282996 20
0000 0011 1711094924587 -19.5 -60.0 2.6445828783148455 20
0000 0006 1711094924587 -45.5625 -64.5 5.890486225480862 20
0000 0007 1711094924588 -3.25 -66.5 3.411573272257666 20
0000 0010 1711094924589 -22.75 -69.5 1.6382914814618648 20
0000 0000 1711094924589 -14.0 -75.0 0.0859029241215959 20
0000 0012 1711094924590 -8.5 -74.0 4.074252972624263 20
0000 0014 1711094924590 -26.0 -65.0 2.1537090261914402 20
0000 0008 1711094924591 -26.0 -59.5 3.129320807286708 20
0000 0006 1711094924592 -78.0625 -64.5 5.9088939949354895 20
0000 0004 1711094924593 117.125 -69.5 0.7485826244881929 20
0000 0010 1711094924593 -48.8125 -68.0 1.1167380135807468 20
0000 0005 1711094924594 -35.75 -64.5 0.8160777791551611 20
0000 0011 1711094924595 35.75 -60.0 1.945087639038993 20
0000 0009 1711094924596 -9.75 -71.5 3.1784081924990484 20
0000 0007 1711094924596 9.75 -68.5 3.153864499892878 20
0000 0000 1711094924597 -156.1875 -72.5 0.7853981633974483 20
0000 0012 1711094924598 16.25 -73.0 3.2765829629237295 20
0000 0004 1711094924816 -55.3125 -70.0 1.2026409377023426 20
0000 0007 1711094924816 205.0625 -70.5 2.2027964114037806 20
0000 0010 1711094924817 -84.625 -67.0 0.9142525495798421 20
0000 0006 1711094924818 13.0 -65.0 5.792311455056181 20
0000 0012 1711094924818 -52.0625 -71.5 3.399301425954581 20
0000 0005 1711094924819 -16.25 -63.0 0.6565437772150544 20
0000 0014 1711094924820 -29.25 -64.5 2.1598449493429825 20
0000 0008 1711094924820 -26.0 -58.0 4.09266074207889 20
0000 0009 1711094924821 302.6875 -72.5 3.1354567304382504 20
0000 0011 1711094924822 -29.25 -60.5 1.736466251886546 20
0000 0000 1711094924822 -289.6875 -72.0 2.086213871524472 20
0000 0008 1711094924823 0.0 -56.5 4.767612288748572 20
0000 0006 1711094924824 -94.375 -66.0 5.835262917116979 20
0000 0012 1711094924825 231.0625 -70.0 2.9820586516496865 20
0000 0007 1711094924825 -48.8125 -69.5 2.282563412373834 20
0000 0005 1711094924826 -22.75 -60.0 0.39269908169872414 20
0000 0011 1711094924826 -13.0 -59.5 1.705786636128833 20
0000 0010 1711094924827 -52.0625 -66.5 1.0369710126106935 20
0000 0014 1711094924828 78.0625 -65.0 2.2396119503130363 20
0000 0009 1711094924828 159.5 -72.5 3.6263305825616556 20
0000 0004 1711094924843 143.1875 -71.0 0.4724660826687775 20
0000 0000 1711094924890 2.6875 -78.0 6.2034183062095325 20
0000 0012 1711094925068 104.125 -69.0 3.767456815047135 20
0000 0014 1711094925068 16.25 -65.5 2.718213956133356 20
0000 0007 1711094925069 94.375 -68.5 2.2212041808584084 20
0000 0005 1711094925070 -3.25 -57.5 0.12885438618239387 20
0000 0011 1711094925070 29.25 -61.5 1.5707963267948966 20
0000 0008 1711094925071 -13.0 -54.0 5.927301764390117 20
0000 0010 1711094925071 16.25 -68.5 1.8223691760081417 20
0000 0006 1711094925072 13.0 -64.5 5.7616318392984684 20
0000 0004 1711094925073 -149.6875 -68.5 0.662679700366597 20
0000 0000 1711094925073 20.75 -77.5 1.1474176293384597 20
0000 0009 1711094925074 4.875 -77.5 1.552388557340269 20
0000 0007 1711094925074 45.5625 -67.5 2.8102528034064944 20
0000 0014 1711094925076 35.75 -67.0 2.5034566458293663 20
0000 0005 1711094925077 -29.25 -55.0 0.3129320807286708 20
0000 0012 1711094925077 -68.3125 -72.0 2.9022916506796332 20
0000 0006 1711094925078 -13.0 -67.0 6.092971689481767 20
0000 0008 1711094925079 -13.0 -53.0 1.0246991663076084 20
0000 0011 1711094925079 45.5625 -68.5 1.4603497100671303 20
0000 0010 1711094925080 -69.125 -74.5 2.834796496012665 20
0000 0009 1711094925130 15.25 -77.0 2.12916533358527 20
0000 0003 1711094925131 9.75 -77.5 5.8045833013592665 20
0000 0000 1711094925387 15.5625 -78.5 0.5890486225480862 20
0000 0008 1711094925388 -7.3125 -53.0 2.466641106920111 20
0000 0014 1711094925388 45.5625 -67.0 2.380738182798515 20
0000 0006 1711094925389 29.25 -69.5 0.0859029241215959 20
0000 0005 1711094925390 -6.5 -55.0 0.7179030087304801 20
0000 0007 1711094925390 35.75 -66.5 3.436116964863836 20
0000 0012 1711094925391 52.0625 -75.0 1.8162332528565992 20
0000 0009 1711094925391 -6.5 -75.5 5.819923109238123 20
0000 0000 1711094925392 -11.5625 -76.5 2.2212041808584084 20
0000 0010 1711094925393 21.9375 -77.0 3.650874275167826 20
0000 0003 1711094925393 8.5 -77.5 1.4296700943094176 20
0000 0008 1711094925394 3.25 -52.5 3.761320891895592 20
0000 0005 1711094925395 9.75 -55.0 1.1596894756415448 20
0000 0014 1711094925396 -45.5625 -68.0 2.4850488763747385 20
0000 0007 1711094925397 0.0 -66.0 3.9638063558964967 20
0000 0009 1711094925397 20.3125 -75.0 0.09510680884890975 20
0000 0012 1711094925631 -9.75 -77.0 1.846912868614312 20
0000 0004 1711094925631 -2.6875 -72.5 5.878214379177777 20
0000 0003 1711094925632 -1.75 -78.0 4.534447208989955 20
0000 0008 1711094925633 0.0 -53.0 5.056000676871073 20
0000 0007 1711094925634 6.5 -62.0 4.344233591292136 20
0000 0005 1711094925634 -6.5 -57.5 2.098485717827557 20
0000 0014 1711094925635 -3.25 -66.5 2.730485802436441 20
0000 0004 1711094925636 87.875 -69.5 2.9329712664373457 20
0000 0009 1711094925636 3.0 -75.0 4.147884050442774 20
0000 0012 1711094925637 -17.6875 -76.0 5.013049214810275 20
0000 0003 1711094925637 3.0 -78.5 4.878058905476339 20
0000 0014 1711094925830 -6.5 -65.5 2.9145634969827183 20
0000 0008 1711094925831 -24.375 -53.0 5.816855147662351 20
0000 0004 1711094925831 65.0625 -65.5 3.761320891895592 20
0000 0005 1711094925832 19.5 -59.5 3.313398501832985 20
0000 0007 1711094925832 -3.25 -60.0 5.098952138931871 20
0000 0000 1711094925833 -33.3125 -74.5 1.4695535947944443 20
0000 0009 1711094925833 6.0625 -76.0 4.522175362686871 20
0000 0012 1711094925834 10.9375 -76.5 1.607611865704152 20
0000 0003 1711094925834 2.4375 -79.0 0.06135923151542565 20
0000 0005 1711094925835 -32.5 -59.0 4.804427827657828 20
0000 0014 1711094925835 35.75 -63.5 3.6447383520162835 20
0000 0000 1711094925836 166.0 -71.5 2.405281875404685 20
0000 0007 1711094925837 -39.0 -59.0 0.39269908169872414 20
0000 0008 1711094925838 -17.0625 -53.0 0.1902136176978195 20
0000 0004 1711094925838 -6.5 -63.5 4.460816131171445 20
0000 0012 1711094925839 7.875 -76.5 5.111223985234957 20
0000 0009 1711094925839 5.4375 -77.5 4.454680208019902 20
0000 0003 1711094926131 3.9375 -78.5 1.6935147898257479 20
0000 0001 1711094926131 -12.625 -79.0 1.6321555583103222 20
0000 0014 1711094926132 39.0 -63.0 4.399456899656019 20
0000 0007 1711094926132 -3.25 -60.5 1.4787574795217582 20
0000 0006 1711094926133 -26.0 -69.5 4.804427827657828 20
0000 0004 1711094926133 61.8125 -63.0 5.092816215780329 20
0000 0005 1711094926134 -3.25 -60.0 5.724816300389213 20
0000 0008 1711094926134 -6.5 -53.5 0.8283496254582462 20
0000 0000 1711094926135 156.1875 -69.0 3.730641276137879 20
0000 0012 1711094926135 -23.1875 -77.0 2.098485717827557 20
0000 0001 1711094926136 -3.0 -78.0 2.270291566070749 20
0000 0003 1711094926137 12.1875 -76.5 5.822991070813893 20
0000 0009 1711094926137 17.0625 -80.5 1.0983302441261191 20
0000 0012 1711094926309 328.75 -72.5 1.8775924843720249 20
0000 0005 1711094926309 39.0 -60.0 0.9265243958829272 20
0000 0004 1711094926310 -42.3125 -65.0 6.043884304269426 20
0000 0007 1711094926310 61.8125 -61.5 2.423689644859313 20
0000 0014 1711094926311 -16.25 -63.0 3.6263305825616556 20
0000 0008 1711094926311 -7.3125 -53.5 1.141281706186917 20
0000 0000 1711094926312 -139.9375 -69.0 4.884194828627882 20
0000 0003 1711094926313 6.6875 -76.0 0.1718058482431918 20
0000 0001 1711094926313 24.25 -78.5 6.240233845118788 20
0000 0008 1711094926314 0.0 -54.0 1.2701360923693108 20
0000 0004 1711094926314 -32.5 -64.5 0.11044661672776616 20
0000 0005 1711094926315 -9.75 -59.0 1.1658253987930873 20
0000 0007 1711094926315 3.25 -61.0 2.454369260617026 20
0000 0000 1711094926316 45.5625 -70.0 4.902602598082509 20
0000 0014 1711094926316 16.25 -63.5 3.215223731408304 20
0000 0012 1711094926317 -494.75 -73.0 2.773437264497239 20
0000 0003 1711094926399 -3.625 -77.0 0.1902136176978195 20
0000 0001 1711094926399 -3.625 -77.5 3.6692820446224537 20
0000 0007 1711094926575 0.0 -63.5 2.675262494072558 20
0000 0004 1711094926575 -74.8125 -64.0 0.30066023442558565 20
0000 0005 1711094926576 -9.75 -63.0 0.6381360077604268 20
0000 0014 1711094926576 -16.25 -63.5 3.3072625786814425 20
0000 0008 1711094926577 19.5 -54.0 1.2762720155208536 20
0000 0000 1711094926577 -52.0625 -69.5 5.00077736850719 20
0000 0012 1711094926578 -4.25 -77.5 5.540738605842936 20
0000 0003 1711094926579 -15.8125 -78.0 3.448388811166921 20
0000 0001 1711094926579 -14.0 -75.5 0.9572040116406401 20
0000 0006 1711094926580 -4.6875 -74.5 0.4540583132141498 20
0000 0005 1711094926580 -52.0625 -62.0 0.15339807878856412 20
0000 0014 1711094926581 -120.4375 -62.5 3.9269908169872414 20
0000 0007 1711094926582 -35.75 -65.0 2.767301341345697 20
0000 0004 1711094926582 3.25 -65.0 0.25157284921324513 20
0000 0008 1711094926583 22.75 -54.5 1.368310862793992 20
0000 0001 1711094926584 -139.9375 -72.0 4.28287435977671 20
0000 0000 1711094926584 -81.375 -69.5 5.283029833478148 20
0000 0006 1711094926629 0.0 -72.5 0.5154175447295755 20
0000 0003 1711094926845 9.75 -79.0 3.2397674240144743 20
0000 0012 1711094926846 -15.5625 -78.5 5.638913376267617 20
0000 0005 1711094926846 -26.0 -63.5 0.28838838812250056 20
0000 0007 1711094926847 55.3125 -66.5 2.6261751088602177 20
0000 0008 1711094926847 10.5625 -54.5 1.4173982480063325 20
0000 0001 1711094926848 -22.75 -68.5 4.847379289718626 20
0000 0000 1711094926848 -32.5 -70.0 5.1725832167503825 20
0000 0006 1711094926849 -3.25 -71.0 3.9699422790480394 20
0000 0014 1711094926849 -84.625 -62.5 3.865631585471816 20
0000 0004 1711094926850 -19.5 -65.0 0.37429131224409645 20
0000 0012 1711094926850 29.875 -77.5 2.2027964114037806 20
0000 0003 1711094926851 -6.375 -79.0 0.3374757733348411 20
0000 0014 1711094926853 -45.5625 -63.0 3.7981364308048478 20
0000 0006 1711094926853 -52.0625 -71.0 4.006757817957295 20
0000 0004 1711094926853 -55.3125 -66.0 0.5767767762450011 20
0000 0008 1711094926854 30.875 -54.5 1.3744467859455345 20
0000 0001 1711094926855 -136.6875 -67.5 5.062136600022616 20
0000 0005 1711094926855 -13.0 -61.5 0.23930100291016002 20
0000 0000 1711094926856 32.5 -69.5 5.3627968344482015 20
0000 0007 1711094926856 -81.375 -65.0 2.761165418194154 20
0000 0012 1711094926889 1.8125 -77.5 5.516194913236766 20
0000 0003 1711094927109 -18.5625 -78.5 0.3374757733348411 20
0000 0005 1711094927109 -13.0 -61.0 0.4295146206079795 20
0000 0008 1711094927110 0.0 -54.5 1.380582709097077 20
0000 0007 1711094927110 9.75 -64.5 2.478912953223196 20
0000 0001 1711094927111 -16.25 -67.0 4.773748211900116 20
0000 0000 1711094927111 -13.0 -71.5 4.994641445355648 20
0000 0014 1711094927112 -26.0 -63.5 3.810408277107933 20
0000 0004 1711094927112 -29.25 -65.5 0.607456392002714 20
0000 0012 1711094927113 -29.875 -77.0 5.534602682691394 20
0000 0006 1711094927113 -6.6875 -73.5 0.7915340865489908 20
0000 0003 1711094927114 -7.0 -79.0 6.264777537724958 20
0000 0009 1711094927114 12.1875 -80.5 1.1474176293384597 20
0000 0014 1711094927116 -13.0 -63.0 3.877903431774901 20
0000 0008 1711094927116 13.8125 -54.5 1.3560390164909069 20
0000 0007 1711094927117 0.0 -63.0 2.4850488763747385 20
0000 0005 1711094927117 13.0 -60.5 0.7485826244881929 20
0000 0001 1711094927118 -104.125 -67.0 4.7860200582032 20
0000 0000 1711094927119 104.125 -72.5 4.681709364626977 20
0000 0004 1711094927119 29.25 -66.0 0.7485826244881929 20
0000 0006 1711094927357 2.4375 -72.5 0.9326603190344698 20
0000 0012 1711094927357 8.5 -77.0 5.3198453723874035 20
0000 0009 1711094927357 49.4375 -78.5 4.215379205109742 20
0000 0001 1711094927358 13.0 -66.0 4.331961744989051 20
0000 0014 1711094927358 3.25 -63.0 4.111068511533518 20
0000 0007 1711094927359 -42.3125 -61.5 2.497320722677824 20
0000 0005 1711094927359 39.0 -60.0 1.3008157081270237 20
0000 0004 1711094927360 -97.625 -66.5 0.9019807032767571 20
0000 0008 1711094927360 -7.3125 -55.0 1.4480778637640452 20
0000 0012 1711094927361 91.125 -74.0 2.184388641949153 20
0000 0000 1711094927368 91.125 -73.5 4.632621979414636 20
0000 0006 1711094927368 1.8125 -73.5 0.7731263170943632 20
0000 0009 1711094927369 -8.5 -77.5 4.546719055293041 20
0000 0005 1711094927370 -6.5 -59.0 1.6137477888556946 20
0000 0001 1711094927370 -13.0 -67.0 4.399456899656019 20
0000 0014 1711094927371 -6.5 -63.0 4.080388895775806 20
0000 0008 1711094927371 3.25 -55.0 1.4173982480063325 20
0000 0004 1711094927372 3.25 -66.5 0.7547185476397354 20
0000 0007 1711094927372 -29.25 -61.0 2.405281875404685 20
0000 0000 1711094927390 21.125 -75.0 1.6229516735830083 20
0000 0012 1711094927630 -14.0 -76.0 5.522330836388308 20
0000 0009 1711094927630 -20.75 -78.0 4.718524903536232 20
0000 0003 1711094927630 2.5625 -79.0 0.09203884727313846 20
0000 0005 1711094927631 0.0 -58.5 1.8407769454627694 20
0000 0004 1711094927631 81.375 -66.5 0.7424467013366504 20
0000 0000 1711094927632 -84.625 -72.5 5.184855063053467 20
0000 0007 1711094927632 52.0625 -61.0 2.227340104009951 20
0000 0001 1711094927633 6.5 -66.5 4.356505437595221 20
0000 0008 1711094927633 13.8125 -55.0 1.3928545554001621 20
0000 0014 1711094927634 -3.25 -63.5 4.0987966652304335 20
0000 0012 1711094927634 -29.875 -76.5 5.491651220630596 20
0000 0003 1711094927635 0.5625 -76.5 0.5460971604872883 20
0000 0009 1711094927636 5.75 -81.0 1.2333205534600555 20
0000 0004 1711094927636 6.5 -67.0 0.8713010875190442 20
0000 0014 1711094927637 -22.75 -63.5 4.037437433715008 20
0000 0008 1711094927637 16.25 -54.5 1.3989904785517047 20
0000 0005 1711094927638 32.5 -58.0 1.5033011721279284 20
0000 0000 1711094927638 16.25 -70.5 5.117359908386499 20
0000 0007 1711094927638 3.25 -61.5 2.2457478734645786 20
0000 0001 1711094927639 -35.75 -66.0 4.399456899656019 20
0000 0003 1711094927639 -19.5 -73.0 3.56497135104623 20
