0000 0008 1711094723085 62.625 -66.5 2.018718716857504 20
0000 0005 1711094723086 -9.75 -56.0 0.4049709280018093 20
0000 0003 1711094723086 61.8125 -68.5 0.23930100291016002 20
0000 0010 1711094723087 48.8125 -70.5 1.0492428589137786 20
0000 0004 1711094723087 26.0 -64.5 5.111223985234957 20
0000 0006 1711094723088 22.75 -68.0 4.074252972624263 20
0000 0009 1711094723088 -26.0 -63.0 5.098952138931871 20
0000 0014 1711094723089 6.5 -68.0 2.497320722677824 20
0000 0012 1711094723089 71.5625 -69.0 4.221515128261284 20
0000 0011 1711094723090 -6.5 -73.0 0.4111068511533518 20
0000 0007 1711094723090 -35.75 -69.5 5.184855063053467 20
0000 0000 1711094723091 -7.3125 -73.5 1.0921943209745766 20
0000 0002 1711094723091 -43.9375 -78.0 5.00077736850719 20
0000 0004 1711094723216 -29.25 -65.0 5.2339424482658075 20
0000 0012 1711094723216 -97.625 -68.5 4.528311285838413 20
0000 0009 1711094723217 -26.0 -63.5 5.105088062083414 20
0000 0003 1711094723217 -19.5 -69.0 0.23930100291016002 20
0000 0005 1711094723217 -3.25 -56.0 0.3988350048502667 20
0000 0008 1711094723218 -52.0625 -65.5 2.2457478734645786 20
0000 0007 1711094723218 -6.5 -69.0 5.141903600992669 20
0000 0006 1711094723219 3.25 -67.0 4.123340357836604 20
0000 0014 1711094723219 48.8125 -67.0 2.3071071049800045 20
0000 0010 1711094723220 -172.5 -69.5 1.2578642460662257 20
0000 0011 1711094723220 -16.25 -74.5 0.4049709280018093 20
0000 0002 1711094723221 -36.5625 -78.5 4.988505522204105 20
0000 0000 1711094723222 18.875 -73.5 1.012427320004523 20
0000 0009 1711094723222 -68.3125 -64.0 5.184855063053467 20
0000 0014 1711094723223 61.8125 -68.0 2.2641556429192065 20
0000 0010 1711094723223 -71.5625 -70.5 1.1351457830353744 20
0000 0008 1711094723224 -76.4375 -66.0 2.227340104009951 20
0000 0007 1711094723224 -32.5 -70.0 5.105088062083414 20
0000 0012 1711094723224 -87.875 -68.5 4.466952054322987 20
0000 0004 1711094723225 -97.625 -64.5 5.381204603902829 20
0000 0003 1711094723225 -39.0 -70.0 0.3129320807286708 20
0000 0005 1711094723226 -19.5 -56.0 0.42337869745643697 20
0000 0006 1711094723226 6.5 -67.0 3.9822141253511245 20
0000 0011 1711094723227 120.4375 -72.5 0.39269908169872414 20
0000 0000 1711094723334 9.75 -73.5 0.9265243958829272 20
0000 0002 1711094723335 -18.25 -78.5 4.76147636559703 20
0000 0009 1711094723476 -87.875 -64.0 5.184855063053467 20
0000 0004 1711094723476 156.1875 -64.5 4.9823695990525625 20
0000 0008 1711094723476 30.875 -66.5 2.061670178918302 20
0000 0014 1711094723477 279.9375 -67.5 1.9389517158874505 20
0000 0012 1711094723477 13.0 -69.5 4.25833066717054 20
0000 0003 1711094723478 -32.5 -69.5 0.16566992509164924 20
0000 0007 1711094723478 -126.9375 -69.0 5.190990986205009 20
0000 0010 1711094723479 -26.0 -69.5 1.1596894756415448 20
0000 0005 1711094723479 -13.0 -56.0 0.4172427743048944 20
0000 0006 1711094723479 -19.5 -67.5 4.111068511533518 20
0000 0011 1711094723480 -74.8125 -72.0 0.7731263170943632 20
0000 0002 1711094723480 -3.625 -78.5 4.718524903536232 20
0000 0000 1711094723481 0.5625 -74.5 0.9326603190344698 20
0000 0014 1711094723482 81.375 -68.0 2.2027964114037806 20
0000 0006 1711094723482 -35.75 -67.5 4.1417481272912315 20
0000 0004 1711094723483 45.5625 -65.0 5.154175447295755 20
0000 0005 1711094723483 -13.0 -56.0 0.4111068511533518 20
0000 0012 1711094723484 -45.5625 -68.5 4.473087977474529 20
0000 0007 1711094723484 -6.5 -70.5 4.994641445355648 20
0000 0008 1711094723484 21.125 -66.0 2.141437179888355 20
0000 0009 1711094723485 26.0 -64.0 4.95168998329485 20
0000 0003 1711094723485 42.3125 -69.0 0.1349903093339364 20
0000 0010 1711094723486 126.9375 -69.5 0.9081166264282996 20
0000 0011 1711094723486 -94.375 -72.5 0.662679700366597 20
0000 0002 1711094723584 17.6875 -78.5 1.3499030933393643 20
0000 0000 1711094723585 5.4375 -74.5 3.9392626632903265 20
0000 0014 1711094723723 0.0 -68.0 2.448233337465483 20
0000 0004 1711094723723 -16.25 -65.0 5.2339424482658075 20
0000 0003 1711094723724 -159.5 -70.0 0.47860200582032003 20
0000 0005 1711094723724 3.25 -56.0 0.380427235395639 20
0000 0007 1711094723725 -113.875 -71.0 5.098952138931871 20
0000 0008 1711094723725 -39.0 -66.0 2.1598449493429825 20
0000 0010 1711094723726 83.0 -69.0 0.9510680884890975 20
0000 0009 1711094723726 -16.25 -64.0 5.062136600022616 20
0000 0006 1711094723727 -42.3125 -67.5 4.178563666200486 20
0000 0011 1711094723727 94.375 -72.5 0.3865631585471816 20
0000 0012 1711094723728 -13.0 -69.0 4.331961744989051 20
0000 0000 1711094723728 -6.6875 -74.5 0.9326603190344698 20
0000 0002 1711094723730 -9.75 -79.0 1.7671458676442586 20
0000 0006 1711094723730 -13.0 -67.5 4.09266074207889 20
0000 0005 1711094723730 16.25 -56.0 0.34974761963792617 20
0000 0012 1711094723731 -48.8125 -68.5 4.448544284868359 20
0000 0004 1711094723731 52.0625 -65.0 5.098952138931871 20
0000 0007 1711094723732 -45.5625 -70.0 5.080544369477243 20
0000 0014 1711094723732 120.4375 -67.5 2.1782527187976104 20
0000 0003 1711094723733 -68.3125 -69.0 0.30066023442558565 20
0000 0009 1711094723733 -32.5 -64.5 5.092816215780329 20
0000 0008 1711094723734 65.0625 -66.5 2.0064468705544187 20
0000 0011 1711094723734 35.75 -74.5 0.6258641614573416 20
0000 0010 1711094723735 -123.6875 -69.5 1.2455923997631406 20
0000 0000 1711094723834 -8.5 -74.5 0.9510680884890975 20
0000 0002 1711094723834 4.25 -78.5 4.816699673960914 20
0000 0003 1711094723979 65.0625 -70.0 0.11044661672776616 20
0000 0014 1711094723979 -3.25 -68.0 2.3009711818284617 20
0000 0007 1711094723979 22.75 -69.5 4.9394181369917645 20
0000 0004 1711094723980 -19.5 -64.5 5.2339424482658075 20
0000 0006 1711094723980 -211.5625 -68.0 4.3074180523828804 20
0000 0008 1711094723981 10.5625 -66.5 2.1046216409791 20
0000 0010 1711094723981 143.1875 -68.5 0.9142525495798421 20
0000 0011 1711094723982 -139.9375 -72.0 0.9203884727313847 20
0000 0009 1711094723982 9.75 -64.5 4.994641445355648 20
0000 0005 1711094723982 6.5 -56.0 0.380427235395639 20
0000 0012 1711094723983 68.3125 -68.5 4.190835512503572 20
0000 0000 1711094723983 -7.875 -74.5 4.104932588381976 20
0000 0002 1711094723985 -33.8125 -79.0 4.779884135051658 20
0000 0004 1711094723985 -42.3125 -65.0 5.295301679781233 20
0000 0014 1711094723985 -26.0 -68.0 2.399145952253143 20
0000 0008 1711094723986 65.0625 -67.0 2.055534255766759 20
0000 0006 1711094723986 -65.0625 -68.5 4.178563666200486 20
0000 0005 1711094723987 -19.5 -56.5 0.4172427743048944 20
0000 0007 1711094723987 -130.1875 -70.0 5.209398755659637 20
0000 0012 1711094723987 58.5625 -68.5 4.2092432819582 20
0000 0009 1711094723988 87.875 -64.0 4.933282213840222 20
0000 0010 1711094723988 13.8125 -69.0 1.0921943209745766 20
0000 0003 1711094723989 -166.0 -70.0 0.4295146206079795 20
0000 0011 1711094723990 -208.3125 -72.5 0.8099418560036186 20
0000 0002 1711094724087 15.8125 -79.0 1.6505633277649499 20
0000 0000 1711094724087 -19.5 -73.5 4.319689898685965 20
0000 0014 1711094724227 123.6875 -68.0 2.116893487282185 20
0000 0009 1711094724227 -29.25 -64.0 5.080544369477243 20
0000 0006 1711094724228 -48.8125 -68.5 4.129476280988146 20
0000 0005 1711094724228 3.25 -56.0 0.39269908169872414 20
0000 0007 1711094724228 29.25 -70.5 5.148039524144211 20
0000 0012 1711094724229 -58.5625 -68.5 4.338097668140593 20
0000 0008 1711094724230 3.25 -67.0 2.1782527187976104 20
0000 0004 1711094724230 29.25 -65.0 5.178719139901925 20
0000 0010 1711094724231 55.3125 -69.5 0.9940195505498954 20
0000 0003 1711094724232 -214.8125 -69.0 0.5460971604872883 20
0000 0011 1711094724232 182.25 -73.0 0.4111068511533518 20
0000 0000 1711094724232 -9.125 -74.0 1.2087768608538851 20
0000 0002 1711094724234 -33.25 -78.5 4.749204519293945 20
0000 0009 1711094724234 -19.5 -64.0 5.1725832167503825 20
0000 0006 1711094724235 74.8125 -68.0 4.025165587411922 20
0000 0004 1711094724235 -110.625 -65.0 5.375068680751287 20
0000 0014 1711094724237 9.75 -67.5 2.3439226438892597 20
0000 0008 1711094724237 24.375 -66.5 1.9941750242513334 20
0000 0005 1711094724237 3.25 -56.0 0.4049709280018093 20
0000 0012 1711094724238 133.4375 -69.0 4.1172044346850605 20
0000 0003 1711094724239 -3.25 -69.0 0.28838838812250056 20
0000 0007 1711094724239 -19.5 -70.0 5.160311370447297 20
0000 0010 1711094724240 -110.625 -70.0 1.3314953238847365 20
0000 0011 1711094724240 39.0 -74.0 0.5399612373357456 20
0000 0002 1711094724334 31.125 -78.5 4.706253057233147 20
0000 0000 1711094724334 -1.1875 -73.5 1.0799224746714913 20
0000 0004 1711094724490 -26.0 -65.0 5.252350217720435 20
0000 0008 1711094724490 -3.25 -66.5 2.086213871524472 20
0000 0005 1711094724491 -6.5 -56.0 0.4049709280018093 20
0000 0014 1711094724491 -159.5 -67.0 2.564815877344792 20
0000 0012 1711094724491 -94.375 -69.0 4.454680208019902 20
0000 0007 1711094724492 52.0625 -70.0 5.074408446325701 20
0000 0006 1711094724492 87.875 -67.0 3.9576704327449543 20
0000 0003 1711094724492 -52.0625 -70.0 0.2270291566070749 20
0000 0010 1711094724493 -152.9375 -69.5 1.2578642460662257 20
0000 0009 1711094724493 16.25 -63.5 5.105088062083414 20
0000 0011 1711094724493 13.0 -72.5 0.6688156235181395 20
0000 0000 1711094724494 7.875 -73.5 1.086058397823034 20
0000 0002 1711094724495 -15.25 -78.0 4.81056375080937 20
0000 0003 1711094724495 -65.0625 -69.5 0.25157284921324513 20
0000 0012 1711094724495 -130.1875 -69.0 4.466952054322987 20
0000 0008 1711094724496 -21.125 -65.5 2.1598449493429825 20
0000 0005 1711094724496 -35.75 -56.0 0.4540583132141498 20
0000 0007 1711094724497 113.875 -70.0 4.884194828627882 20
0000 0004 1711094724497 61.8125 -65.0 5.129631754689584 20
0000 0009 1711094724497 -22.75 -63.0 5.184855063053467 20
0000 0014 1711094724498 159.5 -67.5 2.073942025221387 20
0000 0006 1711094724498 -13.0 -67.5 4.09266074207889 20
0000 0010 1711094724498 42.3125 -71.0 1.0737865515199487 20
0000 0011 1711094724584 -60.1875 -74.5 0.6166602767300278 20
0000 0000 1711094724586 10.9375 -73.5 1.1290098598838318 20
0000 0002 1711094724586 -5.4375 -78.5 1.748738098189631 20
0000 0014 1711094724763 123.6875 -67.5 2.086213871524472 20
0000 0003 1711094724764 -120.4375 -69.5 0.3374757733348411 20
0000 0004 1711094724764 -16.25 -64.5 5.2339424482658075 20
0000 0009 1711094724764 -81.375 -64.0 5.1725832167503825 20
0000 0005 1711094724765 -26.0 -56.0 0.4049709280018093 20
0000 0008 1711094724765 45.5625 -66.5 2.030990563160589 20
0000 0007 1711094724765 113.875 -70.5 4.859651136021712 20
0000 0006 1711094724766 16.25 -68.0 4.006757817957295 20
0000 0012 1711094724766 -74.8125 -69.0 4.374913207049849 20
0000 0010 1711094724766 -35.75 -70.0 1.1658253987930873 20
0000 0011 1711094724767 -182.25 -72.5 0.9265243958829272 20
0000 0002 1711094724767 5.1875 -78.5 4.902602598082509 20
0000 0000 1711094724769 7.875 -73.5 1.1351457830353744 20
0000 0010 1711094724769 97.625 -69.5 1.0492428589137786 20
0000 0012 1711094724770 -22.75 -68.0 4.595806440505381 20
0000 0007 1711094724770 -185.5 -69.0 5.1725832167503825 20
0000 0004 1711094724770 -3.25 -64.5 5.258486140871978 20
0000 0006 1711094724771 32.5 -68.0 3.890175278077986 20
0000 0000 1711094724771 -22.75 -71.0 1.0369710126106935 20
0000 0014 1711094724771 117.125 -68.0 2.227340104009951 20
0000 0011 1711094724772 61.8125 -71.5 0.5399612373357456 20
0000 0009 1711094724772 -123.6875 -65.5 4.945554060143307 20
0000 0008 1711094724772 45.5625 -65.5 2.073942025221387 20
0000 0005 1711094724773 0.0 -56.5 0.3374757733348411 20
0000 0003 1711094724773 9.75 -66.5 0.5767767762450011 20
0000 0002 1711094724834 -2.4375 -77.0 5.006913291658733 20
0000 0003 1711094725004 39.0 -66.0 0.7424467013366504 20
0000 0006 1711094725004 55.3125 -68.0 3.5281558121369745 20
0000 0005 1711094725005 -9.75 -56.5 0.5031456984264903 20
0000 0007 1711094725005 45.5625 -69.0 4.878058905476339 20
0000 0008 1711094725005 7.3125 -63.0 2.9329712664373457 20
0000 0014 1711094725006 19.5 -67.5 2.2764274892222915 20
0000 0004 1711094725006 16.25 -65.0 5.1725832167503825 20
0000 0012 1711094725006 81.375 -70.0 4.184699589352029 20
0000 0000 1711094725007 -42.3125 -70.5 1.030835089459151 20
0000 0010 1711094725007 39.0 -70.0 0.9142525495798421 20
0000 0011 1711094725007 -9.75 -66.5 0.944932165337555 20
0000 0009 1711094725008 19.5 -68.5 4.313553975534423 20
0000 0009 1711094725008 61.8125 -70.0 3.9760782021995817 20
0000 0003 1711094725008 -22.75 -65.0 1.4664856332186729 20
0000 0010 1711094725009 29.25 -70.5 0.705631162427395 20
0000 0014 1711094725009 84.625 -68.0 2.1598449493429825 20
0000 0005 1711094725010 -9.75 -59.0 0.6749515466696822 20
0000 0004 1711094725010 -58.5625 -65.0 5.013049214810275 20
0000 0008 1711094725010 -22.75 -60.0 3.792000507653305 20
0000 0012 1711094725011 48.8125 -69.0 4.28287435977671 20
0000 0011 1711094725011 45.5625 -66.0 1.0615147052168636 20
0000 0007 1711094725011 -32.5 -70.0 5.129631754689584 20
0000 0006 1711094725012 32.5 -69.0 3.0802334220743677 20
0000 0000 1711094725012 -146.4375 -71.5 1.4358060174609601 20
0000 0011 1711094725238 -26.0 -67.0 0.7669903939428205 20
0000 0010 1711094725238 17.0625 -67.0 0.16566992509164924 20
0000 0008 1711094725238 -3.25 -58.0 4.632621979414636 20
0000 0005 1711094725239 -42.3125 -59.0 0.7179030087304801 20
0000 0006 1711094725239 42.3125 -70.0 2.2886993355253766 20
0000 0014 1711094725239 -97.625 -68.5 2.282563412373834 20
0000 0012 1711094725240 71.5625 -69.5 4.0558452031696355 20
0000 0003 1711094725240 16.25 -65.0 2.779573187648782 20
0000 0007 1711094725241 58.5625 -71.0 4.7307967498393175 20
0000 0000 1711094725241 26.0 -72.0 2.1905245651006955 20
0000 0009 1711094725242 -13.8125 -74.0 1.0768545130957201 20
0000 0010 1711094725242 -9.75 -67.5 0.662679700366597 20
0000 0011 1711094725243 -22.75 -67.0 0.6135923151542565 20
0000 0012 1711094725243 -205.0625 -69.5 4.503767593232243 20
0000 0003 1711094725244 100.875 -65.5 4.3503695144436785 20
0000 0014 1711094725244 61.8125 -67.5 2.0064468705544187 20
0000 0008 1711094725244 13.8125 -56.0 5.915029918087033 20
0000 0005 1711094725245 -9.75 -58.0 0.7117670855789375 20
0000 0006 1711094725245 149.6875 -70.0 2.1230294104337273 20
0000 0007 1711094725245 -29.25 -72.0 4.651029748869264 20
0000 0000 1711094725246 104.125 -73.5 4.491495746929157 20
0000 0009 1711094725333 28.4375 -74.5 4.503767593232243 20
0000 0004 1711094725333 -8.5 -73.0 1.1596894756415448 20
0000 0011 1711094725477 6.5 -68.5 0.7915340865489908 20
0000 0006 1711094725477 94.375 -70.5 2.2027964114037806 20
0000 0003 1711094725478 -26.0 -66.5 0.380427235395639 20
0000 0005 1711094725478 9.75 -58.0 0.9756117810952678 20
0000 0008 1711094725478 -9.75 -54.5 1.1228739367322893 20
0000 0012 1711094725479 -133.4375 -68.5 4.871922982324796 20
0000 0010 1711094725479 -84.625 -72.5 1.1596894756415448 20
0000 0007 1711094725479 -328.75 -70.5 5.356660911296659 20
0000 0004 1711094725480 -87.875 -69.5 5.246214294568893 20
0000 0014 1711094725480 16.25 -67.5 2.313243028131547 20
0000 0000 1711094725480 -22.5625 -75.5 1.086058397823034 20
0000 0009 1711094725481 4.25 -78.0 5.086680292628786 20
0000 0005 1711094725482 3.25 -59.0 1.4910293258248433 20
0000 0014 1711094725482 94.375 -67.5 2.2457478734645786 20
0000 0003 1711094725482 -29.25 -69.5 2.6200391857086753 20
0000 0007 1711094725483 -87.875 -67.0 5.816855147662351 20
0000 0004 1711094725483 -81.375 -68.5 6.277049384028044 20
0000 0006 1711094725483 61.8125 -71.0 2.423689644859313 20
0000 0008 1711094725484 29.25 -55.0 2.5402721847386216 20
0000 0011 1711094725484 58.5625 -72.0 0.944932165337555 20
0000 0012 1711094725484 -78.0625 -65.0 5.381204603902829 20
0000 0009 1711094725583 -15.25 -78.0 2.1966604882522383 20
0000 0001 1711094725583 -10.375 -79.0 2.3930100291016 20
0000 0007 1711094725755 26.0 -65.5 5.853670686571607 20
0000 0005 1711094725756 0.0 -61.5 1.8223691760081417 20
0000 0012 1711094725756 -65.0625 -64.0 5.884350302329319 20
0000 0008 1711094725756 -32.5 -54.0 4.0128937411088375 20
0000 0006 1711094725757 84.625 -70.0 2.9391071895888885 20
0000 0014 1711094725757 45.5625 -68.5 2.816388726558037 20
0000 0004 1711094725757 45.5625 -68.0 0.607456392002714 20
0000 0003 1711094725758 -65.0625 -71.0 5.240078371417351 20
0000 0011 1711094725758 7.0 -76.5 3.9822141253511245 20
0000 0009 1711094725758 -0.875 -78.5 0.30679615757712825 20
0000 0007 1711094725759 16.25 -62.5 6.17273869045182 20
0000 0004 1711094725759 61.8125 -71.0 0.8160777791551611 20
0000 0012 1711094725760 -48.8125 -64.5 5.651185222570702 20
0000 0003 1711094725760 -91.125 -72.5 0.662679700366597 20
0000 0005 1711094725761 42.3125 -63.5 2.6016314162540475 20
0000 0014 1711094725762 3.25 -66.0 2.804116880254952 20
0000 0008 1711094725762 -3.25 -54.0 5.252350217720435 20
0000 0006 1711094725762 198.5625 -68.5 3.147728576741336 20
0000 0009 1711094725833 0.25 -78.5 0.9081166264282996 20
0000 0011 1711094725834 9.125 -78.5 1.3989904785517047 20
0000 0007 1711094726000 19.5 -60.5 0.3436116964863836 20
0000 0014 1711094726000 -26.0 -66.0 2.9513790358919736 20
0000 0006 1711094726000 -6.5 -69.0 3.3195344249845276 20
0000 0012 1711094726000 -48.8125 -62.5 5.6573211457222445 20
0000 0005 1711094726001 32.5 -63.0 3.56497135104623 20
0000 0008 1711094726001 -32.5 -55.5 0.06135923151542565 20
0000 0004 1711094726001 74.8125 -69.5 0.5706408530934585 20
0000 0001 1711094726002 4.875 -75.0 6.1420590746941075 20
0000 0009 1711094726002 -6.6875 -78.0 4.491495746929157 20
0000 0012 1711094726002 -71.5625 -61.5 6.068427996875596 20
0000 0004 1711094726003 -126.9375 -72.0 1.337631247036279 20
0000 0008 1711094726003 -39.0 -55.5 0.8344855486097889 20
0000 0007 1711094726004 -6.5 -62.0 1.0062913968529805 20
0000 0014 1711094726004 6.5 -66.5 2.9759227284981438 20
0000 0006 1711094726004 81.375 -71.0 2.8838838812250054 20
0000 0001 1711094726005 42.3125 -69.0 1.7855536370988863 20
0000 0005 1711094726005 -32.5 -64.0 4.706253057233147 20
0000 0000 1711094726083 -5.6875 -74.5 1.3314953238847365 20
0000 0009 1711094726084 -19.5 -79.5 1.6198837120072371 20
0000 0014 1711094726334 -58.5625 -64.5 3.4913402732277192 20
0000 0007 1711094726334 3.25 -61.0 1.3008157081270237 20
0000 0000 1711094726335 -169.25 -71.0 5.5284667595398505 20
0000 0008 1711094726335 -24.375 -55.0 1.3989904785517047 20
0000 0005 1711094726335 39.0 -64.5 5.724816300389213 20
0000 0001 1711094726336 -35.75 -66.5 3.9638063558964967 20
0000 0012 1711094726336 55.3125 -64.0 5.092816215780329 20
0000 0012 1711094726336 -123.6875 -68.0 5.123495831538041 20
0000 0007 1711094726337 -16.25 -61.5 1.3928545554001621 20
0000 0008 1711094726337 -17.0625 -54.0 1.8837284075235674 20
0000 0001 1711094726337 35.75 -64.0 5.332117218690489 20
0000 0005 1711094726338 -74.8125 -64.5 0.2699806186678728 20
0000 0000 1711094726338 -13.0 -69.5 0.09817477042468103 20
0000 0014 1711094726339 13.0 -65.0 3.650874275167826 20
0000 0014 1711094726511 -91.125 -65.5 3.650874275167826 20
0000 0012 1711094726511 35.75 -69.5 4.970097752749477 20
0000 0007 1711094726511 13.0 -60.5 1.3008157081270237 20
0000 0005 1711094726512 -61.8125 -63.0 0.23930100291016002 20
0000 0008 1711094726512 -3.25 -54.0 2.0371264863121317 20
0000 0001 1711094726512 -107.375 -64.0 5.7616318392984684 20
0000 0000 1711094726513 -87.875 -68.0 0.5951845456996288 20
0000 0006 1711094726513 -130.1875 -72.5 2.9513790358919736 20
0000 0012 1711094726513 29.25 -69.5 4.914874444385594 20
0000 0005 1711094726515 6.5 -60.5 5.927301764390117 20
0000 0001 1711094726515 6.5 -63.0 5.810719224510809 20
0000 0008 1711094726515 16.25 -54.0 2.0493983326152168 20
0000 0007 1711094726516 -9.75 -61.0 1.214912784005428 20
0000 0000 1711094726516 45.5625 -67.5 0.6442719309119693 20
0000 0014 1711094726516 58.5625 -66.0 3.3747577333484107 20
0000 0006 1711094726517 -39.0 -71.5 2.84706834231575 20
0000 0000 1711094726765 -29.25 -68.0 0.7853981633974483 20
0000 0005 1711094726765 -3.25 -60.5 5.8659425328746915 20
0000 0008 1711094726765 -22.75 -53.5 2.061670178918302 20
0000 0014 1711094726765 87.875 -66.0 3.3379421944391554 20
0000 0006 1711094726766 -143.1875 -73.0 2.9022916506796332 20
0000 0007 1711094726766 19.5 -60.5 1.1965050145508 20
0000 0001 1711094726766 3.25 -63.0 5.835262917116979 20
0000 0012 1711094726767 -120.4375 -71.5 5.006913291658733 20
0000 0005 1711094726767 26.0 -61.5 5.884350302329319 20
0000 0008 1711094726767 16.25 -54.0 2.2212041808584084 20
0000 0014 1711094726768 -39.0 -65.5 3.436116964863836 20
0000 0000 1711094726768 -19.5 -68.0 0.4908738521234052 20
0000 0007 1711094726768 26.0 -60.0 1.1719613219446299 20
0000 0012 1711094726769 29.25 -71.5 4.614214209960009 20
0000 0001 1711094726769 26.0 -63.0 5.896622148632405 20
0000 0003 1711094726769 14.625 -77.0 0.8406214717613314 20
0000 0006 1711094726770 -3.625 -75.5 5.767767762450011 20
0000 0014 1711094726972 -9.75 -67.0 3.2949907323783574 20
0000 0008 1711094726972 6.5 -54.0 2.1353012567368124 20
0000 0005 1711094726972 -26.0 -62.0 6.270913460876501 20
0000 0007 1711094726973 48.8125 -60.0 1.0737865515199487 20
0000 0001 1711094726973 -13.0 -62.5 5.7616318392984684 20
0000 0000 1711094726974 39.0 -70.0 6.240233845118788 20
0000 0012 1711094726974 55.3125 -70.5 4.479223900626073 20
0000 0003 1711094726974 16.4375 -76.5 4.037437433715008 20
0000 0006 1711094726974 -4.875 -75.5 5.841398840268521 20
0000 0008 1711094726975 6.5 -53.5 1.9880391010997909 20
0000 0012 1711094726975 42.3125 -70.5 4.491495746929157 20
0000 0005 1711094726975 48.8125 -61.0 6.092971689481767 20
0000 0001 1711094726976 -35.75 -62.0 5.485515297479052 20
0000 0007 1711094726976 0.0 -60.5 1.1044661672776617 20
0000 0000 1711094726976 192.0 -71.0 5.890486225480862 20
0000 0014 1711094726977 16.25 -66.5 3.160000423044421 20
0000 0006 1711094727093 3.0 -75.5 5.890486225480862 20
0000 0003 1711094727093 -9.75 -76.5 1.0799224746714913 20
0000 0001 1711094727094 6.5 -62.0 5.2339424482658075 20
0000 0007 1711094727094 9.75 -60.0 0.9878836273983529 20
0000 0005 1711094727094 -42.3125 -60.5 6.0991076126333095 20
0000 0012 1711094727095 -61.8125 -72.0 4.528311285838413 20
0000 0008 1711094727095 -16.25 -53.5 1.88986433067511 20
0000 0014 1711094727096 -22.75 -66.5 3.0372819600135696 20
0000 0000 1711094727096 -120.4375 -70.5 5.9518454569962875 20
0000 0003 1711094727313 2.4375 -76.0 0.7853981633974483 20
0000 0008 1711094727313 -3.25 -53.5 1.7548740213411735 20
0000 0005 1711094727314 6.5 -60.5 5.957981380147831 20
0000 0001 1711094727314 -29.25 -61.5 5.062136600022616 20
0000 0000 1711094727314 -227.8125 -72.5 0.018407769454627694 20
0000 0007 1711094727315 78.0625 -60.0 0.9019807032767571 20
0000 0014 1711094727315 29.25 -66.5 2.9206994201342606 20
0000 0012 1711094727315 55.3125 -69.5 4.331961744989051 20
0000 0003 1711094727316 4.875 -76.5 0.6135923151542565 20
0000 0005 1711094727316 9.75 -60.5 5.988660995905543 20
0000 0008 1711094727316 3.25 -53.5 1.6751070203711202 20
0000 0014 1711094727317 -29.25 -66.0 3.0250101137104846 20
0000 0007 1711094727317 0.0 -60.0 0.9878836273983529 20
0000 0000 1711094727318 -94.375 -73.5 5.602097837358362 20
0000 0001 1711094727318 9.75 -62.0 4.8351074434155406 20
0000 0012 1711094727318 -104.125 -69.0 4.338097668140593 20
0000 0003 1711094727343 3.0 -77.0 0.5031456984264903 20
0000 0008 1711094727594 -21.125 -53.5 1.6873788666742053 20
0000 0005 1711094727594 -29.25 -61.0 6.17273869045182 20
0000 0007 1711094727594 19.5 -61.0 0.9633399347921826 20
0000 0001 1711094727595 0.0 -62.0 4.743068596142402 20
0000 0000 1711094727595 -107.375 -73.0 5.8045833013592665 20
0000 0014 1711094727595 -42.3125 -66.0 2.9145634969827183 20
0000 0012 1711094727596 -120.4375 -69.0 4.325825821837508 20
0000 0003 1711094727596 10.375 -78.0 3.2827188860752723 20
0000 0005 1711094727596 22.75 -61.0 6.117515382087937 20
0000 0001 1711094727597 22.75 -62.0 4.442408361716817 20
0000 0012 1711094727597 -22.75 -70.5 3.9085830475326135 20
0000 0008 1711094727597 6.5 -54.0 1.5892040962495242 20
0000 0007 1711094727598 0.0 -60.5 1.0492428589137786 20
0000 0014 1711094727598 26.0 -66.5 2.9022916506796332 20
0000 0000 1711094727599 -149.6875 -73.0 5.681864838328415 20
0000 0003 1711094727831 -3.5625 -77.0 3.5281558121369745 20
0000 0014 1711094727831 -3.25 -66.0 2.82252464970958 20
0000 0005 1711094727832 -22.75 -61.0 6.12365130523948 20
0000 0001 1711094727832 9.75 -62.0 4.2031073588066565 20
0000 0007 1711094727832 42.3125 -61.0 0.9142525495798421 20
0000 0008 1711094727833 0.0 -54.0 1.5401167110371838 20
0000 0012 1711094727833 -104.125 -72.0 3.6201946594101133 20
0000 0000 1711094727833 -146.4375 -74.5 5.3198453723874035 20
