0000 0013 1710233721877 6.5 -66.5 6.252505691421874 19
0000 0007 1710233721877 16.25 -67.5 0.36815538909255385 19
0000 0015 1710233721878 188.75 -70.0 3.6079228131070282 19
0000 0000 1710233721879 9.75 -74.0 5.884350302329319 19
0000 0007 1710233721880 65.0625 -68.5 0.36815538909255385 19
0000 0013 1710233721880 52.0625 -66.0 6.19728238305799 19
0000 0015 1710233721881 -78.0625 -70.5 4.111068511533518 19
0000 0000 1710233721882 19.5 -74.0 5.875146417602005 19
0000 0012 1710233721882 -8.5 -76.0 1.7732817907958012 19
0000 0007 1710233722126 6.5 -68.5 0.4111068511533518 19
0000 0015 1710233722127 -123.6875 -70.0 4.172427743048944 19
0000 0013 1710233722127 -84.625 -66.0 0.02454369260617026 19
0000 0000 1710233722128 52.875 -74.0 5.893554187056633 19
0000 0012 1710233722129 -12.8125 -76.0 1.6996507129772904 19
0000 0013 1710233722129 6.5 -66.0 6.240233845118788 19
0000 0015 1710233722131 -104.125 -70.5 4.252194744018997 19
0000 0007 1710233722131 19.5 -67.5 0.47860200582032003 19
0000 0000 1710233722133 56.125 -73.5 2.739689687163755 19
0000 0012 1710233722133 -14.0 -76.5 4.908738521234052 19
0000 0015 1710233722134 -100.875 -71.0 4.184699589352029 19
0000 0013 1710233722135 0.0 -66.0 6.264777537724958 19
0000 0007 1710233722135 -29.25 -69.0 0.5031456984264903 19
0000 0000 1710233722136 169.25 -72.5 2.4727770300716534 19
0000 0012 1710233722136 -62.625 -76.0 4.95168998329485 19
0000 0013 1710233722377 45.5625 -66.5 6.2034183062095325 19
0000 0015 1710233722377 -74.8125 -71.0 3.9699422790480394 19
0000 0000 1710233722378 -179.0 -71.5 3.399301425954581 19
0000 0007 1710233722378 0.0 -68.0 0.4172427743048944 19
0000 0012 1710233722379 1.3125 -76.5 1.7119225592803755 19
0000 0015 1710233722380 -68.3125 -70.5 4.000621894805752 19
0000 0013 1710233722380 3.25 -66.0 6.22182607566416 19
0000 0007 1710233722381 58.5625 -68.0 0.3129320807286708 19
0000 0000 1710233722382 -91.125 -73.0 3.1231848841351653 19
0000 0012 1710233722382 19.5 -74.0 1.5462526341887264 19
0000 0013 1710233722627 52.0625 -66.5 6.129787228391022 19
0000 0007 1710233722627 -26.0 -68.5 0.44178646691106466 19
0000 0000 1710233722628 286.4375 -73.0 2.3930100291016 19
0000 0015 1710233722628 -110.625 -70.5 4.0987966652304335 19
0000 0012 1710233722629 9.125 -76.5 1.7241944055834606 19
0000 0013 1710233722629 -13.0 -67.0 6.277049384028044 19
0000 0007 1710233722630 29.25 -68.0 0.380427235395639 19
0000 0015 1710233722631 55.3125 -70.0 3.9085830475326135 19
0000 0012 1710233722631 14.3125 -76.0 4.92714629068868 19
0000 0000 1710233722632 -3.9375 -74.5 6.019340611663256 19
0000 0007 1710233722878 22.75 -68.0 0.36815538909255385 19
0000 0013 1710233722879 -29.25 -66.5 0.02454369260617026 19
0000 0015 1710233722879 -110.625 -71.0 4.166291819897402 19
0000 0000 1710233722880 100.0625 -73.5 5.7953794166319526 19
0000 0012 1710233722880 35.75 -75.5 4.795223942930514 19
0000 0007 1710233722881 58.5625 -68.0 0.30066023442558565 19
0000 0013 1710233722881 78.0625 -67.0 6.154330920997192 19
0000 0015 1710233722882 68.3125 -71.5 4.031301510563465 19
0000 0000 1710233722882 117.125 -72.0 2.675262494072558 19
0000 0012 1710233722883 61.8125 -76.0 4.755340442445488 19
0000 0000 1710233723126 55.3125 -72.5 2.9206994201342606 19
0000 0013 1710233723127 19.5 -66.5 6.178874613603362 19
0000 0007 1710233723127 16.25 -68.5 0.4356505437595221 19
0000 0012 1710233723128 -8.5 -76.0 1.5707963267948966 19
0000 0013 1710233723128 84.625 -66.0 6.19728238305799 19
0000 0015 1710233723129 -39.0 -71.0 4.1417481272912315 19
0000 0007 1710233723129 100.875 -69.0 0.28225246497095796 19
0000 0000 1710233723131 244.125 -71.5 2.4727770300716534 19
0000 0012 1710233723375 -23.4375 -76.0 1.945087639038993 19
0000 0007 1710233723376 172.5 -68.0 0.15339807878856412 19
0000 0015 1710233723376 201.8125 -71.5 3.767456815047135 19
0000 0013 1710233723377 -19.5 -66.0 6.227961998815704 19
0000 0000 1710233723377 78.0625 -72.5 2.767301341345697 19
0000 0012 1710233723378 18.25 -76.0 1.7426021750380885 19
0000 0013 1710233723636 3.25 -66.5 0.030679615757712823 19
0000 0007 1710233723636 139.9375 -69.0 0.16566992509164924 19
0000 0015 1710233723637 45.5625 -70.0 4.000621894805752 19
0000 0000 1710233723637 11.375 -74.0 5.9518454569962875 19
0000 0012 1710233723638 39.0625 -76.0 4.743068596142402 19
0000 0000 1710233723638 126.9375 -73.0 2.791845033951867 19
0000 0013 1710233723639 35.75 -66.0 6.258641614573416 19
0000 0007 1710233723639 -26.0 -67.0 6.277049384028044 19
0000 0015 1710233723640 -32.5 -70.0 4.04357335686655 19
0000 0012 1710233723640 87.875 -74.5 1.509437095279471 19
0000 0015 1710233723886 -39.0 -71.0 4.1601558967458585 19
0000 0013 1710233723886 55.3125 -66.5 6.264777537724958 19
0000 0007 1710233723887 3.25 -67.5 6.252505691421874 19
0000 0000 1710233723887 433.6875 -72.5 2.0371264863121317 19
0000 0012 1710233723888 21.125 -75.5 4.822835597112456 19
0000 0015 1710233723888 -123.6875 -70.5 4.074252972624263 19
0000 0013 1710233723889 -19.5 -66.0 0.04295146206079795 19
0000 0007 1710233723889 113.875 -68.0 6.2034183062095325 19
0000 0000 1710233723890 22.75 -72.0 2.9636508821950587 19
0000 0012 1710233723890 0.5625 -75.5 1.761009944492716 19
0000 0007 1710233724126 74.8125 -68.0 6.092971689481767 19
0000 0013 1710233724126 13.0 -65.5 0.006135923151542565 19
0000 0015 1710233724127 32.5 -72.0 4.129476280988146 19
0000 0000 1710233724127 44.75 -74.0 5.945709533844745 19
0000 0012 1710233724128 9.75 -75.5 1.718058482431918 19
0000 0015 1710233724128 -139.9375 -71.0 4.270602513473625 19
0000 0013 1710233724129 -22.75 -66.0 6.258641614573416 19
0000 0007 1710233724130 -169.25 -69.0 0.25770877236478773 19
0000 0000 1710233724130 -45.5625 -71.5 2.804116880254952 19
0000 0012 1710233724131 21.9375 -76.5 1.552388557340269 19
0000 0007 1710233724376 -16.25 -68.0 6.277049384028044 19
0000 0013 1710233724376 58.5625 -66.0 6.1850105367549055 19
0000 0015 1710233724377 -192.0 -70.0 4.28287435977671 19
0000 0000 1710233724377 -143.1875 -74.0 2.8777479580734626 19
0000 0012 1710233724379 6.6875 -76.0 1.5707963267948966 19
0000 0007 1710233724379 -61.8125 -68.5 0.1227184630308513 19
0000 0000 1710233724380 -6.5 -72.5 2.859340188618835 19
0000 0013 1710233724380 -123.6875 -66.0 0.2454369260617026 19
0000 0015 1710233724381 -211.5625 -70.0 4.276738436625168 19
0000 0012 1710233724381 -3.25 -75.0 4.917942405961366 19
0000 0013 1710233724627 29.25 -66.0 6.240233845118788 19
0000 0015 1710233724627 -65.0625 -69.5 4.104932588381976 19
0000 0007 1710233724628 6.5 -68.0 0.006135923151542565 19
0000 0000 1710233724628 58.5625 -71.5 2.8286605728611223 19
0000 0012 1710233724629 30.0625 -75.0 4.8259035586882275 19
0000 0015 1710233724629 29.25 -69.5 3.8963112012295285 19
0000 0000 1710233724630 13.0 -72.0 2.552544031041707 19
0000 0007 1710233724630 -45.5625 -69.0 0.030679615757712823 19
0000 0013 1710233724631 -65.0625 -66.0 0.030679615757712823 19
0000 0012 1710233724632 -52.0625 -75.0 2.0923497946760143 19
0000 0000 1710233724877 -110.625 -72.5 2.816388726558037 19
0000 0007 1710233724877 237.5625 -68.5 5.8475347634200645 19
0000 0013 1710233724878 6.5 -65.5 0.030679615757712823 19
0000 0015 1710233724878 214.8125 -71.0 3.6447383520162835 19
0000 0012 1710233724879 -4.875 -76.0 1.7978254834019713 19
0000 0007 1710233724879 42.3125 -67.5 6.191146459906448 19
0000 0013 1710233724880 0.0 -66.5 6.227961998815704 19
0000 0015 1710233724880 -19.5 -71.0 4.111068511533518 19
0000 0000 1710233724881 -26.0 -73.5 2.6568547246179306 19
0000 0012 1710233724881 -2.4375 -76.5 1.8223691760081417 19
0000 0013 1710233725126 -6.5 -65.5 0.01227184630308513 19
0000 0007 1710233725126 29.25 -68.5 6.154330920997192 19
0000 0015 1710233725126 -61.8125 -71.5 4.061981126321178 19
0000 0000 1710233725127 -299.4375 -72.5 3.2459033471660166 19
0000 0012 1710233725127 -12.3125 -76.0 1.7119225592803755 19
0000 0000 1710233725128 126.9375 -73.0 2.5832236467994196 19
0000 0013 1710233725128 -52.0625 -66.0 0.01227184630308513 19
0000 0007 1710233725129 -87.875 -67.5 0.23316507975861744 19
0000 0015 1710233725129 -240.875 -70.0 4.411728745959104 19
0000 0012 1710233725130 -239.25 -73.0 1.8162332528565992 19
0000 0000 1710233725130 -104.125 -73.5 2.761165418194154 19
0000 0015 1710233725130 -39.0 -70.5 4.0558452031696355 19
0000 0013 1710233725131 -22.75 -66.0 6.270913460876501 19
0000 0007 1710233725132 -9.75 -68.5 0.030679615757712823 19
0000 0012 1710233725375 9.125 -76.0 1.761009944492716 19
0000 0000 1710233725376 -201.8125 -72.0 3.000466421104314 19
0000 0015 1710233725376 -16.25 -70.0 3.9147189706841563 19
0000 0007 1710233725376 -58.5625 -67.5 0.04908738521234052 19
0000 0013 1710233725378 -39.0 -65.5 0.05522330836388308 19
0000 0012 1710233725378 -1.9375 -76.0 4.970097752749477 19
0000 0007 1710233725626 -29.25 -68.0 0.006135923151542565 19
0000 0015 1710233725626 26.0 -70.0 3.9638063558964967 19
0000 0000 1710233725626 250.625 -72.5 2.325514874434632 19
0000 0013 1710233725633 -19.5 -65.5 0.02454369260617026 19
0000 0012 1710233725634 3.25 -74.0 1.5830681730979816 19
0000 0013 1710233725635 -74.8125 -65.5 0.14726215563702155 19
0000 0015 1710233725635 -35.75 -70.5 4.031301510563465 19
0000 0007 1710233725636 55.3125 -68.0 0.3436116964863836 19
0000 0000 1710233725636 45.5625 -74.5 2.5832236467994196 19
0000 0012 1710233725637 -15.25 -76.5 1.7978254834019713 19
0000 0015 1710233725637 16.25 -70.0 3.8533597391687304 19
0000 0012 1710233725638 -65.0625 -74.0 1.6198837120072371 19
0000 0000 1710233725639 52.0625 -71.5 2.791845033951867 19
0000 0007 1710233725640 48.8125 -68.5 0.46019423636569234 19
0000 0013 1710233725640 32.5 -66.0 6.2034183062095325 19
0000 0013 1710233725876 -94.375 -66.0 0.006135923151542565 19
0000 0007 1710233725877 9.75 -68.0 0.4356505437595221 19
0000 0015 1710233725878 -52.0625 -70.5 4.154019973594316 19
0000 0000 1710233725878 9.75 -73.0 3.000466421104314 19
0000 0012 1710233725879 -56.9375 -75.0 4.948622021719078 19
0000 0013 1710233725879 35.75 -66.0 6.22182607566416 19
0000 0007 1710233725879 39.0 -68.5 0.4970097752749477 19
0000 0015 1710233725880 29.25 -71.5 4.061981126321178 19
0000 0000 1710233725881 79.75 -73.0 2.5157284921324514 19
0000 0012 1710233725881 32.5 -74.0 1.4910293258248433 19
0000 0015 1710233726126 29.25 -71.0 3.865631585471816 19
0000 0013 1710233726127 13.0 -66.0 6.209554229361076 19
0000 0007 1710233726127 -120.4375 -68.5 0.5522330836388308 19
0000 0000 1710233726128 22.75 -72.0 2.8777479580734626 19
0000 0012 1710233726128 -17.5 -76.0 1.8775924843720249 19
0000 0007 1710233726128 -19.5 -68.0 0.5338253141842031 19
0000 0013 1710233726129 22.75 -65.5 6.209554229361076 19
0000 0000 1710233726129 58.5625 -73.0 2.6323110320117604 19
0000 0015 1710233726130 -29.25 -70.0 3.9944859716542096 19
0000 0012 1710233726130 0.0 -76.5 1.6751070203711202 19
0000 0013 1710233726376 16.25 -65.5 6.215690152512618 19
0000 0000 1710233726376 -201.8125 -73.0 3.074097498922825 19
0000 0007 1710233726376 71.5625 -68.0 0.30066023442558565 19
0000 0015 1710233726377 -78.0625 -70.5 4.123340357836604 19
0000 0012 1710233726377 -9.125 -76.5 5.105088062083414 19
0000 0007 1710233726378 55.3125 -68.5 0.37429131224409645 19
0000 0013 1710233726379 32.5 -66.5 6.154330920997192 19
0000 0015 1710233726379 16.25 -71.0 3.8963112012295285 19
0000 0000 1710233726380 -149.6875 -73.5 3.117048960983623 19
0000 0012 1710233726623 0.5625 -76.5 1.662835174068035 19
0000 0013 1710233726623 -3.25 -66.5 6.234097921967246 19
0000 0007 1710233726624 -107.375 -68.0 0.619728238305799 19
0000 0015 1710233726624 -87.875 -71.5 4.166291819897402 19
0000 0000 1710233726624 24.375 -73.0 2.4911847995262812 19
0000 0012 1710233726625 10.9375 -76.0 4.933282213840222 19
0000 0015 1710233726625 -16.25 -70.0 3.9760782021995817 19
0000 0000 1710233726626 48.8125 -71.5 2.60776733940559 19
0000 0007 1710233726626 87.875 -68.5 0.37429131224409645 19
0000 0013 1710233726627 71.5625 -66.0 6.1420590746941075 19
