0000 0007 1710233730694 6.5 -68.5 0.006135923151542565 19
0000 0000 1710233730695 -111.4375 -73.0 3.117048960983623 19
0000 0013 1710233730695 0.0 -66.0 6.2034183062095325 19
0000 0015 1710233730696 -139.9375 -71.0 4.184699589352029 19
0000 0012 1710233730697 21.9375 -76.5 1.7548740213411735 19
0000 0000 1710233730698 38.1875 -72.5 2.736621725587984 19
0000 0015 1710233730698 35.75 -70.5 3.933126740138784 19
0000 0007 1710233730699 -26.0 -67.5 0.1043106935762236 19
0000 0013 1710233730699 -9.75 -66.0 0.02454369260617026 19
0000 0012 1710233730945 2.4375 -76.0 1.8530487917658545 19
0000 0013 1710233730945 -29.25 -65.5 0.04295146206079795 19
0000 0007 1710233730946 -55.3125 -68.5 0.14726215563702155 19
0000 0000 1710233730946 -24.375 -73.5 2.9513790358919736 19
0000 0015 1710233730947 -9.75 -71.0 4.000621894805752 19
0000 0012 1710233730947 3.0 -76.0 1.6566992509164924 19
0000 0000 1710233730948 170.0625 -73.0 2.693670263527186 19
0000 0013 1710233730948 -120.4375 -65.5 0.14726215563702155 19
0000 0007 1710233730949 55.3125 -68.5 0.0 19
0000 0015 1710233730949 -159.5 -69.5 4.362641360746763 19
0000 0012 1710233731196 -17.6875 -76.0 1.7671458676442586 19
0000 0000 1710233731196 143.1875 -72.5 2.748893571891069 19
0000 0015 1710233731196 35.75 -70.5 3.9269908169872414 19
0000 0013 1710233731197 -13.0 -66.0 0.030679615757712823 19
0000 0007 1710233731197 61.8125 -68.0 0.03681553890925539 19
0000 0012 1710233731197 -1.8125 -76.5 1.718058482431918 19
0000 0013 1710233731198 48.8125 -66.0 6.215690152512618 19
0000 0007 1710233731198 146.4375 -68.5 6.14819499784565 19
0000 0015 1710233731199 -110.625 -70.0 4.252194744018997 19
0000 0000 1710233731199 -61.8125 -72.0 3.031146036862027 19
0000 0012 1710233731199 -110.625 -74.0 2.116893487282185 19
0000 0015 1710233731445 279.9375 -70.5 3.6386024288647407 19
0000 0013 1710233731446 48.8125 -66.0 6.2034183062095325 19
0000 0000 1710233731446 253.875 -73.0 2.423689644859313 19
0000 0007 1710233731446 -16.25 -69.5 0.07363107781851078 19
0000 0012 1710233731447 -5.4375 -76.0 1.736466251886546 19
0000 0013 1710233731447 0.0 -66.0 6.270913460876501 19
0000 0007 1710233731448 26.0 -67.0 6.215690152512618 19
0000 0012 1710233731448 188.75 -76.0 1.2701360923693108 19
0000 0000 1710233731448 -117.9375 -72.5 2.9636508821950587 19
0000 0015 1710233731449 -107.375 -71.0 4.276738436625168 19
0000 0015 1710233731696 -3.25 -71.0 4.049709280018092 19
0000 0013 1710233731696 3.25 -66.5 6.2034183062095325 19
0000 0000 1710233731696 35.75 -72.5 2.662990647769473 19
0000 0007 1710233731697 -16.25 -67.5 0.018407769454627694 19
0000 0012 1710233731697 9.125 -76.0 1.7794177139473437 19
0000 0013 1710233731697 -58.5625 -66.0 0.04908738521234052 19
0000 0000 1710233731699 -117.9375 -72.0 2.9391071895888885 19
0000 0007 1710233731699 94.375 -68.0 6.2463697682703305 19
0000 0015 1710233731700 -55.3125 -71.5 4.0987966652304335 19
0000 0012 1710233731700 -9.75 -75.0 4.967029791173706 19
0000 0007 1710233731945 -29.25 -68.5 0.1349903093339364 19
0000 0015 1710233731946 -61.8125 -70.5 4.09266074207889 19
0000 0013 1710233731946 -9.75 -66.0 6.178874613603362 19
0000 0000 1710233731946 -224.5625 -73.0 3.2090878082567613 19
0000 0012 1710233731947 -3.9375 -76.0 1.8162332528565992 19
0000 0013 1710233731947 -120.4375 -66.5 0.16566992509164924 19
0000 0015 1710233731948 97.625 -70.5 3.785864584501762 19
0000 0007 1710233731948 162.75 -67.5 6.056156150572511 19
0000 0000 1710233731948 9.75 -72.5 2.8654761117703775 19
0000 0012 1710233731949 -7.75 -76.0 1.9082721001297376 19
0000 0007 1710233732194 156.1875 -68.0 6.166602767300278 19
0000 0013 1710233732195 133.4375 -66.0 6.080699843178682 19
0000 0000 1710233732195 -139.125 -72.5 2.9943304979527716 19
0000 0015 1710233732196 32.5 -72.0 3.9208548938356986 19
0000 0012 1710233732196 -87.0625 -75.5 1.3130875544301088 19
0000 0007 1710233732196 149.6875 -68.5 6.056156150572511 19
0000 0013 1710233732197 29.25 -66.5 6.160466844148735 19
0000 0015 1710233732197 26.0 -71.5 3.877903431774901 19
0000 0000 1710233732197 -364.5625 -73.5 3.356349963893783 19
0000 0012 1710233732198 149.6875 -74.5 1.6751070203711202 19
0000 0013 1710233732445 55.3125 -66.0 6.129787228391022 19
0000 0007 1710233732445 55.3125 -67.5 6.160466844148735 19
0000 0015 1710233732445 -58.5625 -70.0 3.988350048502667 19
0000 0000 1710233732446 -35.75 -72.5 2.8654761117703775 19
0000 0012 1710233732446 -107.375 -73.0 1.9819031779482483 19
0000 0001 1710233732446 -0.125 -74.0 5.393476450205914 19
0000 0015 1710233732447 -35.75 -70.0 4.09266074207889 19
0000 0007 1710233732447 -32.5 -68.0 0.5767767762450011 19
0000 0013 1710233732448 45.5625 -66.0 6.129787228391022 19
0000 0000 1710233732449 84.625 -72.0 2.6813984172241008 19
0000 0012 1710233732452 -17.5 -76.0 1.8407769454627694 19
0000 0000 1710233732705 100.875 -73.5 2.5832236467994196 19
0000 0013 1710233732705 -32.5 -66.0 6.252505691421874 19
0000 0015 1710233732706 -42.3125 -70.0 4.0558452031696355 19
0000 0007 1710233732706 -78.0625 -68.5 0.7301748550335652 19
0000 0012 1710233732706 -12.9375 -76.5 4.865787059173254 19
0000 0015 1710233732707 -32.5 -69.5 4.1417481272912315 19
0000 0007 1710233732707 35.75 -68.0 0.4663301595172349 19
0000 0013 1710233732708 -16.25 -66.5 6.2463697682703305 19
0000 0000 1710233732709 22.75 -72.0 2.82252464970958 19
0000 0012 1710233732709 28.625 -76.5 1.7732817907958012 19
0000 0001 1710233732945 0.9375 -74.0 5.332117218690489 19
0000 0015 1710233732945 -84.625 -70.0 4.154019973594316 19
0000 0007 1710233732946 -45.5625 -67.0 0.7669903939428205 19
0000 0000 1710233732946 16.25 -71.0 2.5464081078901644 19
0000 0013 1710233732946 22.75 -66.0 6.178874613603362 19
0000 0012 1710233732947 18.25 -76.0 1.6873788666742053 19
0000 0001 1710233732947 0.125 -74.5 5.307573526084319 19
0000 0000 1710233732947 -170.0625 -72.5 2.8777479580734626 19
0000 0015 1710233732948 -257.125 -69.0 4.319689898685965 19
0000 0007 1710233732948 -130.1875 -67.0 0.521553467881118 19
0000 0013 1710233732948 -42.3125 -66.0 6.2463697682703305 19
0000 0012 1710233732949 -10.375 -76.0 1.88986433067511 19
0000 0007 1710233733196 26.0 -67.0 0.4356505437595221 19
0000 0013 1710233733196 65.0625 -66.0 6.105243535784852 19
0000 0015 1710233733196 -87.875 -70.5 3.988350048502667 19
0000 0000 1710233733197 348.25 -72.0 2.3746022596469727 19
0000 0012 1710233733197 6.5 -76.0 1.6935147898257479 19
0000 0007 1710233733197 -29.25 -68.5 0.5031456984264903 19
0000 0013 1710233733198 52.0625 -65.5 6.154330920997192 19
0000 0015 1710233733198 -35.75 -70.0 4.031301510563465 19
0000 0000 1710233733199 -48.8125 -72.0 2.5464081078901644 19
0000 0012 1710233733199 143.1875 -74.5 1.6444274046134073 19
0000 0007 1710233733445 -42.3125 -68.5 0.6749515466696822 19
0000 0015 1710233733445 9.75 -69.5 3.9944859716542096 19
0000 0013 1710233733446 -81.375 -65.0 0.04295146206079795 19
0000 0000 1710233733446 0.0 -72.0 2.5709518004963345 19
0000 0012 1710233733446 -51.25 -75.5 1.8499808301900833 19
0000 0007 1710233733447 55.3125 -68.0 0.4970097752749477 19
0000 0013 1710233733447 -3.25 -65.5 6.166602767300278 19
0000 0000 1710233733447 52.0625 -71.5 2.6384469551633027 19
0000 0012 1710233733448 -20.75 -76.0 1.846912868614312 19
0000 0012 1710233733695 91.125 -74.0 1.564660403643354 19
0000 0015 1710233733695 -198.5625 -70.5 4.295146206079795 19
0000 0007 1710233733696 29.25 -68.0 0.47860200582032003 19
0000 0013 1710233733696 -48.8125 -66.0 6.234097921967246 19
0000 0000 1710233733696 -152.9375 -73.0 2.9391071895888885 19
0000 0015 1710233733697 -276.625 -69.5 4.405592822807561 19
0000 0000 1710233733697 146.4375 -71.5 2.724349879284899 19
0000 0007 1710233733697 -78.0625 -67.5 0.6258641614573416 19
0000 0013 1710233733698 13.0 -65.5 6.117515382087937 19
0000 0012 1710233733698 -9.125 -76.5 1.7671458676442586 19
0000 0007 1710233733699 -6.5 -68.0 0.6135923151542565 19
0000 0013 1710233733700 39.0 -66.0 6.1420590746941075 19
0000 0015 1710233733700 19.5 -70.5 3.8717675086233583 19
0000 0000 1710233733701 -39.0 -71.5 2.730485802436441 19
0000 0012 1710233733945 -15.25 -76.0 5.013049214810275 19
0000 0007 1710233733946 -58.5625 -68.0 0.6320000846088841 19
0000 0015 1710233733946 -78.0625 -69.5 4.1417481272912315 19
0000 0000 1710233733946 34.9375 -72.0 2.6568547246179306 19
0000 0013 1710233733946 42.3125 -65.5 6.1420590746941075 19
0000 0012 1710233733947 -39.875 -76.0 4.9302142522644505 19
0000 0007 1710233733947 -61.8125 -68.0 0.6258641614573416 19
0000 0013 1710233733948 -48.8125 -66.5 0.0 19
0000 0015 1710233733948 -6.5 -69.0 4.031301510563465 19
0000 0000 1710233733948 159.5 -73.0 2.5709518004963345 19
0000 0012 1710233733949 -18.25 -76.5 1.8162332528565992 19
0000 0000 1710233734194 326.3125 -72.5 2.399145952253143 19
0000 0015 1710233734194 -71.5625 -70.0 4.123340357836604 19
0000 0007 1710233734195 -250.625 -68.0 0.8774370106705868 19
0000 0013 1710233734195 3.25 -65.5 6.252505691421874 19
0000 0012 1710233734196 17.0625 -76.5 4.878058905476339 19
0000 0007 1710233734196 -179.0 -68.5 0.7669903939428205 19
0000 0013 1710233734196 -45.5625 -66.5 6.240233845118788 19
0000 0015 1710233734197 -13.0 -70.0 3.902447124381071 19
0000 0000 1710233734197 -78.0625 -71.5 2.705942109830271 19
0000 0012 1710233734197 20.125 -76.5 4.755340442445488 19
0000 0013 1710233734445 -9.75 -65.5 6.22182607566416 19
0000 0015 1710233734445 -81.375 -70.0 4.196971435655114 19
0000 0007 1710233734445 -123.6875 -67.5 0.5338253141842031 19
0000 0000 1710233734445 -45.5625 -71.5 2.742757648739526 19
0000 0012 1710233734446 17.5 -76.5 4.724660826687775 19
0000 0007 1710233734446 48.8125 -68.0 0.46019423636569234 19
0000 0013 1710233734446 32.5 -66.5 6.135923151542564 19
0000 0015 1710233734447 65.0625 -70.0 3.9208548938356986 19
0000 0000 1710233734447 146.4375 -73.0 2.6568547246179306 19
0000 0012 1710233734448 -21.9375 -76.5 1.846912868614312 19
0000 0007 1710233734694 -45.5625 -68.5 0.5890486225480862 19
0000 0000 1710233734695 62.625 -72.5 2.662990647769473 19
0000 0015 1710233734695 0.0 -70.0 4.080388895775806 19
0000 0013 1710233734695 19.5 -66.0 6.17273869045182 19
0000 0012 1710233734696 -12.1875 -76.5 1.7916895602504288 19
0000 0015 1710233734696 68.3125 -71.5 3.890175278077986 19
0000 0013 1710233734696 -16.25 -65.5 6.178874613603362 19
0000 0007 1710233734697 -48.8125 -68.0 0.5522330836388308 19
0000 0000 1710233734697 -10.5625 -72.0 2.6139032625571326 19
0000 0012 1710233734697 -7.875 -76.5 1.9389517158874505 19
0000 0007 1710233734944 -16.25 -68.0 0.5092816215780329 19
0000 0015 1710233734945 -52.0625 -70.5 3.988350048502667 19
0000 0013 1710233734945 117.125 -66.0 5.970253226450915 19
0000 0000 1710233734945 -162.75 -72.5 3.031146036862027 19
0000 0012 1710233734946 -111.4375 -76.0 1.9604274469178493 19
0000 0007 1710233734946 3.25 -69.0 0.44178646691106466 19
0000 0013 1710233734947 -29.25 -65.5 6.258641614573416 19
0000 0015 1710233734947 -65.0625 -70.5 4.04357335686655 19
0000 0000 1710233734948 260.375 -72.0 2.478912953223196 19
0000 0012 1710233734948 -18.25 -76.0 1.761009944492716 19
0000 0000 1710233735195 -211.5625 -72.0 2.9575149590435164 19
0000 0007 1710233735195 0.0 -68.0 0.4295146206079795 19
0000 0013 1710233735195 -32.5 -65.5 0.03681553890925539 19
0000 0015 1710233735196 -42.3125 -70.5 4.000621894805752 19
0000 0012 1710233735196 1.9375 -76.5 1.7303303287350031 19
0000 0015 1710233735196 29.25 -70.0 4.01902966426038 19
0000 0007 1710233735197 -3.25 -69.0 0.4356505437595221 19
0000 0013 1710233735197 -3.25 -66.0 6.258641614573416 19
0000 0000 1710233735197 -32.5 -73.5 2.84706834231575 19
0000 0012 1710233735198 -8.5 -76.0 4.908738521234052 19
0000 0007 1710233735441 -26.0 -69.5 0.4111068511533518 19
0000 0013 1710233735441 52.0625 -65.5 6.092971689481767 19
0000 0015 1710233735441 -45.5625 -70.0 4.049709280018092 19
0000 0000 1710233735442 -17.0625 -73.0 2.8961557275280905 19
0000 0012 1710233735442 -21.3125 -76.5 1.8837284075235674 19
0000 0007 1710233735442 42.3125 -69.0 0.4049709280018093 19
0000 0000 1710233735443 -274.1875 -73.5 3.227495577711389 19
0000 0013 1710233735443 13.0 -66.0 6.234097921967246 19
0000 0015 1710233735443 -84.625 -69.5 4.147884050442774 19
0000 0012 1710233735444 9.125 -76.5 1.7303303287350031 19
