0000 0006 1710148523231 22.75 -67.5 2.8961557275280905 10
0000 0010 1710148523232 48.8125 -66.5 2.6445828783148455 10
0000 0012 1710148523232 -65.0625 -70.0 0.09203884727313846 10
0000 0007 1710148523232 68.3125 -70.5 2.478912953223196 10
0000 0008 1710148523233 8.5 -71.0 0.32520392703175593 10
0000 0004 1710148523233 35.75 -63.5 4.227651051412827 10
0000 0000 1710148523234 -93.5625 -67.5 4.405592822807561 10
0000 0007 1710148523234 94.375 -71.0 2.6568547246179306 10
0000 0006 1710148523234 -45.5625 -67.5 2.9329712664373457 10
0000 0010 1710148523235 48.8125 -66.5 2.5464081078901644 10
0000 0015 1710148523236 71.5625 -67.5 3.859495662320273 10
0000 0012 1710148523236 76.4375 -70.5 6.178874613603362 10
0000 0008 1710148523236 6.5 -71.0 0.36815538909255385 10
0000 0012 1710148523237 29.25 -70.5 6.074563920027139 10
0000 0010 1710148523237 65.0625 -66.5 2.564815877344792 10
0000 0004 1710148523237 32.5 -64.0 4.178563666200486 10
0000 0015 1710148523238 52.0625 -67.0 3.933126740138784 10
0000 0006 1710148523238 100.875 -67.0 2.6691265709210157 10
0000 0000 1710148523238 -10.5625 -67.5 4.4362724385652745 10
0000 0007 1710148523239 42.3125 -71.5 2.7550294950426117 10
0000 0008 1710148523466 -0.25 -71.5 3.5342917352885173 10
0000 0006 1710148523467 -22.75 -68.0 2.8286605728611223 10
0000 0007 1710148523467 -52.0625 -71.0 2.8654761117703775 10
0000 0004 1710148523467 -13.0 -64.0 4.276738436625168 10
0000 0012 1710148523468 6.5 -70.0 6.258641614573416 10
0000 0010 1710148523468 -3.25 -67.0 2.6261751088602177 10
0000 0000 1710148523468 6.5 -68.5 4.381049130201391 10
0000 0015 1710148523468 -87.875 -67.5 4.129476280988146 10
0000 0008 1710148523469 3.8125 -71.5 3.5281558121369745 10
0000 0010 1710148523469 -29.25 -67.0 2.705942109830271 10
0000 0012 1710148523469 61.8125 -70.5 6.191146459906448 10
0000 0004 1710148523470 22.75 -64.0 4.270602513473625 10
0000 0000 1710148523470 58.5625 -67.5 4.313553975534423 10
0000 0015 1710148523471 16.25 -67.0 3.9576704327449543 10
0000 0006 1710148523471 52.0625 -68.0 2.693670263527186 10
0000 0007 1710148523471 19.5 -71.0 2.662990647769473 10
0000 0008 1710148523725 -4.0625 -71.5 0.44178646691106466 10
0000 0012 1710148523725 32.5 -70.0 6.013204688511713 10
0000 0004 1710148523725 16.25 -63.0 4.313553975534423 10
0000 0010 1710148523726 6.5 -66.0 2.6813984172241008 10
0000 0000 1710148523726 16.25 -67.0 4.381049130201391 10
0000 0006 1710148523726 55.3125 -67.5 2.7120780329818137 10
0000 0007 1710148523727 -58.5625 -70.0 2.8716120349219203 10
0000 0015 1710148523727 26.0 -67.5 3.9392626632903265 10
0000 0008 1710148523727 -9.75 -71.0 0.42337869745643697 10
0000 0007 1710148523728 -26.0 -71.0 2.60776733940559 10
0000 0012 1710148523728 -145.625 -70.0 0.22089323345553233 10
0000 0004 1710148523728 3.25 -63.5 4.344233591292136 10
0000 0000 1710148523729 -52.0625 -67.5 4.601942363656923 10
0000 0006 1710148523729 -22.75 -68.0 2.890019804376548 10
0000 0010 1710148523729 22.75 -66.5 2.6998061866787286 10
0000 0008 1710148523730 4.25 -71.0 0.5154175447295755 10
0000 0004 1710148523994 -39.0 -63.5 4.540583132141498 10
0000 0010 1710148523995 -58.5625 -66.5 2.773437264497239 10
0000 0000 1710148523995 -195.25 -69.0 5.031456984264903 10
0000 0006 1710148523995 -107.375 -68.0 3.08636934522591 10
0000 0012 1710148523996 -71.5625 -70.5 0.4172427743048944 10
0000 0007 1710148523996 6.6875 -73.5 5.872078456026235 10
0000 0014 1710148523996 -3.6875 -73.0 4.743068596142402 10
0000 0004 1710148523997 9.75 -64.0 4.700117134081604 10
0000 0000 1710148523997 -35.75 -69.5 5.086680292628786 10
0000 0010 1710148523997 -81.375 -68.0 3.043417883165112 10
0000 0006 1710148523998 19.5 -67.5 2.9513790358919736 10
0000 0014 1710148524231 48.8125 -71.0 1.1873011298234863 10
0000 0015 1710148524231 -1.5 -69.0 4.97623367590102 10
0000 0012 1710148524231 -0.8125 -74.0 4.608078286808466 10
0000 0015 1710148524231 -32.5 -66.5 5.957981380147831 10
0000 0004 1710148524232 22.75 -64.0 5.148039524144211 10
0000 0014 1710148524232 -100.875 -66.5 4.792155981354743 10
0000 0006 1710148524232 6.5 -68.5 3.423845118560751 10
0000 0010 1710148524233 6.5 -67.0 3.2336315008629315 10
0000 0012 1710148524234 -12.8125 -73.5 1.7303303287350031 10
0000 0003 1710148524234 -6.0625 -71.5 2.098485717827557 10
0000 0010 1710148524234 74.8125 -68.0 3.736777199289422 10
0000 0015 1710148524235 6.5 -60.5 1.7855536370988863 10
0000 0012 1710148524235 65.875 -69.0 1.9880391010997909 10
0000 0004 1710148524236 58.5625 -64.5 5.890486225480862 10
0000 0003 1710148524236 87.875 -67.5 5.64504929941916 10
0000 0006 1710148524236 -97.625 -68.5 4.387185053352934 10
0000 0014 1710148524244 4.875 -71.5 5.322913333963175 10
0000 0014 1710148524488 -3.25 -68.5 5.105088062083414 10
0000 0004 1710148524489 16.25 -66.0 0.6749515466696822 10
0000 0005 1710148524489 -187.125 -68.0 2.859340188618835 10
0000 0010 1710148524489 -253.875 -68.5 5.47937937432751 10
0000 0003 1710148524490 -29.25 -64.0 0.36815538909255385 10
0000 0006 1710148524490 -29.25 -69.5 5.418020142812084 10
0000 0002 1710148524490 110.625 -72.5 5.700272607783043 10
0000 0008 1710148524491 -3.0 -71.0 5.289165756629691 10
0000 0000 1710148524491 3.5 -73.0 5.780039608753096 10
0000 0015 1710148524491 4.5625 -70.0 1.3130875544301088 10
0000 0007 1710148524492 -0.625 -73.5 0.6258641614573416 10
0000 0003 1710148524492 -61.8125 -68.0 1.6873788666742053 10
0000 0015 1710148524494 91.125 -67.0 4.558990901596125 10
0000 0002 1710148524494 -78.0625 -73.0 1.1965050145508 10
0000 0000 1710148524494 -3.25 -66.0 0.6994952392758523 10
0000 0008 1710148524494 -68.3125 -66.5 0.9019807032767571 10
0000 0005 1710148524495 -91.125 -69.5 3.3379421944391554 10
0000 0007 1710148524495 -120.4375 -71.0 0.9265243958829272 10
0000 0010 1710148524495 45.5625 -68.0 1.662835174068035 10
0000 0006 1710148524496 12.1875 -73.0 5.485515297479052 10
0000 0004 1710148524496 -1.625 -72.5 2.073942025221387 10
0000 0004 1710148524718 19.5 -64.0 0.9878836273983529 10
0000 0015 1710148524718 65.0625 -63.5 5.295301679781233 10
0000 0010 1710148524719 -42.3125 -66.0 3.8840393549264434 10
0000 0006 1710148524719 -100.875 -71.0 5.565282298449106 10
0000 0000 1710148524719 26.0 -64.0 2.0493983326152168 10
0000 0008 1710148524720 -29.25 -68.0 3.509748042682347 10
0000 0007 1710148524720 16.25 -69.0 2.8102528034064944 10
0000 0003 1710148524720 -0.875 -72.5 5.553010452146021 10
0000 0002 1710148524721 28.9375 -78.0 0.28225246497095796 10
0000 0012 1710148524721 0.4375 -72.0 0.20248546400090464 10
0000 0008 1710148524721 -113.875 -66.5 1.3130875544301088 10
0000 0003 1710148524722 -13.0 -63.5 3.497476196379262 10
0000 0015 1710148524722 -13.0 -61.0 6.1420590746941075 10
0000 0004 1710148524722 -110.625 -68.0 2.8654761117703775 10
0000 0006 1710148524723 -52.0625 -62.0 2.767301341345697 10
0000 0007 1710148524723 -149.6875 -70.0 0.705631162427395 10
0000 0002 1710148524723 -26.0 -73.5 1.6260196351587797 10
0000 0010 1710148524976 10.9375 -72.5 4.97623367590102 10
0000 0014 1710148524976 -0.25 -73.5 5.608233760509904 10
0000 0000 1710148524976 1.75 -72.5 1.239456476611598 10
0000 0000 1710148524977 -3.25 -69.5 4.651029748869264 10
0000 0004 1710148524977 22.75 -65.0 3.822680123411018 10
0000 0006 1710148524977 -71.5625 -62.5 4.546719055293041 10
0000 0003 1710148524978 16.25 -64.5 5.8659425328746915 10
0000 0008 1710148524978 -22.75 -61.5 4.356505437595221 10
0000 0015 1710148524978 -35.75 -65.0 0.006135923151542565 10
0000 0010 1710148524979 1.8125 -73.0 5.577554144752192 10
0000 0007 1710148524979 3.5 -69.0 4.724660826687775 10
0000 0005 1710148524979 7.875 -72.0 3.749049045592507 10
0000 0012 1710148524980 -166.0 -73.0 2.6139032625571326 10
0000 0004 1710148524980 35.75 -61.5 4.399456899656019 10
0000 0005 1710148524980 -126.9375 -67.0 5.301437602932776 10
0000 0008 1710148524980 -26.0 -64.5 1.1228739367322893 10
0000 0007 1710148524981 -42.3125 -66.0 2.9329712664373457 10
0000 0015 1710148524981 -32.5 -64.5 6.0991076126333095 10
0000 0006 1710148524993 25.1875 -73.0 6.151262959421421 10
0000 0003 1710148525247 0.5625 -70.5 5.675728915176872 10
0000 0009 1710148525247 2.6875 -72.0 0.09203884727313846 10
0000 0012 1710148525247 68.3125 -66.5 1.8960002538266525 10
0000 0006 1710148525247 -9.75 -66.0 4.963961829597935 10
0000 0003 1710148525248 26.0 -64.5 1.0676506283684062 10
0000 0015 1710148525248 -104.125 -66.0 5.724816300389213 10
0000 0005 1710148525248 3.25 -66.5 1.521708941582556 10
0000 0004 1710148525248 107.375 -68.0 0.6994952392758523 10
0000 0014 1710148525248 52.0625 -64.0 1.141281706186917 10
0000 0008 1710148525249 -3.25 -62.5 4.7307967498393175 10
0000 0009 1710148525249 -15.25 -71.5 4.865787059173254 10
0000 0007 1710148525249 -2.125 -74.0 4.651029748869264 10
0000 0004 1710148525249 -74.8125 -67.5 5.816855147662351 10
0000 0006 1710148525249 -52.0625 -69.0 1.945087639038993 10
0000 0007 1710148525250 -39.0 -69.5 3.153864499892878 10
0000 0008 1710148525250 -32.5 -62.5 1.6137477888556946 10
0000 0005 1710148525250 30.875 -69.5 5.6143696836614465 10
0000 0012 1710148525250 -39.0 -66.0 5.798447378207723 10
0000 0014 1710148525250 152.9375 -68.0 1.9819031779482483 10
0000 0000 1710148525251 130.1875 -69.0 2.5770877236478773 10
0000 0013 1710148525251 74.8125 -68.5 0.0859029241215959 10
0000 0003 1710148525430 -0.25 -68.5 5.47937937432751 10
0000 0009 1710148525430 6.8125 -70.5 0.25157284921324513 10
0000 0015 1710148525430 2.4375 -72.5 5.737088146692298 10
0000 0014 1710148525430 -6.5 -67.5 1.6321555583103222 10
0000 0009 1710148525431 59.375 -65.0 5.939573610693203 10
0000 0003 1710148525431 -35.75 -62.5 3.0802334220743677 10
0000 0008 1710148525431 48.8125 -62.5 0.14112623248547898 10
0000 0005 1710148525432 -3.25 -63.0 0.7731263170943632 10
0000 0007 1710148525432 -81.375 -67.0 5.221670601962723 10
0000 0000 1710148525432 -117.125 -68.0 1.945087639038993 10
0000 0004 1710148525433 0.0 -62.0 4.871922982324796 10
0000 0012 1710148525433 26.0 -60.5 4.049709280018092 10
0000 0011 1710148525433 7.875 -71.5 5.988660995905543 10
0000 0013 1710148525434 1.1875 -70.0 0.6381360077604268 10
0000 0006 1710148525434 2.125 -71.0 0.30066023442558565 10
0000 0015 1710148525434 3.3125 -68.5 5.884350302329319 10
0000 0004 1710148525494 65.0625 -70.5 1.6996507129772904 10
0000 0015 1710148525494 3.25 -61.0 3.6876898140770815 10
0000 0000 1710148525495 -29.25 -66.5 4.657165672020807 10
0000 0014 1710148525495 -55.3125 -68.0 0.9142525495798421 10
0000 0012 1710148525495 -29.25 -62.0 5.5284667595398505 10
0000 0011 1710148525496 -104.125 -64.5 1.9573594853420782 10
0000 0009 1710148525496 90.3125 -63.0 3.06182565261974 10
0000 0013 1710148525496 -35.75 -63.5 5.559146375297564 10
0000 0008 1710148525496 0.0 -65.0 3.411573272257666 10
0000 0006 1710148525497 -45.5625 -65.0 4.399456899656019 10
0000 0005 1710148525742 1.5 -72.5 1.1290098598838318 10
0000 0003 1710148525742 0.8125 -70.5 4.338097668140593 10
0000 0000 1710148525742 3.25 -68.0 2.2457478734645786 10
0000 0013 1710148525743 68.3125 -64.5 5.289165756629691 10
0000 0004 1710148525743 32.5 -61.0 6.050020227420969 10
0000 0012 1710148525743 -58.5625 -63.5 0.42337869745643697 10
0000 0008 1710148525744 -22.75 -67.5 1.2210487071569704 10
0000 0009 1710148525744 -27.625 -61.0 0.46019423636569234 10
0000 0005 1710148525744 -42.3125 -61.5 1.7241944055834606 10
0000 0015 1710148525745 6.5 -63.5 6.166602767300278 10
0000 0011 1710148525745 -13.0 -68.0 4.8351074434155406 10
0000 0002 1710148525745 -175.75 -71.5 5.485515297479052 10
0000 0003 1710148525746 9.75 -65.0 4.743068596142402 10
0000 0011 1710148525746 -16.25 -66.0 1.8714565612204823 10
0000 0004 1710148525747 9.75 -66.5 2.718213956133356 10
0000 0005 1710148525747 34.9375 -65.0 2.9636508821950587 10
0000 0009 1710148525747 13.8125 -61.0 3.466796580621549 10
0000 0000 1710148525748 -52.0625 -64.5 5.589825991055276 10
0000 0012 1710148525748 16.25 -59.5 1.4358060174609601 10
0000 0015 1710148525748 52.0625 -69.0 5.915029918087033 10
0000 0013 1710148525987 -5.4375 -73.5 1.6873788666742053 10
0000 0008 1710148525988 4.1875 -70.5 2.8654761117703775 10
0000 0003 1710148525988 2.875 -71.5 0.14112623248547898 10
0000 0007 1710148525988 55.3125 -71.0 1.1106020904292042 10
0000 0002 1710148525989 -9.75 -68.5 0.1043106935762236 10
0000 0011 1710148525990 -68.3125 -64.0 5.534602682691394 10
0000 0003 1710148525990 48.8125 -68.0 0.5706408530934585 10
0000 0004 1710148525990 29.25 -62.5 1.4480778637640452 10
0000 0013 1710148525990 -9.75 -71.0 0.0674951546669682 10
0000 0009 1710148525991 7.3125 -59.5 2.0064468705544187 10
0000 0015 1710148525991 35.75 -63.0 1.5033011721279284 10
0000 0000 1710148525991 79.75 -69.0 4.356505437595221 10
0000 0005 1710148525992 -65.0625 -65.5 4.399456899656019 10
0000 0008 1710148525992 55.3125 -63.0 5.0682725231741586 10
0000 0014 1710148525992 0.0 -73.0 5.5100589900852235 10
0000 0014 1710148525993 7.4375 -72.0 5.356660911296659 10
0000 0006 1710148525993 1.5625 -74.5 0.3436116964863836 10
0000 0014 1710148526150 32.5 -68.5 0.14112623248547898 10
0000 0000 1710148526151 13.8125 -66.5 2.2641556429192065 10
0000 0015 1710148526151 -39.0 -66.0 1.846912868614312 10
0000 0006 1710148526151 13.0 -71.0 3.767456815047135 10
0000 0009 1710148526152 -29.25 -64.0 6.050020227420969 10
0000 0008 1710148526152 -22.75 -60.5 2.7550294950426117 10
0000 0002 1710148526152 -110.625 -71.5 2.8532042654672924 10
0000 0011 1710148526152 -22.75 -68.0 4.301282129231338 10
0000 0013 1710148526153 32.5 -67.0 1.0062913968529805 10
0000 0004 1710148526153 -29.25 -64.5 0.3620194659410113 10
0000 0007 1710148526153 -0.8125 -72.5 4.565126824747668 10
0000 0003 1710148526154 1.125 -68.0 0.0 10
0000 0005 1710148526154 -0.25 -70.5 0.6013204688511713 10
0000 0015 1710148526154 16.25 -63.5 1.7732817907958012 10
0000 0013 1710148526155 68.3125 -65.0 1.6812429435226628 10
0000 0010 1710148526155 113.875 -69.0 1.5892040962495242 10
0000 0006 1710148526155 -87.875 -68.5 0.21475731030398976 10
0000 0008 1710148526156 -9.75 -58.5 0.14112623248547898 10
0000 0009 1710148526156 -69.125 -66.0 4.172427743048944 10
0000 0005 1710148526156 6.5 -68.0 0.7976700097005334 10
0000 0003 1710148526157 58.5625 -66.0 3.8410878928656453 10
0000 0004 1710148526157 26.0 -65.5 3.8410878928656453 10
0000 0012 1710148526157 -71.5625 -70.5 4.890330751779424 10
0000 0000 1710148526158 195.25 -68.5 1.2455923997631406 10
0000 0002 1710148526158 32.5 -71.0 1.5953400194010667 10
0000 0014 1710148526243 2.4375 -68.0 4.071185011048492 10
0000 0007 1710148526403 0.625 -69.5 5.589825991055276 10
0000 0009 1710148526403 55.3125 -68.5 0.7547185476397354 10
0000 0004 1710148526404 48.8125 -63.0 0.6565437772150544 10
0000 0013 1710148526404 -9.75 -67.0 3.3440781175906977 10
0000 0000 1710148526404 32.5 -67.5 4.540583132141498 10
0000 0003 1710148526405 175.75 -69.0 1.6873788666742053 10
0000 0012 1710148526405 81.375 -65.0 3.1784081924990484 10
0000 0008 1710148526405 16.25 -59.0 3.5833791205008576 10
0000 0010 1710148526406 -13.0 -67.5 5.45483568172134 10
0000 0006 1710148526406 19.5 -65.0 4.743068596142402 10
0000 0015 1710148526406 22.75 -67.5 1.3499030933393643 10
0000 0014 1710148526407 -13.0 -67.0 3.933126740138784 10
0000 0007 1710148526407 -29.25 -65.0 5.964117303299373 10
0000 0002 1710148526407 -143.1875 -71.5 5.473243451175968 10
0000 0005 1710148526408 -0.625 -72.5 5.289165756629691 10
0000 0011 1710148526408 52.0625 -68.5 1.8775924843720249 10
0000 0007 1710148526408 -35.75 -66.0 0.8897088569736719 10
0000 0010 1710148526409 -39.0 -66.0 2.2518837966161214 10
0000 0008 1710148526409 6.5 -57.0 1.1106020904292042 10
0000 0003 1710148526410 32.5 -62.0 5.123495831538041 10
0000 0013 1710148526410 -48.8125 -66.5 5.945709533844745 10
0000 0002 1710148526410 211.5625 -72.5 2.7857091108003242 10
0000 0000 1710148526410 9.75 -64.0 3.074097498922825 10
0000 0012 1710148526411 32.5 -68.5 0.6994952392758523 10
0000 0014 1710148526412 0.0 -66.5 2.675262494072558 10
0000 0004 1710148526412 -32.5 -59.5 5.786175531904639 10
0000 0009 1710148526412 -131.8125 -69.0 5.853670686571607 10
0000 0006 1710148526413 146.4375 -71.0 1.662835174068035 10
0000 0015 1710148526651 4.5625 -72.0 5.5714182216006485 10
0000 0010 1710148526652 -84.625 -67.5 6.056156150572511 10
0000 0011 1710148526652 91.125 -69.0 1.1658253987930873 10
0000 0014 1710148526652 -9.75 -67.0 2.0923497946760143 10
0000 0003 1710148526652 22.75 -66.5 3.141592653589793 10
0000 0008 1710148526653 -9.75 -58.5 5.313709449235861 10
0000 0012 1710148526653 41.5 -57.5 4.522175362686871 10
0000 0013 1710148526653 -48.8125 -65.5 5.307573526084319 10
0000 0007 1710148526654 58.5625 -66.5 4.718524903536232 10
0000 0000 1710148526654 -3.25 -64.5 0.9387962421860124 10
0000 0004 1710148526654 52.0625 -60.5 2.8409324191642074 10
0000 0006 1710148526655 -39.0 -64.0 0.0859029241215959 10
0000 0009 1710148526655 -104.125 -65.0 4.381049130201391 10
0000 0002 1710148526655 -39.0 -71.5 2.2089323345553233 10
0000 0015 1710148526656 -22.75 -66.0 0.2086213871524472 10
0000 0012 1710148526656 -26.0 -56.0 6.000932842208628 10
0000 0002 1710148526656 52.0625 -72.0 5.393476450205914 10
0000 0009 1710148526657 -24.375 -62.0 1.2517283229146832 10
0000 0011 1710148526657 91.125 -67.0 5.019185137961818 10
0000 0003 1710148526657 -52.0625 -63.0 6.000932842208628 10
0000 0006 1710148526657 6.5 -61.5 3.9453985864418692 10
0000 0004 1710148526658 3.25 -63.5 0.5951845456996288 10
0000 0008 1710148526658 -16.25 -59.0 2.6384469551633027 10
0000 0000 1710148526658 -19.5 -61.5 4.6448938257177215 10
0000 0013 1710148526659 -68.3125 -62.0 0.1595340019401067 10
0000 0014 1710148526659 16.25 -69.0 1.4419419406125027 10
0000 0015 1710148526659 -13.0 -61.5 0.23316507975861744 10
0000 0005 1710148526660 0.0 -62.5 3.8840393549264434 10
0000 0010 1710148526660 -78.0625 -67.0 3.466796580621549 10
0000 0007 1710148526660 -35.75 -61.5 0.9878836273983529 10
0000 0012 1710148526889 22.75 -62.0 0.5460971604872883 10
0000 0006 1710148526889 -32.5 -61.0 0.16566992509164924 10
0000 0011 1710148526890 87.875 -65.0 2.000310947402876 10
0000 0005 1710148526890 -107.375 -69.5 0.4172427743048944 10
0000 0008 1710148526890 -6.5 -59.5 6.19728238305799 10
0000 0007 1710148526891 -22.75 -66.5 2.9145634969827183 10
0000 0003 1710148526891 143.1875 -72.0 3.736777199289422 10
0000 0000 1710148526891 -22.75 -61.5 1.4173982480063325 10
0000 0004 1710148526892 -26.0 -62.0 4.6878452877785195 10
0000 0009 1710148526892 -27.625 -60.5 4.933282213840222 10
0000 0013 1710148526892 -149.6875 -69.0 4.6878452877785195 10
0000 0010 1710148526892 -188.75 -71.5 0.4479223900626072 10
0000 0002 1710148526893 -133.4375 -69.0 3.7429131224409646 10
0000 0003 1710148526893 22.75 -63.0 1.0737865515199487 10
0000 0005 1710148526893 -35.75 -60.5 3.7429131224409646 10
0000 0007 1710148526894 0.0 -61.0 0.28225246497095796 10
0000 0012 1710148526894 3.25 -59.5 1.3069516312785663 10
0000 0009 1710148526894 27.625 -59.0 1.6014759425526093 10
0000 0006 1710148526895 26.0 -61.5 3.6999616603801666 10
0000 0004 1710148526895 9.75 -62.0 1.1658253987930873 10
0000 0002 1710148526895 94.375 -67.0 0.8774370106705868 10
0000 0008 1710148526896 42.3125 -59.0 3.454524734318464 10
0000 0010 1710148526896 237.5625 -69.5 2.718213956133356 10
0000 0000 1710148526896 -32.5 -61.0 5.123495831538041 10
0000 0011 1710148526897 -45.5625 -64.5 6.025476534814799 10
0000 0013 1710148526993 2.875 -73.5 1.9941750242513334 10
0000 0006 1710148527129 -3.25 -62.0 0.04908738521234052 10
0000 0005 1710148527129 26.0 -64.0 0.662679700366597 10
0000 0009 1710148527129 -30.875 -58.5 5.00077736850719 10
0000 0012 1710148527129 -16.25 -63.5 3.5956509668039427 10
0000 0002 1710148527130 -9.75 -66.0 4.417864669110647 10
0000 0013 1710148527130 -19.5 -66.0 4.1172044346850605 10
0000 0004 1710148527130 -16.25 -60.0 5.626641529964532 10
0000 0003 1710148527131 29.25 -63.5 6.007068765360171 10
0000 0008 1710148527131 52.0625 -62.0 1.2455923997631406 10
0000 0007 1710148527131 -3.25 -65.0 3.423845118560751 10
0000 0011 1710148527132 133.4375 -63.0 2.9268353432858034 10
0000 0000 1710148527132 58.5625 -65.5 2.8102528034064944 10
0000 0014 1710148527132 2.125 -72.5 0.09817477042468103 10
0000 0000 1710148527133 0.0 -61.5 1.1658253987930873 10
0000 0007 1710148527133 19.5 -59.0 1.2762720155208536 10
0000 0006 1710148527133 13.0 -65.0 4.147884050442774 10
0000 0008 1710148527134 -32.5 -59.5 6.105243535784852 10
0000 0005 1710148527134 13.0 -58.0 4.325825821837508 10
0000 0011 1710148527134 3.25 -59.5 0.7485826244881929 10
0000 0014 1710148527135 -52.0625 -66.5 4.374913207049849 10
0000 0002 1710148527136 55.3125 -69.5 1.576932249946439 10
0000 0004 1710148527136 52.0625 -61.5 3.442252888015379 10
0000 0013 1710148527136 9.75 -61.5 5.712544454086128 10
0000 0009 1710148527136 10.5625 -58.5 2.779573187648782 10
0000 0003 1710148527137 3.25 -61.5 3.436116964863836 10
0000 0012 1710148527138 -55.3125 -68.0 1.9512235621905356 10
0000 0010 1710148527243 0.4375 -72.5 2.000310947402876 10
0000 0006 1710148527382 -35.75 -63.5 2.055534255766759 10
0000 0008 1710148527382 3.25 -56.5 3.1906800388021335 10
0000 0003 1710148527382 22.75 -59.5 1.3069516312785663 10
0000 0010 1710148527383 55.3125 -69.0 2.791845033951867 10
0000 0012 1710148527383 21.125 -63.5 0.521553467881118 10
0000 0007 1710148527383 19.5 -68.0 0.4908738521234052 10
0000 0000 1710148527384 9.75 -61.0 5.074408446325701 10
0000 0004 1710148527384 6.5 -57.5 0.7731263170943632 10
0000 0013 1710148527384 -29.25 -62.5 5.019185137961818 10
0000 0002 1710148527385 -39.0 -71.5 6.025476534814799 10
0000 0005 1710148527385 120.4375 -71.0 2.5280003384355365 10
0000 0009 1710148527385 -45.5625 -60.0 6.227961998815704 10
0000 0011 1710148527386 26.0 -60.5 4.074252972624263 10
0000 0014 1710148527386 6.25 -70.0 0.8283496254582462 10
0000 0002 1710148527386 71.5625 -68.5 2.742757648739526 10
0000 0008 1710148527387 -9.75 -55.0 6.019340611663256 10
0000 0011 1710148527387 26.0 -62.5 6.2034183062095325 10
0000 0000 1710148527387 19.5 -58.5 1.8960002538266525 10
0000 0009 1710148527388 -3.25 -59.0 2.521864415283994 10
0000 0004 1710148527388 29.25 -58.5 2.859340188618835 10
0000 0006 1710148527388 -6.5 -61.5 5.135767677841127 10
0000 0014 1710148527389 13.0 -63.0 2.448233337465483 10
0000 0010 1710148527389 -16.25 -66.0 5.7616318392984684 10
0000 0012 1710148527389 62.625 -71.5 0.02454369260617026 10
0000 0007 1710148527390 65.0625 -66.0 4.693981210930062 10
0000 0005 1710148527390 69.125 -67.0 0.5767767762450011 10
0000 0013 1710148527391 -48.8125 -61.5 6.160466844148735 10
0000 0003 1710148527391 -16.25 -59.5 4.614214209960009 10
0000 0014 1710148527494 9.75 -60.5 2.1966604882522383 10
0000 0008 1710148527494 -6.5 -54.0 2.478912953223196 10
0000 0004 1710148527495 32.5 -57.0 6.270913460876501 10
0000 0005 1710148527495 78.0625 -67.5 3.54042765844006 10
0000 0000 1710148527495 0.0 -60.5 5.3627968344482015 10
0000 0011 1710148527496 -78.0625 -65.0 2.5280003384355365 10
0000 0010 1710148527496 100.875 -65.0 1.8346410223112268 10
0000 0007 1710148527496 -19.5 -64.5 1.3560390164909069 10
0000 0009 1710148527497 17.0625 -62.0 5.418020142812084 10
0000 0002 1710148527497 3.25 -66.5 0.7915340865489908 10
0000 0013 1710148527497 29.25 -65.5 1.1596894756415448 10
0000 0012 1710148527497 7.3125 -71.5 2.018718716857504 10
0000 0006 1710148527498 29.25 -61.5 1.6198837120072371 10
0000 0003 1710148527498 26.0 -58.5 2.067806102069844 10
0000 0006 1710148527745 42.3125 -64.0 3.8533597391687304 10
0000 0000 1710148527745 -9.75 -56.5 2.6568547246179306 10
0000 0009 1710148527745 0.0 -60.5 2.1966604882522383 10
0000 0003 1710148527746 -29.25 -60.5 5.301437602932776 10
0000 0011 1710148527746 3.25 -63.5 5.595961914206819 10
0000 0007 1710148527746 -29.25 -61.0 3.4054373491061236 10
0000 0014 1710148527746 26.0 -66.5 4.331961744989051 10
0000 0008 1710148527747 -13.0 -54.0 5.982525072754001 10
0000 0004 1710148527747 3.25 -56.0 3.3318062712876126 10
0000 0012 1710148527747 35.75 -64.5 0.2454369260617026 10
0000 0013 1710148527748 22.75 -61.0 4.442408361716817 10
0000 0002 1710148527748 -48.8125 -65.5 4.534447208989955 10
0000 0010 1710148527748 -26.0 -67.0 5.448699758569798 10
0000 0005 1710148527749 -19.5 -62.0 1.000155473701438 10
0000 0015 1710148527749 -3.0 -71.5 4.706253057233147 10
0000 0003 1710148527749 -6.5 -59.0 3.2520392703175593 10
0000 0002 1710148527750 -19.5 -64.5 1.88986433067511 10
0000 0000 1710148527750 -13.0 -57.0 0.6381360077604268 10
0000 0005 1710148527750 9.75 -60.0 4.626486056263094 10
0000 0014 1710148527750 -13.0 -64.5 2.890019804376548 10
0000 0012 1710148527751 21.125 -60.0 2.399145952253143 10
0000 0007 1710148527751 3.25 -57.0 0.6013204688511713 10
0000 0006 1710148527752 -13.0 -63.5 2.2764274892222915 10
0000 0009 1710148527752 -17.0625 -59.5 0.6258641614573416 10
0000 0011 1710148527753 -13.0 -65.5 3.141592653589793 10
0000 0004 1710148527753 42.3125 -55.0 1.337631247036279 10
0000 0008 1710148527754 0.0 -54.5 4.074252972624263 10
0000 0013 1710148527754 -13.0 -63.0 5.080544369477243 10
0000 0010 1710148527754 -6.5 -67.5 3.3011266555298997 10
0000 0015 1710148527991 2.6875 -71.0 0.11658253987930872 10
0000 0009 1710148527991 -21.125 -55.5 3.3502140407422405 10
0000 0012 1710148527991 -38.1875 -61.5 3.3011266555298997 10
0000 0000 1710148527992 17.0625 -55.5 3.5036121195308043 10
0000 0004 1710148527992 9.75 -56.0 4.828971520263998 10
0000 0010 1710148527992 26.0 -64.5 5.589825991055276 10
0000 0006 1710148527993 16.25 -60.0 6.025476534814799 10
0000 0008 1710148527993 16.25 -53.5 0.8958447801252144 10
0000 0003 1710148527993 -3.25 -59.5 0.05522330836388308 10
0000 0002 1710148527994 29.25 -61.5 5.638913376267617 10
0000 0013 1710148527994 -32.5 -64.0 5.994796919057086 10
0000 0011 1710148527994 19.5 -66.0 0.7853981633974483 10
0000 0005 1710148527994 6.5 -58.0 0.9142525495798421 10
0000 0014 1710148527995 19.5 -61.5 3.0127382674073995 10
0000 0007 1710148527995 -13.0 -56.0 3.650874275167826 10
