0001 0011 1711612716661 0.0 -56.0 1.552388557340269 14
0001 0005 1711612716661 26.0 -67.0 1.902136176978195 14
0001 0008 1711612716661 39.0 -55.5 0.25157284921324513 14
0001 0006 1711612716662 -104.125 -71.0 5.105088062083414 14
0001 0009 1711612716662 6.5 -53.5 4.540583132141498 14
0001 0014 1711612716663 42.3125 -69.0 1.8837284075235674 14
0001 0015 1711612716663 9.75 -56.0 1.3130875544301088 14
0001 0010 1711612716664 16.25 -64.5 0.4172427743048944 14
0001 0004 1711612716664 -97.625 -68.5 2.423689644859313 14
0001 0001 1711612716665 18.6875 -75.0 3.472932503773092 14
0001 0005 1711612716665 -29.25 -67.5 1.8223691760081417 14
0001 0001 1711612716667 -214.8125 -74.0 0.5829126993965437 14
0001 0011 1711612716667 -3.25 -55.5 1.521708941582556 14
0001 0004 1711612716667 -29.25 -67.5 2.3316507975861747 14
0001 0009 1711612716668 6.5 -54.0 4.509903516383785 14
0001 0010 1711612716668 81.375 -64.5 0.2761165418194154 14
0001 0015 1711612716669 -13.0 -56.0 1.3499030933393643 14
0001 0006 1711612716669 19.5 -71.5 4.822835597112456 14
0001 0014 1711612716670 78.0625 -68.0 1.932815792735908 14
0001 0008 1711612716670 -3.25 -55.5 0.2945243112740431 14
0001 0014 1711612716886 -58.5625 -68.0 2.098485717827557 14
0001 0009 1711612716887 6.5 -54.0 4.4976316700806995 14
0001 0005 1711612716887 78.0625 -67.5 1.7794177139473437 14
0001 0011 1711612716887 -16.25 -56.0 1.5278448647340985 14
0001 0006 1711612716888 -13.0 -71.0 4.890330751779424 14
0001 0008 1711612716888 9.75 -55.5 0.2699806186678728 14
0001 0010 1711612716889 -22.75 -64.5 0.4049709280018093 14
0001 0015 1711612716889 22.75 -56.0 1.3008157081270237 14
0001 0004 1711612716889 45.5625 -68.0 2.1475731030398975 14
0001 0001 1711612716890 52.0625 -73.0 0.1595340019401067 14
0001 0015 1711612716890 0.0 -55.5 1.3499030933393643 14
0001 0009 1711612716891 -3.25 -54.0 4.4976316700806995 14
0001 0010 1711612716892 -6.5 -65.0 0.4111068511533518 14
0001 0008 1711612716892 -13.0 -55.5 0.2761165418194154 14
0001 0005 1711612716892 78.0625 -68.0 1.7303303287350031 14
0001 0011 1711612716893 0.0 -56.5 1.4971652489763858 14
0001 0004 1711612716893 -6.5 -68.0 2.2641556429192065 14
0001 0014 1711612716894 58.5625 -67.0 1.8407769454627694 14
0001 0006 1711612716894 -179.0 -72.0 5.418020142812084 14
0001 0001 1711612717001 42.3125 -75.0 0.15033011721279282 14
0001 0011 1711612717144 29.25 -56.0 1.4542137869155878 14
0001 0015 1711612717144 3.25 -56.0 1.3314953238847365 14
0001 0014 1711612717145 22.75 -67.5 1.8960002538266525 14
0001 0009 1711612717145 3.25 -54.0 4.442408361716817 14
0001 0008 1711612717146 13.8125 -55.5 0.2270291566070749 14
0001 0010 1711612717146 58.5625 -64.5 0.28838838812250056 14
0001 0005 1711612717146 -117.125 -67.5 1.945087639038993 14
0001 0006 1711612717147 -192.0 -72.0 5.338253141842031 14
0001 0004 1711612717147 113.875 -68.0 2.110757564130642 14
0001 0001 1711612717148 48.0 -75.0 0.1932815792735908 14
0001 0015 1711612717148 6.5 -56.0 1.3314953238847365 14
0001 0011 1711612717149 0.0 -56.0 1.4971652489763858 14
0001 0008 1711612717150 -3.25 -55.0 0.23316507975861744 14
0001 0009 1711612717150 -22.75 -54.0 4.503767593232243 14
0001 0006 1711612717151 237.5625 -72.5 4.92714629068868 14
0001 0010 1711612717151 0.0 -65.0 0.4172427743048944 14
0001 0005 1711612717151 16.25 -67.5 1.8530487917658545 14
0001 0004 1711612717152 45.5625 -67.5 2.1537090261914402 14
0001 0014 1711612717152 -45.5625 -68.0 2.0064468705544187 14
0001 0001 1711612717152 133.4375 -73.5 0.19634954084936207 14
0001 0011 1711612717366 -6.5 -56.0 1.5278448647340985 14
0001 0009 1711612717367 29.25 -54.0 4.3933209765044765 14
0001 0014 1711612717367 58.5625 -68.0 1.8407769454627694 14
0001 0008 1711612717368 -22.75 -55.5 0.28838838812250056 14
0001 0004 1711612717368 58.5625 -67.5 2.1230294104337273 14
0001 0006 1711612717368 -6.5 -72.0 5.105088062083414 14
0001 0005 1711612717369 -87.875 -67.0 1.9266798695843652 14
0001 0001 1711612717369 247.375 -75.0 6.19728238305799 14
0001 0015 1711612717370 22.75 -56.0 1.3008157081270237 14
0001 0010 1711612717370 -48.8125 -64.5 0.4663301595172349 14
0001 0004 1711612717370 39.0 -68.0 2.12916533358527 14
0001 0011 1711612717371 -32.5 -56.0 1.5585244804918115 14
0001 0005 1711612717371 48.8125 -67.0 1.7548740213411735 14
0001 0015 1711612717371 9.75 -56.0 1.3130875544301088 14
0001 0014 1711612717372 -45.5625 -68.0 2.0800779483729293 14
0001 0009 1711612717372 -13.0 -53.5 4.466952054322987 14
0001 0010 1711612717373 26.0 -65.5 0.44178646691106466 14
0001 0001 1711612717373 94.375 -75.0 0.12885438618239387 14
0001 0008 1711612717373 7.3125 -55.5 0.23930100291016002 14
0001 0006 1711612717374 -166.0 -71.5 5.356660911296659 14
0001 0011 1711612717512 -9.75 -56.0 1.4848934026733007 14
0001 0008 1711612717512 7.3125 -55.5 0.2454369260617026 14
0001 0005 1711612717513 -87.875 -68.0 2.000310947402876 14
0001 0004 1711612717513 -22.75 -67.5 2.2518837966161214 14
0001 0009 1711612717514 19.5 -54.0 4.387185053352934 14
0001 0015 1711612717514 -3.25 -56.0 1.3437671701878218 14
0001 0010 1711612717514 -21.125 -65.0 0.4908738521234052 14
0001 0001 1711612717515 -65.0625 -72.0 0.4356505437595221 14
0001 0014 1711612717515 3.25 -68.0 1.9389517158874505 14
0001 0006 1711612717516 -52.0625 -71.0 5.092816215780329 14
0001 0011 1711612717725 -26.0 -56.0 1.5033011721279284 14
0001 0004 1711612717726 58.5625 -68.0 2.1537090261914402 14
0001 0010 1711612717726 -32.5 -65.5 0.5399612373357456 14
0001 0014 1711612717727 6.5 -68.5 2.018718716857504 14
0001 0015 1711612717727 -13.0 -56.5 1.3499030933393643 14
0001 0009 1711612717727 13.0 -54.0 4.411728745959104 14
0001 0008 1711612717728 -13.8125 -55.5 0.28838838812250056 14
0001 0005 1711612717728 -29.25 -68.0 1.9266798695843652 14
0001 0006 1711612717729 -94.375 -73.5 5.123495831538041 14
0001 0001 1711612717729 -12.8125 -75.5 0.37429131224409645 14
0001 0011 1711612717730 -3.25 -56.0 1.4787574795217582 14
0001 0005 1711612717730 126.9375 -67.0 1.8285050991596843 14
0001 0014 1711612717731 -71.5625 -68.0 2.0923497946760143 14
0001 0006 1711612717732 -81.375 -71.5 5.105088062083414 14
0001 0008 1711612717732 3.25 -55.0 0.23316507975861744 14
0001 0009 1711612717732 0.0 -54.0 4.424000592262189 14
0001 0015 1711612717733 -16.25 -55.5 1.3867186322486196 14
0001 0004 1711612717733 55.3125 -68.0 2.116893487282185 14
0001 0010 1711612717733 -39.0 -65.0 0.5767767762450011 14
0001 0001 1711612717734 -61.8125 -74.5 0.19634954084936207 14
0001 0005 1711612717974 -48.8125 -68.0 2.0493983326152168 14
0001 0011 1711612717974 -3.25 -56.0 1.4848934026733007 14
0001 0008 1711612717974 13.0 -55.0 0.21475731030398976 14
0001 0010 1711612717975 61.8125 -64.5 0.3374757733348411 14
0001 0014 1711612717975 -110.625 -68.0 2.141437179888355 14
0001 0004 1711612717975 -94.375 -67.5 2.350058567040802 14
0001 0009 1711612717975 3.25 -54.0 4.411728745959104 14
0001 0015 1711612717976 0.0 -56.0 1.3437671701878218 14
0001 0006 1711612717976 16.25 -71.0 4.945554060143307 14
0001 0001 1711612717977 24.375 -75.5 0.23009711818284617 14
0001 0010 1711612717977 9.75 -65.0 0.46019423636569234 14
0001 0009 1711612717977 -16.25 -54.0 4.454680208019902 14
0001 0015 1711612717978 0.0 -56.0 1.337631247036279 14
0001 0014 1711612717978 126.9375 -68.0 1.8530487917658545 14
0001 0008 1711612717978 -3.25 -55.5 0.2454369260617026 14
0001 0005 1711612717979 -175.75 -67.5 2.2150682577068657 14
0001 0004 1711612717979 -16.25 -67.5 2.270291566070749 14
0001 0011 1711612717979 0.0 -56.0 1.5155730184310134 14
0001 0006 1711612718001 80.5625 -73.5 1.7518060597654022 14
0001 0001 1711612718001 18.6875 -75.5 0.11044661672776616 14
0001 0011 1711612718216 -9.75 -56.0 1.5155730184310134 14
0001 0008 1711612718216 -13.0 -55.0 0.25770877236478773 14
0001 0004 1711612718217 -35.75 -68.0 2.2886993355253766 14
0001 0010 1711612718217 9.75 -65.0 0.46019423636569234 14
0001 0015 1711612718217 22.75 -56.0 1.3069516312785663 14
0001 0009 1711612718218 -6.5 -54.0 4.448544284868359 14
0001 0005 1711612718218 104.125 -67.0 1.6321555583103222 14
0001 0014 1711612718218 32.5 -68.0 2.0064468705544187 14
0001 0001 1711612718219 22.75 -74.0 0.34974761963792617 14
0001 0006 1711612718219 62.625 -73.5 1.846912868614312 14
0001 0008 1711612718219 0.0 -55.5 0.2454369260617026 14
0001 0015 1711612718220 -16.25 -56.0 1.3744467859455345 14
0001 0011 1711612718221 -29.25 -56.0 1.521708941582556 14
0001 0009 1711612718221 16.25 -53.5 4.442408361716817 14
0001 0005 1711612718221 9.75 -67.5 1.9573594853420782 14
0001 0014 1711612718222 -113.875 -67.0 2.2150682577068657 14
0001 0004 1711612718222 123.6875 -68.0 1.9144080232812801 14
0001 0010 1711612718222 -29.25 -65.0 0.47860200582032003 14
0001 0006 1711612718223 -244.125 -72.0 5.344389064993574 14
0001 0001 1711612718251 15.4375 -75.5 0.27304858024364415 14
0001 0015 1711612718462 26.0 -56.0 1.3130875544301088 14
0001 0008 1711612718463 -7.3125 -55.5 0.2699806186678728 14
0001 0014 1711612718463 -159.5 -68.0 2.2641556429192065 14
0001 0011 1711612718463 -29.25 -56.0 1.552388557340269 14
0001 0009 1711612718464 16.25 -53.5 4.460816131171445 14
0001 0004 1711612718464 -39.0 -68.0 2.2641556429192065 14
0001 0006 1711612718465 -100.875 -72.0 5.3198453723874035 14
0001 0005 1711612718465 -97.625 -67.0 2.018718716857504 14
0001 0010 1711612718465 -58.5625 -65.0 0.47860200582032003 14
0001 0001 1711612718466 -87.875 -73.0 0.4970097752749477 14
0001 0009 1711612718466 13.0 -54.0 4.466952054322987 14
0001 0014 1711612718466 6.5 -68.0 1.9389517158874505 14
0001 0008 1711612718467 -6.5 -55.0 0.2638446955163303 14
0001 0005 1711612718467 19.5 -67.5 1.7671458676442586 14
0001 0010 1711612718468 29.25 -64.5 0.34974761963792617 14
0001 0004 1711612718468 71.5625 -68.0 2.172116795646068 14
0001 0011 1711612718468 6.5 -56.0 1.5155730184310134 14
0001 0015 1711612718469 -16.25 -56.0 1.3437671701878218 14
0001 0006 1711612718469 146.4375 -71.5 4.608078286808466 14
0001 0001 1711612718510 -38.25 -74.5 0.32213596545598466 14
0001 0008 1711612718697 -6.5 -55.5 0.28225246497095796 14
0001 0011 1711612718697 -16.25 -56.0 1.533980787885641 14
0001 0009 1711612718697 -16.25 -53.5 4.528311285838413 14
0001 0014 1711612718698 9.75 -68.0 2.043262409463674 14
0001 0005 1711612718698 3.25 -67.5 1.8346410223112268 14
0001 0006 1711612718698 -227.8125 -71.0 5.626641529964532 14
0001 0015 1711612718699 16.25 -56.0 1.3069516312785663 14
0001 0004 1711612718699 -19.5 -68.0 2.2886993355253766 14
0001 0010 1711612718699 9.75 -65.0 0.32520392703175593 14
0001 0001 1711612718700 97.625 -75.0 0.018407769454627694 14
0001 0010 1711612718700 3.25 -64.5 0.3865631585471816 14
0001 0015 1711612718701 39.0 -56.0 1.2701360923693108 14
0001 0008 1711612718702 0.0 -55.5 0.2699806186678728 14
0001 0011 1711612718702 -29.25 -56.0 1.564660403643354 14
0001 0014 1711612718702 35.75 -67.0 2.018718716857504 14
0001 0009 1711612718703 -6.5 -54.0 4.540583132141498 14
0001 0004 1711612718703 -68.3125 -67.0 2.356194490192345 14
0001 0005 1711612718703 -3.25 -67.0 1.9082721001297376 14
0001 0006 1711612718704 -61.8125 -71.5 5.166447293598839 14
0001 0001 1711612718704 -159.5 -75.5 0.3436116964863836 14
0001 0011 1711612718921 9.75 -56.0 1.509437095279471 14
0001 0008 1711612718921 -9.75 -55.5 0.3129320807286708 14
0001 0010 1711612718922 0.0 -65.0 0.34974761963792617 14
0001 0005 1711612718922 22.75 -67.5 1.846912868614312 14
0001 0006 1711612718922 -126.9375 -73.0 5.356660911296659 14
0001 0014 1711612718923 52.0625 -68.0 1.902136176978195 14
0001 0004 1711612718923 29.25 -67.5 2.282563412373834 14
0001 0009 1711612718923 22.75 -54.0 4.4976316700806995 14
0001 0015 1711612718924 -3.25 -56.0 1.3314953238847365 14
0001 0001 1711612718924 -27.625 -75.5 0.36815538909255385 14
0001 0009 1711612718924 19.5 -53.5 4.516039439535327 14
0001 0011 1711612718925 22.75 -55.5 1.5033011721279284 14
0001 0015 1711612718925 19.5 -56.0 1.3069516312785663 14
0001 0006 1711612718926 65.0625 -71.0 4.706253057233147 14
0001 0004 1711612718926 -87.875 -67.5 2.454369260617026 14
0001 0010 1711612718926 -65.0625 -65.0 0.4172427743048944 14
0001 0005 1711612718927 35.75 -67.0 1.748738098189631 14
0001 0008 1711612718927 -7.3125 -55.5 0.30066023442558565 14
0001 0014 1711612718927 -3.25 -68.0 2.000310947402876 14
0001 0001 1711612719001 -14.0 -75.5 0.3313398501832985 14
0001 0010 1711612719155 -29.25 -64.5 0.39269908169872414 14
0001 0006 1711612719155 -139.9375 -72.0 5.209398755659637 14
0001 0014 1711612719156 -91.125 -68.0 2.2334760271614935 14
0001 0011 1711612719156 0.0 -56.0 1.5278448647340985 14
0001 0009 1711612719156 -3.25 -54.0 4.534447208989955 14
0001 0005 1711612719157 61.8125 -66.5 1.6935147898257479 14
0001 0015 1711612719157 16.25 -56.0 1.3069516312785663 14
0001 0004 1711612719157 -3.25 -68.0 2.2334760271614935 14
0001 0008 1711612719158 9.75 -55.5 0.2699806186678728 14
0001 0001 1711612719158 74.8125 -73.5 0.04908738521234052 14
0001 0004 1711612719158 74.8125 -67.5 2.1230294104337273 14
0001 0014 1711612719159 -68.3125 -68.0 2.1475731030398975 14
0001 0008 1711612719159 13.8125 -55.5 0.2454369260617026 14
0001 0005 1711612719160 -3.25 -67.5 1.7978254834019713 14
0001 0015 1711612719160 -26.0 -56.0 1.3621749396424494 14
0001 0011 1711612719160 -32.5 -56.0 1.564660403643354 14
0001 0010 1711612719161 22.75 -64.5 0.2945243112740431 14
0001 0009 1711612719161 16.25 -54.0 4.473087977474529 14
0001 0006 1711612719161 61.8125 -72.0 4.792155981354743 14
0001 0001 1711612719251 -3.0 -75.5 0.23316507975861744 14
0001 0004 1711612719393 162.75 -68.0 1.9082721001297376 14
0001 0011 1711612719393 -19.5 -56.0 1.533980787885641 14
0001 0009 1711612719394 0.0 -53.5 4.485359823777615 14
0001 0008 1711612719394 3.25 -55.5 0.25770877236478773 14
0001 0010 1711612719395 -74.8125 -65.0 0.4663301595172349 14
0001 0014 1711612719395 39.0 -67.5 1.8960002538266525 14
0001 0015 1711612719395 -9.75 -56.0 1.3314953238847365 14
0001 0006 1711612719396 107.375 -71.0 4.963961829597935 14
0001 0005 1711612719396 169.25 -66.5 1.4726215563702154 14
0001 0001 1711612719396 84.625 -75.0 0.3620194659410113 14
0001 0005 1711612719397 120.4375 -67.0 1.6566992509164924 14
0001 0008 1711612719397 -10.5625 -55.0 0.25157284921324513 14
0001 0011 1711612719398 -3.25 -55.5 1.5033011721279284 14
0001 0004 1711612719398 -26.0 -67.5 2.2518837966161214 14
0001 0006 1711612719399 -130.1875 -70.5 5.123495831538041 14
0001 0009 1711612719399 6.5 -53.5 4.473087977474529 14
0001 0015 1711612719399 3.25 -56.0 1.3192234775816514 14
0001 0014 1711612719400 -22.75 -67.0 2.12916533358527 14
0001 0010 1711612719400 26.0 -65.0 0.3865631585471816 14
0001 0001 1711612719500 19.5 -75.0 3.3532820023180117 14
0001 0005 1711612719634 22.75 -68.0 1.8285050991596843 14
0001 0006 1711612719634 -55.3125 -71.5 5.301437602932776 14
0001 0008 1711612719635 -13.0 -55.5 0.2699806186678728 14
0001 0004 1711612719635 58.5625 -67.0 2.1659808724945253 14
0001 0014 1711612719635 136.6875 -67.5 1.8100973297050567 14
0001 0015 1711612719636 -3.25 -56.0 1.3314953238847365 14
0001 0010 1711612719636 -29.25 -65.5 0.46019423636569234 14
0001 0009 1711612719636 29.25 -54.0 4.405592822807561 14
0001 0011 1711612719637 -19.5 -56.0 1.521708941582556 14
0001 0001 1711612719637 2.4375 -76.0 0.3313398501832985 14
0001 0005 1711612719637 -39.0 -66.5 1.8837284075235674 14
0001 0010 1711612719638 -61.8125 -64.5 0.4908738521234052 14
0001 0015 1711612719639 -13.0 -56.0 1.3499030933393643 14
0001 0014 1711612719639 -13.0 -68.0 1.9819031779482483 14
0001 0008 1711612719639 -7.3125 -55.0 0.2699806186678728 14
0001 0004 1711612719640 -58.5625 -67.5 2.405281875404685 14
0001 0006 1711612719640 13.0 -71.5 5.0682725231741586 14
0001 0011 1711612719640 -13.0 -56.0 1.4848934026733007 14
0001 0009 1711612719641 16.25 -53.5 4.424000592262189 14
0001 0001 1711612719641 -309.1875 -75.0 0.5338253141842031 14
0001 0011 1711612719751 3.25 -56.0 1.4726215563702154 14
0001 0009 1711612719752 3.25 -54.0 4.430136515413731 14
0001 0004 1711612719752 6.5 -67.5 2.172116795646068 14
0001 0015 1711612719752 13.0 -56.0 1.325359400733194 14
0001 0008 1711612719753 0.0 -55.0 0.23930100291016002 14
0001 0005 1711612719753 -26.0 -66.5 1.9634954084936207 14
0001 0006 1711612719753 61.8125 -73.0 4.608078286808466 14
0001 0010 1711612719754 19.5 -64.5 0.37429131224409645 14
0001 0014 1711612719754 -100.875 -68.0 2.141437179888355 14
0001 0001 1711612719983 7.3125 -76.0 0.28225246497095796 14
0001 0015 1711612719983 9.75 -56.0 1.2946797849754812 14
0001 0004 1711612719984 94.375 -68.5 2.024854640009046 14
0001 0006 1711612719984 26.0 -70.5 4.853515212870168 14
0001 0014 1711612719984 -35.75 -67.5 2.012582793705961 14
0001 0008 1711612719985 6.5 -55.0 0.2270291566070749 14
0001 0010 1711612719985 -61.8125 -65.5 0.5890486225480862 14
0001 0009 1711612719985 9.75 -54.0 4.417864669110647 14
0001 0011 1711612719986 19.5 -56.0 1.4358060174609601 14
0001 0005 1711612719986 68.3125 -68.5 1.8162332528565992 14
0001 0001 1711612719987 83.8125 -75.0 0.05522330836388308 14
0001 0004 1711612719987 -107.375 -68.5 2.3439226438892597 14
0001 0010 1711612719988 35.75 -65.0 0.4295146206079795 14
0001 0009 1711612719988 9.75 -54.0 4.405592822807561 14
0001 0008 1711612719989 -24.375 -55.0 0.2638446955163303 14
0001 0005 1711612719989 -97.625 -68.0 1.9880391010997909 14
0001 0011 1711612719990 13.0 -56.0 1.4419419406125027 14
0001 0015 1711612719990 9.75 -56.0 1.3069516312785663 14
0001 0014 1711612719990 74.8125 -68.5 1.9082721001297376 14
0001 0006 1711612719991 -208.3125 -71.5 5.4671075280244255 14
0001 0001 1711612719991 -100.875 -72.0 0.2945243112740431 14
0001 0008 1711612720221 -6.5 -55.5 0.23930100291016002 14
0001 0004 1711612720221 87.875 -67.5 2.0371264863121317 14
0001 0005 1711612720221 -26.0 -67.5 1.9205439464328227 14
0001 0009 1711612720222 6.5 -53.5 4.399456899656019 14
0001 0015 1711612720222 3.25 -56.0 1.3192234775816514 14
0001 0011 1711612720222 -16.25 -56.0 1.4971652489763858 14
0001 0010 1711612720223 35.75 -65.0 0.4172427743048944 14
0001 0014 1711612720223 26.0 -68.0 1.9389517158874505 14
0001 0006 1711612720223 133.4375 -72.0 4.749204519293945 14
0001 0001 1711612720224 11.5625 -76.0 0.21475731030398976 14
0001 0008 1711612720224 -17.0625 -55.0 0.25157284921324513 14
0001 0006 1711612720224 266.875 -72.5 4.528311285838413 14
0001 0011 1711612720225 -32.5 -56.0 1.4971652489763858 14
0001 0015 1711612720225 -9.75 -56.0 1.337631247036279 14
0001 0005 1711612720225 -159.5 -67.5 2.0493983326152168 14
0001 0004 1711612720226 91.125 -68.0 1.9941750242513334 14
0001 0010 1711612720226 -61.8125 -65.0 0.4970097752749477 14
0001 0009 1711612720226 13.0 -54.0 4.3933209765044765 14
0001 0014 1711612720227 16.25 -67.5 2.000310947402876 14
0001 0001 1711612720461 7.875 -76.0 0.2454369260617026 14
0001 0008 1711612720461 -13.8125 -55.0 0.2454369260617026 14
0001 0010 1711612720461 29.25 -64.5 0.4295146206079795 14
0001 0014 1711612720461 29.25 -68.0 2.000310947402876 14
0001 0004 1711612720462 -87.875 -68.0 1.9266798695843652 14
0001 0009 1711612720462 3.25 -53.5 4.411728745959104 14
0001 0015 1711612720462 -6.5 -56.0 1.325359400733194 14
0001 0005 1711612720463 26.0 -68.0 1.7855536370988863 14
0001 0011 1711612720463 9.75 -56.0 1.4603497100671303 14
0001 0006 1711612720463 6.5 -71.5 4.81056375080937 14
0001 0001 1711612720464 58.5625 -71.5 0.14726215563702155 14
0001 0014 1711612720464 55.3125 -68.0 1.9082721001297376 14
0001 0006 1711612720464 -104.125 -72.0 4.9394181369917645 14
0001 0015 1711612720465 0.0 -56.0 1.3192234775816514 14
0001 0009 1711612720465 26.0 -54.0 4.368777283898306 14
0001 0004 1711612720465 0.0 -67.5 1.7732817907958012 14
0001 0011 1711612720466 3.25 -56.0 1.4726215563702154 14
0001 0008 1711612720466 6.5 -55.5 0.20248546400090464 14
0001 0010 1711612720466 35.75 -64.5 0.4172427743048944 14
0001 0005 1711612720467 -68.3125 -67.0 1.9819031779482483 14
0001 0001 1711612720467 74.8125 -73.5 0.22089323345553233 14
0001 0004 1711612720694 84.625 -68.0 1.6382914814618648 14
0001 0015 1711612720695 29.25 -55.5 1.2701360923693108 14
0001 0009 1711612720695 13.0 -54.0 4.405592822807561 14
0001 0008 1711612720695 9.75 -55.5 0.20248546400090464 14
0001 0014 1711612720696 205.0625 -68.0 1.6382914814618648 14
0001 0005 1711612720696 22.75 -67.5 1.8775924843720249 14
0001 0011 1711612720696 -13.0 -56.0 1.4848934026733007 14
0001 0006 1711612720696 35.75 -72.0 4.92714629068868 14
0001 0010 1711612720697 -39.0 -65.5 0.48473792897186263 14
0001 0001 1711612720697 15.4375 -75.5 0.2791845033951867 14
0001 0009 1711612720697 -9.75 -54.0 4.448544284868359 14
0001 0008 1711612720698 13.0 -55.5 0.2086213871524472 14
0001 0011 1711612720698 22.75 -56.0 1.4173982480063325 14
0001 0015 1711612720698 32.5 -56.0 1.2701360923693108 14
0001 0010 1711612720699 45.5625 -64.5 0.28838838812250056 14
0001 0004 1711612720699 61.8125 -67.5 1.7671458676442586 14
0001 0014 1711612720699 55.3125 -67.5 1.8039614065535141 14
0001 0006 1711612720700 117.125 -72.0 4.963961829597935 14
0001 0005 1711612720700 -182.25 -67.5 2.116893487282185 14
0001 0001 1711612720751 -18.6875 -75.0 0.25157284921324513 14
0001 0006 1711612720935 -81.375 -72.5 4.988505522204105 14
0001 0015 1711612720936 32.5 -55.5 1.3008157081270237 14
0001 0009 1711612720936 3.25 -54.0 4.4362724385652745 14
0001 0008 1711612720936 16.25 -55.5 0.21475731030398976 14
0001 0005 1711612720937 6.5 -67.0 1.8223691760081417 14
0001 0010 1711612720937 -39.0 -65.0 0.4540583132141498 14
0001 0014 1711612720937 107.375 -68.0 1.8100973297050567 14
0001 0011 1711612720937 3.25 -56.0 1.5155730184310134 14
0001 0004 1711612720938 55.3125 -67.5 1.7303303287350031 14
0001 0001 1711612720938 -3.0 -75.5 0.3436116964863836 14
0001 0015 1711612720938 3.25 -56.0 1.3314953238847365 14
0001 0009 1711612720939 9.75 -54.0 4.454680208019902 14
0001 0008 1711612720940 13.8125 -55.5 0.22089323345553233 14
0001 0014 1711612720940 68.3125 -68.0 1.9389517158874505 14
0001 0005 1711612720940 87.875 -68.0 1.705786636128833 14
0001 0004 1711612720941 35.75 -67.5 1.7426021750380885 14
0001 0011 1711612720941 -29.25 -56.0 1.5585244804918115 14
0001 0010 1711612720941 7.3125 -65.0 0.35588354278946877 14
0001 0006 1711612720942 -110.625 -71.0 5.399612373357457 14
0001 0001 1711612721001 -6.0625 -75.5 0.3190680038802134 14
0001 0009 1711612721192 19.5 -53.5 4.473087977474529 14
0001 0015 1711612721192 29.25 -56.0 1.2762720155208536 14
0001 0008 1711612721192 -3.25 -55.5 0.25157284921324513 14
0001 0005 1711612721192 -22.75 -67.0 1.945087639038993 14
0001 0004 1711612721193 13.0 -67.5 1.859184714917397 14
0001 0006 1711612721193 -315.6875 -70.5 5.5714182216006485 14
0001 0011 1711612721193 -19.5 -56.0 1.5585244804918115 14
0001 0014 1711612721194 -110.625 -68.0 2.12916533358527 14
0001 0010 1711612721194 -42.3125 -64.5 0.380427235395639 14
0001 0001 1711612721194 61.8125 -72.5 0.0859029241215959 14
0001 0010 1711612721195 -13.0 -65.0 0.32520392703175593 14
0001 0005 1711612721195 -55.3125 -67.0 2.012582793705961 14
0001 0004 1711612721196 -84.625 -67.5 2.055534255766759 14
0001 0011 1711612721196 26.0 -55.5 1.4971652489763858 14
0001 0006 1711612721197 58.5625 -71.0 4.914874444385594 14
0001 0008 1711612721197 3.25 -55.5 0.2454369260617026 14
0001 0015 1711612721198 6.5 -56.0 1.3130875544301088 14
0001 0009 1711612721198 3.25 -54.0 4.522175362686871 14
0001 0014 1711612721199 185.5 -68.5 1.6444274046134073 14
0001 0001 1711612721199 48.8125 -74.0 0.36815538909255385 14
0001 0014 1711612721419 -48.8125 -68.0 1.9205439464328227 14
0001 0008 1711612721419 -3.25 -55.5 0.28838838812250056 14
0001 0011 1711612721420 3.25 -55.5 1.521708941582556 14
0001 0005 1711612721420 42.3125 -67.5 1.7548740213411735 14
0001 0010 1711612721420 16.25 -65.0 0.35588354278946877 14
0001 0015 1711612721421 0.0 -56.0 1.3192234775816514 14
0001 0009 1711612721421 -9.75 -54.0 4.565126824747668 14
0001 0006 1711612721421 58.5625 -71.0 5.0253210611133605 14
0001 0001 1711612721422 208.3125 -74.5 6.270913460876501 14
0001 0004 1711612721422 198.5625 -68.5 1.5462526341887264 14
0001 0008 1711612721422 0.0 -55.5 0.28225246497095796 14
0001 0009 1711612721423 0.0 -54.0 4.552854978444583 14
0001 0005 1711612721423 52.0625 -67.0 1.6873788666742053 14
0001 0015 1711612721423 -19.5 -56.0 1.368310862793992 14
0001 0006 1711612721424 -71.5625 -70.0 5.049864753719531 14
0001 0014 1711612721424 120.4375 -68.5 1.761009944492716 14
0001 0011 1711612721424 3.25 -55.5 1.5278448647340985 14
0001 0010 1711612721425 22.75 -64.0 0.3129320807286708 14
0001 0004 1711612721425 94.375 -67.5 1.7241944055834606 14
0001 0001 1711612721497 -15.4375 -75.5 0.22089323345553233 14
