0000 0007 1710485550810 19.5 -57.5 2.6998061866787286 3
0000 0000 1710485550811 -35.75 -65.0 4.1601558967458585 3
0000 0005 1710485550811 22.75 -54.5 0.9633399347921826 3
0000 0008 1710485550811 -32.5 -69.5 4.6448938257177215 3
0000 0013 1710485550813 -0.4375 -73.0 0.7731263170943632 3
0000 0007 1710485550813 -13.0 -57.0 2.9697868053466014 3
0000 0000 1710485550814 30.875 -65.0 3.9944859716542096 3
0000 0008 1710485550814 -58.5625 -68.5 4.638757902566179 3
0000 0005 1710485550815 13.0 -54.0 1.055378782065321 3
0000 0004 1710485550815 74.8125 -64.0 5.424156065963627 3
0000 0006 1710485550816 -4.875 -72.5 4.884194828627882 3
0000 0013 1710485550817 1.8125 -72.5 3.9208548938356986 3
0000 0006 1710485550817 152.9375 -70.5 1.7241944055834606 3
0000 0008 1710485550817 0.0 -69.5 4.589670517353839 3
0000 0005 1710485550818 19.5 -54.5 1.0492428589137786 3
0000 0000 1710485550818 3.25 -65.5 4.09266074207889 3
0000 0004 1710485550819 -16.25 -63.5 5.565282298449106 3
0000 0007 1710485550822 -3.25 -58.0 2.9391071895888885 3
0000 0013 1710485551074 -4.875 -72.0 0.8344855486097889 3
0000 0007 1710485551075 48.8125 -57.5 2.791845033951867 3
0000 0005 1710485551075 16.25 -54.5 1.0185632431560658 3
0000 0004 1710485551076 -45.5625 -63.5 5.522330836388308 3
0000 0008 1710485551076 -9.75 -69.5 4.503767593232243 3
0000 0000 1710485551077 22.75 -65.5 4.006757817957295 3
0000 0006 1710485551077 -28.4375 -72.5 4.985437560628334 3
0000 0013 1710485551078 6.6875 -71.5 0.8344855486097889 3
0000 0007 1710485551078 3.25 -57.0 2.84706834231575 3
0000 0000 1710485551078 -65.0625 -65.5 4.135612204139688 3
0000 0008 1710485551079 45.5625 -70.0 4.362641360746763 3
0000 0004 1710485551079 -13.0 -63.0 5.491651220630596 3
0000 0005 1710485551080 22.75 -54.5 1.012427320004523 3
0000 0006 1710485551081 55.3125 -71.0 1.533980787885641 3
0000 0013 1710485551081 9.125 -71.5 3.8533597391687304 3
0000 0006 1710485551325 169.25 -72.0 1.5155730184310134 3
0000 0004 1710485551325 29.25 -63.0 5.418020142812084 3
0000 0007 1710485551325 3.25 -57.0 2.8532042654672924 3
0000 0005 1710485551326 -3.25 -54.5 1.0185632431560658 3
0000 0008 1710485551326 16.25 -69.0 4.491495746929157 3
0000 0000 1710485551327 -13.0 -66.0 4.025165587411922 3
0000 0013 1710485551327 6.6875 -71.5 0.7915340865489908 3
0000 0007 1710485551327 -16.25 -57.0 2.8654761117703775 3
0000 0000 1710485551328 -3.25 -65.5 3.902447124381071 3
0000 0013 1710485551328 -65.0625 -70.5 3.890175278077986 3
0000 0008 1710485551328 -3.25 -69.5 4.454680208019902 3
0000 0005 1710485551329 -13.0 -54.5 1.0062913968529805 3
0000 0004 1710485551329 -45.5625 -63.5 5.473243451175968 3
0000 0006 1710485551329 97.625 -71.0 1.6137477888556946 3
0000 0013 1710485551575 9.75 -69.5 4.01902966426038 3
0000 0005 1710485551575 -10.5625 -54.5 1.012427320004523 3
0000 0007 1710485551575 13.0 -57.5 2.834796496012665 3
0000 0004 1710485551576 -26.0 -63.0 5.387340527054372 3
0000 0000 1710485551576 13.0 -66.0 3.9515345095934116 3
0000 0008 1710485551576 -55.3125 -69.0 4.509903516383785 3
0000 0006 1710485551577 224.5625 -70.0 1.4603497100671303 3
0000 0006 1710485551577 146.4375 -71.5 1.6014759425526093 3
0000 0004 1710485551577 -39.0 -62.5 5.45483568172134 3
0000 0005 1710485551578 13.0 -54.5 0.9633399347921826 3
0000 0000 1710485551578 -16.25 -66.5 3.9208548938356986 3
0000 0008 1710485551578 -97.625 -69.0 4.589670517353839 3
0000 0013 1710485551579 74.8125 -70.5 3.9760782021995817 3
0000 0007 1710485551579 9.75 -57.5 2.804116880254952 3
0000 0000 1710485551806 -6.5 -66.5 3.9085830475326135 3
0000 0007 1710485551806 19.5 -57.0 2.736621725587984 3
0000 0013 1710485551806 -139.9375 -70.5 4.331961744989051 3
0000 0004 1710485551808 16.25 -63.0 5.381204603902829 3
0000 0006 1710485551808 42.3125 -71.5 1.533980787885641 3
0000 0005 1710485551808 35.75 -54.5 0.9081166264282996 3
0000 0008 1710485551809 -65.0625 -70.0 4.491495746929157 3
0000 0008 1710485551809 26.0 -70.5 4.246058820867455 3
0000 0005 1710485551809 13.0 -55.5 0.7240389318820226 3
0000 0007 1710485551810 32.5 -57.5 2.4605051837685683 3
0000 0004 1710485551810 9.75 -63.0 5.411884219660542 3
0000 0000 1710485551810 26.0 -66.5 3.8288160465625602 3
0000 0013 1710485551811 -149.6875 -71.0 4.479223900626073 3
0000 0006 1710485551811 126.9375 -72.0 1.6996507129772904 3
0000 0005 1710485551811 22.75 -55.5 0.5092816215780329 3
0000 0007 1710485551812 -6.5 -58.5 2.325514874434632 3
0000 0006 1710485551812 143.1875 -70.5 1.533980787885641 3
0000 0008 1710485551812 -16.25 -70.5 4.28287435977671 3
0000 0000 1710485551813 -3.25 -66.0 3.80427235395639 3
0000 0013 1710485551813 -45.5625 -70.5 4.264466590322082 3
0000 0004 1710485551814 -74.8125 -62.0 5.522330836388308 3
0000 0007 1710485552075 9.75 -58.5 2.1537090261914402 3
0000 0004 1710485552075 -71.5625 -62.5 5.516194913236766 3
0000 0005 1710485552076 29.25 -55.5 0.4356505437595221 3
0000 0013 1710485552076 -188.75 -69.0 4.516039439535327 3
0000 0000 1710485552076 35.75 -66.0 3.706097583531709 3
0000 0008 1710485552077 6.5 -70.5 4.4362724385652745 3
0000 0006 1710485552077 6.5 -70.0 1.662835174068035 3
0000 0008 1710485552077 -130.1875 -70.5 4.417864669110647 3
0000 0005 1710485552078 17.0625 -55.5 0.42337869745643697 3
0000 0004 1710485552078 -35.75 -62.5 5.516194913236766 3
0000 0007 1710485552078 -22.75 -58.5 2.2518837966161214 3
0000 0013 1710485552079 -26.0 -70.0 4.289010282928253 3
0000 0006 1710485552079 130.1875 -71.5 1.7671458676442586 3
0000 0000 1710485552079 -19.5 -66.5 3.718369429834794 3
0000 0005 1710485552334 24.375 -55.5 0.4479223900626072 3
0000 0000 1710485552334 -55.3125 -66.5 3.834951969714103 3
0000 0004 1710485552334 22.75 -62.0 5.45483568172134 3
0000 0007 1710485552335 -26.0 -58.5 2.3009711818284617 3
0000 0008 1710485552335 -48.8125 -72.0 4.338097668140593 3
0000 0006 1710485552335 35.75 -71.0 1.7732817907958012 3
0000 0013 1710485552336 -91.125 -68.0 4.0987966652304335 3
0000 0000 1710485552336 -107.375 -66.5 4.97623367590102 3
0000 0005 1710485552336 22.75 -56.0 0.803805932852076 3
0000 0007 1710485552337 16.25 -59.0 2.2457478734645786 3
0000 0006 1710485552337 84.625 -69.0 2.1537090261914402 3
0000 0008 1710485552337 -9.75 -66.0 4.853515212870168 3
0000 0004 1710485552338 6.5 -63.0 0.2270291566070749 3
0000 0013 1710485552338 0.0 -66.5 3.693825737228624 3
0000 0005 1710485552467 24.375 -61.5 1.662835174068035 3
0000 0013 1710485552468 -48.8125 -63.5 3.356349963893783 3
0000 0006 1710485552468 91.125 -69.5 4.025165587411922 3
0000 0008 1710485552468 0.0 -54.0 0.03681553890925539 3
0000 0000 1710485552469 32.5 -61.5 0.18407769454627693 3
0000 0004 1710485552469 -6.5 -61.0 2.804116880254952 3
0000 0007 1710485552469 -65.0625 -65.0 4.0128937411088375 3
0000 0015 1710485552470 0.0 -71.5 4.1172044346850605 3
0000 0010 1710485552470 1.8125 -72.0 0.14112623248547898 3
0000 0004 1710485552470 -9.75 -60.0 5.21553467881118 3
0000 0006 1710485552471 42.3125 -62.5 1.3867186322486196 3
0000 0007 1710485552471 55.3125 -55.5 1.2210487071569704 3
0000 0013 1710485552471 -13.0 -59.5 3.4913402732277192 3
0000 0005 1710485552472 -38.1875 -58.5 0.03681553890925539 3
0000 0012 1710485552472 -3.25 -67.0 1.552388557340269 3
0000 0009 1710485552472 45.5625 -64.0 3.767456815047135 3
0000 0008 1710485552474 52.0625 -60.5 2.0923497946760143 3
0000 0000 1710485552474 10.5625 -66.5 3.0372819600135696 3
0000 0015 1710485552474 74.8125 -69.5 1.0615147052168636 3
0000 0010 1710485552747 -0.25 -68.0 2.1966604882522383 3
0000 0002 1710485552747 -5.6875 -78.5 5.872078456026235 3
0000 0007 1710485552747 26.0 -64.5 6.22182607566416 3
0000 0000 1710485552748 -16.25 -64.0 0.5829126993965437 3
0000 0009 1710485552748 -41.5 -61.5 1.564660403643354 3
0000 0015 1710485552748 146.4375 -67.5 1.0921943209745766 3
0000 0010 1710485552749 -13.0 -59.5 2.9759227284981438 3
0000 0008 1710485552749 26.0 -55.5 1.2762720155208536 3
0000 0006 1710485552749 -16.25 -61.5 0.9326603190344698 3
0000 0005 1710485552750 24.375 -60.0 6.154330920997192 3
0000 0004 1710485552750 29.25 -59.5 4.859651136021712 3
0000 0012 1710485552751 -32.5 -67.5 3.6570101983193686 3
0000 0011 1710485552751 0.0 -70.5 4.945554060143307 3
0000 0003 1710485552751 0.0 -77.5 5.43029198911517 3
0000 0013 1710485552752 0.0 -73.0 5.6941366846315 3
0000 0013 1710485552752 94.375 -70.5 5.264622064023521 3
0000 0006 1710485552752 16.25 -64.0 5.663457068873787 3
0000 0007 1710485552753 152.9375 -70.0 0.02454369260617026 3
0000 0009 1710485552753 -52.0625 -67.0 0.5522330836388308 3
0000 0010 1710485552754 9.75 -53.0 6.111379458936394 3
0000 0014 1710485552754 -19.5 -62.5 2.8716120349219203 3
0000 0008 1710485552754 -22.75 -54.5 5.399612373357457 3
0000 0015 1710485552755 -65.0625 -66.0 0.2761165418194154 3
0000 0004 1710485552755 19.5 -58.0 1.6812429435226628 3
0000 0005 1710485552756 -13.0 -57.5 3.5036121195308043 3
0000 0000 1710485552756 6.5 -64.5 4.006757817957295 3
0000 0012 1710485552757 42.3125 -61.5 2.6261751088602177 3
0000 0011 1710485552823 4.875 -71.0 0.803805932852076 3
0000 0003 1710485552824 37.1875 -77.0 0.5829126993965437 3
0000 0012 1710485553013 6.5 -62.5 0.30679615757712825 3
0000 0008 1710485553013 3.25 -59.0 2.227340104009951 3
0000 0006 1710485553014 -6.5 -60.0 1.3437671701878218 3
0000 0009 1710485553014 -30.875 -54.0 3.466796580621549 3
0000 0000 1710485553014 -35.75 -65.0 5.780039608753096 3
0000 0005 1710485553015 9.75 -52.5 4.534447208989955 3
0000 0015 1710485553015 0.0 -65.0 0.0 3
0000 0007 1710485553015 65.0625 -60.0 1.5830681730979816 3
0000 0011 1710485553016 55.3125 -67.0 2.9022916506796332 3
0000 0004 1710485553016 -3.25 -57.0 3.1231848841351653 3
0000 0010 1710485553016 68.3125 -65.5 2.435961491162398 3
0000 0014 1710485553017 -9.75 -60.0 2.6998061866787286 3
0000 0013 1710485553017 13.0 -69.0 4.080388895775806 3
0000 0003 1710485553017 8.5 -76.5 1.2087768608538851 3
0000 0006 1710485553018 6.5 -60.5 1.846912868614312 3
0000 0004 1710485553018 3.25 -55.5 3.018874190558942 3
0000 0009 1710485553018 -30.875 -55.0 3.890175278077986 3
0000 0012 1710485553019 0.0 -65.5 0.28838838812250056 3
0000 0010 1710485553019 -52.0625 -70.5 4.466952054322987 3
0000 0015 1710485553019 -22.75 -66.0 6.264777537724958 3
0000 0014 1710485553020 0.0 -61.0 2.399145952253143 3
0000 0007 1710485553020 0.0 -61.5 2.356194490192345 3
0000 0005 1710485553020 -13.0 -53.0 4.129476280988146 3
0000 0000 1710485553021 -9.75 -65.0 4.95168998329485 3
0000 0008 1710485553021 16.25 -57.5 2.386874105950058 3
0000 0003 1710485553073 20.125 -77.5 0.7976700097005334 3
0000 0013 1710485553217 4.0625 -71.0 1.0369710126106935 3
0000 0011 1710485553218 -0.9375 -73.5 2.1782527187976104 3
0000 0001 1710485553218 -2.125 -78.0 2.2334760271614935 3
0000 0009 1710485553218 -13.8125 -55.0 4.276738436625168 3
0000 0015 1710485553218 -13.0 -65.5 6.270913460876501 3
0000 0005 1710485553219 -7.3125 -53.0 4.246058820867455 3
0000 0012 1710485553219 26.0 -63.5 0.8406214717613314 3
0000 0011 1710485553219 -52.0625 -70.5 5.381204603902829 3
0000 0007 1710485553220 -6.5 -61.0 2.2027964114037806 3
0000 0000 1710485553220 73.1875 -64.5 4.460816131171445 3
0000 0013 1710485553220 -74.8125 -70.0 4.319689898685965 3
0000 0008 1710485553221 -3.25 -57.0 2.497320722677824 3
0000 0006 1710485553221 3.25 -57.5 1.3069516312785663 3
0000 0014 1710485553221 3.25 -62.5 2.2334760271614935 3
0000 0004 1710485553222 -13.0 -53.5 2.1782527187976104 3
0000 0001 1710485553222 12.8125 -77.5 4.914874444385594 3
0000 0010 1710485553222 17.0625 -73.5 4.902602598082509 3
0000 0003 1710485553223 1.1875 -77.0 4.0128937411088375 3
0000 0015 1710485553324 -39.0 -66.0 0.1227184630308513 3
0000 0004 1710485553325 29.25 -53.5 1.6689710972195777 3
0000 0006 1710485553325 -22.75 -57.0 0.9081166264282996 3
0000 0009 1710485553325 -10.5625 -57.0 4.4362724385652745 3
0000 0012 1710485553326 -9.75 -62.0 1.1719613219446299 3
0000 0000 1710485553326 48.8125 -65.0 4.313553975534423 3
0000 0013 1710485553326 -55.3125 -65.0 5.190990986205009 3
0000 0010 1710485553327 -61.8125 -68.5 5.411884219660542 3
0000 0005 1710485553327 19.5 -53.5 4.123340357836604 3
0000 0008 1710485553327 9.75 -57.5 2.4175537217077703 3
0000 0011 1710485553328 -6.5 -65.5 5.583690067903734 3
0000 0007 1710485553328 22.75 -60.5 1.859184714917397 3
0000 0014 1710485553328 -22.75 -63.0 2.3623304133438876 3
0000 0001 1710485553465 18.25 -77.0 1.5155730184310134 3
0000 0003 1710485553465 -10.625 -78.0 1.0615147052168636 3
0000 0006 1710485553466 -9.75 -57.0 0.7485826244881929 3
0000 0011 1710485553466 -71.5625 -64.5 6.031612457966341 3
0000 0012 1710485553466 26.0 -60.0 1.423534171157875 3
0000 0000 1710485553467 -29.25 -65.0 4.23378697456437 3
0000 0015 1710485553467 -104.125 -66.0 0.3190680038802134 3
0000 0008 1710485553467 -16.25 -57.5 2.448233337465483 3
0000 0004 1710485553468 19.5 -54.0 1.5278448647340985 3
0000 0010 1710485553468 -61.8125 -62.5 5.313709449235861 3
0000 0009 1710485553468 22.75 -58.0 4.577398671050753 3
0000 0005 1710485553469 -3.25 -54.5 3.9822141253511245 3
0000 0014 1710485553469 9.75 -62.5 2.2641556429192065 3
0000 0013 1710485553469 0.0 -64.5 5.178719139901925 3
0000 0007 1710485553470 22.75 -61.0 1.7732817907958012 3
0000 0001 1710485553470 23.75 -76.5 4.479223900626073 3
0000 0003 1710485553470 -12.8125 -78.0 0.7547185476397354 3
0000 0004 1710485553574 9.75 -54.0 1.3621749396424494 3
0000 0010 1710485553575 22.75 -61.5 4.933282213840222 3
0000 0012 1710485553575 -55.3125 -59.5 1.6321555583103222 3
0000 0009 1710485553575 -34.9375 -58.0 4.71238898038469 3
0000 0007 1710485553576 3.25 -61.5 1.748738098189631 3
0000 0011 1710485553576 52.0625 -66.0 5.884350302329319 3
0000 0013 1710485553576 -65.0625 -64.0 5.258486140871978 3
0000 0005 1710485553577 -27.625 -55.0 3.9576704327449543 3
0000 0008 1710485553577 6.5 -57.5 2.36846633649543 3
0000 0006 1710485553577 9.75 -57.5 0.4663301595172349 3
0000 0014 1710485553578 -22.75 -63.0 2.380738182798515 3
0000 0015 1710485553578 -45.5625 -66.5 0.22089323345553233 3
0000 0000 1710485553578 -114.6875 -65.5 4.227651051412827 3
0000 0001 1710485553713 9.75 -77.0 1.509437095279471 3
0000 0003 1710485553714 0.0 -77.5 0.5399612373357456 3
0000 0004 1710485553714 6.5 -54.0 1.239456476611598 3
0000 0007 1710485553714 -35.75 -61.5 1.748738098189631 3
0000 0006 1710485553715 26.0 -57.0 0.36815538909255385 3
0000 0012 1710485553715 3.25 -59.5 1.552388557340269 3
0000 0015 1710485553715 -78.0625 -66.5 0.3190680038802134 3
0000 0010 1710485553716 -26.0 -61.5 4.908738521234052 3
0000 0009 1710485553716 -62.625 -58.0 4.755340442445488 3
0000 0005 1710485553716 3.25 -54.5 3.773592738198677 3
0000 0013 1710485553717 0.0 -64.5 5.148039524144211 3
0000 0011 1710485553717 16.25 -65.5 5.853670686571607 3
0000 0008 1710485553717 -6.5 -57.5 2.2886993355253766 3
0000 0000 1710485553718 41.5 -65.5 3.933126740138784 3
0000 0014 1710485553718 61.8125 -63.0 2.2089323345553233 3
0000 0001 1710485553718 -10.9375 -77.0 1.521708941582556 3
0000 0003 1710485553824 1.8125 -78.5 0.4724660826687775 3
0000 0005 1710485553825 10.5625 -54.5 3.724505352986337 3
0000 0015 1710485553825 -45.5625 -66.5 0.25157284921324513 3
0000 0000 1710485553825 3.25 -65.5 4.006757817957295 3
0000 0007 1710485553826 -19.5 -61.5 1.6260196351587797 3
0000 0006 1710485553826 9.75 -57.0 0.4172427743048944 3
0000 0012 1710485553826 -3.25 -59.5 1.552388557340269 3
0000 0009 1710485553827 -45.5625 -58.0 4.663301595172349 3
0000 0004 1710485553827 0.0 -53.5 1.2578642460662257 3
0000 0014 1710485553827 -13.0 -63.0 2.3316507975861747 3
0000 0010 1710485553828 -39.0 -61.5 4.9394181369917645 3
0000 0008 1710485553828 13.0 -57.5 2.1659808724945253 3
0000 0011 1710485553828 -87.875 -65.0 5.822991070813893 3
0000 0013 1710485553829 -22.75 -64.0 5.252350217720435 3
0000 0001 1710485553987 10.9375 -77.0 1.3928545554001621 3
0000 0003 1710485553987 -15.25 -77.0 0.5276893910326605 3
0000 0009 1710485553987 -3.25 -58.0 4.552854978444583 3
0000 0000 1710485553988 -38.1875 -65.5 3.988350048502667 3
0000 0007 1710485553988 35.75 -61.5 1.521708941582556 3
0000 0005 1710485553988 16.25 -54.5 3.6815538909255388 3
0000 0008 1710485553989 9.75 -57.0 2.184388641949153 3
0000 0006 1710485553989 19.5 -57.5 0.3374757733348411 3
0000 0015 1710485553989 58.5625 -66.0 0.11044661672776616 3
0000 0013 1710485553990 22.75 -64.5 5.129631754689584 3
0000 0004 1710485553990 26.0 -54.0 1.1351457830353744 3
0000 0012 1710485553990 3.25 -59.5 1.552388557340269 3
0000 0011 1710485553991 19.5 -65.5 5.706408530934585 3
0000 0010 1710485553991 35.75 -62.0 4.7307967498393175 3
0000 0014 1710485553991 6.5 -63.0 2.2886993355253766 3
0000 0003 1710485553992 18.25 -76.5 0.30679615757712825 3
0000 0001 1710485553992 -21.3125 -77.0 1.533980787885641 3
0000 0015 1710485554222 -9.75 -66.5 0.25157284921324513 3
0000 0005 1710485554222 -6.5 -54.5 3.7122335066832517 3
0000 0010 1710485554223 -65.0625 -62.0 4.914874444385594 3
0000 0007 1710485554223 22.75 -61.5 1.521708941582556 3
0000 0006 1710485554223 -19.5 -57.5 0.3988350048502667 3
0000 0004 1710485554224 6.5 -54.0 1.1596894756415448 3
0000 0011 1710485554224 58.5625 -65.5 5.583690067903734 3
0000 0009 1710485554224 0.0 -57.5 4.522175362686871 3
0000 0012 1710485554225 22.75 -60.0 1.4910293258248433 3
0000 0000 1710485554225 -39.0 -64.5 4.025165587411922 3
0000 0008 1710485554226 -6.5 -57.0 2.2212041808584084 3
0000 0014 1710485554226 58.5625 -63.5 2.2212041808584084 3
0000 0013 1710485554227 -52.0625 -64.0 5.289165756629691 3
0000 0001 1710485554227 -5.4375 -76.5 1.509437095279471 3
0000 0003 1710485554227 7.875 -77.0 0.4111068511533518 3
0000 0008 1710485554228 6.5 -57.0 2.2212041808584084 3
0000 0013 1710485554228 -104.125 -64.0 5.258486140871978 3
0000 0010 1710485554229 -52.0625 -61.0 4.921010367537137 3
0000 0014 1710485554229 32.5 -62.5 2.2641556429192065 3
0000 0000 1710485554229 -24.375 -65.0 4.074252972624263 3
0000 0006 1710485554229 9.75 -57.5 0.32520392703175593 3
0000 0011 1710485554230 -65.0625 -66.5 5.749359992995383 3
0000 0005 1710485554230 -29.25 -54.5 3.7551849687440497 3
0000 0015 1710485554230 42.3125 -65.5 0.1349903093339364 3
0000 0004 1710485554231 19.5 -54.0 1.1780972450961724 3
0000 0007 1710485554232 45.5625 -61.0 1.423534171157875 3
0000 0012 1710485554232 29.25 -59.5 1.5155730184310134 3
0000 0009 1710485554232 -10.5625 -57.5 4.558990901596125 3
0000 0001 1710485554323 -1.8125 -76.5 4.571262747899211 3
0000 0003 1710485554323 -7.3125 -77.0 0.4724660826687775 3
0000 0000 1710485554482 -27.625 -64.5 4.080388895775806 3
0000 0009 1710485554483 -34.9375 -57.0 4.571262747899211 3
0000 0008 1710485554483 -19.5 -56.5 2.2886993355253766 3
0000 0005 1710485554483 13.0 -54.5 3.650874275167826 3
0000 0004 1710485554484 -3.25 -54.0 1.282407938672396 3
0000 0006 1710485554484 -6.5 -57.5 0.46019423636569234 3
0000 0012 1710485554484 39.0 -59.5 1.509437095279471 3
0000 0013 1710485554485 -3.25 -64.0 5.123495831538041 3
0000 0014 1710485554485 104.125 -63.5 2.1782527187976104 3
0000 0010 1710485554485 -29.25 -62.0 4.963961829597935 3
0000 0015 1710485554485 -22.75 -66.5 0.21475731030398976 3
0000 0007 1710485554486 -13.0 -61.5 1.4542137869155878 3
0000 0011 1710485554486 -9.75 -66.5 5.608233760509904 3
0000 0001 1710485554487 -3.625 -76.5 4.884194828627882 3
0000 0003 1710485554487 -0.5625 -77.5 0.4295146206079795 3
0000 0015 1710485554487 19.5 -65.5 0.11044661672776616 3
0000 0000 1710485554488 -21.125 -64.0 3.810408277107933 3
0000 0014 1710485554488 13.0 -63.0 2.012582793705961 3
0000 0006 1710485554488 -3.25 -57.5 0.5460971604872883 3
0000 0005 1710485554489 -26.0 -54.5 3.706097583531709 3
0000 0004 1710485554489 26.0 -54.0 1.337631247036279 3
0000 0007 1710485554489 16.25 -61.5 1.552388557340269 3
0000 0009 1710485554490 -10.5625 -57.0 4.626486056263094 3
0000 0011 1710485554490 -39.0 -65.5 5.884350302329319 3
0000 0010 1710485554491 42.3125 -61.5 5.080544369477243 3
0000 0008 1710485554491 -16.25 -56.0 2.6998061866787286 3
0000 0012 1710485554491 -32.5 -59.0 1.7794177139473437 3
0000 0013 1710485554492 78.0625 -64.5 4.963961829597935 3
0000 0001 1710485554573 -7.3125 -76.5 4.9823695990525625 3
0000 0003 1710485554574 28.0625 -77.5 0.34974761963792617 3
0000 0004 1710485554753 3.25 -54.0 1.41126232485479 3
0000 0012 1710485554753 42.3125 -59.0 1.6935147898257479 3
0000 0006 1710485554754 22.75 -57.5 0.5645049299419159 3
0000 0015 1710485554754 39.0 -66.5 0.09817477042468103 3
0000 0008 1710485554754 26.0 -56.0 2.705942109830271 3
0000 0005 1710485554755 -55.3125 -55.0 3.8288160465625602 3
0000 0000 1710485554755 -52.0625 -64.5 3.933126740138784 3
0000 0010 1710485554755 48.8125 -61.0 5.2339424482658075 3
0000 0014 1710485554756 -9.75 -63.0 1.9880391010997909 3
0000 0013 1710485554757 -9.75 -64.0 5.123495831538041 3
0000 0009 1710485554757 -13.8125 -57.5 4.657165672020807 3
0000 0011 1710485554758 6.5 -65.5 5.878214379177777 3
0000 0007 1710485554758 3.25 -61.0 1.662835174068035 3
0000 0001 1710485554758 149.6875 -74.5 4.626486056263094 3
0000 0003 1710485554759 15.8125 -77.0 0.5399612373357456 3
0000 0014 1710485554759 39.0 -63.0 1.902136176978195 3
0000 0009 1710485554759 -59.375 -57.0 4.73693267299086 3
0000 0012 1710485554760 42.3125 -59.0 1.718058482431918 3
0000 0008 1710485554760 -9.75 -56.0 2.816388726558037 3
0000 0004 1710485554760 3.25 -54.0 1.4480778637640452 3
0000 0015 1710485554761 -45.5625 -65.5 0.2086213871524472 3
0000 0010 1710485554761 6.5 -61.5 5.344389064993574 3
0000 0006 1710485554761 -19.5 -57.5 0.7117670855789375 3
0000 0013 1710485554762 -13.0 -64.5 5.141903600992669 3
0000 0007 1710485554763 -39.0 -61.0 1.8837284075235674 3
0000 0011 1710485554763 -13.0 -65.5 5.994796919057086 3
0000 0005 1710485554763 -26.0 -55.0 3.8840393549264434 3
0000 0000 1710485554764 24.375 -64.5 3.902447124381071 3
0000 0001 1710485554764 -29.25 -74.0 5.019185137961818 3
0000 0003 1710485554823 7.3125 -76.5 0.5338253141842031 3
0000 0009 1710485555005 -3.25 -57.0 4.700117134081604 3
0000 0008 1710485555005 -6.5 -55.5 2.82252464970958 3
0000 0004 1710485555005 13.0 -54.0 1.4419419406125027 3
0000 0015 1710485555005 -22.75 -66.0 0.18407769454627693 3
0000 0014 1710485555006 39.0 -62.5 1.932815792735908 3
0000 0010 1710485555006 -26.0 -61.5 5.448699758569798 3
0000 0000 1710485555006 -10.5625 -64.5 3.9699422790480394 3
0000 0013 1710485555007 0.0 -63.5 5.209398755659637 3
0000 0011 1710485555007 -65.0625 -66.5 6.191146459906448 3
0000 0006 1710485555007 -22.75 -57.5 0.7301748550335652 3
0000 0005 1710485555008 -3.25 -54.5 3.8840393549264434 3
0000 0001 1710485555008 182.25 -76.0 4.583534594202296 3
0000 0012 1710485555008 61.8125 -59.0 1.6996507129772904 3
0000 0007 1710485555009 13.0 -60.5 1.8407769454627694 3
0000 0003 1710485555009 23.1875 -77.0 0.4663301595172349 3
0000 0013 1710485555009 6.5 -63.5 5.21553467881118 3
0000 0012 1710485555010 48.8125 -59.0 1.705786636128833 3
0000 0007 1710485555010 3.25 -60.5 1.8346410223112268 3
0000 0011 1710485555010 -48.8125 -65.5 6.105243535784852 3
0000 0010 1710485555011 9.75 -61.0 5.473243451175968 3
0000 0005 1710485555011 -7.3125 -54.5 3.9085830475326135 3
0000 0009 1710485555011 -27.625 -57.0 4.767612288748572 3
0000 0006 1710485555012 -22.75 -57.5 0.705631162427395 3
0000 0015 1710485555012 -71.5625 -66.0 0.20248546400090464 3
0000 0004 1710485555013 13.0 -54.0 1.423534171157875 3
0000 0008 1710485555013 9.75 -55.5 2.8286605728611223 3
0000 0014 1710485555013 -35.75 -63.0 1.945087639038993 3
0000 0000 1710485555014 -10.5625 -65.0 3.9699422790480394 3
0000 0001 1710485555014 -218.0625 -74.0 5.338253141842031 3
0000 0003 1710485555073 -2.4375 -76.5 0.5829126993965437 3
0000 0009 1710485555246 3.25 -57.5 4.749204519293945 3
0000 0000 1710485555247 -100.875 -65.0 4.080388895775806 3
0000 0004 1710485555247 13.0 -54.0 1.4296700943094176 3
0000 0014 1710485555247 32.5 -64.0 1.9696313316451632 3
0000 0005 1710485555247 -16.25 -54.5 3.9269908169872414 3
0000 0008 1710485555248 19.5 -55.5 2.8409324191642074 3
0000 0006 1710485555248 19.5 -57.5 0.6565437772150544 3
0000 0010 1710485555248 -13.0 -60.5 5.553010452146021 3
0000 0015 1710485555249 -9.75 -66.0 0.18407769454627693 3
0000 0012 1710485555250 29.25 -58.5 1.7732817907958012 3
0000 0007 1710485555250 -35.75 -60.5 1.9266798695843652 3
0000 0013 1710485555251 -61.8125 -64.0 5.405748296509 3
0000 0011 1710485555251 -61.8125 -66.0 6.12365130523948 3
0000 0001 1710485555251 179.0 -74.0 4.755340442445488 3
0000 0003 1710485555252 -9.125 -76.5 0.7792622402459057 3
0000 0015 1710485555252 -42.3125 -65.5 0.22089323345553233 3
0000 0007 1710485555252 -22.75 -60.0 1.9512235621905356 3
0000 0009 1710485555253 -52.0625 -57.5 4.859651136021712 3
0000 0011 1710485555253 -94.375 -66.0 6.154330920997192 3
0000 0006 1710485555253 3.25 -57.5 0.6504078540635119 3
0000 0014 1710485555253 74.8125 -63.0 1.8223691760081417 3
0000 0010 1710485555254 -29.25 -61.5 5.50392306693368 3
0000 0005 1710485555254 -27.625 -54.5 4.000621894805752 3
0000 0013 1710485555254 3.25 -63.5 5.264622064023521 3
0000 0000 1710485555255 -24.375 -64.5 4.031301510563465 3
0000 0008 1710485555256 -3.25 -56.0 2.9084275738311756 3
0000 0012 1710485555256 10.5625 -58.5 1.7916895602504288 3
0000 0004 1710485555256 6.5 -54.0 1.4358060174609601 3
0000 0001 1710485555257 110.625 -73.0 4.884194828627882 3
0000 0003 1710485555257 240.875 -75.0 0.3865631585471816 3
0000 0010 1710485555486 -9.75 -61.0 5.559146375297564 3
0000 0001 1710485555486 61.8125 -74.0 4.9394181369917645 3
0000 0000 1710485555486 0.0 -65.0 4.049709280018092 3
0000 0004 1710485555487 16.25 -54.0 1.4173982480063325 3
0000 0006 1710485555487 35.75 -58.0 0.6442719309119693 3
0000 0008 1710485555487 6.5 -56.0 2.8838838812250054 3
0000 0009 1710485555488 -24.375 -57.5 4.921010367537137 3
0000 0011 1710485555488 -104.125 -65.5 6.22182607566416 3
0000 0012 1710485555488 26.0 -58.5 1.7978254834019713 3
0000 0007 1710485555489 84.625 -60.0 1.88986433067511 3
0000 0014 1710485555489 45.5625 -63.5 1.88986433067511 3
0000 0005 1710485555489 0.0 -54.0 3.9760782021995817 3
0000 0013 1710485555490 39.0 -63.0 5.295301679781233 3
0000 0015 1710485555490 19.5 -66.0 0.14726215563702155 3
0000 0003 1710485555490 152.9375 -74.5 0.16566992509164924 3
0000 0015 1710485555491 -9.75 -66.0 0.23316507975861744 3
0000 0000 1710485555491 -93.5625 -64.5 4.123340357836604 3
0000 0005 1710485555491 -3.25 -54.0 3.9822141253511245 3
0000 0013 1710485555492 3.25 -63.0 5.418020142812084 3
0000 0012 1710485555492 -13.0 -58.5 1.8530487917658545 3
0000 0008 1710485555492 -19.5 -56.5 2.9636508821950587 3
0000 0011 1710485555493 -32.5 -65.0 6.105243535784852 3
0000 0007 1710485555493 -3.25 -60.0 1.9634954084936207 3
0000 0006 1710485555493 9.75 -57.5 0.7301748550335652 3
0000 0004 1710485555493 19.5 -54.0 1.4173982480063325 3
0000 0010 1710485555494 16.25 -61.0 5.589825991055276 3
0000 0014 1710485555494 71.5625 -63.5 1.8223691760081417 3
0000 0009 1710485555494 3.25 -57.5 4.878058905476339 3
0000 0001 1710485555495 -78.0625 -73.5 5.197126909356553 3
0000 0003 1710485555570 2.4375 -76.0 0.7853981633974483 3
