0000 0006 1710485622148 205.0625 -70.5 1.9082721001297376 3
0000 0007 1710485622148 0.0 -59.0 1.521708941582556 3
0000 0000 1710485622149 -39.0 -65.5 4.399456899656019 3
0000 0006 1710485622149 58.5625 -70.5 1.9880391010997909 3
0000 0004 1710485622150 3.25 -63.5 0.11044661672776616 3
0000 0008 1710485622150 -9.75 -72.5 4.387185053352934 3
0000 0007 1710485622150 13.0 -59.5 1.5155730184310134 3
0000 0005 1710485622151 21.125 -56.0 1.3867186322486196 3
0000 0000 1710485622151 -26.0 -65.5 4.3503695144436785 3
0000 0005 1710485622151 16.25 -55.5 1.4173982480063325 3
0000 0007 1710485622152 22.75 -59.5 1.5401167110371838 3
0000 0004 1710485622152 9.75 -64.0 0.04908738521234052 3
0000 0006 1710485622153 -159.5 -69.5 2.6139032625571326 3
0000 0008 1710485622154 -126.9375 -71.0 4.601942363656923 3
0000 0007 1710485622398 9.75 -59.5 1.521708941582556 3
0000 0008 1710485622398 -48.8125 -73.0 4.509903516383785 3
0000 0000 1710485622399 -65.0625 -65.5 4.473087977474529 3
0000 0005 1710485622399 27.625 -56.0 1.368310862793992 3
0000 0004 1710485622399 -19.5 -64.0 0.07363107781851078 3
0000 0006 1710485622399 123.6875 -70.0 1.9941750242513334 3
0000 0004 1710485622400 -65.0625 -63.5 0.11044661672776616 3
0000 0000 1710485622400 -3.25 -65.5 4.387185053352934 3
0000 0008 1710485622400 -234.3125 -72.0 4.681709364626977 3
0000 0006 1710485622401 42.3125 -68.5 2.2457478734645786 3
0000 0007 1710485622401 -9.75 -59.5 1.5585244804918115 3
0000 0005 1710485622401 21.125 -56.0 1.380582709097077 3
0000 0004 1710485622639 0.0 -63.5 0.018407769454627694 3
0000 0007 1710485622639 -3.25 -59.0 1.564660403643354 3
0000 0005 1710485622639 26.0 -56.0 1.3989904785517047 3
0000 0008 1710485622639 42.3125 -72.0 4.301282129231338 3
0000 0000 1710485622640 -34.9375 -66.5 4.331961744989051 3
0000 0006 1710485622640 -55.3125 -69.5 2.356194490192345 3
0000 0006 1710485622640 91.125 -70.0 2.1966604882522383 3
0000 0000 1710485622641 6.5 -66.5 4.3503695144436785 3
0000 0004 1710485622641 9.75 -63.5 0.06135923151542565 3
0000 0008 1710485622641 -179.0 -72.5 4.516039439535327 3
0000 0007 1710485622642 6.5 -59.0 1.5401167110371838 3
0000 0005 1710485622642 30.875 -55.5 1.3867186322486196 3
0000 0000 1710485622868 -24.375 -66.0 4.399456899656019 3
0000 0006 1710485622869 -9.75 -69.0 2.448233337465483 3
0000 0008 1710485622869 61.8125 -72.0 4.23378697456437 3
0000 0005 1710485622869 -3.25 -56.0 1.4603497100671303 3
0000 0004 1710485622869 -48.8125 -63.5 0.12885438618239387 3
0000 0007 1710485622870 6.5 -59.0 1.5278448647340985 3
0000 0008 1710485622870 26.0 -71.0 4.2092432819582 3
0000 0007 1710485622870 3.25 -59.5 1.4971652489763858 3
0000 0005 1710485622871 21.125 -56.0 1.4419419406125027 3
0000 0006 1710485622871 -152.9375 -69.5 2.693670263527186 3
0000 0000 1710485622871 58.5625 -66.5 4.338097668140593 3
0000 0004 1710485622872 26.0 -63.5 0.05522330836388308 3
0000 0000 1710485622873 30.875 -65.5 4.338097668140593 3
0000 0005 1710485622873 7.3125 -56.0 1.4726215563702154 3
0000 0004 1710485622873 -26.0 -64.0 0.1349903093339364 3
0000 0006 1710485622873 -71.5625 -70.5 2.6568547246179306 3
0000 0007 1710485622874 0.0 -59.5 1.521708941582556 3
0000 0008 1710485622874 -48.8125 -72.0 4.430136515413731 3
0000 0006 1710485623157 71.5625 -69.5 2.2089323345553233 3
0000 0005 1710485623157 0.0 -56.5 1.4848934026733007 3
0000 0000 1710485623158 19.5 -65.5 4.289010282928253 3
0000 0007 1710485623158 32.5 -60.0 1.4664856332186729 3
0000 0004 1710485623158 -26.0 -64.0 0.11044661672776616 3
0000 0008 1710485623159 -84.625 -73.0 4.454680208019902 3
0000 0006 1710485623159 -42.3125 -69.5 2.466641106920111 3
0000 0000 1710485623159 61.8125 -66.0 4.270602513473625 3
0000 0007 1710485623160 19.5 -59.5 1.5033011721279284 3
0000 0004 1710485623160 13.0 -64.0 0.11658253987930872 3
0000 0005 1710485623161 24.375 -56.0 1.4480778637640452 3
0000 0008 1710485623161 -94.375 -75.0 4.166291819897402 3
0000 0000 1710485623398 26.0 -65.0 4.405592822807561 3
0000 0007 1710485623398 -16.25 -59.5 1.521708941582556 3
0000 0006 1710485623398 -58.5625 -70.0 2.5770877236478773 3
0000 0004 1710485623399 55.3125 -63.5 0.07363107781851078 3
0000 0005 1710485623399 13.0 -56.5 1.4726215563702154 3
0000 0008 1710485623399 -70.75 -75.0 4.335029706564822 3
0000 0004 1710485623400 -16.25 -63.5 0.1227184630308513 3
0000 0006 1710485623400 48.8125 -69.5 2.2641556429192065 3
0000 0007 1710485623400 3.25 -59.5 1.509437095279471 3
0000 0005 1710485623400 34.9375 -56.5 1.4358060174609601 3
0000 0000 1710485623401 113.875 -66.0 4.215379205109742 3
0000 0008 1710485623401 0.0 -76.0 1.3314953238847365 3
0000 0006 1710485623633 -192.0 -70.0 2.6813984172241008 3
0000 0000 1710485623634 3.25 -65.5 4.411728745959104 3
0000 0004 1710485623634 9.75 -64.0 0.04295146206079795 3
0000 0005 1710485623634 -13.0 -56.5 1.5033011721279284 3
0000 0007 1710485623635 16.25 -59.5 1.4726215563702154 3
0000 0008 1710485623635 5.6875 -75.5 1.1382137446111458 3
0000 0006 1710485623635 172.5 -69.5 2.2150682577068657 3
0000 0000 1710485623636 -16.25 -65.0 4.430136515413731 3
0000 0007 1710485623636 3.25 -59.5 1.4726215563702154 3
0000 0004 1710485623636 35.75 -63.5 0.09203884727313846 3
0000 0005 1710485623636 19.5 -56.5 1.4664856332186729 3
0000 0008 1710485623637 20.75 -76.0 4.178563666200486 3
0000 0005 1710485623637 0.0 -56.5 1.5278448647340985 3
0000 0007 1710485623638 13.0 -60.0 1.423534171157875 3
0000 0006 1710485623638 -172.5 -71.0 2.5770877236478773 3
0000 0000 1710485623638 -3.25 -65.0 4.528311285838413 3
0000 0004 1710485623639 9.75 -63.0 0.15339807878856412 3
0000 0008 1710485623878 7.3125 -76.0 1.043106935762236 3
0000 0006 1710485623879 9.75 -69.0 2.6691265709210157 3
0000 0004 1710485623879 16.25 -63.0 0.8774370106705868 3
0000 0007 1710485623879 16.25 -58.0 1.5462526341887264 3
0000 0005 1710485623879 -24.375 -55.0 1.8223691760081417 3
0000 0000 1710485623880 -26.0 -66.5 5.448699758569798 3
0000 0008 1710485623880 -26.0 -66.5 5.460971604872882 3
0000 0010 1710485623880 3.6875 -72.0 5.71868037723767 3
0000 0013 1710485623881 -0.625 -73.0 4.1417481272912315 3
0000 0008 1710485623881 -6.5 -53.0 0.8160777791551611 3
0000 0000 1710485623881 45.5625 -60.5 1.1474176293384597 3
0000 0005 1710485623882 -3.25 -68.5 4.049709280018092 3
0000 0007 1710485623882 19.5 -65.0 3.2949907323783574 3
0000 0004 1710485623882 16.25 -58.5 3.6324665057131984 3
0000 0006 1710485623883 -104.125 -71.0 5.43029198911517 3
0000 0013 1710485623883 22.75 -69.5 4.000621894805752 3
0000 0010 1710485624097 -9.125 -71.5 0.7363107781851077 3
0000 0009 1710485624097 5.9375 -70.0 6.215690152512618 3
0000 0009 1710485624098 -21.125 -60.5 4.104932588381976 3
0000 0005 1710485624098 22.75 -57.0 1.2210487071569704 3
0000 0000 1710485624098 87.875 -69.5 4.681709364626977 3
0000 0007 1710485624099 13.0 -53.0 1.0737865515199487 3
0000 0006 1710485624100 -22.75 -64.0 3.215223731408304 3
0000 0004 1710485624100 -52.0625 -61.0 6.234097921967246 3
0000 0013 1710485624100 19.5 -64.0 3.442252888015379 3
0000 0008 1710485624101 -55.3125 -66.5 5.325981295538946 3
0000 0011 1710485624101 35.75 -69.5 2.3193789512830896 3
0000 0003 1710485624101 -18.875 -77.5 6.086835766330224 3
0000 0015 1710485624102 -6.6875 -71.5 1.012427320004523 3
0000 0010 1710485624102 0.5625 -66.0 5.141903600992669 3
0000 0012 1710485624102 4.875 -69.0 1.5401167110371838 3
0000 0002 1710485624103 13.25 -78.5 6.050020227420969 3
0000 0011 1710485624399 4.25 -73.5 0.4663301595172349 3
0000 0007 1710485624399 13.0 -56.0 0.05522330836388308 3
0000 0010 1710485624399 -3.25 -54.0 3.368621810196868 3
0000 0013 1710485624399 0.0 -59.0 2.5709518004963345 3
0000 0006 1710485624400 -35.75 -61.5 2.411417798556228 3
0000 0008 1710485624400 55.3125 -61.5 3.6447383520162835 3
0000 0015 1710485624400 97.625 -68.5 0.5951845456996288 3
0000 0004 1710485624401 9.75 -58.5 6.037748381117884 3
0000 0009 1710485624401 -3.25 -65.5 3.3011266555298997 3
0000 0005 1710485624401 13.0 -55.5 1.736466251886546 3
0000 0012 1710485624402 -6.5 -57.5 4.368777283898306 3
0000 0000 1710485624402 -58.5625 -66.5 3.227495577711389 3
0000 0014 1710485624402 -68.3125 -72.0 3.429981041712294 3
0000 0011 1710485624403 -5.25 -71.0 1.5033011721279284 3
0000 0003 1710485624403 -6.6875 -76.5 6.062292073724054 3
0000 0014 1710485624403 -48.8125 -63.5 3.1968159619536762 3
0000 0005 1710485624404 0.0 -54.5 4.295146206079795 3
0000 0000 1710485624404 42.3125 -64.5 5.252350217720435 3
0000 0011 1710485624404 -9.75 -62.5 2.098485717827557 3
0000 0007 1710485624405 -26.0 -55.5 5.632777453116074 3
0000 0015 1710485624405 48.8125 -66.5 5.9518454569962875 3
0000 0004 1710485624405 -3.25 -54.5 2.356194490192345 3
0000 0006 1710485624405 0.0 -58.5 0.5645049299419159 3
0000 0008 1710485624406 16.25 -57.0 1.6689710972195777 3
0000 0012 1710485624406 -3.25 -53.0 1.5707963267948966 3
0000 0010 1710485624407 -29.25 -59.0 0.8406214717613314 3
0000 0009 1710485624407 7.3125 -52.5 3.5711072741977725 3
0000 0003 1710485624634 31.6875 -77.5 0.48473792897186263 3
0000 0005 1710485624634 -13.0 -55.5 3.730641276137879 3
0000 0008 1710485624634 -19.5 -57.5 1.7426021750380885 3
0000 0011 1710485624635 35.75 -64.5 3.9147189706841563 3
0000 0010 1710485624635 -13.0 -64.5 2.1598449493429825 3
0000 0000 1710485624635 17.0625 -64.5 4.466952054322987 3
0000 0015 1710485624636 -35.75 -67.0 5.816855147662351 3
0000 0006 1710485624636 -9.75 -57.5 0.521553467881118 3
0000 0004 1710485624636 22.75 -53.5 1.8960002538266525 3
0000 0009 1710485624637 -3.25 -55.5 3.4606606574700063 3
0000 0012 1710485624637 13.0 -53.0 1.0676506283684062 3
0000 0007 1710485624637 -19.5 -55.5 5.902758071783947 3
0000 0014 1710485624637 -3.25 -64.0 3.000466421104314 3
0000 0009 1710485624638 -17.0625 -56.5 3.6754179677739964 3
0000 0011 1710485624638 55.3125 -65.0 4.239922897715912 3
0000 0005 1710485624638 -32.5 -55.5 3.6447383520162835 3
0000 0014 1710485624639 58.5625 -65.0 2.718213956133356 3
0000 0000 1710485624640 6.5 -64.5 3.890175278077986 3
0000 0008 1710485624640 26.0 -57.0 1.552388557340269 3
0000 0004 1710485624640 6.5 -54.0 1.4910293258248433 3
0000 0012 1710485624641 0.0 -53.5 1.227184630308513 3
0000 0015 1710485624641 -16.25 -68.5 6.031612457966341 3
0000 0010 1710485624641 -13.0 -62.5 2.8654761117703775 3
0000 0006 1710485624642 -9.75 -57.5 0.1227184630308513 3
0000 0007 1710485624642 19.5 -55.0 0.3865631585471816 3
0000 0013 1710485624866 -11.375 -70.5 5.003845330082961 3
0000 0013 1710485624866 -29.25 -67.0 5.209398755659637 3
0000 0008 1710485624866 -9.75 -57.0 1.5462526341887264 3
0000 0004 1710485624867 3.25 -54.0 1.0737865515199487 3
0000 0015 1710485624867 3.25 -68.0 6.050020227420969 3
0000 0000 1710485624867 97.625 -64.5 3.3072625786814425 3
0000 0006 1710485624868 -3.25 -58.0 6.22182607566416 3
0000 0009 1710485624868 -27.625 -57.5 3.902447124381071 3
0000 0012 1710485624868 13.0 -54.0 1.509437095279471 3
0000 0005 1710485624869 3.25 -55.0 3.6570101983193686 3
0000 0010 1710485624869 9.75 -62.0 3.3195344249845276 3
0000 0007 1710485624869 26.0 -54.5 0.9387962421860124 3
0000 0011 1710485624870 6.5 -65.5 4.724660826687775 3
0000 0014 1710485624870 16.25 -67.0 2.748893571891069 3
0000 0011 1710485624870 58.5625 -66.0 5.184855063053467 3
0000 0010 1710485624870 9.75 -61.5 3.822680123411018 3
0000 0007 1710485624871 -6.5 -55.5 1.055378782065321 3
0000 0013 1710485624871 -39.0 -65.5 5.5284667595398505 3
0000 0005 1710485624871 -13.0 -55.5 3.485204350076177 3
0000 0006 1710485624872 3.25 -57.0 0.14112623248547898 3
0000 0004 1710485624872 -19.5 -54.0 1.0185632431560658 3
0000 0012 1710485624872 -19.5 -53.5 1.7732817907958012 3
0000 0008 1710485624873 6.5 -57.0 1.533980787885641 3
0000 0000 1710485624873 -9.75 -64.0 3.184544115650591 3
0000 0014 1710485624873 45.5625 -67.0 2.5954954931025047 3
0000 0015 1710485624873 -58.5625 -68.0 0.1227184630308513 3
0000 0009 1710485624874 -24.375 -57.5 4.0558452031696355 3
0000 0008 1710485625097 19.5 -57.0 1.533980787885641 3
0000 0005 1710485625097 7.3125 -56.0 3.3379421944391554 3
0000 0012 1710485625098 -35.75 -53.0 1.945087639038993 3
0000 0000 1710485625098 -27.625 -64.0 3.098641191528995 3
0000 0006 1710485625098 0.0 -56.5 0.37429131224409645 3
0000 0007 1710485625099 13.0 -56.0 1.086058397823034 3
0000 0014 1710485625099 123.6875 -68.0 2.509592568980909 3
0000 0010 1710485625099 -65.0625 -60.5 4.460816131171445 3
0000 0013 1710485625099 100.875 -65.5 5.270757987175063 3
0000 0009 1710485625100 10.5625 -57.0 4.147884050442774 3
0000 0011 1710485625100 19.5 -65.5 5.485515297479052 3
0000 0004 1710485625100 -16.25 -54.0 1.0676506283684062 3
0000 0015 1710485625101 26.0 -67.5 0.05522330836388308 3
0000 0009 1710485625101 34.9375 -57.5 4.227651051412827 3
0000 0004 1710485625101 -32.5 -53.5 1.0492428589137786 3
0000 0013 1710485625102 -9.75 -64.5 5.473243451175968 3
0000 0012 1710485625102 0.0 -53.0 2.0493983326152168 3
0000 0014 1710485625102 39.0 -68.5 2.442097414313941 3
0000 0005 1710485625103 16.25 -56.5 3.2029518851052186 3
0000 0006 1710485625104 -6.5 -57.0 0.4295146206079795 3
0000 0015 1710485625104 -107.375 -67.5 0.2945243112740431 3
0000 0000 1710485625104 -32.5 -63.5 3.0250101137104846 3
0000 0010 1710485625105 32.5 -60.5 4.589670517353839 3
0000 0011 1710485625105 -13.0 -66.5 5.706408530934585 3
0000 0008 1710485625105 9.75 -57.0 1.5707963267948966 3
0000 0007 1710485625105 9.75 -56.5 1.0737865515199487 3
0000 0005 1710485625327 -22.75 -57.0 3.2213596545598464 3
0000 0007 1710485625327 0.0 -57.0 1.055378782065321 3
0000 0000 1710485625327 0.0 -63.0 3.055689729468197 3
0000 0011 1710485625328 -3.25 -67.0 5.743224069843841 3
0000 0015 1710485625328 -39.0 -68.5 0.11658253987930872 3
0000 0008 1710485625328 6.5 -56.5 1.6260196351587797 3
0000 0014 1710485625329 3.25 -69.0 2.405281875404685 3
0000 0004 1710485625329 16.25 -53.5 1.0615147052168636 3
0000 0009 1710485625329 -38.1875 -57.5 4.442408361716817 3
0000 0012 1710485625330 6.5 -53.0 2.1353012567368124 3
0000 0010 1710485625330 -16.25 -59.5 4.773748211900116 3
0000 0013 1710485625330 -58.5625 -65.5 5.5714182216006485 3
0000 0006 1710485625330 22.75 -57.0 0.47860200582032003 3
0000 0009 1710485625331 -17.0625 -57.5 4.491495746929157 3
0000 0014 1710485625331 -19.5 -68.5 2.552544031041707 3
0000 0007 1710485625331 19.5 -57.0 1.0921943209745766 3
0000 0000 1710485625332 -39.0 -63.5 3.2029518851052186 3
0000 0012 1710485625332 6.5 -53.5 2.1475731030398975 3
0000 0005 1710485625332 0.0 -56.5 3.215223731408304 3
0000 0008 1710485625333 3.25 -56.5 1.6996507129772904 3
0000 0015 1710485625333 -91.125 -68.0 0.22089323345553233 3
0000 0006 1710485625333 16.25 -56.5 0.5092816215780329 3
0000 0004 1710485625334 -3.25 -53.5 1.1474176293384597 3
0000 0010 1710485625334 -65.0625 -59.5 4.902602598082509 3
0000 0013 1710485625334 -48.8125 -65.5 5.6941366846315 3
0000 0011 1710485625335 42.3125 -67.5 5.896622148632405 3
0000 0005 1710485625556 -7.3125 -56.5 3.2704470397721868 3
0000 0014 1710485625556 94.375 -68.5 2.2580197197676637 3
0000 0015 1710485625556 -22.75 -68.0 0.11658253987930872 3
0000 0008 1710485625557 16.25 -56.0 1.7426021750380885 3
0000 0007 1710485625557 6.5 -57.0 1.141281706186917 3
0000 0000 1710485625557 -13.0 -63.0 3.2029518851052186 3
0000 0013 1710485625558 -39.0 -65.5 5.602097837358362 3
0000 0010 1710485625558 32.5 -59.0 4.822835597112456 3
0000 0012 1710485625558 -26.0 -53.5 2.2396119503130363 3
0000 0006 1710485625559 -22.75 -57.0 0.5706408530934585 3
0000 0009 1710485625559 30.875 -58.0 4.473087977474529 3
0000 0004 1710485625559 -16.25 -53.5 1.2210487071569704 3
0000 0011 1710485625560 -19.5 -66.5 6.019340611663256 3
0000 0005 1710485625560 -9.75 -56.5 3.3502140407422405 3
0000 0004 1710485625560 9.75 -53.0 1.2517283229146832 3
0000 0000 1710485625560 -3.25 -63.5 3.3379421944391554 3
0000 0012 1710485625561 -13.0 -53.5 2.2457478734645786 3
0000 0010 1710485625561 -26.0 -59.0 4.9394181369917645 3
0000 0013 1710485625561 45.5625 -65.5 5.559146375297564 3
0000 0011 1710485625562 -3.25 -66.5 5.9518454569962875 3
0000 0006 1710485625562 13.0 -57.0 0.5767767762450011 3
0000 0008 1710485625562 26.0 -55.5 1.8285050991596843 3
0000 0009 1710485625563 -21.125 -58.0 4.589670517353839 3
0000 0015 1710485625564 55.3125 -68.0 0.03681553890925539 3
0000 0014 1710485625564 -9.75 -69.5 2.350058567040802 3
0000 0007 1710485625564 13.0 -57.0 1.1351457830353744 3
0000 0012 1710485625794 -35.75 -53.5 2.2886993355253766 3
0000 0013 1710485625794 -13.0 -65.5 5.651185222570702 3
0000 0009 1710485625795 -55.3125 -58.0 4.663301595172349 3
0000 0014 1710485625795 -107.375 -69.5 2.5709518004963345 3
0000 0006 1710485625795 22.75 -57.0 0.5951845456996288 3
0000 0010 1710485625795 13.0 -58.5 4.970097752749477 3
0000 0005 1710485625796 -13.8125 -56.5 3.393165502803038 3
0000 0000 1710485625796 13.8125 -63.5 3.448388811166921 3
0000 0015 1710485625796 113.875 -68.0 6.252505691421874 3
0000 0004 1710485625797 3.25 -53.0 1.3314953238847365 3
0000 0007 1710485625797 -26.0 -57.0 1.227184630308513 3
0000 0011 1710485625797 78.0625 -66.5 5.853670686571607 3
0000 0008 1710485625798 0.0 -55.5 1.9757672547967058 3
0000 0013 1710485625798 9.75 -66.0 5.418020142812084 3
0000 0006 1710485625798 16.25 -57.0 0.6381360077604268 3
0000 0011 1710485625799 -3.25 -66.5 6.258641614573416 3
0000 0004 1710485625799 26.0 -53.0 1.3499030933393643 3
0000 0005 1710485625799 -13.0 -56.0 3.472932503773092 3
0000 0007 1710485625799 9.75 -56.5 1.184233168247715 3
0000 0010 1710485625800 13.0 -58.5 5.387340527054372 3
0000 0009 1710485625800 0.0 -57.5 4.681709364626977 3
0000 0012 1710485625800 7.3125 -53.5 2.3746022596469727 3
0000 0000 1710485625801 17.0625 -63.5 3.313398501832985 3
0000 0015 1710485625801 -9.75 -67.5 0.3988350048502667 3
0000 0014 1710485625801 100.875 -70.0 2.1598449493429825 3
0000 0008 1710485625802 -3.25 -56.5 2.3623304133438876 3
0000 0001 1710485625907 3.0 -78.0 0.5645049299419159 3
0000 0010 1710485626059 39.0 -59.0 5.344389064993574 3
0000 0004 1710485626059 29.25 -53.0 1.3867186322486196 3
0000 0008 1710485626059 -6.5 -56.0 2.429825568010856 3
0000 0013 1710485626059 -55.3125 -66.0 5.583690067903734 3
0000 0005 1710485626060 3.25 -55.5 3.5158839658338894 3
0000 0011 1710485626060 9.75 -67.0 6.1850105367549055 3
0000 0006 1710485626060 13.0 -57.5 0.619728238305799 3
0000 0012 1710485626061 -3.25 -53.5 2.3623304133438876 3
0000 0000 1710485626061 6.5 -63.5 3.3440781175906977 3
0000 0015 1710485626061 -29.25 -67.0 0.4356505437595221 3
0000 0014 1710485626062 97.625 -69.0 2.1046216409791 3
0000 0009 1710485626062 -30.875 -57.5 4.749204519293945 3
0000 0007 1710485626062 -3.25 -57.0 1.1658253987930873 3
0000 0001 1710485626063 4.25 -77.0 3.810408277107933 3
0000 0010 1710485626063 19.5 -59.0 5.387340527054372 3
0000 0009 1710485626063 -13.8125 -57.5 4.718524903536232 3
0000 0008 1710485626064 3.25 -55.5 2.4727770300716534 3
0000 0006 1710485626064 -19.5 -57.0 0.6872233929727672 3
0000 0014 1710485626064 156.1875 -69.0 2.2150682577068657 3
0000 0013 1710485626064 52.0625 -66.0 5.442563835418255 3
0000 0004 1710485626065 0.0 -53.0 1.4848934026733007 3
0000 0012 1710485626065 -30.875 -54.0 2.386874105950058 3
0000 0011 1710485626065 -94.375 -66.5 0.0859029241215959 3
0000 0005 1710485626066 3.25 -55.5 3.5895150436524004 3
0000 0015 1710485626067 42.3125 -67.0 0.3374757733348411 3
0000 0000 1710485626067 -10.5625 -63.5 3.5588354278946874 3
0000 0007 1710485626068 32.5 -56.5 1.1290098598838318 3
0000 0001 1710485626157 -3.625 -78.0 3.9453985864418692 3
0000 0015 1710485626304 45.5625 -67.0 0.3190680038802134 3
0000 0010 1710485626304 -48.8125 -58.5 5.460971604872882 3
0000 0004 1710485626305 13.0 -53.5 1.4726215563702154 3
0000 0006 1710485626305 19.5 -57.0 0.6013204688511713 3
0000 0005 1710485626305 -27.625 -55.5 3.6692820446224537 3
0000 0012 1710485626306 -13.0 -53.5 2.325514874434632 3
0000 0014 1710485626306 -107.375 -69.5 2.3439226438892597 3
0000 0009 1710485626306 -59.375 -57.5 4.792155981354743 3
0000 0008 1710485626307 -19.5 -55.5 2.5709518004963345 3
0000 0007 1710485626307 9.75 -56.5 1.141281706186917 3
0000 0013 1710485626307 3.25 -65.5 5.473243451175968 3
0000 0000 1710485626308 -3.25 -63.5 3.6324665057131984 3
0000 0011 1710485626308 52.0625 -66.5 6.092971689481767 3
0000 0001 1710485626308 7.875 -78.0 1.012427320004523 3
0000 0011 1710485626308 74.8125 -67.5 6.0991076126333095 3
0000 0010 1710485626309 22.75 -59.0 5.350524988145116 3
0000 0009 1710485626309 -21.125 -57.0 4.767612288748572 3
0000 0004 1710485626309 -16.25 -53.5 1.5462526341887264 3
0000 0007 1710485626310 22.75 -56.5 1.1596894756415448 3
0000 0008 1710485626310 3.25 -55.0 2.6016314162540475 3
0000 0005 1710485626310 0.0 -55.5 3.718369429834794 3
0000 0012 1710485626311 -6.5 -54.0 2.2948352586769194 3
0000 0015 1710485626311 55.3125 -67.5 0.3190680038802134 3
0000 0000 1710485626311 26.0 -63.5 3.6815538909255388 3
0000 0013 1710485626312 -29.25 -66.0 5.553010452146021 3
0000 0006 1710485626312 6.5 -57.5 0.5829126993965437 3
0000 0014 1710485626313 6.5 -68.5 2.3071071049800045 3
0000 0001 1710485626397 1.1875 -78.0 1.2578642460662257 3
0000 0003 1710485626558 -2.4375 -78.0 0.35588354278946877 3
0000 0010 1710485626558 -6.5 -59.0 5.418020142812084 3
0000 0000 1710485626559 -13.8125 -64.0 3.792000507653305 3
0000 0009 1710485626559 -52.0625 -57.5 4.908738521234052 3
0000 0013 1710485626559 13.0 -66.0 5.522330836388308 3
0000 0005 1710485626560 -30.875 -55.0 3.8533597391687304 3
0000 0007 1710485626560 16.25 -56.5 1.2578642460662257 3
0000 0015 1710485626560 -68.3125 -66.5 0.4356505437595221 3
0000 0008 1710485626561 13.0 -55.5 2.6445828783148455 3
0000 0012 1710485626561 -13.0 -53.5 2.3316507975861747 3
0000 0014 1710485626561 -126.9375 -69.5 2.399145952253143 3
0000 0004 1710485626561 39.0 -53.5 1.4480778637640452 3
0000 0011 1710485626562 -84.625 -66.5 0.018407769454627694 3
0000 0006 1710485626562 13.0 -57.5 0.5706408530934585 3
0000 0001 1710485626562 -4.875 -78.0 4.460816131171445 3
0000 0003 1710485626563 -5.6875 -77.5 0.5706408530934585 3
0000 0010 1710485626638 -6.5 -59.0 5.473243451175968 3
0000 0013 1710485626638 35.75 -65.5 5.497787143782138 3
0000 0006 1710485626638 -16.25 -57.0 0.619728238305799 3
0000 0011 1710485626638 91.125 -66.5 6.160466844148735 3
0000 0009 1710485626640 -41.5 -57.5 4.945554060143307 3
0000 0005 1710485626640 -7.3125 -55.5 3.8840393549264434 3
0000 0015 1710485626640 39.0 -67.5 0.3190680038802134 3
0000 0007 1710485626640 39.0 -56.0 1.3192234775816514 3
0000 0012 1710485626641 -13.8125 -53.5 2.3009711818284617 3
0000 0004 1710485626641 -13.0 -53.5 1.5033011721279284 3
0000 0000 1710485626641 38.1875 -64.5 3.7429131224409646 3
0000 0014 1710485626642 -68.3125 -68.5 2.3193789512830896 3
0000 0008 1710485626642 26.0 -56.0 2.6445828783148455 3
0000 0001 1710485626642 -19.5 -77.5 4.583534594202296 3
0000 0003 1710485626801 -10.625 -78.5 0.48473792897186263 3
0000 0011 1710485626801 35.75 -67.0 0.0 3
0000 0012 1710485626802 -17.0625 -54.0 2.3009711818284617 3
0000 0004 1710485626802 -6.5 -53.5 1.509437095279471 3
0000 0010 1710485626802 -29.25 -59.0 5.50392306693368 3
0000 0008 1710485626803 3.25 -56.5 2.724349879284899 3
0000 0009 1710485626803 -30.875 -57.5 5.00077736850719 3
0000 0007 1710485626803 13.0 -56.0 1.3744467859455345 3
0000 0014 1710485626803 -224.5625 -69.5 2.4605051837685683 3
0000 0006 1710485626804 -19.5 -57.5 0.6258641614573416 3
0000 0005 1710485626804 7.3125 -55.0 3.9269908169872414 3
0000 0013 1710485626804 22.75 -65.5 5.43029198911517 3
0000 0000 1710485626805 -38.1875 -64.5 3.834951969714103 3
0000 0015 1710485626805 16.25 -67.5 0.37429131224409645 3
0000 0001 1710485626805 -13.375 -77.0 1.41126232485479 3
0000 0003 1710485626806 -9.4375 -78.0 0.5276893910326605 3
0000 0010 1710485626893 -13.0 -59.0 5.491651220630596 3
0000 0012 1710485626893 -7.3125 -54.0 2.2641556429192065 3
0000 0006 1710485626893 26.0 -57.0 0.5338253141842031 3
0000 0005 1710485626893 -21.125 -55.0 4.000621894805752 3
0000 0007 1710485626894 45.5625 -56.0 1.3867186322486196 3
0000 0004 1710485626894 26.0 -53.5 1.4787574795217582 3
0000 0015 1710485626894 -65.0625 -67.5 0.4970097752749477 3
0000 0008 1710485626895 -13.0 -57.0 2.767301341345697 3
0000 0009 1710485626895 -52.0625 -57.5 5.049864753719531 3
0000 0014 1710485626895 42.3125 -70.0 2.227340104009951 3
0000 0000 1710485626895 -45.5625 -64.5 3.9269908169872414 3
0000 0011 1710485626896 94.375 -67.5 6.209554229361076 3
0000 0013 1710485626896 -94.375 -65.0 5.632777453116074 3
