0000 0009 1710748197140 -7.3125 -57.0 0.6749515466696822 1
0000 0015 1710748197140 -16.25 -63.0 1.1965050145508 1
0000 0008 1710748197141 -29.25 -59.5 4.516039439535327 1
0000 0015 1710748197141 -6.5 -63.5 1.1719613219446299 1
0000 0005 1710748197142 52.0625 -69.5 2.742757648739526 1
0000 0011 1710748197142 6.5 -55.0 1.521708941582556 1
0000 0008 1710748197142 26.0 -59.5 4.448544284868359 1
0000 0007 1710748197142 3.25 -57.0 5.6941366846315 1
0000 0004 1710748197143 -22.75 -58.5 3.8717675086233583 1
0000 0006 1710748197143 -9.75 -59.5 3.313398501832985 1
0000 0014 1710748197144 29.25 -56.0 2.8654761117703775 1
0000 0009 1710748197144 -10.5625 -56.5 0.6565437772150544 1
0000 0001 1710748197144 35.75 -58.5 1.8039614065535141 1
0000 0012 1710748197145 84.625 -67.5 0.6933593161243098 1
0000 0003 1710748197145 48.8125 -69.5 4.049709280018092 1
0000 0013 1710748197145 -55.3125 -68.5 3.1906800388021335 1
0000 0000 1710748197146 10.5625 -69.5 5.8475347634200645 1
0000 0010 1710748197147 -13.0 -66.0 5.755495916146925 1
0000 0002 1710748197261 3.3125 -78.5 0.521553467881118 1
0000 0014 1710748197296 45.5625 -56.0 2.8409324191642074 1
0000 0001 1710748197296 -9.75 -58.0 1.8714565612204823 1
0000 0004 1710748197296 16.25 -58.5 3.792000507653305 1
0000 0000 1710748197296 45.5625 -70.0 5.816855147662351 1
0000 0013 1710748197297 0.0 -67.5 3.172272269347506 1
0000 0009 1710748197297 -21.125 -57.0 0.6258641614573416 1
0000 0005 1710748197297 45.5625 -69.0 2.773437264497239 1
0000 0006 1710748197298 -29.25 -59.5 3.3747577333484107 1
0000 0003 1710748197298 -9.75 -69.5 4.09266074207889 1
0000 0011 1710748197298 -3.25 -55.0 1.552388557340269 1
0000 0008 1710748197299 6.5 -59.0 4.424000592262189 1
0000 0007 1710748197299 -29.25 -57.0 5.675728915176872 1
0000 0015 1710748197300 -13.0 -62.5 1.1965050145508 1
0000 0012 1710748197300 9.75 -66.5 0.8774370106705868 1
0000 0010 1710748197300 -55.3125 -67.5 5.767767762450011 1
0000 0002 1710748197300 12.8125 -77.5 0.46019423636569234 1
0000 0011 1710748197415 -3.25 -55.5 1.5585244804918115 1
0000 0007 1710748197415 -22.75 -57.0 5.681864838328415 1
0000 0005 1710748197415 -100.875 -70.0 2.767301341345697 1
0000 0014 1710748197415 9.75 -56.0 2.9022916506796332 1
0000 0003 1710748197416 6.5 -70.0 3.933126740138784 1
0000 0013 1710748197416 -81.375 -69.0 3.147728576741336 1
0000 0009 1710748197416 -10.5625 -56.5 0.6135923151542565 1
0000 0001 1710748197417 26.0 -58.5 1.7916895602504288 1
0000 0008 1710748197417 6.5 -59.0 4.424000592262189 1
0000 0004 1710748197417 6.5 -58.0 3.810408277107933 1
0000 0012 1710748197417 39.0 -67.0 0.7976700097005334 1
0000 0006 1710748197418 3.25 -59.5 3.2765829629237295 1
0000 0010 1710748197418 65.0625 -66.5 5.681864838328415 1
0000 0015 1710748197418 -3.25 -62.5 1.1535535524900022 1
0000 0000 1710748197419 83.0 -69.5 5.553010452146021 1
0000 0002 1710748197419 16.4375 -77.5 0.5522330836388308 1
0000 0008 1710748197511 13.0 -59.0 4.417864669110647 1
0000 0007 1710748197511 -48.8125 -57.0 5.651185222570702 1
0000 0013 1710748197512 123.6875 -68.5 2.791845033951867 1
0000 0010 1710748197512 -35.75 -65.5 5.792311455056181 1
0000 0006 1710748197512 -35.75 -60.0 3.3870295796514958 1
0000 0003 1710748197512 -159.5 -70.0 4.190835512503572 1
0000 0005 1710748197513 73.1875 -69.5 2.564815877344792 1
0000 0004 1710748197513 -39.0 -58.5 3.9208548938356986 1
0000 0015 1710748197513 42.3125 -63.0 1.1044661672776617 1
0000 0011 1710748197514 22.75 -55.0 1.5033011721279284 1
0000 0009 1710748197514 27.625 -56.0 0.5338253141842031 1
0000 0014 1710748197514 42.3125 -56.0 2.816388726558037 1
0000 0001 1710748197515 13.0 -58.5 1.748738098189631 1
0000 0000 1710748197515 100.875 -70.0 5.780039608753096 1
0000 0012 1710748197515 -22.75 -66.0 0.9387962421860124 1
0000 0002 1710748197636 -21.3125 -77.0 0.607456392002714 1
0000 0000 1710748197636 34.9375 -69.5 5.7616318392984684 1
0000 0001 1710748197636 -19.5 -59.0 1.7303303287350031 1
0000 0012 1710748197636 32.5 -67.0 0.9142525495798421 1
0000 0011 1710748197637 9.75 -55.5 1.5155730184310134 1
0000 0014 1710748197637 6.5 -56.0 2.9022916506796332 1
0000 0010 1710748197637 -55.3125 -66.0 5.822991070813893 1
0000 0007 1710748197638 -6.5 -57.5 5.6143696836614465 1
0000 0009 1710748197638 7.3125 -56.5 0.5522330836388308 1
0000 0008 1710748197638 -3.25 -59.0 4.411728745959104 1
0000 0004 1710748197639 0.0 -58.5 3.822680123411018 1
0000 0005 1710748197639 73.1875 -69.5 2.4850488763747385 1
0000 0015 1710748197639 -19.5 -63.0 1.1719613219446299 1
0000 0013 1710748197639 91.125 -69.0 2.8532042654672924 1
0000 0006 1710748197640 22.75 -60.0 3.3195344249845276 1
0000 0003 1710748197640 -81.375 -71.0 3.8840393549264434 1
0000 0002 1710748197761 3.625 -78.0 0.4295146206079795 1
0000 0006 1710748197811 -55.3125 -59.5 3.368621810196868 1
0000 0010 1710748197811 -123.6875 -66.0 5.872078456026235 1
0000 0005 1710748197811 -41.5 -69.0 2.423689644859313 1
0000 0008 1710748197812 32.5 -59.0 4.331961744989051 1
0000 0011 1710748197812 22.75 -55.0 1.5155730184310134 1
0000 0015 1710748197812 -22.75 -63.0 1.1903690913992575 1
0000 0009 1710748197812 -7.3125 -56.0 0.5338253141842031 1
0000 0007 1710748197813 -6.5 -57.5 5.534602682691394 1
0000 0003 1710748197813 -13.0 -72.0 3.730641276137879 1
0000 0014 1710748197813 22.75 -56.0 2.859340188618835 1
0000 0001 1710748197814 22.75 -59.0 1.5401167110371838 1
0000 0004 1710748197814 -6.5 -58.5 3.767456815047135 1
0000 0012 1710748197815 45.5625 -67.0 0.8713010875190442 1
0000 0013 1710748197815 -22.75 -69.0 3.067961575771282 1
0000 0000 1710748197815 -52.0625 -68.5 5.921165841238575 1
0000 0002 1710748197815 40.875 -77.0 0.3374757733348411 1
0000 0012 1710748197919 -22.75 -68.0 0.8958447801252144 1
0000 0014 1710748197919 39.0 -56.0 2.8409324191642074 1
0000 0003 1710748197919 81.375 -70.5 3.5036121195308043 1
0000 0005 1710748197920 22.75 -69.0 2.3193789512830896 1
0000 0008 1710748197920 0.0 -59.0 4.338097668140593 1
0000 0010 1710748197920 55.3125 -66.0 5.632777453116074 1
0000 0006 1710748197921 -19.5 -60.0 3.2643111166206444 1
0000 0011 1710748197921 32.5 -55.5 1.4603497100671303 1
0000 0009 1710748197921 3.25 -56.0 0.4970097752749477 1
0000 0001 1710748197921 0.0 -59.0 1.521708941582556 1
0000 0015 1710748197922 -16.25 -62.5 1.1965050145508 1
0000 0013 1710748197922 48.8125 -68.0 3.043417883165112 1
0000 0004 1710748197922 35.75 -57.5 3.6570101983193686 1
0000 0007 1710748197923 3.25 -57.5 5.5284667595398505 1
0000 0000 1710748197923 -24.375 -69.0 5.688000761479957 1
0000 0002 1710748197924 73.1875 -76.5 0.21168934872821848 1
0000 0014 1710748198064 -16.25 -56.0 2.945243112740431 1
0000 0008 1710748198064 -9.75 -59.0 4.325825821837508 1
0000 0012 1710748198064 45.5625 -67.5 0.7669903939428205 1
0000 0013 1710748198065 26.0 -67.5 3.129320807286708 1
0000 0000 1710748198065 -149.6875 -69.0 5.816855147662351 1
0000 0010 1710748198065 -87.875 -66.5 5.737088146692298 1
0000 0003 1710748198066 133.4375 -71.0 3.399301425954581 1
0000 0004 1710748198066 13.0 -58.0 3.6079228131070282 1
0000 0006 1710748198066 78.0625 -60.0 3.074097498922825 1
0000 0007 1710748198067 -26.0 -57.5 5.45483568172134 1
0000 0009 1710748198067 -3.25 -55.5 0.44178646691106466 1
0000 0015 1710748198067 -9.75 -63.0 1.1044661672776617 1
0000 0001 1710748198068 -16.25 -58.5 1.4480778637640452 1
0000 0005 1710748198068 -162.75 -68.5 2.564815877344792 1
0000 0011 1710748198068 -6.5 -55.0 1.5033011721279284 1
0000 0002 1710748198069 30.5 -77.0 6.264777537724958 1
0000 0006 1710748198187 -22.75 -60.0 3.1231848841351653 1
0000 0012 1710748198188 -45.5625 -66.5 0.9019807032767571 1
0000 0009 1710748198188 7.3125 -55.5 0.4356505437595221 1
0000 0007 1710748198188 26.0 -57.5 5.344389064993574 1
0000 0014 1710748198189 13.0 -56.0 2.8654761117703775 1
0000 0005 1710748198189 -55.3125 -68.0 2.313243028131547 1
0000 0003 1710748198189 45.5625 -71.5 3.393165502803038 1
0000 0004 1710748198190 9.75 -58.0 3.56497135104623 1
0000 0011 1710748198190 3.25 -55.0 1.4787574795217582 1
0000 0010 1710748198190 91.125 -67.0 5.399612373357457 1
0000 0001 1710748198191 3.25 -58.5 1.3928545554001621 1
0000 0008 1710748198191 -9.75 -58.5 4.301282129231338 1
0000 0013 1710748198191 -32.5 -68.0 3.2459033471660166 1
0000 0000 1710748198192 6.5 -68.5 5.418020142812084 1
0000 0015 1710748198192 -29.25 -62.5 1.2087768608538851 1
0000 0002 1710748198192 25.625 -77.5 0.03681553890925539 1
0000 0006 1710748198314 -22.75 -59.5 3.1354567304382504 1
0000 0003 1710748198314 61.8125 -71.0 3.356349963893783 1
0000 0014 1710748198314 -6.5 -56.5 2.9022916506796332 1
0000 0013 1710748198315 22.75 -68.5 3.0925052683774528 1
0000 0012 1710748198315 -24.375 -66.5 0.9265243958829272 1
0000 0000 1710748198315 -149.6875 -68.5 5.638913376267617 1
0000 0011 1710748198316 -13.0 -55.5 1.4848934026733007 1
0000 0004 1710748198316 32.5 -58.0 3.5588354278946874 1
0000 0007 1710748198316 48.8125 -57.5 5.289165756629691 1
0000 0015 1710748198317 42.3125 -63.0 1.0185632431560658 1
0000 0010 1710748198317 -87.875 -67.5 5.663457068873787 1
0000 0005 1710748198317 180.625 -68.0 2.086213871524472 1
0000 0009 1710748198318 -24.375 -55.0 0.42337869745643697 1
0000 0001 1710748198318 29.25 -58.5 1.3621749396424494 1
0000 0008 1710748198318 6.5 -58.0 4.276738436625168 1
0000 0002 1710748198318 0.5625 -77.5 0.12885438618239387 1
0000 0012 1710748198413 -21.125 -66.5 0.859029241215959 1
0000 0014 1710748198413 9.75 -56.0 2.8777479580734626 1
0000 0010 1710748198413 3.25 -66.5 5.473243451175968 1
0000 0006 1710748198413 16.25 -60.0 3.055689729468197 1
0000 0009 1710748198414 0.0 -55.0 0.3865631585471816 1
0000 0011 1710748198414 19.5 -55.5 1.4419419406125027 1
0000 0007 1710748198414 -9.75 -57.5 5.393476450205914 1
0000 0004 1710748198415 9.75 -58.0 3.5895150436524004 1
0000 0001 1710748198415 26.0 -58.5 1.4051264017032472 1
0000 0015 1710748198415 -71.5625 -62.5 1.2701360923693108 1
0000 0008 1710748198416 -19.5 -58.0 4.3074180523828804 1
0000 0005 1710748198416 -38.1875 -67.5 2.3930100291016 1
0000 0000 1710748198416 -55.3125 -69.0 5.5284667595398505 1
0000 0013 1710748198417 13.0 -68.0 3.0066023442558567 1
0000 0003 1710748198417 117.125 -72.0 3.6017868899554855 1
0000 0002 1710748198417 123.6875 -75.0 6.178874613603362 1
0000 0012 1710748198564 -7.3125 -67.0 0.803805932852076 1
0000 0014 1710748198564 35.75 -56.5 2.8409324191642074 1
0000 0000 1710748198565 68.3125 -69.0 5.540738605842936 1
0000 0004 1710748198565 6.5 -58.0 3.5772431973493153 1
0000 0011 1710748198565 19.5 -55.5 1.4419419406125027 1
0000 0007 1710748198566 -6.5 -57.5 5.381204603902829 1
0000 0013 1710748198566 -26.0 -69.5 3.000466421104314 1
0000 0008 1710748198566 3.25 -57.5 4.3074180523828804 1
0000 0010 1710748198566 -84.625 -65.5 5.620505606812989 1
0000 0001 1710748198567 0.0 -58.5 1.4910293258248433 1
0000 0015 1710748198567 -29.25 -62.5 1.1596894756415448 1
0000 0009 1710748198567 7.3125 -55.0 0.37429131224409645 1
0000 0003 1710748198568 27.625 -71.5 3.6447383520162835 1
0000 0006 1710748198568 16.25 -59.5 3.031146036862027 1
0000 0005 1710748198568 146.4375 -68.0 2.024854640009046 1
0000 0002 1710748198568 -14.0 -77.5 0.3436116964863836 1
0000 0006 1710748198699 16.25 -59.5 3.031146036862027 1
0000 0012 1710748198699 -19.5 -67.0 0.8651651643675016 1
0000 0015 1710748198699 29.25 -63.0 1.055378782065321 1
0000 0011 1710748198700 16.25 -55.5 1.4542137869155878 1
0000 0004 1710748198700 0.0 -58.0 3.6017868899554855 1
0000 0009 1710748198700 21.125 -55.0 0.3988350048502667 1
0000 0008 1710748198701 16.25 -58.0 4.276738436625168 1
0000 0001 1710748198701 3.25 -58.5 1.5585244804918115 1
0000 0007 1710748198701 48.8125 -57.5 5.313709449235861 1
0000 0010 1710748198702 -71.5625 -67.0 5.608233760509904 1
0000 0014 1710748198702 9.75 -56.0 2.8716120349219203 1
0000 0013 1710748198702 39.0 -68.0 3.098641191528995 1
0000 0003 1710748198702 -87.875 -71.0 3.5588354278946874 1
0000 0005 1710748198703 291.3125 -67.5 1.9634954084936207 1
0000 0000 1710748198703 -65.875 -69.0 5.706408530934585 1
0000 0002 1710748198703 -9.75 -77.0 0.28838838812250056 1
0000 0011 1710748198827 9.75 -56.0 1.3989904785517047 1
0000 0005 1710748198827 -73.1875 -70.0 2.662990647769473 1
0000 0015 1710748198828 6.5 -63.0 1.0799224746714913 1
0000 0006 1710748198828 22.75 -60.0 3.0372819600135696 1
0000 0008 1710748198828 9.75 -56.5 4.252194744018997 1
0000 0009 1710748198829 -34.9375 -54.5 0.4172427743048944 1
0000 0012 1710748198829 -7.3125 -67.0 1.0185632431560658 1
0000 0003 1710748198829 -26.0 -71.0 3.785864584501762 1
0000 0007 1710748198829 -16.25 -57.5 5.473243451175968 1
0000 0013 1710748198830 29.25 -70.0 3.2090878082567613 1
0000 0004 1710748198830 -9.75 -58.0 3.718369429834794 1
0000 0014 1710748198830 -6.5 -56.5 2.9636508821950587 1
0000 0001 1710748198831 -29.25 -58.5 1.8223691760081417 1
0000 0010 1710748198831 61.8125 -66.5 5.301437602932776 1
0000 0000 1710748198831 128.5625 -69.0 5.491651220630596 1
0000 0002 1710748198832 -7.3125 -77.5 0.5706408530934585 1
0000 0010 1710748198959 -39.0 -66.5 4.767612288748572 1
0000 0014 1710748198959 52.0625 -56.5 2.9145634969827183 1
0000 0013 1710748198959 139.9375 -69.0 3.6876898140770815 1
0000 0012 1710748198960 9.75 -66.5 1.509437095279471 1
0000 0008 1710748198960 0.0 -56.0 4.0128937411088375 1
0000 0015 1710748198960 3.25 -63.0 1.0737865515199487 1
0000 0011 1710748198961 3.25 -57.0 0.9326603190344698 1
0000 0009 1710748198961 -7.3125 -52.5 0.2086213871524472 1
0000 0004 1710748198961 39.0 -58.5 3.6263305825616556 1
0000 0007 1710748198961 16.25 -57.5 5.485515297479052 1
0000 0001 1710748198962 65.0625 -59.5 2.0923497946760143 1
0000 0006 1710748198962 -19.5 -58.5 2.730485802436441 1
0000 0000 1710748198962 -22.75 -69.0 6.037748381117884 1
0000 0005 1710748198963 9.75 -69.0 3.32567034813607 1
0000 0003 1710748198963 -120.4375 -70.0 3.9822141253511245 1
0000 0002 1710748198963 -28.625 -77.0 0.8774370106705868 1
0000 0014 1710748199100 22.75 -57.0 2.9943304979527716 1
0000 0006 1710748199100 0.0 -58.0 1.9144080232812801 1
0000 0000 1710748199101 -149.6875 -68.5 5.957981380147831 1
0000 0013 1710748199101 -3.25 -69.5 5.3627968344482015 1
0000 0009 1710748199101 -7.3125 -53.0 5.957981380147831 1
0000 0015 1710748199102 -16.25 -64.0 1.3621749396424494 1
0000 0004 1710748199102 9.75 -59.5 3.429981041712294 1
0000 0007 1710748199102 -9.75 -57.0 5.381204603902829 1
0000 0012 1710748199102 -59.375 -69.5 2.5157284921324514 1
0000 0011 1710748199103 26.0 -62.0 5.896622148632405 1
0000 0001 1710748199103 -13.0 -60.0 2.6445828783148455 1
0000 0003 1710748199103 45.5625 -69.0 3.454524734318464 1
0000 0008 1710748199104 3.25 -54.0 2.8654761117703775 1
0000 0005 1710748199104 104.125 -66.0 4.270602513473625 1
0000 0010 1710748199104 -22.75 -62.0 3.1968159619536762 1
0000 0002 1710748199104 -6.6875 -76.5 0.705631162427395 1
0000 0008 1710748199231 -9.75 -49.5 0.9940195505498954 1
0000 0004 1710748199231 -22.75 -62.5 2.4911847995262812 1
0000 0010 1710748199231 -22.75 -54.5 1.9389517158874505 1
0000 0014 1710748199231 -26.0 -56.5 3.2888548092268146 1
0000 0006 1710748199232 -45.5625 -61.0 0.14726215563702155 1
0000 0000 1710748199232 41.5 -66.0 4.675573441475434 1
0000 0007 1710748199232 -13.0 -63.5 4.06811704947272 1
0000 0003 1710748199233 -16.25 -67.0 2.478912953223196 1
0000 0001 1710748199233 48.8125 -59.0 2.6998061866787286 1
0000 0012 1710748199233 61.8125 -70.0 3.7429131224409646 1
0000 0013 1710748199233 16.25 -66.0 0.2270291566070749 1
0000 0005 1710748199234 -10.5625 -61.5 4.295146206079795 1
0000 0009 1710748199234 24.375 -63.0 3.2888548092268146 1
0000 0015 1710748199234 45.5625 -67.0 1.2762720155208536 1
0000 0011 1710748199235 1.1875 -72.5 1.0799224746714913 1
0000 0002 1710748199235 -27.4375 -77.5 5.872078456026235 1
0000 0009 1710748199443 -27.625 -61.5 0.05522330836388308 1
0000 0002 1710748199443 237.5625 -75.0 4.595806440505381 1
0000 0007 1710748199444 0.0 -61.5 0.6749515466696822 1
0000 0004 1710748199444 13.0 -62.5 5.982525072754001 1
0000 0008 1710748199444 -16.25 -55.0 5.6143696836614465 1
0000 0011 1710748199444 55.3125 -66.5 5.160311370447297 1
0000 0003 1710748199445 0.0 -66.5 1.88986433067511 1
0000 0006 1710748199445 9.75 -61.5 3.0802334220743677 1
0000 0015 1710748199445 -32.5 -68.0 1.41126232485479 1
0000 0000 1710748199446 7.3125 -68.5 3.215223731408304 1
0000 0013 1710748199446 -6.5 -64.5 0.380427235395639 1
0000 0014 1710748199446 52.0625 -58.0 3.3011266555298997 1
0000 0010 1710748199446 -32.5 -57.5 5.810719224510809 1
0000 0001 1710748199447 9.75 -64.0 2.564815877344792 1
0000 0005 1710748199447 41.5 -61.0 0.859029241215959 1
0000 0008 1710748199447 -3.25 -53.0 1.9389517158874505 1
0000 0015 1710748199448 45.5625 -71.0 1.2885438618239387 1
0000 0014 1710748199448 -16.25 -59.5 3.32567034813607 1
0000 0013 1710748199448 -29.25 -64.5 0.2638446955163303 1
0000 0003 1710748199449 0.0 -68.5 6.240233845118788 1
0000 0011 1710748199449 35.75 -64.0 3.2397674240144743 1
0000 0000 1710748199449 61.8125 -67.0 1.000155473701438 1
0000 0010 1710748199449 22.75 -61.0 4.399456899656019 1
0000 0005 1710748199450 -22.75 -59.0 0.36815538909255385 1
0000 0007 1710748199450 -19.5 -65.5 5.307573526084319 1
0000 0006 1710748199451 -6.5 -60.5 1.8100973297050567 1
0000 0001 1710748199451 26.0 -70.0 0.46019423636569234 1
0000 0004 1710748199451 -19.5 -66.5 4.558990901596125 1
0000 0002 1710748199510 6.6875 -77.0 6.031612457966341 1
0000 0009 1710748199511 -2.5625 -66.0 4.221515128261284 1
0000 0015 1710748199730 0.0 -70.5 1.4848934026733007 1
0000 0004 1710748199730 -32.5 -62.0 0.3129320807286708 1
0000 0006 1710748199731 -100.875 -68.0 4.172427743048944 1
0000 0014 1710748199731 29.25 -63.5 3.0127382674073995 1
0000 0011 1710748199731 -39.0 -66.0 5.822991070813893 1
0000 0009 1710748199732 34.9375 -61.0 0.3865631585471816 1
0000 0003 1710748199732 -55.3125 -65.0 4.485359823777615 1
0000 0007 1710748199732 9.75 -56.5 2.2457478734645786 1
0000 0001 1710748199733 -110.625 -67.0 5.4671075280244255 1
0000 0013 1710748199733 -13.0 -63.5 1.5462526341887264 1
0000 0000 1710748199733 83.0 -73.5 4.792155981354743 1
0000 0005 1710748199734 -29.25 -60.5 2.3009711818284617 1
0000 0012 1710748199734 -1.1875 -73.0 1.6198837120072371 1
0000 0002 1710748199734 -14.625 -77.0 0.21475731030398976 1
0000 0008 1710748199735 0.25 -62.5 5.497787143782138 1
0000 0005 1710748199735 6.5 -59.5 1.736466251886546 1
0000 0004 1710748199735 19.5 -63.0 4.583534594202296 1
0000 0008 1710748199736 0.0 -54.0 1.761009944492716 1
0000 0012 1710748199736 45.5625 -67.5 4.614214209960009 1
0000 0007 1710748199736 -3.25 -63.5 2.0493983326152168 1
0000 0013 1710748199737 16.25 -63.0 3.497476196379262 1
0000 0014 1710748199737 -26.0 -65.5 2.5954954931025047 1
0000 0011 1710748199737 19.5 -70.0 2.82252464970958 1
0000 0000 1710748199737 142.375 -68.5 2.086213871524472 1
0000 0006 1710748199738 74.8125 -72.0 2.736621725587984 1
0000 0001 1710748199989 7.3125 -72.0 2.098485717827557 1
0000 0003 1710748199990 2.4375 -74.0 0.5031456984264903 1
0000 0002 1710748199990 46.375 -78.5 0.6135923151542565 1
0000 0004 1710748199990 35.75 -60.0 2.5402721847386216 1
0000 0013 1710748199991 29.25 -64.5 4.325825821837508 1
0000 0006 1710748199991 -133.4375 -69.5 2.1230294104337273 1
0000 0007 1710748199991 55.3125 -64.5 4.111068511533518 1
0000 0000 1710748199991 -107.375 -70.5 1.8346410223112268 1
0000 0012 1710748199992 -100.875 -65.5 5.473243451175968 1
0000 0005 1710748199992 6.5 -60.5 4.71238898038469 1
0000 0008 1710748199992 68.3125 -61.5 1.2087768608538851 1
0000 0003 1710748199993 -91.125 -72.5 5.240078371417351 1
0000 0014 1710748199993 56.9375 -71.5 5.347457026569345 1
0000 0011 1710748199993 0.25 -76.5 5.056000676871073 1
0000 0002 1710748199993 1.5 -80.5 5.098952138931871 1
0000 0006 1710748199994 19.5 -66.0 2.761165418194154 1
0000 0012 1710748199994 -59.375 -66.0 5.522330836388308 1
0000 0004 1710748199994 55.3125 -60.5 1.9389517158874505 1
0000 0005 1710748199995 19.5 -56.5 3.9085830475326135 1
0000 0007 1710748199995 -9.75 -61.0 3.552699504743145 1
0000 0013 1710748199995 3.25 -63.5 4.3503695144436785 1
0000 0014 1710748200261 19.5 -72.5 5.829126993965437 1
0000 0000 1710748200261 -0.625 -77.0 6.258641614573416 1
0000 0002 1710748200262 2.125 -79.5 1.141281706186917 1
0000 0007 1710748200262 6.5 -62.0 2.9268353432858034 1
0000 0004 1710748200262 -3.25 -60.0 1.9757672547967058 1
0000 0005 1710748200262 -16.25 -57.0 3.7981364308048478 1
0000 0006 1710748200263 55.3125 -66.5 3.479068426924634 1
0000 0013 1710748200264 -6.5 -63.5 4.129476280988146 1
0000 0012 1710748200264 -24.375 -68.5 5.688000761479957 1
0000 0014 1710748200264 107.375 -69.5 2.736621725587984 1
0000 0000 1710748200444 -0.8125 -77.5 6.1420590746941075 1
0000 0002 1710748200444 -11.3125 -79.0 1.6198837120072371 1
0000 0004 1710748200444 48.8125 -61.0 1.846912868614312 1
0000 0005 1710748200444 26.0 -58.0 3.7981364308048478 1
0000 0014 1710748200445 -107.375 -69.0 2.84706834231575 1
0000 0006 1710748200445 45.5625 -66.0 3.485204350076177 1
0000 0007 1710748200445 16.25 -61.5 3.3011266555298997 1
0000 0013 1710748200446 -68.3125 -64.5 4.000621894805752 1
0000 0012 1710748200446 -87.0625 -69.0 5.632777453116074 1
0000 0002 1710748200446 5.625 -79.5 4.006757817957295 1
0000 0000 1710748200446 -0.25 -77.0 6.135923151542564 1
0000 0003 1710748200447 0.9375 -76.0 1.1719613219446299 1
0000 0004 1710748200447 13.0 -61.0 1.7303303287350031 1
0000 0012 1710748200447 -52.0625 -68.0 5.583690067903734 1
0000 0006 1710748200448 126.9375 -65.0 3.227495577711389 1
0000 0013 1710748200448 58.5625 -64.5 3.6386024288647407 1
0000 0007 1710748200448 35.75 -62.5 2.9391071895888885 1
0000 0005 1710748200449 19.5 -57.5 3.718369429834794 1
0000 0014 1710748200449 42.3125 -69.5 2.5954954931025047 1
0000 0000 1710748200510 24.6875 -76.5 6.117515382087937 1
0000 0003 1710748200759 1.1875 -74.5 4.135612204139688 1
0000 0002 1710748200759 19.625 -79.0 0.39269908169872414 1
0000 0004 1710748200759 26.0 -61.0 1.7241944055834606 1
0000 0013 1710748200759 6.5 -62.5 3.5588354278946874 1
0000 0007 1710748200760 65.0625 -63.5 2.5341362615870793 1
0000 0005 1710748200760 19.5 -58.0 3.5342917352885173 1
0000 0014 1710748200760 3.25 -69.5 2.773437264497239 1
0000 0006 1710748200761 13.0 -65.5 3.411573272257666 1
0000 0012 1710748200761 -87.0625 -68.0 5.497787143782138 1
0000 0003 1710748200761 -10.375 -74.0 4.2092432819582 1
0000 0000 1710748200761 20.125 -75.5 6.043884304269426 1
0000 0002 1710748200762 30.1875 -80.5 3.7981364308048478 1
0000 0004 1710748200762 29.25 -61.5 1.6198837120072371 1
0000 0013 1710748200763 -16.25 -62.0 3.442252888015379 1
0000 0005 1710748200763 10.5625 -58.0 3.466796580621549 1
0000 0006 1710748200763 -13.0 -64.0 3.6017868899554855 1
0000 0007 1710748200764 52.0625 -64.0 2.4911847995262812 1
0000 0012 1710748200764 126.9375 -68.0 5.3198453723874035 1
0000 0014 1710748200764 -104.125 -69.5 2.8409324191642074 1
0000 0000 1710748201011 -17.0625 -75.5 6.1850105367549055 1
0000 0003 1710748201011 -3.0 -74.0 0.8406214717613314 1
0000 0007 1710748201011 -32.5 -63.5 2.4911847995262812 1
0000 0005 1710748201011 -3.25 -57.5 3.423845118560751 1
0000 0012 1710748201012 -76.4375 -68.5 5.835262917116979 1
0000 0013 1710748201012 0.0 -63.0 3.227495577711389 1
0000 0004 1710748201013 32.5 -61.5 1.5401167110371838 1
0000 0014 1710748201013 -65.0625 -68.0 2.5770877236478773 1
0000 0006 1710748201013 -39.0 -63.5 3.9085830475326135 1
0000 0000 1710748201014 12.1875 -74.5 0.11351457830353745 1
0000 0003 1710748201014 5.4375 -74.0 0.06135923151542565 1
0000 0014 1710748201236 84.625 -68.5 2.423689644859313 1
0000 0013 1710748201236 22.75 -63.0 3.147728576741336 1
0000 0004 1710748201237 65.0625 -62.0 1.4296700943094176 1
0000 0007 1710748201237 39.0 -64.0 2.411417798556228 1
0000 0006 1710748201237 29.25 -63.5 3.8840393549264434 1
0000 0005 1710748201238 -32.5 -58.0 3.423845118560751 1
0000 0012 1710748201238 -30.875 -69.5 5.632777453116074 1
0000 0000 1710748201238 -78.0625 -72.5 0.25157284921324513 1
0000 0003 1710748201238 7.875 -74.0 0.04295146206079795 1
0000 0014 1710748201239 -13.0 -68.0 2.448233337465483 1
0000 0005 1710748201239 24.375 -58.0 3.356349963893783 1
0000 0013 1710748201239 -3.25 -63.0 3.117048960983623 1
0000 0007 1710748201240 -29.25 -63.5 2.4850488763747385 1
0000 0004 1710748201240 48.8125 -62.0 1.380582709097077 1
0000 0006 1710748201241 -61.8125 -63.5 4.111068511533518 1
0000 0012 1710748201241 -34.9375 -70.5 5.706408530934585 1
0000 0000 1710748201260 -21.9375 -74.5 6.234097921967246 1
0000 0003 1710748201521 3.0 -74.0 6.264777537724958 1
0000 0004 1710748201521 6.5 -61.5 1.4173982480063325 1
0000 0006 1710748201521 26.0 -63.0 3.9147189706841563 1
0000 0005 1710748201522 6.5 -58.5 3.356349963893783 1
0000 0007 1710748201522 19.5 -63.5 2.36846633649543 1
0000 0012 1710748201522 59.375 -70.5 5.356660911296659 1
0000 0013 1710748201522 -65.0625 -63.0 3.1354567304382504 1
0000 0014 1710748201523 -78.0625 -68.5 2.6261751088602177 1
0000 0000 1710748201523 -22.75 -75.0 0.0030679615757712823 1
0000 0003 1710748201523 6.0625 -74.5 0.018407769454627694 1
0000 0007 1710748201669 22.75 -63.5 2.423689644859313 1
0000 0005 1710748201669 6.5 -58.0 3.3747577333484107 1
0000 0014 1710748201670 -113.875 -68.0 2.693670263527186 1
0000 0012 1710748201670 -239.25 -70.0 5.988660995905543 1
0000 0004 1710748201670 19.5 -61.5 1.282407938672396 1
0000 0006 1710748201671 -45.5625 -63.0 3.9085830475326135 1
0000 0013 1710748201671 -42.3125 -62.5 3.1354567304382504 1
0000 0003 1710748201671 -1.1875 -74.5 6.22182607566416 1
0000 0000 1710748201671 -11.6875 -76.5 0.018407769454627694 1
0000 0005 1710748201672 -3.25 -58.0 3.399301425954581 1
0000 0006 1710748201672 -29.25 -63.0 3.7981364308048478 1
0000 0004 1710748201672 29.25 -61.5 1.2455923997631406 1
0000 0012 1710748201673 -81.375 -69.5 5.822991070813893 1
0000 0007 1710748201673 29.25 -63.5 2.423689644859313 1
0000 0013 1710748201673 3.25 -63.0 3.0066023442558567 1
0000 0014 1710748201674 -13.0 -68.5 2.521864415283994 1
0000 0003 1710748201760 13.375 -74.5 6.037748381117884 1
0000 0000 1710748201916 -0.9375 -77.0 5.767767762450011 1
0000 0005 1710748201916 -13.0 -58.0 3.429981041712294 1
0000 0013 1710748201916 -58.5625 -62.5 3.1354567304382504 1
0000 0007 1710748201917 39.0 -63.5 2.4911847995262812 1
0000 0014 1710748201917 -91.125 -67.5 2.675262494072558 1
0000 0004 1710748201917 39.0 -61.0 1.227184630308513 1
0000 0006 1710748201918 -48.8125 -63.0 3.7981364308048478 1
0000 0012 1710748201918 27.625 -70.5 5.66959299202533 1
0000 0003 1710748201918 9.75 -74.5 6.025476534814799 1
0000 0000 1710748201919 -1.9375 -77.0 5.829126993965437 1
0000 0007 1710748201919 16.25 -64.0 2.5280003384355365 1
0000 0006 1710748201919 -9.75 -62.5 3.80427235395639 1
0000 0004 1710748201920 26.0 -61.5 1.2455923997631406 1
0000 0005 1710748201920 -6.5 -58.0 3.4054373491061236 1
0000 0013 1710748201920 48.8125 -62.5 2.9697868053466014 1
0000 0014 1710748201921 68.3125 -68.5 2.478912953223196 1
0000 0012 1710748201921 -65.875 -71.0 5.730952223540755 1
0000 0003 1710748202011 10.375 -74.5 5.9518454569962875 1
