0000 0015 1710748273414 16.25 -62.0 1.0983302441261191 1
0000 0008 1710748273414 6.5 -60.0 3.6692820446224537 1
0000 0009 1710748273415 17.0625 -56.0 6.178874613603362 1
0000 0003 1710748273415 6.0 -75.0 5.546874528994478 1
0000 0011 1710748273415 19.5 -54.0 1.2210487071569704 1
0000 0014 1710748273416 0.0 -56.5 2.8838838812250054 1
0000 0008 1710748273417 -55.3125 -60.0 3.761320891895592 1
0000 0004 1710748273417 13.0 -56.5 2.8102528034064944 1
0000 0009 1710748273418 7.3125 -56.0 6.22182607566416 1
0000 0007 1710748273418 -13.0 -58.0 5.105088062083414 1
0000 0001 1710748273418 32.5 -58.0 0.0859029241215959 1
0000 0010 1710748273419 0.0 -65.0 5.019185137961818 1
0000 0006 1710748273420 -9.75 -57.0 2.552544031041707 1
0000 0005 1710748273420 17.0625 -68.0 1.533980787885641 1
0000 0015 1710748273421 19.5 -62.5 1.0676506283684062 1
0000 0000 1710748273421 -117.9375 -67.0 4.724660826687775 1
0000 0013 1710748273421 -91.125 -69.5 4.945554060143307 1
0000 0012 1710748273422 240.875 -71.5 0.5338253141842031 1
0000 0003 1710748273619 2.125 -74.5 5.638913376267617 1
0000 0002 1710748273619 -2.5625 -79.0 5.442563835418255 1
0000 0014 1710748273619 -22.75 -56.5 2.9084275738311756 1
0000 0006 1710748273620 -16.25 -57.0 2.6323110320117604 1
0000 0011 1710748273620 42.3125 -54.0 1.184233168247715 1
0000 0007 1710748273621 19.5 -58.0 5.049864753719531 1
0000 0001 1710748273621 26.0 -58.5 0.2699806186678728 1
0000 0012 1710748273621 -68.3125 -70.0 0.9142525495798421 1
0000 0013 1710748273622 32.5 -69.0 4.749204519293945 1
0000 0008 1710748273622 9.75 -60.0 3.724505352986337 1
0000 0005 1710748273623 -71.5625 -66.5 1.5830681730979816 1
0000 0000 1710748273623 -162.75 -68.0 4.945554060143307 1
0000 0010 1710748273624 -29.25 -64.0 5.0682725231741586 1
0000 0009 1710748273624 10.5625 -56.5 6.22182607566416 1
0000 0004 1710748273625 6.5 -56.5 2.8716120349219203 1
0000 0015 1710748273625 68.3125 -62.0 1.000155473701438 1
0000 0002 1710748273750 -2.875 -80.5 5.387340527054372 1
0000 0003 1710748273750 4.375 -75.0 5.638913376267617 1
0000 0009 1710748273751 -7.3125 -56.5 6.2463697682703305 1
0000 0008 1710748273751 3.25 -59.5 3.730641276137879 1
0000 0006 1710748273752 -26.0 -57.0 2.6568547246179306 1
0000 0007 1710748273752 22.75 -58.0 5.037592907416445 1
0000 0011 1710748273752 16.25 -54.0 1.239456476611598 1
0000 0005 1710748273753 32.5 -67.0 1.5707963267948966 1
0000 0001 1710748273753 3.25 -58.5 0.3374757733348411 1
0000 0013 1710748273754 39.0 -69.5 4.614214209960009 1
0000 0004 1710748273754 -9.75 -57.0 2.945243112740431 1
0000 0010 1710748273754 19.5 -64.5 5.0682725231741586 1
0000 0014 1710748273755 16.25 -56.5 2.82252464970958 1
0000 0015 1710748273755 -22.75 -62.0 1.1965050145508 1
0000 0000 1710748273756 34.9375 -68.5 4.601942363656923 1
0000 0012 1710748273756 -65.875 -71.5 1.000155473701438 1
0000 0003 1710748273930 0.4375 -75.0 5.712544454086128 1
0000 0002 1710748273930 -8.4375 -79.5 5.64504929941916 1
0000 0005 1710748273931 71.5625 -67.0 1.4603497100671303 1
0000 0011 1710748273931 22.75 -54.5 1.2455923997631406 1
0000 0000 1710748273932 55.3125 -68.5 4.6878452877785195 1
0000 0010 1710748273932 -52.0625 -64.0 5.080544369477243 1
0000 0007 1710748273932 -35.75 -58.0 5.135767677841127 1
0000 0001 1710748273933 16.25 -58.5 0.44178646691106466 1
0000 0013 1710748273933 -100.875 -69.0 4.816699673960914 1
0000 0015 1710748273934 26.0 -62.5 1.0615147052168636 1
0000 0008 1710748273934 -22.75 -60.0 3.8288160465625602 1
0000 0009 1710748273935 10.5625 -56.5 6.252505691421874 1
0000 0014 1710748273935 16.25 -56.5 2.816388726558037 1
0000 0012 1710748273936 32.5 -71.5 0.8222137023067037 1
0000 0004 1710748273936 0.0 -57.0 2.945243112740431 1
0000 0006 1710748273937 3.25 -57.0 2.6016314162540475 1
0000 0002 1710748274025 -0.5625 -80.0 2.2027964114037806 1
0000 0003 1710748274121 4.6875 -75.0 5.749359992995383 1
0000 0010 1710748274121 -55.3125 -64.5 5.1725832167503825 1
0000 0009 1710748274121 3.25 -56.0 0.0 1
0000 0000 1710748274122 -156.1875 -69.0 4.859651136021712 1
0000 0008 1710748274122 -32.5 -60.0 3.834951969714103 1
0000 0001 1710748274122 6.5 -58.5 0.4908738521234052 1
0000 0013 1710748274123 55.3125 -69.5 4.71238898038469 1
0000 0012 1710748274123 185.5 -71.0 0.5767767762450011 1
0000 0007 1710748274124 -52.0625 -58.5 5.141903600992669 1
0000 0005 1710748274125 78.0625 -67.0 1.3928545554001621 1
0000 0014 1710748274125 -3.25 -56.5 2.8716120349219203 1
0000 0011 1710748274126 39.0 -54.0 1.2210487071569704 1
0000 0006 1710748274127 0.0 -57.5 2.6139032625571326 1
0000 0004 1710748274127 22.75 -56.5 2.890019804376548 1
0000 0015 1710748274128 9.75 -62.0 1.1106020904292042 1
0000 0002 1710748274128 -7.875 -80.0 2.3930100291016 1
0000 0003 1710748274262 3.6875 -75.0 5.626641529964532 1
0000 0013 1710748274262 -68.3125 -69.0 4.988505522204105 1
0000 0005 1710748274262 -71.5625 -67.0 1.6996507129772904 1
0000 0014 1710748274263 13.0 -56.5 2.84706834231575 1
0000 0001 1710748274263 16.25 -58.5 0.4970097752749477 1
0000 0004 1710748274264 -22.75 -57.0 3.0127382674073995 1
0000 0006 1710748274264 -13.0 -57.0 2.675262494072558 1
0000 0011 1710748274264 19.5 -54.5 1.2578642460662257 1
0000 0015 1710748274265 19.5 -62.0 1.1106020904292042 1
0000 0010 1710748274265 -48.8125 -64.0 5.178719139901925 1
0000 0000 1710748274266 -45.5625 -68.5 4.884194828627882 1
0000 0009 1710748274266 -30.875 -55.5 0.06135923151542565 1
0000 0008 1710748274266 -26.0 -59.5 3.877903431774901 1
0000 0007 1710748274267 -9.75 -58.5 5.074408446325701 1
0000 0012 1710748274267 227.8125 -72.0 0.521553467881118 1
0000 0002 1710748274267 8.1875 -80.0 2.2089323345553233 1
0000 0003 1710748274377 -0.125 -75.5 5.6941366846315 1
0000 0003 1710748274377 -0.625 -75.0 5.632777453116074 1
0000 0003 1710748274377 9.875 -75.0 5.45483568172134 1
0000 0003 1710748274378 0.8125 -75.0 5.706408530934585 1
0000 0009 1710748274382 21.125 -55.5 6.264777537724958 1
0000 0008 1710748274382 -29.25 -59.5 3.816544200259475 1
0000 0005 1710748274383 -61.8125 -67.0 1.5953400194010667 1
0000 0011 1710748274383 22.75 -54.5 1.227184630308513 1
0000 0004 1710748274383 16.25 -57.0 2.9391071895888885 1
0000 0006 1710748274384 -16.25 -57.5 2.6875343403756435 1
0000 0015 1710748274384 22.75 -62.0 1.0799224746714913 1
0000 0013 1710748274385 -65.0625 -69.0 4.76147636559703 1
0000 0010 1710748274385 0.0 -63.5 5.0682725231741586 1
0000 0014 1710748274385 13.0 -56.5 2.84706834231575 1
0000 0001 1710748274386 19.5 -58.5 0.5276893910326605 1
0000 0000 1710748274386 62.625 -68.0 4.706253057233147 1
0000 0007 1710748274387 -9.75 -58.0 5.056000676871073 1
0000 0012 1710748274387 10.5625 -72.5 0.6442719309119693 1
0000 0002 1710748274519 10.375 -80.0 2.012582793705961 1
0000 0003 1710748274520 4.875 -75.0 5.418020142812084 1
0000 0010 1710748274520 -71.5625 -64.0 5.184855063053467 1
0000 0013 1710748274520 58.5625 -69.5 4.651029748869264 1
0000 0009 1710748274521 13.8125 -55.5 6.2463697682703305 1
0000 0011 1710748274521 16.25 -55.0 1.214912784005428 1
0000 0001 1710748274522 -39.0 -58.5 0.5583690067903734 1
0000 0015 1710748274522 55.3125 -62.5 1.0369710126106935 1
0000 0008 1710748274522 -22.75 -59.5 3.767456815047135 1
0000 0007 1710748274523 -3.25 -58.5 4.988505522204105 1
0000 0000 1710748274523 69.125 -67.5 4.614214209960009 1
0000 0005 1710748274523 -3.25 -67.0 1.5830681730979816 1
0000 0006 1710748274524 19.5 -57.0 2.6016314162540475 1
0000 0014 1710748274524 -13.0 -56.5 2.8716120349219203 1
0000 0004 1710748274524 -9.75 -57.0 2.9268353432858034 1
0000 0012 1710748274525 156.1875 -71.5 0.5890486225480862 1
0000 0002 1710748274693 -20.125 -79.0 5.773903685601553 1
0000 0005 1710748274693 13.8125 -66.5 1.4358060174609601 1
0000 0006 1710748274694 -9.75 -57.0 2.5832236467994196 1
0000 0014 1710748274694 29.25 -56.5 2.8102528034064944 1
0000 0009 1710748274694 -21.125 -55.5 6.270913460876501 1
0000 0013 1710748274695 -9.75 -69.5 4.755340442445488 1
0000 0010 1710748274695 13.0 -64.5 4.957825906446392 1
0000 0011 1710748274695 3.25 -54.5 1.239456476611598 1
0000 0015 1710748274696 29.25 -62.0 1.0921943209745766 1
0000 0007 1710748274696 -16.25 -58.5 5.00077736850719 1
0000 0001 1710748274697 16.25 -58.5 0.4172427743048944 1
0000 0000 1710748274697 -45.5625 -68.0 4.755340442445488 1
0000 0008 1710748274697 0.0 -59.0 3.7122335066832517 1
0000 0004 1710748274698 16.25 -56.5 2.8654761117703775 1
0000 0012 1710748274698 -107.375 -71.5 0.8651651643675016 1
0000 0002 1710748274698 -6.6875 -79.0 5.381204603902829 1
0000 0012 1710748274920 59.375 -73.0 0.5829126993965437 1
0000 0010 1710748274920 -32.5 -64.5 4.945554060143307 1
0000 0015 1710748274921 22.75 -62.0 1.0983302441261191 1
0000 0001 1710748274921 9.75 -58.0 0.42337869745643697 1
0000 0004 1710748274921 19.5 -56.5 2.8286605728611223 1
0000 0014 1710748274922 -16.25 -56.5 2.8838838812250054 1
0000 0011 1710748274922 22.75 -54.5 1.1903690913992575 1
0000 0008 1710748274922 -26.0 -58.5 3.7429131224409646 1
0000 0009 1710748274923 -7.3125 -55.0 6.22182607566416 1
0000 0006 1710748274923 6.5 -57.0 2.564815877344792 1
0000 0005 1710748274923 9.75 -66.5 1.4296700943094176 1
0000 0000 1710748274924 19.5 -68.5 4.626486056263094 1
0000 0007 1710748274924 26.0 -58.5 4.921010367537137 1
0000 0013 1710748274924 -39.0 -68.0 4.847379289718626 1
0000 0002 1710748274925 -16.4375 -79.0 5.313709449235861 1
0000 0007 1710748274925 19.5 -58.0 4.92714629068868 1
0000 0001 1710748274925 -3.25 -58.5 0.37429131224409645 1
0000 0006 1710748274926 -6.5 -57.0 2.5586799541932495 1
0000 0004 1710748274926 29.25 -56.5 2.791845033951867 1
0000 0009 1710748274926 -27.625 -55.5 6.2463697682703305 1
0000 0010 1710748274927 94.375 -64.5 4.792155981354743 1
0000 0013 1710748274927 39.0 -68.5 4.755340442445488 1
0000 0014 1710748274927 22.75 -56.5 2.8409324191642074 1
0000 0015 1710748274928 -26.0 -62.0 1.1290098598838318 1
0000 0008 1710748274929 -19.5 -58.5 3.706097583531709 1
0000 0011 1710748274929 16.25 -55.0 1.1965050145508 1
0000 0005 1710748274929 68.3125 -66.5 1.4296700943094176 1
0000 0012 1710748274930 231.0625 -72.5 0.37429131224409645 1
0000 0000 1710748274930 -83.0 -68.0 4.724660826687775 1
0000 0002 1710748275024 0.0 -79.0 5.209398755659637 1
0000 0015 1710748275101 -13.0 -62.0 1.1167380135807468 1
0000 0001 1710748275101 22.75 -58.5 0.46019423636569234 1
0000 0009 1710748275102 0.0 -54.5 6.129787228391022 1
0000 0004 1710748275102 19.5 -56.5 2.82252464970958 1
0000 0000 1710748275102 -55.3125 -67.5 4.779884135051658 1
0000 0013 1710748275103 -6.5 -68.0 4.908738521234052 1
0000 0008 1710748275103 9.75 -57.5 3.54042765844006 1
0000 0014 1710748275103 9.75 -57.0 2.9759227284981438 1
0000 0011 1710748275104 13.0 -55.0 1.0983302441261191 1
0000 0006 1710748275104 74.8125 -56.5 2.350058567040802 1
0000 0007 1710748275104 -6.5 -58.5 4.9823695990525625 1
0000 0005 1710748275105 9.75 -67.0 1.7241944055834606 1
0000 0010 1710748275105 -55.3125 -64.5 4.6878452877785195 1
0000 0012 1710748275105 224.5625 -71.5 0.6013204688511713 1
0000 0002 1710748275107 19.5 -79.0 5.442563835418255 1
0000 0003 1710748275107 2.5625 -75.0 2.5402721847386216 1
0000 0006 1710748275220 26.0 -56.5 2.1475731030398975 1
0000 0012 1710748275220 -123.6875 -71.5 1.8653206380689396 1
0000 0004 1710748275221 3.25 -57.0 2.8654761117703775 1
0000 0011 1710748275221 19.5 -58.0 0.5399612373357456 1
0000 0013 1710748275221 -45.5625 -68.5 5.356660911296659 1
0000 0005 1710748275222 -74.8125 -66.0 2.36846633649543 1
0000 0010 1710748275222 19.5 -63.5 3.6324665057131984 1
0000 0009 1710748275222 3.25 -53.0 5.896622148632405 1
0000 0008 1710748275223 6.5 -56.5 2.9943304979527716 1
0000 0000 1710748275223 16.25 -67.5 4.908738521234052 1
0000 0014 1710748275224 -16.25 -57.5 3.1354567304382504 1
0000 0015 1710748275224 6.5 -63.5 1.1965050145508 1
0000 0001 1710748275224 13.0 -59.0 1.214912784005428 1
0000 0007 1710748275225 -29.25 -58.5 4.884194828627882 1
0000 0003 1710748275225 -9.125 -73.5 5.767767762450011 1
0000 0002 1710748275225 -15.25 -78.5 6.007068765360171 1
0000 0007 1710748275336 35.75 -60.0 4.442408361716817 1
0000 0003 1710748275337 -45.5625 -69.5 2.3439226438892597 1
0000 0010 1710748275337 13.0 -56.0 2.0800779483729293 1
0000 0005 1710748275337 -26.0 -64.5 3.1968159619536762 1
0000 0000 1710748275338 90.3125 -66.5 4.608078286808466 1
0000 0006 1710748275338 32.5 -57.5 1.1044661672776617 1
0000 0013 1710748275338 -26.0 -64.0 5.681864838328415 1
0000 0015 1710748275339 -68.3125 -66.5 1.4173982480063325 1
0000 0004 1710748275339 48.8125 -59.0 2.4175537217077703 1
0000 0008 1710748275339 6.5 -52.5 1.4296700943094176 1
0000 0014 1710748275340 0.0 -58.0 2.791845033951867 1
0000 0011 1710748275340 -152.9375 -70.0 4.172427743048944 1
0000 0009 1710748275340 -13.8125 -57.0 4.871922982324796 1
0000 0001 1710748275341 16.25 -58.5 1.9819031779482483 1
0000 0012 1710748275341 -21.125 -69.5 0.8160777791551611 1
0000 0002 1710748275341 27.4375 -78.5 5.792311455056181 1
0000 0006 1710748275460 -29.25 -61.0 5.356660911296659 1
0000 0015 1710748275461 55.3125 -68.0 1.2455923997631406 1
0000 0014 1710748275461 0.0 -59.0 2.945243112740431 1
0000 0009 1710748275461 17.0625 -61.5 0.9265243958829272 1
0000 0007 1710748275462 152.9375 -66.5 1.4848934026733007 1
0000 0005 1710748275462 -65.0625 -67.5 2.4727770300716534 1
0000 0000 1710748275462 -10.5625 -66.0 3.9392626632903265 1
0000 0008 1710748275463 0.0 -51.0 6.166602767300278 1
0000 0012 1710748275463 -55.3125 -67.5 1.2762720155208536 1
0000 0010 1710748275463 29.25 -56.0 0.4295146206079795 1
0000 0001 1710748275464 61.8125 -59.0 2.2027964114037806 1
0000 0011 1710748275464 -87.875 -67.0 4.878058905476339 1
0000 0003 1710748275464 26.0 -66.0 1.5892040962495242 1
0000 0013 1710748275465 3.25 -62.0 6.050020227420969 1
0000 0004 1710748275465 45.5625 -64.0 0.2761165418194154 1
0000 0002 1710748275465 -9.125 -78.0 4.847379289718626 1
0000 0003 1710748275629 32.5 -70.0 0.03681553890925539 1
0000 0006 1710748275630 6.5 -58.5 2.5341362615870793 1
0000 0014 1710748275630 -3.25 -60.5 3.2827188860752723 1
0000 0013 1710748275630 45.5625 -64.0 6.191146459906448 1
0000 0008 1710748275631 -16.25 -57.0 2.2457478734645786 1
0000 0010 1710748275631 -13.0 -61.5 4.473087977474529 1
0000 0012 1710748275631 16.25 -64.5 2.012582793705961 1
0000 0005 1710748275632 -3.25 -59.0 5.878214379177777 1
0000 0011 1710748275633 -16.25 -64.5 2.804116880254952 1
0000 0000 1710748275633 24.375 -68.5 1.3621749396424494 1
0000 0004 1710748275633 -68.3125 -62.0 4.81056375080937 1
0000 0001 1710748275634 81.375 -69.5 0.9940195505498954 1
0000 0007 1710748275634 -13.0 -65.0 4.890330751779424 1
0000 0002 1710748275634 -17.0625 -78.0 0.07976700097005335 1
0000 0009 1710748275635 -1.1875 -68.5 1.0492428589137786 1
0000 0015 1710748275635 -0.25 -72.5 4.28287435977671 1
0000 0004 1710748275775 -3.25 -61.5 0.01227184630308513 1
0000 0009 1710748275775 21.125 -62.0 0.2086213871524472 1
0000 0014 1710748275775 55.3125 -63.5 3.2520392703175593 1
0000 0005 1710748275776 -6.5 -64.5 1.2946797849754812 1
0000 0013 1710748275776 -45.5625 -63.5 0.21475731030398976 1
0000 0006 1710748275776 -3.25 -63.5 3.8840393549264434 1
0000 0001 1710748275777 -185.5 -68.0 5.460971604872882 1
0000 0003 1710748275777 -74.8125 -68.0 3.9085830475326135 1
0000 0011 1710748275777 48.8125 -67.0 5.411884219660542 1
0000 0007 1710748275778 6.5 -60.5 0.7792622402459057 1
0000 0015 1710748275778 29.25 -69.5 0.9019807032767571 1
0000 0012 1710748275779 208.3125 -70.0 2.9759227284981438 1
0000 0008 1710748275779 -2.4375 -63.0 5.203262832508095 1
0000 0000 1710748275779 -6.0625 -74.5 3.7551849687440497 1
0000 0004 1710748275941 9.75 -62.5 3.9453985864418692 1
0000 0008 1710748275942 19.5 -53.5 1.1290098598838318 1
0000 0006 1710748275942 87.875 -72.0 1.4542137869155878 1
0000 0013 1710748275942 9.75 -65.0 2.0800779483729293 1
0000 0014 1710748275943 -42.3125 -68.0 2.5586799541932495 1
0000 0015 1710748275943 22.75 -68.5 0.8835729338221293 1
0000 0012 1710748275943 -58.5625 -67.5 3.650874275167826 1
0000 0000 1710748275943 21.125 -70.0 2.061670178918302 1
0000 0005 1710748275944 -128.5625 -69.0 5.994796919057086 1
0000 0007 1710748275944 -10.375 -72.0 5.307573526084319 1
0000 0008 1710748275944 13.0 -65.5 0.23316507975861744 1
0000 0005 1710748275945 -32.5 -57.0 3.4606606574700063 1
0000 0013 1710748275945 32.5 -63.5 3.54042765844006 1
0000 0012 1710748275945 13.0 -66.0 4.3933209765044765 1
0000 0004 1710748275946 42.3125 -59.5 1.902136176978195 1
0000 0007 1710748275946 29.25 -62.5 2.0064468705544187 1
0000 0006 1710748275947 19.5 -65.5 3.393165502803038 1
0000 0000 1710748276185 -2.5625 -76.5 2.9575149590435164 1
0000 0014 1710748276185 0.8125 -74.0 5.9088939949354895 1
0000 0006 1710748276186 26.0 -62.0 3.0066023442558567 1
0000 0007 1710748276186 -6.5 -63.5 1.945087639038993 1
0000 0005 1710748276186 6.5 -56.0 3.0925052683774528 1
0000 0004 1710748276187 39.0 -60.0 1.141281706186917 1
0000 0013 1710748276187 -39.0 -62.0 3.5342917352885173 1
0000 0012 1710748276187 -7.3125 -67.0 4.399456899656019 1
0000 0014 1710748276188 1.8125 -73.0 5.841398840268521 1
0000 0000 1710748276188 -16.125 -77.0 5.651185222570702 1
0000 0013 1710748276188 3.25 -62.5 3.411573272257666 1
0000 0004 1710748276189 -6.5 -60.5 1.012427320004523 1
0000 0012 1710748276189 -19.5 -68.0 4.166291819897402 1
0000 0006 1710748276189 9.75 -62.0 2.8777479580734626 1
0000 0005 1710748276190 19.5 -56.5 3.153864499892878 1
0000 0007 1710748276190 35.75 -64.0 1.718058482431918 1
0000 0014 1710748276273 14.0 -72.5 5.890486225480862 1
0000 0003 1710748276524 0.25 -79.0 5.295301679781233 1
0000 0005 1710748276524 -19.5 -57.5 3.2949907323783574 1
0000 0006 1710748276525 42.3125 -61.5 2.890019804376548 1
0000 0004 1710748276525 6.5 -61.0 0.8528933180644165 1
0000 0012 1710748276526 16.25 -68.0 4.325825821837508 1
0000 0007 1710748276526 65.0625 -63.5 1.9634954084936207 1
0000 0013 1710748276527 -55.3125 -62.5 3.32567034813607 1
0000 0014 1710748276527 -8.5 -72.0 5.994796919057086 1
0000 0003 1710748276527 2.875 -79.5 5.049864753719531 1
0000 0006 1710748276754 52.0625 -61.5 2.7979809571034093 1
0000 0004 1710748276755 45.5625 -62.5 0.705631162427395 1
0000 0013 1710748276755 -61.8125 -62.5 3.2704470397721868 1
0000 0005 1710748276755 9.75 -57.0 3.32567034813607 1
0000 0012 1710748276756 3.25 -67.5 4.313553975534423 1
0000 0007 1710748276756 58.5625 -63.5 2.024854640009046 1
0000 0014 1710748276756 41.5 -72.0 5.905826033359719 1
0000 0003 1710748276757 10.9375 -78.0 1.7732817907958012 1
0000 0000 1710748276757 -17.6875 -76.5 5.872078456026235 1
0000 0013 1710748276757 -152.9375 -62.5 3.4177091954092087 1
0000 0004 1710748276758 16.25 -61.5 0.8835729338221293 1
0000 0012 1710748276758 52.0625 -66.5 4.3074180523828804 1
0000 0007 1710748276759 22.75 -64.0 1.9144080232812801 1
0000 0006 1710748276759 -19.5 -62.0 3.0372819600135696 1
0000 0005 1710748276759 16.25 -57.5 3.2827188860752723 1
0000 0014 1710748276760 -4.875 -72.0 5.869010494450463 1
0000 0003 1710748276773 28.0625 -78.0 1.736466251886546 1
0000 0000 1710748276774 1.8125 -76.0 5.393476450205914 1
0000 0005 1710748277019 -3.25 -57.0 3.2949907323783574 1
0000 0012 1710748277019 -22.75 -66.5 4.331961744989051 1
0000 0006 1710748277019 35.75 -62.0 2.9820586516496865 1
0000 0013 1710748277019 29.25 -62.0 3.0925052683774528 1
0000 0007 1710748277020 48.8125 -64.0 1.7548740213411735 1
0000 0004 1710748277020 -13.0 -62.5 0.944932165337555 1
0000 0000 1710748277020 4.25 -75.5 5.491651220630596 1
0000 0003 1710748277021 0.0 -77.0 1.9696313316451632 1
0000 0014 1710748277021 17.6875 -72.5 5.767767762450011 1
0000 0013 1710748277021 -3.25 -62.5 3.1231848841351653 1
0000 0005 1710748277022 16.25 -57.5 3.2520392703175593 1
0000 0012 1710748277022 -78.0625 -67.0 4.4362724385652745 1
0000 0006 1710748277023 9.75 -61.5 3.0250101137104846 1
0000 0004 1710748277023 6.5 -62.0 0.8713010875190442 1
0000 0007 1710748277024 91.125 -64.0 1.6935147898257479 1
0000 0000 1710748277024 9.75 -75.5 5.45483568172134 1
0000 0003 1710748277024 1.1875 -77.0 2.086213871524472 1
0000 0014 1710748277025 -5.4375 -72.5 5.872078456026235 1
0000 0004 1710748277284 -32.5 -62.5 0.9019807032767571 1
0000 0006 1710748277285 32.5 -61.5 3.0495538063166547 1
0000 0005 1710748277285 -27.625 -58.0 3.3011266555298997 1
0000 0013 1710748277285 -52.0625 -62.0 3.32567034813607 1
0000 0012 1710748277286 6.5 -66.5 4.534447208989955 1
0000 0007 1710748277286 81.375 -64.0 1.748738098189631 1
0000 0014 1710748277286 -22.75 -69.0 2.012582793705961 1
0000 0000 1710748277287 27.625 -74.5 5.743224069843841 1
0000 0003 1710748277287 -16.4375 -77.0 5.393476450205914 1
0000 0014 1710748277505 221.3125 -69.5 1.6935147898257479 1
0000 0007 1710748277505 13.0 -63.5 1.7978254834019713 1
0000 0006 1710748277506 32.5 -62.0 3.0925052683774528 1
0000 0004 1710748277506 39.0 -62.0 0.760854470791278 1
0000 0013 1710748277506 13.0 -62.0 3.147728576741336 1
0000 0005 1710748277507 3.25 -58.0 3.2581751934691017 1
0000 0012 1710748277507 13.0 -66.0 4.417864669110647 1
0000 0000 1710748277507 29.25 -74.5 5.896622148632405 1
0000 0003 1710748277508 4.875 -75.5 5.445631796994026 1
0000 0013 1710748277508 -13.0 -62.0 3.1968159619536762 1
0000 0004 1710748277508 -32.5 -62.5 0.9081166264282996 1
0000 0012 1710748277509 35.75 -66.0 4.448544284868359 1
0000 0006 1710748277510 -16.25 -62.0 3.184544115650591 1
0000 0005 1710748277510 0.0 -57.5 3.215223731408304 1
0000 0007 1710748277511 84.625 -64.0 1.6812429435226628 1
0000 0014 1710748277511 29.25 -70.5 2.1537090261914402 1
0000 0003 1710748277775 5.4375 -76.0 5.313709449235861 1
0000 0000 1710748277775 -6.0625 -75.5 5.878214379177777 1
0000 0013 1710748277775 19.5 -62.5 3.147728576741336 1
0000 0007 1710748277776 48.8125 -63.5 1.748738098189631 1
0000 0014 1710748277776 -26.0 -69.0 2.0064468705544187 1
0000 0012 1710748277776 52.0625 -66.5 4.246058820867455 1
0000 0004 1710748277777 13.0 -62.5 0.8099418560036186 1
0000 0005 1710748277777 0.0 -57.5 3.184544115650591 1
0000 0006 1710748277777 3.25 -61.5 3.160000423044421 1
0000 0003 1710748277778 40.6875 -75.0 2.052466294190988 1
0000 0000 1710748277778 14.625 -76.5 5.675728915176872 1
0000 0012 1710748278024 -22.75 -67.0 4.4362724385652745 1
0000 0006 1710748278024 -13.0 -61.5 3.2090878082567613 1
0000 0007 1710748278025 78.0625 -64.0 1.748738098189631 1
0000 0014 1710748278025 45.5625 -69.0 1.9205439464328227 1
0000 0005 1710748278025 -3.25 -58.0 3.160000423044421 1
0000 0004 1710748278025 -29.25 -62.0 0.8528933180644165 1
0000 0013 1710748278026 -29.25 -62.0 3.1661363461959633 1
0000 0003 1710748278026 -14.0 -76.5 1.9819031779482483 1
0000 0000 1710748278026 -8.8125 -77.0 5.6573211457222445 1
0000 0014 1710748278257 -84.625 -70.0 2.172116795646068 1
0000 0004 1710748278258 16.25 -62.5 0.7792622402459057 1
0000 0013 1710748278258 3.25 -62.5 3.1354567304382504 1
0000 0005 1710748278258 -10.5625 -58.5 3.1784081924990484 1
0000 0006 1710748278259 -48.8125 -61.0 3.2949907323783574 1
0000 0012 1710748278259 -39.0 -66.5 4.479223900626073 1
0000 0007 1710748278259 -6.5 -63.5 1.8223691760081417 1
0000 0003 1710748278260 9.125 -77.0 1.8775924843720249 1
0000 0000 1710748278260 -0.625 -76.5 2.3439226438892597 1
0000 0005 1710748278260 -9.75 -58.5 3.129320807286708 1
0000 0004 1710748278261 26.0 -62.5 0.705631162427395 1
0000 0013 1710748278261 42.3125 -62.0 3.0066023442558567 1
0000 0006 1710748278262 -19.5 -61.5 3.32567034813607 1
0000 0007 1710748278262 -48.8125 -63.0 1.9512235621905356 1
0000 0014 1710748278262 166.0 -69.5 1.6444274046134073 1
0000 0012 1710748278263 -29.25 -67.0 4.442408361716817 1
