0000 0010 1710403577949 19.5 -60.5 4.3933209765044765 9
0000 0012 1710403577949 42.3125 -69.0 1.4051264017032472 9
0000 0007 1710403577950 117.125 -68.5 5.424156065963627 9
0000 0009 1710403577950 6.5 -70.0 0.4663301595172349 9
0000 0006 1710403577950 4.25 -74.0 0.6135923151542565 9
0000 0015 1710403578199 2.25 -73.0 0.8897088569736719 9
0000 0004 1710403578199 48.8125 -69.0 0.6258641614573416 9
0000 0012 1710403578199 128.5625 -69.0 1.9696313316451632 9
0000 0010 1710403578199 -29.25 -60.0 4.479223900626073 9
0000 0007 1710403578200 94.375 -69.5 5.381204603902829 9
0000 0009 1710403578200 135.0625 -70.0 0.15339807878856412 9
0000 0006 1710403578449 -6.3125 -75.0 1.337631247036279 9
0000 0015 1710403578449 0.0 -73.0 4.135612204139688 9
0000 0004 1710403578449 100.875 -69.5 0.4356505437595221 9
0000 0007 1710403578450 16.25 -70.0 5.381204603902829 9
0000 0010 1710403578450 -16.25 -61.5 4.503767593232243 9
0000 0012 1710403578450 3.25 -67.5 2.5157284921324514 9
0000 0009 1710403578451 -38.1875 -70.0 0.21475731030398976 9
0000 0006 1710403578452 -4.25 -74.0 4.23378697456437 9
0000 0015 1710403578452 -0.625 -73.0 0.9878836273983529 9
0000 0012 1710403578698 52.0625 -66.5 2.429825568010856 9
0000 0004 1710403578698 13.0 -69.5 0.3620194659410113 9
0000 0010 1710403578698 -13.0 -61.5 4.479223900626073 9
0000 0009 1710403578699 -24.375 -70.0 6.264777537724958 9
0000 0007 1710403578699 -26.0 -69.5 5.583690067903734 9
0000 0006 1710403578699 130.1875 -71.5 3.9576704327449543 9
0000 0010 1710403578948 32.5 -62.0 4.368777283898306 9
0000 0012 1710403578948 22.75 -66.5 2.184388641949153 9
0000 0004 1710403578949 87.875 -70.0 0.35588354278946877 9
0000 0009 1710403578949 13.8125 -70.5 6.105243535784852 9
0000 0007 1710403578949 -71.5625 -68.5 5.442563835418255 9
0000 0006 1710403578949 -0.25 -74.5 4.135612204139688 9
0000 0009 1710403578950 34.9375 -70.0 6.007068765360171 9
0000 0007 1710403578950 -58.5625 -69.0 5.540738605842936 9
0000 0004 1710403578951 91.125 -70.5 0.1595340019401067 9
0000 0010 1710403578951 -6.5 -63.0 4.571262747899211 9
0000 0012 1710403578951 34.9375 -66.0 2.386874105950058 9
0000 0015 1710403579199 -1.8125 -72.5 1.0492428589137786 9
0000 0012 1710403579199 -76.4375 -64.5 2.9513790358919736 9
0000 0010 1710403579199 29.25 -65.5 5.043728830567988 9
0000 0004 1710403579199 -3.25 -71.0 0.2270291566070749 9
0000 0007 1710403579200 139.9375 -69.5 5.589825991055276 9
0000 0009 1710403579200 133.4375 -70.5 0.2086213871524472 9
0000 0015 1710403579200 6.0625 -72.0 1.0737865515199487 9
0000 0009 1710403579201 73.1875 -70.0 0.18407769454627693 9
0000 0012 1710403579201 87.875 -66.0 2.693670263527186 9
0000 0010 1710403579201 -42.3125 -65.5 5.436427912266712 9
0000 0004 1710403579201 97.625 -72.5 0.42337869745643697 9
0000 0015 1710403579202 -3.25 -70.0 4.221515128261284 9
0000 0013 1710403579202 30.875 -71.0 5.893554187056633 9
0000 0007 1710403579449 0.8125 -74.5 1.509437095279471 9
0000 0012 1710403579449 -78.0625 -65.0 3.0066023442558567 9
0000 0009 1710403579449 58.5625 -69.0 0.6013204688511713 9
0000 0004 1710403579449 100.875 -68.5 1.2885438618239387 9
0000 0013 1710403579450 94.375 -66.5 2.0923497946760143 9
0000 0010 1710403579450 -78.0625 -66.0 5.516194913236766 9
0000 0015 1710403579450 1.625 -70.0 2.5617479157690206 9
0000 0007 1710403579451 -0.5625 -74.0 4.816699673960914 9
0000 0010 1710403579451 81.375 -66.5 5.675728915176872 9
0000 0012 1710403579452 -13.8125 -64.0 2.718213956133356 9
0000 0004 1710403579452 -13.0 -67.0 2.061670178918302 9
0000 0013 1710403579452 0.0 -70.0 0.030679615757712823 9
0000 0005 1710403579453 -4.0625 -74.5 1.2517283229146832 9
0000 0007 1710403579699 0.4375 -75.0 5.8659425328746915 9
0000 0010 1710403579699 -6.5 -67.0 5.405748296509 9
0000 0013 1710403579699 35.75 -64.0 2.337786720737717 9
0000 0012 1710403579699 13.0 -65.0 3.3502140407422405 9
0000 0004 1710403579700 -13.0 -66.5 3.0066023442558567 9
0000 0005 1710403579700 9.125 -74.0 1.3744467859455345 9
0000 0007 1710403579700 17.0625 -73.5 5.602097837358362 9
0000 0004 1710403579701 -26.0 -69.0 3.736777199289422 9
0000 0003 1710403579701 -22.75 -71.0 4.09266074207889 9
0000 0013 1710403579701 16.25 -64.0 3.718369429834794 9
0000 0010 1710403579702 -48.8125 -65.5 0.03681553890925539 9
0000 0007 1710403579702 87.875 -70.0 5.749359992995383 9
0000 0012 1710403579702 -34.9375 -68.5 5.252350217720435 9
0000 0005 1710403579703 62.625 -71.5 4.4362724385652745 9
0000 0012 1710403579890 42.3125 -67.5 5.270757987175063 9
0000 0005 1710403579890 -48.8125 -69.0 4.601942363656923 9
0000 0003 1710403579890 -169.25 -72.0 5.411884219660542 9
0000 0013 1710403579891 13.0 -62.5 3.5772431973493153 9
0000 0008 1710403579891 120.4375 -65.5 4.589670517353839 9
0000 0010 1710403579891 -13.0 -65.0 1.3744467859455345 9
0000 0007 1710403579892 71.5625 -71.0 5.7616318392984684 9
0000 0000 1710403579892 65.875 -71.0 4.178563666200486 9
0000 0013 1710403579892 48.8125 -66.0 2.3930100291016 9
0000 0000 1710403579893 -55.3125 -67.5 5.730952223540755 9
0000 0005 1710403579893 -30.875 -68.0 5.405748296509 9
0000 0010 1710403579893 -39.0 -67.5 3.792000507653305 9
0000 0015 1710403579893 -71.5625 -67.0 3.4177091954092087 9
0000 0004 1710403579894 -91.125 -65.5 3.1661363461959633 9
0000 0012 1710403579894 52.0625 -71.5 0.006135923151542565 9
0000 0009 1710403579894 25.3125 -73.0 0.006135923151542565 9
0000 0007 1710403580160 2.5625 -71.0 0.6504078540635119 9
0000 0012 1710403580160 13.8125 -67.0 1.2087768608538851 9
0000 0015 1710403580160 -87.875 -70.0 2.6384469551633027 9
0000 0007 1710403580160 -81.375 -69.5 1.1719613219446299 9
0000 0010 1710403580160 -19.5 -66.0 0.7301748550335652 9
0000 0004 1710403580160 16.25 -64.0 3.792000507653305 9
0000 0013 1710403580160 81.375 -67.0 1.6751070203711202 9
0000 0010 1710403580162 -45.5625 -66.0 4.4976316700806995 9
0000 0006 1710403580162 6.5 -71.5 4.804427827657828 9
0000 0013 1710403580162 -9.75 -69.0 2.043262409463674 9
0000 0015 1710403580162 -81.375 -70.5 3.0066023442558567 9
0000 0008 1710403580163 -9.75 -65.5 6.117515382087937 9
0000 0007 1710403580163 -29.25 -66.5 3.1661363461959633 9
0000 0002 1710403580163 0.0 -74.0 6.12365130523948 9
0000 0011 1710403580164 20.75 -72.0 0.859029241215959 9
0000 0012 1710403580164 3.625 -71.5 5.1725832167503825 9
0000 0010 1710403580366 -35.75 -64.0 0.36815538909255385 9
0000 0007 1710403580366 -29.25 -62.5 2.9022916506796332 9
0000 0008 1710403580366 -13.0 -65.5 1.6812429435226628 9
0000 0006 1710403580366 175.75 -70.0 2.337786720737717 9
0000 0013 1710403580367 -6.5 -69.5 2.6016314162540475 9
0000 0015 1710403580367 -39.0625 -72.5 5.749359992995383 9
0000 0005 1710403580367 -3.5625 -72.5 1.4664856332186729 9
0000 0015 1710403580368 -61.8125 -69.5 2.8286605728611223 9
0000 0008 1710403580368 -29.25 -67.5 3.2581751934691017 9
0000 0005 1710403580368 -104.125 -68.5 4.908738521234052 9
0000 0007 1710403580369 29.25 -64.5 5.473243451175968 9
0000 0010 1710403580369 91.125 -67.0 1.5953400194010667 9
0000 0013 1710403580369 78.0625 -65.5 1.88986433067511 9
0000 0004 1710403580369 -9.75 -65.5 2.6568547246179306 9
0000 0006 1710403580370 39.0 -61.5 2.325514874434632 9
0000 0014 1710403580370 33.5625 -74.5 0.8344855486097889 9
0000 0005 1710403580657 -83.0 -66.0 5.638913376267617 9
0000 0013 1710403580657 0.0 -66.0 2.1782527187976104 9
0000 0007 1710403580657 -39.0 -67.0 3.06182565261974 9
0000 0010 1710403580657 -32.5 -68.0 3.172272269347506 9
0000 0006 1710403580658 42.3125 -62.5 2.6139032625571326 9
0000 0004 1710403580658 6.5 -63.5 3.834951969714103 9
0000 0014 1710403580658 74.8125 -71.0 0.5092816215780329 9
0000 0008 1710403580659 6.6875 -73.0 0.03681553890925539 9
0000 0002 1710403580659 -7.625 -78.5 5.252350217720435 9
0000 0009 1710403580659 -0.875 -70.5 6.264777537724958 9
0000 0012 1710403580659 0.875 -73.0 4.878058905476339 9
0000 0014 1710403580660 13.0 -65.5 0.35588354278946877 9
0000 0007 1710403580660 52.0625 -65.0 3.859495662320273 9
0000 0006 1710403580660 -3.25 -62.0 2.9575149590435164 9
0000 0009 1710403580661 -21.125 -62.0 3.6263305825616556 9
0000 0008 1710403580661 -16.25 -62.0 3.356349963893783 9
0000 0004 1710403580661 100.875 -70.5 3.32567034813607 9
0000 0002 1710403580662 42.3125 -72.5 3.9822141253511245 9
0000 0010 1710403580928 5.0 -73.0 5.473243451175968 9
0000 0012 1710403580928 0.4375 -72.0 2.399145952253143 9
0000 0009 1710403580929 -38.1875 -68.0 4.516039439535327 9
0000 0008 1710403580929 26.0 -65.5 5.006913291658733 9
0000 0010 1710403580929 52.0625 -66.0 5.006913291658733 9
0000 0012 1710403580930 42.3125 -67.5 4.914874444385594 9
0000 0006 1710403580930 -3.25 -62.5 1.8039614065535141 9
0000 0007 1710403580930 -68.3125 -64.0 3.8840393549264434 9
0000 0014 1710403580930 3.0 -74.5 1.0615147052168636 9
0000 0004 1710403580931 2.4375 -70.0 0.6749515466696822 9
0000 0011 1710403580931 -2.6875 -76.0 5.737088146692298 9
0000 0015 1710403580931 -1.125 -73.0 6.2034183062095325 9
0000 0002 1710403580932 4.5625 -77.5 5.957981380147831 9
0000 0007 1710403580932 -6.5 -69.5 1.6812429435226628 9
0000 0008 1710403580932 9.75 -71.5 4.460816131171445 9
0000 0009 1710403580933 -87.875 -70.5 4.295146206079795 9
0000 0004 1710403580933 -39.0 -62.0 0.23930100291016002 9
0000 0006 1710403580933 9.75 -67.0 2.3071071049800045 9
0000 0011 1710403580933 -104.125 -71.5 3.031146036862027 9
0000 0015 1710403580934 -100.875 -68.5 3.9208548938356986 9
0000 0010 1710403580934 120.4375 -70.0 2.650718801466388 9
0000 0000 1710403581171 11.375 -71.5 0.923456434307156 9
0000 0002 1710403581171 10.9375 -76.5 0.8528933180644165 9
0000 0005 1710403581171 -7.875 -72.0 0.16566992509164924 9
0000 0010 1710403581171 -87.875 -69.5 0.15339807878856412 9
0000 0011 1710403581172 -13.0 -68.5 1.2762720155208536 9
0000 0009 1710403581172 -48.8125 -66.5 1.5830681730979816 9
0000 0007 1710403581172 45.5625 -63.5 3.3318062712876126 9
0000 0015 1710403581173 -48.8125 -64.0 6.12365130523948 9
0000 0005 1710403581173 -4.875 -71.5 5.776971647177325 9
0000 0006 1710403581173 10.9375 -73.5 1.2210487071569704 9
0000 0005 1710403581174 201.8125 -71.5 1.282407938672396 9
0000 0007 1710403581174 169.25 -66.5 2.1475731030398975 9
0000 0011 1710403581174 78.0625 -69.0 2.9084275738311756 9
0000 0015 1710403581175 -13.0 -68.0 1.4051264017032472 9
0000 0009 1710403581175 -30.875 -61.0 4.4362724385652745 9
0000 0006 1710403581175 -58.5625 -71.0 3.810408277107933 9
0000 0003 1710403581176 126.9375 -70.5 1.9696313316451632 9
0000 0012 1710403581449 22.5625 -74.0 1.0921943209745766 9
0000 0000 1710403581449 9.75 -72.0 3.822680123411018 9
0000 0008 1710403581449 -4.25 -71.0 2.423689644859313 9
0000 0005 1710403581449 -4.1875 -74.0 2.184388641949153 9
0000 0013 1710403581450 4.0 -71.5 5.675728915176872 9
0000 0013 1710403581450 42.3125 -66.0 5.872078456026235 9
0000 0000 1710403581450 -10.5625 -69.0 3.147728576741336 9
0000 0006 1710403581451 -94.375 -69.0 4.6878452877785195 9
0000 0007 1710403581451 3.25 -70.0 2.791845033951867 9
0000 0011 1710403581452 107.375 -71.5 6.178874613603362 9
0000 0009 1710403581452 -10.5625 -61.0 0.36815538909255385 9
0000 0005 1710403581452 -135.0625 -69.0 6.1850105367549055 9
0000 0002 1710403581453 10.625 -78.0 0.3374757733348411 9
0000 0015 1710403581453 0.0 -70.5 1.846912868614312 9
0000 0003 1710403581453 -2.6875 -74.0 5.945709533844745 9
0000 0003 1710403581606 -71.5625 -71.5 3.215223731408304 9
0000 0004 1710403581606 -58.5625 -67.5 6.062292073724054 9
0000 0009 1710403581607 41.5 -60.5 2.650718801466388 9
0000 0015 1710403581607 107.375 -67.5 0.7363107781851077 9
0000 0007 1710403581607 218.0625 -69.5 3.043417883165112 9
0000 0013 1710403581608 32.5 -64.5 0.3374757733348411 9
0000 0011 1710403581608 -152.9375 -72.0 2.2764274892222915 9
0000 0000 1710403581608 -3.0 -73.0 5.295301679781233 9
0000 0012 1710403581608 7.875 -74.0 0.3190680038802134 9
0000 0005 1710403581609 -5.625 -75.0 5.062136600022616 9
0000 0010 1710403581609 1.5625 -74.5 1.7426021750380885 9
0000 0013 1710403581609 26.0 -60.5 0.3988350048502667 9
0000 0007 1710403581610 -16.25 -67.5 3.0372819600135696 9
0000 0009 1710403581610 -48.8125 -63.0 0.3865631585471816 9
0000 0010 1710403581610 -279.9375 -71.0 2.5464081078901644 9
0000 0004 1710403581611 100.875 -70.0 1.509437095279471 9
0000 0011 1710403581611 107.375 -71.5 0.46019423636569234 9
0000 0000 1710403581611 173.3125 -70.0 4.387185053352934 9
0000 0005 1710403581698 -8.125 -73.0 1.6659031356438063 9
0000 0015 1710403581698 -4.25 -67.0 2.36846633649543 9
0000 0003 1710403581854 3.6875 -75.0 0.8283496254582462 9
0000 0013 1710403581854 -113.875 -68.0 3.6692820446224537 9
0000 0007 1710403581855 130.1875 -66.5 4.516039439535327 9
0000 0005 1710403581855 41.5 -68.0 3.4913402732277192 9
0000 0000 1710403581855 -55.3125 -71.0 2.730485802436441 9
0000 0011 1710403581855 78.0625 -67.0 5.6143696836614465 9
0000 0015 1710403581856 32.5 -67.0 4.3074180523828804 9
0000 0003 1710403581856 -159.5 -70.0 5.264622064023521 9
0000 0009 1710403581856 3.25 -70.5 5.991728957481315 9
0000 0008 1710403581857 2.875 -74.0 0.0859029241215959 9
0000 0004 1710403581857 3.625 -78.0 4.196971435655114 9
0000 0013 1710403581857 58.5625 -64.0 0.6749515466696822 9
0000 0011 1710403581858 68.3125 -70.5 1.859184714917397 9
0000 0007 1710403581858 -35.75 -71.5 1.3130875544301088 9
0000 0008 1710403581859 -32.5 -66.5 6.14819499784565 9
0000 0015 1710403581859 -107.375 -66.5 5.387340527054372 9
0000 0005 1710403581859 -32.5 -67.0 3.0495538063166547 9
0000 0000 1710403581860 34.9375 -68.0 0.5092816215780329 9
0000 0009 1710403581860 -7.3125 -68.0 3.2581751934691017 9
0000 0004 1710403581861 -156.1875 -73.5 1.9634954084936207 9
0000 0003 1710403581947 26.8125 -76.5 0.5829126993965437 9
0000 0012 1710403582101 1.5625 -72.0 0.01227184630308513 9
0000 0006 1710403582102 45.5625 -68.5 2.724349879284899 9
0000 0008 1710403582102 29.25 -66.0 2.4605051837685683 9
0000 0005 1710403582102 -13.8125 -67.0 3.8840393549264434 9
0000 0002 1710403582103 45.5625 -73.0 4.01902966426038 9
0000 0011 1710403582103 48.8125 -67.5 5.141903600992669 9
0000 0000 1710403582103 -6.5 -70.0 4.006757817957295 9
0000 0004 1710403582103 -26.0 -73.0 5.822991070813893 9
0000 0015 1710403582104 -74.8125 -66.0 5.350524988145116 9
0000 0003 1710403582104 35.75 -69.0 0.619728238305799 9
0000 0010 1710403582104 6.5 -62.0 0.6565437772150544 9
0000 0013 1710403582105 -35.75 -66.0 0.35588354278946877 9
0000 0007 1710403582105 7.3125 -71.5 2.2426799118888074 9
0000 0009 1710403582106 10.375 -71.5 0.5031456984264903 9
0000 0012 1710403582106 0.5625 -72.5 1.2455923997631406 9
0000 0000 1710403582106 59.375 -66.5 6.209554229361076 9
0000 0012 1710403582107 58.5625 -63.5 3.933126740138784 9
0000 0010 1710403582107 -6.5 -61.5 1.8837284075235674 9
0000 0008 1710403582107 32.5 -62.0 4.509903516383785 9
0000 0006 1710403582108 16.25 -62.5 1.012427320004523 9
0000 0007 1710403582108 -3.25 -63.5 5.080544369477243 9
0000 0015 1710403582108 -35.75 -66.5 5.45483568172134 9
0000 0004 1710403582108 -100.875 -66.5 4.172427743048944 9
0000 0002 1710403582109 19.5 -71.5 5.841398840268521 9
0000 0003 1710403582109 87.875 -68.5 2.055534255766759 9
0000 0005 1710403582197 1.5 -71.5 6.22182607566416 9
0000 0013 1710403582197 -2.5625 -75.5 1.3499030933393643 9
0000 0004 1710403582352 -3.25 -56.0 0.46019423636569234 9
0000 0015 1710403582352 48.8125 -67.5 5.240078371417351 9
0000 0007 1710403582352 3.25 -61.5 3.5465635815916023 9
0000 0008 1710403582352 -65.0625 -61.5 0.662679700366597 9
0000 0010 1710403582353 -3.25 -62.0 3.5956509668039427 9
0000 0000 1710403582353 10.5625 -64.0 2.012582793705961 9
0000 0014 1710403582353 -9.75 -70.5 5.074408446325701 9
0000 0006 1710403582354 19.5 -63.0 2.497320722677824 9
0000 0005 1710403582354 17.0625 -65.0 1.214912784005428 9
0000 0013 1710403582355 -7.3125 -73.5 1.0277671278833795 9
0000 0003 1710403582355 10.375 -74.0 2.466641106920111 9
0000 0012 1710403582356 4.25 -69.5 0.14726215563702155 9
0000 0006 1710403582356 32.5 -65.5 2.767301341345697 9
0000 0003 1710403582356 156.1875 -69.5 1.6505633277649499 9
0000 0012 1710403582356 0.0 -65.0 0.7669903939428205 9
0000 0015 1710403582357 -45.5625 -68.0 5.3198453723874035 9
0000 0000 1710403582357 -117.9375 -67.5 5.178719139901925 9
0000 0014 1710403582357 -9.75 -61.0 5.375068680751287 9
0000 0005 1710403582358 91.125 -64.5 2.5464081078901644 9
0000 0004 1710403582358 19.5 -59.5 0.5338253141842031 9
0000 0007 1710403582358 22.75 -62.0 4.828971520263998 9
0000 0013 1710403582359 107.375 -68.5 3.902447124381071 9
0000 0010 1710403582359 -182.25 -72.0 4.565126824747668 9
0000 0008 1710403582359 -6.5 -63.0 2.804116880254952 9
0000 0009 1710403582448 6.25 -72.5 0.7976700097005334 9
0000 0004 1710403582598 -3.25 -64.5 0.8774370106705868 9
0000 0000 1710403582599 34.9375 -65.0 1.8530487917658545 9
0000 0012 1710403582599 -19.5 -58.5 3.2520392703175593 9
0000 0006 1710403582599 -58.5625 -68.5 2.380738182798515 9
0000 0007 1710403582599 -19.5 -63.0 4.657165672020807 9
0000 0008 1710403582600 0.0 -59.5 5.405748296509 9
0000 0009 1710403582600 34.9375 -61.0 4.97623367590102 9
0000 0003 1710403582600 -61.8125 -69.0 4.319689898685965 9
0000 0014 1710403582601 35.75 -63.0 5.442563835418255 9
0000 0010 1710403582601 87.875 -66.0 1.1719613219446299 9
0000 0005 1710403582601 -27.625 -66.0 4.1601558967458585 9
0000 0015 1710403582601 87.875 -69.5 5.129631754689584 9
0000 0013 1710403582602 -39.0 -66.5 4.325825821837508 9
0000 0002 1710403582603 -48.8125 -72.5 1.4419419406125027 9
0000 0012 1710403582603 -39.0 -61.5 5.031456984264903 9
0000 0000 1710403582603 -76.4375 -65.0 4.908738521234052 9
0000 0014 1710403582603 -35.75 -68.0 5.553010452146021 9
0000 0008 1710403582604 -19.5 -62.5 2.024854640009046 9
0000 0013 1710403582604 -133.4375 -72.0 5.8475347634200645 9
0000 0009 1710403582604 21.125 -66.0 0.7424467013366504 9
0000 0007 1710403582605 0.0 -65.0 4.215379205109742 9
0000 0010 1710403582605 3.25 -60.5 6.111379458936394 9
0000 0003 1710403582605 22.75 -71.5 0.9572040116406401 9
0000 0004 1710403582694 15.25 -72.0 0.23930100291016002 9
0000 0006 1710403582694 -15.25 -73.5 5.773903685601553 9
0000 0002 1710403582695 -5.4375 -77.5 1.000155473701438 9
0000 0015 1710403582695 -2.125 -72.0 5.651185222570702 9
0000 0011 1710403582695 5.1875 -72.5 5.810719224510809 9
