0000 0012 1710752857249 13.0 -62.5 2.12916533358527 9
0000 0003 1710752857249 -84.625 -66.5 4.724660826687775 9
0000 0009 1710752857250 -34.9375 -59.5 5.565282298449106 9
0000 0005 1710752857250 22.75 -68.0 0.619728238305799 9
0000 0011 1710752857251 -117.125 -65.5 0.859029241215959 9
0000 0010 1710752857251 6.5 -62.5 2.270291566070749 9
0000 0001 1710752857252 -139.9375 -66.0 3.2827188860752723 9
0000 0013 1710752857252 32.5 -61.0 0.3129320807286708 9
0000 0004 1710752857253 -6.5 -64.5 3.172272269347506 9
0000 0006 1710752857253 -7.3125 -74.5 0.9940195505498954 9
0000 0010 1710752857254 74.8125 -62.0 2.1659808724945253 9
0000 0003 1710752857255 -22.75 -66.5 4.595806440505381 9
0000 0009 1710752857255 22.75 -59.5 5.522330836388308 9
0000 0011 1710752857256 74.8125 -65.5 0.5951845456996288 9
0000 0013 1710752857256 -16.25 -61.0 0.4172427743048944 9
0000 0004 1710752857257 -48.8125 -64.0 3.2397674240144743 9
0000 0005 1710752857257 -9.75 -68.5 0.6565437772150544 9
0000 0001 1710752857258 26.0 -66.5 3.000466421104314 9
0000 0012 1710752857259 -39.0 -63.0 2.2396119503130363 9
0000 0006 1710752857483 3.0 -74.5 0.9081166264282996 9
0000 0012 1710752857483 3.25 -63.0 2.2334760271614935 9
0000 0001 1710752857484 -87.875 -66.0 3.043417883165112 9
0000 0003 1710752857484 -48.8125 -66.5 4.466952054322987 9
0000 0011 1710752857485 3.25 -65.5 0.7117670855789375 9
0000 0010 1710752857485 -9.75 -62.5 2.337786720737717 9
0000 0009 1710752857485 -13.8125 -59.0 5.491651220630596 9
0000 0013 1710752857486 -3.25 -60.5 0.3988350048502667 9
0000 0005 1710752857486 97.625 -68.0 0.4356505437595221 9
0000 0004 1710752857487 -6.5 -64.5 3.2029518851052186 9
0000 0006 1710752857487 7.3125 -75.0 0.944932165337555 9
0000 0009 1710752857488 10.5625 -59.0 5.516194913236766 9
0000 0011 1710752857489 42.3125 -66.0 0.6320000846088841 9
0000 0001 1710752857489 -104.125 -67.0 2.945243112740431 9
0000 0010 1710752857490 -29.25 -62.0 2.356194490192345 9
0000 0013 1710752857490 9.75 -61.0 0.37429131224409645 9
0000 0012 1710752857490 30.875 -62.5 2.098485717827557 9
0000 0005 1710752857491 0.0 -68.0 0.4111068511533518 9
0000 0004 1710752857491 -26.0 -64.5 3.2029518851052186 9
0000 0003 1710752857492 -117.125 -66.0 4.681709364626977 9
0000 0006 1710752857512 1.8125 -75.0 1.043106935762236 9
0000 0009 1710752857725 -24.375 -59.0 5.516194913236766 9
0000 0011 1710752857725 3.25 -65.5 0.6504078540635119 9
0000 0013 1710752857725 32.5 -61.0 0.35588354278946877 9
0000 0001 1710752857726 -39.0 -66.5 2.9575149590435164 9
0000 0010 1710752857726 39.0 -62.5 2.227340104009951 9
0000 0004 1710752857727 -61.8125 -65.0 3.2459033471660166 9
0000 0012 1710752857727 -35.75 -63.0 2.2396119503130363 9
0000 0005 1710752857727 -62.625 -67.5 0.5092816215780329 9
0000 0003 1710752857728 32.5 -66.5 4.466952054322987 9
0000 0006 1710752857728 -9.75 -74.5 1.1167380135807468 9
0000 0001 1710752857729 16.25 -66.5 2.816388726558037 9
0000 0009 1710752857729 41.5 -58.5 5.405748296509 9
0000 0010 1710752857730 -48.8125 -62.5 2.350058567040802 9
0000 0013 1710752857731 -42.3125 -61.0 0.4479223900626072 9
0000 0005 1710752857731 111.4375 -67.5 0.2454369260617026 9
0000 0012 1710752857731 0.0 -62.5 2.1598449493429825 9
0000 0011 1710752857732 45.5625 -65.0 0.619728238305799 9
0000 0003 1710752857732 16.25 -66.5 4.522175362686871 9
0000 0004 1710752857733 -42.3125 -65.0 3.2029518851052186 9
0000 0006 1710752857763 -1.8125 -74.5 1.055378782065321 9
0000 0005 1710752857947 19.5 -69.0 0.3988350048502667 9
0000 0011 1710752857947 48.8125 -65.5 0.619728238305799 9
0000 0012 1710752857948 19.5 -62.5 2.2886993355253766 9
0000 0013 1710752857948 -22.75 -62.5 0.6258641614573416 9
0000 0003 1710752857949 55.3125 -67.0 4.430136515413731 9
0000 0009 1710752857949 10.5625 -58.5 5.534602682691394 9
0000 0001 1710752857950 78.0625 -67.5 2.662990647769473 9
0000 0004 1710752857950 -26.0 -65.5 3.11091303783208 9
0000 0010 1710752857951 -81.375 -63.0 2.380738182798515 9
0000 0006 1710752857951 24.375 -75.0 0.944932165337555 9
0000 0003 1710752857952 -198.5625 -69.0 4.6878452877785195 9
0000 0013 1710752857952 -48.8125 -67.0 1.521708941582556 9
0000 0010 1710752857954 -71.5625 -64.0 2.435961491162398 9
0000 0009 1710752857954 30.875 -57.5 5.675728915176872 9
0000 0012 1710752857954 -22.75 -62.5 2.552544031041707 9
0000 0004 1710752857955 -91.125 -66.5 3.2888548092268146 9
0000 0001 1710752857955 22.75 -66.5 2.7979809571034093 9
0000 0005 1710752857956 -29.25 -70.0 0.2638446955163303 9
0000 0011 1710752857956 3.25 -65.5 0.6994952392758523 9
0000 0006 1710752858013 2.4375 -74.0 1.1167380135807468 9
0000 0012 1710752858206 19.5 -64.0 2.6261751088602177 9
0000 0010 1710752858206 -58.5625 -65.0 2.3746022596469727 9
0000 0013 1710752858206 42.3125 -69.5 3.184544115650591 9
0000 0009 1710752858207 3.25 -57.5 6.068427996875596 9
0000 0004 1710752858207 -52.0625 -69.0 3.5281558121369745 9
0000 0001 1710752858207 16.25 -68.5 2.7857091108003242 9
0000 0003 1710752858208 -3.25 -70.0 4.2031073588066565 9
0000 0005 1710752858208 -205.0625 -70.0 0.32520392703175593 9
0000 0011 1710752858209 -52.0625 -70.0 5.841398840268521 9
0000 0008 1710752858209 2.4375 -71.0 0.30679615757712825 9
0000 0004 1710752858210 -97.625 -68.5 4.129476280988146 9
0000 0009 1710752858210 10.5625 -57.5 0.8160777791551611 9
0000 0012 1710752858211 9.75 -66.5 3.834951969714103 9
0000 0010 1710752858211 26.0 -67.5 3.0250101137104846 9
0000 0005 1710752858212 -41.5 -68.5 6.0991076126333095 9
0000 0001 1710752858212 -5.4375 -72.5 0.04908738521234052 9
0000 0013 1710752858515 3.5625 -74.0 5.559146375297564 9
0000 0009 1710752858515 -41.5 -57.0 2.2396119503130363 9
0000 0012 1710752858516 35.75 -64.5 3.6570101983193686 9
0000 0005 1710752858516 -45.5625 -68.0 6.031612457966341 9
0000 0015 1710752858516 -61.8125 -65.0 1.736466251886546 9
0000 0004 1710752858517 -55.3125 -67.5 5.160311370447297 9
0000 0010 1710752858517 13.0 -68.5 3.730641276137879 9
0000 0006 1710752858518 1.8125 -74.0 0.030679615757712823 9
0000 0009 1710752858518 0.0 -56.5 3.730641276137879 9
0000 0010 1710752858518 -208.3125 -71.0 5.4671075280244255 9
0000 0004 1710752858519 -61.8125 -67.0 0.030679615757712823 9
0000 0012 1710752858519 -26.0 -65.0 3.6876898140770815 9
0000 0005 1710752858520 22.75 -68.0 0.04295146206079795 9
0000 0006 1710752858520 -26.0 -69.5 3.9453985864418692 9
0000 0006 1710752858520 -32.5 -70.0 4.558990901596125 9
0000 0009 1710752858521 -21.125 -57.5 5.4671075280244255 9
0000 0004 1710752858521 -19.5 -64.5 1.2640001692177683 9
0000 0012 1710752858522 26.0 -70.5 3.9208548938356986 9
0000 0010 1710752858525 -260.375 -71.0 2.380738182798515 9
0000 0007 1710752858763 -0.8125 -75.0 6.17273869045182 9
0000 0003 1710752858764 -5.6875 -75.0 5.64504929941916 9
0000 0004 1710752858764 35.75 -66.5 3.104777114680538 9
0000 0009 1710752858765 10.5625 -60.0 2.1659808724945253 9
0000 0010 1710752858765 -6.5 -65.0 4.154019973594316 9
0000 0015 1710752858766 81.375 -64.5 5.135767677841127 9
0000 0007 1710752858766 -34.9375 -72.5 3.80427235395639 9
0000 0009 1710752858766 -45.5625 -57.5 5.780039608753096 9
0000 0015 1710752858767 39.0 -59.5 5.037592907416445 9
0000 0010 1710752858767 81.375 -66.5 6.227961998815704 9
0000 0004 1710752858768 9.75 -65.5 0.3436116964863836 9
0000 0005 1710752859012 -4.5625 -73.5 0.8283496254582462 9
0000 0000 1710752859013 11.5625 -73.0 0.7363107781851077 9
0000 0001 1710752859013 -7.3125 -71.5 2.552544031041707 9
0000 0007 1710752859014 -1.25 -73.0 0.0 9
0000 0007 1710752859014 32.5 -70.5 0.5645049299419159 9
0000 0004 1710752859014 84.625 -68.0 4.006757817957295 9
0000 0009 1710752859014 -13.8125 -59.0 4.049709280018092 9
0000 0010 1710752859015 97.625 -67.0 5.9088939949354895 9
0000 0003 1710752859015 6.8125 -78.0 6.22182607566416 9
0000 0006 1710752859015 -2.4375 -70.5 1.5033011721279284 9
0000 0001 1710752859016 1.8125 -68.5 0.9203884727313847 9
0000 0005 1710752859016 0.25 -70.0 4.1601558967458585 9
0000 0009 1710752859017 -62.625 -63.0 3.5158839658338894 9
0000 0004 1710752859017 -29.25 -61.0 5.620505606812989 9
0000 0010 1710752859018 -29.25 -63.0 5.307573526084319 9
0000 0001 1710752859018 -22.75 -63.0 5.381204603902829 9
0000 0013 1710752859018 32.5 -61.5 2.650718801466388 9
0000 0005 1710752859019 100.875 -67.0 0.8283496254582462 9
0000 0014 1710752859019 113.875 -67.5 1.337631247036279 9
0000 0006 1710752859247 10.375 -74.0 6.031612457966341 9
0000 0008 1710752859247 3.1875 -70.0 2.4850488763747385 9
0000 0010 1710752859247 71.5625 -63.5 1.4787574795217582 9
0000 0008 1710752859248 39.0 -66.0 4.080388895775806 9
0000 0006 1710752859248 -9.75 -64.0 4.491495746929157 9
0000 0013 1710752859249 16.25 -62.0 2.748893571891069 9
0000 0004 1710752859249 45.5625 -65.0 0.7485826244881929 9
0000 0001 1710752859249 0.0 -70.5 2.2027964114037806 9
0000 0015 1710752859250 13.0 -70.0 6.0991076126333095 9
0000 0012 1710752859250 -1.5 -75.0 5.620505606812989 9
0000 0003 1710752859250 84.625 -70.0 0.2086213871524472 9
0000 0006 1710752859251 9.75 -68.0 5.154175447295755 9
0000 0008 1710752859251 -26.0 -60.5 5.915029918087033 9
0000 0013 1710752859251 42.3125 -65.0 2.816388726558037 9
0000 0012 1710752859252 48.8125 -61.5 2.8409324191642074 9
0000 0007 1710752859252 136.6875 -71.0 2.4727770300716534 9
0000 0001 1710752859252 84.625 -66.5 5.105088062083414 9
0000 0010 1710752859253 -55.3125 -66.5 4.338097668140593 9
0000 0009 1710752859263 13.8125 -69.5 4.4884277853533865 9
0000 0004 1710752859264 -5.6875 -72.5 2.0064468705544187 9
0000 0005 1710752859519 4.5625 -72.5 5.5100589900852235 9
0000 0000 1710752859519 1.5 -74.0 1.2701360923693108 9
0000 0015 1710752859519 0.5625 -72.5 1.1290098598838318 9
0000 0006 1710752859520 104.125 -67.5 2.270291566070749 9
0000 0004 1710752859520 39.0 -64.0 2.184388641949153 9
0000 0014 1710752859520 52.0625 -68.0 3.2397674240144743 9
0000 0008 1710752859521 -48.8125 -64.0 2.7550294950426117 9
0000 0000 1710752859521 62.625 -71.0 1.748738098189631 9
0000 0001 1710752859521 22.75 -64.5 2.773437264497239 9
0000 0010 1710752859522 45.5625 -68.5 2.497320722677824 9
0000 0015 1710752859522 61.8125 -69.5 4.3933209765044765 9
0000 0005 1710752859522 -45.5625 -69.5 5.442563835418255 9
0000 0013 1710752859711 -1.25 -73.0 0.9817477042468103 9
0000 0003 1710752859712 4.875 -75.0 0.0 9
0000 0009 1710752859712 1.25 -71.5 3.5465635815916023 9
0000 0007 1710752859712 0.9375 -73.5 0.16566992509164924 9
0000 0008 1710752859713 91.125 -63.0 0.803805932852076 9
0000 0009 1710752859713 48.8125 -67.5 0.8406214717613314 9
0000 0007 1710752859713 205.0625 -71.0 2.9636508821950587 9
0000 0010 1710752859714 94.375 -66.5 4.988505522204105 9
0000 0014 1710752859714 3.25 -67.0 6.166602767300278 9
0000 0004 1710752859714 -81.375 -64.5 5.583690067903734 9
0000 0003 1710752859715 -9.75 -70.0 3.479068426924634 9
0000 0006 1710752859715 -3.625 -71.0 1.5278448647340985 9
0000 0001 1710752859716 4.5625 -72.0 5.706408530934585 9
0000 0005 1710752859716 2.875 -72.5 3.9760782021995817 9
0000 0011 1710752859716 -5.75 -75.0 5.098952138931871 9
0000 0000 1710752859717 3.8125 -75.0 0.662679700366597 9
0000 0008 1710752859909 6.5 -60.5 4.301282129231338 9
0000 0006 1710752859909 -16.25 -64.0 2.718213956133356 9
0000 0010 1710752859909 -81.375 -67.5 3.2827188860752723 9
0000 0007 1710752859910 -22.75 -71.0 4.448544284868359 9
0000 0004 1710752859910 -52.0625 -64.5 4.884194828627882 9
0000 0005 1710752859911 42.3125 -66.0 0.5460971604872883 9
0000 0001 1710752859911 -45.5625 -65.0 5.516194913236766 9
0000 0011 1710752859911 87.875 -69.0 3.3747577333484107 9
0000 0012 1710752859912 79.75 -69.5 1.1044661672776617 9
0000 0009 1710752859912 2.875 -73.0 3.8410878928656453 9
0000 0003 1710752859912 5.5625 -72.5 1.6751070203711202 9
0000 0000 1710752859913 6.625 -74.0 5.927301764390117 9
0000 0009 1710752859913 30.875 -68.5 1.6014759425526093 9
0000 0001 1710752859913 -139.9375 -65.0 5.019185137961818 9
0000 0008 1710752859914 32.5 -61.0 3.184544115650591 9
0000 0004 1710752859914 -45.5625 -62.5 1.0369710126106935 9
0000 0010 1710752859915 -16.25 -63.5 1.6137477888556946 9
0000 0003 1710752859916 130.1875 -72.5 5.4671075280244255 9
0000 0011 1710752859916 -3.25 -70.5 1.6812429435226628 9
0000 0007 1710752859916 100.875 -71.5 2.098485717827557 9
0000 0006 1710752860013 19.5 -69.5 6.169670728876048 9
0000 0000 1710752860013 11.125 -73.0 5.074408446325701 9
0000 0012 1710752860013 2.875 -79.0 1.4419419406125027 9
0000 0005 1710752860014 2.875 -71.0 5.252350217720435 9
0000 0009 1710752860162 -52.0625 -64.5 3.160000423044421 9
0000 0000 1710752860163 48.8125 -71.5 4.04357335686655 9
0000 0011 1710752860163 185.5 -70.0 2.84706834231575 9
0000 0004 1710752860163 -16.25 -65.0 0.9203884727313847 9
0000 0010 1710752860164 100.875 -71.0 1.9634954084936207 9
0000 0008 1710752860164 -13.0 -61.0 3.706097583531709 9
0000 0001 1710752860164 -29.25 -68.0 5.062136600022616 9
0000 0007 1710752860165 -13.0 -64.5 3.890175278077986 9
0000 0012 1710752860165 79.75 -65.5 2.061670178918302 9
0000 0006 1710752860165 2.125 -68.5 1.576932249946439 9
0000 0001 1710752860166 -65.0625 -66.0 2.773437264497239 9
0000 0009 1710752860166 13.8125 -59.5 1.5892040962495242 9
0000 0011 1710752860167 -16.25 -58.5 1.3621749396424494 9
0000 0006 1710752860167 -113.875 -65.5 2.60776733940559 9
0000 0007 1710752860167 19.5 -64.5 3.7122335066832517 9
0000 0008 1710752860168 -16.25 -63.5 2.736621725587984 9
0000 0003 1710752860265 14.625 -75.0 0.22089323345553233 9
0000 0012 1710752860265 1.1875 -71.5 4.246058820867455 9
0000 0015 1710752860266 7.0 -68.5 5.283029833478148 9
0000 0013 1710752860266 4.375 -69.5 0.5706408530934585 9
0000 0010 1710752860266 2.6875 -75.5 0.6872233929727672 9
0000 0014 1710752860333 4.1875 -75.5 0.7424467013366504 9
0000 0004 1710752860333 0.625 -69.5 6.270913460876501 9
0000 0000 1710752860334 3.375 -72.5 0.30679615757712825 9
0000 0001 1710752860334 9.75 -60.5 1.2210487071569704 9
0000 0007 1710752860334 -65.0625 -65.0 6.178874613603362 9
0000 0015 1710752860335 -45.5625 -70.0 2.7979809571034093 9
0000 0004 1710752860335 -29.25 -66.0 0.42337869745643697 9
0000 0000 1710752860335 135.0625 -71.5 0.4295146206079795 9
0000 0009 1710752860336 -41.5 -57.5 5.141903600992669 9
0000 0008 1710752860336 3.25 -62.5 0.944932165337555 9
0000 0011 1710752860336 -9.75 -58.0 4.957825906446392 9
0000 0010 1710752860337 78.0625 -67.0 1.8162332528565992 9
0000 0013 1710752860338 -55.3125 -63.5 5.442563835418255 9
0000 0006 1710752860338 -13.0 -70.5 1.423534171157875 9
0000 0003 1710752860338 -29.25 -72.5 0.1902136176978195 9
0000 0005 1710752860339 8.125 -72.0 4.279806398200939 9
0000 0007 1710752860513 -26.0 -64.0 2.1475731030398975 9
0000 0008 1710752860514 22.75 -64.5 3.933126740138784 9
0000 0004 1710752860514 91.125 -65.0 1.9144080232812801 9
0000 0011 1710752860514 48.8125 -61.5 0.6135923151542565 9
0000 0005 1710752860515 -71.5625 -68.0 5.399612373357457 9
0000 0013 1710752860515 6.5 -65.0 4.485359823777615 9
0000 0010 1710752860515 6.5 -66.5 3.055689729468197 9
0000 0001 1710752860516 87.875 -66.5 3.429981041712294 9
0000 0015 1710752860516 -9.75 -69.0 4.166291819897402 9
0000 0006 1710752860516 -45.5625 -68.0 1.337631247036279 9
0000 0009 1710752860517 -3.25 -64.0 1.6751070203711202 9
0000 0003 1710752860517 0.0 -73.5 1.6382914814618648 9
0000 0011 1710752860687 -26.0 -65.5 5.21553467881118 9
0000 0008 1710752860687 13.0 -58.0 0.4908738521234052 9
0000 0012 1710752860688 55.3125 -68.5 2.6139032625571326 9
0000 0010 1710752860688 -13.0 -67.5 4.921010367537137 9
0000 0004 1710752860689 74.8125 -69.0 5.448699758569798 9
0000 0013 1710752860689 -16.25 -68.5 4.724660826687775 9
0000 0015 1710752860689 -32.5 -63.0 3.9699422790480394 9
0000 0009 1710752860690 27.625 -62.5 4.0558452031696355 9
0000 0001 1710752860691 16.25 -65.0 2.141437179888355 9
0000 0003 1710752860691 16.25 -68.0 2.9206994201342606 9
0000 0007 1710752860692 -152.9375 -66.5 5.448699758569798 9
0000 0003 1710752860692 -22.75 -70.0 4.657165672020807 9
0000 0010 1710752860693 39.0 -67.0 0.6013204688511713 9
0000 0000 1710752860693 -120.4375 -69.0 2.718213956133356 9
0000 0011 1710752860694 -13.0 -63.5 1.2210487071569704 9
0000 0007 1710752860694 52.0625 -65.5 0.5767767762450011 9
0000 0005 1710752860694 -182.25 -73.5 4.792155981354743 9
0000 0001 1710752860695 -3.25 -60.0 4.104932588381976 9
0000 0004 1710752860695 42.3125 -62.0 1.5707963267948966 9
0000 0008 1710752860695 -22.75 -56.5 3.2336315008629315 9
0000 0009 1710752860696 -10.5625 -62.0 0.4970097752749477 9
0000 0015 1710752860696 -26.0 -62.0 5.6941366846315 9
0000 0013 1710752860697 -87.875 -68.5 5.595961914206819 9
0000 0012 1710752860697 26.0 -72.0 3.3747577333484107 9
0000 0015 1710752860929 -32.5 -68.5 5.307573526084319 9
0000 0007 1710752860929 35.75 -61.5 2.4911847995262812 9
0000 0010 1710752860929 113.875 -68.5 2.6445828783148455 9
0000 0008 1710752860930 -13.0 -57.5 6.12365130523948 9
0000 0003 1710752860930 71.5625 -73.0 2.8532042654672924 9
0000 0011 1710752860930 -9.75 -66.5 3.730641276137879 9
0000 0004 1710752860930 0.0 -60.5 3.552699504743145 9
0000 0009 1710752860931 34.9375 -60.5 3.485204350076177 9
0000 0001 1710752860931 -97.625 -66.5 1.4664856332186729 9
0000 0005 1710752860931 -39.0 -67.0 0.705631162427395 9
0000 0013 1710752860932 104.125 -68.0 4.847379289718626 9
0000 0000 1710752860932 2.5625 -73.5 4.902602598082509 9
0000 0006 1710752860932 87.875 -70.0 0.32520392703175593 9
0000 0005 1710752860933 24.375 -71.5 3.5281558121369745 9
0000 0009 1710752860933 35.75 -60.5 0.7976700097005334 9
0000 0015 1710752860934 -91.125 -65.5 4.344233591292136 9
0000 0004 1710752860934 39.0 -62.5 0.8897088569736719 9
0000 0011 1710752860934 3.25 -63.5 0.5829126993965437 9
0000 0013 1710752860934 6.5 -66.5 0.14726215563702155 9
0000 0001 1710752860935 -19.5 -59.5 5.246214294568893 9
0000 0000 1710752860935 13.0 -67.0 4.301282129231338 9
0000 0003 1710752860935 42.3125 -72.0 5.5714182216006485 9
0000 0010 1710752860936 87.875 -67.0 0.4724660826687775 9
0000 0008 1710752860936 -3.25 -59.5 4.491495746929157 9
0000 0007 1710752860937 -6.5 -63.0 4.859651136021712 9
0000 0009 1710752861161 -7.3125 -63.5 0.4111068511533518 9
0000 0012 1710752861162 -16.25 -62.5 4.620350133111551 9
0000 0015 1710752861162 -45.5625 -63.0 5.062136600022616 9
0000 0008 1710752861162 3.25 -56.5 2.718213956133356 9
0000 0011 1710752861163 65.0625 -63.5 0.0 9
0000 0014 1710752861163 84.625 -70.0 0.521553467881118 9
0000 0000 1710752861163 73.1875 -64.5 2.60776733940559 9
0000 0001 1710752861164 -22.75 -62.5 4.669437518323892 9
0000 0005 1710752861164 87.875 -65.5 1.6505633277649499 9
0000 0004 1710752861164 19.5 -59.5 0.7915340865489908 9
0000 0010 1710752861165 -29.25 -62.0 5.810719224510809 9
0000 0007 1710752861165 19.5 -66.0 3.865631585471816 9
0000 0003 1710752861165 -179.0 -73.0 5.1725832167503825 9
0000 0013 1710752861166 -65.0625 -70.5 3.472932503773092 9
0000 0000 1710752861166 7.3125 -67.0 0.7117670855789375 9
0000 0009 1710752861166 -13.8125 -59.0 5.221670601962723 9
0000 0014 1710752861167 -32.5 -66.0 0.32520392703175593 9
0000 0010 1710752861167 19.5 -60.5 3.77972866135022 9
0000 0005 1710752861167 126.9375 -69.5 2.0064468705544187 9
0000 0012 1710752861168 -55.3125 -65.5 5.583690067903734 9
0000 0011 1710752861168 19.5 -60.0 5.301437602932776 9
0000 0013 1710752861168 -22.75 -61.0 5.976389149602458 9
0000 0004 1710752861169 3.25 -57.5 5.957981380147831 9
0000 0003 1710752861169 -42.3125 -73.0 4.595806440505381 9
0000 0001 1710752861170 29.25 -58.5 3.5588354278946874 9
0000 0008 1710752861171 22.75 -55.0 0.9878836273983529 9
0000 0015 1710752861171 -19.5 -67.0 5.577554144752192 9
0000 0007 1710752861262 19.5 -66.0 2.2242721424341796 9
0000 0000 1710752861392 135.0625 -67.0 4.651029748869264 9
0000 0004 1710752861393 26.0 -58.5 1.9634954084936207 9
0000 0011 1710752861393 32.5 -59.5 2.1598449493429825 9
0000 0007 1710752861394 71.5625 -72.5 3.2397674240144743 9
0000 0015 1710752861394 -61.8125 -66.0 5.399612373357457 9
0000 0012 1710752861394 -13.0 -56.5 0.2454369260617026 9
0000 0008 1710752861395 13.0 -57.5 3.9699422790480394 9
0000 0003 1710752861395 6.5 -65.0 1.3069516312785663 9
0000 0013 1710752861395 -6.5 -61.5 5.859806609723149 9
0000 0009 1710752861395 -7.3125 -56.0 2.435961491162398 9
0000 0010 1710752861396 -3.25 -60.5 0.8160777791551611 9
0000 0001 1710752861396 9.75 -57.0 0.6442719309119693 9
0000 0006 1710752861396 87.875 -68.0 2.1353012567368124 9
0000 0005 1710752861397 -4.25 -70.5 6.178874613603362 9
0000 0011 1710752861397 6.5 -56.5 4.301282129231338 9
0000 0005 1710752861397 -29.25 -66.5 5.485515297479052 9
0000 0012 1710752861398 21.125 -59.0 0.17794177139473438 9
0000 0006 1710752861399 35.75 -64.5 3.5895150436524004 9
0000 0001 1710752861399 16.25 -58.5 2.9943304979527716 9
0000 0003 1710752861400 -42.3125 -70.5 4.460816131171445 9
0000 0010 1710752861400 0.0 -62.0 3.5342917352885173 9
0000 0013 1710752861400 -9.75 -60.0 6.007068765360171 9
0000 0007 1710752861401 -6.5 -60.5 2.024854640009046 9
0000 0004 1710752861401 -19.5 -61.5 5.755495916146925 9
0000 0009 1710752861401 -30.875 -57.0 4.424000592262189 9
0000 0008 1710752861402 16.25 -56.5 0.14112623248547898 9
0000 0015 1710752861402 -87.875 -70.5 5.350524988145116 9
0000 0000 1710752861402 55.3125 -67.0 1.4051264017032472 9
0000 0012 1710752861514 -17.0625 -58.0 0.8344855486097889 9
0000 0014 1710752861515 -48.8125 -72.5 4.792155981354743 9
0000 0001 1710752861515 -9.75 -61.0 6.160466844148735 9
0000 0000 1710752861515 -13.0 -69.0 4.049709280018092 9
0000 0010 1710752861516 -13.0 -59.5 6.092971689481767 9
0000 0011 1710752861516 45.5625 -61.5 0.030679615757712823 9
0000 0013 1710752861516 13.0 -61.0 1.3621749396424494 9
0000 0004 1710752861517 13.0 -57.5 1.5953400194010667 9
0000 0009 1710752861517 13.8125 -58.0 0.3313398501832985 9
0000 0005 1710752861517 128.5625 -67.5 2.3439226438892597 9
0000 0008 1710752861518 -26.0 -55.5 2.478912953223196 9
0000 0007 1710752861518 -29.25 -60.0 5.45483568172134 9
0000 0015 1710752861518 -143.1875 -68.5 5.5100589900852235 9
0000 0006 1710752861519 -6.5 -62.0 5.056000676871073 9
0000 0003 1710752861519 26.0 -65.5 1.325359400733194 9
0000 0000 1710752861745 27.625 -65.0 0.37429131224409645 9
0000 0007 1710752861745 39.0 -56.5 0.3313398501832985 9
0000 0001 1710752861745 42.3125 -58.0 2.5280003384355365 9
0000 0013 1710752861746 16.25 -60.5 2.3071071049800045 9
0000 0006 1710752861746 52.0625 -63.0 6.252505691421874 9
0000 0014 1710752861746 -16.25 -69.0 5.197126909356553 9
0000 0009 1710752861747 41.5 -59.0 2.6813984172241008 9
0000 0004 1710752861747 -13.0 -59.5 4.06811704947272 9
0000 0008 1710752861747 -13.0 -54.5 4.718524903536232 9
0000 0011 1710752861747 48.8125 -61.0 1.8346410223112268 9
0000 0010 1710752861748 29.25 -57.0 2.1598449493429825 9
0000 0012 1710752861748 9.75 -55.0 3.5711072741977725 9
0000 0003 1710752861748 58.5625 -68.0 3.141592653589793 9
0000 0005 1710752861749 0.0 -66.0 4.589670517353839 9
0000 0002 1710752861749 1.8125 -78.0 4.822835597112456 9
0000 0007 1710752861749 6.5 -58.0 1.2885438618239387 9
0000 0012 1710752861750 0.0 -55.0 4.657165672020807 9
0000 0010 1710752861752 3.25 -55.0 4.454680208019902 9
0000 0009 1710752861752 21.125 -58.0 4.767612288748572 9
0000 0000 1710752861752 -10.5625 -65.0 2.8532042654672924 9
0000 0004 1710752861753 48.8125 -58.5 0.9940195505498954 9
0000 0014 1710752861753 -104.125 -68.0 4.957825906446392 9
0000 0008 1710752861753 0.0 -53.5 0.5276893910326605 9
0000 0003 1710752861754 68.3125 -69.5 0.05522330836388308 9
0000 0011 1710752861754 32.5 -59.5 3.6754179677739964 9
0000 0006 1710752861754 104.125 -69.0 2.313243028131547 9
0000 0005 1710752861755 3.25 -63.0 6.0991076126333095 9
0000 0001 1710752861755 39.0 -61.5 6.037748381117884 9
0000 0002 1710752861870 28.0625 -77.5 4.700117134081604 9
0000 0013 1710752861870 -14.625 -73.5 2.435961491162398 9
0000 0007 1710752861870 3.25 -61.0 3.0127382674073995 9
0000 0003 1710752861871 3.25 -66.5 2.2580197197676637 9
0000 0011 1710752861871 32.5 -60.5 5.037592907416445 9
0000 0004 1710752861871 13.0 -57.5 4.0128937411088375 9
0000 0012 1710752861872 0.0 -60.5 3.7429131224409646 9
0000 0008 1710752861872 3.25 -55.5 3.1784081924990484 9
0000 0009 1710752861873 -30.875 -60.0 0.5154175447295755 9
0000 0010 1710752861873 6.5 -56.5 0.662679700366597 9
0000 0001 1710752861873 -9.75 -57.0 3.2459033471660166 9
0000 0005 1710752861874 -6.5 -60.5 1.6566992509164924 9
0000 0006 1710752861874 26.0 -64.5 5.184855063053467 9
0000 0000 1710752861875 -30.875 -63.5 0.30066023442558565 9
0000 0013 1710752861875 68.3125 -66.5 3.3747577333484107 9
0000 0014 1710752861875 -52.0625 -71.0 2.4850488763747385 9
0000 0002 1710752862016 -23.75 -77.0 2.018718716857504 9
0000 0005 1710752862016 93.5625 -65.5 4.522175362686871 9
0000 0001 1710752862016 35.75 -57.5 1.1167380135807468 9
0000 0009 1710752862017 -38.1875 -57.0 3.9147189706841563 9
0000 0008 1710752862017 6.5 -56.5 0.944932165337555 9
0000 0007 1710752862017 22.75 -59.0 0.21475731030398976 9
0000 0010 1710752862018 -6.5 -56.5 3.650874275167826 9
0000 0006 1710752862018 32.5 -67.0 0.7547185476397354 9
0000 0000 1710752862018 -27.625 -63.0 4.037437433715008 9
0000 0013 1710752862019 19.5 -66.0 4.086524818927348 9
0000 0003 1710752862019 45.5625 -66.0 0.46019423636569234 9
0000 0012 1710752862019 39.0 -60.5 2.282563412373834 9
0000 0011 1710752862020 29.25 -55.5 2.9022916506796332 9
0000 0004 1710752862020 -32.5 -63.0 2.0371264863121317 9
