0000 0009 1710399988631 58.5625 -56.0 1.509437095279471 4
0000 0007 1710399988632 -39.0 -56.5 1.9634954084936207 4
0000 0008 1710399988632 -16.25 -57.0 5.111223985234957 4
0000 0000 1710399988632 -48.8125 -65.5 1.380582709097077 4
0000 0004 1710399988633 -22.75 -57.0 3.479068426924634 4
0000 0013 1710399988633 0.0 -57.0 2.380738182798515 4
0000 0005 1710399988634 9.75 -62.5 0.9387962421860124 4
0000 0012 1710399988634 16.25 -55.0 2.988194574801229 4
0000 0015 1710399988634 3.25 -58.5 0.5522330836388308 4
0000 0010 1710399988635 52.0625 -63.0 2.705942109830271 4
0000 0006 1710399988636 78.0625 -63.5 2.1353012567368124 4
0000 0014 1710399988636 71.5625 -65.5 0.02454369260617026 4
0000 0003 1710399988636 39.0 -66.5 4.878058905476339 4
0000 0011 1710399988637 22.75 -64.0 2.3930100291016 4
0000 0002 1710399988637 -2.4375 -75.5 0.8160777791551611 4
0000 0012 1710399988637 16.25 -55.0 3.0127382674073995 4
0000 0008 1710399988638 -26.0 -56.5 5.203262832508095 4
0000 0015 1710399988638 68.3125 -59.0 0.4724660826687775 4
0000 0010 1710399988638 22.75 -63.5 2.7550294950426117 4
0000 0005 1710399988639 87.875 -62.5 0.7792622402459057 4
0000 0009 1710399988639 17.0625 -56.0 1.564660403643354 4
0000 0003 1710399988639 -9.75 -68.0 4.963961829597935 4
0000 0007 1710399988640 -6.5 -56.5 1.9389517158874505 4
0000 0011 1710399988640 45.5625 -64.0 2.350058567040802 4
0000 0014 1710399988641 104.125 -65.5 0.06135923151542565 4
0000 0000 1710399988641 45.5625 -65.5 1.2333205534600555 4
0000 0013 1710399988641 -6.5 -57.5 2.399145952253143 4
0000 0006 1710399988642 -45.5625 -64.5 2.4727770300716534 4
0000 0004 1710399988642 -9.75 -57.5 3.509748042682347 4
0000 0002 1710399988642 218.0625 -74.0 0.34974761963792617 4
0000 0001 1710399988728 -3.3125 -79.0 0.4049709280018093 4
0000 0014 1710399988791 -35.75 -65.5 0.23930100291016002 4
0000 0004 1710399988791 0.0 -57.5 3.509748042682347 4
0000 0006 1710399988791 19.5 -63.5 2.429825568010856 4
0000 0007 1710399988791 26.0 -56.5 1.8346410223112268 4
0000 0010 1710399988792 16.25 -63.5 2.779573187648782 4
0000 0013 1710399988792 6.5 -57.5 2.356194490192345 4
0000 0012 1710399988792 13.8125 -55.0 3.0372819600135696 4
0000 0000 1710399988793 41.5 -65.5 1.3192234775816514 4
0000 0008 1710399988793 -13.0 -57.0 5.190990986205009 4
0000 0009 1710399988793 -21.125 -56.0 1.6382914814618648 4
0000 0011 1710399988794 45.5625 -64.5 2.3930100291016 4
0000 0015 1710399988794 26.0 -59.0 0.5460971604872883 4
0000 0005 1710399988795 26.0 -63.0 0.8222137023067037 4
0000 0003 1710399988795 45.5625 -67.5 4.828971520263998 4
0000 0002 1710399988795 -6.5 -75.5 0.6565437772150544 4
0000 0001 1710399988796 -9.75 -78.0 0.46019423636569234 4
0000 0005 1710399988953 38.1875 -62.5 0.7976700097005334 4
0000 0009 1710399988953 -10.5625 -56.5 1.6198837120072371 4
0000 0007 1710399988953 -3.25 -56.5 1.9205439464328227 4
0000 0010 1710399988955 -9.75 -63.0 2.8102528034064944 4
0000 0006 1710399988955 16.25 -64.0 2.5034566458293663 4
0000 0012 1710399988955 13.0 -55.5 3.018874190558942 4
0000 0002 1710399988956 -100.875 -75.0 0.8344855486097889 4
0000 0014 1710399988956 61.8125 -65.5 0.07976700097005335 4
0000 0013 1710399988956 -13.0 -57.5 2.399145952253143 4
0000 0008 1710399988957 3.25 -56.5 5.154175447295755 4
0000 0015 1710399988957 -29.25 -59.0 0.6565437772150544 4
0000 0004 1710399988957 6.5 -57.5 3.4913402732277192 4
0000 0003 1710399988958 -104.125 -67.5 4.9394181369917645 4
0000 0011 1710399988958 29.25 -63.5 2.36846633649543 4
0000 0000 1710399988958 76.4375 -66.0 1.2210487071569704 4
0000 0001 1710399988958 8.1875 -79.0 0.1718058482431918 4
0000 0012 1710399989080 0.0 -55.0 3.0495538063166547 4
0000 0004 1710399989080 -3.25 -57.5 3.485204350076177 4
0000 0008 1710399989080 -22.75 -56.5 5.184855063053467 4
0000 0005 1710399989080 -6.5 -63.0 0.7731263170943632 4
0000 0003 1710399989081 -110.625 -67.0 4.994641445355648 4
0000 0010 1710399989081 84.625 -63.0 2.675262494072558 4
0000 0000 1710399989081 -3.25 -67.0 1.3314953238847365 4
0000 0015 1710399989082 22.75 -59.0 0.5767767762450011 4
0000 0009 1710399989082 7.3125 -56.0 1.576932249946439 4
0000 0013 1710399989082 6.5 -57.5 2.380738182798515 4
0000 0007 1710399989083 -42.3125 -56.5 1.902136176978195 4
0000 0014 1710399989083 39.0 -65.0 0.1227184630308513 4
0000 0006 1710399989083 -22.75 -64.0 2.478912953223196 4
0000 0011 1710399989084 3.25 -64.5 2.337786720737717 4
0000 0002 1710399989084 7.875 -75.5 0.6381360077604268 4
0000 0001 1710399989084 3.625 -79.0 0.2945243112740431 4
0000 0004 1710399989214 -13.0 -57.5 3.5158839658338894 4
0000 0007 1710399989214 3.25 -56.0 1.8960002538266525 4
0000 0000 1710399989214 22.75 -66.0 1.2762720155208536 4
0000 0011 1710399989214 -32.5 -64.0 2.423689644859313 4
0000 0013 1710399989215 45.5625 -57.5 2.313243028131547 4
0000 0005 1710399989215 35.75 -63.0 0.7117670855789375 4
0000 0008 1710399989215 -39.0 -56.5 5.2339424482658075 4
0000 0006 1710399989216 29.25 -64.0 2.423689644859313 4
0000 0003 1710399989216 -74.8125 -67.5 4.933282213840222 4
0000 0012 1710399989216 3.25 -55.0 3.06182565261974 4
0000 0009 1710399989217 3.25 -56.5 1.576932249946439 4
0000 0015 1710399989217 -6.5 -59.5 0.6258641614573416 4
0000 0014 1710399989217 19.5 -66.0 0.09203884727313846 4
0000 0010 1710399989218 29.25 -63.0 2.761165418194154 4
0000 0002 1710399989218 -13.375 -76.0 0.705631162427395 4
0000 0001 1710399989218 -2.6875 -78.5 0.3620194659410113 4
0000 0010 1710399989408 19.5 -63.0 2.730485802436441 4
0000 0003 1710399989408 -71.5625 -67.0 4.847379289718626 4
0000 0000 1710399989409 -22.75 -66.0 1.325359400733194 4
0000 0014 1710399989409 -3.25 -65.5 0.1227184630308513 4
0000 0011 1710399989409 -71.5625 -65.0 2.454369260617026 4
0000 0012 1710399989410 30.875 -55.5 2.9697868053466014 4
0000 0015 1710399989410 22.75 -59.0 0.5522330836388308 4
0000 0008 1710399989410 -19.5 -56.0 5.148039524144211 4
0000 0009 1710399989411 -10.5625 -56.5 1.5953400194010667 4
0000 0006 1710399989412 -9.75 -64.5 2.429825568010856 4
0000 0005 1710399989412 -13.0 -63.0 0.7853981633974483 4
0000 0004 1710399989412 -22.75 -57.5 3.4913402732277192 4
0000 0013 1710399989413 -32.5 -57.5 2.380738182798515 4
0000 0007 1710399989413 3.25 -56.0 1.945087639038993 4
0000 0001 1710399989413 10.0625 -78.5 0.2945243112740431 4
0000 0008 1710399989414 16.25 -56.5 5.111223985234957 4
0000 0015 1710399989414 -13.0 -59.0 0.6442719309119693 4
0000 0004 1710399989414 6.5 -58.0 3.472932503773092 4
0000 0012 1710399989415 0.0 -55.5 3.0372819600135696 4
0000 0006 1710399989415 -26.0 -64.0 2.435961491162398 4
0000 0000 1710399989415 65.875 -66.5 1.2210487071569704 4
0000 0013 1710399989416 48.8125 -57.5 2.2518837966161214 4
0000 0010 1710399989416 -16.25 -63.5 2.761165418194154 4
0000 0014 1710399989416 3.25 -65.5 0.1902136176978195 4
0000 0005 1710399989417 52.0625 -62.5 0.6688156235181395 4
0000 0011 1710399989417 35.75 -64.5 2.36846633649543 4
0000 0007 1710399989418 6.5 -56.0 1.932815792735908 4
0000 0009 1710399989418 6.5 -56.0 1.5585244804918115 4
0000 0003 1710399989418 -16.25 -68.0 4.804427827657828 4
0000 0002 1710399989478 10.5625 -76.0 0.47553404424454876 4
0000 0001 1710399989556 -3.9375 -78.5 0.44178646691106466 4
0000 0006 1710399989556 133.4375 -64.0 2.1782527187976104 4
0000 0000 1710399989556 111.4375 -66.5 1.214912784005428 4
0000 0012 1710399989557 -16.25 -55.5 3.067961575771282 4
0000 0005 1710399989557 -35.75 -63.0 0.8283496254582462 4
0000 0004 1710399989557 -19.5 -57.5 3.5281558121369745 4
0000 0013 1710399989558 3.25 -57.5 2.350058567040802 4
0000 0007 1710399989558 -3.25 -56.0 1.945087639038993 4
0000 0011 1710399989558 6.5 -64.0 2.337786720737717 4
0000 0014 1710399989558 -3.25 -66.0 0.23316507975861744 4
0000 0008 1710399989559 -3.25 -56.5 5.105088062083414 4
0000 0015 1710399989559 29.25 -59.0 0.5399612373357456 4
0000 0009 1710399989559 10.5625 -56.5 1.564660403643354 4
0000 0010 1710399989560 13.0 -63.5 2.6691265709210157 4
0000 0003 1710399989560 26.0 -67.5 4.841243366567084 4
0000 0002 1710399989561 -42.3125 -74.0 0.8774370106705868 4
0000 0001 1710399989710 15.25 -78.0 0.16566992509164924 4
0000 0015 1710399989710 -3.25 -59.0 0.6013204688511713 4
0000 0011 1710399989710 13.0 -65.0 2.3623304133438876 4
0000 0012 1710399989710 16.25 -55.0 2.9759227284981438 4
0000 0006 1710399989711 74.8125 -64.0 2.2089323345553233 4
0000 0007 1710399989711 55.3125 -55.5 1.761009944492716 4
0000 0009 1710399989711 13.8125 -56.5 1.576932249946439 4
0000 0010 1710399989712 6.5 -63.5 2.675262494072558 4
0000 0013 1710399989712 -26.0 -57.5 2.325514874434632 4
0000 0003 1710399989712 -78.0625 -68.0 5.037592907416445 4
0000 0008 1710399989713 9.75 -56.5 5.148039524144211 4
0000 0004 1710399989713 -6.5 -58.0 3.5036121195308043 4
0000 0000 1710399989713 16.25 -66.0 1.4296700943094176 4
0000 0005 1710399989714 -10.5625 -62.5 0.760854470791278 4
0000 0014 1710399989714 13.0 -66.0 0.15339807878856412 4
0000 0002 1710399989714 -19.5 -75.5 0.8498253564886452 4
0000 0001 1710399989824 21.9375 -77.5 0.7485826244881929 4
0000 0004 1710399989824 6.5 -57.5 3.485204350076177 4
0000 0008 1710399989825 6.5 -56.0 5.240078371417351 4
0000 0009 1710399989825 17.0625 -55.5 1.5401167110371838 4
0000 0007 1710399989825 -3.25 -55.5 1.7732817907958012 4
0000 0015 1710399989826 26.0 -58.5 0.5767767762450011 4
0000 0013 1710399989826 61.8125 -57.0 2.0493983326152168 4
0000 0003 1710399989826 -110.625 -68.5 5.460971604872882 4
0000 0006 1710399989827 81.375 -64.0 2.055534255766759 4
0000 0010 1710399989827 61.8125 -65.0 2.2886993355253766 4
0000 0012 1710399989827 0.0 -55.0 2.84706834231575 4
0000 0014 1710399989828 -39.0 -65.5 0.23316507975861744 4
0000 0005 1710399989828 -34.9375 -62.0 0.7976700097005334 4
0000 0000 1710399989828 30.875 -67.0 1.859184714917397 4
0000 0011 1710399989829 48.8125 -64.0 2.030990563160589 4
0000 0002 1710399989829 -42.3125 -74.5 1.1167380135807468 4
0000 0001 1710399989943 6.6875 -78.0 4.657165672020807 4
0000 0006 1710399989943 55.3125 -64.0 1.7794177139473437 4
0000 0013 1710399989943 13.0 -57.5 1.8960002538266525 4
0000 0009 1710399989944 27.625 -54.0 1.380582709097077 4
0000 0008 1710399989944 -13.0 -55.5 5.295301679781233 4
0000 0007 1710399989944 3.25 -55.5 1.6260196351587797 4
0000 0012 1710399989945 -9.75 -55.0 2.6568547246179306 4
0000 0000 1710399989945 -9.75 -68.5 2.3316507975861747 4
0000 0015 1710399989945 -3.25 -58.5 0.5890486225480862 4
0000 0010 1710399989946 58.5625 -66.0 1.5707963267948966 4
0000 0011 1710399989946 -42.3125 -65.0 1.5892040962495242 4
0000 0014 1710399989946 -22.75 -66.0 0.18407769454627693 4
0000 0005 1710399989947 9.75 -61.0 0.8651651643675016 4
0000 0004 1710399989947 -6.5 -58.0 3.497476196379262 4
0000 0003 1710399989947 -32.5 -69.5 6.209554229361076 4
0000 0002 1710399989948 -26.0 -73.0 1.6751070203711202 4
0000 0001 1710399990099 38.4375 -77.5 4.000621894805752 4
0000 0015 1710399990099 9.75 -59.5 0.5645049299419159 4
0000 0012 1710399990099 3.25 -54.5 2.2212041808584084 4
0000 0014 1710399990100 -13.0 -65.0 0.36815538909255385 4
0000 0006 1710399990100 -42.3125 -63.0 1.0615147052168636 4
0000 0004 1710399990100 16.25 -59.0 3.485204350076177 4
0000 0005 1710399990101 38.1875 -60.0 0.9940195505498954 4
0000 0013 1710399990101 35.75 -58.5 1.1719613219446299 4
0000 0000 1710399990101 52.0625 -69.5 3.0802334220743677 4
0000 0008 1710399990102 -39.0 -58.0 4.970097752749477 4
0000 0009 1710399990102 -10.5625 -55.0 0.6688156235181395 4
0000 0011 1710399990102 39.0 -68.0 6.22182607566416 4
0000 0007 1710399990102 -19.5 -55.0 1.141281706186917 4
0000 0010 1710399990103 -81.375 -64.5 5.71868037723767 4
0000 0003 1710399990103 123.6875 -69.5 1.325359400733194 4
0000 0002 1710399990103 -188.75 -74.0 2.9759227284981438 4
0000 0001 1710399990104 -55.3125 -73.0 0.4479223900626072 4
0000 0010 1710399990229 9.75 -59.0 4.104932588381976 4
0000 0003 1710399990229 -3.25 -71.0 2.116893487282185 4
0000 0007 1710399990230 -6.5 -56.0 0.1902136176978195 4
0000 0004 1710399990230 13.0 -62.5 3.2888548092268146 4
0000 0015 1710399990230 -3.25 -59.5 0.5951845456996288 4
0000 0012 1710399990230 -10.5625 -54.5 1.736466251886546 4
0000 0013 1710399990231 -13.0 -59.0 0.22089323345553233 4
0000 0009 1710399990231 65.0625 -59.5 5.9088939949354895 4
0000 0006 1710399990231 -6.5 -62.5 5.921165841238575 4
0000 0005 1710399990232 27.625 -59.5 0.9878836273983529 4
0000 0014 1710399990232 42.3125 -64.0 0.34974761963792617 4
0000 0008 1710399990232 0.0 -59.5 3.2520392703175593 4
0000 0000 1710399990233 -34.9375 -67.5 2.6875343403756435 4
0000 0001 1710399990233 -9.75 -74.0 2.1659808724945253 4
0000 0002 1710399990233 29.25 -72.5 3.706097583531709 4
0000 0007 1710399990455 -22.75 -58.0 5.755495916146925 4
0000 0014 1710399990455 0.0 -64.0 0.4356505437595221 4
0000 0013 1710399990456 -9.75 -59.0 5.816855147662351 4
0000 0015 1710399990456 3.25 -59.5 0.5645049299419159 4
0000 0012 1710399990456 55.3125 -55.0 1.3928545554001621 4
0000 0004 1710399990456 -195.25 -67.5 3.0495538063166547 4
0000 0000 1710399990457 13.8125 -61.5 2.5893595699509624 4
0000 0010 1710399990457 42.3125 -70.0 0.48473792897186263 4
0000 0005 1710399990457 -3.25 -60.0 1.423534171157875 4
0000 0008 1710399990458 -9.75 -53.0 2.172116795646068 4
0000 0002 1710399990458 -58.5625 -72.0 4.086524818927348 4
0000 0003 1710399990458 182.25 -70.5 1.3437671701878218 4
0000 0009 1710399990459 3.25 -63.5 2.767301341345697 4
0000 0006 1710399990459 68.3125 -64.5 5.8475347634200645 4
0000 0009 1710399990459 -19.5 -58.5 0.8099418560036186 4
0000 0012 1710399990460 0.0 -55.0 1.576932249946439 4
0000 0007 1710399990460 -42.3125 -59.5 5.66959299202533 4
0000 0008 1710399990460 3.25 -51.0 1.3744467859455345 4
0000 0015 1710399990460 0.0 -59.5 0.5338253141842031 4
0000 0002 1710399990461 -195.25 -68.5 4.718524903536232 4
0000 0000 1710399990461 16.25 -59.5 2.9022916506796332 4
0000 0003 1710399990461 26.0 -67.5 1.9573594853420782 4
0000 0004 1710399990462 -19.5 -62.5 2.086213871524472 4
0000 0013 1710399990462 26.0 -58.5 5.589825991055276 4
0000 0006 1710399990463 -74.8125 -70.0 4.92714629068868 4
0000 0014 1710399990463 -6.5 -64.0 0.23316507975861744 4
0000 0005 1710399990463 52.0625 -61.0 1.3560390164909069 4
0000 0010 1710399990699 1.5 -79.5 0.6872233929727672 4
0000 0009 1710399990699 -7.3125 -61.0 6.17273869045182 4
0000 0005 1710399990699 16.25 -63.5 0.48473792897186263 4
0000 0015 1710399990699 -19.5 -59.5 0.5829126993965437 4
0000 0012 1710399990700 3.25 -57.0 1.932815792735908 4
0000 0007 1710399990700 -26.0 -59.5 4.921010367537137 4
0000 0008 1710399990701 22.75 -54.0 0.6504078540635119 4
0000 0000 1710399990701 10.5625 -63.0 2.6200391857086753 4
0000 0003 1710399990702 -32.5 -66.0 2.2580197197676637 4
0000 0013 1710399990702 0.0 -59.5 5.5284667595398505 4
0000 0014 1710399990702 -9.75 -65.5 0.32520392703175593 4
0000 0006 1710399990703 91.125 -69.0 1.214912784005428 4
0000 0002 1710399990703 16.25 -66.5 4.6878452877785195 4
0000 0004 1710399990703 3.25 -65.0 1.0737865515199487 4
0000 0012 1710399990704 19.5 -57.0 2.030990563160589 4
0000 0002 1710399990704 19.5 -67.0 4.331961744989051 4
0000 0013 1710399990704 0.0 -60.0 5.583690067903734 4
0000 0015 1710399990705 19.5 -60.0 0.5890486225480862 4
0000 0008 1710399990705 -9.75 -56.5 6.086835766330224 4
0000 0009 1710399990705 -48.8125 -61.0 5.724816300389213 4
0000 0004 1710399990706 -100.875 -68.5 0.7731263170943632 4
0000 0007 1710399990706 3.25 -60.0 4.031301510563465 4
0000 0005 1710399990706 -21.125 -64.0 5.418020142812084 4
0000 0014 1710399990706 87.875 -66.5 0.3190680038802134 4
0000 0006 1710399990707 58.5625 -66.5 6.277049384028044 4
0000 0003 1710399990707 104.125 -66.0 2.313243028131547 4
0000 0000 1710399990707 48.8125 -68.0 1.607611865704152 4
0000 0004 1710399990928 22.75 -66.0 0.859029241215959 4
0000 0005 1710399990928 -13.8125 -64.0 4.755340442445488 4
0000 0009 1710399990928 0.0 -62.0 5.5284667595398505 4
0000 0015 1710399990929 -13.0 -59.5 0.6135923151542565 4
0000 0008 1710399990929 -16.25 -57.0 5.491651220630596 4
0000 0014 1710399990929 22.75 -67.0 0.5338253141842031 4
0000 0012 1710399990930 13.8125 -58.0 2.172116795646068 4
0000 0013 1710399990930 9.75 -60.5 5.638913376267617 4
0000 0003 1710399990930 -16.25 -66.0 2.3930100291016 4
0000 0007 1710399990931 0.0 -60.5 3.3072625786814425 4
0000 0002 1710399990931 0.0 -67.0 4.1601558967458585 4
0000 0000 1710399990931 73.1875 -71.5 0.7485826244881929 4
0000 0006 1710399990932 -84.625 -64.5 0.380427235395639 4
0000 0015 1710399990932 -3.25 -59.5 0.6381360077604268 4
0000 0008 1710399990932 9.75 -57.0 5.368932757599744 4
0000 0012 1710399990933 -6.5 -58.0 2.2641556429192065 4
0000 0006 1710399990933 58.5625 -65.0 0.23316507975861744 4
0000 0005 1710399990933 -58.5625 -63.0 4.657165672020807 4
0000 0000 1710399990933 -24.375 -72.0 0.6320000846088841 4
0000 0014 1710399990934 -26.0 -67.0 0.5890486225480862 4
0000 0003 1710399990934 0.0 -66.5 2.3930100291016 4
0000 0004 1710399990934 39.0 -66.0 0.8283496254582462 4
0000 0013 1710399990935 -13.0 -60.5 5.688000761479957 4
0000 0007 1710399990935 -35.75 -61.0 3.104777114680538 4
0000 0009 1710399990935 -65.0625 -62.0 5.64504929941916 4
0000 0002 1710399990936 13.0 -67.0 4.276738436625168 4
0000 0000 1710399991155 107.375 -70.5 0.8406214717613314 4
0000 0009 1710399991156 -27.625 -62.0 5.71868037723767 4
0000 0015 1710399991156 -29.25 -59.5 0.662679700366597 4
0000 0014 1710399991156 48.8125 -66.5 0.4908738521234052 4
0000 0002 1710399991157 156.1875 -66.5 3.9453985864418692 4
0000 0005 1710399991157 19.5 -64.5 4.81056375080937 4
0000 0013 1710399991157 -58.5625 -60.0 5.8045833013592665 4
0000 0003 1710399991158 58.5625 -66.0 2.521864415283994 4
0000 0012 1710399991158 3.25 -58.5 2.2948352586769194 4
0000 0008 1710399991158 -9.75 -56.5 5.632777453116074 4
0000 0007 1710399991159 -19.5 -60.5 3.3624858870453256 4
0000 0004 1710399991159 65.0625 -66.0 0.9510680884890975 4
0000 0006 1710399991159 78.0625 -65.0 0.6320000846088841 4
0000 0007 1710399991159 -19.5 -60.5 3.7122335066832517 4
0000 0000 1710399991160 166.8125 -70.5 1.1903690913992575 4
0000 0008 1710399991160 -42.3125 -56.5 5.902758071783947 4
0000 0012 1710399991160 -19.5 -59.0 2.2764274892222915 4
0000 0015 1710399991161 9.75 -59.5 0.662679700366597 4
0000 0009 1710399991161 -52.0625 -61.0 5.8475347634200645 4
0000 0006 1710399991161 0.0 -65.0 1.1167380135807468 4
0000 0014 1710399991162 -6.5 -66.5 0.5338253141842031 4
0000 0004 1710399991162 42.3125 -66.0 1.0799224746714913 4
0000 0013 1710399991162 -19.5 -60.0 5.663457068873787 4
0000 0005 1710399991163 29.25 -64.0 5.148039524144211 4
0000 0002 1710399991163 -26.0 -67.5 4.301282129231338 4
0000 0003 1710399991163 84.625 -65.5 2.423689644859313 4
0000 0015 1710399991384 -3.25 -59.5 0.6442719309119693 4
0000 0003 1710399991384 65.0625 -65.5 2.4727770300716534 4
0000 0013 1710399991385 -58.5625 -59.5 5.688000761479957 4
0000 0008 1710399991385 -3.25 -56.0 5.902758071783947 4
0000 0000 1710399991386 -62.625 -69.5 1.5278448647340985 4
0000 0006 1710399991386 45.5625 -64.5 1.3744467859455345 4
0000 0002 1710399991386 -52.0625 -66.5 4.411728745959104 4
0000 0004 1710399991386 -22.75 -66.5 1.3314953238847365 4
0000 0009 1710399991387 -10.5625 -62.0 5.829126993965437 4
0000 0012 1710399991387 21.125 -59.0 2.2334760271614935 4
0000 0005 1710399991387 6.5 -64.0 5.307573526084319 4
0000 0007 1710399991388 16.25 -59.5 3.9392626632903265 4
0000 0014 1710399991388 61.8125 -67.0 0.4479223900626072 4
0000 0009 1710399991388 -94.375 -62.0 5.957981380147831 4
0000 0008 1710399991389 -16.25 -56.0 5.915029918087033 4
0000 0002 1710399991389 -32.5 -66.5 4.374913207049849 4
0000 0013 1710399991389 26.0 -59.5 5.553010452146021 4
0000 0004 1710399991390 32.5 -66.0 1.2946797849754812 4
0000 0007 1710399991390 -19.5 -59.0 3.933126740138784 4
0000 0005 1710399991390 45.5625 -64.5 5.2339424482658075 4
0000 0012 1710399991391 19.5 -59.0 2.2396119503130363 4
0000 0015 1710399991391 -13.0 -59.5 0.6810874698212247 4
0000 0014 1710399991391 -68.3125 -66.5 0.5399612373357456 4
0000 0000 1710399991392 34.9375 -70.0 1.3499030933393643 4
0000 0006 1710399991392 13.0 -65.0 1.4480778637640452 4
0000 0003 1710399991392 9.75 -65.5 2.6384469551633027 4
0000 0001 1710399991631 3.375 -79.0 4.914874444385594 4
0000 0008 1710399991631 -45.5625 -56.0 5.884350302329319 4
0000 0007 1710399991631 -16.25 -59.5 3.663146121470911 4
0000 0003 1710399991631 45.5625 -66.0 2.5954954931025047 4
0000 0014 1710399991632 52.0625 -66.0 0.4111068511533518 4
0000 0009 1710399991632 -3.25 -62.5 5.853670686571607 4
0000 0013 1710399991632 -6.5 -60.0 5.595961914206819 4
0000 0005 1710399991633 79.75 -64.5 4.908738521234052 4
0000 0012 1710399991633 30.875 -59.0 2.2334760271614935 4
0000 0015 1710399991633 9.75 -59.5 0.6504078540635119 4
0000 0000 1710399991634 -39.0 -68.5 1.282407938672396 4
0000 0006 1710399991634 22.75 -65.0 1.2210487071569704 4
0000 0002 1710399991634 -52.0625 -67.0 4.424000592262189 4
0000 0004 1710399991634 26.0 -66.0 1.1903690913992575 4
0000 0001 1710399991635 -2.4375 -78.5 5.1725832167503825 4
0000 0003 1710399991635 -208.3125 -66.0 3.1231848841351653 4
0000 0015 1710399991635 -19.5 -59.5 0.6810874698212247 4
0000 0002 1710399991636 29.25 -67.0 4.190835512503572 4
0000 0006 1710399991636 3.25 -65.0 1.282407938672396 4
0000 0008 1710399991636 -16.25 -56.0 5.786175531904639 4
0000 0007 1710399991637 -29.25 -61.5 3.3195344249845276 4
0000 0009 1710399991637 32.5 -62.0 5.841398840268521 4
0000 0014 1710399991637 -61.8125 -66.0 0.5399612373357456 4
0000 0013 1710399991637 39.0 -60.0 5.577554144752192 4
0000 0012 1710399991638 21.125 -59.0 2.1905245651006955 4
0000 0005 1710399991638 39.0 -65.0 4.626486056263094 4
0000 0004 1710399991638 110.625 -66.0 1.0185632431560658 4
0000 0000 1710399991639 59.375 -69.5 1.2946797849754812 4
0000 0001 1710399991879 0.25 -78.5 5.166447293598839 4
0000 0009 1710399991879 -41.5 -62.0 5.890486225480862 4
0000 0008 1710399991880 -9.75 -56.0 5.810719224510809 4
0000 0014 1710399991880 -45.5625 -66.0 0.5460971604872883 4
0000 0006 1710399991880 -32.5 -65.0 1.2946797849754812 4
0000 0003 1710399991880 26.0 -66.0 2.6691265709210157 4
0000 0012 1710399991881 -10.5625 -59.0 2.282563412373834 4
0000 0000 1710399991881 257.125 -68.5 1.0369710126106935 4
0000 0002 1710399991881 -113.875 -67.5 4.503767593232243 4
0000 0007 1710399991882 -13.0 -61.5 3.06182565261974 4
0000 0004 1710399991882 -52.0625 -66.5 1.227184630308513 4
0000 0013 1710399991882 6.5 -60.0 5.577554144752192 4
0000 0015 1710399991883 3.25 -59.0 0.6442719309119693 4
0000 0005 1710399991883 -52.0625 -64.5 4.620350133111551 4
0000 0001 1710399991883 0.0 -78.5 5.092816215780329 4
0000 0013 1710399991884 -9.75 -59.5 5.626641529964532 4
0000 0003 1710399991884 9.75 -66.5 2.650718801466388 4
0000 0015 1710399991884 -3.25 -59.5 0.6933593161243098 4
0000 0009 1710399991885 -6.5 -61.5 5.792311455056181 4
0000 0006 1710399991885 29.25 -65.0 1.1474176293384597 4
0000 0008 1710399991885 3.25 -55.5 5.780039608753096 4
0000 0012 1710399991886 -6.5 -58.5 2.2089323345553233 4
0000 0014 1710399991886 -13.0 -66.0 0.521553467881118 4
0000 0005 1710399991887 104.125 -64.0 4.374913207049849 4
0000 0004 1710399991887 48.8125 -66.5 1.0615147052168636 4
0000 0007 1710399991887 -35.75 -61.5 3.1784081924990484 4
0000 0002 1710399991888 -19.5 -66.5 4.2031073588066565 4
0000 0000 1710399991888 -41.5 -68.5 1.2946797849754812 4
0000 0000 1710399992147 -3.25 -68.5 1.2210487071569704 4
0000 0003 1710399992147 84.625 -66.0 2.3009711818284617 4
0000 0004 1710399992148 6.5 -65.5 1.1290098598838318 4
0000 0005 1710399992148 21.125 -64.5 4.853515212870168 4
0000 0014 1710399992148 6.5 -66.0 0.5522330836388308 4
0000 0006 1710399992149 78.0625 -65.0 1.3008157081270237 4
0000 0015 1710399992149 42.3125 -59.0 0.6135923151542565 4
0000 0007 1710399992149 42.3125 -60.0 3.411573272257666 4
0000 0009 1710399992150 -48.8125 -62.0 5.773903685601553 4
0000 0013 1710399992150 48.8125 -60.0 5.491651220630596 4
0000 0008 1710399992150 -32.5 -55.5 5.810719224510809 4
0000 0012 1710399992150 52.0625 -59.0 2.086213871524472 4
0000 0002 1710399992151 -22.75 -66.5 4.09266074207889 4
0000 0002 1710399992151 6.5 -67.5 3.8840393549264434 4
0000 0012 1710399992151 27.625 -59.0 2.030990563160589 4
0000 0009 1710399992152 21.125 -62.0 5.6573211457222445 4
0000 0015 1710399992152 3.25 -59.5 0.6933593161243098 4
0000 0013 1710399992152 -68.3125 -60.0 5.700272607783043 4
0000 0006 1710399992153 55.3125 -65.0 1.337631247036279 4
0000 0000 1710399992153 -41.5 -69.5 1.1965050145508 4
0000 0007 1710399992153 22.75 -62.0 3.1231848841351653 4
0000 0008 1710399992154 -32.5 -55.0 5.773903685601553 4
0000 0003 1710399992154 52.0625 -65.5 2.1966604882522383 4
0000 0004 1710399992154 13.0 -67.0 1.227184630308513 4
0000 0005 1710399992155 35.75 -64.0 4.417864669110647 4
0000 0014 1710399992155 -19.5 -66.0 0.5092816215780329 4
0000 0006 1710399992422 -22.75 -65.0 1.4480778637640452 4
0000 0002 1710399992423 78.0625 -68.0 3.859495662320273 4
0000 0008 1710399992423 -39.0 -55.5 5.7616318392984684 4
0000 0000 1710399992423 -45.5625 -70.5 1.1474176293384597 4
0000 0015 1710399992423 -29.25 -59.5 0.7301748550335652 4
0000 0014 1710399992424 9.75 -65.5 0.4049709280018093 4
0000 0003 1710399992424 6.5 -65.5 2.3623304133438876 4
0000 0013 1710399992424 13.0 -60.0 5.516194913236766 4
0000 0009 1710399992425 -27.625 -62.0 5.786175531904639 4
0000 0012 1710399992425 38.1875 -58.5 2.012582793705961 4
0000 0007 1710399992425 149.6875 -61.5 2.411417798556228 4
0000 0005 1710399992426 13.8125 -64.0 4.061981126321178 4
0000 0004 1710399992426 13.0 -68.0 1.0921943209745766 4
0000 0014 1710399992426 6.5 -67.0 0.4724660826687775 4
0000 0013 1710399992426 -42.3125 -60.0 5.608233760509904 4
0000 0000 1710399992427 211.5625 -70.5 0.9142525495798421 4
0000 0003 1710399992427 -16.25 -65.5 2.380738182798515 4
0000 0004 1710399992428 3.25 -66.5 1.1290098598838318 4
0000 0007 1710399992428 42.3125 -61.5 2.6323110320117604 4
0000 0008 1710399992429 -29.25 -55.5 5.675728915176872 4
0000 0012 1710399992429 10.5625 -58.5 2.067806102069844 4
0000 0009 1710399992429 -21.125 -62.5 5.681864838328415 4
0000 0015 1710399992430 32.5 -59.5 0.619728238305799 4
0000 0002 1710399992430 -9.75 -68.0 3.9392626632903265 4
0000 0006 1710399992430 87.875 -65.5 1.2026409377023426 4
0000 0005 1710399992431 29.25 -63.5 4.031301510563465 4
0000 0013 1710399992646 -71.5625 -60.0 5.651185222570702 4
0000 0006 1710399992646 35.75 -64.5 1.3069516312785663 4
0000 0000 1710399992646 -87.0625 -69.5 1.0737865515199487 4
0000 0005 1710399992647 32.5 -63.5 4.111068511533518 4
0000 0002 1710399992647 13.0 -67.5 3.9147189706841563 4
0000 0004 1710399992647 -32.5 -66.0 1.282407938672396 4
0000 0012 1710399992648 3.25 -58.5 2.0371264863121317 4
0000 0015 1710399992648 19.5 -59.0 0.6381360077604268 4
0000 0009 1710399992648 21.125 -62.5 5.6573211457222445 4
0000 0003 1710399992649 42.3125 -65.5 2.172116795646068 4
0000 0008 1710399992649 -42.3125 -55.5 5.712544454086128 4
0000 0007 1710399992649 -6.5 -62.0 2.761165418194154 4
0000 0014 1710399992650 -3.25 -66.0 0.4049709280018093 4
0000 0013 1710399992650 -6.5 -60.0 5.565282298449106 4
0000 0014 1710399992650 -9.75 -66.0 0.3313398501832985 4
0000 0008 1710399992651 6.5 -55.5 5.675728915176872 4
0000 0015 1710399992651 -3.25 -59.5 0.6565437772150544 4
0000 0009 1710399992651 -21.125 -62.0 5.712544454086128 4
0000 0012 1710399992651 13.8125 -58.0 2.043262409463674 4
0000 0004 1710399992652 -6.5 -65.0 1.2946797849754812 4
0000 0003 1710399992652 16.25 -65.5 2.2027964114037806 4
0000 0007 1710399992652 26.0 -61.5 2.6813984172241008 4
0000 0006 1710399992653 65.0625 -65.0 1.2640001692177683 4
0000 0002 1710399992653 3.25 -68.0 3.8533597391687304 4
0000 0005 1710399992653 -13.0 -63.5 4.264466590322082 4
0000 0000 1710399992654 -7.3125 -70.0 1.1351457830353744 4
0000 0001 1710399992891 1.25 -79.0 4.878058905476339 4
0000 0009 1710399992892 -21.125 -62.5 5.7616318392984684 4
0000 0005 1710399992892 -71.5625 -64.0 4.319689898685965 4
0000 0003 1710399992892 13.0 -65.0 2.3439226438892597 4
0000 0008 1710399992892 -29.25 -55.5 5.792311455056181 4
0000 0013 1710399992893 -55.3125 -60.5 5.64504929941916 4
0000 0014 1710399992893 6.5 -66.0 0.32520392703175593 4
0000 0002 1710399992893 35.75 -68.0 3.773592738198677 4
0000 0015 1710399992894 16.25 -59.0 0.6442719309119693 4
0000 0006 1710399992894 16.25 -65.5 1.043106935762236 4
0000 0012 1710399992894 30.875 -58.5 2.061670178918302 4
0000 0007 1710399992895 48.8125 -61.5 2.5709518004963345 4
0000 0000 1710399992895 -27.625 -70.0 1.41126232485479 4
0000 0004 1710399992896 6.5 -65.5 1.086058397823034 4
0000 0001 1710399992896 7.3125 -78.5 4.743068596142402 4
0000 0012 1710399992897 34.9375 -58.5 2.055534255766759 4
0000 0014 1710399992897 -16.25 -66.0 0.3190680038802134 4
0000 0015 1710399992897 -3.25 -59.0 0.6749515466696822 4
0000 0008 1710399992898 0.0 -55.5 5.773903685601553 4
0000 0002 1710399992898 120.4375 -71.0 3.706097583531709 4
0000 0007 1710399992898 19.5 -62.0 2.6261751088602177 4
0000 0005 1710399992898 -13.0 -63.5 4.28287435977671 4
0000 0013 1710399992899 -22.75 -60.0 5.608233760509904 4
0000 0000 1710399992899 -42.3125 -69.0 1.3744467859455345 4
0000 0009 1710399992899 -6.5 -61.5 5.773903685601553 4
0000 0003 1710399992900 26.0 -66.0 2.3316507975861747 4
0000 0006 1710399992900 29.25 -64.0 1.0921943209745766 4
0000 0004 1710399992900 0.0 -64.5 1.030835089459151 4
0000 0001 1710399993133 1.25 -78.5 4.853515212870168 4
0000 0015 1710399993133 13.0 -59.0 0.6565437772150544 4
0000 0013 1710399993133 -100.875 -61.0 5.737088146692298 4
0000 0003 1710399993133 -32.5 -66.0 2.325514874434632 4
0000 0008 1710399993134 -32.5 -56.0 5.792311455056181 4
0000 0002 1710399993134 -48.8125 -69.5 3.890175278077986 4
0000 0004 1710399993134 42.3125 -64.0 1.0799224746714913 4
0000 0007 1710399993135 -55.3125 -61.5 2.6445828783148455 4
0000 0009 1710399993135 -62.625 -61.5 5.902758071783947 4
0000 0012 1710399993135 21.125 -58.5 2.086213871524472 4
0000 0000 1710399993136 65.875 -69.5 1.227184630308513 4
0000 0005 1710399993136 -10.5625 -64.5 4.2092432819582 4
0000 0006 1710399993137 78.0625 -65.0 0.8099418560036186 4
0000 0014 1710399993137 35.75 -66.5 0.18407769454627693 4
0000 0001 1710399993138 0.8125 -78.5 4.828971520263998 4
0000 0009 1710399993138 -27.625 -61.5 5.939573610693203 4
0000 0003 1710399993139 19.5 -65.5 2.2212041808584084 4
0000 0005 1710399993139 -30.875 -65.0 4.190835512503572 4
0000 0008 1710399993139 -26.0 -56.0 5.780039608753096 4
0000 0013 1710399993140 -52.0625 -60.5 5.66959299202533 4
0000 0007 1710399993140 45.5625 -62.0 2.423689644859313 4
0000 0014 1710399993140 32.5 -66.0 0.22089323345553233 4
0000 0006 1710399993140 71.5625 -65.0 0.5583690067903734 4
0000 0012 1710399993141 10.5625 -58.5 2.116893487282185 4
0000 0015 1710399993141 3.25 -59.0 0.662679700366597 4
0000 0002 1710399993141 -48.8125 -69.0 3.7551849687440497 4
0000 0000 1710399993142 -3.25 -70.0 1.3008157081270237 4
0000 0004 1710399993142 -19.5 -63.5 1.0185632431560658 4
0000 0001 1710399993384 0.4375 -78.5 4.865787059173254 4
0000 0003 1710399993384 68.3125 -64.5 2.1782527187976104 4
0000 0009 1710399993384 7.3125 -61.5 6.019340611663256 4
0000 0007 1710399993385 0.0 -61.0 2.5341362615870793 4
0000 0005 1710399993386 -55.3125 -64.5 4.387185053352934 4
0000 0000 1710399993386 17.0625 -68.5 1.4358060174609601 4
0000 0014 1710399993387 -65.0625 -66.5 0.28225246497095796 4
0000 0015 1710399993387 9.75 -59.5 0.6381360077604268 4
0000 0013 1710399993387 -3.25 -60.5 5.595961914206819 4
0000 0002 1710399993387 -16.25 -69.0 3.8717675086233583 4
0000 0008 1710399993388 -19.5 -56.0 5.902758071783947 4
0000 0012 1710399993388 7.3125 -58.5 2.1353012567368124 4
0000 0004 1710399993388 -6.5 -63.5 1.2762720155208536 4
0000 0006 1710399993389 -16.25 -66.0 0.8958447801252144 4
0000 0001 1710399993389 2.125 -79.0 4.963961829597935 4
0000 0006 1710399993389 45.5625 -64.5 1.0615147052168636 4
0000 0004 1710399993389 22.75 -63.5 1.4787574795217582 4
0000 0005 1710399993390 22.75 -65.0 4.589670517353839 4
0000 0015 1710399993390 -9.75 -59.0 0.662679700366597 4
0000 0007 1710399993390 -22.75 -61.0 2.804116880254952 4
0000 0002 1710399993391 0.0 -69.5 4.06811704947272 4
0000 0009 1710399993391 7.3125 -62.0 6.0991076126333095 4
0000 0008 1710399993391 0.0 -56.0 6.019340611663256 4
0000 0014 1710399993392 45.5625 -67.0 0.14726215563702155 4
0000 0013 1710399993392 32.5 -60.0 5.595961914206819 4
0000 0012 1710399993392 -17.0625 -58.0 2.172116795646068 4
0000 0000 1710399993393 65.875 -68.5 1.7119225592803755 4
0000 0003 1710399993393 9.75 -65.5 2.380738182798515 4
0000 0001 1710399993474 -11.875 -78.5 5.049864753719531 4
