0000 0012 1710753336353 16.25 -59.0 3.000466421104314 10
0000 0009 1710753336354 24.375 -60.5 0.5583690067903734 10
0000 0004 1710753336354 0.0 -64.5 3.2459033471660166 10
0000 0010 1710753336355 -39.0 -64.5 3.0372819600135696 10
0000 0001 1710753336355 -61.8125 -66.0 3.5956509668039427 10
0000 0011 1710753336356 166.0 -69.5 2.2089323345553233 10
0000 0005 1710753336356 -41.5 -73.0 5.921165841238575 10
0000 0000 1710753336356 4.5625 -73.5 1.9389517158874505 10
0000 0009 1710753336356 10.5625 -60.0 0.6013204688511713 10
0000 0004 1710753336357 -42.3125 -64.0 3.5833791205008576 10
0000 0001 1710753336357 87.875 -66.0 3.4913402732277192 10
0000 0013 1710753336358 58.5625 -69.0 0.9572040116406401 10
0000 0012 1710753336358 -35.75 -60.0 3.0802334220743677 10
0000 0010 1710753336358 68.3125 -63.5 3.055689729468197 10
0000 0011 1710753336359 179.0 -70.5 2.350058567040802 10
0000 0005 1710753336359 145.625 -70.5 5.626641529964532 10
0000 0003 1710753336359 -45.5625 -70.0 5.485515297479052 10
0000 0000 1710753336480 12.3125 -73.0 5.056000676871073 10
0000 0012 1710753336480 -9.75 -59.5 3.098641191528995 10
0000 0004 1710753336481 39.0 -64.5 3.7551849687440497 10
0000 0005 1710753336481 -162.75 -70.5 6.111379458936394 10
0000 0001 1710753336481 -3.25 -66.0 3.6324665057131984 10
0000 0011 1710753336482 -159.5 -69.5 2.5893595699509624 10
0000 0013 1710753336482 55.3125 -68.0 0.9878836273983529 10
0000 0003 1710753336482 -48.8125 -69.0 5.436427912266712 10
0000 0009 1710753336483 -7.3125 -60.0 0.6994952392758523 10
0000 0010 1710753336483 -26.0 -63.5 3.2581751934691017 10
0000 0000 1710753336702 5.1875 -73.0 2.018718716857504 10
0000 0012 1710753336702 9.75 -60.0 3.08636934522591 10
0000 0010 1710753336702 9.75 -63.5 3.3318062712876126 10
0000 0011 1710753336702 -179.0 -69.0 2.442097414313941 10
0000 0005 1710753336703 17.0625 -71.0 6.050020227420969 10
0000 0001 1710753336703 -48.8125 -66.5 3.785864584501762 10
0000 0009 1710753336703 17.0625 -60.0 0.7179030087304801 10
0000 0003 1710753336704 -55.3125 -69.5 5.375068680751287 10
0000 0004 1710753336704 29.25 -64.5 3.8410878928656453 10
0000 0013 1710753336704 65.0625 -68.5 0.9878836273983529 10
0000 0000 1710753336705 0.8125 -72.0 2.095417756251786 10
0000 0010 1710753336705 -68.3125 -63.5 3.436116964863836 10
0000 0004 1710753336706 -35.75 -63.5 4.04357335686655 10
0000 0003 1710753336706 -156.1875 -69.0 5.313709449235861 10
0000 0009 1710753336706 21.125 -60.5 0.760854470791278 10
0000 0005 1710753336707 65.875 -70.0 5.970253226450915 10
0000 0000 1710753336707 170.0625 -71.0 1.7855536370988863 10
0000 0013 1710753336707 16.25 -67.5 1.0921943209745766 10
0000 0001 1710753336707 -26.0 -65.5 3.8410878928656453 10
0000 0012 1710753336708 32.5 -59.5 3.098641191528995 10
0000 0011 1710753336708 52.0625 -69.0 2.2886993355253766 10
0000 0000 1710753336719 32.5 -71.5 5.240078371417351 10
0000 0003 1710753336928 -19.5 -69.5 5.516194913236766 10
0000 0011 1710753336929 -52.0625 -69.0 2.4727770300716534 10
0000 0009 1710753336929 -13.8125 -59.5 0.859029241215959 10
0000 0004 1710753336929 45.5625 -64.5 3.9576704327449543 10
0000 0012 1710753336930 -29.25 -60.0 3.1968159619536762 10
0000 0013 1710753336930 81.375 -68.0 0.9878836273983529 10
0000 0001 1710753336931 35.75 -66.5 3.7122335066832517 10
0000 0010 1710753336931 -39.0 -64.0 3.472932503773092 10
0000 0000 1710753336931 -13.8125 -71.0 2.325514874434632 10
0000 0005 1710753336932 -159.5 -71.0 6.270913460876501 10
0000 0000 1710753336932 9.75 -71.5 5.329049257114717 10
0000 0010 1710753336932 48.8125 -64.0 3.3072625786814425 10
0000 0012 1710753336933 -9.75 -59.0 3.2827188860752723 10
0000 0004 1710753336933 -9.75 -64.0 4.0987966652304335 10
0000 0001 1710753336934 -52.0625 -67.0 3.9576704327449543 10
0000 0009 1710753336934 10.5625 -59.5 0.8774370106705868 10
0000 0003 1710753336934 -13.8125 -71.0 5.546874528994478 10
0000 0011 1710753336935 71.5625 -69.5 2.1598449493429825 10
0000 0013 1710753336935 45.5625 -70.5 1.2762720155208536 10
0000 0005 1710753336935 -125.3125 -72.5 6.043884304269426 10
0000 0000 1710753336969 -1.1875 -73.0 5.491651220630596 10
0000 0005 1710753337233 26.0 -71.0 5.5284667595398505 10
0000 0009 1710753337234 -3.25 -58.5 1.012427320004523 10
0000 0012 1710753337234 -6.5 -58.5 3.2459033471660166 10
0000 0011 1710753337234 78.0625 -69.0 2.313243028131547 10
0000 0001 1710753337234 -29.25 -68.5 4.061981126321178 10
0000 0010 1710753337235 22.75 -65.0 3.436116964863836 10
0000 0004 1710753337235 -6.5 -63.5 4.295146206079795 10
0000 0013 1710753337235 3.0 -74.5 1.3314953238847365 10
0000 0011 1710753337236 74.8125 -67.0 2.429825568010856 10
0000 0013 1710753337236 -45.5625 -68.0 1.9266798695843652 10
0000 0012 1710753337236 24.375 -59.5 3.356349963893783 10
0000 0009 1710753337236 45.5625 -58.0 1.184233168247715 10
0000 0010 1710753337237 -9.75 -66.5 3.7551849687440497 10
0000 0004 1710753337237 39.0 -66.5 4.632621979414636 10
0000 0005 1710753337470 -0.9375 -74.0 1.5830681730979816 10
0000 0009 1710753337470 -24.375 -57.0 2.067806102069844 10
0000 0004 1710753337470 -3.25 -66.0 5.411884219660542 10
0000 0013 1710753337471 -3.25 -72.0 0.5522330836388308 10
0000 0010 1710753337471 3.25 -67.5 4.239922897715912 10
0000 0012 1710753337471 3.25 -62.0 3.6140587362585705 10
0000 0005 1710753337472 -41.5 -71.0 4.73693267299086 10
0000 0010 1710753337472 48.8125 -69.0 5.3627968344482015 10
0000 0005 1710753337472 35.75 -68.5 4.970097752749477 10
0000 0004 1710753337472 -32.5 -65.0 0.23930100291016002 10
0000 0009 1710753337473 -10.5625 -58.5 3.2090878082567613 10
0000 0012 1710753337473 -7.3125 -60.5 3.6140587362585705 10
0000 0012 1710753337720 17.0625 -62.0 3.9576704327449543 10
0000 0015 1710753337720 -68.3125 -67.5 1.184233168247715 10
0000 0004 1710753337721 48.8125 -63.0 1.3008157081270237 10
0000 0010 1710753337721 -39.0 -69.5 0.8222137023067037 10
0000 0005 1710753337721 17.0625 -69.5 5.074408446325701 10
0000 0009 1710753337721 -22.75 -57.5 4.822835597112456 10
0000 0001 1710753337722 61.8125 -70.5 2.6323110320117604 10
0000 0003 1710753337722 -4.6875 -74.0 5.197126909356553 10
0000 0004 1710753337722 91.125 -63.0 2.6139032625571326 10
0000 0010 1710753337723 -65.0625 -67.5 3.031146036862027 10
0000 0009 1710753337723 -10.5625 -59.5 0.5031456984264903 10
0000 0012 1710753337723 48.8125 -63.0 3.9208548938356986 10
0000 0003 1710753337724 -123.6875 -70.0 5.749359992995383 10
0000 0001 1710753337724 -6.5 -67.5 3.724505352986337 10
0000 0005 1710753337724 -5.9375 -75.5 0.17794177139473438 10
0000 0012 1710753337874 -29.25 -67.5 3.785864584501762 10
0000 0004 1710753337874 61.8125 -65.5 5.411884219660542 10
0000 0010 1710753337874 48.8125 -63.5 5.240078371417351 10
0000 0005 1710753337874 -97.625 -70.5 2.718213956133356 10
0000 0009 1710753337875 -13.8125 -60.5 4.06811704947272 10
0000 0011 1710753337875 1.8125 -69.5 5.872078456026235 10
0000 0007 1710753337875 3.25 -75.5 5.902758071783947 10
0000 0001 1710753337876 1.25 -72.5 0.9572040116406401 10
0000 0000 1710753337876 -1.9375 -74.0 4.706253057233147 10
0000 0004 1710753337876 -19.5 -62.0 3.3747577333484107 10
0000 0005 1710753337876 76.4375 -67.5 2.9084275738311756 10
0000 0011 1710753337877 16.25 -69.5 1.3499030933393643 10
0000 0009 1710753337877 7.3125 -57.5 1.3744467859455345 10
0000 0010 1710753337877 52.0625 -63.5 2.5341362615870793 10
0000 0015 1710753337878 -71.5625 -69.5 2.8716120349219203 10
0000 0001 1710753337878 58.5625 -67.5 4.657165672020807 10
0000 0004 1710753338173 -52.0625 -63.5 5.387340527054372 10
0000 0001 1710753338173 9.75 -68.5 0.8283496254582462 10
0000 0005 1710753338173 -68.3125 -70.5 2.521864415283994 10
0000 0010 1710753338174 65.0625 -62.5 0.30066023442558565 10
0000 0015 1710753338174 3.25 -69.5 2.3930100291016 10
0000 0009 1710753338174 30.875 -63.0 4.196971435655114 10
0000 0006 1710753338174 13.8125 -73.0 0.20248546400090464 10
0000 0002 1710753338175 9.75 -80.0 5.7616318392984684 10
0000 0005 1710753338175 9.75 -65.0 0.9203884727313847 10
0000 0001 1710753338175 3.25 -65.5 3.7122335066832517 10
0000 0012 1710753338176 -78.0625 -65.5 3.9269908169872414 10
0000 0010 1710753338176 -6.5 -61.5 3.3379421944391554 10
0000 0015 1710753338176 55.3125 -71.0 2.2764274892222915 10
0000 0004 1710753338177 2.4375 -71.5 6.1942144214822195 10
0000 0008 1710753338177 10.375 -71.0 5.098952138931871 10
0000 0006 1710753338177 10.625 -75.0 4.368777283898306 10
0000 0013 1710753338362 22.75 -64.5 4.442408361716817 10
0000 0004 1710753338362 9.75 -62.5 0.7485826244881929 10
0000 0005 1710753338363 -27.625 -70.0 6.2034183062095325 10
0000 0015 1710753338363 100.875 -70.5 1.5892040962495242 10
0000 0010 1710753338363 0.0 -62.5 5.921165841238575 10
0000 0001 1710753338364 19.5 -71.0 0.2086213871524472 10
0000 0011 1710753338364 32.5 -70.0 4.963961829597935 10
0000 0006 1710753338364 -45.5625 -70.0 2.141437179888355 10
0000 0009 1710753338364 3.0 -71.0 4.914874444385594 10
0000 0008 1710753338365 -3.625 -70.5 4.804427827657828 10
0000 0014 1710753338365 4.375 -73.5 0.5092816215780329 10
0000 0012 1710753338365 0.5625 -71.0 2.3316507975861747 10
0000 0013 1710753338366 -55.3125 -67.0 4.988505522204105 10
0000 0010 1710753338366 -19.5 -61.5 1.88986433067511 10
0000 0001 1710753338366 16.25 -66.5 3.6876898140770815 10
0000 0012 1710753338367 19.5 -63.5 4.111068511533518 10
0000 0008 1710753338367 68.3125 -66.5 3.5158839658338894 10
0000 0005 1710753338367 -128.5625 -71.0 4.669437518323892 10
0000 0004 1710753338367 22.75 -64.0 2.1598449493429825 10
0000 0015 1710753338368 -48.8125 -70.0 2.466641106920111 10
0000 0006 1710753338470 14.625 -74.5 4.178563666200486 10
0000 0014 1710753338470 14.625 -71.5 5.019185137961818 10
0000 0005 1710753338706 87.0625 -68.5 3.5465635815916023 10
0000 0010 1710753338706 -52.0625 -61.5 4.295146206079795 10
0000 0004 1710753338707 71.5625 -64.5 4.828971520263998 10
0000 0008 1710753338707 -32.5 -67.5 6.068427996875596 10
0000 0001 1710753338707 16.25 -64.5 6.043884304269426 10
0000 0013 1710753338707 -9.75 -67.5 5.375068680751287 10
0000 0014 1710753338708 -71.5625 -68.5 0.6013204688511713 10
0000 0015 1710753338708 39.0 -71.5 2.521864415283994 10
0000 0009 1710753338708 -0.25 -72.5 2.6200391857086753 10
0000 0005 1710753338709 208.3125 -71.0 2.5832236467994196 10
0000 0013 1710753338709 -65.0625 -71.0 6.031612457966341 10
0000 0004 1710753338709 -162.75 -70.0 2.9084275738311756 10
0000 0010 1710753338710 32.5 -61.5 1.3069516312785663 10
0000 0001 1710753338710 -133.4375 -69.0 4.264466590322082 10
0000 0008 1710753338711 29.25 -67.5 2.8716120349219203 10
0000 0008 1710753338711 13.0 -66.0 0.14726215563702155 10
0000 0001 1710753338712 -16.25 -63.0 1.086058397823034 10
0000 0004 1710753338712 -3.25 -59.5 6.2463697682703305 10
0000 0010 1710753338712 3.25 -61.5 4.724660826687775 10
0000 0003 1710753338713 175.75 -71.5 2.662990647769473 10
0000 0005 1710753338719 -38.25 -72.5 5.850602724995835 10
0000 0012 1710753338955 0.5625 -74.0 0.7424467013366504 10
0000 0006 1710753338955 1.4375 -71.5 5.724816300389213 10
0000 0006 1710753338956 156.1875 -70.0 2.5034566458293663 10
0000 0008 1710753338956 -6.5 -61.5 4.601942363656923 10
0000 0011 1710753338956 22.75 -63.0 4.540583132141498 10
0000 0012 1710753338956 16.25 -68.5 3.847223816017188 10
0000 0001 1710753338957 -130.1875 -69.0 5.66959299202533 10
0000 0010 1710753338957 -55.3125 -62.5 2.0923497946760143 10
0000 0009 1710753338957 -27.625 -63.0 4.73693267299086 10
0000 0004 1710753338958 12.8125 -71.0 6.031612457966341 10
0000 0003 1710753338958 5.1875 -72.5 1.0492428589137786 10
0000 0015 1710753338958 1.5625 -72.5 5.602097837358362 10
0000 0004 1710753338959 0.0 -60.0 2.1905245651006955 10
0000 0009 1710753338959 -7.3125 -58.0 1.1965050145508 10
0000 0001 1710753338960 -9.75 -64.0 3.104777114680538 10
0000 0000 1710753338960 45.5625 -71.0 2.061670178918302 10
0000 0008 1710753338960 -45.5625 -60.5 1.718058482431918 10
0000 0010 1710753338960 -9.75 -63.5 5.632777453116074 10
0000 0003 1710753338961 -52.0625 -69.5 4.908738521234052 10
0000 0007 1710753338961 -39.0 -68.5 4.154019973594316 10
0000 0011 1710753338961 -78.0625 -71.0 0.8651651643675016 10
0000 0015 1710753339118 3.9375 -70.5 6.000932842208628 10
0000 0012 1710753339118 -2.5625 -75.0 4.651029748869264 10
0000 0013 1710753339118 3.5625 -70.0 0.859029241215959 10
0000 0006 1710753339119 -0.4375 -75.5 2.030990563160589 10
0000 0001 1710753339119 35.75 -66.5 0.06135923151542565 10
0000 0007 1710753339119 -9.75 -67.0 4.651029748869264 10
0000 0015 1710753339120 13.0 -66.0 3.9638063558964967 10
0000 0010 1710753339120 -39.0 -64.5 2.270291566070749 10
0000 0008 1710753339120 22.75 -62.0 5.381204603902829 10
0000 0009 1710753339120 -13.8125 -59.0 5.301437602932776 10
0000 0004 1710753339121 -58.5625 -64.0 6.056156150572511 10
0000 0011 1710753339121 3.25 -70.0 4.853515212870168 10
0000 0005 1710753339121 -48.8125 -69.5 0.7301748550335652 10
0000 0013 1710753339122 26.0 -68.5 5.105088062083414 10
0000 0012 1710753339122 48.8125 -69.5 3.227495577711389 10
0000 0006 1710753339122 9.75 -74.5 5.43029198911517 10
0000 0003 1710753339220 -2.875 -73.0 4.970097752749477 10
0000 0003 1710753339220 -13.0 -70.0 5.074408446325701 10
0000 0009 1710753339220 34.9375 -57.5 2.043262409463674 10
0000 0011 1710753339220 -32.5 -66.5 1.859184714917397 10
0000 0008 1710753339221 39.0 -59.0 2.724349879284899 10
0000 0001 1710753339221 -39.0 -63.0 4.957825906446392 10
0000 0010 1710753339222 -29.25 -65.0 5.160311370447297 10
0000 0013 1710753339222 -26.0 -66.0 3.313398501832985 10
0000 0007 1710753339222 87.875 -70.5 5.9088939949354895 10
0000 0004 1710753339223 42.3125 -63.0 3.227495577711389 10
0000 0015 1710753339223 -3.25 -68.5 0.04908738521234052 10
0000 0006 1710753339223 -74.8125 -70.5 5.816855147662351 10
0000 0000 1710753339464 7.3125 -72.5 3.9239228554114702 10
0000 0007 1710753339464 3.375 -74.0 0.4540583132141498 10
0000 0015 1710753339465 29.25 -67.0 1.3867186322486196 10
0000 0007 1710753339465 22.75 -71.0 3.816544200259475 10
0000 0000 1710753339465 -152.9375 -70.5 0.6688156235181395 10
0000 0008 1710753339465 -29.25 -62.5 0.25770877236478773 10
0000 0004 1710753339466 42.3125 -62.0 0.15339807878856412 10
0000 0009 1710753339466 10.5625 -60.5 0.14112623248547898 10
0000 0010 1710753339467 97.625 -69.0 2.3193789512830896 10
0000 0011 1710753339467 71.5625 -64.0 5.418020142812084 10
0000 0001 1710753339467 -35.75 -64.0 2.356194490192345 10
0000 0006 1710753339467 0.5625 -75.5 5.289165756629691 10
0000 0003 1710753339468 4.6875 -76.5 0.0859029241215959 10
0000 0008 1710753339469 -9.75 -63.5 4.95168998329485 10
0000 0006 1710753339469 -100.875 -70.0 0.8099418560036186 10
0000 0001 1710753339469 -16.25 -61.0 0.619728238305799 10
0000 0011 1710753339469 26.0 -62.5 2.8409324191642074 10
0000 0015 1710753339470 58.5625 -68.5 1.6751070203711202 10
0000 0004 1710753339470 -39.0 -63.0 0.1718058482431918 10
0000 0012 1710753339470 30.875 -69.5 0.9878836273983529 10
0000 0007 1710753339471 143.1875 -68.5 1.8162332528565992 10
0000 0009 1710753339471 -24.375 -55.0 4.049709280018092 10
0000 0000 1710753339471 -59.375 -71.0 6.043884304269426 10
0000 0003 1710753339662 -1.8125 -75.5 5.154175447295755 10
0000 0010 1710753339662 -3.0 -72.0 4.3933209765044765 10
0000 0005 1710753339663 2.5625 -72.0 0.8222137023067037 10
0000 0013 1710753339663 -0.9375 -74.5 4.71238898038469 10
0000 0007 1710753339663 87.875 -69.0 1.1965050145508 10
0000 0001 1710753339664 78.0625 -66.5 3.8963112012295285 10
0000 0013 1710753339664 22.75 -70.5 1.6382914814618648 10
0000 0011 1710753339664 16.25 -63.0 1.3069516312785663 10
0000 0004 1710753339665 13.0 -65.0 2.84706834231575 10
0000 0010 1710753339665 48.8125 -63.0 3.1968159619536762 10
0000 0012 1710753339665 -16.25 -69.0 2.3009711818284617 10
0000 0009 1710753339665 -30.875 -61.0 1.748738098189631 10
0000 0005 1710753339666 41.5 -67.5 4.853515212870168 10
0000 0015 1710753339666 61.8125 -71.0 1.9389517158874505 10
0000 0008 1710753339666 -48.8125 -67.5 4.178563666200486 10
0000 0002 1710753339667 4.6875 -80.5 0.18407769454627693 10
0000 0000 1710753339729 1.125 -73.5 4.534447208989955 10
0000 0014 1710753339729 4.1875 -74.0 6.234097921967246 10
0000 0009 1710753339859 3.25 -61.0 5.117359908386499 10
0000 0004 1710753339859 55.3125 -59.5 1.368310862793992 10
0000 0008 1710753339859 16.25 -60.5 1.0799224746714913 10
0000 0007 1710753339860 6.5 -69.0 0.5460971604872883 10
0000 0015 1710753339860 152.9375 -69.0 1.718058482431918 10
0000 0000 1710753339860 -27.625 -70.0 1.7794177139473437 10
0000 0010 1710753339861 -32.5 -61.0 5.9518454569962875 10
0000 0003 1710753339861 22.75 -69.0 4.368777283898306 10
0000 0011 1710753339862 16.25 -59.0 5.049864753719531 10
0000 0014 1710753339862 45.5625 -71.5 1.4664856332186729 10
0000 0012 1710753339862 22.75 -60.0 4.129476280988146 10
0000 0001 1710753339863 0.0 -60.5 3.1968159619536762 10
0000 0013 1710753339863 -107.375 -66.0 0.7363107781851077 10
0000 0004 1710753339864 13.0 -57.5 3.485204350076177 10
0000 0012 1710753339864 -9.75 -58.0 1.3867186322486196 10
0000 0009 1710753339864 38.1875 -62.0 1.3989904785517047 10
0000 0001 1710753339865 0.0 -62.5 4.95168998329485 10
0000 0008 1710753339865 39.0 -63.5 3.749049045592507 10
0000 0000 1710753339865 -38.1875 -69.5 4.405592822807561 10
0000 0011 1710753339865 22.75 -60.5 1.607611865704152 10
0000 0010 1710753339866 -65.0625 -60.5 1.8714565612204823 10
0000 0013 1710753339866 -117.125 -71.0 1.1167380135807468 10
0000 0014 1710753339969 4.6875 -71.0 0.14726215563702155 10
0000 0009 1710753340130 -55.3125 -62.0 5.074408446325701 10
0000 0007 1710753340131 146.4375 -71.0 3.2029518851052186 10
0000 0012 1710753340131 -6.5 -58.0 5.0682725231741586 10
0000 0001 1710753340131 35.75 -62.0 3.9699422790480394 10
0000 0003 1710753340132 -16.25 -67.5 5.8659425328746915 10
0000 0011 1710753340132 -26.0 -62.0 4.743068596142402 10
0000 0000 1710753340132 45.5625 -68.0 2.6261751088602177 10
0000 0004 1710753340132 -6.5 -59.0 0.7853981633974483 10
0000 0008 1710753340133 19.5 -62.0 1.282407938672396 10
0000 0010 1710753340133 -35.75 -60.0 5.013049214810275 10
0000 0013 1710753340133 6.5 -70.0 5.313709449235861 10
0000 0002 1710753340134 -12.3125 -80.0 1.932815792735908 10
0000 0005 1710753340135 -5.0 -74.5 4.221515128261284 10
0000 0012 1710753340135 45.5625 -60.0 0.5829126993965437 10
0000 0011 1710753340135 -84.625 -60.5 2.4175537217077703 10
0000 0010 1710753340135 -48.8125 -61.0 3.2581751934691017 10
0000 0001 1710753340136 32.5 -62.0 1.9757672547967058 10
0000 0005 1710753340136 -13.8125 -69.0 1.2210487071569704 10
0000 0008 1710753340136 -29.25 -62.5 5.829126993965437 10
0000 0000 1710753340137 -10.5625 -64.5 0.6933593161243098 10
0000 0004 1710753340137 -26.0 -59.0 5.878214379177777 10
0000 0013 1710753340137 9.75 -66.0 4.246058820867455 10
0000 0009 1710753340137 -100.875 -67.0 3.816544200259475 10
0000 0003 1710753340138 -91.125 -72.0 4.595806440505381 10
0000 0015 1710753340383 -0.25 -72.5 5.381204603902829 10
0000 0000 1710753340383 -7.3125 -64.0 4.552854978444583 10
0000 0010 1710753340383 3.25 -58.5 1.3867186322486196 10
0000 0011 1710753340384 45.5625 -61.5 1.4726215563702154 10
0000 0003 1710753340384 113.875 -70.5 1.859184714917397 10
0000 0013 1710753340384 48.8125 -70.5 1.8100973297050567 10
0000 0009 1710753340385 69.125 -61.0 2.988194574801229 10
0000 0012 1710753340385 16.25 -61.0 2.073942025221387 10
0000 0001 1710753340385 16.25 -59.5 0.6749515466696822 10
0000 0007 1710753340385 16.25 -71.0 4.804427827657828 10
0000 0008 1710753340386 -16.25 -56.0 4.411728745959104 10
0000 0004 1710753340386 -32.5 -60.0 4.669437518323892 10
0000 0014 1710753340386 8.9375 -73.0 5.59902987578259 10
0000 0015 1710753340387 3.0 -72.5 0.5645049299419159 10
0000 0015 1710753340387 26.0 -69.5 1.1719613219446299 10
0000 0008 1710753340388 32.5 -58.0 1.3621749396424494 10
0000 0003 1710753340388 45.5625 -67.5 5.755495916146925 10
0000 0009 1710753340388 38.1875 -57.5 0.3313398501832985 10
0000 0012 1710753340389 -6.5 -60.0 2.9820586516496865 10
0000 0000 1710753340389 48.8125 -67.0 2.7120780329818137 10
0000 0011 1710753340389 52.0625 -62.5 6.092971689481767 10
0000 0013 1710753340389 -35.75 -66.5 2.0800779483729293 10
0000 0010 1710753340390 -3.25 -59.5 4.902602598082509 10
0000 0007 1710753340390 -29.25 -69.5 0.8283496254582462 10
0000 0004 1710753340391 -35.75 -57.0 1.5033011721279284 10
0000 0001 1710753340391 -3.25 -58.5 4.669437518323892 10
0000 0014 1710753340469 17.875 -71.5 5.252350217720435 10
0000 0009 1710753340626 24.375 -54.0 2.804116880254952 10
0000 0008 1710753340626 3.25 -58.5 4.657165672020807 10
0000 0001 1710753340627 3.25 -57.5 0.9817477042468103 10
0000 0013 1710753340627 13.0 -57.5 1.6996507129772904 10
0000 0010 1710753340627 6.5 -60.5 0.8897088569736719 10
0000 0004 1710753340627 -58.5625 -60.5 4.28287435977671 10
0000 0014 1710753340628 26.0 -66.5 0.9572040116406401 10
0000 0011 1710753340628 -39.0 -61.5 2.282563412373834 10
0000 0012 1710753340628 -16.25 -59.5 4.902602598082509 10
0000 0003 1710753340629 -100.875 -69.5 2.2150682577068657 10
0000 0000 1710753340629 0.0 -64.5 5.755495916146925 10
0000 0007 1710753340629 -175.75 -69.0 5.0682725231741586 10
0000 0015 1710753340629 3.9375 -69.5 5.21553467881118 10
0000 0005 1710753340630 -5.0 -71.5 6.000932842208628 10
0000 0012 1710753340630 6.5 -58.5 5.957981380147831 10
0000 0004 1710753340630 0.0 -59.5 0.8406214717613314 10
0000 0008 1710753340631 6.5 -56.5 1.5585244804918115 10
0000 0000 1710753340631 3.25 -66.5 2.2580197197676637 10
0000 0009 1710753340631 -7.3125 -54.0 5.405748296509 10
0000 0003 1710753340631 172.5 -71.0 5.767767762450011 10
0000 0006 1710753340632 -42.3125 -70.5 3.2888548092268146 10
0000 0010 1710753340632 -58.5625 -61.0 3.4913402732277192 10
0000 0011 1710753340632 -42.3125 -62.0 4.669437518323892 10
0000 0001 1710753340633 -32.5 -59.5 4.724660826687775 10
0000 0005 1710753340633 -55.3125 -66.5 3.8717675086233583 10
0000 0007 1710753340634 -29.25 -62.0 0.47860200582032003 10
0000 0013 1710753340719 8.125 -66.0 1.1198059751565181 10
0000 0011 1710753340869 26.0 -63.5 0.4049709280018093 10
0000 0001 1710753340870 9.75 -57.0 1.030835089459151 10
0000 0009 1710753340870 10.5625 -53.5 1.2087768608538851 10
0000 0007 1710753340870 -107.375 -67.5 1.7241944055834606 10
0000 0008 1710753340870 -3.25 -56.0 3.816544200259475 10
0000 0004 1710753340871 -32.5 -60.0 3.4606606574700063 10
0000 0000 1710753340871 34.9375 -64.5 5.283029833478148 10
0000 0012 1710753340871 -7.3125 -59.0 0.35588354278946877 10
0000 0010 1710753340872 6.5 -61.5 5.5284667595398505 10
0000 0006 1710753340872 -22.75 -65.5 4.1172044346850605 10
0000 0003 1710753340872 6.5 -66.0 1.9634954084936207 10
0000 0013 1710753340873 -48.8125 -65.5 3.8410878928656453 10
0000 0005 1710753340873 58.5625 -68.0 0.7792622402459057 10
0000 0002 1710753340873 7.875 -80.0 0.9940195505498954 10
0000 0001 1710753340874 -45.5625 -57.5 4.344233591292136 10
0000 0012 1710753340875 39.0 -61.0 1.9205439464328227 10
0000 0010 1710753340875 39.0 -62.0 2.0923497946760143 10
0000 0009 1710753340875 17.0625 -57.0 3.8288160465625602 10
0000 0013 1710753340876 -74.8125 -69.0 4.086524818927348 10
0000 0004 1710753340876 -3.25 -60.5 0.35588354278946877 10
0000 0011 1710753340876 13.0 -65.5 3.423845118560751 10
0000 0007 1710753340876 -29.25 -65.5 5.786175531904639 10
0000 0000 1710753340877 69.125 -63.5 1.8285050991596843 10
0000 0005 1710753340877 48.8125 -64.0 3.117048960983623 10
0000 0008 1710753340878 52.0625 -59.0 0.8222137023067037 10
0000 0003 1710753340878 -126.9375 -68.5 0.4540583132141498 10
0000 0006 1710753340878 -3.25 -67.5 0.1227184630308513 10
0000 0015 1710753340969 5.1875 -71.5 5.006913291658733 10
0000 0002 1710753340969 -4.0625 -79.5 1.9696313316451632 10
0000 0005 1710753341123 10.5625 -61.5 0.1595340019401067 10
0000 0004 1710753341123 -26.0 -56.0 4.675573441475434 10
0000 0008 1710753341124 22.75 -57.0 4.9823695990525625 10
0000 0010 1710753341124 6.5 -59.5 0.9756117810952678 10
0000 0003 1710753341124 -6.5 -64.5 3.466796580621549 10
0000 0012 1710753341124 35.75 -63.0 5.252350217720435 10
0000 0007 1710753341125 -16.25 -66.5 1.8223691760081417 10
0000 0001 1710753341125 0.0 -55.5 3.2029518851052186 10
0000 0006 1710753341125 -9.75 -65.0 4.8351074434155406 10
0000 0000 1710753341126 24.375 -61.5 0.607456392002714 10
0000 0009 1710753341126 38.1875 -56.0 2.3930100291016 10
0000 0011 1710753341126 -32.5 -61.5 1.4787574795217582 10
0000 0013 1710753341126 10.9375 -72.5 1.3744467859455345 10
0000 0002 1710753341127 29.875 -77.0 5.049864753719531 10
0000 0015 1710753341127 -4.1875 -73.0 5.056000676871073 10
0000 0011 1710753341127 13.0 -62.0 4.28287435977671 10
0000 0000 1710753341128 -27.625 -63.0 3.810408277107933 10
0000 0001 1710753341128 16.25 -56.5 0.47860200582032003 10
0000 0008 1710753341128 6.5 -56.0 2.5034566458293663 10
0000 0010 1710753341128 9.75 -57.0 5.21553467881118 10
0000 0009 1710753341129 -21.125 -57.0 5.4671075280244255 10
0000 0012 1710753341129 -84.625 -71.0 3.56497135104623 10
0000 0007 1710753341129 -3.25 -64.0 0.3313398501832985 10
0000 0003 1710753341130 -65.0625 -65.0 1.4726215563702154 10
0000 0004 1710753341130 9.75 -57.5 2.5832236467994196 10
0000 0013 1710753341130 9.75 -59.5 0.36815538909255385 10
0000 0005 1710753341131 -94.375 -66.0 4.178563666200486 10
0000 0015 1710753341215 -1.625 -71.5 5.062136600022616 10
0000 0002 1710753341215 -2.4375 -76.0 5.64504929941916 10
