0000 0004 1711093147373 -32.5 -57.0 3.2643111166206444 17
0000 0006 1711093147374 -22.75 -63.5 6.277049384028044 17
0000 0005 1711093147375 45.5625 -65.5 1.6260196351587797 17
0000 0001 1711093147375 107.375 -61.0 0.8160777791551611 17
0000 0000 1711093147376 0.0 -63.5 2.8838838812250054 17
0000 0008 1711093147376 16.25 -69.5 1.8162332528565992 17
0000 0002 1711093147377 3.25 -60.5 3.663146121470911 17
0000 0015 1711093147377 -35.75 -65.5 5.66959299202533 17
0000 0003 1711093147377 -9.75 -70.5 1.214912784005428 17
0000 0005 1711093147378 19.5 -66.0 1.7119225592803755 17
0000 0001 1711093147379 -16.25 -61.0 0.9940195505498954 17
0000 0002 1711093147379 -30.875 -60.0 3.6447383520162835 17
0000 0004 1711093147380 22.75 -57.0 3.1661363461959633 17
0000 0006 1711093147380 35.75 -63.5 6.2034183062095325 17
0000 0000 1711093147381 -9.75 -63.5 2.791845033951867 17
0000 0008 1711093147381 45.5625 -70.5 1.932815792735908 17
0000 0015 1711093147381 -35.75 -65.0 5.712544454086128 17
0000 0003 1711093147382 107.375 -70.0 1.1780972450961724 17
0000 0001 1711093147589 -6.5 -61.0 0.9019807032767571 17
0000 0003 1711093147590 126.9375 -70.5 1.1228739367322893 17
0000 0006 1711093147590 81.375 -64.0 6.14819499784565 17
0000 0015 1711093147590 3.25 -65.0 5.595961914206819 17
0000 0002 1711093147591 -30.875 -60.5 3.6386024288647407 17
0000 0005 1711093147591 19.5 -66.5 1.6566992509164924 17
0000 0000 1711093147592 32.5 -63.5 2.7979809571034093 17
0000 0004 1711093147592 -29.25 -56.5 3.1906800388021335 17
0000 0008 1711093147592 29.25 -69.0 1.705786636128833 17
0000 0008 1711093147593 42.3125 -70.0 1.6689710972195777 17
0000 0005 1711093147593 120.4375 -65.5 1.5401167110371838 17
0000 0004 1711093147594 6.5 -57.0 3.117048960983623 17
0000 0001 1711093147595 -6.5 -61.0 0.8897088569736719 17
0000 0002 1711093147595 -41.5 -60.0 3.6017868899554855 17
0000 0000 1711093147595 32.5 -63.5 2.761165418194154 17
0000 0003 1711093147596 74.8125 -70.0 1.1167380135807468 17
0000 0006 1711093147596 42.3125 -63.5 6.19728238305799 17
0000 0015 1711093147597 9.75 -65.5 5.620505606812989 17
0000 0000 1711093147810 -3.25 -63.5 2.767301341345697 17
0000 0004 1711093147810 -55.3125 -57.0 3.1784081924990484 17
0000 0015 1711093147810 -13.0 -65.5 5.6573211457222445 17
0000 0001 1711093147811 9.75 -61.0 0.859029241215959 17
0000 0003 1711093147811 3.25 -70.5 1.2210487071569704 17
0000 0005 1711093147811 -74.8125 -65.5 1.8653206380689396 17
0000 0002 1711093147812 -7.3125 -60.5 3.5465635815916023 17
0000 0006 1711093147812 -3.25 -63.0 6.258641614573416 17
0000 0008 1711093147812 12.9375 -71.5 1.748738098189631 17
0000 0000 1711093147813 42.3125 -64.0 2.6261751088602177 17
0000 0001 1711093147813 42.3125 -61.5 0.7485826244881929 17
0000 0005 1711093147814 6.5 -65.5 1.6751070203711202 17
0000 0003 1711093147814 94.375 -70.5 1.141281706186917 17
0000 0004 1711093147814 -26.0 -57.0 3.153864499892878 17
0000 0006 1711093147815 3.25 -64.0 0.006135923151542565 17
0000 0002 1711093147815 -38.1875 -60.5 3.5833791205008576 17
0000 0015 1711093147816 -13.0 -65.0 5.64504929941916 17
0000 0008 1711093147906 -0.5625 -71.5 4.914874444385594 17
0000 0004 1711093148032 -35.75 -57.0 3.147728576741336 17
0000 0003 1711093148032 9.75 -70.0 1.1903690913992575 17
0000 0002 1711093148033 -3.25 -59.5 3.522019888985432 17
0000 0001 1711093148033 -22.75 -61.0 0.8222137023067037 17
0000 0006 1711093148034 45.5625 -63.0 6.22182607566416 17
0000 0015 1711093148034 -45.5625 -65.0 5.71868037723767 17
0000 0000 1711093148035 6.5 -63.0 2.724349879284899 17
0000 0005 1711093148035 74.8125 -66.0 1.5707963267948966 17
0000 0008 1711093148036 5.75 -71.5 1.8223691760081417 17
0000 0005 1711093148036 126.9375 -66.0 1.6751070203711202 17
0000 0006 1711093148036 42.3125 -63.0 6.22182607566416 17
0000 0003 1711093148037 71.5625 -70.0 1.1903690913992575 17
0000 0002 1711093148038 0.0 -60.0 3.522019888985432 17
0000 0000 1711093148038 45.5625 -63.5 2.5954954931025047 17
0000 0001 1711093148039 45.5625 -61.0 0.760854470791278 17
0000 0004 1711093148039 6.5 -57.0 3.074097498922825 17
0000 0015 1711093148039 13.0 -65.0 5.620505606812989 17
0000 0008 1711093148156 0.5625 -72.0 1.7119225592803755 17
0000 0004 1711093148156 -6.5 -56.5 3.11091303783208 17
0000 0002 1711093148157 -76.4375 -60.0 3.5588354278946874 17
0000 0006 1711093148157 71.5625 -63.5 6.17273869045182 17
0000 0003 1711093148157 42.3125 -71.5 1.214912784005428 17
0000 0001 1711093148158 -32.5 -61.0 0.9081166264282996 17
0000 0000 1711093148158 -45.5625 -64.5 2.761165418194154 17
0000 0015 1711093148159 -3.25 -65.5 5.626641529964532 17
0000 0005 1711093148159 0.0 -66.0 1.7855536370988863 17
0000 0008 1711093148364 -0.5625 -72.0 1.8162332528565992 17
0000 0015 1711093148364 -55.3125 -65.5 5.730952223540755 17
0000 0006 1711093148365 -19.5 -63.5 0.04908738521234052 17
0000 0001 1711093148365 9.75 -61.0 0.8160777791551611 17
0000 0005 1711093148365 3.25 -66.0 1.705786636128833 17
0000 0003 1711093148366 71.5625 -71.0 1.0185632431560658 17
0000 0000 1711093148366 -65.0625 -65.0 2.761165418194154 17
0000 0004 1711093148367 6.5 -56.5 3.06182565261974 17
0000 0002 1711093148367 19.5 -60.0 3.393165502803038 17
0000 0008 1711093148367 -5.75 -72.5 1.6996507129772904 17
0000 0003 1711093148368 87.875 -70.5 0.9142525495798421 17
0000 0002 1711093148368 -55.3125 -60.0 3.4606606574700063 17
0000 0001 1711093148369 16.25 -61.0 0.760854470791278 17
0000 0000 1711093148370 -3.25 -65.0 2.4727770300716534 17
0000 0004 1711093148370 0.0 -56.5 3.0372819600135696 17
0000 0006 1711093148370 -3.25 -63.5 6.258641614573416 17
0000 0005 1711093148371 35.75 -66.0 1.7119225592803755 17
0000 0015 1711093148371 -29.25 -66.0 5.663457068873787 17
0000 0008 1711093148405 -1.3125 -73.0 1.5953400194010667 17
0000 0004 1711093148590 16.25 -56.5 3.031146036862027 17
0000 0001 1711093148590 22.75 -61.5 0.6872233929727672 17
0000 0006 1711093148590 -16.25 -63.5 0.0 17
0000 0015 1711093148591 -13.0 -66.0 5.583690067903734 17
0000 0002 1711093148591 -7.3125 -60.0 3.399301425954581 17
0000 0000 1711093148591 -3.25 -65.5 2.4850488763747385 17
0000 0005 1711093148592 -52.0625 -66.5 1.8960002538266525 17
0000 0003 1711093148592 16.25 -71.0 1.1044661672776617 17
0000 0008 1711093148593 0.9375 -73.5 4.693981210930062 17
0000 0004 1711093148593 -22.75 -57.0 3.11091303783208 17
0000 0001 1711093148593 -32.5 -61.5 0.760854470791278 17
0000 0002 1711093148594 17.0625 -59.5 3.393165502803038 17
0000 0006 1711093148595 6.5 -63.5 0.0 17
0000 0003 1711093148595 42.3125 -70.5 1.1903690913992575 17
0000 0015 1711093148596 6.5 -66.5 5.589825991055276 17
0000 0000 1711093148596 3.25 -65.0 2.478912953223196 17
0000 0005 1711093148596 16.25 -65.5 1.7426021750380885 17
0000 0008 1711093148827 1.75 -73.5 4.626486056263094 17
0000 0003 1711093148828 -139.9375 -69.5 1.3867186322486196 17
0000 0001 1711093148828 -13.0 -61.5 0.7547185476397354 17
0000 0006 1711093148828 -9.75 -63.5 6.264777537724958 17
0000 0002 1711093148829 -13.8125 -60.0 3.4606606574700063 17
0000 0004 1711093148829 0.0 -57.0 3.067961575771282 17
0000 0005 1711093148830 48.8125 -65.5 1.7978254834019713 17
0000 0015 1711093148830 -35.75 -66.0 5.681864838328415 17
0000 0000 1711093148830 65.0625 -65.5 2.4850488763747385 17
0000 0008 1711093148831 -1.4375 -73.5 4.798291904506286 17
0000 0006 1711093148831 13.0 -63.5 0.030679615757712823 17
0000 0001 1711093148832 61.8125 -61.0 0.521553467881118 17
0000 0005 1711093148832 -110.625 -66.5 1.8837284075235674 17
0000 0015 1711093148832 -3.25 -64.5 5.663457068873787 17
0000 0002 1711093148833 24.375 -60.0 3.552699504743145 17
0000 0000 1711093148833 3.25 -63.0 2.9084275738311756 17
0000 0004 1711093148834 0.0 -57.0 3.104777114680538 17
0000 0003 1711093148834 -55.3125 -70.0 1.5155730184310134 17
0000 0003 1711093149079 133.4375 -67.5 1.8837284075235674 17
0000 0004 1711093149079 -13.0 -57.5 3.2397674240144743 17
0000 0000 1711093149080 6.5 -59.5 3.6201946594101133 17
0000 0006 1711093149080 39.0 -63.5 6.234097921967246 17
0000 0005 1711093149081 -91.125 -70.5 1.6935147898257479 17
0000 0015 1711093149081 39.0 -64.0 5.546874528994478 17
0000 0002 1711093149082 24.375 -63.5 4.123340357836604 17
0000 0001 1711093149082 -3.25 -67.0 0.7301748550335652 17
0000 0003 1711093149083 -22.75 -65.5 2.4850488763747385 17
0000 0000 1711093149083 -42.3125 -59.5 4.669437518323892 17
0000 0002 1711093149083 -27.625 -65.0 0.23316507975861744 17
0000 0006 1711093149084 42.3125 -64.0 6.270913460876501 17
0000 0004 1711093149084 -13.0 -58.5 3.773592738198677 17
0000 0015 1711093149085 0.0 -64.0 5.491651220630596 17
0000 0001 1711093149085 -22.75 -60.0 6.074563920027139 17
0000 0008 1711093149085 3.0 -69.5 0.3374757733348411 17
0000 0014 1711093149086 -0.5625 -71.5 0.030679615757712823 17
0000 0005 1711093149086 -15.25 -73.0 1.4480778637640452 17
0000 0008 1711093149274 32.5 -60.0 1.7671458676442586 17
0000 0006 1711093149275 45.5625 -64.0 0.0674951546669682 17
0000 0003 1711093149275 91.125 -67.5 2.5770877236478773 17
0000 0014 1711093149275 -6.5 -69.0 5.902758071783947 17
0000 0002 1711093149276 -10.5625 -59.5 0.7179030087304801 17
0000 0004 1711093149276 -26.0 -61.0 4.319689898685965 17
0000 0015 1711093149277 32.5 -65.5 5.5714182216006485 17
0000 0000 1711093149277 9.75 -60.5 2.350058567040802 17
0000 0001 1711093149277 -19.5 -59.0 4.546719055293041 17
0000 0005 1711093149278 -52.0625 -64.5 3.129320807286708 17
0000 0004 1711093149278 -3.25 -62.5 4.651029748869264 17
0000 0008 1711093149278 38.1875 -59.5 1.9819031779482483 17
0000 0003 1711093149279 71.5625 -65.0 3.2643111166206444 17
0000 0014 1711093149279 139.9375 -66.0 5.154175447295755 17
0000 0015 1711093149280 -32.5 -63.0 5.688000761479957 17
0000 0002 1711093149280 13.8125 -62.0 0.705631162427395 17
0000 0001 1711093149280 -16.25 -55.5 4.95168998329485 17
0000 0000 1711093149281 -6.5 -59.0 3.497476196379262 17
0000 0006 1711093149281 61.8125 -66.0 6.252505691421874 17
0000 0005 1711093149282 13.0 -59.5 2.0800779483729293 17
0000 0009 1711093149282 19.5 -69.0 4.252194744018997 17
0000 0007 1711093149407 1.8125 -71.5 4.325825821837508 17
0000 0013 1711093149407 -1.75 -78.0 1.5401167110371838 17
0000 0004 1711093149407 -6.5 -62.5 5.258486140871978 17
0000 0014 1711093149408 -6.5 -65.5 5.056000676871073 17
0000 0001 1711093149408 -16.25 -55.5 5.546874528994478 17
0000 0003 1711093149408 19.5 -64.5 2.5832236467994196 17
0000 0005 1711093149409 -32.5 -60.5 0.8835729338221293 17
0000 0009 1711093149409 -26.0 -58.5 4.743068596142402 17
0000 0000 1711093149410 -29.25 -58.5 4.006757817957295 17
0000 0015 1711093149410 -55.3125 -63.0 5.620505606812989 17
0000 0002 1711093149410 34.9375 -61.0 0.7117670855789375 17
0000 0007 1711093149411 -35.75 -69.0 3.7429131224409646 17
0000 0013 1711093149634 9.125 -75.5 1.4358060174609601 17
0000 0001 1711093149634 -26.0 -54.5 3.429981041712294 17
0000 0005 1711093149634 -65.0625 -64.5 5.553010452146021 17
0000 0008 1711093149635 -3.25 -65.0 3.767456815047135 17
0000 0009 1711093149635 -39.0 -53.5 4.957825906446392 17
0000 0015 1711093149635 42.3125 -62.5 5.5100589900852235 17
0000 0000 1711093149636 16.25 -57.5 3.074097498922825 17
0000 0002 1711093149636 -65.875 -64.0 5.6941366846315 17
0000 0003 1711093149637 19.5 -63.0 1.1106020904292042 17
0000 0007 1711093149637 -61.8125 -67.5 3.06182565261974 17
0000 0004 1711093149638 35.75 -62.5 5.6573211457222445 17
0000 0014 1711093149638 58.5625 -67.5 4.8351074434155406 17
0000 0013 1711093149640 -78.0625 -72.0 1.8162332528565992 17
0000 0011 1711093149640 -1.1875 -77.5 0.5399612373357456 17
0000 0005 1711093149640 6.5 -63.5 4.325825821837508 17
0000 0009 1711093149641 -13.0 -51.0 4.6448938257177215 17
0000 0000 1711093149641 32.5 -57.5 1.736466251886546 17
0000 0014 1711093149641 26.0 -67.5 5.264622064023521 17
0000 0015 1711093149642 3.25 -62.0 5.5714182216006485 17
0000 0003 1711093149642 -9.75 -62.5 0.07363107781851078 17
0000 0008 1711093149643 -6.5 -59.0 3.160000423044421 17
0000 0013 1711093149643 -110.625 -71.0 1.6689710972195777 17
0000 0001 1711093149643 29.25 -56.5 1.0983302441261191 17
0000 0002 1711093149644 34.9375 -62.5 3.098641191528995 17
0000 0007 1711093149644 -68.3125 -68.0 2.6139032625571326 17
0000 0004 1711093149644 13.0 -58.5 5.835262917116979 17
0000 0011 1711093149645 61.8125 -70.0 0.9694758579437253 17
0000 0006 1711093149869 -1.9375 -74.0 2.988194574801229 17
0000 0009 1711093149870 -9.75 -50.5 4.2092432819582 17
0000 0008 1711093149870 13.8125 -57.0 2.466641106920111 17
0000 0013 1711093149870 22.75 -72.0 1.1903690913992575 17
0000 0005 1711093149871 -35.75 -62.0 3.792000507653305 17
0000 0011 1711093149871 78.0625 -67.5 0.8406214717613314 17
0000 0002 1711093149871 -38.1875 -59.5 2.0064468705544187 17
0000 0000 1711093149872 26.0 -59.5 0.32520392703175593 17
0000 0015 1711093149872 -32.5 -62.5 5.632777453116074 17
0000 0006 1711093149873 146.4375 -72.5 2.736621725587984 17
0000 0003 1711093149873 3.25 -63.0 5.313709449235861 17
0000 0004 1711093149873 -13.0 -56.0 5.5714182216006485 17
0000 0014 1711093149874 -19.5 -64.0 5.289165756629691 17
0000 0007 1711093149874 -100.875 -68.0 2.3930100291016 17
0000 0001 1711093149874 -26.0 -59.0 4.7307967498393175 17
0000 0008 1711093149875 16.25 -56.5 1.9696313316451632 17
0000 0011 1711093149875 61.8125 -65.0 0.9142525495798421 17
0000 0009 1711093149876 -29.25 -51.5 3.9515345095934116 17
0000 0015 1711093149876 -9.75 -63.0 5.681864838328415 17
0000 0002 1711093149876 -7.3125 -60.0 1.3314953238847365 17
0000 0000 1711093149877 -39.0 -60.5 5.7616318392984684 17
0000 0014 1711093149877 -52.0625 -63.5 5.178719139901925 17
0000 0005 1711093149877 -55.3125 -61.5 3.3870295796514958 17
0000 0004 1711093149878 -16.25 -54.5 5.258486140871978 17
0000 0006 1711093149879 -81.375 -70.0 3.104777114680538 17
0000 0003 1711093149879 -45.5625 -64.5 4.608078286808466 17
0000 0001 1711093149879 0.0 -58.0 3.147728576741336 17
0000 0007 1711093149880 -13.0 -68.5 2.024854640009046 17
0000 0013 1711093149915 0.0 -76.0 4.1417481272912315 17
0000 0002 1711093150109 -3.25 -61.0 0.9326603190344698 17
0000 0000 1711093150109 22.75 -61.0 5.123495831538041 17
0000 0015 1711093150109 -29.25 -62.0 5.773903685601553 17
0000 0003 1711093150110 -52.0625 -67.0 3.8717675086233583 17
0000 0009 1711093150110 -9.75 -51.5 3.730641276137879 17
0000 0006 1711093150110 -71.5625 -69.5 3.147728576741336 17
0000 0011 1711093150110 -45.5625 -66.0 0.8651651643675016 17
0000 0001 1711093150111 -35.75 -57.0 2.380738182798515 17
0000 0008 1711093150111 13.0 -57.5 1.6260196351587797 17
0000 0004 1711093150111 13.0 -54.0 5.031456984264903 17
0000 0014 1711093150112 100.875 -64.0 5.031456984264903 17
0000 0005 1711093150112 16.25 -61.5 3.074097498922825 17
0000 0007 1711093150113 -139.9375 -68.0 1.9819031779482483 17
0000 0013 1711093150113 -12.8125 -76.5 0.9817477042468103 17
0000 0001 1711093150113 13.0 -55.5 1.8530487917658545 17
0000 0015 1711093150114 -22.75 -62.0 5.810719224510809 17
0000 0008 1711093150114 27.625 -58.0 1.4603497100671303 17
0000 0009 1711093150115 -13.0 -51.5 3.6447383520162835 17
0000 0014 1711093150115 52.0625 -64.5 5.062136600022616 17
0000 0011 1711093150115 -3.25 -66.0 0.5399612373357456 17
0000 0003 1711093150116 39.0 -67.5 3.184544115650591 17
0000 0000 1711093150116 26.0 -62.0 4.767612288748572 17
0000 0007 1711093150117 -22.75 -69.0 1.9205439464328227 17
0000 0004 1711093150117 -19.5 -53.5 4.97623367590102 17
0000 0002 1711093150118 7.3125 -61.5 0.6442719309119693 17
0000 0005 1711093150118 3.25 -61.0 2.9084275738311756 17
0000 0006 1711093150119 -146.4375 -69.0 3.2888548092268146 17
0000 0013 1711093150363 -1.5625 -78.5 0.9878836273983529 17
0000 0004 1711093150363 -6.5 -53.5 4.871922982324796 17
0000 0015 1711093150363 9.75 -62.0 5.755495916146925 17
0000 0007 1711093150364 -6.5 -69.0 1.7548740213411735 17
0000 0009 1711093150364 -16.25 -51.5 3.5772431973493153 17
0000 0006 1711093150364 39.0 -68.5 3.018874190558942 17
0000 0008 1711093150365 38.1875 -57.5 1.3192234775816514 17
0000 0014 1711093150365 -45.5625 -64.5 5.252350217720435 17
0000 0003 1711093150365 -81.375 -67.0 2.890019804376548 17
0000 0000 1711093150366 6.5 -61.5 4.558990901596125 17
0000 0001 1711093150366 -6.5 -56.0 1.662835174068035 17
0000 0005 1711093150367 -26.0 -60.5 2.9329712664373457 17
0000 0011 1711093150367 -61.8125 -66.0 0.4356505437595221 17
0000 0002 1711093150367 13.8125 -62.0 0.4295146206079795 17
0000 0013 1711093150368 -2.875 -78.0 0.9510680884890975 17
0000 0001 1711093150368 19.5 -56.0 1.5707963267948966 17
0000 0003 1711093150369 87.875 -67.0 2.662990647769473 17
0000 0004 1711093150369 -22.75 -54.0 4.828971520263998 17
0000 0008 1711093150369 -13.0 -58.0 1.3499030933393643 17
0000 0005 1711093150370 29.25 -61.0 2.8286605728611223 17
0000 0006 1711093150370 -16.25 -68.5 3.227495577711389 17
0000 0002 1711093150370 -3.25 -61.5 0.4172427743048944 17
0000 0009 1711093150371 -32.5 -52.0 3.5772431973493153 17
0000 0011 1711093150371 3.25 -66.0 0.3129320807286708 17
0000 0007 1711093150372 42.3125 -69.0 1.705786636128833 17
0000 0014 1711093150372 58.5625 -64.5 4.933282213840222 17
0000 0015 1711093150372 19.5 -62.5 5.7616318392984684 17
0000 0000 1711093150373 19.5 -61.0 4.473087977474529 17
0000 0009 1711093150598 -3.25 -52.0 3.5281558121369745 17
0000 0005 1711093150598 -45.5625 -61.0 2.9329712664373457 17
0000 0008 1711093150598 21.125 -58.0 1.2946797849754812 17
0000 0015 1711093150599 -26.0 -62.5 5.816855147662351 17
0000 0004 1711093150599 -29.25 -54.0 4.804427827657828 17
0000 0006 1711093150599 -100.875 -69.0 3.1661363461959633 17
0000 0007 1711093150600 55.3125 -69.5 1.7916895602504288 17
0000 0001 1711093150600 13.0 -56.0 1.5278448647340985 17
0000 0000 1711093150601 -22.75 -61.0 4.540583132141498 17
0000 0003 1711093150601 3.25 -67.0 2.8102528034064944 17
0000 0002 1711093150601 -3.25 -62.5 0.37429131224409645 17
0000 0014 1711093150602 -94.375 -65.5 5.184855063053467 17
0000 0011 1711093150602 -78.0625 -67.0 0.380427235395639 17
0000 0007 1711093150603 152.9375 -68.5 1.6505633277649499 17
0000 0009 1711093150603 -6.5 -52.0 3.5158839658338894 17
0000 0001 1711093150603 6.5 -56.0 1.552388557340269 17
0000 0008 1711093150604 26.0 -58.0 1.2762720155208536 17
0000 0004 1711093150604 -16.25 -54.0 4.755340442445488 17
0000 0003 1711093150604 -87.875 -66.5 2.9084275738311756 17
0000 0000 1711093150605 -19.5 -61.0 4.571262747899211 17
0000 0011 1711093150605 22.75 -66.5 0.14112623248547898 17
0000 0005 1711093150606 35.75 -60.5 2.8286605728611223 17
0000 0002 1711093150606 -26.0 -62.0 0.3988350048502667 17
0000 0014 1711093150606 -55.3125 -65.0 5.129631754689584 17
0000 0015 1711093150607 -29.25 -62.5 5.755495916146925 17
0000 0006 1711093150607 -126.9375 -69.0 3.2704470397721868 17
0000 0004 1711093150819 -9.75 -54.0 4.749204519293945 17
0000 0011 1711093150819 42.3125 -67.0 0.06135923151542565 17
0000 0014 1711093150820 -58.5625 -65.0 5.117359908386499 17
0000 0009 1711093150820 -16.25 -52.0 3.5036121195308043 17
0000 0000 1711093150820 -6.5 -61.0 4.4976316700806995 17
0000 0001 1711093150821 16.25 -56.5 1.564660403643354 17
0000 0008 1711093150821 52.0625 -58.0 1.239456476611598 17
0000 0005 1711093150821 26.0 -61.0 2.8532042654672924 17
0000 0002 1711093150822 30.875 -62.0 0.32520392703175593 17
0000 0003 1711093150822 29.25 -66.0 2.816388726558037 17
0000 0006 1711093150822 -39.0 -69.0 3.0802334220743677 17
0000 0015 1711093150823 13.0 -62.5 5.749359992995383 17
0000 0007 1711093150823 -65.0625 -68.5 1.945087639038993 17
0000 0008 1711093150824 13.8125 -58.0 1.282407938672396 17
0000 0005 1711093150824 -13.0 -61.0 2.9268353432858034 17
0000 0001 1711093150824 16.25 -56.0 1.5401167110371838 17
0000 0011 1711093150825 48.8125 -66.5 0.09203884727313846 17
0000 0007 1711093150825 9.75 -68.5 1.761009944492716 17
0000 0009 1711093150825 -9.75 -52.0 3.454524734318464 17
0000 0004 1711093150826 -6.5 -54.5 4.724660826687775 17
0000 0006 1711093150826 -107.375 -68.0 3.3011266555298997 17
0000 0015 1711093150827 -3.25 -62.0 5.786175531904639 17
0000 0014 1711093150827 -162.75 -65.0 5.2768939103266055 17
0000 0000 1711093150827 -9.75 -60.5 4.479223900626073 17
0000 0002 1711093150828 -48.8125 -62.0 0.380427235395639 17
0000 0003 1711093150828 -100.875 -66.5 3.0066023442558567 17
0000 0008 1711093151056 21.125 -57.5 1.2578642460662257 17
0000 0001 1711093151056 0.0 -56.0 1.5707963267948966 17
0000 0000 1711093151057 -19.5 -61.0 4.509903516383785 17
0000 0002 1711093151057 -17.0625 -62.0 0.36815538909255385 17
0000 0011 1711093151057 -42.3125 -66.5 0.0859029241215959 17
0000 0009 1711093151058 -19.5 -52.0 3.4606606574700063 17
0000 0014 1711093151058 0.0 -65.0 5.043728830567988 17
0000 0003 1711093151058 39.0 -66.5 2.650718801466388 17
0000 0006 1711093151059 97.625 -69.0 2.9268353432858034 17
0000 0007 1711093151059 -94.375 -68.5 1.9696313316451632 17
0000 0015 1711093151059 -65.0625 -62.5 5.896622148632405 17
0000 0005 1711093151060 26.0 -61.0 2.8777479580734626 17
0000 0004 1711093151060 -32.5 -54.0 4.76147636559703 17
0000 0013 1711093151061 0.5625 -77.5 5.927301764390117 17
0000 0015 1711093151061 16.25 -62.5 5.767767762450011 17
0000 0002 1711093151061 -10.5625 -62.0 0.3129320807286708 17
0000 0008 1711093151062 6.5 -58.0 1.2640001692177683 17
0000 0000 1711093151062 6.5 -60.5 4.485359823777615 17
0000 0001 1711093151062 -13.0 -56.0 1.5892040962495242 17
0000 0009 1711093151063 -6.5 -51.5 3.5588354278946874 17
0000 0007 1711093151063 -9.75 -68.5 1.423534171157875 17
0000 0004 1711093151064 -32.5 -54.0 4.755340442445488 17
0000 0003 1711093151064 35.75 -66.5 2.748893571891069 17
0000 0005 1711093151064 19.5 -61.0 2.8409324191642074 17
0000 0011 1711093151065 -29.25 -66.0 0.1718058482431918 17
0000 0014 1711093151065 26.0 -65.0 4.9823695990525625 17
0000 0006 1711093151065 120.4375 -68.5 3.1661363461959633 17
0000 0013 1711093151154 -14.625 -77.5 6.160466844148735 17
0000 0008 1711093151291 24.375 -57.5 1.227184630308513 17
0000 0007 1711093151291 26.0 -69.0 1.2885438618239387 17
0000 0000 1711093151291 -35.75 -60.0 4.522175362686871 17
0000 0004 1711093151292 -29.25 -54.5 4.749204519293945 17
0000 0006 1711093151292 9.75 -67.5 3.429981041712294 17
0000 0001 1711093151292 3.25 -56.0 1.576932249946439 17
0000 0002 1711093151293 27.625 -61.5 0.2945243112740431 17
0000 0009 1711093151293 9.75 -51.5 3.522019888985432 17
0000 0003 1711093151294 22.75 -66.0 2.724349879284899 17
0000 0011 1711093151294 -71.5625 -67.5 0.14112623248547898 17
0000 0005 1711093151294 19.5 -61.5 2.8777479580734626 17
0000 0015 1711093151295 -107.375 -62.0 5.939573610693203 17
0000 0014 1711093151295 6.5 -65.0 5.013049214810275 17
0000 0013 1711093151295 21.9375 -77.5 5.982525072754001 17
0000 0014 1711093151296 -6.5 -65.5 5.0253210611133605 17
0000 0004 1711093151296 -19.5 -54.5 4.7307967498393175 17
0000 0008 1711093151297 48.8125 -57.5 1.1596894756415448 17
0000 0006 1711093151297 87.875 -68.5 3.2827188860752723 17
0000 0015 1711093151297 3.25 -62.0 5.7616318392984684 17
0000 0009 1711093151298 -16.25 -51.5 3.56497135104623 17
0000 0005 1711093151298 -26.0 -61.5 2.9391071895888885 17
0000 0001 1711093151298 16.25 -56.0 1.5585244804918115 17
0000 0011 1711093151299 -19.5 -67.0 0.1349903093339364 17
0000 0000 1711093151299 -9.75 -60.5 4.503767593232243 17
0000 0002 1711093151300 62.625 -62.0 0.2638446955163303 17
0000 0003 1711093151300 84.625 -66.0 2.6016314162540475 17
0000 0007 1711093151301 3.25 -67.5 1.3928545554001621 17
0000 0013 1711093151405 14.0 -77.5 5.798447378207723 17
0000 0015 1711093151534 9.75 -62.0 5.792311455056181 17
0000 0008 1711093151535 34.9375 -57.5 1.2210487071569704 17
0000 0003 1711093151535 6.5 -65.5 2.7979809571034093 17
0000 0004 1711093151535 -19.5 -54.5 4.743068596142402 17
0000 0005 1711093151536 -9.75 -61.0 2.8838838812250054 17
0000 0001 1711093151536 6.5 -56.0 1.576932249946439 17
0000 0009 1711093151536 -6.5 -51.5 3.522019888985432 17
0000 0000 1711093151537 3.25 -60.5 4.522175362686871 17
0000 0011 1711093151537 -74.8125 -67.0 0.2699806186678728 17
0000 0007 1711093151538 68.3125 -68.5 1.3560390164909069 17
0000 0002 1711093151538 10.5625 -62.0 0.3129320807286708 17
0000 0014 1711093151538 -55.3125 -65.0 5.154175447295755 17
0000 0006 1711093151539 -19.5 -67.5 3.3624858870453256 17
0000 0013 1711093151539 10.9375 -78.0 5.976389149602458 17
0000 0007 1711093151539 143.1875 -68.5 1.214912784005428 17
0000 0000 1711093151540 26.0 -60.5 4.485359823777615 17
0000 0008 1711093151540 21.125 -57.5 1.2578642460662257 17
0000 0003 1711093151540 13.0 -66.0 2.8532042654672924 17
0000 0005 1711093151541 3.25 -61.0 2.8961557275280905 17
0000 0014 1711093151543 -9.75 -65.5 5.117359908386499 17
0000 0006 1711093151543 -39.0 -68.0 3.4606606574700063 17
0000 0009 1711093151543 16.25 -51.5 3.5281558121369745 17
0000 0015 1711093151544 22.75 -62.5 5.730952223540755 17
0000 0011 1711093151544 39.0 -67.0 6.234097921967246 17
0000 0004 1711093151545 -16.25 -54.5 4.743068596142402 17
0000 0002 1711093151545 45.5625 -61.5 0.30679615757712825 17
0000 0001 1711093151545 -3.25 -56.5 1.6260196351587797 17
0000 0013 1711093151666 42.6875 -77.5 5.945709533844745 17
0000 0001 1711093151666 -19.5 -55.5 1.662835174068035 17
0000 0004 1711093151666 -6.5 -54.5 4.743068596142402 17
0000 0005 1711093151667 26.0 -61.0 2.8777479580734626 17
0000 0014 1711093151667 -45.5625 -65.0 5.086680292628786 17
0000 0009 1711093151668 -9.75 -51.5 3.56497135104623 17
0000 0008 1711093151668 38.1875 -57.5 1.2578642460662257 17
0000 0003 1711093151668 48.8125 -65.5 2.773437264497239 17
0000 0002 1711093151669 30.875 -61.5 0.4111068511533518 17
0000 0000 1711093151669 0.0 -61.0 4.552854978444583 17
0000 0011 1711093151669 19.5 -67.5 0.09817477042468103 17
0000 0006 1711093151670 26.0 -68.5 3.2643111166206444 17
0000 0015 1711093151670 -16.25 -62.5 5.798447378207723 17
0000 0007 1711093151670 26.0 -68.5 1.337631247036279 17
0000 0009 1711093151896 -6.5 -52.0 3.5895150436524004 17
0000 0008 1711093151896 17.0625 -57.5 1.2946797849754812 17
0000 0004 1711093151896 -35.75 -54.5 4.804427827657828 17
0000 0001 1711093151897 22.75 -56.0 1.6505633277649499 17
0000 0015 1711093151897 16.25 -62.5 5.780039608753096 17
0000 0003 1711093151897 26.0 -66.5 2.767301341345697 17
0000 0006 1711093151898 13.0 -68.5 3.1906800388021335 17
0000 0005 1711093151898 -16.25 -61.5 2.945243112740431 17
0000 0002 1711093151898 7.3125 -61.5 0.44178646691106466 17
0000 0000 1711093151899 39.0 -61.0 4.503767593232243 17
0000 0011 1711093151899 -100.875 -68.0 0.11044661672776616 17
0000 0014 1711093151899 -3.25 -65.0 4.9823695990525625 17
0000 0007 1711093151900 13.0 -68.0 1.3928545554001621 17
0000 0013 1711093151900 1.8125 -77.5 6.080699843178682 17
0000 0001 1711093151901 22.75 -55.5 1.6751070203711202 17
0000 0009 1711093151901 0.0 -51.5 3.6079228131070282 17
0000 0002 1711093151901 -3.25 -61.0 0.4970097752749477 17
0000 0004 1711093151902 -16.25 -54.0 4.804427827657828 17
0000 0006 1711093151902 68.3125 -69.0 3.368621810196868 17
0000 0000 1711093151902 19.5 -61.0 4.577398671050753 17
0000 0014 1711093151903 -65.0625 -65.0 5.111223985234957 17
0000 0005 1711093151903 -13.0 -61.0 3.0066023442558567 17
0000 0011 1711093151903 52.0625 -68.0 0.03681553890925539 17
0000 0008 1711093151904 24.375 -57.5 1.3130875544301088 17
0000 0003 1711093151904 6.5 -66.5 2.9575149590435164 17
0000 0007 1711093151905 143.1875 -67.0 1.2701360923693108 17
0000 0015 1711093151905 -26.0 -62.5 5.816855147662351 17
0000 0013 1711093152134 4.0625 -78.5 6.050020227420969 17
0000 0004 1711093152135 -6.5 -54.0 4.816699673960914 17
0000 0008 1711093152135 -3.25 -57.5 1.368310862793992 17
0000 0002 1711093152135 7.3125 -61.5 0.5031456984264903 17
0000 0000 1711093152136 -19.5 -61.5 4.669437518323892 17
0000 0014 1711093152136 -45.5625 -65.5 5.141903600992669 17
0000 0005 1711093152136 -9.75 -61.5 2.9636508821950587 17
0000 0009 1711093152136 -6.5 -51.5 3.6447383520162835 17
0000 0001 1711093152137 -9.75 -55.5 1.8100973297050567 17
0000 0006 1711093152137 39.0 -69.0 3.3318062712876126 17
0000 0011 1711093152138 48.8125 -68.5 0.0 17
0000 0015 1711093152138 -9.75 -62.0 5.743224069843841 17
0000 0007 1711093152138 16.25 -67.5 1.380582709097077 17
0000 0003 1711093152139 -9.75 -66.5 3.0250101137104846 17
0000 0013 1711093152139 6.6875 -78.0 5.957981380147831 17
0000 0005 1711093152139 -58.5625 -61.5 3.08636934522591 17
0000 0011 1711093152139 -32.5 -68.0 0.04295146206079795 17
0000 0001 1711093152140 13.0 -55.5 1.859184714917397 17
0000 0007 1711093152140 -65.0625 -67.5 1.4787574795217582 17
0000 0004 1711093152141 0.0 -54.0 4.822835597112456 17
0000 0015 1711093152141 -19.5 -62.5 5.767767762450011 17
0000 0009 1711093152141 3.25 -52.0 3.6570101983193686 17
0000 0008 1711093152141 7.3125 -57.5 1.380582709097077 17
0000 0003 1711093152142 13.0 -66.5 3.184544115650591 17
0000 0002 1711093152142 13.8125 -61.5 0.5583690067903734 17
0000 0000 1711093152142 -29.25 -61.5 4.798291904506286 17
0000 0014 1711093152143 -61.8125 -66.0 5.148039524144211 17
0000 0006 1711093152143 -94.375 -68.5 3.32567034813607 17
