0000 0003 1711093203570 58.5625 -69.5 1.5278448647340985 17
0000 0004 1711093203570 -42.3125 -60.0 3.9699422790480394 17
0000 0015 1711093203571 -68.3125 -66.5 5.902758071783947 17
0000 0002 1711093203571 -17.0625 -59.5 4.522175362686871 17
0000 0001 1711093203572 -71.5625 -66.0 5.700272607783043 17
0000 0005 1711093203572 -146.4375 -66.5 2.4911847995262812 17
0000 0006 1711093203573 0.0 -67.5 5.344389064993574 17
0000 0008 1711093203573 2.25 -74.5 5.135767677841127 17
0000 0008 1711093203574 -0.625 -74.5 5.209398755659637 17
0000 0005 1711093203574 68.3125 -66.5 2.2089323345553233 17
0000 0004 1711093203575 19.5 -59.5 3.80427235395639 17
0000 0015 1711093203576 -48.8125 -66.5 5.9088939949354895 17
0000 0003 1711093203576 143.1875 -69.5 1.41126232485479 17
0000 0002 1711093203577 -30.875 -59.0 4.4976316700806995 17
0000 0006 1711093203577 39.0 -67.0 5.356660911296659 17
0000 0001 1711093203577 0.0 -66.0 5.620505606812989 17
0000 0003 1711093203928 -100.875 -69.0 1.8223691760081417 17
0000 0006 1711093203928 -6.5 -66.5 5.381204603902829 17
0000 0001 1711093203928 -55.3125 -66.0 5.749359992995383 17
0000 0004 1711093203932 16.25 -60.0 3.834951969714103 17
0000 0002 1711093203932 -24.375 -59.5 4.485359823777615 17
0000 0005 1711093203933 123.6875 -66.0 2.141437179888355 17
0000 0015 1711093203934 35.75 -67.0 5.755495916146925 17
0000 0004 1711093203934 6.5 -60.0 3.877903431774901 17
0000 0002 1711093203934 34.9375 -59.5 4.417864669110647 17
0000 0006 1711093203935 94.375 -67.0 5.252350217720435 17
0000 0005 1711093203935 94.375 -65.5 2.098485717827557 17
0000 0015 1711093203936 13.0 -66.0 5.712544454086128 17
0000 0001 1711093203937 -61.8125 -65.5 5.724816300389213 17
0000 0003 1711093203938 9.75 -68.5 1.5707963267948966 17
0000 0005 1711093204178 32.5 -66.5 2.1353012567368124 17
0000 0003 1711093204178 19.5 -69.0 1.6566992509164924 17
0000 0015 1711093204178 -110.625 -66.5 5.988660995905543 17
0000 0001 1711093204179 -45.5625 -66.5 5.675728915176872 17
0000 0006 1711093204179 45.5625 -67.0 5.393476450205914 17
0000 0002 1711093204179 -21.125 -59.5 4.491495746929157 17
0000 0004 1711093204180 -13.0 -60.0 3.890175278077986 17
0000 0006 1711093204180 13.0 -67.0 5.442563835418255 17
0000 0015 1711093204181 -6.5 -66.5 5.810719224510809 17
0000 0005 1711093204181 39.0 -66.0 2.1598449493429825 17
0000 0003 1711093204181 84.625 -69.5 1.3744467859455345 17
0000 0001 1711093204182 -22.75 -67.0 5.559146375297564 17
0000 0004 1711093204182 -3.25 -60.0 3.890175278077986 17
0000 0002 1711093204183 27.625 -59.5 4.399456899656019 17
0000 0015 1711093204438 29.25 -66.5 5.773903685601553 17
0000 0001 1711093204438 -29.25 -68.0 5.516194913236766 17
0000 0002 1711093204438 -13.8125 -59.5 4.4362724385652745 17
0000 0003 1711093204439 -42.3125 -69.0 1.4848934026733007 17
0000 0005 1711093204439 22.75 -66.5 2.2150682577068657 17
0000 0004 1711093204439 0.0 -60.0 3.834951969714103 17
0000 0006 1711093204440 -19.5 -67.0 5.424156065963627 17
0000 0001 1711093204440 -39.0 -69.0 5.620505606812989 17
0000 0005 1711093204440 58.5625 -66.0 2.1353012567368124 17
0000 0003 1711093204441 -16.25 -70.0 1.4787574795217582 17
0000 0002 1711093204441 17.0625 -59.5 4.3933209765044765 17
0000 0004 1711093204441 19.5 -59.5 3.7981364308048478 17
0000 0015 1711093204442 -39.0 -67.0 5.786175531904639 17
0000 0006 1711093204442 -84.625 -66.5 5.516194913236766 17
0000 0004 1711093204663 13.0 -60.0 3.792000507653305 17
0000 0015 1711093204663 22.75 -66.5 5.6573211457222445 17
0000 0006 1711093204663 -78.0625 -66.5 5.50392306693368 17
0000 0002 1711093204663 21.125 -59.5 4.374913207049849 17
0000 0003 1711093204664 -71.5625 -69.0 1.564660403643354 17
0000 0005 1711093204664 22.75 -66.5 2.325514874434632 17
0000 0001 1711093204664 -0.5625 -70.5 2.36846633649543 17
0000 0006 1711093204665 13.0 -66.5 5.436427912266712 17
0000 0015 1711093204665 -13.0 -66.5 5.743224069843841 17
0000 0004 1711093204665 45.5625 -60.0 3.724505352986337 17
0000 0003 1711093204666 -48.8125 -68.5 1.576932249946439 17
0000 0005 1711093204666 -52.0625 -66.5 2.325514874434632 17
0000 0002 1711093204667 -13.8125 -59.0 4.424000592262189 17
0000 0001 1711093204667 3.625 -70.5 2.2641556429192065 17
0000 0006 1711093204667 -35.75 -67.5 5.411884219660542 17
0000 0004 1711093204668 3.25 -60.0 3.7981364308048478 17
0000 0003 1711093204668 -146.4375 -69.5 1.6935147898257479 17
0000 0002 1711093204668 30.875 -59.0 4.374913207049849 17
0000 0005 1711093204669 52.0625 -66.5 2.3193789512830896 17
0000 0015 1711093204670 32.5 -67.5 5.700272607783043 17
0000 0001 1711093204927 -6.6875 -70.5 2.2948352586769194 17
0000 0015 1711093204927 -13.0 -66.5 5.688000761479957 17
0000 0003 1711093204927 -94.375 -69.5 1.5892040962495242 17
0000 0002 1711093204928 13.8125 -59.5 4.368777283898306 17
0000 0006 1711093204928 13.0 -67.5 5.442563835418255 17
0000 0004 1711093204928 22.75 -60.0 3.736777199289422 17
0000 0005 1711093204929 -22.75 -66.0 2.350058567040802 17
0000 0001 1711093204929 -3.625 -71.0 2.2518837966161214 17
0000 0005 1711093204929 136.6875 -66.5 2.061670178918302 17
0000 0002 1711093204930 13.8125 -59.5 4.319689898685965 17
0000 0004 1711093204930 -48.8125 -60.0 3.816544200259475 17
0000 0006 1711093204930 -29.25 -67.5 5.45483568172134 17
0000 0015 1711093204931 -26.0 -67.0 5.749359992995383 17
0000 0003 1711093204931 78.0625 -70.0 1.4173982480063325 17
0000 0004 1711093205200 9.75 -60.0 3.6754179677739964 17
0000 0003 1711093205200 -149.6875 -69.0 1.6198837120072371 17
0000 0002 1711093205200 7.3125 -59.0 4.319689898685965 17
0000 0005 1711093205201 22.75 -66.5 2.1966604882522383 17
0000 0015 1711093205201 6.5 -66.5 5.71868037723767 17
0000 0006 1711093205201 175.75 -67.0 5.043728830567988 17
0000 0003 1711093205202 58.5625 -69.0 1.4296700943094176 17
0000 0015 1711093205202 13.0 -67.5 5.706408530934585 17
0000 0006 1711093205202 22.75 -67.0 5.325981295538946 17
0000 0004 1711093205203 3.25 -60.0 3.7122335066832517 17
0000 0002 1711093205203 0.0 -59.5 4.3074180523828804 17
0000 0005 1711093205203 100.875 -66.5 2.1782527187976104 17
0000 0005 1711093205413 -42.3125 -66.5 2.3746022596469727 17
0000 0002 1711093205413 61.8125 -59.5 4.313553975534423 17
0000 0006 1711093205413 -19.5 -66.5 5.424156065963627 17
0000 0004 1711093205414 16.25 -60.0 3.7551849687440497 17
0000 0015 1711093205414 -19.5 -66.5 5.749359992995383 17
0000 0001 1711093205415 -139.9375 -66.5 5.5714182216006485 17
0000 0003 1711093205415 -26.0 -69.5 1.8346410223112268 17
0000 0001 1711093205415 -26.0 -58.0 5.767767762450011 17
0000 0015 1711093205416 45.5625 -65.5 5.798447378207723 17
0000 0003 1711093205416 -13.0 -66.0 2.1905245651006955 17
0000 0004 1711093205416 -6.5 -58.5 4.031301510563465 17
0000 0006 1711093205417 35.75 -67.0 5.608233760509904 17
0000 0002 1711093205417 -7.3125 -61.0 5.074408446325701 17
0000 0000 1711093205418 87.875 -67.5 3.3072625786814425 17
0000 0005 1711093205418 35.75 -68.0 1.9205439464328227 17
0000 0009 1711093205418 0.125 -72.0 1.8100973297050567 17
0000 0015 1711093205551 -9.75 -64.0 5.8475347634200645 17
0000 0000 1711093205551 19.5 -60.5 4.755340442445488 17
0000 0006 1711093205551 -81.375 -66.5 6.14819499784565 17
0000 0005 1711093205552 -16.25 -71.5 5.246214294568893 17
0000 0004 1711093205552 -6.5 -58.0 4.417864669110647 17
0000 0002 1711093205552 -10.5625 -59.5 1.4296700943094176 17
0000 0003 1711093205553 39.0 -66.0 2.8716120349219203 17
0000 0008 1711093205553 39.0 -67.5 0.2454369260617026 17
0000 0001 1711093205553 2.4375 -65.5 5.715612415661899 17
0000 0009 1711093205554 3.625 -70.5 5.47937937432751 17
0000 0005 1711093205554 42.3125 -62.0 3.822680123411018 17
0000 0008 1711093205555 19.5 -59.0 2.1782527187976104 17
0000 0000 1711093205555 48.8125 -63.0 2.0493983326152168 17
0000 0015 1711093205555 19.5 -64.5 6.007068765360171 17
0000 0014 1711093205556 -39.0 -68.0 0.8222137023067037 17
0000 0004 1711093205556 -45.5625 -61.5 4.693981210930062 17
0000 0006 1711093205556 26.0 -67.5 0.28838838812250056 17
0000 0002 1711093205557 30.875 -58.0 1.6566992509164924 17
0000 0003 1711093205557 -22.75 -66.0 3.2704470397721868 17
0000 0001 1711093205677 9.75 -63.5 1.4173982480063325 17
0000 0005 1711093205677 58.5625 -60.5 2.6813984172241008 17
0000 0001 1711093205678 9.75 -54.0 5.013049214810275 17
0000 0008 1711093205678 -16.25 -57.5 2.5954954931025047 17
0000 0006 1711093205678 26.0 -72.5 0.17794177139473438 17
0000 0003 1711093205679 -45.5625 -65.5 3.5833791205008576 17
0000 0015 1711093205679 -71.5625 -64.0 0.04908738521234052 17
0000 0004 1711093205679 0.0 -64.5 5.037592907416445 17
0000 0000 1711093205680 6.5 -59.5 3.810408277107933 17
0000 0014 1711093205680 113.875 -67.5 0.04295146206079795 17
0000 0002 1711093205680 62.625 -61.5 1.3437671701878218 17
0000 0007 1711093205917 4.25 -72.0 5.178719139901925 17
0000 0013 1711093205917 -10.375 -79.0 1.1290098598838318 17
0000 0014 1711093205917 3.25 -68.0 6.277049384028044 17
0000 0009 1711093205917 -19.5 -60.0 5.2768939103266055 17
0000 0001 1711093205918 9.75 -56.0 5.8659425328746915 17
0000 0004 1711093205918 -52.0625 -64.5 5.632777453116074 17
0000 0003 1711093205918 78.0625 -65.5 2.693670263527186 17
0000 0005 1711093205919 6.5 -61.0 1.3867186322486196 17
0000 0000 1711093205919 -9.75 -59.0 4.239922897715912 17
0000 0007 1711093205919 -39.0 -69.5 4.7307967498393175 17
0000 0002 1711093205920 -10.5625 -59.5 1.1474176293384597 17
0000 0008 1711093205920 27.625 -63.5 2.9697868053466014 17
0000 0015 1711093205921 -19.5 -63.5 6.166602767300278 17
0000 0013 1711093205921 -120.4375 -74.0 1.1290098598838318 17
0000 0002 1711093205922 7.3125 -60.5 0.3988350048502667 17
0000 0003 1711093205922 3.25 -64.5 1.6260196351587797 17
0000 0000 1711093205922 22.75 -57.5 3.7122335066832517 17
0000 0005 1711093205923 35.75 -65.0 6.092971689481767 17
0000 0004 1711093205923 -97.625 -63.0 0.04295146206079795 17
0000 0001 1711093205923 -3.25 -54.0 4.246058820867455 17
0000 0015 1711093205924 6.5 -63.0 6.037748381117884 17
0000 0013 1711093205924 -65.0625 -71.0 1.8407769454627694 17
0000 0009 1711093205924 -29.25 -55.5 5.485515297479052 17
0000 0007 1711093205925 26.0 -69.0 3.859495662320273 17
0000 0008 1711093205925 34.9375 -65.5 3.988350048502667 17
0000 0014 1711093206178 -0.4375 -72.0 0.3436116964863836 17
0000 0000 1711093206178 -3.25 -57.5 2.767301341345697 17
0000 0001 1711093206179 -6.5 -55.5 2.380738182798515 17
0000 0009 1711093206179 -16.25 -51.5 5.283029833478148 17
0000 0003 1711093206179 -29.25 -62.5 0.6688156235181395 17
0000 0004 1711093206180 -13.0 -59.5 0.18407769454627693 17
0000 0007 1711093206180 6.5 -70.0 3.313398501832985 17
0000 0015 1711093206180 -35.75 -62.5 6.129787228391022 17
0000 0013 1711093206181 55.3125 -69.0 1.5462526341887264 17
0000 0008 1711093206181 30.875 -59.0 3.9515345095934116 17
0000 0011 1711093206181 110.625 -71.5 1.2210487071569704 17
0000 0002 1711093206182 7.3125 -62.5 4.847379289718626 17
0000 0005 1711093206182 -22.75 -67.0 4.147884050442774 17
0000 0014 1711093206182 8.5 -71.0 0.4356505437595221 17
0000 0012 1711093206183 2.875 -77.5 6.068427996875596 17
0000 0001 1711093206308 3.25 -56.5 1.368310862793992 17
0000 0013 1711093206308 -3.25 -68.5 1.3437671701878218 17
0000 0000 1711093206309 19.5 -57.5 2.0371264863121317 17
0000 0009 1711093206309 3.25 -50.5 5.111223985234957 17
0000 0004 1711093206309 -19.5 -56.5 0.2270291566070749 17
0000 0011 1711093206310 -84.625 -70.0 1.3621749396424494 17
0000 0014 1711093206310 -146.4375 -69.0 0.7301748550335652 17
0000 0008 1711093206310 24.375 -57.5 3.6079228131070282 17
0000 0002 1711093206311 34.9375 -62.0 3.5342917352885173 17
0000 0015 1711093206311 -35.75 -62.5 6.166602767300278 17
0000 0007 1711093206311 130.1875 -68.5 2.7857091108003242 17
0000 0003 1711093206312 -16.25 -62.5 0.1043106935762236 17
0000 0005 1711093206312 -19.5 -66.5 3.5036121195308043 17
0000 0012 1711093206312 -3.3125 -77.5 0.32520392703175593 17
0000 0004 1711093206313 -26.0 -55.5 0.07976700097005335 17
0000 0009 1711093206313 -9.75 -50.0 5.0253210611133605 17
0000 0013 1711093206313 -32.5 -68.5 1.4542137869155878 17
0000 0015 1711093206314 3.25 -62.5 6.068427996875596 17
0000 0014 1711093206314 3.25 -67.0 0.4540583132141498 17
0000 0003 1711093206314 -9.75 -62.0 6.000932842208628 17
0000 0001 1711093206315 -29.25 -58.5 0.44178646691106466 17
0000 0005 1711093206315 52.0625 -66.5 3.055689729468197 17
0000 0007 1711093206315 81.375 -69.0 2.6568547246179306 17
0000 0011 1711093206316 78.0625 -67.5 1.3989904785517047 17
0000 0000 1711093206317 22.75 -58.5 1.4603497100671303 17
0000 0002 1711093206317 -7.3125 -60.0 2.7979809571034093 17
0000 0008 1711093206317 13.0 -57.5 3.3011266555298997 17
0000 0000 1711093206438 -3.25 -59.0 1.1351457830353744 17
0000 0009 1711093206438 -19.5 -50.5 4.902602598082509 17
0000 0015 1711093206438 -16.25 -62.5 6.043884304269426 17
0000 0013 1711093206439 48.8125 -68.5 1.3437671701878218 17
0000 0001 1711093206439 -42.3125 -59.0 5.976389149602458 17
0000 0003 1711093206439 -100.875 -62.5 5.859806609723149 17
0000 0002 1711093206439 -87.0625 -59.5 2.466641106920111 17
0000 0004 1711093206440 -13.0 -55.0 6.160466844148735 17
0000 0008 1711093206440 0.0 -57.5 3.08636934522591 17
0000 0011 1711093206440 -9.75 -66.0 1.4787574795217582 17
0000 0014 1711093206441 -143.1875 -66.5 0.3865631585471816 17
0000 0005 1711093206441 74.8125 -66.0 2.9145634969827183 17
0000 0007 1711093206442 26.0 -70.0 2.60776733940559 17
0000 0014 1711093206673 -52.0625 -66.0 0.16566992509164924 17
0000 0009 1711093206674 -9.75 -50.5 4.743068596142402 17
0000 0003 1711093206674 -39.0 -63.0 5.583690067903734 17
0000 0007 1711093206674 65.0625 -69.5 2.4605051837685683 17
0000 0004 1711093206675 9.75 -54.5 5.9518454569962875 17
0000 0015 1711093206675 -22.75 -62.5 6.0991076126333095 17
0000 0001 1711093206675 -45.5625 -59.0 5.283029833478148 17
0000 0008 1711093206676 26.0 -57.5 2.7979809571034093 17
0000 0002 1711093206676 7.3125 -59.0 2.030990563160589 17
0000 0013 1711093206676 123.6875 -69.5 1.030835089459151 17
0000 0011 1711093206677 48.8125 -66.0 1.4173982480063325 17
0000 0005 1711093206677 84.625 -65.5 2.816388726558037 17
0000 0000 1711093206677 3.25 -59.5 0.7179030087304801 17
0000 0012 1711093206678 1.1875 -76.5 3.8840393549264434 17
0000 0007 1711093206678 -26.0 -68.5 2.5280003384355365 17
0000 0014 1711093206678 -100.875 -66.5 0.16566992509164924 17
0000 0008 1711093206679 6.5 -57.0 2.5893595699509624 17
0000 0005 1711093206679 39.0 -65.0 2.730485802436441 17
0000 0009 1711093206679 13.0 -51.0 4.601942363656923 17
0000 0004 1711093206680 -22.75 -54.5 5.8475347634200645 17
0000 0002 1711093206680 -13.8125 -58.5 1.8039614065535141 17
0000 0001 1711093206680 0.0 -59.0 4.491495746929157 17
0000 0003 1711093206681 -13.0 -64.0 5.148039524144211 17
0000 0011 1711093206681 -29.25 -64.5 1.5155730184310134 17
0000 0015 1711093206682 9.75 -62.5 6.0991076126333095 17
0000 0013 1711093206682 -113.875 -69.5 1.1965050145508 17
0000 0000 1711093206682 -9.75 -59.5 0.35588354278946877 17
0000 0012 1711093206826 -7.3125 -75.0 3.9576704327449543 17
0000 0006 1711093206826 -3.625 -74.5 6.007068765360171 17
0000 0015 1711093206827 -52.0625 -63.0 6.215690152512618 17
0000 0011 1711093206827 45.5625 -63.5 1.533980787885641 17
0000 0000 1711093206827 -19.5 -60.5 0.12885438618239387 17
0000 0009 1711093206827 13.0 -51.0 4.528311285838413 17
0000 0007 1711093206828 29.25 -69.0 2.3746022596469727 17
0000 0003 1711093206828 52.0625 -64.0 4.890330751779424 17
0000 0014 1711093206829 -45.5625 -67.5 0.030679615757712823 17
0000 0001 1711093206829 13.0 -59.0 3.9085830475326135 17
0000 0002 1711093206829 -3.25 -59.0 1.552388557340269 17
0000 0004 1711093206830 -22.75 -54.5 5.71868037723767 17
0000 0005 1711093206830 71.5625 -64.5 2.60776733940559 17
0000 0008 1711093206830 42.3125 -57.5 2.399145952253143 17
0000 0013 1711093206831 87.875 -71.5 0.8344855486097889 17
0000 0012 1711093206831 -1.1875 -75.0 4.01902966426038 17
0000 0006 1711093206831 6.0625 -74.0 6.013204688511713 17
0000 0002 1711093206934 34.9375 -59.0 1.368310862793992 17
0000 0011 1711093206935 -71.5625 -62.5 1.7671458676442586 17
0000 0008 1711093206935 -55.3125 -58.0 2.399145952253143 17
0000 0009 1711093206935 0.0 -51.0 4.473087977474529 17
0000 0013 1711093206936 -9.75 -70.5 0.8958447801252144 17
0000 0005 1711093206936 -13.0 -64.5 2.6813984172241008 17
0000 0004 1711093206936 -45.5625 -54.0 5.64504929941916 17
0000 0015 1711093206937 -19.5 -63.0 6.160466844148735 17
0000 0003 1711093206937 61.8125 -65.0 4.632621979414636 17
0000 0007 1711093206937 113.875 -69.0 2.2212041808584084 17
0000 0001 1711093206938 16.25 -58.5 3.522019888985432 17
0000 0000 1711093206938 29.25 -60.5 6.12365130523948 17
0000 0014 1711093206938 -55.3125 -67.5 6.258641614573416 17
0000 0006 1711093207057 -13.0 -73.5 6.068427996875596 17
0000 0012 1711093207057 -9.125 -74.5 1.0246991663076084 17
0000 0006 1711093207058 78.0625 -73.5 2.448233337465483 17
0000 0008 1711093207058 -27.625 -58.0 2.2518837966161214 17
0000 0015 1711093207058 13.0 -62.5 6.154330920997192 17
0000 0004 1711093207059 -32.5 -54.0 5.5714182216006485 17
0000 0009 1711093207059 -3.25 -51.0 4.473087977474529 17
0000 0001 1711093207059 -16.25 -58.0 3.399301425954581 17
0000 0014 1711093207060 -117.125 -66.5 6.270913460876501 17
0000 0000 1711093207060 -32.5 -61.0 6.12365130523948 17
0000 0002 1711093207060 -48.8125 -59.0 1.3989904785517047 17
0000 0013 1711093207061 39.0 -71.0 0.7976700097005334 17
0000 0005 1711093207061 110.625 -64.5 2.4727770300716534 17
0000 0011 1711093207061 0.0 -63.0 1.509437095279471 17
0000 0003 1711093207062 104.125 -65.0 4.448544284868359 17
0000 0007 1711093207062 32.5 -69.0 2.2948352586769194 17
0000 0006 1711093207178 -50.4375 -74.0 6.163534805724506 17
0000 0012 1711093207178 -5.4375 -74.5 4.172427743048944 17
0000 0005 1711093207178 3.25 -64.5 2.675262494072558 17
0000 0008 1711093207178 3.25 -58.0 2.2027964114037806 17
0000 0014 1711093207179 22.75 -67.5 6.0991076126333095 17
0000 0011 1711093207179 32.5 -64.0 1.3560390164909069 17
0000 0009 1711093207179 9.75 -51.5 4.479223900626073 17
0000 0003 1711093207180 87.875 -65.5 4.571262747899211 17
0000 0001 1711093207180 0.0 -58.0 3.2888548092268146 17
0000 0015 1711093207180 19.5 -62.5 6.092971689481767 17
0000 0000 1711093207181 3.25 -60.5 6.019340611663256 17
0000 0004 1711093207181 6.5 -54.0 5.546874528994478 17
0000 0006 1711093207181 -6.5 -73.0 2.9759227284981438 17
0000 0002 1711093207182 -10.5625 -59.0 1.2885438618239387 17
0000 0013 1711093207182 13.0 -70.0 1.0492428589137786 17
0000 0007 1711093207182 -22.75 -68.0 2.36846633649543 17
0000 0012 1711093207309 -8.5 -74.0 4.1417481272912315 17
0000 0001 1711093207309 -9.75 -58.0 3.399301425954581 17
0000 0007 1711093207309 58.5625 -69.0 1.8162332528565992 17
0000 0013 1711093207310 -45.5625 -70.5 0.9081166264282996 17
0000 0004 1711093207310 -22.75 -54.0 5.602097837358362 17
0000 0015 1711093207310 35.75 -62.5 6.037748381117884 17
0000 0005 1711093207311 29.25 -64.0 2.6323110320117604 17
0000 0000 1711093207311 55.3125 -61.0 5.9518454569962875 17
0000 0008 1711093207311 13.8125 -58.5 2.270291566070749 17
0000 0011 1711093207312 -9.75 -64.5 1.337631247036279 17
0000 0009 1711093207312 -9.75 -51.5 4.632621979414636 17
0000 0014 1711093207312 0.0 -67.0 6.056156150572511 17
0000 0012 1711093207313 -175.75 -72.5 4.516039439535327 17
0000 0002 1711093207313 55.3125 -59.0 1.227184630308513 17
0000 0003 1711093207313 -13.0 -65.5 4.706253057233147 17
0000 0006 1711093207314 -126.9375 -72.0 3.356349963893783 17
0000 0012 1711093207436 26.8125 -74.0 0.9786797426710391 17
0000 0004 1711093207550 0.0 -54.0 5.589825991055276 17
0000 0015 1711093207551 29.25 -63.5 6.086835766330224 17
0000 0009 1711093207551 -9.75 -51.5 4.651029748869264 17
0000 0014 1711093207551 104.125 -67.0 5.976389149602458 17
0000 0008 1711093207552 -19.5 -58.5 2.356194490192345 17
0000 0003 1711093207552 26.0 -65.0 4.6448938257177215 17
0000 0000 1711093207552 -45.5625 -61.5 6.080699843178682 17
0000 0007 1711093207553 26.0 -68.5 1.8346410223112268 17
0000 0011 1711093207553 -9.75 -65.0 1.184233168247715 17
0000 0002 1711093207553 55.3125 -59.5 1.2210487071569704 17
0000 0005 1711093207554 13.0 -64.5 2.6384469551633027 17
0000 0006 1711093207554 -188.75 -73.5 3.706097583531709 17
0000 0001 1711093207554 -39.0 -58.0 3.4177091954092087 17
0000 0013 1711093207555 87.875 -71.5 0.7669903939428205 17
0000 0012 1711093207555 -2.4375 -74.5 1.1719613219446299 17
0000 0003 1711093207555 42.3125 -66.0 4.540583132141498 17
0000 0011 1711093207556 97.625 -65.5 1.0185632431560658 17
0000 0007 1711093207556 104.125 -68.0 1.6751070203711202 17
0000 0008 1711093207556 7.3125 -58.5 2.3009711818284617 17
0000 0000 1711093207557 -19.5 -61.5 6.043884304269426 17
0000 0013 1711093207557 68.3125 -71.0 0.8897088569736719 17
0000 0002 1711093207557 -3.25 -59.5 1.3130875544301088 17
0000 0006 1711093207558 152.9375 -73.0 3.1354567304382504 17
0000 0005 1711093207558 19.5 -64.5 2.5586799541932495 17
0000 0014 1711093207559 13.0 -67.0 6.135923151542564 17
0000 0004 1711093207559 -19.5 -54.0 5.620505606812989 17
0000 0001 1711093207560 -32.5 -58.0 3.4177091954092087 17
0000 0009 1711093207560 -6.5 -51.5 4.6448938257177215 17
0000 0015 1711093207560 35.75 -63.0 6.056156150572511 17
0000 0012 1711093207561 185.5 -74.5 4.086524818927348 17
0000 0011 1711093207684 48.8125 -65.5 1.1290098598838318 17
0000 0008 1711093207685 -17.0625 -58.0 2.3439226438892597 17
0000 0002 1711093207685 27.625 -59.5 1.2578642460662257 17
0000 0007 1711093207685 48.8125 -68.5 1.7794177139473437 17
0000 0012 1711093207686 -234.3125 -72.0 4.485359823777615 17
0000 0001 1711093207686 -3.25 -58.0 3.3440781175906977 17
0000 0004 1711093207686 -16.25 -54.0 5.632777453116074 17
0000 0009 1711093207687 -3.25 -52.0 4.6448938257177215 17
0000 0013 1711093207687 39.0 -70.5 0.8774370106705868 17
0000 0014 1711093207687 -16.25 -67.5 6.12365130523948 17
0000 0005 1711093207688 -3.25 -64.5 2.6384469551633027 17
0000 0000 1711093207688 26.0 -61.5 5.970253226450915 17
0000 0015 1711093207688 42.3125 -63.0 6.025476534814799 17
0000 0003 1711093207689 -146.4375 -66.0 4.792155981354743 17
0000 0006 1711093207689 -35.75 -73.5 3.479068426924634 17
0000 0007 1711093207906 87.875 -67.5 1.7671458676442586 17
0000 0015 1711093207906 9.75 -63.5 6.12365130523948 17
0000 0008 1711093207906 -26.0 -58.5 2.380738182798515 17
0000 0002 1711093207907 3.25 -59.5 1.3008157081270237 17
0000 0006 1711093207907 -13.0 -74.0 3.454524734318464 17
0000 0012 1711093207907 -263.625 -73.0 4.663301595172349 17
0000 0014 1711093207908 -13.0 -67.5 6.111379458936394 17
0000 0001 1711093207908 -52.0625 -57.5 3.448388811166921 17
0000 0004 1711093207908 -6.5 -54.0 5.632777453116074 17
0000 0003 1711093207909 26.0 -66.0 4.528311285838413 17
0000 0005 1711093207909 -45.5625 -64.5 2.7120780329818137 17
0000 0000 1711093207909 -9.75 -61.5 6.080699843178682 17
0000 0009 1711093207910 -16.25 -51.5 4.669437518323892 17
0000 0013 1711093207910 -26.0 -70.0 1.030835089459151 17
0000 0011 1711093207911 -13.0 -66.0 1.1044661672776617 17
0000 0000 1711093207911 -42.3125 -61.5 6.086835766330224 17
0000 0012 1711093207911 -166.0 -72.5 4.448544284868359 17
0000 0008 1711093207912 0.0 -58.5 2.3071071049800045 17
0000 0014 1711093207912 52.0625 -68.0 5.9518454569962875 17
0000 0003 1711093207912 -55.3125 -66.5 4.693981210930062 17
0000 0001 1711093207913 0.0 -58.0 3.3440781175906977 17
0000 0009 1711093207913 -6.5 -51.5 4.663301595172349 17
0000 0002 1711093207913 -52.0625 -59.5 1.337631247036279 17
0000 0004 1711093207914 -3.25 -54.0 5.608233760509904 17
0000 0005 1711093207915 52.0625 -64.5 2.521864415283994 17
0000 0015 1711093207915 39.0 -63.0 6.031612457966341 17
0000 0013 1711093207915 87.875 -71.5 0.6320000846088841 17
0000 0007 1711093207916 -48.8125 -68.5 1.9512235621905356 17
0000 0011 1711093207916 22.75 -65.5 1.043106935762236 17
0000 0006 1711093207916 -48.8125 -73.0 3.5465635815916023 17
0000 0012 1711093208145 -45.5625 -73.0 4.338097668140593 17
0000 0007 1711093208146 3.25 -68.0 1.8039614065535141 17
0000 0009 1711093208146 -22.75 -52.0 4.663301595172349 17
0000 0008 1711093208146 -6.5 -58.5 2.3316507975861747 17
0000 0015 1711093208147 -22.75 -63.5 6.191146459906448 17
0000 0013 1711093208147 29.25 -70.0 0.705631162427395 17
0000 0005 1711093208147 3.25 -64.5 2.6016314162540475 17
0000 0002 1711093208148 -7.3125 -59.0 1.3008157081270237 17
0000 0001 1711093208148 0.0 -58.0 3.399301425954581 17
0000 0003 1711093208148 -55.3125 -66.0 4.6448938257177215 17
0000 0004 1711093208149 3.25 -54.0 5.595961914206819 17
0000 0011 1711093208149 65.0625 -66.0 0.9940195505498954 17
0000 0000 1711093208149 39.0 -61.5 5.994796919057086 17
0000 0014 1711093208150 -26.0 -67.5 6.17273869045182 17
0000 0006 1711093208150 -322.25 -73.0 3.9208548938356986 17
0000 0008 1711093208150 16.25 -58.5 2.2764274892222915 17
0000 0009 1711093208150 -6.5 -52.0 4.651029748869264 17
0000 0000 1711093208151 -74.8125 -61.5 6.191146459906448 17
0000 0001 1711093208151 0.0 -58.0 3.3624858870453256 17
0000 0005 1711093208151 -3.25 -64.0 2.662990647769473 17
0000 0003 1711093208152 -133.4375 -66.0 4.804427827657828 17
0000 0004 1711093208152 -6.5 -54.0 5.602097837358362 17
0000 0011 1711093208152 19.5 -66.5 1.1167380135807468 17
0000 0002 1711093208153 -3.25 -59.0 1.2701360923693108 17
0000 0014 1711093208153 -55.3125 -67.5 6.215690152512618 17
0000 0012 1711093208153 -403.625 -73.0 4.7307967498393175 17
0000 0013 1711093208154 -39.0 -71.0 0.7179030087304801 17
0000 0015 1711093208154 -16.25 -63.5 6.135923151542564 17
0000 0007 1711093208154 152.9375 -69.0 1.6260196351587797 17
0000 0006 1711093208155 -120.4375 -73.0 3.6140587362585705 17
0000 0004 1711093208383 -39.0 -54.0 5.6573211457222445 17
0000 0003 1711093208383 -71.5625 -66.0 4.669437518323892 17
0000 0002 1711093208384 -6.5 -59.0 1.2701360923693108 17
0000 0014 1711093208384 61.8125 -68.0 6.105243535784852 17
0000 0009 1711093208385 6.5 -51.5 4.626486056263094 17
0000 0000 1711093208385 -16.25 -61.5 6.025476534814799 17
0000 0006 1711093208385 -211.5625 -73.0 3.80427235395639 17
0000 0005 1711093208386 -6.5 -64.5 2.650718801466388 17
0000 0008 1711093208386 48.8125 -58.5 2.2334760271614935 17
0000 0001 1711093208386 13.0 -58.0 3.3502140407422405 17
0000 0011 1711093208387 -39.0 -66.5 1.1719613219446299 17
0000 0007 1711093208387 65.0625 -68.5 1.7855536370988863 17
0000 0015 1711093208387 -13.0 -62.5 6.129787228391022 17
0000 0013 1711093208388 81.375 -71.5 0.7485826244881929 17
0000 0012 1711093208388 -71.5625 -72.0 4.227651051412827 17
0000 0015 1711093208388 22.75 -63.0 6.0991076126333095 17
0000 0000 1711093208389 -9.75 -62.0 6.086835766330224 17
0000 0002 1711093208389 21.125 -59.5 1.2640001692177683 17
0000 0008 1711093208389 -6.5 -58.5 2.325514874434632 17
0000 0003 1711093208390 94.375 -66.0 4.466952054322987 17
0000 0001 1711093208390 -16.25 -58.0 3.423845118560751 17
0000 0009 1711093208390 3.25 -51.5 4.632621979414636 17
0000 0014 1711093208391 48.8125 -68.5 6.062292073724054 17
0000 0013 1711093208391 -74.8125 -70.0 0.9019807032767571 17
0000 0011 1711093208391 -84.625 -66.0 1.1044661672776617 17
0000 0004 1711093208392 -9.75 -54.0 5.595961914206819 17
0000 0005 1711093208392 26.0 -64.5 2.662990647769473 17
0000 0007 1711093208392 162.75 -68.5 1.5707963267948966 17
0000 0012 1711093208392 52.0625 -72.0 4.25833066717054 17
0000 0006 1711093208435 -30.875 -74.5 0.24850488763747386 17
