0001 0015 1710925576815 -26.0 -62.0 6.129787228391022 1
0001 0000 1710925576815 -16.25 -64.5 4.3503695144436785 1
0001 0007 1710925576816 26.0 -60.0 2.055534255766759 1
0001 0014 1710925576816 -39.0 -65.5 3.933126740138784 1
0001 0013 1710925576817 -42.3125 -66.0 4.061981126321178 1
0001 0004 1710925576817 0.0 -59.0 3.2520392703175593 1
0001 0006 1710925576817 0.0 -57.0 1.8346410223112268 1
0001 0005 1710925576818 -22.75 -60.5 4.724660826687775 1
0001 0001 1710925576818 -19.5 -72.0 6.019340611663256 1
0001 0002 1710925576819 -1.8125 -79.0 0.3190680038802134 1
0001 0009 1710925576820 -10.5625 -60.5 0.06135923151542565 1
0001 0008 1710925576820 -3.25 -53.0 4.301282129231338 1
0001 0012 1710925576820 -32.5 -51.5 2.411417798556228 1
0001 0013 1710925576820 0.0 -66.5 4.086524818927348 1
0001 0011 1710925576821 -9.75 -58.5 1.5707963267948966 1
0001 0015 1710925576821 39.0 -62.5 6.074563920027139 1
0001 0010 1710925576821 -13.0 -60.0 5.086680292628786 1
0001 0000 1710925576822 -19.5 -65.0 4.264466590322082 1
0001 0014 1710925576822 -61.8125 -65.5 4.0128937411088375 1
0001 0004 1710925576822 -39.0 -60.0 3.2949907323783574 1
0001 0005 1710925576822 -22.75 -60.0 4.693981210930062 1
0001 0006 1710925576823 -13.0 -57.0 1.859184714917397 1
0001 0001 1710925576823 231.0625 -74.0 5.835262917116979 1
0001 0007 1710925576824 26.0 -60.5 2.067806102069844 1
0001 0002 1710925576929 10.9375 -79.0 6.19728238305799 1
0001 0000 1710925577180 -29.25 -64.5 4.270602513473625 1
0001 0014 1710925577180 -91.125 -66.0 3.9822141253511245 1
0001 0010 1710925577180 -13.0 -60.0 5.037592907416445 1
0001 0004 1710925577181 3.25 -59.5 3.2459033471660166 1
0001 0005 1710925577181 -35.75 -60.0 4.681709364626977 1
0001 0009 1710925577181 -34.9375 -60.5 6.264777537724958 1
0001 0011 1710925577182 52.0625 -58.5 1.4971652489763858 1
0001 0015 1710925577182 35.75 -62.0 6.056156150572511 1
0001 0013 1710925577182 -71.5625 -66.0 4.147884050442774 1
0001 0008 1710925577183 -16.25 -53.5 4.239922897715912 1
0001 0012 1710925577183 0.0 -52.0 2.3623304133438876 1
0001 0006 1710925577183 -6.5 -57.0 1.8346410223112268 1
0001 0007 1710925577184 35.75 -60.5 2.000310947402876 1
0001 0001 1710925577184 84.625 -74.0 5.994796919057086 1
0001 0015 1710925577430 55.3125 -62.5 5.970253226450915 1
0001 0012 1710925577430 0.0 -52.0 2.3930100291016 1
0001 0008 1710925577430 -39.0 -54.0 4.1601558967458585 1
0001 0010 1710925577430 32.5 -60.5 5.037592907416445 1
0001 0013 1710925577431 -107.375 -66.0 4.23378697456437 1
0001 0006 1710925577431 9.75 -57.0 1.8285050991596843 1
0001 0011 1710925577431 16.25 -59.0 1.5401167110371838 1
0001 0004 1710925577432 -19.5 -59.5 3.2336315008629315 1
0001 0009 1710925577434 -45.5625 -61.5 6.215690152512618 1
0001 0000 1710925577434 -29.25 -64.5 4.123340357836604 1
0001 0005 1710925577434 32.5 -60.5 4.558990901596125 1
0001 0007 1710925577434 3.25 -60.5 2.0800779483729293 1
0001 0001 1710925577435 328.75 -73.5 5.5714182216006485 1
0001 0014 1710925577435 -3.25 -66.0 3.9944859716542096 1
0001 0004 1710925577568 0.0 -59.5 3.2029518851052186 1
0001 0006 1710925577568 3.25 -57.0 1.8039614065535141 1
0001 0011 1710925577568 -13.0 -58.5 1.5462526341887264 1
0001 0012 1710925577569 -9.75 -52.0 2.380738182798515 1
0001 0009 1710925577569 10.5625 -61.5 6.117515382087937 1
0001 0013 1710925577569 42.3125 -67.0 4.0128937411088375 1
0001 0007 1710925577569 32.5 -60.5 1.9757672547967058 1
0001 0014 1710925577570 -68.3125 -66.0 4.006757817957295 1
0001 0008 1710925577570 -6.5 -54.0 4.09266074207889 1
0001 0015 1710925577570 -16.25 -62.5 6.191146459906448 1
0001 0010 1710925577571 -39.0 -59.5 5.086680292628786 1
0001 0005 1710925577571 35.75 -60.5 4.491495746929157 1
0001 0001 1710925577571 -19.5 -74.0 6.080699843178682 1
0001 0000 1710925577571 55.3125 -64.5 3.9699422790480394 1
0001 0002 1710925577572 0.0 -79.5 0.18407769454627693 1
0001 0015 1710925577572 39.0 -62.0 6.050020227420969 1
0001 0012 1710925577572 -3.25 -52.0 2.380738182798515 1
0001 0007 1710925577573 -35.75 -60.5 2.024854640009046 1
0001 0008 1710925577573 -9.75 -54.0 4.074252972624263 1
0001 0014 1710925577573 13.0 -66.0 3.933126740138784 1
0001 0013 1710925577574 -16.25 -67.0 4.074252972624263 1
0001 0001 1710925577574 -136.6875 -73.0 6.050020227420969 1
0001 0005 1710925577574 -9.75 -61.0 4.540583132141498 1
0001 0004 1710925577574 -42.3125 -60.0 3.3379421944391554 1
0001 0011 1710925577575 35.75 -59.0 1.4358060174609601 1
0001 0009 1710925577575 7.3125 -60.5 6.080699843178682 1
0001 0006 1710925577576 -32.5 -57.0 1.8714565612204823 1
0001 0010 1710925577576 29.25 -60.0 4.994641445355648 1
0001 0000 1710925577576 -26.0 -65.0 4.074252972624263 1
0001 0002 1710925577679 5.9375 -79.5 0.12885438618239387 1
0001 0007 1710925577812 0.0 -60.0 1.9696313316451632 1
0001 0011 1710925577812 26.0 -59.0 1.4480778637640452 1
0001 0006 1710925577813 -13.0 -56.5 1.846912868614312 1
0001 0009 1710925577813 -48.8125 -60.5 6.129787228391022 1
0001 0010 1710925577813 -16.25 -60.0 5.037592907416445 1
0001 0012 1710925577813 -6.5 -52.0 2.386874105950058 1
0001 0015 1710925577814 9.75 -62.0 6.160466844148735 1
0001 0000 1710925577815 -42.3125 -65.0 4.0987966652304335 1
0001 0014 1710925577815 -48.8125 -65.5 3.9515345095934116 1
0001 0004 1710925577815 42.3125 -59.5 3.172272269347506 1
0001 0008 1710925577816 -13.0 -54.0 4.061981126321178 1
0001 0005 1710925577816 9.75 -60.5 4.485359823777615 1
0001 0013 1710925577816 0.0 -66.5 4.1172044346850605 1
0001 0001 1710925577816 -26.8125 -74.5 5.902758071783947 1
0001 0002 1710925577817 2.125 -79.5 0.11658253987930872 1
0001 0009 1710925577817 -7.3125 -61.0 6.068427996875596 1
0001 0007 1710925577817 26.0 -60.5 1.9696313316451632 1
0001 0012 1710925577818 -3.25 -52.0 2.36846633649543 1
0001 0006 1710925577818 39.0 -56.5 1.7426021750380885 1
0001 0001 1710925577818 136.6875 -73.5 5.884350302329319 1
0001 0005 1710925577819 55.3125 -60.5 4.454680208019902 1
0001 0000 1710925577819 -107.375 -64.5 4.221515128261284 1
0001 0008 1710925577819 -19.5 -54.0 4.123340357836604 1
0001 0010 1710925577819 29.25 -60.0 4.994641445355648 1
0001 0013 1710925577820 -65.0625 -66.5 4.23378697456437 1
0001 0011 1710925577820 42.3125 -59.0 1.4173982480063325 1
0001 0014 1710925577821 -39.0 -65.5 3.9822141253511245 1
0001 0004 1710925577821 -16.25 -59.5 3.2336315008629315 1
0001 0015 1710925577821 22.75 -62.5 6.111379458936394 1
0001 0002 1710925577930 3.9375 -79.0 0.04908738521234052 1
0001 0012 1710925578058 -6.5 -52.0 2.3746022596469727 1
0001 0008 1710925578058 13.0 -54.0 4.037437433715008 1
0001 0009 1710925578059 -17.0625 -60.5 6.117515382087937 1
0001 0001 1710925578059 -9.75 -72.5 6.068427996875596 1
0001 0010 1710925578059 -39.0 -60.5 5.141903600992669 1
0001 0004 1710925578060 -9.75 -59.5 3.2090878082567613 1
0001 0007 1710925578060 22.75 -60.0 1.9941750242513334 1
0001 0011 1710925578060 -13.0 -59.0 1.521708941582556 1
0001 0006 1710925578060 -6.5 -57.0 1.8223691760081417 1
0001 0005 1710925578061 -22.75 -61.0 4.565126824747668 1
0001 0015 1710925578061 -13.0 -63.0 6.135923151542564 1
0001 0014 1710925578061 29.25 -66.5 3.902447124381071 1
0001 0000 1710925578062 42.3125 -65.5 4.01902966426038 1
0001 0013 1710925578062 -16.25 -67.0 4.135612204139688 1
0001 0002 1710925578062 -3.8125 -79.0 0.09817477042468103 1
0001 0012 1710925578062 -3.25 -52.0 2.405281875404685 1
0001 0004 1710925578063 -22.75 -59.5 3.2459033471660166 1
0001 0008 1710925578063 13.0 -53.5 4.06811704947272 1
0001 0007 1710925578063 6.5 -60.0 2.0371264863121317 1
0001 0011 1710925578064 -16.25 -59.0 1.552388557340269 1
0001 0009 1710925578064 -17.0625 -60.5 6.1420590746941075 1
0001 0005 1710925578064 19.5 -60.5 4.509903516383785 1
0001 0015 1710925578064 -9.75 -62.5 6.160466844148735 1
0001 0006 1710925578065 39.0 -57.0 1.7794177139473437 1
0001 0013 1710925578066 -45.5625 -66.5 4.184699589352029 1
0001 0014 1710925578066 0.0 -65.5 3.8963112012295285 1
0001 0000 1710925578067 -52.0625 -64.5 4.166291819897402 1
0001 0010 1710925578067 -65.0625 -60.0 5.209398755659637 1
0001 0001 1710925578067 97.625 -75.0 5.853670686571607 1
0001 0002 1710925578180 1.1875 -79.0 0.0859029241215959 1
0001 0008 1710925578304 -9.75 -54.0 4.104932588381976 1
0001 0013 1710925578305 -84.625 -67.0 4.154019973594316 1
0001 0000 1710925578305 -17.0625 -64.0 4.0987966652304335 1
0001 0006 1710925578305 3.25 -57.5 1.8039614065535141 1
0001 0010 1710925578306 48.8125 -60.0 5.037592907416445 1
0001 0001 1710925578306 84.625 -73.5 5.8659425328746915 1
0001 0005 1710925578306 35.75 -60.5 4.460816131171445 1
0001 0007 1710925578306 9.75 -60.0 2.0064468705544187 1
0001 0004 1710925578307 -9.75 -59.5 3.2213596545598464 1
0001 0012 1710925578307 27.625 -52.0 2.3746022596469727 1
0001 0009 1710925578307 7.3125 -60.5 6.105243535784852 1
0001 0011 1710925578308 -9.75 -59.0 1.5278448647340985 1
0001 0015 1710925578308 -6.5 -62.5 6.19728238305799 1
0001 0014 1710925578308 -16.25 -66.0 3.9453985864418692 1
0001 0002 1710925578308 9.75 -79.5 6.264777537724958 1
0001 0000 1710925578309 -26.0 -64.0 4.190835512503572 1
0001 0015 1710925578309 0.0 -62.5 6.191146459906448 1
0001 0007 1710925578309 -35.75 -60.0 2.086213871524472 1
0001 0009 1710925578310 -65.875 -60.5 6.209554229361076 1
0001 0012 1710925578310 0.0 -52.0 2.405281875404685 1
0001 0011 1710925578310 29.25 -58.5 1.4848934026733007 1
0001 0005 1710925578311 -26.0 -60.0 4.589670517353839 1
0001 0008 1710925578311 -13.0 -53.5 4.129476280988146 1
0001 0001 1710925578311 91.125 -74.0 5.792311455056181 1
0001 0004 1710925578312 6.5 -59.5 3.215223731408304 1
0001 0014 1710925578312 3.25 -66.0 3.9208548938356986 1
0001 0006 1710925578313 39.0 -57.0 1.7916895602504288 1
0001 0010 1710925578313 -32.5 -60.0 5.197126909356553 1
0001 0013 1710925578313 68.3125 -66.0 3.9085830475326135 1
0001 0002 1710925578438 -22.375 -79.0 0.3313398501832985 1
0001 0013 1710925578572 6.5 -66.0 4.000621894805752 1
0001 0006 1710925578572 13.0 -57.0 1.8285050991596843 1
0001 0007 1710925578573 16.25 -60.5 2.024854640009046 1
0001 0015 1710925578574 3.25 -62.5 6.1850105367549055 1
0001 0009 1710925578574 27.625 -60.5 6.14819499784565 1
0001 0004 1710925578574 -9.75 -59.5 3.2397674240144743 1
0001 0005 1710925578575 45.5625 -60.5 4.522175362686871 1
0001 0008 1710925578575 6.5 -53.5 4.190835512503572 1
0001 0012 1710925578575 -24.375 -52.0 2.4850488763747385 1
0001 0010 1710925578575 19.5 -60.0 5.123495831538041 1
0001 0001 1710925578576 211.5625 -73.5 5.491651220630596 1
0001 0011 1710925578576 -39.0 -59.0 1.5953400194010667 1
0001 0000 1710925578576 -59.375 -64.5 4.252194744018997 1
0001 0014 1710925578577 22.75 -66.0 3.8717675086233583 1
0001 0002 1710925578577 -0.25 -78.5 0.22089323345553233 1
0001 0000 1710925578577 -78.0625 -64.5 4.3503695144436785 1
0001 0011 1710925578577 -6.5 -59.0 1.4787574795217582 1
0001 0005 1710925578578 -13.0 -60.0 4.595806440505381 1
0001 0015 1710925578578 -6.5 -62.5 6.191146459906448 1
0001 0006 1710925578578 71.5625 -57.0 1.7303303287350031 1
0001 0012 1710925578579 -10.5625 -51.5 2.521864415283994 1
0001 0004 1710925578579 3.25 -59.5 3.2336315008629315 1
0001 0013 1710925578579 19.5 -65.5 3.9638063558964967 1
0001 0008 1710925578579 -19.5 -53.0 4.190835512503572 1
0001 0009 1710925578580 -45.5625 -60.5 6.2463697682703305 1
0001 0001 1710925578580 110.625 -74.0 5.921165841238575 1
0001 0010 1710925578581 26.0 -60.5 5.166447293598839 1
0001 0007 1710925578581 9.75 -60.5 1.9941750242513334 1
0001 0014 1710925578581 39.0 -66.5 3.9147189706841563 1
0001 0002 1710925578679 5.3125 -78.0 0.380427235395639 1
0001 0007 1710925578851 22.75 -59.5 1.8714565612204823 1
0001 0011 1710925578851 0.0 -58.5 1.3130875544301088 1
0001 0009 1710925578851 13.8125 -59.5 6.0991076126333095 1
0001 0005 1710925578851 -6.5 -60.0 4.552854978444583 1
0001 0013 1710925578852 6.5 -64.0 3.730641276137879 1
0001 0010 1710925578852 45.5625 -61.0 5.129631754689584 1
0001 0015 1710925578852 -68.3125 -62.0 6.277049384028044 1
0001 0004 1710925578853 -3.25 -59.5 3.1968159619536762 1
0001 0006 1710925578853 13.0 -57.0 1.6996507129772904 1
0001 0012 1710925578853 9.75 -51.5 2.5893595699509624 1
0001 0008 1710925578853 -3.25 -52.5 4.246058820867455 1
0001 0014 1710925578854 -87.875 -66.5 4.129476280988146 1
0001 0000 1710925578854 -61.8125 -64.0 4.522175362686871 1
0001 0001 1710925578854 -16.25 -74.5 0.25770877236478773 1
0001 0002 1710925578855 21.3125 -78.0 0.4295146206079795 1
0001 0009 1710925578855 17.0625 -57.5 6.019340611663256 1
0001 0012 1710925578855 22.75 -51.5 2.8777479580734626 1
0001 0011 1710925578856 9.75 -58.5 0.9142525495798421 1
0001 0014 1710925578856 -71.5625 -67.0 4.215379205109742 1
0001 0005 1710925578856 -22.75 -58.5 4.700117134081604 1
0001 0008 1710925578857 6.5 -52.5 4.28287435977671 1
0001 0004 1710925578857 0.0 -59.5 3.074097498922825 1
0001 0010 1710925578858 35.75 -61.0 4.902602598082509 1
0001 0013 1710925578858 32.5 -61.0 2.9820586516496865 1
0001 0007 1710925578859 -61.8125 -59.0 1.8960002538266525 1
0001 0006 1710925578859 32.5 -57.5 1.5155730184310134 1
0001 0015 1710925578859 -6.5 -62.0 6.129787228391022 1
0001 0000 1710925578860 -117.125 -65.0 4.896466674930966 1
0001 0002 1710925578929 -6.0625 -77.0 1.214912784005428 1
0001 0001 1710925578929 -7.3125 -76.0 4.681709364626977 1
0001 0014 1710925579004 0.0 -65.5 4.1601558967458585 1
0001 0013 1710925579004 -9.75 -59.5 2.36846633649543 1
0001 0005 1710925579004 0.0 -56.5 4.626486056263094 1
0001 0009 1710925579004 -30.875 -55.5 5.375068680751287 1
0001 0000 1710925579005 -117.125 -66.0 5.062136600022616 1
0001 0004 1710925579005 94.375 -61.5 2.429825568010856 1
0001 0001 1710925579005 -45.5625 -73.0 2.36846633649543 1
0001 0015 1710925579006 13.0 -61.5 6.074563920027139 1
0001 0008 1710925579006 -13.0 -54.0 3.730641276137879 1
0001 0007 1710925579006 22.75 -57.5 1.3560390164909069 1
0001 0012 1710925579007 9.75 -52.0 3.313398501832985 1
0001 0011 1710925579007 0.0 -60.5 6.019340611663256 1
0001 0010 1710925579007 -42.3125 -59.0 3.184544115650591 1
0001 0006 1710925579007 -16.25 -59.5 0.3374757733348411 1
0001 0002 1710925579008 24.375 -78.0 1.0492428589137786 1
0001 0003 1710925579008 18.25 -75.0 6.178874613603362 1
0001 0010 1710925579124 -6.5 -56.5 1.4726215563702154 1
0001 0012 1710925579125 -13.0 -54.5 3.718369429834794 1
0001 0004 1710925579125 130.1875 -67.5 5.8045833013592665 1
0001 0003 1710925579125 -22.75 -69.0 2.730485802436441 1
0001 0015 1710925579126 19.5 -59.5 5.994796919057086 1
0001 0008 1710925579126 0.0 -53.5 1.0983302441261191 1
0001 0005 1710925579126 -19.5 -61.5 3.9760782021995817 1
0001 0014 1710925579126 45.5625 -62.5 3.9822141253511245 1
0001 0000 1710925579127 27.625 -65.0 3.479068426924634 1
0001 0013 1710925579127 58.5625 -64.5 2.2089323345553233 1
0001 0011 1710925579127 58.5625 -71.0 3.1354567304382504 1
0001 0001 1710925579128 74.8125 -70.0 3.6692820446224537 1
0001 0006 1710925579128 39.0 -65.5 4.632621979414636 1
0001 0007 1710925579128 65.0625 -63.5 5.393476450205914 1
0001 0009 1710925579128 -1.8125 -70.5 2.9513790358919736 1
0001 0002 1710925579129 4.25 -78.5 5.608233760509904 1
0001 0004 1710925579317 6.5 -62.5 3.933126740138784 1
0001 0007 1710925579317 -26.0 -56.5 1.9941750242513334 1
0001 0015 1710925579318 -19.5 -58.5 6.050020227420969 1
0001 0011 1710925579318 -3.25 -69.5 4.25833066717054 1
0001 0000 1710925579318 52.0625 -64.0 1.282407938672396 1
0001 0008 1710925579318 -13.0 -63.5 4.9394181369917645 1
0001 0005 1710925579319 -9.75 -55.5 0.03681553890925539 1
0001 0003 1710925579319 260.375 -73.0 1.3314953238847365 1
0001 0010 1710925579319 -6.5 -60.5 5.927301764390117 1
0001 0012 1710925579320 -13.0 -58.0 4.571262747899211 1
0001 0013 1710925579320 9.75 -61.5 4.221515128261284 1
0001 0006 1710925579320 -19.5 -65.0 5.043728830567988 1
0001 0014 1710925579320 6.5 -65.5 4.6878452877785195 1
0001 0009 1710925579321 -65.875 -66.5 4.252194744018997 1
0001 0002 1710925579321 -110.625 -73.5 4.424000592262189 1
0001 0001 1710925579321 -1.125 -76.0 4.381049130201391 1
0001 0012 1710925579429 13.0 -64.0 5.21553467881118 1
0001 0000 1710925579429 -9.75 -59.0 4.804427827657828 1
0001 0011 1710925579430 -26.0 -67.0 0.8651651643675016 1
0001 0003 1710925579430 -97.625 -67.5 5.111223985234957 1
0001 0006 1710925579430 6.5 -66.0 2.5402721847386216 1
0001 0004 1710925579430 -16.25 -58.0 5.325981295538946 1
0001 0015 1710925579431 -3.25 -59.5 5.915029918087033 1
0001 0008 1710925579431 6.5 -58.5 1.1106020904292042 1
0001 0007 1710925579431 0.0 -61.0 3.1906800388021335 1
0001 0005 1710925579432 29.25 -59.0 1.564660403643354 1
0001 0013 1710925579432 0.0 -62.0 3.877903431774901 1
0001 0009 1710925579432 -45.5625 -70.0 5.522330836388308 1
0001 0002 1710925579433 -3.0 -78.5 0.7485826244881929 1
0001 0001 1710925579535 0.4375 -78.0 0.4172427743048944 1
0001 0014 1710925579535 -1.9375 -74.5 0.5399612373357456 1
0001 0003 1710925579536 -1.75 -74.5 0.4049709280018093 1
0001 0008 1710925579536 13.0 -54.0 1.2455923997631406 1
0001 0007 1710925579536 -6.5 -58.5 1.5401167110371838 1
0001 0000 1710925579536 -120.4375 -62.5 0.39269908169872414 1
0001 0013 1710925579537 -9.75 -65.0 5.663457068873787 1
0001 0015 1710925579537 19.5 -62.0 6.227961998815704 1
0001 0003 1710925579537 65.0625 -72.5 6.000932842208628 1
0001 0011 1710925579538 -130.1875 -69.5 3.172272269347506 1
0001 0006 1710925579538 9.75 -61.5 5.387340527054372 1
0001 0004 1710925579538 26.0 -64.0 1.6321555583103222 1
0001 0001 1710925579538 -48.8125 -75.0 2.466641106920111 1
0001 0005 1710925579539 30.875 -68.5 2.8961557275280905 1
0001 0014 1710925579539 12.1875 -72.5 0.0 1
0001 0002 1710925579539 -0.875 -80.0 5.289165756629691 1
0001 0004 1710925579682 -16.25 -63.0 0.28838838812250056 1
0001 0005 1710925579682 3.25 -53.0 1.5278448647340985 1
0001 0000 1710925579683 0.0 -66.5 4.822835597112456 1
0001 0015 1710925579683 35.75 -63.0 5.5284667595398505 1
0001 0007 1710925579683 6.5 -62.5 3.393165502803038 1
0001 0008 1710925579683 -55.3125 -65.0 0.7117670855789375 1
0001 0002 1710925579684 4.875 -77.5 1.0615147052168636 1
0001 0001 1710925579684 -0.5625 -76.5 5.3627968344482015 1
0001 0003 1710925579854 0.0 -74.0 1.043106935762236 1
0001 0006 1710925579854 1.5625 -74.5 4.638757902566179 1
0001 0006 1710925579854 84.625 -71.0 4.516039439535327 1
0001 0005 1710925579855 -13.0 -55.0 1.2026409377023426 1
0001 0003 1710925579855 123.6875 -71.5 0.6013204688511713 1
0001 0000 1710925579855 -73.1875 -67.5 2.3439226438892597 1
0001 0015 1710925579855 -48.8125 -66.5 0.006135923151542565 1
0001 0007 1710925579856 3.25 -63.0 2.448233337465483 1
0001 0001 1710925579856 37.375 -74.0 0.7577865092155067 1
0001 0004 1710925579856 -10.9375 -74.5 4.1417481272912315 1
0001 0002 1710925579856 -2.5625 -79.5 5.859806609723149 1
0001 0005 1710925579857 26.0 -55.0 1.3867186322486196 1
0001 0015 1710925579857 -58.5625 -68.0 0.16566992509164924 1
0001 0000 1710925579857 42.3125 -67.0 1.9205439464328227 1
0001 0007 1710925579858 58.5625 -63.0 2.442097414313941 1
0001 0003 1710925579859 74.8125 -69.0 0.380427235395639 1
0001 0004 1710925579859 42.3125 -73.0 4.3074180523828804 1
0001 0006 1710925579859 198.5625 -71.0 4.485359823777615 1
0001 0001 1710925579859 -175.75 -74.5 4.362641360746763 1
0001 0014 1710925579929 -3.0 -74.0 4.706253057233147 1
0001 0002 1710925579929 -5.0 -79.5 6.277049384028044 1
0001 0005 1710925580128 13.0 -54.0 1.509437095279471 1
0001 0007 1710925580128 48.8125 -61.0 2.6445828783148455 1
0001 0003 1710925580128 -68.3125 -71.0 0.5645049299419159 1
0001 0004 1710925580129 6.5 -68.5 5.031456984264903 1
0001 0000 1710925580129 170.0625 -68.0 1.8960002538266525 1
0001 0015 1710925580129 -6.5 -72.0 6.0991076126333095 1
0001 0001 1710925580130 169.25 -71.5 3.8717675086233583 1
0001 0006 1710925580130 -3.625 -74.5 4.804427827657828 1
0001 0002 1710925580130 21.9375 -78.0 6.178874613603362 1
0001 0014 1710925580130 -4.6875 -74.0 4.97623367590102 1
0001 0005 1710925580131 22.75 -54.0 1.3744467859455345 1
0001 0007 1710925580131 61.8125 -61.5 2.552544031041707 1
0001 0000 1710925580132 -7.3125 -65.5 1.859184714917397 1
0001 0003 1710925580132 123.6875 -69.5 0.1718058482431918 1
0001 0015 1710925580132 -16.25 -69.5 0.006135923151542565 1
0001 0006 1710925580133 208.3125 -70.5 4.227651051412827 1
0001 0004 1710925580133 -322.25 -71.5 4.289010282928253 1
0001 0014 1710925580391 -5.4375 -73.0 1.6505633277649499 1
0001 0001 1710925580391 10.375 -75.5 0.3313398501832985 1
0001 0002 1710925580391 14.0 -78.5 5.632777453116074 1
0001 0004 1710925580392 84.625 -72.0 2.9513790358919736 1
0001 0014 1710925580392 -156.1875 -71.0 4.945554060143307 1
0001 0007 1710925580392 -22.75 -61.5 2.718213956133356 1
0001 0015 1710925580393 -113.875 -69.0 0.09203884727313846 1
0001 0000 1710925580393 39.0 -66.5 1.5830681730979816 1
0001 0005 1710925580393 19.5 -54.0 1.3928545554001621 1
0001 0003 1710925580394 -29.25 -70.5 0.4049709280018093 1
0001 0006 1710925580394 42.3125 -70.5 4.01902966426038 1
0001 0001 1710925580394 20.3125 -74.5 0.26691265709210155 1
0001 0002 1710925580395 -18.5625 -78.5 5.93343768754166 1
0001 0000 1710925580395 83.0 -66.5 1.6321555583103222 1
0001 0005 1710925580395 0.0 -53.5 1.3989904785517047 1
0001 0003 1710925580395 -32.5 -70.5 0.34974761963792617 1
0001 0007 1710925580396 6.5 -61.5 2.7120780329818137 1
0001 0006 1710925580396 87.875 -70.5 3.877903431774901 1
0001 0004 1710925580396 71.5625 -70.5 3.031146036862027 1
0001 0015 1710925580397 48.8125 -69.5 6.068427996875596 1
0001 0014 1710925580428 23.5625 -72.5 4.88112686705211 1
0001 0001 1710925580428 -5.6875 -75.5 0.30066023442558565 1
0001 0002 1710925580679 7.625 -79.0 5.798447378207723 1
0001 0015 1710925580680 -3.25 -68.0 5.902758071783947 1
0001 0007 1710925580680 58.5625 -61.5 2.5893595699509624 1
0001 0000 1710925580680 -30.875 -66.0 1.6260196351587797 1
0001 0005 1710925580680 22.75 -53.5 1.3621749396424494 1
0001 0006 1710925580681 -65.0625 -70.0 4.215379205109742 1
0001 0003 1710925580681 -120.4375 -69.0 5.957981380147831 1
0001 0004 1710925580681 -71.5625 -69.5 2.705942109830271 1
0001 0014 1710925580681 3.0 -73.0 1.7548740213411735 1
0001 0001 1710925580682 -4.875 -76.0 0.23930100291016002 1
0001 0002 1710925580682 9.125 -78.5 5.730952223540755 1
0001 0007 1710925580834 35.75 -61.5 2.6016314162540475 1
0001 0000 1710925580834 79.75 -66.5 1.5830681730979816 1
0001 0015 1710925580834 -149.6875 -68.5 5.890486225480862 1
0001 0005 1710925580834 10.5625 -54.0 1.380582709097077 1
0001 0006 1710925580834 9.75 -70.5 4.061981126321178 1
0001 0004 1710925580834 110.625 -70.0 2.497320722677824 1
0001 0003 1710925580835 -32.5 -70.5 5.982525072754001 1
0001 0001 1710925580835 -4.875 -76.5 0.18407769454627693 1
0001 0014 1710925580836 -3.0 -73.0 1.662835174068035 1
0001 0002 1710925580836 12.1875 -78.0 5.773903685601553 1
0001 0000 1710925580836 159.5 -65.5 1.368310862793992 1
0001 0005 1710925580837 52.0625 -53.5 1.2885438618239387 1
0001 0004 1710925580837 58.5625 -70.0 2.478912953223196 1
0001 0003 1710925580838 -13.0 -69.5 5.890486225480862 1
0001 0006 1710925580838 -39.0 -70.0 4.123340357836604 1
0001 0015 1710925580838 -61.8125 -69.5 6.013204688511713 1
0001 0007 1710925580839 29.25 -61.5 2.4850488763747385 1
0001 0014 1710925580939 -18.25 -73.5 4.970097752749477 1
0001 0001 1710925580939 -4.875 -76.0 0.2270291566070749 1
0001 0002 1710925580939 53.0625 -78.0 5.663457068873787 1
0001 0000 1710925581104 125.3125 -66.0 1.509437095279471 1
0001 0015 1710925581104 42.3125 -69.0 5.6573211457222445 1
0001 0003 1710925581105 68.3125 -69.0 6.037748381117884 1
0001 0007 1710925581105 42.3125 -62.0 2.509592568980909 1
0001 0005 1710925581105 3.25 -54.0 1.380582709097077 1
0001 0006 1710925581105 -52.0625 -69.5 4.196971435655114 1
0001 0004 1710925581106 68.3125 -71.0 2.3746022596469727 1
0001 0001 1710925581106 -58.5625 -76.5 0.30679615757712825 1
0001 0002 1710925581106 14.0 -78.0 5.945709533844745 1
0001 0014 1710925581107 -6.0625 -73.5 4.890330751779424 1
0001 0007 1710925581107 45.5625 -62.0 2.4605051837685683 1
0001 0004 1710925581107 6.5 -70.5 2.3623304133438876 1
0001 0000 1710925581108 0.0 -65.5 1.705786636128833 1
0001 0006 1710925581108 94.375 -70.5 4.037437433715008 1
0001 0005 1710925581108 6.5 -54.5 1.368310862793992 1
0001 0003 1710925581109 250.625 -69.5 5.730952223540755 1
0001 0015 1710925581109 -198.5625 -68.0 6.086835766330224 1
0001 0001 1710925581188 -18.875 -76.5 3.5158839658338894 1
0001 0014 1710925581189 3.625 -74.0 1.736466251886546 1
0001 0002 1710925581189 0.5625 -78.5 5.976389149602458 1
0001 0007 1710925581364 6.5 -62.5 2.442097414313941 1
0001 0005 1710925581364 13.0 -54.0 1.337631247036279 1
0001 0006 1710925581364 -45.5625 -72.0 4.28287435977671 1
0001 0015 1710925581364 -9.75 -68.5 5.878214379177777 1
0001 0004 1710925581364 29.25 -69.0 2.5402721847386216 1
0001 0000 1710925581364 3.25 -66.0 1.748738098189631 1
0001 0003 1710925581364 55.3125 -70.0 5.816855147662351 1
0001 0014 1710925581365 -17.0625 -73.5 5.037592907416445 1
0001 0001 1710925581365 -4.25 -76.0 0.2086213871524472 1
0001 0002 1710925581365 -1.8125 -78.0 6.166602767300278 1
0001 0015 1710925581365 -84.625 -68.5 6.007068765360171 1
0001 0005 1710925581366 29.25 -55.0 1.2762720155208536 1
0001 0004 1710925581367 159.5 -70.5 2.325514874434632 1
0001 0000 1710925581367 81.375 -66.0 1.6444274046134073 1
0001 0003 1710925581368 -97.625 -69.5 6.105243535784852 1
0001 0007 1710925581368 35.75 -63.0 2.2457478734645786 1
0001 0006 1710925581368 -87.875 -72.0 4.540583132141498 1
0001 0002 1710925581430 32.3125 -78.0 5.822991070813893 1
0001 0001 1710925581430 1.1875 -76.5 0.23930100291016002 1
0001 0014 1710925581633 5.9375 -74.0 4.9394181369917645 1
0001 0005 1710925581633 16.25 -55.5 1.184233168247715 1
0001 0006 1710925581634 100.875 -72.0 4.166291819897402 1
0001 0007 1710925581634 104.125 -63.0 2.012582793705961 1
0001 0003 1710925581634 -113.875 -70.0 5.927301764390117 1
0001 0000 1710925581634 -45.5625 -65.5 1.8285050991596843 1
0001 0004 1710925581635 341.75 -71.0 1.9389517158874505 1
0001 0015 1710925581635 -39.0 -66.5 5.810719224510809 1
0001 0001 1710925581635 27.625 -74.5 0.18407769454627693 1
0001 0014 1710925581636 -0.5625 -73.5 1.9082721001297376 1
0001 0002 1710925581636 14.625 -78.0 6.013204688511713 1
0001 0015 1710925581636 6.5 -66.0 5.71868037723767 1
0001 0007 1710925581637 26.0 -63.5 1.9696313316451632 1
0001 0000 1710925581637 81.375 -65.5 1.6137477888556946 1
0001 0004 1710925581637 13.0 -71.0 2.337786720737717 1
0001 0005 1710925581638 22.75 -56.0 1.086058397823034 1
0001 0003 1710925581638 -16.25 -71.0 5.915029918087033 1
0001 0006 1710925581638 -166.0 -72.0 4.491495746929157 1
0001 0001 1710925581674 -19.5 -75.0 0.18407769454627693 1
