0001 0014 1710925630274 -3.25 -61.0 4.111068511533518 1
0001 0006 1710925630275 13.0 -60.5 1.7548740213411735 1
0001 0000 1710925630275 -97.625 -64.5 4.558990901596125 1
0001 0005 1710925630275 0.0 -53.5 5.21553467881118 1
0001 0015 1710925630276 0.0 -60.0 5.816855147662351 1
0001 0011 1710925630276 32.5 -55.5 2.1230294104337273 1
0001 0007 1710925630276 0.0 -59.0 2.9575149590435164 1
0001 0002 1710925630277 11.5625 -78.5 0.1349903093339364 1
0001 0008 1710925630277 0.0 -52.5 4.6878452877785195 1
0001 0011 1710925630277 -19.5 -56.0 2.2150682577068657 1
0001 0007 1710925630278 32.5 -59.0 2.9022916506796332 1
0001 0015 1710925630279 26.0 -60.5 5.835262917116979 1
0001 0006 1710925630279 -3.25 -60.5 1.8346410223112268 1
0001 0013 1710925630279 16.25 -61.0 6.227961998815704 1
0001 0000 1710925630280 -110.625 -64.5 4.577398671050753 1
0001 0005 1710925630280 13.0 -53.5 5.209398755659637 1
0001 0012 1710925630280 -29.25 -51.0 2.3439226438892597 1
0001 0010 1710925630281 6.5 -59.5 4.890330751779424 1
0001 0009 1710925630281 10.5625 -60.0 0.4540583132141498 1
0001 0004 1710925630281 -16.25 -59.5 3.6079228131070282 1
0001 0014 1710925630282 -13.0 -61.0 4.129476280988146 1
0001 0001 1710925630282 188.75 -72.5 6.14819499784565 1
0001 0002 1710925630385 -4.0625 -79.0 0.4295146206079795 1
0001 0001 1710925630531 58.5625 -72.5 0.1349903093339364 1
0001 0008 1710925630532 0.0 -52.5 4.700117134081604 1
0001 0011 1710925630532 16.25 -56.0 2.1782527187976104 1
0001 0005 1710925630532 -35.75 -53.5 5.2768939103266055 1
0001 0012 1710925630533 0.0 -51.0 2.337786720737717 1
0001 0009 1710925630533 17.0625 -60.0 0.4970097752749477 1
0001 0010 1710925630533 -3.25 -60.0 4.908738521234052 1
0001 0004 1710925630534 -3.25 -59.5 3.6079228131070282 1
0001 0007 1710925630534 -9.75 -59.0 2.9943304979527716 1
0001 0015 1710925630534 13.0 -60.0 5.822991070813893 1
0001 0006 1710925630535 -16.25 -61.0 1.8100973297050567 1
0001 0013 1710925630535 -13.0 -61.0 6.270913460876501 1
0001 0000 1710925630537 -59.375 -64.5 4.491495746929157 1
0001 0014 1710925630537 -6.5 -61.0 4.166291819897402 1
0001 0002 1710925630537 11.875 -79.0 0.1595340019401067 1
0001 0012 1710925630538 -3.25 -51.0 2.337786720737717 1
0001 0008 1710925630538 -32.5 -52.5 4.724660826687775 1
0001 0004 1710925630538 -3.25 -60.0 3.5895150436524004 1
0001 0009 1710925630539 0.0 -60.0 0.5092816215780329 1
0001 0014 1710925630539 -22.75 -61.0 4.221515128261284 1
0001 0005 1710925630539 -26.0 -53.5 5.258486140871978 1
0001 0015 1710925630540 -39.0 -60.5 5.902758071783947 1
0001 0013 1710925630540 -13.0 -61.0 6.270913460876501 1
0001 0007 1710925630540 16.25 -59.0 2.9759227284981438 1
0001 0001 1710925630541 250.625 -72.0 6.0991076126333095 1
0001 0006 1710925630541 3.25 -60.5 1.7916895602504288 1
0001 0000 1710925630541 -84.625 -64.0 4.571262747899211 1
0001 0011 1710925630542 45.5625 -56.0 2.1353012567368124 1
0001 0010 1710925630542 29.25 -59.5 4.914874444385594 1
0001 0002 1710925630635 4.6875 -79.5 0.21475731030398976 1
0001 0015 1710925630779 29.25 -60.0 5.822991070813893 1
0001 0014 1710925630779 -3.25 -61.0 4.123340357836604 1
0001 0008 1710925630780 19.5 -52.5 4.657165672020807 1
0001 0004 1710925630780 39.0 -60.0 3.5281558121369745 1
0001 0012 1710925630780 7.3125 -51.0 2.325514874434632 1
0001 0009 1710925630781 34.9375 -60.0 0.48473792897186263 1
0001 0013 1710925630781 9.75 -61.0 6.2463697682703305 1
0001 0010 1710925630781 0.0 -59.5 4.908738521234052 1
0001 0005 1710925630782 9.75 -53.5 5.190990986205009 1
0001 0007 1710925630782 -39.0 -59.0 3.08636934522591 1
0001 0011 1710925630782 -42.3125 -56.0 2.2764274892222915 1
0001 0006 1710925630783 -42.3125 -60.5 1.9082721001297376 1
0001 0000 1710925630783 22.75 -64.0 4.356505437595221 1
0001 0001 1710925630783 -244.125 -73.0 0.4049709280018093 1
0001 0002 1710925630784 1.5 -79.5 0.05522330836388308 1
0001 0009 1710925630784 21.125 -60.5 0.4724660826687775 1
0001 0014 1710925630784 -65.0625 -61.0 4.264466590322082 1
0001 0011 1710925630785 9.75 -56.0 2.2089323345553233 1
0001 0010 1710925630785 -3.25 -60.0 4.988505522204105 1
0001 0000 1710925630785 39.0 -64.0 4.344233591292136 1
0001 0007 1710925630785 -9.75 -59.0 2.9943304979527716 1
0001 0012 1710925630786 -16.25 -51.0 2.356194490192345 1
0001 0006 1710925630786 19.5 -60.5 1.7671458676442586 1
0001 0008 1710925630786 -6.5 -52.5 4.681709364626977 1
0001 0013 1710925630787 6.5 -61.0 6.22182607566416 1
0001 0005 1710925630787 -3.25 -53.5 5.227806525114265 1
0001 0001 1710925630788 120.4375 -73.0 6.215690152512618 1
0001 0015 1710925630789 84.625 -60.5 5.749359992995383 1
0001 0004 1710925630789 -13.0 -60.0 3.6079228131070282 1
0001 0002 1710925630885 5.75 -79.5 0.22089323345553233 1
0001 0014 1710925631037 -22.75 -61.0 4.166291819897402 1
0001 0008 1710925631038 3.25 -52.5 4.6448938257177215 1
0001 0015 1710925631038 3.25 -60.5 5.878214379177777 1
0001 0012 1710925631038 -16.25 -51.0 2.356194490192345 1
0001 0005 1710925631038 -32.5 -53.5 5.240078371417351 1
0001 0007 1710925631039 -6.5 -59.5 3.018874190558942 1
0001 0011 1710925631039 13.0 -55.5 2.172116795646068 1
0001 0010 1710925631039 -45.5625 -59.5 5.00077736850719 1
0001 0006 1710925631040 -6.5 -60.5 1.8285050991596843 1
0001 0004 1710925631040 26.0 -60.0 3.54042765844006 1
0001 0000 1710925631040 -19.5 -64.0 4.313553975534423 1
0001 0009 1710925631041 45.5625 -60.5 0.36815538909255385 1
0001 0013 1710925631041 22.75 -61.0 6.215690152512618 1
0001 0001 1710925631041 3.25 -73.5 6.132855189966794 1
0001 0002 1710925631042 20.4375 -79.0 6.025476534814799 1
0001 0014 1710925631042 -16.25 -61.0 4.166291819897402 1
0001 0007 1710925631042 -19.5 -59.5 3.043417883165112 1
0001 0006 1710925631043 13.0 -59.5 1.8162332528565992 1
0001 0011 1710925631043 -22.75 -55.5 2.2334760271614935 1
0001 0010 1710925631043 -16.25 -59.5 5.013049214810275 1
0001 0013 1710925631043 -9.75 -61.0 6.270913460876501 1
0001 0008 1710925631043 -16.25 -52.5 4.632621979414636 1
0001 0012 1710925631044 -13.0 -51.0 2.350058567040802 1
0001 0005 1710925631044 6.5 -54.0 5.166447293598839 1
0001 0015 1710925631045 35.75 -60.5 5.816855147662351 1
0001 0009 1710925631045 0.0 -61.0 0.4111068511533518 1
0001 0004 1710925631045 -32.5 -59.0 3.6079228131070282 1
0001 0000 1710925631046 -81.375 -64.5 4.344233591292136 1
0001 0001 1710925631135 -15.4375 -73.5 6.277049384028044 1
0001 0005 1710925631390 19.5 -54.0 5.135767677841127 1
0001 0011 1710925631391 -3.25 -55.0 2.1659808724945253 1
0001 0009 1710925631391 -16.25 -61.0 0.4295146206079795 1
0001 0014 1710925631391 -45.5625 -61.0 4.190835512503572 1
0001 0004 1710925631391 -9.75 -59.5 3.5281558121369745 1
0001 0007 1710925631392 -13.0 -60.0 3.031146036862027 1
0001 0013 1710925631392 39.0 -60.5 6.19728238305799 1
0001 0006 1710925631393 -9.75 -59.5 1.8837284075235674 1
0001 0008 1710925631393 -3.25 -52.5 4.595806440505381 1
0001 0010 1710925631394 35.75 -59.5 4.908738521234052 1
0001 0012 1710925631394 -10.5625 -51.0 2.350058567040802 1
0001 0015 1710925631394 13.0 -61.0 5.927301764390117 1
0001 0000 1710925631395 3.25 -64.5 4.215379205109742 1
0001 0001 1710925631395 -52.0625 -72.0 6.258641614573416 1
0001 0011 1710925631395 26.0 -55.0 2.1475731030398975 1
0001 0006 1710925631396 29.25 -60.0 1.8530487917658545 1
0001 0014 1710925631396 -26.0 -61.0 4.184699589352029 1
0001 0013 1710925631396 22.75 -60.5 6.2463697682703305 1
0001 0008 1710925631397 -6.5 -52.5 4.558990901596125 1
0001 0004 1710925631397 3.25 -59.0 3.5342917352885173 1
0001 0000 1710925631397 -22.75 -64.5 4.227651051412827 1
0001 0012 1710925631397 0.0 -51.0 2.325514874434632 1
0001 0005 1710925631398 -9.75 -54.0 5.1725832167503825 1
0001 0010 1710925631398 13.0 -59.5 4.933282213840222 1
0001 0007 1710925631399 -6.5 -60.0 2.988194574801229 1
0001 0015 1710925631399 -26.0 -60.0 5.93343768754166 1
0001 0009 1710925631399 30.875 -61.0 0.3190680038802134 1
0001 0001 1710925631400 55.3125 -73.0 6.062292073724054 1
0001 0015 1710925631635 0.0 -60.5 5.853670686571607 1
0001 0001 1710925631635 45.5625 -72.5 6.2034183062095325 1
0001 0011 1710925631635 -19.5 -55.0 2.2027964114037806 1
0001 0005 1710925631636 13.0 -54.0 5.154175447295755 1
0001 0008 1710925631636 9.75 -52.5 4.546719055293041 1
0001 0004 1710925631636 -29.25 -60.0 3.5711072741977725 1
0001 0000 1710925631636 84.625 -65.0 4.154019973594316 1
0001 0006 1710925631637 13.0 -59.5 1.8837284075235674 1
0001 0014 1710925631637 19.5 -61.0 4.129476280988146 1
0001 0012 1710925631637 -6.5 -51.0 2.3439226438892597 1
0001 0010 1710925631638 -26.0 -60.0 5.00077736850719 1
0001 0013 1710925631638 22.75 -60.5 6.270913460876501 1
0001 0009 1710925631638 -38.1875 -61.0 0.42337869745643697 1
0001 0007 1710925631639 26.0 -60.0 3.0066023442558567 1
0001 0007 1710925631757 -35.75 -59.5 3.043417883165112 1
0001 0000 1710925631757 -91.125 -65.0 4.3503695144436785 1
0001 0010 1710925631757 29.25 -60.0 4.933282213840222 1
0001 0014 1710925631758 -26.0 -61.5 4.178563666200486 1
0001 0009 1710925631758 48.8125 -61.5 0.3313398501832985 1
0001 0008 1710925631758 0.0 -52.5 4.571262747899211 1
0001 0005 1710925631759 26.0 -54.0 5.129631754689584 1
0001 0006 1710925631759 19.5 -59.5 1.8653206380689396 1
0001 0013 1710925631759 48.8125 -61.0 6.240233845118788 1
0001 0011 1710925631760 6.5 -55.0 2.1598449493429825 1
0001 0012 1710925631760 6.5 -51.0 2.3316507975861747 1
0001 0015 1710925631761 45.5625 -60.5 5.835262917116979 1
0001 0004 1710925631761 -13.0 -59.5 3.472932503773092 1
0001 0001 1710925631761 -130.1875 -71.0 0.1043106935762236 1
0001 0005 1710925631762 0.0 -54.0 5.160311370447297 1
0001 0008 1710925631762 9.75 -53.0 4.528311285838413 1
0001 0000 1710925631762 -9.75 -65.0 4.2092432819582 1
0001 0004 1710925631763 -29.25 -59.5 3.5281558121369745 1
0001 0014 1710925631763 -19.5 -60.5 4.172427743048944 1
0001 0006 1710925631763 -3.25 -59.5 1.859184714917397 1
0001 0015 1710925631763 -22.75 -60.5 5.945709533844745 1
0001 0009 1710925631764 7.3125 -61.0 0.3129320807286708 1
0001 0010 1710925631764 -26.0 -59.5 5.0253210611133605 1
0001 0007 1710925631764 -16.25 -60.0 3.08636934522591 1
0001 0011 1710925631765 -6.5 -55.0 2.1475731030398975 1
0001 0012 1710925631765 -3.25 -51.0 2.3746022596469727 1
0001 0001 1710925631766 -55.3125 -73.0 0.11658253987930872 1
0001 0013 1710925631766 19.5 -61.0 0.018407769454627694 1
0001 0001 1710925631885 87.875 -73.0 6.037748381117884 1
0001 0007 1710925631886 0.0 -60.0 3.0372819600135696 1
0001 0015 1710925631886 -9.75 -60.0 5.902758071783947 1
0001 0005 1710925631886 10.5625 -54.0 5.178719139901925 1
0001 0011 1710925631886 0.0 -55.0 2.1537090261914402 1
0001 0013 1710925631887 -13.0 -60.5 0.04908738521234052 1
0001 0008 1710925631887 -3.25 -53.0 4.614214209960009 1
0001 0012 1710925631887 0.0 -50.5 2.5832236467994196 1
0001 0009 1710925631888 21.125 -61.0 0.3129320807286708 1
0001 0000 1710925631888 -24.375 -65.0 4.289010282928253 1
0001 0004 1710925631888 13.0 -59.5 3.380893656499953 1
0001 0006 1710925631889 3.25 -59.5 1.846912868614312 1
0001 0014 1710925631889 -26.0 -60.5 4.387185053352934 1
0001 0010 1710925631889 -13.0 -59.5 4.994641445355648 1
0001 0013 1710925632108 39.0 -60.5 6.22182607566416 1
0001 0010 1710925632109 -6.5 -58.5 4.822835597112456 1
0001 0012 1710925632109 3.25 -50.5 3.104777114680538 1
0001 0001 1710925632109 -13.0 -72.5 0.4111068511533518 1
0001 0014 1710925632110 0.0 -60.0 4.71238898038469 1
0001 0015 1710925632110 42.3125 -60.0 5.878214379177777 1
0001 0004 1710925632111 29.25 -60.0 3.227495577711389 1
0001 0011 1710925632111 32.5 -55.5 2.1046216409791 1
0001 0006 1710925632111 -3.25 -59.5 1.7855536370988863 1
0001 0005 1710925632112 -10.5625 -54.0 5.356660911296659 1
0001 0009 1710925632113 21.125 -61.0 0.380427235395639 1
0001 0008 1710925632113 26.0 -52.5 4.632621979414636 1
0001 0007 1710925632114 -13.0 -60.0 3.117048960983623 1
0001 0000 1710925632114 17.0625 -66.0 4.454680208019902 1
0001 0009 1710925632114 -45.5625 -57.5 6.135923151542564 1
0001 0007 1710925632115 22.75 -57.5 2.791845033951867 1
0001 0005 1710925632115 6.5 -52.0 5.074408446325701 1
0001 0011 1710925632115 45.5625 -58.5 1.5585244804918115 1
0001 0001 1710925632116 113.875 -72.0 0.5522330836388308 1
0001 0014 1710925632116 -3.25 -60.5 4.865787059173254 1
0001 0008 1710925632116 3.25 -53.5 4.252194744018997 1
0001 0012 1710925632116 -22.75 -51.5 4.129476280988146 1
0001 0000 1710925632117 -52.0625 -65.5 4.344233591292136 1
0001 0010 1710925632117 3.25 -57.0 3.8717675086233583 1
0001 0013 1710925632118 32.5 -60.5 0.3620194659410113 1
0001 0015 1710925632118 9.75 -59.5 5.9518454569962875 1
0001 0004 1710925632118 74.8125 -62.5 2.8102528034064944 1
0001 0006 1710925632119 6.5 -59.0 0.9756117810952678 1
0001 0003 1710925632301 6.8125 -75.5 5.166447293598839 1
0001 0002 1710925632302 0.125 -78.5 0.803805932852076 1
0001 0004 1710925632302 -22.75 -62.5 5.325981295538946 1
0001 0001 1710925632302 -104.125 -73.0 0.1718058482431918 1
0001 0014 1710925632303 6.5 -64.0 4.252194744018997 1
0001 0005 1710925632303 52.0625 -58.5 2.1966604882522383 1
0001 0015 1710925632303 19.5 -61.0 5.810719224510809 1
0001 0009 1710925632304 -3.25 -58.5 1.2578642460662257 1
0001 0013 1710925632304 -42.3125 -67.5 5.773903685601553 1
0001 0008 1710925632304 -16.25 -51.5 0.5522330836388308 1
0001 0007 1710925632305 -97.625 -65.5 4.485359823777615 1
0001 0011 1710925632305 -78.0625 -71.0 3.3502140407422405 1
0001 0000 1710925632305 -29.25 -63.5 1.902136176978195 1
0001 0010 1710925632306 -35.75 -58.0 0.7485826244881929 1
0001 0006 1710925632306 -22.75 -66.5 2.736621725587984 1
0001 0002 1710925632306 -20.75 -77.0 0.48473792897186263 1
0001 0012 1710925632385 4.6875 -70.5 4.289010282928253 1
0001 0000 1710925632516 -39.0 -61.0 4.859651136021712 1
0001 0005 1710925632516 -74.8125 -61.5 4.822835597112456 1
0001 0009 1710925632516 79.75 -66.5 2.454369260617026 1
0001 0012 1710925632517 -65.0625 -64.5 5.031456984264903 1
0001 0006 1710925632517 -71.5625 -63.5 4.246058820867455 1
0001 0004 1710925632517 0.0 -64.5 0.09817477042468103 1
0001 0014 1710925632518 16.25 -65.0 4.154019973594316 1
0001 0008 1710925632518 22.75 -52.5 1.8837284075235674 1
0001 0013 1710925632518 -22.75 -64.0 4.71238898038469 1
0001 0007 1710925632519 3.25 -70.0 5.884350302329319 1
0001 0003 1710925632520 -81.375 -67.0 4.135612204139688 1
0001 0015 1710925632520 6.5 -63.0 5.743224069843841 1
0001 0010 1710925632520 39.0 -65.0 2.9513790358919736 1
0001 0011 1710925632520 2.6875 -72.5 2.098485717827557 1
0001 0002 1710925632521 7.625 -79.0 0.006135923151542565 1
0001 0001 1710925632521 0.4375 -77.5 6.166602767300278 1
0001 0006 1710925632635 0.0 -63.0 6.154330920997192 1
0001 0007 1710925632635 19.5 -59.5 1.2578642460662257 1
0001 0000 1710925632635 9.75 -65.5 0.662679700366597 1
0001 0005 1710925632636 45.5625 -63.5 5.841398840268521 1
0001 0009 1710925632636 -13.8125 -66.0 4.847379289718626 1
0001 0012 1710925632636 -3.25 -59.5 5.092816215780329 1
0001 0003 1710925632637 61.8125 -70.5 5.957981380147831 1
0001 0004 1710925632637 -16.25 -62.5 2.6200391857086753 1
0001 0015 1710925632637 -55.3125 -64.0 5.688000761479957 1
0001 0013 1710925632638 -42.3125 -65.5 5.203262832508095 1
0001 0008 1710925632638 -3.25 -53.0 1.576932249946439 1
0001 0014 1710925632638 29.25 -70.5 3.9147189706841563 1
0001 0002 1710925632639 0.25 -79.5 5.2768939103266055 1
0001 0008 1710925632780 -3.25 -61.5 0.46019423636569234 1
0001 0015 1710925632781 -3.25 -63.5 5.209398755659637 1
0001 0004 1710925632781 16.25 -60.5 0.48473792897186263 1
0001 0012 1710925632781 -55.3125 -60.0 5.448699758569798 1
0001 0007 1710925632782 -35.75 -62.0 3.2949907323783574 1
0001 0005 1710925632782 0.0 -52.5 1.5953400194010667 1
0001 0013 1710925632782 35.75 -70.0 5.638913376267617 1
0001 0000 1710925632782 32.5 -68.5 4.558990901596125 1
0001 0014 1710925632783 -6.6875 -73.5 1.325359400733194 1
0001 0002 1710925632783 19.5 -77.5 0.7731263170943632 1
0001 0006 1710925632783 -8.8125 -76.5 2.1046216409791 1
0001 0003 1710925632784 2.25 -76.0 1.3499030933393643 1
0001 0007 1710925632784 -26.0 -62.0 2.5341362615870793 1
0001 0000 1710925632784 -234.3125 -69.5 2.4850488763747385 1
0001 0012 1710925632785 -6.5 -64.0 5.418020142812084 1
0001 0014 1710925632785 -26.0 -68.5 4.749204519293945 1
0001 0005 1710925632785 19.5 -54.5 1.41126232485479 1
0001 0015 1710925632786 -32.5 -66.5 5.638913376267617 1
0001 0004 1710925632786 71.5625 -69.0 5.602097837358362 1
0001 0006 1710925632786 0.0 -71.5 4.92714629068868 1
0001 0003 1710925632786 13.0 -73.0 0.8099418560036186 1
0001 0002 1710925632884 6.5 -79.5 6.092971689481767 1
0001 0006 1710925633019 13.0 -73.0 4.878058905476339 1
0001 0012 1710925633020 74.8125 -69.5 4.908738521234052 1
0001 0005 1710925633020 9.75 -54.5 1.5401167110371838 1
0001 0007 1710925633021 29.25 -61.5 2.478912953223196 1
0001 0004 1710925633021 65.0625 -69.5 5.546874528994478 1
0001 0014 1710925633021 -113.875 -67.0 4.81056375080937 1
0001 0015 1710925633022 -74.8125 -67.0 5.6143696836614465 1
0001 0000 1710925633022 81.375 -70.5 2.337786720737717 1
0001 0002 1710925633023 -31.6875 -77.5 0.22089323345553233 1
0001 0003 1710925633023 2.4375 -76.0 1.2885438618239387 1
0001 0005 1710925633023 29.25 -53.5 1.4051264017032472 1
0001 0006 1710925633024 -78.0625 -73.5 4.73693267299086 1
0001 0015 1710925633024 68.3125 -68.5 5.221670601962723 1
0001 0004 1710925633025 172.5 -68.5 5.148039524144211 1
0001 0007 1710925633025 32.5 -61.5 2.60776733940559 1
0001 0014 1710925633026 -110.625 -68.5 4.804427827657828 1
0001 0012 1710925633026 100.875 -67.0 4.841243366567084 1
0001 0000 1710925633026 13.0 -70.0 2.2518837966161214 1
0001 0002 1710925633134 -18.25 -78.0 0.07976700097005335 1
0001 0003 1710925633134 0.0 -75.5 0.9878836273983529 1
0001 0004 1710925633335 -276.625 -70.5 5.411884219660542 1
0001 0005 1710925633335 35.75 -54.5 1.4910293258248433 1
0001 0014 1710925633336 -3.25 -67.5 4.700117134081604 1
0001 0006 1710925633336 -100.875 -73.5 4.295146206079795 1
0001 0007 1710925633336 32.5 -61.0 2.552544031041707 1
0001 0000 1710925633337 128.5625 -70.5 1.8039614065535141 1
0001 0015 1710925633337 -97.625 -68.0 5.700272607783043 1
0001 0012 1710925633337 -68.3125 -67.0 5.123495831538041 1
0001 0003 1710925633337 3.625 -74.5 0.8528933180644165 1
0001 0002 1710925633338 2.125 -80.0 6.025476534814799 1
0001 0004 1710925633338 -16.25 -67.0 5.516194913236766 1
0001 0012 1710925633338 -29.25 -66.0 4.865787059173254 1
0001 0005 1710925633339 -6.5 -53.0 1.9144080232812801 1
0001 0015 1710925633339 65.0625 -69.5 5.442563835418255 1
0001 0014 1710925633340 -13.0 -68.0 4.7307967498393175 1
0001 0007 1710925633340 -9.75 -60.5 3.043417883165112 1
0001 0006 1710925633384 -20.125 -75.0 5.056000676871073 1
0001 0000 1710925633384 -6.6875 -73.5 5.448699758569798 1
0001 0003 1710925633609 -2.5625 -75.5 1.3069516312785663 1
0001 0015 1710925633609 -61.8125 -69.5 5.6143696836614465 1
0001 0004 1710925633610 -3.25 -65.5 5.841398840268521 1
0001 0012 1710925633610 -52.0625 -65.5 5.043728830567988 1
0001 0007 1710925633610 -6.5 -61.0 2.988194574801229 1
0001 0005 1710925633610 22.75 -53.5 1.945087639038993 1
0001 0014 1710925633611 -48.8125 -67.5 4.890330751779424 1
0001 0006 1710925633611 -26.0 -72.0 6.209554229361076 1
0001 0006 1710925633611 -12.1875 -73.5 6.083767804754453 1
0001 0000 1710925633612 -9.75 -73.5 5.45483568172134 1
0001 0003 1710925633613 0.25 -76.0 1.239456476611598 1
0001 0015 1710925633613 55.3125 -69.0 5.448699758569798 1
0001 0005 1710925633614 29.25 -53.5 2.116893487282185 1
0001 0004 1710925633614 -48.8125 -64.5 0.2454369260617026 1
0001 0014 1710925633614 -29.25 -67.5 4.963961829597935 1
0001 0007 1710925633615 -13.0 -60.5 3.160000423044421 1
0001 0012 1710925633615 -97.625 -66.0 5.148039524144211 1
0001 0006 1710925633615 100.875 -70.0 0.5092816215780329 1
0001 0000 1710925633634 -5.4375 -74.0 5.381204603902829 1
0001 0006 1710925633859 -26.0 -70.0 0.6994952392758523 1
0001 0007 1710925633859 -6.5 -60.5 3.160000423044421 1
0001 0005 1710925633859 -32.5 -53.5 2.2212041808584084 1
0001 0004 1710925633859 3.25 -64.5 0.1043106935762236 1
0001 0015 1710925633860 -48.8125 -69.0 5.522330836388308 1
0001 0012 1710925633860 52.0625 -65.5 5.006913291658733 1
0001 0014 1710925633860 -87.875 -67.5 5.049864753719531 1
0001 0000 1710925633861 -0.5625 -74.0 5.381204603902829 1
0001 0014 1710925633861 6.5 -67.5 4.95168998329485 1
0001 0012 1710925633861 -74.8125 -65.5 5.166447293598839 1
0001 0007 1710925633861 -16.25 -60.5 3.1661363461959633 1
0001 0015 1710925633862 3.25 -69.5 5.436427912266712 1
0001 0005 1710925633862 19.5 -54.0 2.172116795646068 1
0001 0004 1710925633863 13.0 -64.5 0.0674951546669682 1
0001 0006 1710925633863 71.5625 -70.5 0.4970097752749477 1
0001 0000 1710925633863 -3.0 -74.0 2.1046216409791 1
0001 0012 1710925634090 -19.5 -65.5 5.264622064023521 1
0001 0004 1710925634090 -78.0625 -65.0 0.11658253987930872 1
0001 0005 1710925634091 -9.75 -54.0 2.2457478734645786 1
0001 0015 1710925634091 -26.0 -68.0 5.313709449235861 1
0001 0007 1710925634091 68.3125 -60.0 3.147728576741336 1
0001 0006 1710925634092 65.0625 -69.5 1.0492428589137786 1
0001 0014 1710925634092 45.5625 -68.0 4.651029748869264 1
0001 0000 1710925634092 2.4375 -74.0 5.252350217720435 1
0001 0014 1710925634092 -52.0625 -67.0 4.767612288748572 1
0001 0007 1710925634093 26.0 -60.0 3.184544115650591 1
0001 0005 1710925634093 22.75 -54.0 2.1966604882522383 1
0001 0012 1710925634094 -159.5 -65.0 5.47937937432751 1
0001 0015 1710925634094 -94.375 -68.5 5.5100589900852235 1
0001 0004 1710925634094 -26.0 -65.5 6.264777537724958 1
0001 0006 1710925634095 104.125 -70.5 0.662679700366597 1
0001 0000 1710925634095 2.5625 -74.0 2.073942025221387 1
0001 0003 1710925634095 3.0 -76.0 0.4479223900626072 1
0001 0005 1710925634303 -3.25 -54.0 2.1966604882522383 1
0001 0006 1710925634303 9.75 -69.0 1.0369710126106935 1
0001 0014 1710925634303 6.5 -67.0 4.8351074434155406 1
0001 0012 1710925634303 -78.0625 -65.0 5.307573526084319 1
0001 0015 1710925634304 -120.4375 -68.0 5.516194913236766 1
0001 0007 1710925634304 -22.75 -60.0 3.2520392703175593 1
0001 0004 1710925634304 -45.5625 -64.5 6.277049384028044 1
0001 0000 1710925634305 -9.125 -73.0 2.1659808724945253 1
0001 0003 1710925634305 -4.875 -75.5 0.4049709280018093 1
0001 0014 1710925634305 -107.375 -66.5 4.95168998329485 1
0001 0006 1710925634306 -19.5 -70.0 0.8774370106705868 1
0001 0012 1710925634306 19.5 -65.0 5.178719139901925 1
0001 0005 1710925634306 13.0 -54.0 2.172116795646068 1
0001 0015 1710925634307 146.4375 -68.5 5.160311370447297 1
0001 0004 1710925634307 -81.375 -65.0 0.06135923151542565 1
0001 0007 1710925634307 -39.0 -60.5 3.2213596545598464 1
0001 0000 1710925634385 57.75 -72.5 1.902136176978195 1
0001 0003 1710925634385 17.6875 -75.5 0.380427235395639 1
0001 0005 1710925634539 9.75 -54.5 2.172116795646068 1
0001 0004 1710925634539 104.125 -65.5 5.9518454569962875 1
0001 0007 1710925634540 -32.5 -60.0 3.1906800388021335 1
0001 0012 1710925634540 6.5 -65.0 5.141903600992669 1
0001 0015 1710925634540 29.25 -67.5 5.240078371417351 1
0001 0014 1710925634541 -42.3125 -66.0 4.718524903536232 1
0001 0006 1710925634541 143.1875 -70.5 0.7424467013366504 1
0001 0000 1710925634541 185.5 -71.0 1.8039614065535141 1
0001 0003 1710925634542 0.5625 -75.0 0.3129320807286708 1
0001 0007 1710925634542 9.75 -60.5 3.2029518851052186 1
0001 0012 1710925634542 -9.75 -64.5 5.240078371417351 1
0001 0000 1710925634543 -9.75 -71.0 2.012582793705961 1
0001 0014 1710925634543 16.25 -67.0 4.693981210930062 1
0001 0015 1710925634544 87.875 -67.5 5.135767677841127 1
0001 0004 1710925634544 71.5625 -65.0 6.007068765360171 1
0001 0005 1710925634544 22.75 -54.5 2.1659808724945253 1
0001 0006 1710925634544 61.8125 -69.5 0.944932165337555 1
0001 0003 1710925634635 -7.3125 -75.0 0.3374757733348411 1
0001 0012 1710925634768 -39.0 -65.5 5.197126909356553 1
0001 0007 1710925634769 -6.5 -60.5 3.184544115650591 1
0001 0014 1710925634769 -45.5625 -66.5 4.890330751779424 1
0001 0000 1710925634769 45.5625 -69.5 1.8346410223112268 1
0001 0005 1710925634769 6.5 -54.0 2.172116795646068 1
0001 0015 1710925634770 -22.75 -67.5 5.197126909356553 1
0001 0004 1710925634770 -9.75 -65.0 6.074563920027139 1
0001 0006 1710925634770 61.8125 -70.5 0.8897088569736719 1
0001 0003 1710925634771 -4.875 -74.5 0.3190680038802134 1
0001 0006 1710925634771 87.875 -70.5 0.859029241215959 1
0001 0005 1710925634771 0.0 -54.5 2.1905245651006955 1
0001 0000 1710925634771 -27.625 -70.5 1.945087639038993 1
0001 0012 1710925634772 6.5 -65.5 5.148039524144211 1
0001 0015 1710925634773 -32.5 -68.0 5.295301679781233 1
0001 0014 1710925634773 -58.5625 -66.5 4.878058905476339 1
0001 0007 1710925634773 9.75 -60.0 3.160000423044421 1
0001 0004 1710925634774 -22.75 -65.0 6.080699843178682 1
0001 0003 1710925634885 24.375 -75.0 0.1902136176978195 1
0001 0007 1710925634885 -19.5 -60.0 3.227495577711389 1
0001 0015 1710925634885 29.25 -68.0 5.184855063053467 1
0001 0000 1710925634885 -13.0 -70.0 1.8285050991596843 1
0001 0014 1710925634886 32.5 -67.0 4.767612288748572 1
0001 0005 1710925634886 3.25 -54.0 2.184388641949153 1
0001 0004 1710925634886 55.3125 -65.5 5.957981380147831 1
0001 0012 1710925634887 -59.375 -65.0 5.2339424482658075 1
0001 0006 1710925634887 -123.6875 -69.0 1.2210487071569704 1
0001 0003 1710925635106 19.5 -75.0 0.2086213871524472 1
0001 0006 1710925635106 -97.625 -70.5 1.0799224746714913 1
0001 0005 1710925635106 9.75 -54.5 2.172116795646068 1
0001 0012 1710925635107 -93.5625 -64.5 5.3198453723874035 1
0001 0007 1710925635107 19.5 -60.0 3.2029518851052186 1
0001 0014 1710925635107 -65.0625 -67.0 4.921010367537137 1
0001 0004 1710925635108 42.3125 -65.5 5.896622148632405 1
0001 0000 1710925635108 -117.125 -70.0 2.1598449493429825 1
0001 0015 1710925635108 3.25 -67.5 5.252350217720435 1
0001 0003 1710925635109 7.3125 -75.0 0.3436116964863836 1
0001 0006 1710925635109 78.0625 -70.0 0.7792622402459057 1
0001 0015 1710925635109 -22.75 -67.5 5.252350217720435 1
0001 0005 1710925635110 29.25 -54.5 2.1475731030398975 1
0001 0014 1710925635110 -61.8125 -66.5 4.963961829597935 1
0001 0004 1710925635111 97.625 -65.0 5.829126993965437 1
0001 0000 1710925635111 -29.25 -69.5 1.9941750242513334 1
0001 0007 1710925635111 16.25 -60.0 3.184544115650591 1
0001 0012 1710925635111 52.0625 -64.5 5.074408446325701 1
0001 0003 1710925635134 6.0625 -75.0 0.2454369260617026 1
