0009 0001 1710051342149 71.5625 -67.0 0.8222137023067037 0
0009 0011 1710051342169 6.5 -64.5 6.007068765360171 0
0009 0005 1710051342170 45.5625 -65.5 2.773437264497239 0
0009 0015 1710051342171 6.5 -61.0 4.608078286808466 0
0009 0013 1710051342171 -13.8125 -65.5 0.3313398501832985 0
0009 0012 1710051342172 -9.75 -54.5 3.3195344249845276 0
0009 0000 1710051342172 52.0625 -60.0 2.8102528034064944 0
0009 0014 1710051342173 13.0 -63.0 4.595806440505381 0
0009 0004 1710051342174 9.75 -65.0 0.19634954084936207 0
0009 0002 1710051342174 -182.25 -72.0 2.718213956133356 0
0009 0003 1710051342175 97.625 -67.5 2.9759227284981438 0
0009 0008 1710051342175 -6.5 -69.5 0.7179030087304801 0
0009 0001 1710051342176 -3.25 -66.0 0.944932165337555 0
0009 0011 1710051342176 16.25 -65.0 6.025476534814799 0
0009 0012 1710051342177 -3.25 -54.5 3.3440781175906977 0
0009 0000 1710051342177 22.75 -59.5 2.9145634969827183 0
0009 0014 1710051342177 0.0 -63.0 4.620350133111551 0
0009 0002 1710051342178 55.3125 -72.5 2.2334760271614935 0
0009 0015 1710051342178 3.25 -61.5 4.565126824747668 0
0009 0005 1710051342179 9.75 -64.5 2.890019804376548 0
0009 0008 1710051342179 -19.5 -68.5 0.8406214717613314 0
0009 0004 1710051342180 -29.25 -65.0 0.3313398501832985 0
0009 0013 1710051342180 -45.5625 -65.0 0.4540583132141498 0
0009 0003 1710051342181 139.9375 -67.5 3.117048960983623 0
0009 0015 1710051342243 32.5 -61.0 4.595806440505381 0
0009 0000 1710051342243 -32.5 -60.0 3.0495538063166547 0
0009 0011 1710051342244 42.3125 -64.5 5.976389149602458 0
0009 0004 1710051342245 -68.3125 -64.0 0.5154175447295755 0
0009 0012 1710051342246 29.25 -55.0 3.2765829629237295 0
0009 0002 1710051342247 93.5625 -71.0 2.380738182798515 0
0009 0001 1710051342248 -3.25 -67.0 1.0676506283684062 0
0009 0013 1710051342249 59.375 -65.5 0.3313398501832985 0
0009 0014 1710051342250 -71.5625 -62.5 4.73693267299086 0
0009 0003 1710051342251 -69.125 -69.0 3.3502140407422405 0
0009 0005 1710051342252 126.9375 -64.5 2.736621725587984 0
0009 0008 1710051342254 -35.75 -68.5 0.9510680884890975 0
0009 0004 1710051342429 -45.5625 -64.0 0.521553467881118 0
0009 0008 1710051342430 61.8125 -69.0 0.803805932852076 0
0009 0012 1710051342431 -9.75 -55.0 3.356349963893783 0
0009 0003 1710051342432 16.25 -69.0 3.2520392703175593 0
0009 0013 1710051342433 65.0625 -65.5 0.4295146206079795 0
0009 0015 1710051342433 16.25 -62.0 4.608078286808466 0
0009 0005 1710051342434 -104.125 -65.5 3.141592653589793 0
0009 0002 1710051342435 117.9375 -72.5 2.448233337465483 0
0009 0001 1710051342436 -16.25 -66.5 0.9387962421860124 0
0009 0011 1710051342437 -26.0 -64.0 6.117515382087937 0
0009 0014 1710051342438 3.25 -62.5 4.626486056263094 0
0009 0000 1710051342439 -9.75 -60.0 3.0495538063166547 0
0009 0000 1710051342442 39.0 -60.0 3.0066023442558567 0
0009 0011 1710051342443 -104.125 -64.5 6.129787228391022 0
0009 0014 1710051342444 -3.25 -63.0 4.614214209960009 0
0009 0012 1710051342445 3.25 -55.0 3.368621810196868 0
0009 0003 1710051342446 35.75 -68.5 3.3440781175906977 0
0009 0004 1710051342447 -45.5625 -64.5 0.5951845456996288 0
0009 0015 1710051342448 3.25 -61.5 4.595806440505381 0
0009 0001 1710051342449 -13.0 -67.5 1.000155473701438 0
0009 0013 1710051342449 76.4375 -65.5 0.4663301595172349 0
0009 0005 1710051342450 0.0 -65.5 3.0066023442558567 0
0009 0008 1710051342451 32.5 -68.0 0.9572040116406401 0
0009 0002 1710051342453 62.625 -72.5 2.386874105950058 0
0009 0003 1710051342642 -27.625 -68.5 3.423845118560751 0
0009 0012 1710051342643 -22.75 -55.0 3.423845118560751 0
0009 0000 1710051342644 -22.75 -59.5 3.098641191528995 0
0009 0014 1710051342645 48.8125 -63.5 4.583534594202296 0
0009 0002 1710051342646 -166.8125 -72.0 2.6875343403756435 0
0009 0011 1710051342647 35.75 -64.5 6.037748381117884 0
0009 0004 1710051342647 -65.0625 -64.0 0.6565437772150544 0
0009 0001 1710051342648 0.0 -67.5 0.9203884727313847 0
0009 0015 1710051342649 -68.3125 -62.0 4.73693267299086 0
0009 0013 1710051342650 7.3125 -65.5 0.4295146206079795 0
0009 0005 1710051342651 -22.75 -65.5 3.018874190558942 0
0009 0008 1710051342651 -19.5 -68.0 1.0062913968529805 0
0009 0001 1710051342652 -65.0625 -66.5 1.1228739367322893 0
0009 0000 1710051342653 -13.0 -59.5 3.129320807286708 0
0009 0005 1710051342654 35.75 -66.0 2.9329712664373457 0
0009 0012 1710051342655 16.25 -55.0 3.3624858870453256 0
0009 0011 1710051342656 45.5625 -65.0 6.111379458936394 0
0009 0014 1710051342657 -19.5 -62.5 4.700117134081604 0
0009 0004 1710051342657 -94.375 -64.5 0.7301748550335652 0
0009 0003 1710051342658 -65.0625 -68.0 3.423845118560751 0
0009 0015 1710051342659 -3.25 -61.5 4.632621979414636 0
0009 0008 1710051342660 -117.125 -68.5 1.184233168247715 0
0009 0002 1710051342661 -192.0 -71.5 2.8532042654672924 0
0009 0013 1710051342662 -7.3125 -66.0 0.5460971604872883 0
0009 0000 1710051342853 -3.25 -60.0 3.141592653589793 0
0009 0011 1710051342853 -22.75 -65.5 6.129787228391022 0
0009 0015 1710051342854 -48.8125 -61.5 4.6878452877785195 0
0009 0008 1710051342855 78.0625 -69.0 1.030835089459151 0
0009 0012 1710051342856 -3.25 -55.0 3.393165502803038 0
0009 0014 1710051342856 45.5625 -62.5 4.583534594202296 0
0009 0002 1710051342857 97.625 -72.0 2.442097414313941 0
0009 0001 1710051342858 13.0 -67.0 1.012427320004523 0
0009 0013 1710051342859 -30.875 -66.0 0.5890486225480862 0
0009 0005 1710051342860 9.75 -65.5 2.9391071895888885 0
0009 0004 1710051342861 -55.3125 -65.0 0.7117670855789375 0
0009 0003 1710051342862 -93.5625 -68.0 3.54042765844006 0
0009 0000 1710051342862 61.8125 -60.0 3.0250101137104846 0
0009 0003 1710051342863 166.8125 -68.5 3.031146036862027 0
0009 0001 1710051342864 -26.0 -67.0 1.0246991663076084 0
0009 0005 1710051342865 65.0625 -65.0 2.8532042654672924 0
0009 0004 1710051342866 32.5 -65.0 0.607456392002714 0
0009 0012 1710051342866 -9.75 -55.0 3.3870295796514958 0
0009 0015 1710051342867 6.5 -61.5 4.632621979414636 0
0009 0013 1710051342868 -21.125 -66.0 0.5338253141842031 0
0009 0014 1710051342869 -29.25 -63.0 4.6878452877785195 0
0009 0011 1710051342870 -9.75 -65.5 6.12365130523948 0
0009 0008 1710051342871 -9.75 -69.0 0.8713010875190442 0
0009 0002 1710051342871 -90.3125 -71.5 2.521864415283994 0
0009 0001 1710051343002 -3.25 -67.5 1.012427320004523 0
0009 0013 1710051343004 -7.3125 -66.0 0.4479223900626072 0
0009 0014 1710051343004 0.0 -62.5 4.6878452877785195 0
0009 0004 1710051343005 3.25 -65.0 0.6810874698212247 0
0009 0015 1710051343006 9.75 -61.5 4.620350133111551 0
0009 0011 1710051343007 48.8125 -65.0 6.007068765360171 0
0009 0002 1710051343008 -30.875 -70.5 2.6875343403756435 0
0009 0000 1710051343009 13.0 -60.0 3.074097498922825 0
0009 0012 1710051343009 9.75 -54.5 3.3747577333484107 0
0009 0003 1710051343010 55.3125 -69.0 3.3502140407422405 0
0009 0005 1710051343011 -19.5 -65.5 3.0127382674073995 0
0009 0008 1710051343012 -48.8125 -69.5 0.9081166264282996 0
0009 0003 1710051343168 -17.0625 -69.0 3.380893656499953 0
0009 0004 1710051343170 35.75 -65.0 0.7179030087304801 0
0009 0002 1710051343171 172.5 -73.0 2.2518837966161214 0
0009 0013 1710051343172 -65.875 -66.0 0.4970097752749477 0
0009 0014 1710051343173 32.5 -62.5 4.571262747899211 0
0009 0005 1710051343174 55.3125 -65.5 2.8409324191642074 0
0009 0000 1710051343175 13.0 -60.0 3.0802334220743677 0
0009 0012 1710051343176 13.0 -54.5 3.411573272257666 0
0009 0001 1710051343177 26.0 -67.5 0.9019807032767571 0
0009 0011 1710051343178 126.9375 -65.5 5.988660995905543 0
0009 0008 1710051343179 198.5625 -70.5 0.5276893910326605 0
0009 0015 1710051343179 13.0 -62.0 4.626486056263094 0
0009 0003 1710051343182 -32.5 -69.0 3.472932503773092 0
0009 0008 1710051343183 68.3125 -69.0 0.9326603190344698 0
0009 0012 1710051343184 16.25 -54.5 3.429981041712294 0
0009 0013 1710051343185 -87.0625 -66.5 0.4970097752749477 0
0009 0000 1710051343186 29.25 -60.0 3.018874190558942 0
0009 0005 1710051343187 19.5 -65.5 2.945243112740431 0
0009 0015 1710051343188 9.75 -61.5 4.620350133111551 0
0009 0004 1710051343189 0.0 -65.0 0.8222137023067037 0
0009 0011 1710051343189 42.3125 -64.5 6.129787228391022 0
0009 0001 1710051343190 45.5625 -67.0 0.8467573949128739 0
0009 0002 1710051343191 145.625 -70.5 2.36846633649543 0
0009 0014 1710051343192 -48.8125 -62.5 4.73693267299086 0
0009 0003 1710051343378 -131.8125 -68.5 3.6140587362585705 0
0009 0015 1710051343379 35.75 -61.5 4.626486056263094 0
0009 0000 1710051343379 -55.3125 -59.5 3.160000423044421 0
0009 0012 1710051343380 22.75 -54.5 3.466796580621549 0
0009 0014 1710051343381 -6.5 -63.0 4.669437518323892 0
0009 0008 1710051343381 55.3125 -70.5 0.8099418560036186 0
0009 0001 1710051343382 22.75 -67.5 0.859029241215959 0
0009 0004 1710051343383 9.75 -65.5 0.8528933180644165 0
0009 0013 1710051343383 55.3125 -65.5 0.30679615757712825 0
0009 0005 1710051343384 -9.75 -65.5 3.018874190558942 0
0009 0011 1710051343385 -9.75 -66.0 6.191146459906448 0
0009 0002 1710051343385 30.875 -71.0 2.60776733940559 0
0009 0004 1710051343386 -48.8125 -66.0 1.000155473701438 0
0009 0005 1710051343387 -3.25 -66.5 2.9636508821950587 0
0009 0012 1710051343387 9.75 -54.5 3.5158839658338894 0
0009 0001 1710051343388 -26.0 -67.5 0.9142525495798421 0
0009 0014 1710051343388 -78.0625 -63.0 4.73693267299086 0
0009 0000 1710051343389 -22.75 -60.0 3.1784081924990484 0
0009 0008 1710051343390 48.8125 -69.0 0.7731263170943632 0
0009 0015 1710051343390 -48.8125 -61.5 4.663301595172349 0
0009 0011 1710051343391 -6.5 -66.0 6.258641614573416 0
0009 0013 1710051343392 -32.5 -65.5 0.2945243112740431 0
0009 0003 1710051343392 -79.75 -69.0 3.6876898140770815 0
0009 0002 1710051343393 146.4375 -71.5 2.411417798556228 0
0009 0013 1710051343491 -7.3125 -65.0 0.380427235395639 0
0009 0014 1710051343492 -13.0 -63.0 4.6878452877785195 0
0009 0000 1710051343493 -29.25 -60.5 3.2397674240144743 0
0009 0004 1710051343494 -71.5625 -65.0 1.0246991663076084 0
0009 0011 1710051343495 -9.75 -65.5 0.018407769454627694 0
0009 0012 1710051343495 19.5 -54.5 3.4913402732277192 0
0009 0008 1710051343496 179.0 -70.5 0.6135923151542565 0
0009 0001 1710051343497 13.0 -67.0 0.8713010875190442 0
0009 0015 1710051343497 29.25 -62.0 4.632621979414636 0
0009 0005 1710051343498 117.125 -66.0 2.82252464970958 0
0009 0003 1710051343499 27.625 -69.0 3.497476196379262 0
0009 0002 1710051343499 197.6875 -70.0 2.435961491162398 0
0009 0014 1710051343696 0.0 -63.5 4.669437518323892 0
0009 0005 1710051343697 81.375 -65.5 2.8654761117703775 0
0009 0002 1710051343697 133.4375 -70.0 2.423689644859313 0
0009 0013 1710051343698 17.0625 -65.5 0.3374757733348411 0
0009 0000 1710051343699 -48.8125 -60.0 3.3011266555298997 0
0009 0012 1710051343700 16.25 -54.5 3.5036121195308043 0
0009 0004 1710051343700 0.0 -65.5 0.944932165337555 0
0009 0011 1710051343701 -45.5625 -66.0 0.1043106935762236 0
0009 0001 1710051343702 61.8125 -68.0 0.9142525495798421 0
0009 0015 1710051343703 -6.5 -61.5 4.718524903536232 0
0009 0003 1710051343703 9.75 -68.0 3.5895150436524004 0
0009 0008 1710051343704 -22.75 -70.0 0.9510680884890975 0
0009 0014 1710051343707 -9.75 -62.5 4.681709364626977 0
0009 0002 1710051343707 277.4375 -72.0 2.3009711818284617 0
0009 0008 1710051343708 100.875 -69.5 0.8406214717613314 0
0009 0011 1710051343709 -9.75 -66.0 0.06135923151542565 0
0009 0012 1710051343709 -16.25 -54.5 3.5711072741977725 0
0009 0005 1710051343710 -26.0 -66.0 3.0250101137104846 0
0009 0004 1710051343711 -52.0625 -65.5 1.0492428589137786 0
0009 0003 1710051343712 131.8125 -69.0 3.448388811166921 0
0009 0000 1710051343712 -9.75 -60.0 3.2704470397721868 0
0009 0015 1710051343713 -16.25 -62.0 4.657165672020807 0
0009 0013 1710051343714 90.3125 -65.5 0.2761165418194154 0
0009 0001 1710051343715 -48.8125 -66.5 1.055378782065321 0
0009 0004 1710051343914 29.25 -66.5 0.9081166264282996 0
0009 0013 1710051343915 0.0 -66.0 0.4049709280018093 0
0009 0002 1710051343915 79.75 -70.5 2.552544031041707 0
0009 0008 1710051343916 68.3125 -69.5 0.8897088569736719 0
0009 0011 1710051343917 87.875 -65.5 6.22182607566416 0
0009 0003 1710051343917 41.5 -69.0 3.522019888985432 0
0009 0012 1710051343918 26.0 -55.0 3.509748042682347 0
0009 0015 1710051343919 22.75 -61.5 4.6448938257177215 0
0009 0001 1710051343919 -13.0 -67.0 0.9387962421860124 0
0009 0000 1710051343920 -39.0 -60.0 3.3440781175906977 0
0009 0005 1710051343920 78.0625 -66.0 2.82252464970958 0
0009 0014 1710051343921 29.25 -63.0 4.638757902566179 0
0009 0001 1710051343922 -22.75 -67.0 0.9633399347921826 0
0009 0008 1710051343923 -58.5625 -69.0 1.043106935762236 0
0009 0015 1710051343923 -16.25 -61.5 4.675573441475434 0
0009 0002 1710051343924 -87.875 -71.5 2.890019804376548 0
0009 0014 1710051343925 -35.75 -63.0 4.7307967498393175 0
0009 0012 1710051343925 16.25 -54.5 3.54042765844006 0
0009 0003 1710051343926 -135.0625 -69.0 3.767456815047135 0
0009 0005 1710051343927 42.3125 -66.5 2.8654761117703775 0
0009 0004 1710051343927 -6.5 -65.0 1.3621749396424494 0
0009 0011 1710051343928 -16.25 -65.5 0.04908738521234052 0
0009 0000 1710051343928 -9.75 -59.5 3.5342917352885173 0
0009 0013 1710051343929 3.25 -65.0 0.36815538909255385 0
0009 0008 1710051344126 162.75 -70.0 0.7424467013366504 0
0009 0002 1710051344127 45.5625 -71.5 2.5954954931025047 0
0009 0001 1710051344128 65.0625 -67.5 0.8160777791551611 0
0009 0015 1710051344128 -26.0 -61.5 4.669437518323892 0
0009 0003 1710051344129 81.375 -68.0 3.5036121195308043 0
0009 0013 1710051344130 62.625 -65.0 0.2270291566070749 0
0009 0014 1710051344130 42.3125 -63.0 4.571262747899211 0
0009 0012 1710051344131 -3.25 -54.5 3.5588354278946874 0
0009 0011 1710051344132 -35.75 -65.0 0.02454369260617026 0
0009 0004 1710051344132 -48.8125 -65.5 1.4173982480063325 0
0009 0000 1710051344133 -13.0 -60.0 3.5281558121369745 0
0009 0005 1710051344134 -19.5 -65.5 3.0372819600135696 0
0009 0001 1710051344134 78.0625 -67.5 0.7731263170943632 0
0009 0003 1710051344135 -42.3125 -69.5 3.663146121470911 0
0009 0011 1710051344136 -123.6875 -66.0 0.07363107781851078 0
0009 0012 1710051344136 0.0 -55.0 3.54042765844006 0
0009 0000 1710051344137 32.5 -59.5 3.472932503773092 0
0009 0008 1710051344140 -42.3125 -70.5 1.0492428589137786 0
0009 0014 1710051344141 6.5 -63.0 4.638757902566179 0
0009 0005 1710051344142 100.875 -66.0 2.7979809571034093 0
0009 0013 1710051344142 -10.5625 -65.0 0.380427235395639 0
0009 0002 1710051344143 27.625 -69.5 2.5832236467994196 0
0009 0015 1710051344144 -42.3125 -61.5 4.71238898038469 0
0009 0004 1710051344144 -78.0625 -64.5 1.4664856332186729 0
0009 0004 1710051344241 -61.8125 -65.5 1.4480778637640452 0
0009 0003 1710051344241 90.3125 -69.0 3.454524734318464 0
0009 0011 1710051344242 16.25 -65.5 6.240233845118788 0
0009 0012 1710051344243 26.0 -54.5 3.497476196379262 0
0009 0013 1710051344243 -7.3125 -65.0 0.380427235395639 0
0009 0000 1710051344244 -13.0 -59.5 3.56497135104623 0
0009 0005 1710051344244 -6.5 -65.5 3.0066023442558567 0
0009 0001 1710051344245 0.0 -66.5 0.9326603190344698 0
0009 0002 1710051344245 100.875 -71.5 2.6139032625571326 0
0009 0015 1710051344246 -52.0625 -62.0 4.743068596142402 0
0009 0014 1710051344246 0.0 -62.5 4.6878452877785195 0
0009 0008 1710051344247 -9.75 -70.5 1.0676506283684062 0
0009 0012 1710051344437 13.0 -54.5 3.5281558121369745 0
0009 0015 1710051344437 -29.25 -62.0 4.718524903536232 0
0009 0011 1710051344438 9.75 -66.0 0.01227184630308513 0
0009 0005 1710051344439 -87.875 -65.5 3.1354567304382504 0
0009 0001 1710051344439 -91.125 -67.5 1.1535535524900022 0
0009 0014 1710051344440 -6.5 -62.5 4.681709364626977 0
0009 0000 1710051344440 -3.25 -60.0 3.5465635815916023 0
0009 0004 1710051344441 0.0 -66.0 1.3437671701878218 0
0009 0013 1710051344441 34.9375 -65.0 0.4111068511533518 0
0009 0003 1710051344442 -7.3125 -69.0 3.6140587362585705 0
0009 0008 1710051344442 -22.75 -69.0 1.030835089459151 0
0009 0002 1710051344443 13.8125 -71.5 2.748893571891069 0
0009 0005 1710051344445 26.0 -65.5 2.9697868053466014 0
0009 0011 1710051344445 -68.3125 -66.0 6.252505691421874 0
0009 0001 1710051344446 -117.125 -67.0 1.141281706186917 0
0009 0000 1710051344446 3.25 -59.5 3.5158839658338894 0
0009 0015 1710051344447 -6.5 -62.0 4.693981210930062 0
0009 0012 1710051344447 6.5 -54.5 3.5158839658338894 0
0009 0003 1710051344448 24.375 -68.5 3.6079228131070282 0
0009 0004 1710051344449 -52.0625 -65.5 1.4603497100671303 0
0009 0014 1710051344449 3.25 -63.0 4.614214209960009 0
0009 0013 1710051344450 -17.0625 -66.0 0.4970097752749477 0
0009 0002 1710051344452 114.6875 -70.5 2.435961491162398 0
0009 0008 1710051344452 -9.75 -69.5 0.9633399347921826 0
0009 0012 1710051344647 22.75 -54.5 3.479068426924634 0
0009 0005 1710051344647 65.0625 -65.5 2.9022916506796332 0
0009 0014 1710051344648 32.5 -62.5 4.577398671050753 0
0009 0002 1710051344648 73.1875 -70.5 2.5157284921324514 0
0009 0000 1710051344649 16.25 -59.5 3.522019888985432 0
0009 0001 1710051344649 -29.25 -66.5 1.000155473701438 0
0009 0013 1710051344650 -10.5625 -66.0 0.4540583132141498 0
0009 0011 1710051344650 -61.8125 -66.0 6.215690152512618 0
0009 0015 1710051344651 -74.8125 -62.0 4.773748211900116 0
0009 0008 1710051344651 -32.5 -69.0 1.0737865515199487 0
0009 0003 1710051344652 -52.0625 -69.5 3.650874275167826 0
0009 0004 1710051344652 39.0 -65.0 1.3130875544301088 0
0009 0004 1710051344653 -42.3125 -66.0 1.3437671701878218 0
0009 0005 1710051344653 22.75 -66.0 2.945243112740431 0
0009 0013 1710051344654 3.25 -65.5 0.48473792897186263 0
0009 0015 1710051344654 -61.8125 -61.5 4.6878452877785195 0
0009 0003 1710051344655 -338.5 -69.5 4.123340357836604 0
0009 0001 1710051344655 26.0 -67.5 0.9572040116406401 0
0009 0012 1710051344656 -26.0 -54.5 3.56497135104623 0
0009 0000 1710051344656 -9.75 -59.0 3.5711072741977725 0
0009 0008 1710051344657 39.0 -69.0 0.9265243958829272 0
0009 0014 1710051344658 -9.75 -62.5 4.669437518323892 0
0009 0011 1710051344658 -29.25 -65.5 6.209554229361076 0
0009 0002 1710051344659 215.625 -70.5 2.386874105950058 0
0009 0000 1710051344858 19.5 -59.5 3.5036121195308043 0
0009 0012 1710051344859 9.75 -54.5 3.5036121195308043 0
0009 0005 1710051344859 9.75 -67.0 2.9022916506796332 0
0009 0002 1710051344860 83.0 -71.0 2.5464081078901644 0
0009 0003 1710051344860 65.0625 -69.0 3.448388811166921 0
0009 0013 1710051344861 45.5625 -65.5 0.4970097752749477 0
0009 0015 1710051344861 26.0 -62.0 4.601942363656923 0
0009 0008 1710051344862 104.125 -68.0 0.9326603190344698 0
0009 0004 1710051344862 -100.875 -65.5 1.4480778637640452 0
0009 0011 1710051344863 19.5 -65.5 6.12365130523948 0
0009 0001 1710051344863 -35.75 -68.5 1.043106935762236 0
0009 0014 1710051344864 -26.0 -62.5 4.724660826687775 0
0009 0004 1710051344865 13.0 -65.0 1.423534171157875 0
0009 0015 1710051344865 -3.25 -62.0 4.681709364626977 0
0009 0005 1710051344866 55.3125 -66.0 2.8716120349219203 0
0009 0002 1710051344866 -139.125 -70.5 2.742757648739526 0
0009 0014 1710051344867 -16.25 -62.5 4.693981210930062 0
0009 0012 1710051344867 16.25 -55.0 3.5158839658338894 0
0009 0008 1710051344868 16.25 -69.0 1.184233168247715 0
0009 0003 1710051344868 133.4375 -69.0 3.429981041712294 0
0009 0013 1710051344869 -73.1875 -65.5 0.5583690067903734 0
0009 0000 1710051344869 39.0 -59.5 3.509748042682347 0
0009 0011 1710051344870 -32.5 -66.5 6.240233845118788 0
0009 0001 1710051344870 16.25 -66.5 0.8651651643675016 0
0009 0001 1710051345001 -55.3125 -67.5 1.000155473701438 0
0009 0002 1710051345002 267.6875 -71.5 2.270291566070749 0
0009 0003 1710051345003 -97.625 -69.0 3.693825737228624 0
0009 0008 1710051345003 -113.875 -68.0 1.1474176293384597 0
0009 0015 1710051345004 32.5 -62.0 4.601942363656923 0
0009 0011 1710051345004 -120.4375 -66.0 0.07976700097005335 0
0009 0004 1710051345005 19.5 -66.0 1.325359400733194 0
0009 0000 1710051345005 -9.75 -59.5 3.5465635815916023 0
0009 0014 1710051345006 -45.5625 -62.0 4.73693267299086 0
0009 0012 1710051345006 6.5 -54.5 3.509748042682347 0
0009 0013 1710051345007 -79.75 -66.0 0.521553467881118 0
0009 0005 1710051345007 22.75 -65.5 2.8409324191642074 0
0009 0000 1710051345183 3.25 -59.5 3.509748042682347 0
0009 0011 1710051345184 -13.0 -65.5 6.166602767300278 0
0009 0014 1710051345184 -52.0625 -63.0 4.743068596142402 0
0009 0008 1710051345185 3.25 -68.0 1.0676506283684062 0
0009 0002 1710051345185 91.125 -71.0 2.5770877236478773 0
0009 0013 1710051345186 -48.8125 -66.0 0.6442719309119693 0
0009 0003 1710051345186 22.75 -68.0 3.5711072741977725 0
0009 0004 1710051345187 19.5 -65.0 1.337631247036279 0
0009 0005 1710051345187 45.5625 -65.5 2.859340188618835 0
0009 0012 1710051345188 -6.5 -54.5 3.522019888985432 0
0009 0015 1710051345188 -91.125 -61.5 4.804427827657828 0
0009 0001 1710051345189 -91.125 -67.5 1.1290098598838318 0
0009 0008 1710051345191 65.0625 -67.5 1.030835089459151 0
0009 0004 1710051345191 -55.3125 -66.0 1.337631247036279 0
0009 0003 1710051345192 34.9375 -69.5 3.5158839658338894 0
0009 0000 1710051345192 35.75 -59.5 3.4177091954092087 0
0009 0015 1710051345193 -3.25 -62.0 4.6448938257177215 0
0009 0013 1710051345193 -17.0625 -66.5 0.5706408530934585 0
0009 0002 1710051345194 173.3125 -71.5 2.2396119503130363 0
0009 0001 1710051345194 -97.625 -67.0 1.055378782065321 0
0009 0005 1710051345195 61.8125 -66.0 2.82252464970958 0
0009 0014 1710051345195 6.5 -63.0 4.663301595172349 0
0009 0011 1710051345196 -39.0 -66.0 6.17273869045182 0
0009 0012 1710051345196 -9.75 -55.0 3.497476196379262 0
0009 0013 1710051345397 104.125 -65.5 0.39269908169872414 0
0009 0005 1710051345401 -39.0 -66.0 2.9575149590435164 0
0009 0001 1710051345401 -16.25 -67.5 0.9142525495798421 0
0009 0015 1710051345402 9.75 -61.0 4.638757902566179 0
0009 0008 1710051345402 -74.8125 -68.0 1.3069516312785663 0
0009 0004 1710051345403 68.3125 -65.5 1.1719613219446299 0
0009 0012 1710051345403 29.25 -55.0 3.448388811166921 0
0009 0003 1710051345404 149.6875 -68.5 3.399301425954581 0
0009 0011 1710051345404 -52.0625 -65.5 6.191146459906448 0
0009 0000 1710051345405 -13.0 -60.0 3.5036121195308043 0
0009 0014 1710051345405 -26.0 -62.5 4.6878452877785195 0
0009 0002 1710051345406 -62.625 -71.5 2.521864415283994 0
0009 0014 1710051345406 -32.5 -62.5 4.7307967498393175 0
0009 0003 1710051345407 9.75 -69.0 3.5281558121369745 0
0009 0011 1710051345407 -91.125 -66.5 6.14819499784565 0
0009 0012 1710051345408 -9.75 -54.5 3.4913402732277192 0
0009 0008 1710051345408 45.5625 -68.5 0.9878836273983529 0
0009 0015 1710051345409 113.875 -61.5 4.485359823777615 0
0009 0000 1710051345409 -9.75 -59.5 3.466796580621549 0
0009 0002 1710051345410 -166.8125 -71.5 2.8838838812250054 0
0009 0004 1710051345411 -16.25 -65.0 1.282407938672396 0
0009 0001 1710051345411 74.8125 -68.0 0.8406214717613314 0
0009 0005 1710051345412 94.375 -65.5 2.742757648739526 0
0009 0013 1710051345412 -59.375 -66.0 0.5338253141842031 0
0009 0004 1710051345606 52.0625 -66.0 1.1903690913992575 0
0009 0011 1710051345606 -19.5 -65.5 6.0991076126333095 0
0009 0013 1710051345607 45.5625 -66.5 0.5460971604872883 0
0009 0014 1710051345607 -13.0 -62.5 4.669437518323892 0
0009 0008 1710051345607 0.0 -68.0 1.0615147052168636 0
0009 0001 1710051345608 -6.5 -67.5 0.9633399347921826 0
0009 0015 1710051345608 55.3125 -61.5 4.558990901596125 0
0009 0000 1710051345609 29.25 -59.5 3.4054373491061236 0
0009 0012 1710051345609 0.0 -54.5 3.485204350076177 0
0009 0002 1710051345610 -34.9375 -71.0 2.5709518004963345 0
0009 0003 1710051345610 117.125 -69.0 3.4177091954092087 0
0009 0005 1710051345610 -35.75 -65.5 2.9206994201342606 0
0009 0002 1710051345611 180.625 -70.5 2.325514874434632 0
0009 0014 1710051345611 -39.0 -62.5 4.71238898038469 0
0009 0015 1710051345612 -94.375 -62.0 4.755340442445488 0
0009 0000 1710051345612 13.0 -59.5 3.448388811166921 0
0009 0012 1710051345612 6.5 -55.0 3.485204350076177 0
0009 0005 1710051345613 29.25 -66.0 2.859340188618835 0
0009 0004 1710051345613 52.0625 -65.0 1.2210487071569704 0
0009 0013 1710051345614 -55.3125 -65.5 0.607456392002714 0
0009 0001 1710051345615 -13.0 -67.5 0.9265243958829272 0
0009 0011 1710051345616 -61.8125 -64.5 6.056156150572511 0
0009 0003 1710051345616 55.3125 -68.0 3.522019888985432 0
0009 0008 1710051345617 120.4375 -69.0 0.9081166264282996 0
0009 0014 1710051345740 -100.875 -62.5 4.841243366567084 0
0009 0011 1710051345741 -81.375 -65.0 6.154330920997192 0
0009 0012 1710051345741 16.25 -55.0 3.423845118560751 0
0009 0000 1710051345742 0.0 -59.5 3.429981041712294 0
0009 0013 1710051345742 -52.0625 -65.5 0.5706408530934585 0
0009 0015 1710051345743 -39.0 -62.0 4.663301595172349 0
0009 0004 1710051345744 -3.25 -64.5 1.2578642460662257 0
0009 0002 1710051345744 3.25 -71.0 2.521864415283994 0
0009 0001 1710051345745 -6.5 -67.0 0.9265243958829272 0
0009 0008 1710051345745 -16.25 -68.0 1.1290098598838318 0
0009 0005 1710051345745 78.0625 -66.0 2.730485802436441 0
0009 0003 1710051345746 3.25 -70.0 3.5342917352885173 0
0009 0012 1710051345932 -22.75 -54.5 3.5158839658338894 0
0009 0011 1710051345932 -68.3125 -65.5 6.234097921967246 0
0009 0013 1710051345933 79.75 -65.5 0.4172427743048944 0
0009 0005 1710051345933 0.0 -66.0 2.9268353432858034 0
0009 0002 1710051345934 205.0625 -70.5 2.3316507975861747 0
0009 0000 1710051345934 -74.8125 -59.5 3.497476196379262 0
0009 0014 1710051345934 -32.5 -62.5 4.718524903536232 0
0009 0001 1710051345935 -149.6875 -67.0 1.1903690913992575 0
0009 0004 1710051345935 -3.25 -65.0 1.2701360923693108 0
0009 0008 1710051345936 -42.3125 -68.5 0.9694758579437253 0
0009 0015 1710051345936 29.25 -62.0 4.595806440505381 0
0009 0003 1710051345937 13.8125 -70.0 3.522019888985432 0
0009 0004 1710051345938 -22.75 -65.5 1.2640001692177683 0
0009 0001 1710051345939 9.75 -68.0 0.9019807032767571 0
0009 0008 1710051345939 26.0 -69.0 0.8651651643675016 0
0009 0013 1710051345940 7.3125 -65.0 0.4295146206079795 0
0009 0015 1710051345940 -29.25 -61.5 4.638757902566179 0
0009 0014 1710051345941 -42.3125 -63.0 4.718524903536232 0
0009 0003 1710051345941 -62.625 -69.0 3.6201946594101133 0
0009 0011 1710051345941 65.0625 -65.0 6.025476534814799 0
0009 0005 1710051345942 -6.5 -66.0 2.9513790358919736 0
0009 0002 1710051345942 -62.625 -70.5 2.6445828783148455 0
0009 0012 1710051345943 -9.75 -54.5 3.4913402732277192 0
0009 0000 1710051345943 6.5 -59.5 3.393165502803038 0
0009 0012 1710051346146 6.5 -54.5 3.466796580621549 0
0009 0001 1710051346146 -61.8125 -67.5 1.000155473701438 0
0009 0005 1710051346147 16.25 -66.5 2.7979809571034093 0
0009 0000 1710051346147 -6.5 -59.5 3.3870295796514958 0
0009 0015 1710051346148 16.25 -62.0 4.626486056263094 0
0009 0004 1710051346148 -13.0 -65.5 1.2762720155208536 0
0009 0014 1710051346149 6.5 -62.5 4.638757902566179 0
0009 0003 1710051346149 -42.3125 -69.0 3.466796580621549 0
0009 0008 1710051346149 123.6875 -69.5 0.5645049299419159 0
0009 0013 1710051346150 30.875 -65.5 0.4356505437595221 0
0009 0011 1710051346151 29.25 -66.5 6.050020227420969 0
0009 0002 1710051346151 9.75 -71.5 2.509592568980909 0
0009 0003 1710051346152 3.25 -69.5 3.4177091954092087 0
0009 0013 1710051346152 38.1875 -65.5 0.42337869745643697 0
0009 0005 1710051346153 -22.75 -66.0 2.8961557275280905 0
0009 0002 1710051346153 81.375 -70.5 2.5157284921324514 0
0009 0000 1710051346154 -32.5 -59.5 3.466796580621549 0
0009 0015 1710051346154 19.5 -62.0 4.669437518323892 0
0009 0001 1710051346154 42.3125 -67.5 0.7179030087304801 0
0009 0012 1710051346155 -6.5 -54.5 3.472932503773092 0
0009 0014 1710051346155 16.25 -63.0 4.651029748869264 0
0009 0011 1710051346156 -81.375 -66.0 6.166602767300278 0
0009 0008 1710051346156 55.3125 -69.5 0.7117670855789375 0
0009 0004 1710051346157 -35.75 -65.5 1.2701360923693108 0
0009 0000 1710051346252 -58.5625 -59.5 3.4913402732277192 0
0009 0012 1710051346252 9.75 -54.5 3.423845118560751 0
0009 0002 1710051346253 201.8125 -70.5 2.3009711818284617 0
0009 0013 1710051346253 -76.4375 -66.0 0.5583690067903734 0
0009 0015 1710051346253 9.75 -61.5 4.632621979414636 0
0009 0001 1710051346254 42.3125 -67.0 0.8344855486097889 0
0009 0011 1710051346254 -39.0 -65.5 6.135923151542564 0
0009 0005 1710051346255 58.5625 -66.5 2.7120780329818137 0
0009 0004 1710051346256 -3.25 -65.5 1.1535535524900022 0
0009 0014 1710051346256 3.25 -62.5 4.651029748869264 0
0009 0003 1710051346257 -17.0625 -69.5 3.454524734318464 0
0009 0008 1710051346257 61.8125 -69.5 0.6872233929727672 0
0009 0012 1710051346462 6.5 -55.0 3.429981041712294 0
0009 0004 1710051346462 87.875 -65.5 1.0737865515199487 0
0009 0014 1710051346463 -42.3125 -62.5 4.706253057233147 0
0009 0011 1710051346463 13.0 -65.5 6.111379458936394 0
0009 0005 1710051346463 22.75 -66.5 2.718213956133356 0
0009 0000 1710051346464 32.5 -59.0 3.356349963893783 0
0009 0008 1710051346464 35.75 -68.5 0.7424467013366504 0
0009 0015 1710051346465 9.75 -62.0 4.663301595172349 0
0009 0003 1710051346468 45.5625 -69.5 3.3502140407422405 0
0009 0013 1710051346468 -17.0625 -66.0 0.4479223900626072 0
0009 0001 1710051346469 -61.8125 -68.0 0.9817477042468103 0
0009 0002 1710051346469 -59.375 -71.0 2.773437264497239 0
0009 0003 1710051346471 -13.8125 -69.0 3.4177091954092087 0
0009 0013 1710051346471 45.5625 -66.0 0.39269908169872414 0
0009 0000 1710051346472 -26.0 -59.5 3.4054373491061236 0
0009 0002 1710051346476 -180.625 -71.5 2.9513790358919736 0
0009 0011 1710051346476 -16.25 -65.5 6.056156150572511 0
0009 0012 1710051346476 19.5 -55.0 3.4054373491061236 0
0009 0015 1710051346476 -32.5 -62.0 4.675573441475434 0
0009 0004 1710051346477 -32.5 -66.0 1.2333205534600555 0
0009 0014 1710051346477 61.8125 -62.5 4.558990901596125 0
0009 0005 1710051346478 211.5625 -66.5 2.5157284921324514 0
0009 0001 1710051346478 48.8125 -67.5 0.7547185476397354 0
0009 0008 1710051346479 3.25 -69.0 0.8283496254582462 0
0009 0012 1710051346672 9.75 -54.5 3.423845118560751 0
0009 0005 1710051346673 58.5625 -66.0 2.6998061866787286 0
0009 0014 1710051346673 -39.0 -62.5 4.675573441475434 0
0009 0013 1710051346674 79.75 -66.5 0.2761165418194154 0
0009 0003 1710051346674 149.6875 -69.0 3.1968159619536762 0
0009 0011 1710051346674 -42.3125 -65.5 6.1420590746941075 0
0009 0008 1710051346675 113.875 -69.5 0.6442719309119693 0
0009 0001 1710051346675 39.0 -67.0 0.8528933180644165 0
0009 0000 1710051346676 -9.75 -59.5 3.399301425954581 0
0009 0015 1710051346676 3.25 -62.5 4.601942363656923 0
0009 0004 1710051346676 13.0 -66.0 1.1658253987930873 0
0009 0002 1710051346677 -281.5625 -71.0 2.8961557275280905 0
0009 0014 1710051346677 32.5 -63.0 4.632621979414636 0
0009 0012 1710051346678 -22.75 -54.5 3.466796580621549 0
0009 0000 1710051346678 -19.5 -59.0 3.3870295796514958 0
0009 0005 1710051346679 -26.0 -66.5 2.779573187648782 0
0009 0011 1710051346679 -42.3125 -65.5 6.068427996875596 0
0009 0001 1710051346679 45.5625 -67.5 0.7915340865489908 0
0009 0004 1710051346680 45.5625 -66.0 1.1106020904292042 0
0009 0013 1710051346680 73.1875 -65.5 0.3620194659410113 0
0009 0015 1710051346681 -19.5 -61.5 4.669437518323892 0
0009 0008 1710051346681 22.75 -69.0 0.6688156235181395 0
0009 0003 1710051346681 24.375 -70.0 3.466796580621549 0
0009 0002 1710051346682 -156.1875 -71.5 2.5770877236478773 0
0009 0012 1710051346883 3.25 -55.0 3.436116964863836 0
0009 0008 1710051346884 -29.25 -68.5 0.8651651643675016 0
0009 0004 1710051346884 16.25 -66.0 1.1965050145508 0
0009 0013 1710051346884 10.5625 -66.5 0.4111068511533518 0
0009 0003 1710051346885 69.125 -69.0 3.3502140407422405 0
0009 0014 1710051346885 -74.8125 -62.0 4.718524903536232 0
0009 0001 1710051346886 19.5 -66.5 0.7915340865489908 0
0009 0000 1710051346886 -9.75 -59.5 3.3747577333484107 0
0009 0015 1710051346886 -48.8125 -61.5 4.6878452877785195 0
0009 0002 1710051346887 -10.5625 -69.5 2.552544031041707 0
0009 0005 1710051346887 -35.75 -66.5 2.8102528034064944 0
0009 0011 1710051346888 -9.75 -65.0 6.062292073724054 0
0009 0015 1710051346888 -22.75 -62.0 4.675573441475434 0
0009 0013 1710051346888 -41.5 -66.5 0.5338253141842031 0
0009 0003 1710051346889 -61.8125 -69.0 3.5588354278946874 0
0009 0011 1710051346889 -61.8125 -66.0 6.14819499784565 0
0009 0000 1710051346890 -6.5 -59.5 3.3624858870453256 0
0009 0001 1710051346890 3.25 -67.5 0.8651651643675016 0
0009 0014 1710051346890 -22.75 -62.5 4.675573441475434 0
0009 0012 1710051346891 -22.75 -54.5 3.442252888015379 0
0009 0005 1710051346891 55.3125 -66.5 2.675262494072558 0
0009 0002 1710051346892 143.1875 -71.5 2.36846633649543 0
0009 0004 1710051346892 13.0 -66.0 1.1658253987930873 0
0009 0008 1710051346893 22.75 -69.0 0.7301748550335652 0
