0009 0004 1710052040833 -35.75 -60.0 3.522019888985432 0
0009 0011 1710052040833 -110.625 -67.5 4.957825906446392 0
0009 0002 1710052040834 -249.8125 -71.0 4.589670517353839 0
0009 0001 1710052040834 42.3125 -64.0 1.8346410223112268 0
0009 0013 1710052040835 10.5625 -60.0 5.6573211457222445 0
0009 0000 1710052040835 -16.25 -57.5 3.6876898140770815 0
0009 0015 1710052040836 -42.3125 -61.0 5.0253210611133605 0
0009 0012 1710052040836 -52.0625 -60.5 5.442563835418255 0
0009 0014 1710052040836 35.75 -66.5 5.884350302329319 0
0009 0005 1710052040836 -16.25 -65.5 3.172272269347506 0
0009 0001 1710052040837 -13.0 -63.5 1.9819031779482483 0
0009 0011 1710052040838 -104.125 -68.0 4.970097752749477 0
0009 0005 1710052040838 0.0 -66.0 3.031146036862027 0
0009 0014 1710052040838 -13.0 -66.5 6.062292073724054 0
0009 0004 1710052040838 -35.75 -60.0 3.54042765844006 0
0009 0013 1710052040839 -10.5625 -60.0 5.71868037723767 0
0009 0015 1710052040839 -39.0 -61.0 5.092816215780329 0
0009 0000 1710052040839 -39.0 -57.5 3.724505352986337 0
0009 0003 1710052040840 -3.25 -67.5 4.448544284868359 0
0009 0012 1710052040840 61.8125 -60.5 5.264622064023521 0
0009 0002 1710052040841 10.5625 -70.5 4.25833066717054 0
0009 0008 1710052040841 39.0 -68.5 1.0921943209745766 0
0009 0004 1710052040956 -16.25 -59.5 3.5158839658338894 0
0009 0012 1710052040956 -74.8125 -60.5 5.424156065963627 0
0009 0013 1710052040956 0.0 -60.0 5.706408530934585 0
0009 0011 1710052040957 -22.75 -67.5 4.853515212870168 0
0009 0000 1710052040957 -29.25 -58.0 3.767456815047135 0
0009 0015 1710052040957 -117.125 -61.0 5.086680292628786 0
0009 0008 1710052040957 -26.0 -68.0 1.2026409377023426 0
0009 0003 1710052040958 -27.625 -66.5 4.577398671050753 0
0009 0005 1710052040958 -52.0625 -65.5 3.184544115650591 0
0009 0002 1710052040958 -30.875 -72.0 4.368777283898306 0
0009 0001 1710052040959 58.5625 -63.5 1.859184714917397 0
0009 0014 1710052040959 -104.125 -67.0 6.092971689481767 0
0009 0015 1710052041147 19.5 -61.5 4.95168998329485 0
0009 0003 1710052041147 -30.875 -67.5 4.509903516383785 0
0009 0000 1710052041147 -35.75 -57.5 3.773592738198677 0
0009 0001 1710052041148 -6.5 -63.0 1.9757672547967058 0
0009 0004 1710052041148 -26.0 -59.5 3.5281558121369745 0
0009 0008 1710052041148 55.3125 -69.0 1.0983302441261191 0
0009 0014 1710052041149 -16.25 -67.0 5.970253226450915 0
0009 0012 1710052041149 -9.75 -60.5 5.399612373357457 0
0009 0013 1710052041149 17.0625 -60.0 5.64504929941916 0
0009 0005 1710052041149 -39.0 -65.0 3.147728576741336 0
0009 0011 1710052041150 94.375 -67.5 4.565126824747668 0
0009 0002 1710052041150 -120.4375 -71.5 4.442408361716817 0
0009 0013 1710052041151 13.8125 -60.5 5.651185222570702 0
0009 0000 1710052041151 -35.75 -58.0 3.822680123411018 0
0009 0005 1710052041152 -35.75 -65.0 3.2213596545598464 0
0009 0003 1710052041152 -59.375 -67.0 4.589670517353839 0
0009 0012 1710052041152 -68.3125 -60.5 5.540738605842936 0
0009 0014 1710052041152 81.375 -67.0 5.835262917116979 0
0009 0008 1710052041153 58.5625 -68.5 1.1965050145508 0
0009 0011 1710052041153 -45.5625 -68.5 4.847379289718626 0
0009 0002 1710052041153 309.1875 -71.0 3.7551849687440497 0
0009 0015 1710052041154 29.25 -60.5 4.957825906446392 0
0009 0004 1710052041154 -42.3125 -60.0 3.522019888985432 0
0009 0001 1710052041154 32.5 -63.5 1.9696313316451632 0
0009 0004 1710052041358 -26.0 -59.5 3.497476196379262 0
0009 0014 1710052041359 -29.25 -66.5 6.031612457966341 0
0009 0013 1710052041359 27.625 -60.5 5.66959299202533 0
0009 0000 1710052041359 -13.0 -58.0 3.834951969714103 0
0009 0002 1710052041359 -90.3125 -71.5 4.448544284868359 0
0009 0011 1710052041360 -185.5 -68.0 5.105088062083414 0
0009 0005 1710052041360 -91.125 -65.5 3.2765829629237295 0
0009 0008 1710052041360 48.8125 -67.5 1.1474176293384597 0
0009 0003 1710052041360 48.8125 -67.0 4.479223900626073 0
0009 0015 1710052041361 -3.25 -61.0 5.0253210611133605 0
0009 0001 1710052041361 6.5 -63.5 2.0371264863121317 0
0009 0012 1710052041361 -42.3125 -60.5 5.424156065963627 0
0009 0005 1710052041362 120.4375 -65.0 2.9206994201342606 0
0009 0015 1710052041362 -29.25 -61.0 5.062136600022616 0
0009 0008 1710052041362 110.625 -68.5 1.2455923997631406 0
0009 0014 1710052041363 -52.0625 -67.5 6.0991076126333095 0
0009 0000 1710052041363 13.0 -57.5 3.7981364308048478 0
0009 0004 1710052041364 -39.0 -60.0 3.522019888985432 0
0009 0012 1710052041364 32.5 -60.5 5.325981295538946 0
0009 0013 1710052041364 -19.5 -60.5 5.743224069843841 0
0009 0001 1710052041365 58.5625 -63.5 1.945087639038993 0
0009 0003 1710052041365 -27.625 -68.0 4.571262747899211 0
0009 0011 1710052041365 -9.75 -67.5 4.884194828627882 0
0009 0002 1710052041365 -3.25 -71.5 4.1417481272912315 0
0009 0003 1710052041569 -114.6875 -67.5 4.743068596142402 0
0009 0015 1710052041570 -19.5 -61.5 5.013049214810275 0
0009 0001 1710052041570 22.75 -63.5 1.9941750242513334 0
0009 0000 1710052041570 -29.25 -58.0 3.890175278077986 0
0009 0012 1710052041570 -26.0 -61.0 5.43029198911517 0
0009 0013 1710052041571 24.375 -60.0 5.6941366846315 0
0009 0004 1710052041571 6.5 -60.0 3.485204350076177 0
0009 0011 1710052041571 -48.8125 -68.0 4.908738521234052 0
0009 0008 1710052041572 32.5 -67.5 1.227184630308513 0
0009 0014 1710052041572 0.0 -67.0 6.050020227420969 0
0009 0005 1710052041572 0.0 -65.5 3.1231848841351653 0
0009 0002 1710052041572 -104.125 -70.5 4.657165672020807 0
0009 0005 1710052041573 84.625 -65.0 3.055689729468197 0
0009 0004 1710052041573 -55.3125 -60.0 3.5772431973493153 0
0009 0001 1710052041573 19.5 -63.5 1.9941750242513334 0
0009 0012 1710052041574 39.0 -61.0 5.332117218690489 0
0009 0011 1710052041574 74.8125 -68.0 4.773748211900116 0
0009 0000 1710052041574 -3.25 -58.0 3.877903431774901 0
0009 0014 1710052041574 42.3125 -67.0 5.9088939949354895 0
0009 0008 1710052041575 123.6875 -67.0 1.141281706186917 0
0009 0003 1710052041575 -117.9375 -67.5 4.779884135051658 0
0009 0013 1710052041575 -13.8125 -60.5 5.749359992995383 0
0009 0015 1710052041576 35.75 -61.5 5.00077736850719 0
0009 0002 1710052041576 -257.125 -70.5 4.608078286808466 0
0009 0013 1710052041705 41.5 -60.5 5.681864838328415 0
0009 0014 1710052041705 55.3125 -67.0 6.007068765360171 0
0009 0005 1710052041706 -55.3125 -65.0 3.3011266555298997 0
0009 0004 1710052041706 -19.5 -60.0 3.54042765844006 0
0009 0000 1710052041706 -74.8125 -58.0 4.006757817957295 0
0009 0001 1710052041706 104.125 -63.5 1.8530487917658545 0
0009 0012 1710052041707 -6.5 -61.0 5.418020142812084 0
0009 0015 1710052041707 -39.0 -61.0 5.062136600022616 0
0009 0008 1710052041707 13.0 -68.0 1.3989904785517047 0
0009 0002 1710052041708 218.875 -71.5 3.933126740138784 0
0009 0011 1710052041708 71.5625 -68.0 4.755340442445488 0
0009 0003 1710052041708 -41.5 -68.0 4.7307967498393175 0
0009 0015 1710052041891 -22.75 -61.5 5.080544369477243 0
0009 0000 1710052041891 -3.25 -58.0 3.8963112012295285 0
0009 0011 1710052041892 9.75 -68.5 4.743068596142402 0
0009 0001 1710052041892 39.0 -63.5 1.9941750242513334 0
0009 0014 1710052041893 19.5 -67.0 5.988660995905543 0
0009 0013 1710052041894 -7.3125 -60.0 5.792311455056181 0
0009 0012 1710052041894 -26.0 -60.5 5.460971604872882 0
0009 0004 1710052041894 6.5 -60.0 3.5281558121369745 0
0009 0003 1710052041895 -6.5 -68.0 4.71238898038469 0
0009 0005 1710052041895 -48.8125 -65.0 3.2581751934691017 0
0009 0002 1710052041895 -211.5625 -72.0 4.417864669110647 0
0009 0008 1710052041896 94.375 -67.5 1.3130875544301088 0
0009 0003 1710052041897 -29.25 -67.5 4.608078286808466 0
0009 0001 1710052041897 19.5 -63.0 2.067806102069844 0
0009 0014 1710052041897 87.875 -66.0 5.890486225480862 0
0009 0000 1710052041898 -61.8125 -58.0 3.988350048502667 0
0009 0004 1710052041898 13.0 -60.5 3.54042765844006 0
0009 0002 1710052041898 -131.8125 -71.5 4.528311285838413 0
0009 0011 1710052041899 -71.5625 -68.0 4.994641445355648 0
0009 0012 1710052041899 -22.75 -60.5 5.436427912266712 0
0009 0005 1710052041899 -55.3125 -65.5 3.2888548092268146 0
0009 0008 1710052041900 3.25 -68.0 1.368310862793992 0
0009 0015 1710052041900 -32.5 -61.5 5.080544369477243 0
0009 0013 1710052041900 17.0625 -60.5 5.724816300389213 0
0009 0001 1710052042098 22.75 -63.0 2.030990563160589 0
0009 0004 1710052042098 22.75 -60.5 3.552699504743145 0
0009 0011 1710052042098 -81.375 -68.0 4.921010367537137 0
0009 0008 1710052042099 58.5625 -69.0 1.3499030933393643 0
0009 0013 1710052042099 -27.625 -60.5 5.786175531904639 0
0009 0003 1710052042099 -135.0625 -67.0 4.816699673960914 0
0009 0002 1710052042099 13.8125 -72.0 4.215379205109742 0
0009 0014 1710052042100 55.3125 -66.5 5.927301764390117 0
0009 0015 1710052042100 3.25 -61.5 5.0682725231741586 0
0009 0000 1710052042100 -35.75 -58.0 3.988350048502667 0
0009 0012 1710052042101 -6.5 -60.5 5.4671075280244255 0
0009 0005 1710052042101 91.125 -65.0 3.055689729468197 0
0009 0004 1710052042101 -9.75 -59.5 3.5588354278946874 0
0009 0013 1710052042101 -17.0625 -60.5 5.792311455056181 0
0009 0003 1710052042102 -87.0625 -66.5 4.755340442445488 0
0009 0000 1710052042102 6.5 -58.0 3.9208548938356986 0
0009 0008 1710052042102 107.375 -67.5 1.3437671701878218 0
0009 0015 1710052042103 -84.625 -62.0 5.1725832167503825 0
0009 0001 1710052042103 13.0 -64.0 2.0493983326152168 0
0009 0005 1710052042103 26.0 -65.0 3.184544115650591 0
0009 0012 1710052042103 74.8125 -60.5 5.350524988145116 0
0009 0014 1710052042104 42.3125 -66.5 5.945709533844745 0
0009 0002 1710052042104 -145.625 -72.0 4.565126824747668 0
0009 0011 1710052042104 -22.75 -68.5 4.9394181369917645 0
0009 0011 1710052042207 -13.0 -68.5 4.902602598082509 0
0009 0013 1710052042207 -24.375 -60.0 5.773903685601553 0
0009 0004 1710052042207 -29.25 -60.0 3.6386024288647407 0
0009 0015 1710052042208 -13.0 -61.0 5.049864753719531 0
0009 0008 1710052042208 -22.75 -67.5 1.3867186322486196 0
0009 0000 1710052042208 -39.0 -58.0 4.025165587411922 0
0009 0001 1710052042209 22.75 -63.5 2.1598449493429825 0
0009 0003 1710052042209 -78.0625 -67.5 4.81056375080937 0
0009 0012 1710052042210 16.25 -60.5 5.436427912266712 0
0009 0014 1710052042210 -78.0625 -66.0 6.105243535784852 0
0009 0005 1710052042210 -65.0625 -64.5 3.2765829629237295 0
0009 0002 1710052042210 -76.4375 -71.5 4.430136515413731 0
0009 0011 1710052042420 -6.5 -68.0 4.908738521234052 0
0009 0008 1710052042420 94.375 -67.5 1.2946797849754812 0
0009 0005 1710052042420 -29.25 -65.0 3.3011266555298997 0
0009 0000 1710052042421 -19.5 -58.0 4.0128937411088375 0
0009 0015 1710052042421 9.75 -61.5 5.062136600022616 0
0009 0012 1710052042421 3.25 -61.0 5.448699758569798 0
0009 0014 1710052042421 13.0 -67.0 6.043884304269426 0
0009 0013 1710052042422 21.125 -60.5 5.712544454086128 0
0009 0001 1710052042422 13.0 -63.5 2.067806102069844 0
0009 0003 1710052042422 0.0 -66.5 4.638757902566179 0
0009 0004 1710052042423 -19.5 -60.0 3.6140587362585705 0
0009 0002 1710052042423 62.625 -71.0 4.178563666200486 0
0009 0001 1710052042424 -39.0 -64.0 2.184388641949153 0
0009 0004 1710052042424 13.0 -60.0 3.5956509668039427 0
0009 0015 1710052042424 9.75 -61.5 4.988505522204105 0
0009 0000 1710052042425 -22.75 -58.0 4.025165587411922 0
0009 0013 1710052042425 -27.625 -60.5 5.798447378207723 0
0009 0012 1710052042425 -22.75 -61.0 5.516194913236766 0
0009 0005 1710052042426 19.5 -64.5 3.2090878082567613 0
0009 0002 1710052042426 -104.125 -71.0 4.552854978444583 0
0009 0008 1710052042426 113.875 -68.0 1.2946797849754812 0
0009 0011 1710052042427 -240.875 -67.5 5.2768939103266055 0
0009 0014 1710052042427 -35.75 -67.0 6.043884304269426 0
0009 0003 1710052042427 -125.3125 -68.5 4.767612288748572 0
0009 0001 1710052042641 26.0 -63.5 2.110757564130642 0
0009 0011 1710052042641 -61.8125 -67.5 5.006913291658733 0
0009 0012 1710052042642 -52.0625 -61.0 5.522330836388308 0
0009 0015 1710052042642 45.5625 -61.0 4.963961829597935 0
0009 0013 1710052042642 -30.875 -60.5 5.773903685601553 0
0009 0002 1710052042642 -156.1875 -71.0 4.693981210930062 0
0009 0003 1710052042643 -45.5625 -67.5 4.718524903536232 0
0009 0000 1710052042643 -6.5 -58.5 4.000621894805752 0
0009 0005 1710052042643 61.8125 -65.0 3.141592653589793 0
0009 0004 1710052042644 -32.5 -60.0 3.6386024288647407 0
0009 0008 1710052042644 149.6875 -67.5 1.1965050145508 0
0009 0014 1710052042644 -9.75 -66.5 6.050020227420969 0
0009 0013 1710052042644 34.9375 -60.0 5.675728915176872 0
0009 0012 1710052042645 3.25 -61.0 5.4671075280244255 0
0009 0003 1710052042645 -55.3125 -67.0 4.718524903536232 0
0009 0002 1710052042645 -117.9375 -71.0 4.448544284868359 0
0009 0000 1710052042646 0.0 -58.0 3.7429131224409646 0
0009 0004 1710052042646 -61.8125 -60.0 3.6692820446224537 0
0009 0015 1710052042646 -61.8125 -61.5 5.197126909356553 0
0009 0008 1710052042647 19.5 -67.5 1.423534171157875 0
0009 0001 1710052042647 -45.5625 -63.0 2.2089323345553233 0
0009 0011 1710052042648 -3.25 -67.5 4.822835597112456 0
0009 0014 1710052042648 -84.625 -67.0 0.018407769454627694 0
0009 0005 1710052042648 52.0625 -64.0 3.160000423044421 0
0009 0013 1710052042859 -10.5625 -60.5 5.780039608753096 0
0009 0000 1710052042859 9.75 -58.0 3.736777199289422 0
0009 0004 1710052042859 -39.0 -60.5 3.6386024288647407 0
0009 0001 1710052042859 68.3125 -63.5 2.067806102069844 0
0009 0005 1710052042860 -9.75 -65.0 3.2520392703175593 0
0009 0015 1710052042860 9.75 -61.5 5.037592907416445 0
0009 0012 1710052042860 -58.5625 -61.0 5.540738605842936 0
0009 0003 1710052042860 73.1875 -68.5 4.509903516383785 0
0009 0002 1710052042861 62.625 -71.0 4.239922897715912 0
0009 0014 1710052042861 16.25 -65.5 6.234097921967246 0
0009 0008 1710052042861 9.75 -68.0 1.5033011721279284 0
0009 0011 1710052042862 -16.25 -67.5 4.859651136021712 0
0009 0014 1710052042862 71.5625 -66.5 6.086835766330224 0
0009 0011 1710052042862 -71.5625 -68.5 4.921010367537137 0
0009 0004 1710052042862 -42.3125 -60.0 3.6754179677739964 0
0009 0015 1710052042863 13.0 -61.0 5.00077736850719 0
0009 0012 1710052042863 -35.75 -61.0 5.559146375297564 0
0009 0005 1710052042863 78.0625 -65.0 3.098641191528995 0
0009 0013 1710052042863 -24.375 -60.5 5.810719224510809 0
0009 0002 1710052042864 -7.3125 -71.0 4.430136515413731 0
0009 0001 1710052042864 -16.25 -63.5 2.1659808724945253 0
0009 0000 1710052042864 -9.75 -58.0 3.7551849687440497 0
0009 0003 1710052042865 117.9375 -67.5 4.479223900626073 0
0009 0008 1710052042865 -32.5 -67.5 1.5585244804918115 0
0009 0002 1710052043072 125.3125 -71.0 4.246058820867455 0
0009 0015 1710052043072 -3.25 -61.5 5.062136600022616 0
0009 0003 1710052043073 -34.9375 -67.5 4.657165672020807 0
0009 0012 1710052043073 -136.6875 -60.5 5.712544454086128 0
0009 0008 1710052043073 78.0625 -68.0 1.3192234775816514 0
0009 0014 1710052043073 0.0 -66.5 0.01227184630308513 0
0009 0000 1710052043074 6.5 -57.5 3.749049045592507 0
0009 0004 1710052043074 13.0 -60.0 3.6079228131070282 0
0009 0005 1710052043074 -35.75 -64.5 3.2888548092268146 0
0009 0011 1710052043075 -182.25 -68.0 5.117359908386499 0
0009 0013 1710052043075 -3.25 -60.5 5.773903685601553 0
0009 0001 1710052043075 6.5 -64.0 2.1659808724945253 0
0009 0005 1710052043075 13.0 -64.5 3.227495577711389 0
0009 0000 1710052043076 -35.75 -58.0 3.816544200259475 0
0009 0013 1710052043076 -21.125 -60.5 5.780039608753096 0
0009 0012 1710052043076 -35.75 -61.0 5.5100589900852235 0
0009 0004 1710052043077 -39.0 -60.0 3.6754179677739964 0
0009 0001 1710052043077 26.0 -63.5 2.1537090261914402 0
0009 0003 1710052043077 -79.75 -68.0 4.724660826687775 0
0009 0015 1710052043078 13.0 -61.5 5.074408446325701 0
0009 0014 1710052043078 -19.5 -67.0 0.07976700097005335 0
0009 0002 1710052043079 -128.5625 -70.5 4.516039439535327 0
0009 0008 1710052043079 71.5625 -67.5 1.4726215563702154 0
0009 0011 1710052043080 -42.3125 -68.0 4.988505522204105 0
0009 0004 1710052043216 -6.5 -60.0 3.6754179677739964 0
0009 0015 1710052043216 13.0 -61.0 5.006913291658733 0
0009 0005 1710052043216 45.5625 -64.0 3.2397674240144743 0
0009 0001 1710052043217 -65.0625 -63.5 2.3009711818284617 0
0009 0013 1710052043217 0.0 -60.5 5.7616318392984684 0
0009 0000 1710052043217 -26.0 -58.0 3.8533597391687304 0
0009 0008 1710052043218 -45.5625 -67.5 1.576932249946439 0
0009 0014 1710052043218 22.75 -67.0 6.160466844148735 0
0009 0002 1710052043218 79.75 -72.0 4.246058820867455 0
0009 0003 1710052043219 121.25 -68.0 4.466952054322987 0
0009 0012 1710052043219 -130.1875 -61.5 5.6941366846315 0
0009 0011 1710052043219 -162.75 -68.5 5.148039524144211 0
0009 0003 1710052043395 -93.5625 -67.5 4.828971520263998 0
0009 0000 1710052043395 -22.75 -58.0 3.8840393549264434 0
0009 0001 1710052043396 29.25 -63.5 2.172116795646068 0
0009 0012 1710052043396 0.0 -61.0 5.47937937432751 0
0009 0005 1710052043396 52.0625 -64.5 3.2213596545598464 0
0009 0011 1710052043396 -42.3125 -67.0 5.006913291658733 0
0009 0015 1710052043397 13.0 -61.5 5.062136600022616 0
0009 0004 1710052043397 -16.25 -60.0 3.724505352986337 0
0009 0008 1710052043397 152.9375 -68.5 1.2517283229146832 0
0009 0014 1710052043398 81.375 -67.0 6.074563920027139 0
0009 0013 1710052043398 -10.5625 -60.0 5.780039608753096 0
0009 0002 1710052043398 -187.125 -71.5 4.675573441475434 0
0009 0011 1710052043400 -48.8125 -67.0 4.95168998329485 0
0009 0000 1710052043400 22.75 -58.0 3.8717675086233583 0
0009 0008 1710052043400 35.75 -68.0 1.5830681730979816 0
0009 0004 1710052043401 9.75 -60.0 3.693825737228624 0
0009 0001 1710052043401 -26.0 -64.0 2.282563412373834 0
0009 0014 1710052043401 -35.75 -67.5 0.0674951546669682 0
0009 0012 1710052043402 22.75 -61.0 5.47937937432751 0
0009 0015 1710052043402 -35.75 -61.5 5.080544369477243 0
0009 0005 1710052043402 -39.0 -64.5 3.3072625786814425 0
0009 0003 1710052043403 -55.3125 -67.5 4.792155981354743 0
0009 0013 1710052043403 -13.8125 -60.5 5.8045833013592665 0
0009 0002 1710052043404 -125.3125 -70.5 4.700117134081604 0
0009 0000 1710052043604 -32.5 -58.0 3.9453985864418692 0
0009 0012 1710052043605 -39.0 -61.0 5.565282298449106 0
0009 0008 1710052043605 110.625 -67.5 1.4358060174609601 0
0009 0014 1710052043605 -39.0 -67.0 6.264777537724958 0
0009 0011 1710052043605 -110.625 -68.5 5.043728830567988 0
0009 0003 1710052043606 3.25 -67.5 4.71238898038469 0
0009 0013 1710052043607 -17.0625 -60.5 5.816855147662351 0
0009 0004 1710052043607 -13.0 -60.0 3.730641276137879 0
0009 0001 1710052043607 55.3125 -63.5 2.2212041808584084 0
0009 0015 1710052043608 0.0 -61.5 5.092816215780329 0
0009 0005 1710052043608 -32.5 -64.0 3.3624858870453256 0
0009 0002 1710052043608 3.25 -71.0 4.374913207049849 0
0009 0005 1710052043609 -87.875 -64.0 3.411573272257666 0
0009 0000 1710052043609 -32.5 -58.0 3.9760782021995817 0
0009 0008 1710052043609 74.8125 -68.0 1.4603497100671303 0
0009 0015 1710052043610 22.75 -61.5 5.00077736850719 0
0009 0003 1710052043610 -21.125 -68.0 4.767612288748572 0
0009 0013 1710052043610 7.3125 -60.5 5.7616318392984684 0
0009 0001 1710052043610 78.0625 -63.5 2.1230294104337273 0
0009 0004 1710052043611 -3.25 -60.5 3.724505352986337 0
0009 0014 1710052043611 65.0625 -66.0 6.1420590746941075 0
0009 0002 1710052043611 -309.1875 -70.5 4.884194828627882 0
0009 0012 1710052043612 0.0 -61.0 5.497787143782138 0
0009 0011 1710052043612 -68.3125 -68.0 4.97623367590102 0
0009 0005 1710052043816 6.5 -64.0 3.3502140407422405 0
0009 0004 1710052043816 22.75 -60.0 3.693825737228624 0
0009 0013 1710052043816 -27.625 -60.5 5.8045833013592665 0
0009 0015 1710052043817 -74.8125 -61.0 5.154175447295755 0
0009 0001 1710052043817 19.5 -64.0 2.2334760271614935 0
0009 0002 1710052043817 61.8125 -71.5 4.583534594202296 0
0009 0000 1710052043818 6.5 -58.5 3.9392626632903265 0
0009 0011 1710052043818 -74.8125 -68.0 4.9823695990525625 0
0009 0012 1710052043818 -58.5625 -61.0 5.5714182216006485 0
0009 0014 1710052043819 -39.0 -66.5 0.05522330836388308 0
0009 0003 1710052043819 -45.5625 -67.5 4.81056375080937 0
0009 0008 1710052043819 52.0625 -67.5 1.5462526341887264 0
0009 0003 1710052043820 21.125 -67.5 4.767612288748572 0
0009 0004 1710052043820 3.25 -60.5 3.730641276137879 0
0009 0005 1710052043820 13.0 -63.5 3.2949907323783574 0
0009 0001 1710052043820 104.125 -63.5 2.055534255766759 0
0009 0000 1710052043821 0.0 -58.0 3.9453985864418692 0
0009 0008 1710052043821 -35.75 -67.5 1.6260196351587797 0
0009 0011 1710052043821 139.9375 -68.5 4.700117134081604 0
0009 0014 1710052043822 -48.8125 -66.5 0.006135923151542565 0
0009 0002 1710052043822 65.875 -71.0 4.3933209765044765 0
0009 0013 1710052043822 -10.5625 -60.5 5.8475347634200645 0
0009 0012 1710052043823 19.5 -61.0 5.497787143782138 0
0009 0015 1710052043823 -55.3125 -61.5 5.111223985234957 0
0009 0001 1710052043955 22.75 -63.0 2.1966604882522383 0
0009 0011 1710052043956 -91.125 -67.5 5.013049214810275 0
0009 0000 1710052043956 3.25 -58.5 3.9269908169872414 0
0009 0008 1710052043956 94.375 -67.5 1.509437095279471 0
0009 0013 1710052043956 7.3125 -60.5 5.773903685601553 0
0009 0004 1710052043957 -16.25 -60.5 3.730641276137879 0
0009 0015 1710052043957 -104.125 -61.5 5.123495831538041 0
0009 0012 1710052043957 -6.5 -61.0 5.50392306693368 0
0009 0005 1710052043958 -9.75 -63.5 3.313398501832985 0
0009 0002 1710052043958 76.4375 -71.0 4.534447208989955 0
0009 0003 1710052043958 30.875 -67.5 4.71238898038469 0
0009 0014 1710052043959 58.5625 -66.5 6.154330920997192 0
0009 0014 1710052044132 -3.25 -67.5 6.2463697682703305 0
0009 0012 1710052044132 -26.0 -61.0 5.546874528994478 0
0009 0015 1710052044132 65.0625 -61.5 4.97623367590102 0
0009 0000 1710052044132 -3.25 -58.0 3.9269908169872414 0
0009 0011 1710052044133 -149.6875 -68.0 5.105088062083414 0
0009 0003 1710052044133 -143.1875 -67.5 4.957825906446392 0
0009 0002 1710052044133 107.375 -70.5 4.270602513473625 0
0009 0004 1710052044134 3.25 -60.5 3.6999616603801666 0
0009 0008 1710052044134 16.25 -68.0 1.6321555583103222 0
0009 0005 1710052044134 9.75 -64.0 3.3440781175906977 0
0009 0001 1710052044134 19.5 -63.5 2.2150682577068657 0
0009 0013 1710052044135 -41.5 -60.5 5.8045833013592665 0
0009 0015 1710052044136 16.25 -62.0 5.0253210611133605 0
0009 0001 1710052044136 32.5 -63.5 2.2334760271614935 0
0009 0008 1710052044136 107.375 -68.0 1.41126232485479 0
0009 0002 1710052044137 -83.0 -72.0 4.651029748869264 0
0009 0014 1710052044137 84.625 -66.0 6.154330920997192 0
0009 0012 1710052044138 -48.8125 -61.0 5.589825991055276 0
0009 0004 1710052044138 -6.5 -60.0 3.6815538909255388 0
0009 0013 1710052044138 3.25 -60.5 5.816855147662351 0
0009 0005 1710052044139 -26.0 -63.5 3.356349963893783 0
0009 0000 1710052044139 6.5 -58.0 3.8963112012295285 0
0009 0011 1710052044139 97.625 -67.5 4.767612288748572 0
0009 0003 1710052044139 -39.0 -68.5 4.878058905476339 0
0009 0015 1710052044340 -29.25 -61.5 5.0682725231741586 0
0009 0001 1710052044340 55.3125 -63.0 2.1905245651006955 0
0009 0012 1710052044341 -35.75 -61.0 5.5284667595398505 0
0009 0004 1710052044341 -22.75 -60.0 3.730641276137879 0
0009 0000 1710052044341 -65.0625 -58.5 4.000621894805752 0
0009 0003 1710052044341 -143.1875 -67.5 5.031456984264903 0
0009 0014 1710052044342 9.75 -67.0 6.1850105367549055 0
0009 0008 1710052044342 58.5625 -67.0 1.41126232485479 0
0009 0011 1710052044342 -113.875 -68.0 5.019185137961818 0
0009 0013 1710052044343 -7.3125 -60.0 5.792311455056181 0
0009 0005 1710052044343 0.0 -64.0 3.2827188860752723 0
0009 0002 1710052044343 17.0625 -72.0 4.4362724385652745 0
0009 0012 1710052044343 16.25 -61.0 5.491651220630596 0
0009 0001 1710052044344 68.3125 -63.5 2.172116795646068 0
0009 0004 1710052044344 -45.5625 -60.0 3.761320891895592 0
0009 0000 1710052044344 -29.25 -58.0 3.9269908169872414 0
0009 0008 1710052044344 78.0625 -68.5 1.4358060174609601 0
0009 0005 1710052044345 -39.0 -64.0 3.3624858870453256 0
0009 0015 1710052044345 -13.0 -61.5 5.098952138931871 0
0009 0014 1710052044345 -42.3125 -67.0 6.2463697682703305 0
0009 0002 1710052044346 -21.125 -71.5 4.540583132141498 0
0009 0013 1710052044346 17.0625 -60.0 5.71868037723767 0
0009 0003 1710052044346 -136.6875 -68.0 4.97623367590102 0
0009 0011 1710052044347 32.5 -67.5 4.890330751779424 0
0009 0015 1710052044455 -58.5625 -61.0 5.092816215780329 0
0009 0000 1710052044456 -3.25 -58.0 3.8840393549264434 0
0009 0001 1710052044456 48.8125 -63.5 2.1905245651006955 0
0009 0004 1710052044456 22.75 -60.5 3.6386024288647407 0
0009 0013 1710052044456 3.25 -60.0 5.71868037723767 0
0009 0014 1710052044457 71.5625 -67.0 6.117515382087937 0
0009 0012 1710052044457 -19.5 -61.0 5.50392306693368 0
0009 0008 1710052044457 -100.875 -68.5 1.6137477888556946 0
0009 0003 1710052044457 -16.25 -68.0 4.755340442445488 0
0009 0005 1710052044458 -22.75 -64.5 3.3624858870453256 0
0009 0002 1710052044458 -10.5625 -71.5 4.3503695144436785 0
0009 0011 1710052044458 -87.875 -67.5 4.97623367590102 0
0009 0008 1710052044672 29.25 -68.0 1.4603497100671303 0
0009 0014 1710052044672 113.875 -66.0 5.982525072754001 0
0009 0001 1710052044672 58.5625 -63.5 2.184388641949153 0
0009 0011 1710052044673 -71.5625 -67.5 4.970097752749477 0
0009 0012 1710052044673 3.25 -61.0 5.45483568172134 0
0009 0003 1710052044674 -13.8125 -66.5 4.7860200582032 0
0009 0000 1710052044674 0.0 -58.0 3.847223816017188 0
0009 0015 1710052044674 -39.0 -61.5 5.086680292628786 0
0009 0002 1710052044674 -367.8125 -71.0 4.902602598082509 0
0009 0013 1710052044675 -21.125 -60.5 5.749359992995383 0
0009 0004 1710052044675 9.75 -60.0 3.650874275167826 0
0009 0005 1710052044675 -32.5 -64.5 3.399301425954581 0
0009 0005 1710052044676 9.75 -63.5 3.2520392703175593 0
0009 0014 1710052044676 -9.75 -66.5 6.264777537724958 0
0009 0004 1710052044677 -13.0 -60.0 3.663146121470911 0
0009 0012 1710052044677 32.5 -61.0 5.393476450205914 0
0009 0013 1710052044677 -13.8125 -60.5 5.724816300389213 0
0009 0011 1710052044678 -94.375 -66.5 5.0253210611133605 0
0009 0000 1710052044678 -16.25 -58.0 3.877903431774901 0
0009 0015 1710052044678 -52.0625 -61.0 5.080544369477243 0
0009 0001 1710052044678 19.5 -63.0 2.1659808724945253 0
0009 0003 1710052044679 73.1875 -68.0 4.651029748869264 0
0009 0008 1710052044679 16.25 -68.0 1.4603497100671303 0
0009 0002 1710052044679 -149.6875 -70.5 4.454680208019902 0
0009 0006 1710052044964 0.625 -75.0 0.30679615757712825 0
0009 0003 1710052044964 39.0 -68.5 4.620350133111551 0
0009 0013 1710052044964 3.25 -60.0 5.743224069843841 0
0009 0012 1710052044965 -29.25 -60.5 5.546874528994478 0
0009 0011 1710052044965 -71.5625 -68.0 5.00077736850719 0
0009 0004 1710052044965 -9.75 -59.5 3.6447383520162835 0
0009 0008 1710052044965 166.0 -69.0 1.1719613219446299 0
0009 0001 1710052044966 13.0 -63.5 2.2027964114037806 0
0009 0000 1710052044966 3.25 -58.0 3.792000507653305 0
0009 0015 1710052044966 29.25 -62.0 4.988505522204105 0
0009 0014 1710052044967 71.5625 -67.5 6.17273869045182 0
0009 0005 1710052044967 -58.5625 -63.5 3.399301425954581 0
0009 0002 1710052044967 -97.625 -71.5 4.448544284868359 0
0009 0006 1710052044968 0.0 -75.0 0.25157284921324513 0
0009 0014 1710052044968 -65.0625 -66.0 0.030679615757712823 0
0009 0011 1710052044969 -32.5 -67.0 5.006913291658733 0
0009 0008 1710052044969 58.5625 -68.5 1.2946797849754812 0
0009 0001 1710052044969 42.3125 -63.0 2.141437179888355 0
0009 0004 1710052044970 -22.75 -60.0 3.6754179677739964 0
0009 0015 1710052044970 0.0 -61.0 5.031456984264903 0
0009 0000 1710052044970 -22.75 -58.0 3.8840393549264434 0
0009 0003 1710052044971 121.25 -68.5 4.473087977474529 0
0009 0012 1710052044971 -3.25 -61.0 5.424156065963627 0
0009 0013 1710052044971 10.5625 -60.5 5.6941366846315 0
0009 0005 1710052044972 -22.75 -64.0 3.2704470397721868 0
0009 0002 1710052044972 -73.1875 -71.5 4.479223900626073 0
0009 0006 1710052045181 -2.4375 -75.0 0.37429131224409645 0
0009 0001 1710052045181 16.25 -63.0 2.1905245651006955 0
0009 0012 1710052045181 -42.3125 -61.0 5.491651220630596 0
0009 0008 1710052045181 48.8125 -68.5 1.380582709097077 0
0009 0002 1710052045183 41.5 -70.5 4.405592822807561 0
0009 0005 1710052045183 -6.5 -64.0 3.2888548092268146 0
0009 0013 1710052045183 -13.8125 -60.5 5.743224069843841 0
0009 0015 1710052045184 -29.25 -61.0 5.049864753719531 0
0009 0004 1710052045184 -3.25 -59.5 3.650874275167826 0
0009 0011 1710052045184 -146.4375 -67.5 5.049864753719531 0
0009 0000 1710052045184 19.5 -58.0 3.834951969714103 0
0009 0014 1710052045184 65.0625 -67.5 6.1850105367549055 0
0009 0003 1710052045184 -107.375 -68.5 4.853515212870168 0
0009 0006 1710052045184 0.25 -75.0 0.3129320807286708 0
0009 0005 1710052045185 -55.3125 -63.5 3.3379421944391554 0
0009 0011 1710052045185 91.125 -67.5 4.7307967498393175 0
0009 0013 1710052045185 -52.0625 -60.5 5.798447378207723 0
0009 0014 1710052045185 22.75 -67.0 6.129787228391022 0
0009 0012 1710052045187 32.5 -61.0 5.418020142812084 0
0009 0002 1710052045187 0.0 -71.5 4.448544284868359 0
0009 0003 1710052045187 -68.3125 -68.0 4.681709364626977 0
0009 0004 1710052045187 -13.0 -60.0 3.6447383520162835 0
0009 0001 1710052045188 3.25 -63.0 2.1782527187976104 0
0009 0000 1710052045188 -32.5 -58.0 3.9085830475326135 0
0009 0015 1710052045188 -22.75 -61.0 5.031456984264903 0
0009 0008 1710052045189 -39.0 -68.5 1.5033011721279284 0
0009 0006 1710052045412 -1.5625 -74.5 0.39269908169872414 0
0009 0001 1710052045412 39.0 -63.5 2.3439226438892597 0
0009 0003 1710052045413 -149.6875 -68.0 4.945554060143307 0
0009 0011 1710052045413 -126.9375 -68.0 5.037592907416445 0
0009 0012 1710052045413 -9.75 -61.0 5.43029198911517 0
0009 0013 1710052045414 -34.9375 -60.0 5.773903685601553 0
0009 0014 1710052045414 -13.0 -67.0 6.258641614573416 0
0009 0004 1710052045414 -9.75 -60.0 3.650874275167826 0
0009 0005 1710052045414 74.8125 -63.5 3.1906800388021335 0
0009 0000 1710052045415 -48.8125 -58.0 3.933126740138784 0
0009 0015 1710052045415 45.5625 -61.5 4.970097752749477 0
0009 0008 1710052045415 -26.0 -68.5 1.4664856332186729 0
0009 0002 1710052045416 -10.5625 -71.5 4.381049130201391 0
0009 0006 1710052045416 3.8125 -74.5 0.23316507975861744 0
0009 0000 1710052045416 -29.25 -58.5 3.9576704327449543 0
0009 0001 1710052045416 3.25 -63.0 2.2396119503130363 0
0009 0014 1710052045417 35.75 -66.5 6.1850105367549055 0
0009 0013 1710052045417 -7.3125 -60.5 5.743224069843841 0
0009 0002 1710052045418 -302.6875 -71.5 4.853515212870168 0
0009 0008 1710052045418 35.75 -67.5 1.4726215563702154 0
0009 0015 1710052045418 9.75 -61.5 4.9823695990525625 0
0009 0004 1710052045419 0.0 -59.5 3.6263305825616556 0
0009 0012 1710052045419 6.5 -61.0 5.399612373357457 0
0009 0003 1710052045419 -100.875 -67.5 4.921010367537137 0
0009 0005 1710052045419 -16.25 -63.5 3.3011266555298997 0
0009 0011 1710052045420 -123.6875 -67.5 5.013049214810275 0
0009 0006 1710052045637 0.0 -75.0 3.393165502803038 0
0009 0014 1710052045637 9.75 -66.5 6.270913460876501 0
0009 0011 1710052045637 58.5625 -67.5 4.804427827657828 0
0009 0005 1710052045637 6.5 -63.0 3.3318062712876126 0
0009 0012 1710052045638 42.3125 -61.0 5.375068680751287 0
0009 0002 1710052045638 -270.125 -71.5 4.81056375080937 0
0009 0013 1710052045638 -38.1875 -60.5 5.798447378207723 0
0009 0004 1710052045639 -3.25 -60.0 3.663146121470911 0
0009 0015 1710052045639 6.5 -61.5 5.00077736850719 0
0009 0001 1710052045639 84.625 -63.5 2.2212041808584084 0
0009 0000 1710052045639 -29.25 -58.0 3.9822141253511245 0
0009 0008 1710052045640 91.125 -67.0 1.3867186322486196 0
0009 0003 1710052045640 -24.375 -69.0 4.743068596142402 0
0009 0006 1710052045640 2.4375 -74.5 0.28225246497095796 0
0009 0014 1710052045641 68.3125 -67.5 6.086835766330224 0
0009 0012 1710052045641 6.5 -61.0 5.399612373357457 0
0009 0001 1710052045641 0.0 -63.5 2.405281875404685 0
0009 0015 1710052045641 -9.75 -61.5 5.031456984264903 0
0009 0000 1710052045642 -9.75 -58.0 3.9699422790480394 0
0009 0013 1710052045642 27.625 -60.5 5.730952223540755 0
0009 0003 1710052045642 -27.625 -67.5 4.871922982324796 0
0009 0004 1710052045642 -13.0 -60.0 3.693825737228624 0
0009 0011 1710052045643 -117.125 -68.0 5.0682725231741586 0
0009 0005 1710052045643 13.0 -62.5 3.2949907323783574 0
0009 0008 1710052045643 9.75 -68.0 1.533980787885641 0
0009 0002 1710052045644 -201.8125 -71.5 4.663301595172349 0
0009 0006 1710052045701 5.4375 -74.5 3.368621810196868 0
