0009 0011 1710051404690 -78.0625 -65.0 5.730952223540755 0
0009 0014 1710051404697 -94.375 -62.0 4.724660826687775 0
0009 0000 1710051404698 -22.75 -58.5 2.5709518004963345 0
0009 0015 1710051404698 -13.0 -61.5 4.546719055293041 0
0009 0013 1710051404699 -135.0625 -66.0 5.546874528994478 0
0009 0004 1710051404700 -32.5 -66.0 0.5706408530934585 0
0009 0012 1710051404700 -13.0 -54.5 3.2336315008629315 0
0009 0001 1710051404701 68.3125 -67.5 0.2086213871524472 0
0009 0005 1710051404701 -159.5 -66.5 2.6139032625571326 0
0009 0003 1710051404702 100.875 -69.5 2.761165418194154 0
0009 0008 1710051404702 48.8125 -67.0 0.05522330836388308 0
0009 0002 1710051404702 16.25 -73.5 2.086213871524472 0
0009 0015 1710051404703 -22.75 -61.5 4.577398671050753 0
0009 0014 1710051404703 -13.0 -62.5 4.626486056263094 0
0009 0000 1710051404704 -35.75 -58.5 2.6323110320117604 0
0009 0003 1710051404704 -65.875 -68.0 2.9636508821950587 0
0009 0008 1710051404705 -19.5 -67.0 0.28225246497095796 0
0009 0004 1710051404705 45.5625 -65.5 0.5522330836388308 0
0009 0012 1710051404706 -19.5 -54.5 3.2888548092268146 0
0009 0001 1710051404706 -39.0 -67.5 0.42337869745643697 0
0009 0013 1710051404707 38.1875 -66.0 5.381204603902829 0
0009 0011 1710051404708 -94.375 -66.5 5.675728915176872 0
0009 0005 1710051404709 -84.625 -65.5 2.6261751088602177 0
0009 0002 1710051404777 -17.0625 -74.0 2.064738140494073 0
0009 0013 1710051404778 -90.3125 -66.0 5.632777453116074 0
0009 0001 1710051404779 113.875 -67.5 0.20248546400090464 0
0009 0015 1710051404781 6.5 -62.0 4.528311285838413 0
0009 0000 1710051404782 -3.25 -58.5 2.6384469551633027 0
0009 0005 1710051404783 -29.25 -65.5 2.5341362615870793 0
0009 0014 1710051404784 -110.625 -62.0 4.847379289718626 0
0009 0004 1710051404785 -3.25 -66.0 0.6749515466696822 0
0009 0012 1710051404786 -6.5 -55.0 3.2581751934691017 0
0009 0011 1710051404787 52.0625 -66.0 5.45483568172134 0
0009 0003 1710051404788 -78.0625 -67.5 3.0250101137104846 0
0009 0008 1710051404789 -87.875 -66.5 0.48473792897186263 0
0009 0002 1710051404791 17.0625 -71.5 1.9144080232812801 0
0009 0001 1710051404980 123.6875 -67.0 0.19634954084936207 0
0009 0014 1710051404981 -13.0 -62.5 4.651029748869264 0
0009 0013 1710051404982 -93.5625 -65.5 5.577554144752192 0
0009 0005 1710051404982 -55.3125 -66.5 2.6323110320117604 0
0009 0003 1710051404983 -45.5625 -68.5 3.0802334220743677 0
0009 0004 1710051404984 -113.875 -67.0 0.9326603190344698 0
0009 0012 1710051404986 0.0 -55.0 3.2704470397721868 0
0009 0000 1710051404987 39.0 -58.5 2.6445828783148455 0
0009 0011 1710051404987 -26.0 -66.0 5.632777453116074 0
0009 0015 1710051404989 0.0 -61.5 4.552854978444583 0
0009 0008 1710051404989 71.5625 -67.0 0.17794177139473438 0
0009 0002 1710051404990 -218.875 -72.0 2.478912953223196 0
0009 0013 1710051404991 -27.625 -66.0 5.5714182216006485 0
0009 0000 1710051404992 -19.5 -59.0 2.767301341345697 0
0009 0012 1710051404993 -6.5 -55.0 3.3011266555298997 0
0009 0005 1710051404994 -65.0625 -66.5 2.6568547246179306 0
0009 0008 1710051404995 -19.5 -67.0 0.380427235395639 0
0009 0004 1710051404996 -97.625 -66.5 0.9203884727313847 0
0009 0003 1710051404997 9.75 -68.5 3.0250101137104846 0
0009 0014 1710051404998 19.5 -62.0 4.589670517353839 0
0009 0001 1710051404999 39.0 -67.5 0.39269908169872414 0
0009 0011 1710051405000 52.0625 -65.5 5.6143696836614465 0
0009 0015 1710051405001 -3.25 -61.5 4.565126824747668 0
0009 0002 1710051405002 -302.6875 -72.5 2.6384469551633027 0
0009 0003 1710051405194 166.0 -69.0 2.804116880254952 0
0009 0011 1710051405195 32.5 -66.0 5.638913376267617 0
0009 0000 1710051405196 -3.25 -59.0 2.7550294950426117 0
0009 0008 1710051405197 -32.5 -67.5 0.42337869745643697 0
0009 0004 1710051405197 55.3125 -65.5 0.7792622402459057 0
0009 0005 1710051405198 -48.8125 -66.5 2.693670263527186 0
0009 0012 1710051405199 -39.0 -55.0 3.356349963893783 0
0009 0001 1710051405200 113.875 -67.0 0.36815538909255385 0
0009 0015 1710051405201 -55.3125 -61.5 4.6878452877785195 0
0009 0013 1710051405202 -27.625 -66.0 5.497787143782138 0
0009 0014 1710051405203 -16.25 -62.5 4.638757902566179 0
0009 0012 1710051405204 -22.75 -55.0 3.368621810196868 0
0009 0000 1710051405204 6.5 -59.0 2.82252464970958 0
0009 0003 1710051405205 -81.375 -69.0 3.2029518851052186 0
0009 0005 1710051405206 -26.0 -66.0 2.650718801466388 0
0009 0008 1710051405207 65.0625 -67.0 0.3190680038802134 0
0009 0001 1710051405208 -32.5 -68.5 0.6135923151542565 0
0009 0015 1710051405209 -29.25 -62.0 4.614214209960009 0
0009 0004 1710051405210 -78.0625 -65.5 0.9817477042468103 0
0009 0014 1710051405211 -35.75 -62.5 4.657165672020807 0
0009 0011 1710051405212 -58.5625 -66.5 5.7616318392984684 0
0009 0013 1710051405213 -17.0625 -66.0 5.540738605842936 0
0009 0002 1710051405213 -166.0 -71.5 2.3930100291016 0
0009 0011 1710051405402 -16.25 -65.5 5.822991070813893 0
0009 0015 1710051405403 -78.0625 -61.0 4.71238898038469 0
0009 0013 1710051405404 -10.5625 -66.0 5.5284667595398505 0
0009 0000 1710051405405 -29.25 -59.5 2.9206994201342606 0
0009 0012 1710051405405 0.0 -55.0 3.3502140407422405 0
0009 0014 1710051405406 -84.625 -62.5 4.773748211900116 0
0009 0004 1710051405407 0.0 -67.0 0.9203884727313847 0
0009 0008 1710051405408 39.0 -67.5 0.42337869745643697 0
0009 0003 1710051405409 22.75 -68.0 3.11091303783208 0
0009 0001 1710051405410 52.0625 -68.0 0.5338253141842031 0
0009 0005 1710051405410 162.75 -66.0 2.36846633649543 0
0009 0002 1710051405411 29.25 -71.5 2.1966604882522383 0
0009 0012 1710051405412 -6.5 -55.0 3.3747577333484107 0
0009 0013 1710051405413 111.4375 -65.5 5.368932757599744 0
0009 0005 1710051405414 -13.0 -66.0 2.730485802436441 0
0009 0014 1710051405414 -16.25 -62.5 4.669437518323892 0
0009 0004 1710051405415 -13.0 -65.5 0.9756117810952678 0
0009 0015 1710051405416 -19.5 -61.5 4.620350133111551 0
0009 0000 1710051405417 -3.25 -59.0 2.9206994201342606 0
0009 0001 1710051405418 -9.75 -67.5 0.6013204688511713 0
0009 0008 1710051405419 139.9375 -67.5 0.4295146206079795 0
0009 0003 1710051405420 55.3125 -68.5 3.1354567304382504 0
0009 0011 1710051405421 32.5 -66.0 5.583690067903734 0
0009 0002 1710051405527 68.3125 -73.5 5.279961871902377 0
0009 0014 1710051405527 26.0 -62.5 4.589670517353839 0
0009 0013 1710051405528 7.3125 -66.0 5.553010452146021 0
0009 0001 1710051405529 113.875 -67.0 0.4663301595172349 0
0009 0008 1710051405530 91.125 -67.5 0.46019423636569234 0
0009 0012 1710051405530 -22.75 -55.0 3.411573272257666 0
0009 0000 1710051405531 16.25 -59.5 2.9084275738311756 0
0009 0015 1710051405532 -3.25 -61.5 4.601942363656923 0
0009 0004 1710051405533 65.0625 -65.5 0.8160777791551611 0
0009 0011 1710051405534 -9.75 -65.5 5.737088146692298 0
0009 0002 1710051405535 78.0625 -71.5 2.337786720737717 0
0009 0003 1710051405535 26.0 -70.0 3.2029518851052186 0
0009 0005 1710051405537 -13.0 -65.5 2.761165418194154 0
0009 0013 1710051405723 -7.3125 -66.0 5.688000761479957 0
0009 0012 1710051405724 3.25 -55.0 3.3747577333484107 0
0009 0011 1710051405725 78.0625 -66.0 5.64504929941916 0
0009 0003 1710051405726 78.0625 -68.0 3.117048960983623 0
0009 0015 1710051405727 39.0 -61.0 4.546719055293041 0
0009 0004 1710051405728 -52.0625 -65.5 1.0799224746714913 0
0009 0000 1710051405728 -19.5 -59.5 3.0250101137104846 0
0009 0014 1710051405730 13.0 -63.0 4.601942363656923 0
0009 0001 1710051405730 32.5 -68.0 0.5890486225480862 0
0009 0002 1710051405731 -107.375 -72.5 2.3193789512830896 0
0009 0008 1710051405732 3.25 -67.5 0.5399612373357456 0
0009 0004 1710051405733 16.25 -65.5 0.9694758579437253 0
0009 0014 1710051405733 -9.75 -62.5 4.614214209960009 0
0009 0012 1710051405734 -3.25 -55.0 3.368621810196868 0
0009 0015 1710051405735 -65.0625 -61.5 4.657165672020807 0
0009 0002 1710051405736 69.125 -72.5 2.4605051837685683 0
0009 0001 1710051405736 -19.5 -67.0 0.6810874698212247 0
0009 0000 1710051405737 9.75 -59.5 2.9820586516496865 0
0009 0013 1710051405738 27.625 -65.5 5.540738605842936 0
0009 0011 1710051405739 -32.5 -66.0 5.859806609723149 0
0009 0005 1710051405739 39.0 -66.0 2.60776733940559 0
0009 0003 1710051405740 -45.5625 -68.5 3.356349963893783 0
0009 0008 1710051405741 42.3125 -67.5 0.7301748550335652 0
0009 0008 1710051405931 39.0 -67.5 0.6258641614573416 0
0009 0000 1710051405931 -19.5 -59.5 3.074097498922825 0
0009 0012 1710051405932 -9.75 -55.0 3.4054373491061236 0
0009 0005 1710051405933 61.8125 -66.0 2.6691265709210157 0
0009 0002 1710051405934 128.5625 -71.5 2.1537090261914402 0
0009 0014 1710051405934 -9.75 -62.5 4.71238898038469 0
0009 0015 1710051405935 -19.5 -61.5 4.601942363656923 0
0009 0003 1710051405936 -48.8125 -68.0 3.2765829629237295 0
0009 0011 1710051405937 91.125 -65.0 5.6573211457222445 0
0009 0004 1710051405937 55.3125 -66.0 0.9142525495798421 0
0009 0013 1710051405938 -93.5625 -66.0 5.737088146692298 0
0009 0001 1710051405939 45.5625 -68.0 0.6749515466696822 0
0009 0011 1710051405939 -13.0 -66.0 5.798447378207723 0
0009 0014 1710051405940 -13.0 -62.5 4.6878452877785195 0
0009 0013 1710051405941 76.4375 -66.0 5.4671075280244255 0
0009 0001 1710051405942 94.375 -67.5 0.5583690067903734 0
0009 0005 1710051405943 107.375 -65.0 2.5954954931025047 0
0009 0015 1710051405943 -6.5 -61.5 4.608078286808466 0
0009 0004 1710051405944 9.75 -65.5 0.9756117810952678 0
0009 0000 1710051405945 -42.3125 -59.5 3.129320807286708 0
0009 0012 1710051405946 -26.0 -55.0 3.399301425954581 0
0009 0003 1710051405946 34.9375 -69.0 3.1784081924990484 0
0009 0008 1710051405947 104.125 -67.5 0.6320000846088841 0
0009 0002 1710051405948 -392.1875 -72.5 2.675262494072558 0
0009 0011 1710051406147 -81.375 -65.5 5.878214379177777 0
0009 0005 1710051406147 3.25 -65.0 2.7120780329818137 0
0009 0004 1710051406148 68.3125 -66.5 0.8774370106705868 0
0009 0001 1710051406149 84.625 -67.5 0.6872233929727672 0
0009 0012 1710051406149 -16.25 -55.0 3.393165502803038 0
0009 0015 1710051406150 -42.3125 -61.5 4.6448938257177215 0
0009 0008 1710051406151 87.875 -67.5 0.5767767762450011 0
0009 0000 1710051406152 74.8125 -59.5 2.9943304979527716 0
0009 0014 1710051406152 22.75 -62.5 4.632621979414636 0
0009 0013 1710051406153 62.625 -66.0 5.491651220630596 0
0009 0003 1710051406154 61.8125 -68.5 3.215223731408304 0
0009 0008 1710051406154 -42.3125 -67.5 0.8651651643675016 0
0009 0005 1710051406155 -9.75 -65.5 2.8102528034064944 0
0009 0002 1710051406156 -90.3125 -72.5 2.650718801466388 0
0009 0011 1710051406156 87.875 -65.5 5.6573211457222445 0
0009 0012 1710051406157 -6.5 -55.0 3.393165502803038 0
0009 0000 1710051406158 29.25 -59.5 3.018874190558942 0
0009 0001 1710051406159 -22.75 -67.5 0.803805932852076 0
0009 0015 1710051406159 -78.0625 -61.5 4.71238898038469 0
0009 0004 1710051406160 22.75 -65.0 0.9694758579437253 0
0009 0013 1710051406161 27.625 -66.5 5.626641529964532 0
0009 0014 1710051406161 -22.75 -63.0 4.6448938257177215 0
0009 0003 1710051406162 -180.625 -68.0 3.472932503773092 0
0009 0003 1710051406275 -3.25 -69.0 3.2336315008629315 0
0009 0013 1710051406276 41.5 -66.0 5.577554144752192 0
0009 0005 1710051406277 84.625 -65.0 2.693670263527186 0
0009 0011 1710051406278 -29.25 -66.0 5.786175531904639 0
0009 0014 1710051406278 22.75 -62.5 4.632621979414636 0
0009 0015 1710051406279 16.25 -62.0 4.571262747899211 0
0009 0000 1710051406280 -35.75 -59.5 3.104777114680538 0
0009 0008 1710051406280 22.75 -68.0 0.6688156235181395 0
0009 0012 1710051406281 -22.75 -55.0 3.4177091954092087 0
0009 0001 1710051406282 -3.25 -67.5 0.6749515466696822 0
0009 0004 1710051406283 32.5 -65.0 0.944932165337555 0
0009 0002 1710051406283 34.9375 -73.5 2.227340104009951 0
0009 0015 1710051406475 -65.0625 -61.5 4.700117134081604 0
0009 0013 1710051406476 -69.125 -66.0 5.66959299202533 0
0009 0005 1710051406476 -107.375 -65.5 2.9391071895888885 0
0009 0011 1710051406477 26.0 -65.5 5.7616318392984684 0
0009 0012 1710051406478 -3.25 -55.0 3.3747577333484107 0
0009 0000 1710051406479 -26.0 -59.0 3.074097498922825 0
0009 0014 1710051406479 -78.0625 -62.5 4.7860200582032 0
0009 0002 1710051406480 34.9375 -72.5 2.2886993355253766 0
0009 0003 1710051406481 -107.375 -68.5 3.4054373491061236 0
0009 0008 1710051406482 35.75 -68.0 0.48473792897186263 0
0009 0001 1710051406482 6.5 -67.5 0.5767767762450011 0
0009 0004 1710051406483 16.25 -65.5 1.0062913968529805 0
0009 0013 1710051406485 34.9375 -65.5 5.47937937432751 0
0009 0004 1710051406486 -45.5625 -65.0 1.0676506283684062 0
0009 0008 1710051406487 -16.25 -68.0 0.4663301595172349 0
0009 0015 1710051406487 -78.0625 -61.5 4.706253057233147 0
0009 0014 1710051406488 -16.25 -62.5 4.657165672020807 0
0009 0000 1710051406489 22.75 -59.5 2.9636508821950587 0
0009 0012 1710051406489 -39.0 -55.0 3.4177091954092087 0
0009 0002 1710051406490 197.6875 -71.5 1.8530487917658545 0
0009 0005 1710051406491 13.0 -65.5 2.693670263527186 0
0009 0003 1710051406491 55.3125 -68.5 3.098641191528995 0
0009 0001 1710051406492 -9.75 -68.0 0.6442719309119693 0
0009 0011 1710051406493 -107.375 -66.0 5.835262917116979 0
0009 0014 1710051406687 -87.875 -62.5 4.724660826687775 0
0009 0013 1710051406688 -45.5625 -66.0 5.522330836388308 0
0009 0004 1710051406689 45.5625 -66.0 0.9019807032767571 0
0009 0000 1710051406689 -3.25 -59.5 2.9820586516496865 0
0009 0003 1710051406690 -136.6875 -68.5 3.368621810196868 0
0009 0012 1710051406691 16.25 -55.0 3.3379421944391554 0
0009 0002 1710051406692 146.4375 -71.0 2.043262409463674 0
0009 0011 1710051406692 -39.0 -65.5 5.816855147662351 0
0009 0001 1710051406693 42.3125 -67.5 0.6013204688511713 0
0009 0005 1710051406694 -29.25 -65.5 2.736621725587984 0
0009 0015 1710051406694 26.0 -61.0 4.546719055293041 0
0009 0008 1710051406695 -39.0 -68.5 0.4908738521234052 0
0009 0000 1710051406696 -78.0625 -59.0 3.074097498922825 0
0009 0012 1710051406697 -29.25 -55.0 3.393165502803038 0
0009 0011 1710051406698 -100.875 -66.0 5.957981380147831 0
0009 0015 1710051406699 -42.3125 -61.0 4.638757902566179 0
0009 0013 1710051406699 13.8125 -65.5 5.553010452146021 0
0009 0008 1710051406700 65.0625 -68.5 0.35588354278946877 0
0009 0004 1710051406701 58.5625 -65.0 0.8160777791551611 0
0009 0014 1710051406702 -136.6875 -62.5 4.890330751779424 0
0009 0005 1710051406708 -3.25 -65.5 2.742757648739526 0
0009 0003 1710051406709 -65.875 -68.0 3.2888548092268146 0
0009 0001 1710051406710 65.0625 -67.5 0.5583690067903734 0
0009 0002 1710051406711 52.0625 -71.5 2.1537090261914402 0
0009 0011 1710051406902 26.0 -65.5 5.675728915176872 0
0009 0008 1710051406903 -29.25 -68.5 0.4724660826687775 0
0009 0012 1710051406904 0.0 -55.0 3.3440781175906977 0
0009 0000 1710051406905 0.0 -59.5 2.9022916506796332 0
0009 0001 1710051406905 35.75 -67.0 0.4540583132141498 0
0009 0004 1710051406906 -29.25 -65.5 0.9142525495798421 0
0009 0014 1710051406907 -29.25 -62.5 4.693981210930062 0
0009 0015 1710051406907 13.0 -61.5 4.571262747899211 0
0009 0003 1710051406908 -6.5 -68.5 3.153864499892878 0
0009 0013 1710051406908 69.125 -65.0 5.381204603902829 0
0009 0005 1710051406909 -58.5625 -65.5 2.705942109830271 0
0009 0002 1710051406909 -139.125 -71.5 2.5893595699509624 0
0009 0015 1710051406910 3.25 -61.0 4.571262747899211 0
0009 0008 1710051406911 52.0625 -68.5 0.32520392703175593 0
0009 0005 1710051406911 0.0 -65.5 2.650718801466388 0
0009 0002 1710051406928 -222.125 -72.5 2.6445828783148455 0
0009 0011 1710051406929 -32.5 -66.0 5.780039608753096 0
0009 0014 1710051406931 -22.75 -62.0 4.663301595172349 0
0009 0012 1710051406931 -13.0 -55.0 3.3624858870453256 0
0009 0001 1710051406932 22.75 -67.5 0.4908738521234052 0
0009 0013 1710051406933 -30.875 -65.5 5.589825991055276 0
0009 0000 1710051406934 -6.5 -59.0 2.8777479580734626 0
0009 0003 1710051406935 -87.875 -69.0 3.08636934522591 0
0009 0004 1710051406936 6.5 -66.0 0.8406214717613314 0
0009 0011 1710051407025 -13.0 -66.0 5.835262917116979 0
0009 0001 1710051407026 26.0 -67.5 0.619728238305799 0
0009 0008 1710051407026 68.3125 -69.0 0.25157284921324513 0
0009 0004 1710051407027 -29.25 -65.5 0.8467573949128739 0
0009 0015 1710051407028 -68.3125 -61.5 4.663301595172349 0
0009 0013 1710051407028 13.8125 -66.0 5.5100589900852235 0
0009 0000 1710051407029 35.75 -59.0 2.8102528034064944 0
0009 0005 1710051407029 61.8125 -65.5 2.5280003384355365 0
0009 0012 1710051407030 -19.5 -55.0 3.380893656499953 0
0009 0014 1710051407031 13.0 -63.0 4.601942363656923 0
0009 0003 1710051407031 -61.8125 -68.5 3.1661363461959633 0
0009 0002 1710051407032 183.875 -72.0 2.0800779483729293 0
0009 0008 1710051407215 45.5625 -68.5 0.2270291566070749 0
0009 0001 1710051407216 22.75 -68.0 0.4970097752749477 0
0009 0003 1710051407216 -13.0 -69.0 3.067961575771282 0
0009 0005 1710051407217 -19.5 -66.0 2.662990647769473 0
0009 0012 1710051407217 -13.0 -55.0 3.3440781175906977 0
0009 0004 1710051407218 -58.5625 -65.5 0.9510680884890975 0
0009 0013 1710051407218 -52.0625 -66.0 5.595961914206819 0
0009 0011 1710051407219 97.625 -65.5 5.64504929941916 0
0009 0000 1710051407220 52.0625 -59.0 2.791845033951867 0
0009 0015 1710051407220 0.0 -61.5 4.589670517353839 0
0009 0014 1710051407221 -58.5625 -62.5 4.663301595172349 0
0009 0002 1710051407221 -163.5625 -72.5 2.313243028131547 0
0009 0015 1710051407223 35.75 -61.5 4.601942363656923 0
0009 0008 1710051407224 -78.0625 -68.0 0.4540583132141498 0
0009 0013 1710051407224 100.875 -65.0 5.325981295538946 0
0009 0014 1710051407225 9.75 -62.5 4.657165672020807 0
0009 0005 1710051407226 -45.5625 -65.0 2.6691265709210157 0
0009 0012 1710051407226 6.5 -55.0 3.3011266555298997 0
0009 0004 1710051407227 26.0 -66.0 0.859029241215959 0
0009 0003 1710051407227 -149.6875 -69.0 3.3870295796514958 0
0009 0002 1710051407228 -131.8125 -72.5 2.282563412373834 0
0009 0001 1710051407229 16.25 -68.0 0.4970097752749477 0
0009 0000 1710051407229 -13.0 -59.0 2.8716120349219203 0
0009 0011 1710051407230 -35.75 -66.0 5.780039608753096 0
0009 0005 1710051407424 -42.3125 -66.0 2.6445828783148455 0
0009 0012 1710051407424 0.0 -55.0 3.3011266555298997 0
0009 0004 1710051407425 -22.75 -65.5 0.8774370106705868 0
0009 0015 1710051407425 -6.5 -61.5 4.565126824747668 0
0009 0000 1710051407426 -6.5 -59.5 2.8838838812250054 0
0009 0013 1710051407426 7.3125 -66.0 5.50392306693368 0
0009 0003 1710051407427 -232.6875 -68.0 3.497476196379262 0
0009 0001 1710051407428 -13.0 -68.0 0.5767767762450011 0
0009 0002 1710051407428 -229.4375 -71.5 2.350058567040802 0
0009 0014 1710051407429 9.75 -62.5 4.608078286808466 0
0009 0011 1710051407429 19.5 -65.5 5.700272607783043 0
0009 0008 1710051407430 152.9375 -67.5 0.18407769454627693 0
0009 0005 1710051407430 68.3125 -65.5 2.4850488763747385 0
0009 0011 1710051407431 100.875 -66.0 5.602097837358362 0
0009 0012 1710051407431 6.5 -55.0 3.3072625786814425 0
0009 0014 1710051407432 -19.5 -62.5 4.663301595172349 0
0009 0003 1710051407432 65.875 -69.0 2.988194574801229 0
0009 0015 1710051407433 -42.3125 -61.5 4.608078286808466 0
0009 0000 1710051407433 -29.25 -59.0 2.890019804376548 0
0009 0001 1710051407434 16.25 -68.0 0.607456392002714 0
0009 0013 1710051407434 -13.8125 -65.5 5.565282298449106 0
0009 0004 1710051407435 6.5 -65.5 0.8160777791551611 0
0009 0008 1710051407435 9.75 -68.5 0.4049709280018093 0
0009 0002 1710051407436 -277.4375 -72.5 2.730485802436441 0
0009 0001 1710051407633 -71.5625 -67.5 0.6688156235181395 0
0009 0004 1710051407633 -9.75 -65.0 0.859029241215959 0
0009 0012 1710051407634 0.0 -55.0 3.3195344249845276 0
0009 0015 1710051407634 -22.75 -61.5 4.614214209960009 0
0009 0011 1710051407635 -3.25 -65.5 5.737088146692298 0
0009 0003 1710051407635 163.5625 -68.0 2.8532042654672924 0
0009 0005 1710051407636 -87.875 -65.5 2.7550294950426117 0
0009 0000 1710051407637 3.25 -59.0 2.8716120349219203 0
0009 0013 1710051407637 52.0625 -65.5 5.589825991055276 0
0009 0014 1710051407638 -9.75 -62.5 4.632621979414636 0
0009 0008 1710051407638 -91.125 -68.0 0.4172427743048944 0
0009 0002 1710051407639 104.125 -72.5 2.061670178918302 0
0009 0013 1710051407639 -13.8125 -65.5 5.534602682691394 0
0009 0014 1710051407640 -110.625 -62.5 4.841243366567084 0
0009 0008 1710051407640 -26.0 -69.0 0.47860200582032003 0
0009 0003 1710051407641 -61.8125 -68.5 3.215223731408304 0
0009 0015 1710051407642 9.75 -61.5 4.546719055293041 0
0009 0004 1710051407643 0.0 -66.0 0.7669903939428205 0
0009 0012 1710051407643 22.75 -55.0 3.2827188860752723 0
0009 0000 1710051407644 26.0 -59.0 2.84706834231575 0
0009 0001 1710051407644 -26.0 -67.5 0.6933593161243098 0
0009 0005 1710051407645 -39.0 -66.0 2.730485802436441 0
0009 0011 1710051407645 19.5 -66.0 5.71868037723767 0
0009 0002 1710051407646 -65.875 -73.0 2.2027964114037806 0
0009 0013 1710051407776 -125.3125 -65.5 5.737088146692298 0
0009 0014 1710051407777 -19.5 -63.0 4.669437518323892 0
0009 0005 1710051407778 87.875 -65.5 2.509592568980909 0
0009 0000 1710051407778 3.25 -59.0 2.8654761117703775 0
0009 0011 1710051407779 55.3125 -65.5 5.595961914206819 0
0009 0004 1710051407779 -110.625 -66.5 1.0615147052168636 0
0009 0003 1710051407780 6.5 -69.0 3.2213596545598464 0
0009 0001 1710051407780 -16.25 -68.5 0.607456392002714 0
0009 0012 1710051407781 6.5 -55.0 3.313398501832985 0
0009 0008 1710051407781 84.625 -67.5 0.39269908169872414 0
0009 0015 1710051407782 -39.0 -61.5 4.601942363656923 0
0009 0002 1710051407782 -120.4375 -72.5 2.6139032625571326 0
0009 0005 1710051407951 58.5625 -65.5 2.521864415283994 0
0009 0015 1710051407952 -32.5 -61.5 4.638757902566179 0
0009 0002 1710051407952 107.375 -72.0 2.0493983326152168 0
0009 0003 1710051407953 -107.375 -69.0 3.3195344249845276 0
0009 0000 1710051407954 -9.75 -59.5 2.9145634969827183 0
0009 0014 1710051407955 58.5625 -62.0 4.577398671050753 0
0009 0012 1710051407956 -29.25 -55.0 3.3747577333484107 0
0009 0013 1710051407956 17.0625 -65.0 5.602097837358362 0
0009 0011 1710051407957 -19.5 -65.5 5.798447378207723 0
0009 0004 1710051407958 100.875 -66.0 0.6749515466696822 0
0009 0008 1710051407964 9.75 -68.5 0.4172427743048944 0
0009 0001 1710051407965 29.25 -67.5 0.5338253141842031 0
0009 0014 1710051407968 3.25 -63.0 4.626486056263094 0
0009 0012 1710051407969 6.5 -55.0 3.3195344249845276 0
0009 0000 1710051407970 -19.5 -59.0 2.9206994201342606 0
0009 0004 1710051407971 -22.75 -66.0 0.8958447801252144 0
0009 0015 1710051407972 -35.75 -61.5 4.608078286808466 0
0009 0003 1710051407973 0.0 -68.0 3.117048960983623 0
0009 0011 1710051407974 -39.0 -66.0 5.7616318392984684 0
0009 0013 1710051407975 7.3125 -66.5 5.47937937432751 0
0009 0005 1710051407975 -35.75 -66.0 2.6998061866787286 0
0009 0008 1710051407976 26.0 -67.5 0.4295146206079795 0
0009 0001 1710051407977 16.25 -67.5 0.6135923151542565 0
0009 0002 1710051407978 -107.375 -73.0 2.2396119503130363 0
0009 0012 1710051408162 -9.75 -54.5 3.356349963893783 0
0009 0014 1710051408162 9.75 -62.5 4.657165672020807 0
0009 0008 1710051408163 136.6875 -68.0 0.30066023442558565 0
0009 0005 1710051408163 -16.25 -65.5 2.5954954931025047 0
0009 0000 1710051408164 39.0 -59.0 2.84706834231575 0
0009 0015 1710051408164 -39.0 -61.0 4.632621979414636 0
0009 0011 1710051408164 35.75 -66.0 5.6941366846315 0
0009 0004 1710051408165 -19.5 -66.0 0.944932165337555 0
0009 0003 1710051408165 48.8125 -68.5 3.0925052683774528 0
0009 0001 1710051408166 -39.0 -68.0 0.7179030087304801 0
0009 0013 1710051408166 -100.875 -66.5 5.688000761479957 0
0009 0002 1710051408167 27.625 -72.5 2.2764274892222915 0
0009 0008 1710051408167 -26.0 -67.0 0.5276893910326605 0
0009 0012 1710051408167 -3.25 -55.0 3.3502140407422405 0
0009 0000 1710051408168 -3.25 -59.0 2.8838838812250054 0
0009 0004 1710051408168 39.0 -66.5 0.859029241215959 0
0009 0013 1710051408169 -52.0625 -66.0 5.5714182216006485 0
0009 0014 1710051408169 -19.5 -62.5 4.669437518323892 0
0009 0003 1710051408169 55.3125 -68.5 3.018874190558942 0
0009 0015 1710051408170 -71.5625 -61.5 4.595806440505381 0
0009 0005 1710051408170 39.0 -65.5 2.5402721847386216 0
0009 0001 1710051408171 26.0 -68.0 0.5645049299419159 0
0009 0011 1710051408171 52.0625 -65.5 5.608233760509904 0
0009 0002 1710051408171 163.5625 -71.0 2.098485717827557 0
0009 0004 1710051408274 65.0625 -65.5 0.8958447801252144 0
0009 0014 1710051408274 -48.8125 -62.5 4.693981210930062 0
0009 0003 1710051408275 -9.75 -68.0 3.147728576741336 0
0009 0008 1710051408275 71.5625 -66.5 0.3988350048502667 0
0009 0005 1710051408275 6.5 -65.5 2.6445828783148455 0
0009 0013 1710051408276 87.0625 -66.0 5.45483568172134 0
0009 0012 1710051408276 13.0 -55.0 3.3379421944391554 0
0009 0011 1710051408277 29.25 -65.5 5.681864838328415 0
0009 0000 1710051408277 0.0 -58.5 2.9145634969827183 0
0009 0015 1710051408277 -3.25 -61.5 4.583534594202296 0
0009 0001 1710051408278 81.375 -67.5 0.5890486225480862 0
0009 0002 1710051408278 -45.5625 -72.0 2.521864415283994 0
0009 0014 1710051408487 -48.8125 -62.0 4.724660826687775 0
0009 0008 1710051408487 -19.5 -68.0 0.4724660826687775 0
0009 0000 1710051408488 -19.5 -59.0 2.724349879284899 0
0009 0001 1710051408488 -29.25 -68.0 0.6258641614573416 0
0009 0011 1710051408489 -35.75 -65.5 5.841398840268521 0
0009 0015 1710051408489 45.5625 -61.5 4.534447208989955 0
0009 0003 1710051408489 208.3125 -68.5 2.779573187648782 0
0009 0012 1710051408490 -19.5 -55.0 3.3747577333484107 0
0009 0004 1710051408490 9.75 -66.0 0.9265243958829272 0
0009 0013 1710051408491 -24.375 -66.0 5.730952223540755 0
0009 0005 1710051408491 -257.125 -65.5 3.0802334220743677 0
0009 0002 1710051408492 24.375 -71.5 2.1537090261914402 0
0009 0000 1710051408494 -3.25 -59.0 2.693670263527186 0
0009 0013 1710051408495 -34.9375 -65.5 5.632777453116074 0
0009 0005 1710051408495 3.25 -65.5 2.7550294950426117 0
0009 0003 1710051408496 149.6875 -68.0 2.9145634969827183 0
0009 0015 1710051408496 9.75 -61.5 4.546719055293041 0
0009 0001 1710051408497 -55.3125 -68.0 0.7240389318820226 0
0009 0014 1710051408497 55.3125 -63.0 4.509903516383785 0
0009 0012 1710051408498 -9.75 -55.0 3.3440781175906977 0
0009 0011 1710051408499 -104.125 -66.0 5.853670686571607 0
0009 0008 1710051408499 91.125 -68.0 0.4540583132141498 0
0009 0004 1710051408499 -26.0 -66.0 0.8897088569736719 0
0009 0002 1710051408500 -111.4375 -73.5 2.3071071049800045 0
0009 0005 1710051408700 6.5 -66.0 2.6139032625571326 0
0009 0013 1710051408701 -17.0625 -66.5 5.675728915176872 0
0009 0008 1710051408701 -22.75 -67.5 0.5890486225480862 0
0009 0004 1710051408701 91.125 -65.5 0.803805932852076 0
0009 0001 1710051408702 117.125 -67.5 0.44178646691106466 0
0009 0011 1710051408702 -84.625 -66.0 5.902758071783947 0
0009 0003 1710051408703 84.625 -68.0 3.0495538063166547 0
0009 0015 1710051408703 -35.75 -61.0 4.614214209960009 0
0009 0012 1710051408703 -3.25 -55.5 3.3502140407422405 0
0009 0000 1710051408704 29.25 -59.0 2.6691265709210157 0
0009 0014 1710051408704 0.0 -62.0 4.663301595172349 0
0009 0002 1710051408705 163.5625 -73.0 2.0371264863121317 0
0009 0002 1710051408705 -48.8125 -71.5 2.2027964114037806 0
0009 0015 1710051408706 -13.0 -62.0 4.571262747899211 0
0009 0011 1710051408706 19.5 -66.0 5.773903685601553 0
0009 0008 1710051408707 45.5625 -67.0 0.6013204688511713 0
0009 0005 1710051408707 55.3125 -65.5 2.60776733940559 0
0009 0013 1710051408707 -48.8125 -66.5 5.64504929941916 0
0009 0004 1710051408708 87.875 -66.0 0.7853981633974483 0
0009 0012 1710051408708 -26.0 -55.0 3.368621810196868 0
0009 0001 1710051408709 61.8125 -68.0 0.607456392002714 0
0009 0014 1710051408709 39.0 -62.5 4.583534594202296 0
0009 0000 1710051408709 9.75 -59.0 2.718213956133356 0
0009 0003 1710051408710 13.8125 -68.0 3.2336315008629315 0
0009 0004 1710051408913 97.625 -66.0 0.8099418560036186 0
0009 0005 1710051408913 -26.0 -65.5 2.859340188618835 0
0009 0011 1710051408914 -32.5 -65.5 5.786175531904639 0
0009 0000 1710051408914 6.5 -59.0 2.761165418194154 0
0009 0008 1710051408914 -68.3125 -67.5 0.7669903939428205 0
0009 0015 1710051408915 -48.8125 -61.5 4.681709364626977 0
0009 0012 1710051408915 3.25 -55.0 3.3440781175906977 0
0009 0001 1710051408916 32.5 -68.0 0.6872233929727672 0
0009 0014 1710051408916 16.25 -63.0 4.589670517353839 0
0009 0013 1710051408917 62.625 -66.0 5.448699758569798 0
0009 0003 1710051408918 -3.25 -68.0 3.184544115650591 0
0009 0002 1710051408919 135.0625 -71.5 2.172116795646068 0
0009 0014 1710051408919 -9.75 -63.0 4.657165672020807 0
0009 0015 1710051408920 3.25 -62.0 4.595806440505381 0
0009 0003 1710051408920 73.1875 -68.5 3.153864499892878 0
0009 0008 1710051408921 152.9375 -68.0 0.48473792897186263 0
0009 0001 1710051408921 -6.5 -67.5 0.7240389318820226 0
0009 0011 1710051408922 -55.3125 -66.5 5.841398840268521 0
0009 0000 1710051408922 13.0 -59.0 2.761165418194154 0
0009 0012 1710051408922 6.5 -55.0 3.3318062712876126 0
0009 0005 1710051408923 -13.0 -65.5 2.779573187648782 0
0009 0002 1710051408923 -177.375 -71.5 2.564815877344792 0
0009 0013 1710051408924 10.5625 -65.5 5.534602682691394 0
0009 0004 1710051408924 81.375 -65.5 0.7915340865489908 0
0009 0000 1710051409024 -6.5 -59.0 2.767301341345697 0
0009 0015 1710051409025 35.75 -61.5 4.509903516383785 0
0009 0014 1710051409025 61.8125 -62.5 4.583534594202296 0
0009 0002 1710051409026 -24.375 -71.0 2.3193789512830896 0
0009 0003 1710051409026 -48.8125 -69.0 3.2213596545598464 0
0009 0004 1710051409027 71.5625 -66.0 0.9265243958829272 0
0009 0012 1710051409027 -3.25 -55.0 3.368621810196868 0
0009 0013 1710051409027 55.3125 -66.5 5.595961914206819 0
0009 0001 1710051409028 130.1875 -68.0 0.5460971604872883 0
0009 0005 1710051409029 -45.5625 -66.0 2.834796496012665 0
0009 0011 1710051409030 -61.8125 -66.5 5.8659425328746915 0
0009 0008 1710051409030 -61.8125 -67.0 0.7853981633974483 0
0009 0004 1710051409232 32.5 -65.0 0.9940195505498954 0
0009 0014 1710051409232 39.0 -62.5 4.546719055293041 0
0009 0008 1710051409233 29.25 -66.5 0.5951845456996288 0
0009 0012 1710051409233 -6.5 -55.0 3.3747577333484107 0
0009 0015 1710051409233 -45.5625 -61.5 4.595806440505381 0
0009 0001 1710051409234 -13.0 -67.5 0.705631162427395 0
0009 0005 1710051409234 -3.25 -66.0 2.8102528034064944 0
0009 0011 1710051409234 104.125 -65.0 5.608233760509904 0
0009 0013 1710051409235 59.375 -65.5 5.565282298449106 0
0009 0000 1710051409235 -9.75 -59.0 2.8654761117703775 0
0009 0002 1710051409236 -205.0625 -71.5 2.7120780329818137 0
0009 0003 1710051409236 -13.0 -68.5 3.2090878082567613 0
0009 0008 1710051409237 6.5 -67.0 0.7117670855789375 0
0009 0013 1710051409237 -107.375 -66.0 5.6941366846315 0
0009 0011 1710051409238 -45.5625 -66.0 5.8659425328746915 0
0009 0012 1710051409238 -13.0 -55.0 3.3747577333484107 0
0009 0000 1710051409238 -13.0 -59.0 2.8777479580734626 0
0009 0005 1710051409239 0.0 -65.0 2.779573187648782 0
0009 0014 1710051409239 -13.0 -63.0 4.675573441475434 0
0009 0015 1710051409239 6.5 -61.5 4.534447208989955 0
0009 0004 1710051409240 22.75 -65.5 1.0246991663076084 0
0009 0003 1710051409240 -13.8125 -68.5 3.2643111166206444 0
0009 0001 1710051409240 35.75 -67.5 0.705631162427395 0
0009 0002 1710051409241 79.75 -71.5 2.2518837966161214 0
0009 0015 1710051409445 -123.6875 -61.5 4.675573441475434 0
0009 0008 1710051409446 -52.0625 -67.0 0.8222137023067037 0
0009 0000 1710051409446 6.5 -59.0 2.859340188618835 0
0009 0012 1710051409447 -26.0 -55.5 3.4177091954092087 0
0009 0002 1710051409447 -166.8125 -71.5 2.6568547246179306 0
0009 0001 1710051409448 -139.9375 -67.5 1.0737865515199487 0
0009 0014 1710051409448 -9.75 -63.0 4.681709364626977 0
0009 0004 1710051409449 29.25 -66.0 1.0185632431560658 0
0009 0013 1710051409449 13.8125 -66.5 5.45483568172134 0
0009 0011 1710051409450 45.5625 -66.0 5.822991070813893 0
0009 0003 1710051409450 -45.5625 -69.0 3.393165502803038 0
0009 0005 1710051409450 -35.75 -66.0 2.834796496012665 0
0009 0002 1710051409451 111.4375 -71.5 2.2212041808584084 0
0009 0011 1710051409451 -3.25 -66.5 5.792311455056181 0
0009 0008 1710051409452 -55.3125 -68.0 0.8283496254582462 0
0009 0013 1710051409452 7.3125 -66.5 5.632777453116074 0
0009 0012 1710051409452 0.0 -55.0 3.399301425954581 0
0009 0001 1710051409453 6.5 -67.0 0.7363107781851077 0
0009 0000 1710051409453 19.5 -59.0 2.859340188618835 0
0009 0005 1710051409454 -9.75 -65.0 2.834796496012665 0
0009 0015 1710051409454 -58.5625 -61.5 4.626486056263094 0
0009 0004 1710051409455 -45.5625 -65.0 1.141281706186917 0
0009 0014 1710051409455 -6.5 -62.5 4.651029748869264 0
0009 0003 1710051409456 94.375 -67.5 3.1661363461959633 0
