0000 0006 1710578065287 -78.0625 -65.0 3.2949907323783574 18
0000 0000 1710578065288 183.875 -69.5 1.5462526341887264 18
0000 0001 1710578065288 -29.25 -62.5 5.730952223540755 18
0000 0013 1710578065289 19.5 -57.0 0.25770877236478773 18
0000 0005 1710578065290 29.25 -57.0 1.337631247036279 18
0000 0004 1710578065290 42.3125 -59.5 5.141903600992669 18
0000 0014 1710578065290 6.5 -55.0 1.5953400194010667 18
0000 0009 1710578065291 -17.0625 -56.0 1.6382914814618648 18
0000 0007 1710578065291 32.5 -61.5 2.5464081078901644 18
0000 0015 1710578065291 26.0 -64.0 5.681864838328415 18
0000 0008 1710578065292 3.25 -56.5 0.3620194659410113 18
0000 0003 1710578065292 16.25 -67.5 5.0253210611133605 18
0000 0012 1710578065292 13.0 -54.0 1.5155730184310134 18
0000 0002 1710578065293 -21.3125 -77.0 0.14112623248547898 18
0000 0014 1710578065422 22.75 -55.0 1.5707963267948966 18
0000 0005 1710578065423 61.8125 -57.0 1.325359400733194 18
0000 0004 1710578065423 -13.0 -59.5 5.190990986205009 18
0000 0000 1710578065423 131.8125 -69.5 1.4173982480063325 18
0000 0007 1710578065424 29.25 -61.5 2.448233337465483 18
0000 0008 1710578065424 29.25 -56.0 0.3374757733348411 18
0000 0006 1710578065424 9.75 -65.0 3.129320807286708 18
0000 0003 1710578065425 6.5 -67.5 5.062136600022616 18
0000 0013 1710578065425 -9.75 -56.5 0.2945243112740431 18
0000 0009 1710578065425 -17.0625 -56.0 1.6444274046134073 18
0000 0001 1710578065426 -84.625 -62.0 5.829126993965437 18
0000 0015 1710578065426 -13.0 -64.0 5.7616318392984684 18
0000 0012 1710578065427 32.5 -54.0 1.4664856332186729 18
0000 0002 1710578065427 23.75 -77.5 6.105243535784852 18
0000 0006 1710578065428 -13.0 -64.0 3.6017868899554855 18
0000 0007 1710578065428 13.0 -64.0 1.8530487917658545 18
0000 0001 1710578065428 -13.0 -62.0 5.767767762450011 18
0000 0014 1710578065429 -3.25 -55.0 1.607611865704152 18
0000 0005 1710578065429 32.5 -57.0 1.3314953238847365 18
0000 0004 1710578065429 -35.75 -59.5 5.184855063053467 18
0000 0003 1710578065430 -19.5 -67.0 5.006913291658733 18
0000 0015 1710578065430 -9.75 -64.0 5.780039608753096 18
0000 0008 1710578065430 35.75 -56.5 0.30679615757712825 18
0000 0009 1710578065431 10.5625 -56.5 1.5892040962495242 18
0000 0013 1710578065431 -6.5 -56.0 0.2638446955163303 18
0000 0012 1710578065431 3.25 -54.0 1.5155730184310134 18
0000 0000 1710578065432 173.3125 -70.5 1.4358060174609601 18
0000 0002 1710578065537 2.875 -78.0 0.018407769454627694 18
0000 0008 1710578065679 -6.5 -56.0 0.36815538909255385 18
0000 0009 1710578065680 -10.5625 -56.0 1.6198837120072371 18
0000 0012 1710578065680 32.5 -54.0 1.4664856332186729 18
0000 0007 1710578065680 65.0625 -64.0 1.6260196351587797 18
0000 0015 1710578065681 -35.75 -63.5 5.810719224510809 18
0000 0004 1710578065681 -32.5 -59.5 5.325981295538946 18
0000 0001 1710578065681 19.5 -62.0 5.730952223540755 18
0000 0005 1710578065682 13.8125 -57.0 1.2946797849754812 18
0000 0014 1710578065682 3.25 -55.5 1.5953400194010667 18
0000 0006 1710578065682 -35.75 -65.5 3.7429131224409646 18
0000 0003 1710578065683 -35.75 -67.5 5.056000676871073 18
0000 0013 1710578065683 26.0 -56.0 0.2086213871524472 18
0000 0000 1710578065683 45.5625 -71.5 1.8530487917658545 18
0000 0002 1710578065683 -6.25 -78.0 0.03681553890925539 18
0000 0004 1710578065684 -35.75 -60.0 5.301437602932776 18
0000 0005 1710578065684 -3.25 -57.0 1.3621749396424494 18
0000 0012 1710578065684 13.0 -53.5 1.5278448647340985 18
0000 0013 1710578065685 9.75 -56.5 0.2454369260617026 18
0000 0014 1710578065685 22.75 -55.0 1.5953400194010667 18
0000 0008 1710578065685 9.75 -56.5 0.35588354278946877 18
0000 0015 1710578065686 -32.5 -63.5 5.792311455056181 18
0000 0001 1710578065686 35.75 -62.5 5.700272607783043 18
0000 0009 1710578065686 24.375 -56.5 1.6198837120072371 18
0000 0000 1710578065687 58.5625 -70.5 1.4419419406125027 18
0000 0007 1710578065688 -6.5 -64.0 1.8530487917658545 18
0000 0006 1710578065688 -48.8125 -65.0 3.5588354278946874 18
0000 0003 1710578065688 -100.875 -67.5 5.264622064023521 18
0000 0002 1710578065787 6.0625 -77.5 0.03681553890925539 18
0000 0006 1710578065926 -26.0 -65.0 3.877903431774901 18
0000 0008 1710578065926 9.75 -56.0 0.3620194659410113 18
0000 0012 1710578065927 -3.25 -53.5 1.5401167110371838 18
0000 0015 1710578065927 -78.0625 -63.5 5.884350302329319 18
0000 0005 1710578065927 -13.0 -57.0 1.3192234775816514 18
0000 0004 1710578065928 -6.5 -59.5 5.111223985234957 18
0000 0013 1710578065928 22.75 -56.5 0.25157284921324513 18
0000 0014 1710578065928 19.5 -55.0 1.5707963267948966 18
0000 0003 1710578065929 -71.5625 -67.5 5.197126909356553 18
0000 0007 1710578065929 32.5 -65.0 1.6689710972195777 18
0000 0009 1710578065929 27.625 -56.5 1.5830681730979816 18
0000 0000 1710578065930 -34.9375 -70.5 1.8775924843720249 18
0000 0001 1710578065930 -6.5 -62.0 5.737088146692298 18
0000 0002 1710578065930 -4.875 -77.0 0.04295146206079795 18
0000 0004 1710578065930 -45.5625 -59.0 5.307573526084319 18
0000 0009 1710578065931 34.9375 -56.5 1.6137477888556946 18
0000 0008 1710578065931 16.25 -56.0 0.37429131224409645 18
0000 0001 1710578065931 -42.3125 -62.0 5.859806609723149 18
0000 0014 1710578065932 19.5 -55.0 1.5585244804918115 18
0000 0013 1710578065932 19.5 -56.5 0.23930100291016002 18
0000 0012 1710578065932 6.5 -54.0 1.533980787885641 18
0000 0005 1710578065933 17.0625 -57.0 1.3192234775816514 18
0000 0006 1710578065933 -58.5625 -64.0 4.196971435655114 18
0000 0007 1710578065933 -9.75 -65.0 1.8039614065535141 18
0000 0003 1710578065934 -6.5 -68.0 5.123495831538041 18
0000 0015 1710578065934 39.0 -64.0 5.6941366846315 18
0000 0000 1710578065935 208.3125 -70.5 1.4726215563702154 18
0000 0002 1710578066040 -3.0 -77.0 6.2463697682703305 18
0000 0013 1710578066174 13.0 -56.5 0.2638446955163303 18
0000 0004 1710578066175 -71.5625 -59.0 5.436427912266712 18
0000 0012 1710578066175 32.5 -54.0 1.4787574795217582 18
0000 0009 1710578066175 -13.8125 -56.5 1.662835174068035 18
0000 0000 1710578066175 59.375 -71.0 1.4664856332186729 18
0000 0005 1710578066176 22.75 -57.0 1.2885438618239387 18
0000 0003 1710578066176 -55.3125 -68.5 5.295301679781233 18
0000 0001 1710578066176 -22.75 -62.0 5.792311455056181 18
0000 0015 1710578066177 71.5625 -63.5 5.651185222570702 18
0000 0014 1710578066177 13.0 -55.0 1.6137477888556946 18
0000 0006 1710578066177 -16.25 -65.5 4.006757817957295 18
0000 0007 1710578066178 -71.5625 -64.5 1.902136176978195 18
0000 0008 1710578066178 -9.75 -56.5 0.4172427743048944 18
0000 0002 1710578066178 12.8125 -77.5 6.1420590746941075 18
0000 0008 1710578066179 19.5 -56.0 0.380427235395639 18
0000 0001 1710578066179 -55.3125 -62.5 5.853670686571607 18
0000 0014 1710578066179 -19.5 -55.0 1.6444274046134073 18
0000 0015 1710578066180 -45.5625 -63.5 5.872078456026235 18
0000 0006 1710578066180 -52.0625 -66.5 4.000621894805752 18
0000 0013 1710578066180 3.25 -56.5 0.2454369260617026 18
0000 0003 1710578066180 -13.0 -68.5 5.074408446325701 18
0000 0007 1710578066181 74.8125 -68.0 1.3192234775816514 18
0000 0012 1710578066181 9.75 -53.5 1.4971652489763858 18
0000 0000 1710578066181 30.875 -71.0 1.7794177139473437 18
0000 0005 1710578066182 22.75 -57.5 1.337631247036279 18
0000 0009 1710578066182 10.5625 -56.0 1.6198837120072371 18
0000 0004 1710578066183 6.5 -59.5 5.221670601962723 18
0000 0002 1710578066287 6.5 -78.0 0.01227184630308513 18
0000 0012 1710578066439 9.75 -54.0 1.5033011721279284 18
0000 0009 1710578066439 -10.5625 -56.5 1.6566992509164924 18
0000 0015 1710578066440 9.75 -64.5 5.737088146692298 18
0000 0001 1710578066440 -9.75 -62.0 5.780039608753096 18
0000 0008 1710578066440 32.5 -56.0 0.34974761963792617 18
0000 0007 1710578066441 39.0 -67.5 1.3314953238847365 18
0000 0014 1710578066441 6.5 -55.5 1.5953400194010667 18
0000 0013 1710578066441 -6.5 -56.5 0.2638446955163303 18
0000 0004 1710578066442 -13.0 -59.5 5.295301679781233 18
0000 0003 1710578066442 -29.25 -67.5 5.086680292628786 18
0000 0005 1710578066442 39.0 -57.5 1.2640001692177683 18
0000 0006 1710578066443 -110.625 -65.5 4.129476280988146 18
0000 0000 1710578066443 62.625 -71.0 1.6444274046134073 18
0000 0002 1710578066443 -2.4375 -78.0 0.018407769454627694 18
0000 0000 1710578066444 -21.125 -71.0 1.8162332528565992 18
0000 0013 1710578066444 0.0 -56.5 0.2454369260617026 18
0000 0014 1710578066444 -39.0 -55.5 1.6505633277649499 18
0000 0015 1710578066445 -32.5 -63.5 5.786175531904639 18
0000 0007 1710578066445 -6.5 -66.0 1.6689710972195777 18
0000 0009 1710578066445 24.375 -56.5 1.5830681730979816 18
0000 0001 1710578066445 -91.125 -62.0 5.915029918087033 18
0000 0008 1710578066446 -6.5 -56.0 0.39269908169872414 18
0000 0004 1710578066446 -71.5625 -59.5 5.393476450205914 18
0000 0006 1710578066446 -130.1875 -66.5 4.111068511533518 18
0000 0012 1710578066447 19.5 -54.0 1.5033011721279284 18
0000 0005 1710578066448 9.75 -57.5 1.380582709097077 18
0000 0003 1710578066448 42.3125 -68.0 5.037592907416445 18
0000 0002 1710578066537 1.8125 -77.5 6.234097921967246 18
0000 0013 1710578066690 16.25 -56.5 0.21475731030398976 18
0000 0009 1710578066690 -13.8125 -56.5 1.6382914814618648 18
0000 0000 1710578066691 117.9375 -71.5 1.6198837120072371 18
0000 0005 1710578066691 41.5 -57.5 1.3130875544301088 18
0000 0004 1710578066691 -16.25 -59.5 5.307573526084319 18
0000 0003 1710578066692 -16.25 -68.0 5.141903600992669 18
0000 0014 1710578066692 -3.25 -55.0 1.607611865704152 18
0000 0015 1710578066692 -22.75 -64.0 5.810719224510809 18
0000 0007 1710578066693 42.3125 -65.5 1.7303303287350031 18
0000 0012 1710578066693 26.0 -54.0 1.4848934026733007 18
0000 0008 1710578066693 -6.5 -56.5 0.37429131224409645 18
0000 0006 1710578066693 117.125 -67.0 3.5465635815916023 18
0000 0001 1710578066694 -26.0 -62.0 5.829126993965437 18
0000 0002 1710578066694 -6.25 -78.5 0.25770877236478773 18
0000 0007 1710578066694 91.125 -64.5 1.7978254834019713 18
0000 0015 1710578066695 -13.0 -63.0 5.755495916146925 18
0000 0009 1710578066695 -17.0625 -56.5 1.6014759425526093 18
0000 0003 1710578066695 -195.25 -67.5 5.3627968344482015 18
0000 0013 1710578066696 0.0 -56.5 0.2270291566070749 18
0000 0008 1710578066696 19.5 -56.0 0.34974761963792617 18
0000 0012 1710578066696 0.0 -53.5 1.533980787885641 18
0000 0014 1710578066697 16.25 -55.5 1.5892040962495242 18
0000 0005 1710578066697 45.5625 -57.5 1.325359400733194 18
0000 0004 1710578066697 16.25 -60.0 5.203262832508095 18
0000 0000 1710578066698 215.625 -71.0 1.6444274046134073 18
0000 0001 1710578066698 -29.25 -62.0 5.896622148632405 18
0000 0006 1710578066699 -45.5625 -66.5 3.5772431973493153 18
0000 0002 1710578066787 -9.75 -78.0 0.36815538909255385 18
0000 0009 1710578066970 10.5625 -56.5 1.5953400194010667 18
0000 0015 1710578066971 3.25 -64.0 5.7616318392984684 18
0000 0012 1710578066971 -13.0 -54.0 1.564660403643354 18
0000 0014 1710578066971 6.5 -55.5 1.607611865704152 18
0000 0005 1710578066972 26.0 -57.5 1.4787574795217582 18
0000 0000 1710578066972 166.8125 -71.0 1.7426021750380885 18
0000 0004 1710578066972 0.0 -60.0 5.399612373357457 18
0000 0003 1710578066973 13.0 -68.0 5.135767677841127 18
0000 0006 1710578066973 16.25 -66.0 3.393165502803038 18
0000 0001 1710578066973 45.5625 -62.5 6.160466844148735 18
0000 0007 1710578066973 58.5625 -64.0 2.024854640009046 18
0000 0013 1710578066974 -6.5 -56.5 0.2638446955163303 18
0000 0008 1710578066974 -13.0 -56.5 0.5399612373357456 18
0000 0002 1710578066974 -4.875 -77.5 3.5465635815916023 18
0000 0003 1710578066975 -19.5 -69.0 5.822991070813893 18
0000 0007 1710578066975 19.5 -64.5 1.7916895602504288 18
0000 0000 1710578066976 30.875 -70.5 2.3746022596469727 18
0000 0004 1710578066976 -32.5 -60.0 5.663457068873787 18
0000 0009 1710578066976 10.5625 -56.5 1.6444274046134073 18
0000 0014 1710578066977 13.0 -55.5 1.6505633277649499 18
0000 0013 1710578066977 -3.25 -56.0 0.2699806186678728 18
0000 0006 1710578066977 29.25 -65.5 3.2765829629237295 18
0000 0012 1710578066978 -6.5 -53.5 1.5953400194010667 18
0000 0005 1710578066978 -9.75 -57.5 1.736466251886546 18
0000 0008 1710578066979 9.75 -57.0 0.7669903939428205 18
0000 0001 1710578066979 29.25 -62.5 0.5890486225480862 18
0000 0015 1710578066979 -6.5 -64.0 5.841398840268521 18
0000 0002 1710578067038 -12.8125 -76.5 1.1474176293384597 18
0000 0006 1710578067242 58.5625 -65.0 2.9575149590435164 18
0000 0007 1710578067243 42.3125 -65.5 1.859184714917397 18
0000 0004 1710578067243 48.8125 -62.0 6.160466844148735 18
0000 0013 1710578067243 9.75 -55.5 0.30066023442558565 18
0000 0009 1710578067244 0.0 -57.5 1.7855536370988863 18
0000 0008 1710578067244 0.0 -57.0 1.1965050145508 18
0000 0001 1710578067244 -6.5 -62.5 1.8837284075235674 18
0000 0014 1710578067245 -3.25 -55.5 1.5830681730979816 18
0000 0012 1710578067245 9.75 -53.0 1.748738098189631 18
0000 0000 1710578067245 125.3125 -70.0 3.2888548092268146 18
0000 0005 1710578067246 -13.8125 -58.0 2.337786720737717 18
0000 0015 1710578067246 -71.5625 -63.0 6.000932842208628 18
0000 0003 1710578067246 -84.625 -70.0 0.7240389318820226 18
0000 0002 1710578067246 -52.875 -75.5 5.209398755659637 18
0000 0013 1710578067247 -13.0 -56.0 0.4111068511533518 18
0000 0009 1710578067247 55.3125 -59.0 1.8530487917658545 18
0000 0003 1710578067247 84.625 -72.0 1.8346410223112268 18
0000 0004 1710578067248 -32.5 -63.0 0.9510680884890975 18
0000 0015 1710578067248 -22.75 -63.5 5.970253226450915 18
0000 0014 1710578067248 -16.25 -55.5 1.4787574795217582 18
0000 0006 1710578067249 9.75 -62.5 3.2949907323783574 18
0000 0012 1710578067249 13.0 -53.5 1.88986433067511 18
0000 0001 1710578067249 29.25 -65.0 4.227651051412827 18
0000 0007 1710578067250 -35.75 -65.0 2.1598449493429825 18
0000 0008 1710578067250 13.0 -59.0 1.5278448647340985 18
0000 0000 1710578067250 -205.0625 -69.0 5.074408446325701 18
0000 0005 1710578067251 48.8125 -59.5 3.2090878082567613 18
0000 0010 1710578067287 69.125 -74.5 6.2034183062095325 18
0000 0011 1710578067288 17.6875 -72.0 0.9081166264282996 18
0000 0002 1710578067288 29.25 -78.5 0.5031456984264903 18
0000 0005 1710578067490 -19.5 -61.5 4.700117134081604 18
0000 0009 1710578067490 -10.5625 -61.5 2.423689644859313 18
0000 0013 1710578067490 -48.8125 -57.5 0.42337869745643697 18
0000 0006 1710578067491 -19.5 -61.5 4.325825821837508 18
0000 0007 1710578067491 16.25 -66.5 2.6568547246179306 18
0000 0010 1710578067492 45.5625 -69.0 1.2026409377023426 18
0000 0012 1710578067492 6.5 -55.5 1.8285050991596843 18
0000 0014 1710578067492 16.25 -54.0 1.5462526341887264 18
0000 0001 1710578067493 35.75 -61.5 0.6258641614573416 18
0000 0008 1710578067493 26.0 -63.5 2.1905245651006955 18
0000 0015 1710578067493 3.25 -63.5 5.890486225480862 18
0000 0003 1710578067494 9.75 -70.5 4.460816131171445 18
0000 0004 1710578067494 -42.3125 -65.5 3.2827188860752723 18
0000 0000 1710578067494 142.375 -69.0 0.3190680038802134 18
0000 0002 1710578067494 -9.125 -77.0 0.4724660826687775 18
0000 0008 1710578067495 -110.625 -64.0 4.442408361716817 18
0000 0001 1710578067495 -9.75 -62.0 2.890019804376548 18
0000 0007 1710578067495 -9.75 -65.0 4.81056375080937 18
0000 0010 1710578067496 -22.75 -64.5 2.5280003384355365 18
0000 0004 1710578067496 -32.5 -63.0 5.577554144752192 18
0000 0000 1710578067496 128.5625 -68.0 2.5586799541932495 18
0000 0006 1710578067497 6.5 -63.0 0.0859029241215959 18
0000 0015 1710578067497 35.75 -64.0 5.381204603902829 18
0000 0013 1710578067497 16.25 -57.5 0.1595340019401067 18
0000 0003 1710578067498 -94.375 -71.0 0.25157284921324513 18
0000 0012 1710578067498 26.0 -54.0 1.9266798695843652 18
0000 0005 1710578067499 38.1875 -56.0 0.8897088569736719 18
0000 0002 1710578067499 -100.875 -73.0 4.933282213840222 18
0000 0014 1710578067499 9.75 -55.0 1.4603497100671303 18
0000 0009 1710578067500 -41.5 -62.0 4.2092432819582 18
0000 0013 1710578067724 -29.25 -57.5 0.3190680038802134 18
0000 0004 1710578067724 6.5 -60.0 1.030835089459151 18
0000 0010 1710578067725 -58.5625 -61.0 3.313398501832985 18
0000 0015 1710578067725 -32.5 -65.5 5.516194913236766 18
0000 0001 1710578067725 -19.5 -61.0 4.841243366567084 18
0000 0014 1710578067725 13.0 -55.5 1.3867186322486196 18
0000 0009 1710578067726 -13.8125 -65.5 0.03681553890925539 18
0000 0000 1710578067726 0.0 -67.0 5.184855063053467 18
0000 0008 1710578067726 -3.25 -59.0 0.7301748550335652 18
0000 0012 1710578067727 32.5 -54.0 2.1537090261914402 18
0000 0007 1710578067727 97.625 -63.5 1.8530487917658545 18
0000 0006 1710578067727 3.25 -61.0 2.9575149590435164 18
0000 0005 1710578067728 30.875 -56.5 2.5464081078901644 18
0000 0003 1710578067728 -74.8125 -70.5 2.435961491162398 18
0000 0002 1710578067728 6.5 -73.0 0.28838838812250056 18
0000 0015 1710578067729 32.5 -64.5 5.460971604872882 18
0000 0004 1710578067729 -9.75 -62.0 2.9943304979527716 18
0000 0000 1710578067729 38.1875 -66.0 0.4172427743048944 18
0000 0006 1710578067729 -65.0625 -63.5 5.344389064993574 18
0000 0007 1710578067730 -48.8125 -64.0 6.056156150572511 18
0000 0005 1710578067730 7.3125 -62.5 5.927301764390117 18
0000 0010 1710578067730 -9.75 -57.0 3.834951969714103 18
0000 0013 1710578067731 13.0 -58.0 0.3436116964863836 18
0000 0001 1710578067731 -6.5 -62.0 0.06135923151542565 18
0000 0014 1710578067731 16.25 -55.0 0.9694758579437253 18
0000 0008 1710578067732 -9.75 -56.5 2.9145634969827183 18
0000 0012 1710578067732 -3.25 -53.0 1.846912868614312 18
0000 0003 1710578067732 -224.5625 -73.5 5.031456984264903 18
0000 0009 1710578067733 0.0 -67.5 5.442563835418255 18
0000 0002 1710578067787 16.25 -75.5 6.191146459906448 18
0000 0012 1710578067880 16.25 -51.5 1.2701360923693108 18
0000 0011 1710578067880 68.3125 -64.5 1.4910293258248433 18
0000 0009 1710578067880 -24.375 -56.0 3.380893656499953 18
0000 0007 1710578067881 -19.5 -59.5 4.344233591292136 18
0000 0004 1710578067881 3.25 -64.0 0.12885438618239387 18
0000 0001 1710578067881 -16.25 -58.0 0.9387962421860124 18
0000 0005 1710578067881 13.0 -58.0 2.6016314162540475 18
0000 0014 1710578067882 16.25 -55.0 1.0799224746714913 18
0000 0006 1710578067882 3.25 -59.5 3.761320891895592 18
0000 0008 1710578067882 6.5 -55.0 0.5829126993965437 18
0000 0000 1710578067883 62.625 -68.5 2.5770877236478773 18
0000 0013 1710578067883 6.5 -59.5 0.0 18
0000 0015 1710578067883 -32.5 -63.5 5.767767762450011 18
0000 0003 1710578067884 -45.5625 -71.0 0.7792622402459057 18
0000 0010 1710578067884 35.75 -59.5 0.02454369260617026 18
0000 0002 1710578067884 5.6875 -74.5 0.9878836273983529 18
0000 0011 1710578067997 19.5 -60.0 3.6017868899554855 18
0000 0003 1710578067998 45.5625 -70.5 1.012427320004523 18
0000 0009 1710578067998 -17.0625 -58.0 4.9394181369917645 18
0000 0005 1710578067998 30.875 -61.0 3.8410878928656453 18
0000 0008 1710578067999 -13.0 -51.5 1.9573594853420782 18
0000 0004 1710578067999 35.75 -57.0 1.8285050991596843 18
0000 0006 1710578067999 -13.0 -59.5 5.387340527054372 18
0000 0013 1710578068000 19.5 -59.0 6.22182607566416 18
0000 0010 1710578068000 -16.25 -57.5 3.442252888015379 18
0000 0012 1710578068000 3.25 -52.5 1.4542137869155878 18
0000 0001 1710578068000 6.5 -57.5 0.4049709280018093 18
0000 0014 1710578068001 29.25 -56.0 1.5401167110371838 18
0000 0007 1710578068001 35.75 -64.5 0.47860200582032003 18
0000 0015 1710578068001 -19.5 -65.0 5.651185222570702 18
0000 0000 1710578068002 -38.1875 -66.5 3.5956509668039427 18
0000 0002 1710578068002 -179.0 -74.0 4.7860200582032 18
0000 0003 1710578068110 65.0625 -70.5 1.141281706186917 18
0000 0000 1710578068110 -9.75 -67.5 3.706097583531709 18
0000 0012 1710578068111 21.125 -53.0 1.3130875544301088 18
0000 0004 1710578068111 16.25 -56.5 2.3623304133438876 18
0000 0014 1710578068111 -13.0 -57.0 1.5892040962495242 18
0000 0001 1710578068112 -29.25 -58.0 0.03681553890925539 18
0000 0011 1710578068112 9.75 -59.5 4.871922982324796 18
0000 0008 1710578068112 19.5 -53.5 2.1537090261914402 18
0000 0010 1710578068113 -22.75 -55.5 4.865787059173254 18
0000 0009 1710578068113 -38.1875 -61.0 5.5714182216006485 18
0000 0013 1710578068113 -68.3125 -59.0 0.04295146206079795 18
0000 0015 1710578068114 -22.75 -65.5 5.737088146692298 18
0000 0006 1710578068114 -61.8125 -60.5 5.884350302329319 18
0000 0005 1710578068114 13.0 -62.0 4.356505437595221 18
0000 0007 1710578068114 35.75 -63.0 1.1903690913992575 18
0000 0002 1710578068115 42.3125 -75.0 4.319689898685965 18
0000 0012 1710578068241 16.25 -53.5 1.0799224746714913 18
0000 0007 1710578068241 3.25 -63.0 0.9817477042468103 18
0000 0010 1710578068242 0.0 -55.5 5.283029833478148 18
0000 0005 1710578068242 -6.5 -62.5 4.4362724385652745 18
0000 0014 1710578068242 -16.25 -57.5 1.6321555583103222 18
0000 0009 1710578068242 -7.3125 -60.5 5.773903685601553 18
0000 0013 1710578068243 -22.75 -59.0 6.234097921967246 18
0000 0006 1710578068243 61.8125 -60.5 5.325981295538946 18
0000 0008 1710578068243 65.0625 -54.5 2.1905245651006955 18
0000 0001 1710578068244 0.0 -58.0 6.080699843178682 18
0000 0000 1710578068244 135.0625 -67.0 3.5158839658338894 18
0000 0011 1710578068244 16.25 -60.5 5.184855063053467 18
0000 0004 1710578068245 26.0 -56.5 2.184388641949153 18
0000 0015 1710578068245 -13.0 -65.5 5.6941366846315 18
0000 0003 1710578068245 -26.0 -70.0 1.1719613219446299 18
0000 0002 1710578068246 31.6875 -75.5 4.40252486123179 18
0000 0001 1710578068387 13.0 -58.0 5.982525072754001 18
0000 0010 1710578068387 -19.5 -57.0 5.675728915176872 18
0000 0013 1710578068387 -19.5 -58.5 6.019340611663256 18
0000 0008 1710578068388 6.5 -55.0 2.337786720737717 18
0000 0004 1710578068388 32.5 -57.0 1.8960002538266525 18
0000 0014 1710578068388 6.5 -57.5 1.564660403643354 18
0000 0003 1710578068388 -143.1875 -71.5 1.3437671701878218 18
0000 0007 1710578068389 -32.5 -61.5 5.743224069843841 18
0000 0005 1710578068389 3.25 -61.5 3.5588354278946874 18
0000 0006 1710578068389 -3.25 -61.0 4.626486056263094 18
0000 0015 1710578068390 3.25 -66.0 5.829126993965437 18
0000 0012 1710578068390 9.75 -54.0 0.9940195505498954 18
0000 0011 1710578068390 -65.0625 -60.5 5.424156065963627 18
0000 0009 1710578068391 7.3125 -61.0 5.816855147662351 18
0000 0000 1710578068391 -13.8125 -67.5 3.6570101983193686 18
0000 0002 1710578068391 9.125 -76.5 4.154019973594316 18
0000 0000 1710578068525 76.4375 -67.5 3.6999616603801666 18
0000 0003 1710578068526 26.0 -70.0 1.1106020904292042 18
0000 0014 1710578068526 32.5 -57.0 1.5278448647340985 18
0000 0011 1710578068526 3.25 -61.5 5.577554144752192 18
0000 0007 1710578068526 -22.75 -58.5 4.675573441475434 18
0000 0013 1710578068527 3.25 -57.5 5.915029918087033 18
0000 0006 1710578068527 -39.0 -63.0 4.368777283898306 18
0000 0008 1710578068527 -13.0 -55.0 2.411417798556228 18
0000 0010 1710578068528 -9.75 -57.5 5.8659425328746915 18
0000 0004 1710578068528 -32.5 -59.0 1.5401167110371838 18
0000 0012 1710578068528 -3.25 -54.0 1.1719613219446299 18
0000 0015 1710578068529 -45.5625 -65.5 5.8045833013592665 18
0000 0005 1710578068529 48.8125 -61.0 2.442097414313941 18
0000 0001 1710578068529 -29.25 -58.5 6.209554229361076 18
0000 0009 1710578068530 -27.625 -60.5 5.841398840268521 18
0000 0002 1710578068530 -8.5 -76.0 1.337631247036279 18
0000 0009 1710578068622 -59.375 -61.0 5.988660995905543 18
0000 0015 1710578068622 97.625 -65.5 5.540738605842936 18
0000 0006 1710578068622 -16.25 -63.0 4.558990901596125 18
0000 0012 1710578068623 9.75 -54.0 1.1290098598838318 18
0000 0001 1710578068623 -45.5625 -58.5 0.06135923151542565 18
0000 0013 1710578068623 -35.75 -57.0 5.884350302329319 18
0000 0008 1710578068624 16.25 -55.5 2.386874105950058 18
0000 0005 1710578068624 21.125 -60.0 1.8653206380689396 18
0000 0014 1710578068624 48.8125 -57.0 1.4971652489763858 18
0000 0000 1710578068624 -65.875 -67.0 3.877903431774901 18
0000 0004 1710578068625 22.75 -59.5 1.4971652489763858 18
0000 0010 1710578068625 -6.5 -57.5 5.93343768754166 18
0000 0007 1710578068625 19.5 -56.5 4.01902966426038 18
0000 0011 1710578068626 3.25 -60.5 5.626641529964532 18
0000 0003 1710578068626 -45.5625 -71.5 1.282407938672396 18
0000 0002 1710578068626 0.8125 -75.5 4.540583132141498 18
0000 0013 1710578068745 -3.25 -57.0 5.878214379177777 18
0000 0014 1710578068746 3.25 -57.0 1.564660403643354 18
0000 0007 1710578068746 -32.5 -56.5 4.037437433715008 18
0000 0015 1710578068746 -29.25 -67.0 5.829126993965437 18
0000 0006 1710578068747 -68.3125 -62.5 4.822835597112456 18
0000 0008 1710578068747 26.0 -55.5 2.36846633649543 18
0000 0011 1710578068747 55.3125 -60.5 5.565282298449106 18
0000 0000 1710578068748 -30.875 -67.5 3.9453985864418692 18
0000 0005 1710578068748 -35.75 -59.5 1.9819031779482483 18
0000 0012 1710578068748 3.25 -54.5 1.1474176293384597 18
0000 0009 1710578068748 3.25 -61.0 5.792311455056181 18
0000 0010 1710578068749 -19.5 -57.5 5.970253226450915 18
0000 0001 1710578068749 13.0 -58.5 0.09203884727313846 18
0000 0004 1710578068749 -52.0625 -58.5 1.7303303287350031 18
0000 0003 1710578068750 13.0 -71.5 1.380582709097077 18
0000 0002 1710578068750 42.3125 -76.5 1.3130875544301088 18
0000 0014 1710578068878 6.5 -57.0 1.564660403643354 18
0000 0006 1710578068878 -13.0 -61.5 5.098952138931871 18
0000 0011 1710578068879 -6.5 -61.0 5.743224069843841 18
0000 0015 1710578068879 -58.5625 -66.0 5.780039608753096 18
0000 0007 1710578068879 -6.5 -56.5 4.632621979414636 18
0000 0009 1710578068879 0.0 -60.0 5.264622064023521 18
0000 0012 1710578068880 6.5 -54.5 1.086058397823034 18
0000 0000 1710578068880 -3.25 -67.5 3.9638063558964967 18
0000 0004 1710578068880 0.0 -57.0 1.9266798695843652 18
0000 0005 1710578068881 32.5 -60.0 2.448233337465483 18
0000 0013 1710578068882 -42.3125 -57.0 5.896622148632405 18
0000 0001 1710578068882 -26.0 -58.0 0.39269908169872414 18
0000 0008 1710578068882 22.75 -55.0 2.405281875404685 18
0000 0010 1710578068883 9.75 -57.5 6.056156150572511 18
0000 0003 1710578068883 179.0 -70.5 1.2578642460662257 18
0000 0002 1710578068883 33.3125 -75.5 4.558990901596125 18
0000 0003 1710578069034 -3.25 -71.0 1.4726215563702154 18
0000 0012 1710578069034 -16.25 -54.5 1.1044661672776617 18
0000 0007 1710578069035 -3.25 -58.0 5.246214294568893 18
0000 0000 1710578069035 131.8125 -68.5 3.7551849687440497 18
0000 0008 1710578069035 3.25 -55.0 2.423689644859313 18
0000 0013 1710578069036 13.0 -57.5 5.749359992995383 18
0000 0001 1710578069036 -3.25 -58.0 0.44178646691106466 18
0000 0015 1710578069036 -13.0 -67.0 5.743224069843841 18
0000 0010 1710578069037 -9.75 -57.5 6.092971689481767 18
0000 0014 1710578069037 6.5 -57.5 1.5401167110371838 18
0000 0004 1710578069037 -9.75 -56.5 1.9757672547967058 18
0000 0005 1710578069038 55.3125 -61.0 3.0802334220743677 18
0000 0011 1710578069038 -39.0 -61.5 5.755495916146925 18
0000 0009 1710578069038 3.25 -60.0 5.2768939103266055 18
0000 0006 1710578069038 -9.75 -62.0 5.178719139901925 18
0000 0002 1710578069039 0.0 -76.0 1.6137477888556946 18
0000 0012 1710578069151 19.5 -54.0 1.0676506283684062 18
0000 0014 1710578069151 22.75 -57.0 1.533980787885641 18
0000 0010 1710578069151 13.0 -57.5 6.056156150572511 18
0000 0003 1710578069151 -81.375 -71.0 1.5401167110371838 18
0000 0006 1710578069152 9.75 -61.5 5.086680292628786 18
0000 0008 1710578069152 19.5 -55.0 2.3316507975861747 18
0000 0007 1710578069152 6.5 -57.5 5.086680292628786 18
0000 0000 1710578069153 0.0 -68.5 3.9085830475326135 18
0000 0004 1710578069153 -6.5 -57.5 1.7794177139473437 18
0000 0015 1710578069153 -48.8125 -66.5 5.8475347634200645 18
0000 0011 1710578069154 3.25 -61.5 5.6573211457222445 18
0000 0001 1710578069154 -19.5 -58.5 0.5031456984264903 18
0000 0013 1710578069154 -9.75 -57.5 5.786175531904639 18
0000 0009 1710578069154 -65.875 -59.5 5.3198453723874035 18
0000 0005 1710578069155 -7.3125 -61.0 2.8838838812250054 18
0000 0002 1710578069155 10.375 -76.0 4.73693267299086 18
0000 0001 1710578069249 6.5 -58.0 0.4970097752749477 18
0000 0007 1710578069249 -16.25 -56.5 4.663301595172349 18
0000 0000 1710578069249 69.125 -67.5 3.773592738198677 18
0000 0008 1710578069250 6.5 -55.5 2.36846633649543 18
0000 0003 1710578069250 52.0625 -71.0 1.4664856332186729 18
0000 0005 1710578069251 19.5 -60.5 2.466641106920111 18
0000 0014 1710578069251 -19.5 -57.0 1.576932249946439 18
0000 0015 1710578069251 -152.9375 -67.0 5.964117303299373 18
0000 0006 1710578069252 3.25 -61.0 5.117359908386499 18
0000 0009 1710578069252 27.625 -60.0 5.190990986205009 18
0000 0011 1710578069252 9.75 -60.5 5.71868037723767 18
0000 0004 1710578069253 -3.25 -57.5 1.7855536370988863 18
0000 0012 1710578069253 16.25 -54.5 1.055378782065321 18
0000 0010 1710578069253 3.25 -58.0 6.092971689481767 18
0000 0013 1710578069253 -45.5625 -57.5 5.8659425328746915 18
0000 0002 1710578069254 -172.5 -74.5 4.92714629068868 18
0000 0001 1710578069384 9.75 -58.0 0.5276893910326605 18
0000 0012 1710578069384 6.5 -54.0 1.0615147052168636 18
0000 0013 1710578069384 -26.0 -57.0 5.816855147662351 18
0000 0015 1710578069385 -22.75 -67.0 5.8045833013592665 18
0000 0006 1710578069385 35.75 -61.5 5.037592907416445 18
0000 0003 1710578069385 71.5625 -72.0 1.3437671701878218 18
0000 0009 1710578069386 -34.9375 -60.0 5.283029833478148 18
0000 0010 1710578069386 32.5 -57.5 6.086835766330224 18
0000 0007 1710578069386 -6.5 -55.5 4.356505437595221 18
0000 0008 1710578069386 9.75 -55.0 2.356194490192345 18
0000 0004 1710578069387 -26.0 -57.5 1.88986433067511 18
0000 0000 1710578069387 -59.375 -67.5 4.074252972624263 18
0000 0014 1710578069387 6.5 -57.0 1.533980787885641 18
0000 0011 1710578069388 0.0 -60.5 5.706408530934585 18
0000 0005 1710578069388 52.0625 -60.5 2.2027964114037806 18
0000 0002 1710578069388 -34.125 -75.0 4.878058905476339 18
0000 0001 1710578069508 26.0 -58.0 0.5276893910326605 18
0000 0008 1710578069508 0.0 -55.0 2.36846633649543 18
0000 0010 1710578069508 -3.25 -57.5 6.14819499784565 18
0000 0006 1710578069508 -39.0 -61.0 5.080544369477243 18
0000 0015 1710578069509 -16.25 -67.5 5.663457068873787 18
0000 0013 1710578069509 -16.25 -57.0 5.786175531904639 18
0000 0005 1710578069509 26.0 -60.0 2.2457478734645786 18
0000 0012 1710578069510 19.5 -54.5 1.0369710126106935 18
0000 0000 1710578069510 45.5625 -67.5 3.8840393549264434 18
0000 0007 1710578069510 -16.25 -55.5 4.374913207049849 18
0000 0004 1710578069510 6.5 -57.0 1.8960002538266525 18
0000 0014 1710578069511 -19.5 -57.0 1.5830681730979816 18
0000 0011 1710578069511 -13.0 -60.5 5.730952223540755 18
0000 0003 1710578069511 26.0 -71.0 1.4296700943094176 18
0000 0009 1710578069512 -59.375 -60.0 5.252350217720435 18
0000 0002 1710578069512 -26.0 -74.5 4.841243366567084 18
0000 0005 1710578069656 30.875 -60.0 2.2027964114037806 18
0000 0007 1710578069656 0.0 -55.5 4.338097668140593 18
0000 0000 1710578069657 9.75 -67.5 3.9392626632903265 18
0000 0014 1710578069657 -9.75 -57.0 1.552388557340269 18
0000 0006 1710578069657 0.0 -61.5 4.92714629068868 18
0000 0001 1710578069657 -3.25 -57.5 0.5767767762450011 18
0000 0012 1710578069658 19.5 -54.5 1.012427320004523 18
0000 0009 1710578069658 -13.8125 -59.5 5.148039524144211 18
0000 0003 1710578069658 9.75 -71.5 1.3192234775816514 18
0000 0008 1710578069659 29.25 -55.0 2.3009711818284617 18
0000 0015 1710578069659 -6.5 -67.0 5.651185222570702 18
0000 0011 1710578069659 -58.5625 -60.0 5.841398840268521 18
0000 0010 1710578069660 -16.25 -57.5 6.154330920997192 18
0000 0013 1710578069660 -22.75 -57.0 5.749359992995383 18
0000 0004 1710578069660 42.3125 -57.0 1.8346410223112268 18
0000 0002 1710578069660 6.5 -75.5 4.81056375080937 18
0000 0012 1710578069768 6.5 -54.5 1.012427320004523 18
0000 0001 1710578069768 35.75 -58.0 0.44178646691106466 18
0000 0015 1710578069769 -13.0 -67.0 5.706408530934585 18
0000 0004 1710578069769 52.0625 -57.0 1.8223691760081417 18
0000 0006 1710578069769 -19.5 -61.5 4.816699673960914 18
0000 0008 1710578069770 3.25 -55.0 2.3193789512830896 18
0000 0011 1710578069770 -65.0625 -60.5 5.767767762450011 18
0000 0009 1710578069770 -13.8125 -59.5 5.129631754689584 18
0000 0007 1710578069771 0.0 -55.5 4.28287435977671 18
0000 0000 1710578069771 -34.9375 -67.5 3.9453985864418692 18
0000 0014 1710578069771 -13.0 -57.0 1.5462526341887264 18
0000 0013 1710578069771 0.0 -57.0 5.71868037723767 18
0000 0003 1710578069772 65.0625 -71.0 1.3314953238847365 18
0000 0010 1710578069772 -22.75 -57.5 6.160466844148735 18
0000 0005 1710578069772 17.0625 -60.0 2.12916533358527 18
0000 0002 1710578069773 -166.0 -73.0 4.884194828627882 18
0000 0013 1710578069913 -16.25 -57.0 5.7616318392984684 18
0000 0008 1710578069913 32.5 -55.0 2.2457478734645786 18
0000 0009 1710578069913 -13.8125 -59.5 5.111223985234957 18
0000 0011 1710578069913 -19.5 -60.5 5.6941366846315 18
0000 0006 1710578069914 29.25 -61.0 4.657165672020807 18
0000 0015 1710578069914 -78.0625 -67.5 5.853670686571607 18
0000 0014 1710578069914 16.25 -57.0 1.509437095279471 18
0000 0012 1710578069915 9.75 -54.5 1.0062913968529805 18
0000 0005 1710578069915 -9.75 -60.0 2.110757564130642 18
0000 0007 1710578069915 -9.75 -55.5 4.301282129231338 18
0000 0001 1710578069915 -16.25 -58.0 0.48473792897186263 18
0000 0004 1710578069916 29.25 -57.0 1.8162332528565992 18
0000 0003 1710578069917 71.5625 -71.0 1.239456476611598 18
0000 0000 1710578069917 -55.3125 -67.5 3.816544200259475 18
0000 0010 1710578069917 9.75 -57.5 6.080699843178682 18
0000 0002 1710578069918 -7.875 -76.0 4.700117134081604 18
0000 0014 1710578070025 -13.0 -57.0 1.5585244804918115 18
0000 0003 1710578070026 71.5625 -70.5 1.282407938672396 18
0000 0012 1710578070026 -3.25 -54.5 1.0185632431560658 18
0000 0002 1710578070026 270.125 -75.5 4.28287435977671 18
0000 0008 1710578070027 13.0 -55.0 2.2641556429192065 18
0000 0004 1710578070027 6.5 -57.0 1.7916895602504288 18
0000 0005 1710578070027 -21.125 -60.0 2.1905245651006955 18
0000 0013 1710578070028 -13.0 -57.0 5.749359992995383 18
0000 0007 1710578070028 -22.75 -56.0 4.2031073588066565 18
0000 0009 1710578070028 3.25 -59.0 5.043728830567988 18
0000 0001 1710578070028 6.5 -58.0 0.39269908169872414 18
0000 0010 1710578070029 -26.0 -57.5 6.117515382087937 18
0000 0006 1710578070029 0.0 -61.5 4.700117134081604 18
0000 0011 1710578070029 -9.75 -60.5 5.681864838328415 18
0000 0015 1710578070030 -35.75 -67.0 5.798447378207723 18
0000 0000 1710578070030 -39.0 -68.0 3.8717675086233583 18
