0000 0005 1710577783942 0.0 -56.0 1.227184630308513 18
0000 0012 1710577783943 -3.25 -61.5 1.4726215563702154 18
0000 0004 1710577783943 29.25 -65.5 4.914874444385594 18
0000 0008 1710577783943 6.5 -56.5 1.7732817907958012 18
0000 0010 1710577783944 19.5 -64.5 4.0558452031696355 18
0000 0000 1710577783944 -100.875 -68.0 4.006757817957295 18
0000 0009 1710577783945 -7.3125 -57.0 3.172272269347506 18
0000 0015 1710577783945 13.0 -57.5 3.313398501832985 18
0000 0007 1710577783945 -19.5 -62.5 1.3437671701878218 18
0000 0003 1710577783946 -65.0625 -68.5 0.9878836273983529 18
0000 0001 1710577783946 -16.25 -61.0 5.595961914206819 18
0000 0006 1710577783947 6.5 -67.0 2.356194490192345 18
0000 0002 1710577783947 -15.25 -77.5 0.6504078540635119 18
0000 0000 1710577783947 45.5625 -69.5 3.902447124381071 18
0000 0009 1710577783948 -3.25 -57.0 3.1968159619536762 18
0000 0007 1710577783948 -81.375 -63.0 1.3744467859455345 18
0000 0010 1710577783948 -9.75 -64.5 4.123340357836604 18
0000 0008 1710577783948 29.25 -56.5 1.7548740213411735 18
0000 0005 1710577783949 16.25 -56.5 1.2210487071569704 18
0000 0012 1710577783949 6.5 -61.5 1.4787574795217582 18
0000 0006 1710577783949 42.3125 -66.5 2.466641106920111 18
0000 0004 1710577783950 -42.3125 -66.0 5.148039524144211 18
0000 0015 1710577783950 6.5 -57.5 3.3011266555298997 18
0000 0001 1710577783950 19.5 -61.0 5.626641529964532 18
0000 0003 1710577783951 120.4375 -68.5 0.7117670855789375 18
0000 0002 1710577784192 10.9375 -77.0 3.749049045592507 18
0000 0009 1710577784193 -13.8125 -57.0 3.2336315008629315 18
0000 0005 1710577784193 -9.75 -56.5 1.2885438618239387 18
0000 0004 1710577784193 -26.0 -64.0 5.325981295538946 18
0000 0012 1710577784193 26.0 -62.0 1.4173982480063325 18
0000 0001 1710577784194 32.5 -61.0 5.6941366846315 18
0000 0010 1710577784194 3.25 -64.5 4.09266074207889 18
0000 0007 1710577784194 16.25 -62.5 1.3130875544301088 18
0000 0008 1710577784195 3.25 -57.0 1.846912868614312 18
0000 0003 1710577784195 3.25 -68.0 1.0246991663076084 18
0000 0015 1710577784196 3.25 -58.0 3.3195344249845276 18
0000 0000 1710577784196 -7.3125 -69.5 4.2031073588066565 18
0000 0006 1710577784196 -13.0 -67.0 3.5281558121369745 18
0000 0002 1710577784197 27.4375 -76.5 0.5522330836388308 18
0000 0006 1710577784329 -22.75 -64.0 3.9576704327449543 18
0000 0003 1710577784329 58.5625 -69.0 0.8222137023067037 18
0000 0007 1710577784329 61.8125 -62.5 1.282407938672396 18
0000 0012 1710577784330 -3.25 -61.5 1.4848934026733007 18
0000 0010 1710577784330 0.0 -64.0 4.147884050442774 18
0000 0001 1710577784330 22.75 -61.0 5.71868037723767 18
0000 0004 1710577784330 -32.5 -61.5 5.737088146692298 18
0000 0015 1710577784331 -22.75 -58.0 3.3624858870453256 18
0000 0005 1710577784331 3.25 -56.5 1.2640001692177683 18
0000 0008 1710577784331 16.25 -57.0 1.8714565612204823 18
0000 0009 1710577784332 -10.5625 -57.0 3.2643111166206444 18
0000 0000 1710577784332 10.5625 -69.0 4.111068511533518 18
0000 0002 1710577784332 -10.375 -77.0 0.8958447801252144 18
0000 0005 1710577784332 9.75 -56.5 1.3499030933393643 18
0000 0008 1710577784333 26.0 -57.0 1.8346410223112268 18
0000 0006 1710577784333 26.0 -63.5 4.338097668140593 18
0000 0003 1710577784333 55.3125 -68.5 0.8406214717613314 18
0000 0000 1710577784334 -194.4375 -70.0 4.338097668140593 18
0000 0009 1710577784334 24.375 -57.0 3.2029518851052186 18
0000 0004 1710577784334 -26.0 -61.5 6.086835766330224 18
0000 0012 1710577784334 3.25 -62.0 1.5278448647340985 18
0000 0015 1710577784335 -3.25 -58.0 3.380893656499953 18
0000 0007 1710577784335 9.75 -62.5 1.533980787885641 18
0000 0001 1710577784335 -3.25 -61.0 5.749359992995383 18
0000 0010 1710577784336 0.0 -62.5 4.09266074207889 18
0000 0002 1710577784442 11.5625 -77.0 4.1172044346850605 18
0000 0007 1710577784568 3.25 -62.0 1.748738098189631 18
0000 0000 1710577784568 83.0 -70.0 4.037437433715008 18
0000 0008 1710577784568 -6.5 -57.5 1.8837284075235674 18
0000 0004 1710577784568 -16.25 -62.5 0.07976700097005335 18
0000 0001 1710577784569 -58.5625 -61.5 5.8659425328746915 18
0000 0010 1710577784569 0.0 -62.0 4.184699589352029 18
0000 0009 1710577784569 -10.5625 -57.0 3.3195344249845276 18
0000 0015 1710577784569 -35.75 -58.0 3.3747577333484107 18
0000 0006 1710577784570 9.75 -62.5 4.381049130201391 18
0000 0005 1710577784570 -3.25 -56.5 1.4296700943094176 18
0000 0003 1710577784570 -16.25 -69.0 0.9940195505498954 18
0000 0012 1710577784571 35.75 -62.5 1.5585244804918115 18
0000 0002 1710577784571 6.0625 -77.0 4.049709280018092 18
0000 0005 1710577784571 13.8125 -56.5 1.3867186322486196 18
0000 0003 1710577784571 -35.75 -68.5 1.0676506283684062 18
0000 0004 1710577784572 -6.5 -62.0 0.25157284921324513 18
0000 0000 1710577784572 83.0 -69.5 3.9760782021995817 18
0000 0008 1710577784572 35.75 -57.0 1.8407769454627694 18
0000 0006 1710577784572 -45.5625 -62.5 4.368777283898306 18
0000 0015 1710577784573 -9.75 -58.0 3.3624858870453256 18
0000 0009 1710577784573 -13.8125 -57.0 3.3195344249845276 18
0000 0001 1710577784573 -58.5625 -61.0 5.921165841238575 18
0000 0007 1710577784574 32.5 -62.0 1.7978254834019713 18
0000 0010 1710577784574 9.75 -61.5 4.264466590322082 18
0000 0012 1710577784574 16.25 -62.5 1.6260196351587797 18
0000 0002 1710577784693 4.25 -77.0 0.9510680884890975 18
0000 0000 1710577784693 -65.0625 -69.5 4.246058820867455 18
0000 0009 1710577784694 -21.125 -57.0 3.3011266555298997 18
0000 0004 1710577784694 -13.0 -62.5 0.18407769454627693 18
0000 0005 1710577784694 6.5 -56.5 1.4480778637640452 18
0000 0010 1710577784694 78.0625 -62.0 4.154019973594316 18
0000 0006 1710577784695 -6.5 -63.5 4.006757817957295 18
0000 0008 1710577784695 -6.5 -57.0 1.859184714917397 18
0000 0012 1710577784695 -16.25 -62.5 1.662835174068035 18
0000 0007 1710577784696 -55.3125 -62.0 1.7732817907958012 18
0000 0001 1710577784696 -65.0625 -60.5 5.921165841238575 18
0000 0015 1710577784696 -3.25 -58.0 3.3440781175906977 18
0000 0003 1710577784696 3.25 -68.0 1.0676506283684062 18
0000 0002 1710577784939 -23.75 -77.0 4.184699589352029 18
0000 0009 1710577784940 -3.25 -57.0 3.2581751934691017 18
0000 0008 1710577784940 35.75 -57.0 1.8346410223112268 18
0000 0003 1710577784940 146.4375 -68.0 0.9387962421860124 18
0000 0000 1710577784941 73.1875 -70.0 4.080388895775806 18
0000 0001 1710577784941 16.25 -60.5 5.982525072754001 18
0000 0006 1710577784941 32.5 -64.0 3.6201946594101133 18
0000 0004 1710577784941 48.8125 -63.0 0.006135923151542565 18
0000 0005 1710577784942 -13.0 -56.5 1.4603497100671303 18
0000 0012 1710577784942 19.5 -62.0 1.5830681730979816 18
0000 0015 1710577784942 29.25 -58.0 3.2949907323783574 18
0000 0010 1710577784943 42.3125 -62.0 4.129476280988146 18
0000 0007 1710577784943 48.8125 -62.5 1.5278448647340985 18
0000 0002 1710577784943 16.4375 -77.0 4.239922897715912 18
0000 0009 1710577784943 -21.125 -57.0 3.2888548092268146 18
0000 0015 1710577784944 3.25 -58.0 3.3379421944391554 18
0000 0004 1710577784944 -35.75 -63.5 0.02454369260617026 18
0000 0006 1710577784945 22.75 -65.5 3.3747577333484107 18
0000 0008 1710577784945 -22.75 -57.5 1.9266798695843652 18
0000 0003 1710577784945 -3.25 -68.0 1.0615147052168636 18
0000 0010 1710577784946 -65.0625 -62.5 4.319689898685965 18
0000 0001 1710577784946 -16.25 -61.0 6.105243535784852 18
0000 0005 1710577784946 -13.0 -56.5 1.5401167110371838 18
0000 0012 1710577784946 6.5 -62.5 1.6137477888556946 18
0000 0000 1710577784947 69.125 -68.5 4.154019973594316 18
0000 0007 1710577784947 -65.0625 -62.5 1.8039614065535141 18
0000 0002 1710577785178 14.625 -76.5 1.141281706186917 18
0000 0015 1710577785178 3.25 -58.0 3.356349963893783 18
0000 0005 1710577785178 29.25 -56.5 1.533980787885641 18
0000 0004 1710577785179 -61.8125 -62.5 0.17794177139473438 18
0000 0008 1710577785179 29.25 -57.0 1.8653206380689396 18
0000 0010 1710577785179 -29.25 -62.5 4.276738436625168 18
0000 0012 1710577785179 -29.25 -62.5 1.6382914814618648 18
0000 0001 1710577785180 -45.5625 -61.5 0.030679615757712823 18
0000 0009 1710577785180 -10.5625 -57.0 3.2704470397721868 18
0000 0006 1710577785180 -29.25 -65.0 3.393165502803038 18
0000 0003 1710577785181 -29.25 -68.0 1.3744467859455345 18
0000 0007 1710577785181 -26.0 -62.0 1.6566992509164924 18
0000 0000 1710577785181 48.8125 -70.0 4.338097668140593 18
0000 0002 1710577785182 -18.25 -77.0 4.356505437595221 18
0000 0015 1710577785182 19.5 -57.5 3.3379421944391554 18
0000 0001 1710577785183 -29.25 -60.0 0.25157284921324513 18
0000 0007 1710577785183 48.8125 -62.5 1.533980787885641 18
0000 0005 1710577785183 0.0 -56.5 1.6689710972195777 18
0000 0012 1710577785184 110.625 -62.5 1.5033011721279284 18
0000 0010 1710577785184 -26.0 -62.0 4.239922897715912 18
0000 0006 1710577785184 19.5 -65.5 3.2643111166206444 18
0000 0004 1710577785184 -3.25 -63.5 0.1595340019401067 18
0000 0000 1710577785185 7.3125 -69.5 4.706253057233147 18
0000 0009 1710577785185 -7.3125 -57.5 3.2581751934691017 18
0000 0008 1710577785186 -3.25 -57.0 1.9389517158874505 18
0000 0003 1710577785186 84.625 -68.0 1.3130875544301088 18
0000 0002 1710577785413 -1.1875 -76.5 4.669437518323892 18
0000 0008 1710577785413 -19.5 -57.5 2.1905245651006955 18
0000 0009 1710577785413 -27.625 -57.5 3.3379421944391554 18
0000 0006 1710577785413 -9.75 -67.0 3.3747577333484107 18
0000 0003 1710577785414 9.75 -67.5 1.761009944492716 18
0000 0015 1710577785414 3.25 -58.0 3.393165502803038 18
0000 0012 1710577785414 -16.25 -63.5 1.7671458676442586 18
0000 0010 1710577785414 0.0 -63.0 4.147884050442774 18
0000 0004 1710577785415 -6.5 -63.5 0.3374757733348411 18
0000 0005 1710577785415 13.0 -56.0 2.043262409463674 18
0000 0001 1710577785415 -6.5 -58.5 1.1474176293384597 18
0000 0007 1710577785416 -29.25 -61.5 1.9266798695843652 18
0000 0002 1710577785416 97.625 -73.5 5.160311370447297 18
0000 0000 1710577785416 -34.9375 -68.5 5.632777453116074 18
0000 0004 1710577785416 -16.25 -63.5 0.11044661672776616 18
0000 0002 1710577785417 279.9375 -73.0 0.0674951546669682 18
0000 0003 1710577785417 162.75 -68.0 2.423689644859313 18
0000 0000 1710577785417 -10.5625 -67.5 0.5399612373357456 18
0000 0008 1710577785418 16.25 -58.0 2.4911847995262812 18
0000 0012 1710577785418 -55.3125 -66.0 1.7303303287350031 18
0000 0009 1710577785418 -32.5 -59.5 3.5036121195308043 18
0000 0005 1710577785418 9.75 -56.0 2.773437264497239 18
0000 0007 1710577785419 -9.75 -62.0 2.399145952253143 18
0000 0001 1710577785419 0.0 -59.0 2.564815877344792 18
0000 0015 1710577785419 0.0 -59.0 3.3318062712876126 18
0000 0010 1710577785420 26.0 -63.5 4.23378697456437 18
0000 0006 1710577785420 -13.0 -65.5 4.289010282928253 18
0000 0005 1710577785658 -9.75 -57.0 3.9515345095934116 18
0000 0001 1710577785658 55.3125 -61.5 4.865787059173254 18
0000 0008 1710577785658 -42.3125 -61.5 3.3440781175906977 18
0000 0012 1710577785658 29.25 -66.0 1.0676506283684062 18
0000 0000 1710577785659 3.25 -66.5 2.043262409463674 18
0000 0010 1710577785659 0.0 -64.5 4.853515212870168 18
0000 0002 1710577785659 286.4375 -73.0 1.564660403643354 18
0000 0006 1710577785659 -61.8125 -64.5 5.2339424482658075 18
0000 0004 1710577785660 -48.8125 -67.5 1.4419419406125027 18
0000 0009 1710577785660 -27.625 -62.0 3.80427235395639 18
0000 0003 1710577785660 -29.25 -69.5 5.2339424482658075 18
0000 0015 1710577785661 16.25 -59.0 3.215223731408304 18
0000 0007 1710577785661 9.75 -62.0 3.32567034813607 18
0000 0014 1710577785662 15.25 -74.0 0.4295146206079795 18
0000 0005 1710577785662 -29.25 -60.5 0.3620194659410113 18
0000 0015 1710577785662 3.25 -57.5 3.06182565261974 18
0000 0003 1710577785663 71.5625 -67.5 1.0737865515199487 18
0000 0000 1710577785663 114.6875 -66.0 4.430136515413731 18
0000 0010 1710577785663 9.75 -67.0 0.11044661672776616 18
0000 0006 1710577785663 35.75 -63.5 0.006135923151542565 18
0000 0001 1710577785664 9.75 -59.5 2.350058567040802 18
0000 0008 1710577785664 -32.5 -61.5 4.921010367537137 18
0000 0007 1710577785664 16.25 -60.5 5.399612373357457 18
0000 0004 1710577785665 -91.125 -65.0 4.853515212870168 18
0000 0012 1710577785665 -3.25 -59.0 1.8960002538266525 18
0000 0009 1710577785665 9.75 -62.0 4.411728745959104 18
0000 0002 1710577785665 -32.5 -72.5 4.841243366567084 18
0000 0014 1710577785666 -9.75 -70.5 3.706097583531709 18
0000 0002 1710577785896 -120.4375 -72.5 0.28225246497095796 18
0000 0014 1710577785896 48.8125 -70.0 3.6201946594101133 18
0000 0005 1710577785896 -26.0 -59.5 2.2948352586769194 18
0000 0000 1710577785897 -34.9375 -66.0 0.7547185476397354 18
0000 0008 1710577785897 0.0 -57.5 0.5890486225480862 18
0000 0012 1710577785897 26.0 -58.5 1.9634954084936207 18
0000 0007 1710577785898 -13.0 -56.0 1.88986433067511 18
0000 0004 1710577785898 13.0 -61.5 1.0615147052168636 18
0000 0015 1710577785898 16.25 -57.5 3.0250101137104846 18
0000 0001 1710577785898 35.75 -58.0 4.313553975534423 18
0000 0009 1710577785899 -7.3125 -64.0 0.25770877236478773 18
0000 0006 1710577785899 6.5 -61.0 3.2213596545598464 18
0000 0010 1710577785899 0.0 -66.0 1.2640001692177683 18
0000 0013 1710577785900 68.3125 -67.5 0.521553467881118 18
0000 0003 1710577785900 26.0 -67.5 2.6139032625571326 18
0000 0007 1710577785900 35.75 -63.0 5.344389064993574 18
0000 0014 1710577785900 -263.625 -70.5 3.6815538909255388 18
0000 0013 1710577785901 61.8125 -67.0 0.3436116964863836 18
0000 0003 1710577785901 74.8125 -71.0 4.344233591292136 18
0000 0015 1710577785901 29.25 -58.5 3.06182565261974 18
0000 0004 1710577785902 -6.5 -60.0 4.1172044346850605 18
0000 0000 1710577785902 41.5 -61.5 2.718213956133356 18
0000 0001 1710577785902 -29.25 -58.0 5.878214379177777 18
0000 0005 1710577785903 6.5 -61.5 5.822991070813893 18
0000 0012 1710577785903 -32.5 -60.0 1.6014759425526093 18
0000 0008 1710577785903 35.75 -55.0 2.804116880254952 18
0000 0006 1710577785903 107.375 -70.0 1.1351457830353744 18
0000 0010 1710577785904 -9.75 -66.5 2.2457478734645786 18
0000 0009 1710577785952 -7.3125 -67.5 5.8475347634200645 18
0000 0002 1710577785952 26.0 -75.0 0.4724660826687775 18
0000 0012 1710577786153 22.75 -61.5 1.2455923997631406 18
0000 0004 1710577786154 -32.5 -59.0 0.521553467881118 18
0000 0006 1710577786154 -32.5 -63.5 4.289010282928253 18
0000 0002 1710577786155 -39.0 -73.5 5.0253210611133605 18
0000 0015 1710577786155 58.5625 -60.0 3.1661363461959633 18
0000 0005 1710577786155 -22.75 -55.5 1.662835174068035 18
0000 0011 1710577786156 35.75 -62.0 0.9694758579437253 18
0000 0009 1710577786156 27.625 -57.5 2.5709518004963345 18
0000 0007 1710577786156 6.5 -57.0 3.6263305825616556 18
0000 0008 1710577786156 -32.5 -59.5 0.06135923151542565 18
0000 0001 1710577786157 -13.0 -57.5 0.8651651643675016 18
0000 0000 1710577786157 -55.3125 -63.5 5.135767677841127 18
0000 0010 1710577786157 -6.5 -60.5 0.4724660826687775 18
0000 0003 1710577786157 84.625 -71.0 1.8346410223112268 18
0000 0014 1710577786158 29.875 -74.5 4.589670517353839 18
0000 0000 1710577786158 -24.375 -63.5 5.915029918087033 18
0000 0005 1710577786158 32.5 -57.0 2.3193789512830896 18
0000 0006 1710577786159 16.25 -70.5 5.522330836388308 18
0000 0001 1710577786159 -32.5 -57.5 1.043106935762236 18
0000 0009 1710577786159 22.75 -57.5 4.06811704947272 18
0000 0011 1710577786159 16.25 -61.5 3.663146121470911 18
0000 0008 1710577786160 -19.5 -53.5 2.030990563160589 18
0000 0007 1710577786160 -16.25 -55.5 4.945554060143307 18
0000 0010 1710577786160 22.75 -59.5 3.3747577333484107 18
0000 0004 1710577786161 6.5 -58.0 1.7426021750380885 18
0000 0015 1710577786161 35.75 -62.5 2.9697868053466014 18
0000 0012 1710577786162 39.0 -66.0 1.1351457830353744 18
0000 0003 1710577786162 55.3125 -71.0 2.3746022596469727 18
0000 0002 1710577786162 159.5 -73.0 5.522330836388308 18
0000 0004 1710577786405 0.0 -58.5 2.0800779483729293 18
0000 0011 1710577786405 -6.5 -62.5 5.1725832167503825 18
0000 0001 1710577786405 -3.25 -58.0 0.5890486225480862 18
0000 0008 1710577786406 13.0 -53.0 2.693670263527186 18
0000 0007 1710577786406 19.5 -56.0 5.896622148632405 18
0000 0002 1710577786406 -182.25 -73.5 6.031612457966341 18
0000 0010 1710577786406 35.75 -56.0 4.816699673960914 18
0000 0005 1710577786407 -32.5 -57.5 3.117048960983623 18
0000 0000 1710577786407 -62.625 -63.5 5.816855147662351 18
0000 0003 1710577786407 -143.1875 -70.0 2.442097414313941 18
0000 0009 1710577786408 -55.3125 -61.0 5.608233760509904 18
0000 0015 1710577786408 71.5625 -65.5 2.5464081078901644 18
0000 0012 1710577786408 -39.0 -70.0 1.0676506283684062 18
0000 0013 1710577786408 6.5 -76.0 6.025476534814799 18
0000 0006 1710577786409 -2.5 -75.5 0.9326603190344698 18
0000 0001 1710577786409 -19.5 -58.5 0.2638446955163303 18
0000 0009 1710577786409 -48.8125 -60.5 6.14819499784565 18
0000 0010 1710577786410 -58.5625 -55.0 5.418020142812084 18
0000 0005 1710577786410 0.0 -57.0 3.2581751934691017 18
0000 0013 1710577786410 -156.1875 -70.5 0.1349903093339364 18
0000 0004 1710577786410 -6.5 -57.5 2.024854640009046 18
0000 0011 1710577786411 55.3125 -65.0 5.491651220630596 18
0000 0008 1710577786411 -26.0 -54.0 3.06182565261974 18
0000 0012 1710577786411 -9.75 -71.0 0.8835729338221293 18
0000 0015 1710577786411 9.75 -69.5 2.3193789512830896 18
0000 0007 1710577786412 45.5625 -56.5 6.037748381117884 18
0000 0000 1710577786412 -90.3125 -64.0 5.6573211457222445 18
0000 0003 1710577786413 71.5625 -71.5 1.9696313316451632 18
0000 0006 1710577786413 68.3125 -71.0 0.42337869745643697 18
0000 0002 1710577786452 49.625 -75.0 5.298369641357005 18
0000 0012 1710577786452 16.4375 -73.0 0.8160777791551611 18
0000 0000 1710577786675 13.8125 -65.0 5.4671075280244255 18
0000 0011 1710577786675 3.25 -65.0 5.927301764390117 18
0000 0001 1710577786675 -39.0 -59.0 0.11044661672776616 18
0000 0009 1710577786676 -7.3125 -61.0 0.07363107781851078 18
0000 0006 1710577786676 32.5 -66.5 5.9088939949354895 18
0000 0013 1710577786676 -71.5625 -68.0 0.01227184630308513 18
0000 0003 1710577786677 61.8125 -70.5 1.9880391010997909 18
0000 0004 1710577786677 -16.25 -58.0 1.564660403643354 18
0000 0010 1710577786677 -29.25 -55.5 5.608233760509904 18
0000 0008 1710577786677 -19.5 -55.0 3.2581751934691017 18
0000 0005 1710577786678 -16.25 -56.5 3.000466421104314 18
0000 0007 1710577786678 -19.5 -57.5 5.307573526084319 18
0000 0015 1710577786678 -2.4375 -72.0 5.50392306693368 18
0000 0002 1710577786679 7.875 -76.5 5.092816215780329 18
0000 0006 1710577786679 -32.5 -64.5 5.111223985234957 18
0000 0008 1710577786679 -22.75 -54.5 3.429981041712294 18
0000 0009 1710577786679 -3.25 -61.0 0.30066023442558565 18
0000 0001 1710577786680 13.0 -58.0 0.14112623248547898 18
0000 0004 1710577786680 0.0 -58.0 1.2333205534600555 18
0000 0005 1710577786680 13.0 -57.0 2.859340188618835 18
0000 0010 1710577786681 -6.5 -55.5 5.681864838328415 18
0000 0007 1710577786681 -3.25 -59.0 4.221515128261284 18
0000 0011 1710577786681 3.25 -65.5 6.166602767300278 18
0000 0000 1710577786682 -55.3125 -65.0 5.651185222570702 18
0000 0003 1710577786682 -68.3125 -72.5 2.1966604882522383 18
0000 0013 1710577786682 -120.4375 -67.0 0.15339807878856412 18
0000 0002 1710577786943 43.9375 -75.5 5.126563793113813 18
0000 0015 1710577786944 0.8125 -72.5 5.565282298449106 18
0000 0004 1710577786944 3.25 -57.5 1.3928545554001621 18
0000 0011 1710577786944 -74.8125 -65.5 6.264777537724958 18
0000 0013 1710577786944 45.5625 -67.5 6.025476534814799 18
0000 0010 1710577786945 -45.5625 -55.5 5.896622148632405 18
0000 0007 1710577786945 0.0 -58.5 4.522175362686871 18
0000 0005 1710577786945 -9.75 -57.0 2.442097414313941 18
0000 0001 1710577786946 -22.75 -58.5 0.2270291566070749 18
0000 0008 1710577786946 -6.5 -54.0 3.399301425954581 18
0000 0009 1710577786946 -7.3125 -62.0 0.28838838812250056 18
0000 0000 1710577786946 -52.0625 -65.0 5.688000761479957 18
0000 0003 1710577786947 -100.875 -71.5 2.5280003384355365 18
0000 0006 1710577786947 0.0 -66.5 5.577554144752192 18
0000 0002 1710577786947 30.875 -76.0 5.313709449235861 18
0000 0009 1710577787193 7.3125 -61.5 6.2463697682703305 18
0000 0011 1710577787193 -45.5625 -65.5 5.884350302329319 18
0000 0005 1710577787194 19.5 -56.5 2.6261751088602177 18
0000 0008 1710577787195 13.0 -54.5 3.153864499892878 18
0000 0010 1710577787195 -13.0 -55.0 5.859806609723149 18
0000 0003 1710577787195 133.4375 -72.0 1.7978254834019713 18
0000 0001 1710577787195 -16.25 -58.0 0.23930100291016002 18
0000 0004 1710577787196 -3.25 -58.0 1.6566992509164924 18
0000 0007 1710577787196 -26.0 -58.5 4.767612288748572 18
0000 0000 1710577787196 -24.375 -63.5 5.5284667595398505 18
0000 0006 1710577787197 -52.0625 -66.5 5.626641529964532 18
0000 0013 1710577787197 -94.375 -68.5 6.2463697682703305 18
0000 0002 1710577787443 43.125 -75.0 2.1260973720094984 18
0000 0009 1710577787443 -7.3125 -61.5 6.209554229361076 18
0000 0001 1710577787443 -55.3125 -58.0 0.25770877236478773 18
0000 0013 1710577787444 97.625 -67.0 5.927301764390117 18
0000 0004 1710577787444 22.75 -58.5 1.6014759425526093 18
0000 0005 1710577787444 39.0 -56.5 2.325514874434632 18
0000 0010 1710577787445 -29.25 -55.5 5.829126993965437 18
0000 0008 1710577787445 -6.5 -54.5 3.11091303783208 18
0000 0006 1710577787445 -58.5625 -66.5 5.675728915176872 18
0000 0007 1710577787445 6.5 -59.0 4.147884050442774 18
0000 0000 1710577787446 59.375 -64.5 5.350524988145116 18
0000 0011 1710577787446 6.5 -65.0 5.7616318392984684 18
0000 0003 1710577787446 -13.0 -71.5 1.7732817907958012 18
0000 0002 1710577787447 35.75 -75.0 5.325981295538946 18
0000 0012 1710577787587 -2.875 -73.5 4.246058820867455 18
0000 0015 1710577787587 3.5625 -73.0 5.350524988145116 18
0000 0005 1710577787588 -3.25 -56.0 2.018718716857504 18
0000 0009 1710577787588 -13.8125 -61.0 6.031612457966341 18
0000 0007 1710577787588 -9.75 -59.0 4.086524818927348 18
0000 0011 1710577787588 -3.25 -64.0 5.964117303299373 18
0000 0006 1710577787589 48.8125 -66.5 5.460971604872882 18
0000 0000 1710577787589 48.8125 -64.5 5.21553467881118 18
0000 0013 1710577787589 19.5 -67.5 6.240233845118788 18
0000 0010 1710577787590 3.25 -55.0 5.8475347634200645 18
0000 0004 1710577787590 13.0 -57.5 1.9082721001297376 18
0000 0008 1710577787590 22.75 -55.0 3.0802334220743677 18
0000 0001 1710577787590 -6.5 -58.0 6.019340611663256 18
0000 0003 1710577787591 29.25 -72.5 1.6935147898257479 18
0000 0002 1710577787591 -139.9375 -74.0 5.485515297479052 18
0000 0012 1710577787591 0.5625 -73.0 1.0246991663076084 18
0000 0004 1710577787943 13.0 -57.0 1.6935147898257479 18
0000 0010 1710577787943 -26.0 -55.5 5.792311455056181 18
0000 0005 1710577787944 -6.5 -56.5 2.3193789512830896 18
0000 0008 1710577787944 13.0 -54.5 3.0495538063166547 18
0000 0007 1710577787944 3.25 -58.0 4.534447208989955 18
0000 0009 1710577787944 -10.5625 -60.5 5.8475347634200645 18
0000 0011 1710577787945 39.0 -64.5 5.798447378207723 18
0000 0000 1710577787945 -24.375 -64.5 5.301437602932776 18
0000 0006 1710577787945 94.375 -65.0 5.013049214810275 18
0000 0001 1710577787946 -16.25 -58.0 5.964117303299373 18
0000 0002 1710577787946 26.0 -75.5 4.804427827657828 18
0000 0003 1710577787946 211.5625 -72.0 1.2210487071569704 18
0000 0013 1710577787946 39.0 -68.0 0.04295146206079795 18
0000 0012 1710577787947 20.3125 -72.5 0.944932165337555 18
0000 0004 1710577788192 0.0 -57.5 1.6566992509164924 18
0000 0007 1710577788192 3.25 -58.0 4.460816131171445 18
0000 0013 1710577788193 19.5 -67.0 0.05522330836388308 18
0000 0001 1710577788193 9.75 -58.0 5.884350302329319 18
0000 0005 1710577788193 -13.0 -56.5 2.184388641949153 18
0000 0000 1710577788194 48.8125 -64.5 5.111223985234957 18
0000 0011 1710577788194 6.5 -65.0 5.8045833013592665 18
0000 0010 1710577788194 -39.0 -55.5 5.792311455056181 18
0000 0008 1710577788194 -13.0 -54.5 3.018874190558942 18
0000 0003 1710577788195 -113.875 -72.0 1.8223691760081417 18
0000 0009 1710577788195 -59.375 -60.5 5.841398840268521 18
0000 0006 1710577788196 -42.3125 -65.5 5.184855063053467 18
0000 0002 1710577788196 -9.75 -75.0 5.160311370447297 18
0000 0012 1710577788196 -0.8125 -72.5 4.200039397230886 18
0000 0009 1710577788372 -38.1875 -60.5 5.5284667595398505 18
0000 0000 1710577788372 -41.5 -64.5 5.117359908386499 18
0000 0008 1710577788372 3.25 -54.0 2.816388726558037 18
0000 0001 1710577788373 -6.5 -58.0 5.71868037723767 18
0000 0010 1710577788373 -26.0 -56.0 5.6143696836614465 18
0000 0003 1710577788373 -26.0 -71.0 1.3437671701878218 18
0000 0007 1710577788373 -29.25 -58.5 4.135612204139688 18
0000 0005 1710577788374 16.25 -55.5 1.932815792735908 18
0000 0006 1710577788374 -39.0 -65.0 4.963961829597935 18
0000 0004 1710577788374 52.0625 -57.0 1.380582709097077 18
0000 0011 1710577788374 -117.125 -64.5 5.8045833013592665 18
0000 0013 1710577788375 58.5625 -68.5 0.01227184630308513 18
0000 0002 1710577788375 -107.375 -73.5 4.853515212870168 18
0000 0012 1710577788375 -48.8125 -71.5 0.9878836273983529 18
0000 0005 1710577788376 -16.25 -55.5 1.9512235621905356 18
0000 0001 1710577788376 -9.75 -58.0 5.66959299202533 18
0000 0009 1710577788376 -38.1875 -60.5 5.399612373357457 18
0000 0004 1710577788376 9.75 -57.0 1.368310862793992 18
0000 0013 1710577788377 42.3125 -68.0 0.0 18
0000 0011 1710577788377 -16.25 -64.0 5.608233760509904 18
0000 0003 1710577788377 133.4375 -71.5 1.1290098598838318 18
0000 0012 1710577788377 -9.75 -71.5 0.9265243958829272 18
0000 0010 1710577788378 -13.0 -56.5 5.5284667595398505 18
0000 0006 1710577788378 -42.3125 -64.5 4.865787059173254 18
0000 0007 1710577788379 19.5 -59.0 3.8288160465625602 18
0000 0008 1710577788379 13.0 -53.5 2.730485802436441 18
0000 0002 1710577788379 -87.875 -73.5 4.724660826687775 18
0000 0000 1710577788379 21.125 -65.0 4.878058905476339 18
0000 0001 1710577788692 -19.5 -58.0 5.663457068873787 18
0000 0008 1710577788693 -6.5 -54.0 2.6323110320117604 18
0000 0013 1710577788693 16.25 -67.5 0.09203884727313846 18
0000 0007 1710577788693 -9.75 -58.5 3.393165502803038 18
0000 0012 1710577788693 -87.875 -70.5 0.8774370106705868 18
0000 0004 1710577788694 32.5 -56.5 1.2087768608538851 18
0000 0011 1710577788694 45.5625 -64.5 5.350524988145116 18
0000 0000 1710577788694 13.0 -64.5 4.822835597112456 18
0000 0010 1710577788695 -29.25 -56.5 5.399612373357457 18
0000 0005 1710577788695 3.25 -55.5 1.662835174068035 18
0000 0009 1710577788695 -29.25 -60.0 5.135767677841127 18
0000 0006 1710577788695 0.0 -65.0 4.571262747899211 18
0000 0003 1710577788696 -58.5625 -71.5 0.9019807032767571 18
0000 0002 1710577788696 15.4375 -75.0 4.528311285838413 18
