0001 0009 1711248348001 -3.25 -62.5 4.865787059173254 8
0001 0005 1711248348001 -146.4375 -68.5 2.012582793705961 8
0001 0015 1711248348002 52.0625 -63.5 1.4051264017032472 8
0001 0003 1711248348002 -48.8125 -65.5 5.442563835418255 8
0001 0011 1711248348003 16.25 -65.0 0.19634954084936207 8
0001 0012 1711248348004 48.8125 -64.0 0.6994952392758523 8
0001 0014 1711248348004 48.8125 -70.5 1.4296700943094176 8
0001 0010 1711248348005 -104.125 -71.0 6.050020227420969 8
0001 0013 1711248348005 55.3125 -66.5 2.0493983326152168 8
0001 0007 1711248348006 -22.75 -71.5 1.4358060174609601 8
0001 0012 1711248348007 29.25 -64.0 0.7731263170943632 8
0001 0011 1711248348007 -13.0 -65.5 0.15339807878856412 8
0001 0009 1711248348008 -29.25 -62.5 4.822835597112456 8
0001 0014 1711248348008 -175.75 -69.5 1.6566992509164924 8
0001 0005 1711248348009 71.5625 -69.5 1.6198837120072371 8
0001 0015 1711248348009 32.5 -62.5 1.4787574795217582 8
0001 0013 1711248348009 -84.625 -67.0 2.325514874434632 8
0001 0003 1711248348010 -120.4375 -65.5 5.595961914206819 8
0001 0010 1711248348010 52.0625 -70.5 6.007068765360171 8
0001 0007 1711248348011 -87.875 -73.0 1.521708941582556 8
0001 0014 1711248348225 42.3125 -68.5 1.3989904785517047 8
0001 0011 1711248348226 74.8125 -65.5 6.252505691421874 8
0001 0003 1711248348226 -123.6875 -66.0 5.516194913236766 8
0001 0007 1711248348227 -52.0625 -71.0 1.4910293258248433 8
0001 0005 1711248348227 58.5625 -68.0 1.7916895602504288 8
0001 0015 1711248348228 3.25 -63.0 1.4848934026733007 8
0001 0013 1711248348228 -22.75 -67.5 2.2641556429192065 8
0001 0012 1711248348229 29.25 -64.0 0.607456392002714 8
0001 0009 1711248348229 -3.25 -62.5 4.724660826687775 8
0001 0010 1711248348230 -45.5625 -71.0 5.988660995905543 8
0001 0005 1711248348230 32.5 -69.5 1.8960002538266525 8
0001 0010 1711248348231 9.75 -71.5 5.939573610693203 8
0001 0013 1711248348232 -113.875 -67.0 2.3193789512830896 8
0001 0015 1711248348232 -52.0625 -63.0 1.564660403643354 8
0001 0009 1711248348233 -13.0 -63.0 4.6878452877785195 8
0001 0003 1711248348233 84.625 -66.0 5.203262832508095 8
0001 0012 1711248348233 3.25 -64.0 0.5154175447295755 8
0001 0014 1711248348234 16.25 -70.0 1.3621749396424494 8
0001 0007 1711248348234 -68.3125 -72.5 1.4848934026733007 8
0001 0011 1711248348235 32.5 -66.0 0.02454369260617026 8
0001 0014 1711248348451 -81.375 -70.0 1.4542137869155878 8
0001 0010 1711248348451 117.9375 -72.5 5.47937937432751 8
0001 0012 1711248348451 -13.0 -64.5 0.4479223900626072 8
0001 0005 1711248348452 -71.5625 -69.5 1.9512235621905356 8
0001 0013 1711248348452 -91.125 -66.5 2.2641556429192065 8
0001 0009 1711248348453 -55.3125 -63.0 4.700117134081604 8
0001 0015 1711248348453 68.3125 -63.5 1.3744467859455345 8
0001 0011 1711248348454 -3.25 -66.0 6.277049384028044 8
0001 0003 1711248348454 52.0625 -66.5 5.3198453723874035 8
0001 0007 1711248348455 -9.75 -73.5 1.5033011721279284 8
0001 0007 1711248348455 218.0625 -72.5 1.3621749396424494 8
0001 0009 1711248348456 -55.3125 -63.0 4.657165672020807 8
0001 0014 1711248348456 130.1875 -70.5 1.1535535524900022 8
0001 0015 1711248348456 42.3125 -63.5 1.4480778637640452 8
0001 0010 1711248348457 -52.0625 -71.5 5.706408530934585 8
0001 0012 1711248348457 48.8125 -64.0 0.42337869745643697 8
0001 0005 1711248348458 35.75 -70.0 1.8100973297050567 8
0001 0011 1711248348458 48.8125 -66.5 6.12365130523948 8
0001 0013 1711248348459 84.625 -66.0 1.9757672547967058 8
0001 0003 1711248348459 26.0 -66.5 5.344389064993574 8
0001 0007 1711248348517 -16.25 -73.0 4.718524903536232 8
0001 0012 1711248348674 22.75 -64.5 0.3620194659410113 8
0001 0014 1711248348675 104.125 -69.5 1.282407938672396 8
0001 0015 1711248348675 35.75 -63.0 1.4603497100671303 8
0001 0010 1711248348676 38.1875 -71.0 5.45483568172134 8
0001 0013 1711248348677 32.5 -66.5 1.9819031779482483 8
0001 0011 1711248348677 -6.5 -66.0 6.215690152512618 8
0001 0005 1711248348677 -120.4375 -69.5 2.067806102069844 8
0001 0003 1711248348678 -6.5 -66.0 5.405748296509 8
0001 0009 1711248348678 52.0625 -64.0 4.460816131171445 8
0001 0007 1711248348679 55.3125 -71.0 1.282407938672396 8
0001 0010 1711248348679 21.125 -72.5 5.546874528994478 8
0001 0003 1711248348680 58.5625 -66.5 5.289165756629691 8
0001 0012 1711248348681 35.75 -63.5 0.380427235395639 8
0001 0011 1711248348682 71.5625 -65.5 6.215690152512618 8
0001 0015 1711248348682 22.75 -63.5 1.4296700943094176 8
0001 0014 1711248348682 107.375 -70.0 1.3192234775816514 8
0001 0009 1711248348683 -55.3125 -63.5 4.663301595172349 8
0001 0005 1711248348683 -19.5 -69.5 1.8285050991596843 8
0001 0013 1711248348684 -110.625 -66.0 2.2150682577068657 8
0001 0007 1711248348684 -42.3125 -71.5 1.564660403643354 8
0001 0015 1711248348897 9.75 -63.5 1.4419419406125027 8
0001 0012 1711248348898 -29.25 -64.5 0.5767767762450011 8
0001 0013 1711248348898 45.5625 -66.5 2.024854640009046 8
0001 0011 1711248348898 6.5 -65.5 0.07363107781851078 8
0001 0003 1711248348899 107.375 -66.5 5.264622064023521 8
0001 0009 1711248348899 -26.0 -63.5 4.657165672020807 8
0001 0014 1711248348900 -26.0 -70.5 1.521708941582556 8
0001 0010 1711248348901 -62.625 -71.5 5.829126993965437 8
0001 0005 1711248348901 143.1875 -69.5 1.5830681730979816 8
0001 0007 1711248348902 250.625 -73.0 1.2578642460662257 8
0001 0010 1711248348902 24.375 -73.0 5.724816300389213 8
0001 0012 1711248348902 -9.75 -64.0 0.8774370106705868 8
0001 0011 1711248348903 55.3125 -65.5 0.04908738521234052 8
0001 0005 1711248348903 26.0 -70.5 1.859184714917397 8
0001 0009 1711248348904 -22.75 -64.0 4.7307967498393175 8
0001 0013 1711248348904 13.0 -66.5 2.1905245651006955 8
0001 0015 1711248348905 84.625 -64.5 1.509437095279471 8
0001 0003 1711248348905 91.125 -67.0 5.393476450205914 8
0001 0014 1711248349016 0.5625 -72.5 1.2578642460662257 8
0001 0010 1711248349017 0.0 -73.5 5.890486225480862 8
0001 0007 1711248349017 1.1875 -74.0 1.4848934026733007 8
0001 0009 1711248349143 -26.0 -64.0 4.970097752749477 8
0001 0011 1711248349143 -32.5 -65.0 0.3865631585471816 8
0001 0012 1711248349143 13.0 -63.5 0.9387962421860124 8
0001 0015 1711248349144 -19.5 -63.5 1.6751070203711202 8
0001 0013 1711248349144 68.3125 -67.5 2.2641556429192065 8
0001 0003 1711248349145 139.9375 -67.0 5.117359908386499 8
0001 0005 1711248349145 -26.0 -70.5 1.8162332528565992 8
0001 0007 1711248349145 -6.5 -73.5 1.4910293258248433 8
0001 0010 1711248349146 3.625 -73.5 6.154330920997192 8
0001 0014 1711248349147 -12.8125 -73.0 1.3499030933393643 8
0001 0015 1711248349147 9.75 -65.0 1.7855536370988863 8
0001 0013 1711248349148 3.25 -68.5 3.472932503773092 8
0001 0007 1711248349149 159.5 -71.0 1.0369710126106935 8
0001 0009 1711248349149 16.25 -63.0 5.2768939103266055 8
0001 0011 1711248349150 32.5 -63.5 0.4356505437595221 8
0001 0012 1711248349150 22.75 -65.5 1.3130875544301088 8
0001 0003 1711248349151 -45.5625 -68.5 5.240078371417351 8
0001 0010 1711248349151 104.125 -69.5 0.32520392703175593 8
0001 0005 1711248349151 84.625 -68.5 1.7916895602504288 8
0001 0014 1711248349267 14.0 -72.5 1.325359400733194 8
0001 0005 1711248349267 -13.0 -65.0 1.6444274046134073 8
0001 0003 1711248349268 -156.1875 -70.5 5.209398755659637 8
0001 0009 1711248349268 55.3125 -62.5 5.798447378207723 8
0001 0011 1711248349268 107.375 -65.5 0.9387962421860124 8
0001 0012 1711248349269 61.8125 -68.5 1.2885438618239387 8
0001 0015 1711248349269 32.5 -69.5 6.092971689481767 8
0001 0009 1711248349527 84.625 -66.0 0.3620194659410113 8
0001 0005 1711248349527 39.0 -63.5 0.9694758579437253 8
0001 0011 1711248349528 22.75 -66.0 1.1044661672776617 8
0001 0012 1711248349528 -32.5 -69.5 1.9573594853420782 8
0001 0009 1711248349529 58.5625 -68.0 2.1537090261914402 8
0001 0005 1711248349529 16.25 -67.0 1.3008157081270237 8
0001 0012 1711248349529 -74.8125 -66.5 2.9759227284981438 8
0001 0011 1711248349530 -55.3125 -68.5 1.8775924843720249 8
0001 0000 1711248349777 -2.875 -76.0 1.736466251886546 8
0001 0014 1711248349778 0.625 -73.5 5.344389064993574 8
0001 0009 1711248349778 26.0 -64.0 4.675573441475434 8
0001 0012 1711248349778 -19.5 -63.5 3.9208548938356986 8
0001 0005 1711248349779 117.125 -69.0 2.5034566458293663 8
0001 0014 1711248349779 -13.8125 -71.5 5.436427912266712 8
0001 0000 1711248349779 -0.5625 -75.5 0.30066023442558565 8
0001 0003 1711248349780 0.625 -78.5 4.718524903536232 8
0001 0011 1711248349780 3.125 -71.0 0.30066023442558565 8
0001 0014 1711248349780 61.8125 -66.0 2.227340104009951 8
0001 0012 1711248349781 117.125 -69.0 5.227806525114265 8
0001 0011 1711248349781 -107.375 -69.0 0.8467573949128739 8
0001 0000 1711248349782 48.8125 -71.5 5.957981380147831 8
0001 0003 1711248349782 -159.5 -73.5 6.031612457966341 8
0001 0004 1711248349783 -3.0 -73.0 0.607456392002714 8
0001 0001 1711248350027 4.375 -73.0 5.442563835418255 8
0001 0013 1711248350028 -0.25 -73.5 0.8406214717613314 8
0001 0007 1711248350028 -1.9375 -72.0 1.9696313316451632 8
0001 0003 1711248350028 68.3125 -71.5 1.9819031779482483 8
0001 0013 1711248350029 100.875 -70.0 1.000155473701438 8
0001 0011 1711248350029 -26.0 -64.5 3.153864499892878 8
0001 0014 1711248350029 -6.5 -67.5 5.822991070813893 8
0001 0000 1711248350030 -35.75 -71.0 2.073942025221387 8
0001 0001 1711248350031 2.4375 -72.5 3.724505352986337 8
0001 0011 1711248350031 -52.0625 -63.0 5.006913291658733 8
0001 0014 1711248350032 35.75 -63.5 1.2640001692177683 8
0001 0000 1711248350032 42.3125 -70.5 4.147884050442774 8
0001 0013 1711248350032 -139.9375 -72.0 4.123340357836604 8
0001 0005 1711248350237 1.5 -73.0 0.16566992509164924 8
0001 0003 1711248350237 5.0 -72.0 5.773903685601553 8
0001 0010 1711248350238 3.5 -74.5 5.884350302329319 8
0001 0001 1711248350238 1.8125 -73.5 1.3008157081270237 8
0001 0011 1711248350238 -65.0625 -68.0 1.6137477888556946 8
0001 0001 1711248350239 0.0 -69.5 2.466641106920111 8
0001 0007 1711248350239 -87.875 -69.5 4.23378697456437 8
0001 0005 1711248350239 52.0625 -64.0 2.141437179888355 8
0001 0003 1711248350240 22.75 -66.0 4.239922897715912 8
0001 0013 1711248350240 -110.625 -68.5 5.1725832167503825 8
0001 0010 1711248350241 173.3125 -69.5 0.9081166264282996 8
0001 0008 1711248350241 14.0 -76.0 1.043106935762236 8
0001 0004 1711248350241 0.5625 -70.5 4.061981126321178 8
0001 0001 1711248350242 19.5 -66.0 5.270757987175063 8
0001 0004 1711248350242 -3.25 -64.0 1.6566992509164924 8
0001 0011 1711248350242 61.8125 -64.0 4.706253057233147 8
0001 0010 1711248350243 117.9375 -71.0 1.8530487917658545 8
0001 0007 1711248350243 0.0 -70.5 1.8960002538266525 8
0001 0003 1711248350276 3.0 -72.0 5.546874528994478 8
0001 0012 1711248350483 -12.5 -76.0 4.693981210930062 8
0001 0013 1711248350483 5.0 -73.0 4.331961744989051 8
0001 0003 1711248350484 16.25 -68.0 4.7307967498393175 8
0001 0001 1711248350484 9.75 -64.5 2.000310947402876 8
0001 0012 1711248350484 -48.8125 -69.0 3.9515345095934116 8
0001 0007 1711248350485 -55.3125 -70.5 3.5772431973493153 8
0001 0013 1711248350485 -104.125 -68.5 4.933282213840222 8
0001 0004 1711248350486 -13.0 -66.0 4.896466674930966 8
0001 0011 1711248350486 16.25 -64.0 1.3499030933393643 8
0001 0000 1711248350486 26.0 -71.0 2.442097414313941 8
0001 0015 1711248350487 -18.875 -73.5 2.9943304979527716 8
0001 0010 1711248350487 4.375 -74.5 0.5583690067903734 8
0001 0012 1711248350488 -19.5 -68.0 6.056156150572511 8
0001 0010 1711248350488 62.625 -68.5 4.878058905476339 8
0001 0005 1711248350489 -3.25 -66.0 3.2090878082567613 8
0001 0011 1711248350489 -6.5 -68.0 4.841243366567084 8
0001 0007 1711248350489 -94.375 -72.0 1.0676506283684062 8
0001 0001 1711248350490 -55.3125 -68.0 5.00077736850719 8
0001 0008 1711248350516 3.1875 -76.5 2.116893487282185 8
0001 0004 1711248350757 3.375 -72.5 0.4295146206079795 8
0001 0002 1711248350757 -2.25 -76.5 5.197126909356553 8
0001 0009 1711248350758 -2.875 -72.0 5.9518454569962875 8
0001 0009 1711248350758 104.125 -69.5 5.93343768754166 8
0001 0004 1711248350758 -35.75 -68.0 5.227806525114265 8
0001 0010 1711248350759 0.0 -67.5 0.9387962421860124 8
0001 0012 1711248350759 139.9375 -68.5 0.4663301595172349 8
0001 0011 1711248350759 68.3125 -66.0 2.5586799541932495 8
0001 0005 1711248350760 -3.25 -62.0 1.6566992509164924 8
0001 0007 1711248350760 -6.5 -65.5 3.2581751934691017 8
0001 0008 1711248350761 -543.5625 -73.5 4.9823695990525625 8
0001 0002 1711248350761 12.1875 -76.0 5.589825991055276 8
0001 0001 1711248350762 12.1875 -73.5 0.2638446955163303 8
0001 0015 1711248350762 32.5 -67.0 6.154330920997192 8
0001 0009 1711248350763 35.75 -69.5 1.2762720155208536 8
0001 0011 1711248350763 -42.3125 -68.5 4.994641445355648 8
0001 0007 1711248350763 117.125 -68.5 2.730485802436441 8
0001 0005 1711248350764 39.0 -59.5 1.2701360923693108 8
0001 0010 1711248350764 117.9375 -68.5 1.6689710972195777 8
0001 0012 1711248350765 -94.375 -64.5 3.785864584501762 8
0001 0001 1711248350765 -84.625 -66.0 5.583690067903734 8
0001 0000 1711248350766 -172.5 -72.0 5.939573610693203 8
0001 0008 1711248350766 6.5 -73.0 0.7424467013366504 8
0001 0014 1711248351017 -2.125 -73.5 0.12885438618239387 8
0001 0013 1711248351017 9.125 -77.5 5.264622064023521 8
0001 0004 1711248351017 -3.125 -74.5 1.2455923997631406 8
0001 0001 1711248351018 87.875 -66.0 1.1658253987930873 8
0001 0012 1711248351018 22.75 -66.0 4.884194828627882 8
0001 0004 1711248351018 -104.125 -72.0 4.571262747899211 8
0001 0005 1711248351019 39.0 -65.0 1.5462526341887264 8
0001 0007 1711248351019 -130.1875 -68.5 3.6079228131070282 8
0001 0015 1711248351020 48.8125 -57.5 1.4358060174609601 8
0001 0014 1711248351020 -45.5625 -70.0 3.442252888015379 8
0001 0013 1711248351020 -56.125 -78.5 1.1903690913992575 8
0001 0008 1711248351021 9.125 -77.5 4.154019973594316 8
0001 0000 1711248351021 -5.1875 -76.5 0.6994952392758523 8
0001 0010 1711248351021 -2.5625 -71.5 5.546874528994478 8
0001 0011 1711248351022 3.8125 -74.5 0.2454369260617026 8
0001 0009 1711248351022 4.0 -69.5 5.6573211457222445 8
0001 0000 1711248351183 -42.3125 -73.5 0.07976700097005335 8
0001 0014 1711248351183 22.75 -66.5 4.479223900626073 8
0001 0015 1711248351184 52.0625 -61.5 1.3437671701878218 8
0001 0011 1711248351184 58.5625 -70.0 5.5284667595398505 8
0001 0010 1711248351184 -65.0625 -66.5 3.2029518851052186 8
0001 0009 1711248351185 126.9375 -69.0 2.988194574801229 8
0001 0008 1711248351185 -93.5625 -74.0 1.6137477888556946 8
0001 0013 1711248351185 -97.625 -72.0 4.09266074207889 8
0001 0005 1711248351186 7.3125 -65.0 0.09203884727313846 8
0001 0001 1711248351186 20.125 -74.5 1.012427320004523 8
0001 0003 1711248351186 16.625 -77.5 5.71868037723767 8
0001 0007 1711248351187 -0.5625 -75.5 0.28838838812250056 8
0001 0006 1711248351187 -6.5 -78.5 5.583690067903734 8
0001 0009 1711248351187 -9.75 -67.0 6.062292073724054 8
0001 0010 1711248351188 94.375 -66.0 1.1596894756415448 8
0001 0013 1711248351188 -16.25 -65.5 0.12885438618239387 8
0001 0005 1711248351188 100.875 -65.5 1.8223691760081417 8
0001 0014 1711248351189 -61.8125 -65.0 2.000310947402876 8
0001 0001 1711248351189 -208.3125 -70.0 4.534447208989955 8
0001 0006 1711248351189 -55.3125 -72.5 5.399612373357457 8
0001 0015 1711248351190 -26.0 -64.5 1.7794177139473437 8
0001 0007 1711248351190 -35.75 -70.5 4.338097668140593 8
0001 0011 1711248351266 5.625 -73.5 5.019185137961818 8
0001 0000 1711248351397 -1.4375 -75.5 1.0799224746714913 8
0001 0008 1711248351398 2.25 -78.5 4.71238898038469 8
0001 0003 1711248351398 5.8125 -72.0 4.608078286808466 8
0001 0013 1711248351398 6.5 -62.0 4.871922982324796 8
0001 0004 1711248351399 26.0 -64.0 6.1850105367549055 8
0001 0007 1711248351399 -55.3125 -66.0 3.6017868899554855 8
0001 0003 1711248351399 45.5625 -67.5 5.019185137961818 8
0001 0014 1711248351400 -6.5 -64.0 0.01227184630308513 8
0001 0015 1711248351400 6.5 -63.5 1.6751070203711202 8
0001 0000 1711248351400 91.125 -71.5 1.7241944055834606 8
0001 0010 1711248351401 -79.75 -63.5 5.056000676871073 8
0001 0005 1711248351401 169.25 -68.5 2.3316507975861747 8
0001 0011 1711248351402 0.0 -67.0 0.5031456984264903 8
0001 0001 1711248351403 0.0 -71.0 2.761165418194154 8
0001 0006 1711248351403 -10.375 -71.5 0.8897088569736719 8
0001 0009 1711248351404 1.1875 -73.5 1.0492428589137786 8
0001 0008 1711248351517 4.5625 -79.0 0.7731263170943632 8
0001 0007 1711248351517 48.8125 -68.5 4.9823695990525625 8
0001 0003 1711248351518 0.0 -64.5 1.41126232485479 8
0001 0001 1711248351518 -48.8125 -68.5 0.09203884727313846 8
0001 0010 1711248351518 -48.8125 -63.5 1.4971652489763858 8
0001 0006 1711248351519 94.375 -71.0 3.0127382674073995 8
0001 0013 1711248351519 -3.25 -62.0 0.34974761963792617 8
0001 0009 1711248351520 123.6875 -69.5 5.405748296509 8
0001 0004 1711248351520 -26.0 -63.0 1.423534171157875 8
0001 0000 1711248351520 -107.375 -71.5 5.405748296509 8
0001 0011 1711248351521 32.5 -72.5 2.675262494072558 8
0001 0008 1711248351521 -5.1875 -77.5 5.982525072754001 8
0001 0000 1711248351749 -188.75 -70.0 3.141592653589793 8
0001 0013 1711248351749 -26.0 -66.5 3.153864499892878 8
0001 0001 1711248351750 22.75 -65.0 3.5772431973493153 8
0001 0010 1711248351750 -78.0625 -63.5 5.675728915176872 8
0001 0003 1711248351750 26.0 -61.5 0.28838838812250056 8
0001 0004 1711248351751 -68.3125 -63.5 5.356660911296659 8
0001 0007 1711248351751 -126.9375 -68.0 4.381049130201391 8
0001 0015 1711248351751 -19.5 -67.5 2.3009711818284617 8
0001 0009 1711248351752 -9.75 -74.0 4.822835597112456 8
0001 0012 1711248351752 -0.5625 -74.5 0.8713010875190442 8
0001 0006 1711248351752 8.5 -74.5 0.3129320807286708 8
0001 0011 1711248351753 2.6875 -74.5 4.387185053352934 8
0001 0003 1711248351754 -3.25 -63.5 3.0066023442558567 8
0001 0001 1711248351754 42.3125 -63.5 1.086058397823034 8
0001 0005 1711248351755 48.8125 -66.0 4.8351074434155406 8
0001 0009 1711248351755 45.5625 -65.5 1.0062913968529805 8
0001 0004 1711248351755 -6.5 -64.5 3.9515345095934116 8
0001 0010 1711248351756 6.5 -60.0 3.3011266555298997 8
0001 0013 1711248351756 -91.125 -69.5 6.277049384028044 8
0001 0014 1711248351756 16.25 -70.0 3.031146036862027 8
0001 0015 1711248351757 100.875 -67.0 2.552544031041707 8
0001 0012 1711248351757 45.5625 -68.0 6.14819499784565 8
0001 0000 1711248351757 126.9375 -71.5 1.1719613219446299 8
0001 0007 1711248351758 -39.0 -67.5 4.184699589352029 8
0001 0011 1711248351766 21.125 -70.0 5.71868037723767 8
0001 0006 1711248351997 7.875 -76.5 1.2333205534600555 8
0001 0010 1711248351997 -38.1875 -61.5 5.608233760509904 8
0001 0003 1711248351998 -39.0 -70.0 0.662679700366597 8
0001 0005 1711248351998 26.0 -62.0 4.828971520263998 8
0001 0011 1711248351998 -58.5625 -67.0 2.767301341345697 8
0001 0000 1711248351999 55.3125 -67.5 4.080388895775806 8
0001 0001 1711248351999 -9.75 -62.0 4.411728745959104 8
0001 0009 1711248351999 123.6875 -68.5 5.031456984264903 8
0001 0012 1711248352000 55.3125 -69.0 5.620505606812989 8
0001 0007 1711248352000 -26.0 -69.0 0.6258641614573416 8
0001 0014 1711248352000 -42.3125 -67.0 2.718213956133356 8
0001 0002 1711248352001 -281.5625 -72.5 4.1417481272912315 8
0001 0015 1711248352003 2.4375 -71.5 4.651029748869264 8
0001 0008 1711248352003 3.6875 -78.0 4.632621979414636 8
0001 0004 1711248352003 4.1875 -65.5 0.0859029241215959 8
0001 0014 1711248352004 84.625 -65.0 2.6016314162540475 8
0001 0001 1711248352004 87.875 -62.5 1.0185632431560658 8
0001 0007 1711248352004 35.75 -71.5 4.196971435655114 8
0001 0005 1711248352005 -39.0 -64.0 3.7122335066832517 8
0001 0009 1711248352005 -13.0 -58.0 1.6689710972195777 8
0001 0010 1711248352005 83.0 -66.5 2.423689644859313 8
0001 0004 1711248352006 -3.25 -62.0 4.221515128261284 8
0001 0000 1711248352006 0.0 -65.5 0.4663301595172349 8
0001 0011 1711248352006 26.0 -64.0 5.049864753719531 8
0001 0008 1711248352007 437.8125 -73.5 1.8162332528565992 8
0001 0002 1711248352007 -91.125 -70.5 1.7119225592803755 8
0001 0015 1711248352254 7.625 -67.5 0.6442719309119693 8
0001 0009 1711248352254 22.75 -62.0 3.0495538063166547 8
0001 0001 1711248352255 -29.25 -64.0 3.9760782021995817 8
0001 0010 1711248352255 -87.0625 -65.5 4.841243366567084 8
0001 0015 1711248352255 26.0 -56.0 1.5830681730979816 8
0001 0005 1711248352256 32.5 -68.0 2.834796496012665 8
0001 0008 1711248352256 -166.8125 -73.0 5.049864753719531 8
0001 0014 1711248352256 -39.0 -64.0 2.724349879284899 8
0001 0002 1711248352257 -93.5625 -68.0 4.1601558967458585 8
0001 0000 1711248352257 -13.0 -69.5 3.761320891895592 8
0001 0004 1711248352257 -15.4375 -71.5 4.896466674930966 8
0001 0013 1711248352258 30.5 -76.0 4.466952054322987 8
0001 0011 1711248352258 -1.1875 -73.5 1.9880391010997909 8
0001 0006 1711248352258 0.625 -77.5 1.0921943209745766 8
0001 0011 1711248352259 -113.875 -68.0 3.7429131224409646 8
0001 0001 1711248352259 65.0625 -62.5 1.055378782065321 8
0001 0009 1711248352259 16.25 -62.5 1.2517283229146832 8
0001 0000 1711248352260 39.0 -65.0 0.25770877236478773 8
0001 0015 1711248352260 3.25 -55.0 5.350524988145116 8
0001 0014 1711248352260 -9.75 -61.5 2.497320722677824 8
0001 0004 1711248352261 -58.5625 -70.0 3.847223816017188 8
0001 0010 1711248352261 21.125 -65.5 0.030679615757712823 8
0001 0002 1711248352262 10.5625 -68.5 1.1044661672776617 8
0001 0013 1711248352262 123.6875 -72.0 0.8406214717613314 8
0001 0008 1711248352380 7.125 -77.5 5.6143696836614465 8
0001 0006 1711248352381 -15.8125 -76.5 5.098952138931871 8
0001 0005 1711248352381 1.8125 -68.0 5.111223985234957 8
0001 0003 1711248352381 12.625 -79.0 1.3928545554001621 8
0001 0004 1711248352382 68.3125 -67.5 0.619728238305799 8
0001 0015 1711248352382 -9.75 -57.0 5.816855147662351 8
0001 0001 1711248352382 -42.3125 -63.0 4.755340442445488 8
0001 0011 1711248352383 -58.5625 -67.0 1.4910293258248433 8
0001 0009 1711248352383 -29.25 -63.5 4.1601558967458585 8
0001 0014 1711248352383 -39.0 -60.5 3.785864584501762 8
0001 0013 1711248352384 -16.25 -62.0 4.430136515413731 8
0001 0005 1711248352384 -3.25 -62.0 3.6017868899554855 8
0001 0000 1711248352384 52.0625 -67.5 3.6999616603801666 8
0001 0006 1711248352385 -273.375 -73.5 2.399145952253143 8
0001 0002 1711248352385 -149.6875 -72.5 5.203262832508095 8
0001 0008 1711248352385 52.0625 -73.5 4.890330751779424 8
0001 0010 1711248352518 3.875 -73.5 4.3933209765044765 8
0001 0007 1711248352518 0.25 -72.0 1.902136176978195 8
0001 0001 1711248352519 22.75 -64.0 1.282407938672396 8
0001 0014 1711248352519 45.5625 -67.0 1.3499030933393643 8
0001 0004 1711248352519 -35.75 -66.0 3.3379421944391554 8
0001 0013 1711248352520 -6.5 -62.5 5.209398755659637 8
0001 0015 1711248352520 22.75 -59.0 6.258641614573416 8
0001 0005 1711248352520 35.75 -60.0 4.601942363656923 8
0001 0007 1711248352521 -172.5 -68.5 5.927301764390117 8
0001 0010 1711248352521 87.0625 -64.5 2.3746022596469727 8
0001 0011 1711248352521 -3.25 -64.0 5.154175447295755 8
0001 0006 1711248352522 -68.3125 -74.5 1.368310862793992 8
0001 0000 1711248352522 -22.75 -67.0 1.5278448647340985 8
0001 0002 1711248352523 -246.5625 -71.5 2.0371264863121317 8
0001 0008 1711248352523 -139.125 -71.5 1.9082721001297376 8
0001 0012 1711248352760 2.125 -78.0 5.8045833013592665 8
0001 0004 1711248352760 35.75 -66.5 3.9760782021995817 8
0001 0013 1711248352761 16.25 -56.5 2.2764274892222915 8
0001 0001 1711248352761 -19.5 -62.5 4.92714629068868 8
0001 0003 1711248352761 13.0 -68.0 0.0674951546669682 8
0001 0005 1711248352762 -42.3125 -61.0 3.933126740138784 8
0001 0010 1711248352762 41.5 -65.0 6.007068765360171 8
0001 0011 1711248352762 0.0 -61.5 1.1535535524900022 8
0001 0014 1711248352763 45.5625 -59.0 2.325514874434632 8
0001 0015 1711248352763 3.25 -62.0 0.5951845456996288 8
0001 0007 1711248352763 -32.5 -68.5 3.3747577333484107 8
0001 0000 1711248352764 -6.5 -65.5 4.147884050442774 8
0001 0008 1711248352764 0.0 -71.0 4.479223900626073 8
0001 0012 1711248352764 54.5 -75.5 4.890330751779424 8
0001 0005 1711248352765 218.0625 -68.0 1.9941750242513334 8
0001 0001 1711248352765 13.0 -62.0 1.4173982480063325 8
0001 0007 1711248352765 58.5625 -63.0 3.442252888015379 8
0001 0008 1711248352766 -48.8125 -72.5 0.4049709280018093 8
0001 0011 1711248352766 13.0 -65.5 3.718369429834794 8
0001 0010 1711248352766 -7.3125 -61.0 2.2764274892222915 8
0001 0015 1711248352767 45.5625 -64.0 0.6442719309119693 8
0001 0000 1711248352767 22.75 -65.0 6.258641614573416 8
0001 0013 1711248352767 13.0 -59.0 4.387185053352934 8
0001 0012 1711248352768 -55.3125 -67.0 5.043728830567988 8
0001 0004 1711248352769 -68.3125 -65.0 4.896466674930966 8
0001 0014 1711248352769 16.25 -68.5 4.025165587411922 8
0001 0003 1711248352769 -29.25 -62.0 3.847223816017188 8
