0000 0012 1710483778837 -7.3125 -56.5 2.2150682577068657 0
0000 0010 1710483778837 0.0 -57.5 3.497476196379262 0
0000 0009 1710483778837 21.125 -58.0 0.05522330836388308 0
0000 0015 1710483778838 16.25 -60.0 2.7979809571034093 0
0000 0004 1710483778838 45.5625 -61.0 1.5033011721279284 0
0000 0007 1710483778839 13.0 -56.5 6.092971689481767 0
0000 0000 1710483778839 3.25 -58.0 4.221515128261284 0
0000 0008 1710483778839 -13.0 -57.0 1.6812429435226628 0
0000 0006 1710483778839 -19.5 -60.5 1.184233168247715 0
0000 0011 1710483778840 -100.875 -68.0 0.030679615757712823 0
0000 0014 1710483778841 74.8125 -65.0 5.436427912266712 0
0000 0005 1710483778841 -35.75 -60.5 4.503767593232243 0
0000 0002 1710483778841 -32.5 -73.5 5.154175447295755 0
0000 0001 1710483778841 6.5 -73.5 4.135612204139688 0
0000 0003 1710483778842 4.25 -74.5 0.7669903939428205 0
0000 0004 1710483778842 6.5 -60.5 1.509437095279471 0
0000 0008 1710483778842 3.25 -57.5 1.6260196351587797 0
0000 0012 1710483778843 10.5625 -56.5 2.1782527187976104 0
0000 0002 1710483778843 -117.125 -72.5 5.123495831538041 0
0000 0006 1710483778843 6.5 -60.0 1.1290098598838318 0
0000 0010 1710483778843 -22.75 -57.5 3.4913402732277192 0
0000 0011 1710483778844 -3.25 -67.0 6.2463697682703305 0
0000 0009 1710483778844 -24.375 -58.0 0.0674951546669682 0
0000 0007 1710483778845 6.5 -56.5 6.086835766330224 0
0000 0000 1710483778845 -22.75 -58.5 4.184699589352029 0
0000 0005 1710483778845 -6.5 -60.5 4.479223900626073 0
0000 0015 1710483778845 -9.75 -60.0 2.804116880254952 0
0000 0014 1710483778846 -58.5625 -65.5 5.565282298449106 0
0000 0001 1710483778846 -169.25 -74.0 4.135612204139688 0
0000 0003 1710483778979 1.8125 -75.0 0.7547185476397354 0
0000 0009 1710483778979 -10.5625 -58.0 0.02454369260617026 0
0000 0005 1710483778979 6.5 -61.0 4.460816131171445 0
0000 0006 1710483778980 32.5 -60.0 1.086058397823034 0
0000 0000 1710483778980 13.0 -58.5 4.172427743048944 0
0000 0011 1710483778980 13.0 -68.0 6.209554229361076 0
0000 0008 1710483778980 16.25 -58.0 1.5953400194010667 0
0000 0015 1710483778981 19.5 -59.5 2.7979809571034093 0
0000 0012 1710483778981 30.875 -56.0 2.1475731030398975 0
0000 0004 1710483778981 39.0 -60.5 1.41126232485479 0
0000 0014 1710483778982 -87.875 -65.5 5.595961914206819 0
0000 0007 1710483778982 -6.5 -56.5 6.135923151542564 0
0000 0010 1710483778982 0.0 -57.5 3.448388811166921 0
0000 0001 1710483778982 130.1875 -72.5 3.822680123411018 0
0000 0002 1710483778983 -201.8125 -72.0 5.313709449235861 0
0000 0003 1710483778983 7.875 -75.0 0.7547185476397354 0
0000 0000 1710483779086 3.25 -58.5 4.147884050442774 0
0000 0011 1710483779086 100.875 -68.5 6.062292073724054 0
0000 0012 1710483779086 13.8125 -56.0 2.184388641949153 0
0000 0010 1710483779087 -32.5 -57.5 3.479068426924634 0
0000 0002 1710483779087 -166.0 -73.0 5.295301679781233 0
0000 0004 1710483779087 3.25 -60.0 1.509437095279471 0
0000 0008 1710483779087 -32.5 -58.0 1.6751070203711202 0
0000 0015 1710483779088 -3.25 -59.5 2.84706834231575 0
0000 0009 1710483779088 13.8125 -58.0 6.270913460876501 0
0000 0007 1710483779088 6.5 -56.5 6.0991076126333095 0
0000 0005 1710483779089 21.125 -60.5 4.417864669110647 0
0000 0006 1710483779089 22.75 -60.0 1.1044661672776617 0
0000 0014 1710483779089 -55.3125 -65.5 5.632777453116074 0
0000 0001 1710483779089 52.875 -75.0 0.8436894333371027 0
0000 0003 1710483779214 -10.9375 -75.0 0.7547185476397354 0
0000 0004 1710483779214 13.0 -60.5 1.5033011721279284 0
0000 0015 1710483779214 16.25 -59.5 2.804116880254952 0
0000 0007 1710483779215 -6.5 -56.5 6.056156150572511 0
0000 0009 1710483779215 -7.3125 -58.0 0.02454369260617026 0
0000 0006 1710483779215 22.75 -60.5 1.0615147052168636 0
0000 0011 1710483779216 42.3125 -67.5 6.160466844148735 0
0000 0012 1710483779216 0.0 -56.5 2.1905245651006955 0
0000 0002 1710483779216 58.5625 -72.5 5.00077736850719 0
0000 0005 1710483779216 -32.5 -60.5 4.460816131171445 0
0000 0014 1710483779217 -39.0 -65.5 5.50392306693368 0
0000 0000 1710483779217 22.75 -58.5 4.1172044346850605 0
0000 0008 1710483779217 -26.0 -58.0 1.6566992509164924 0
0000 0010 1710483779218 -13.0 -57.5 3.429981041712294 0
0000 0001 1710483779218 -39.0 -73.5 4.06811704947272 0
0000 0003 1710483779218 -1.8125 -74.5 0.705631162427395 0
0000 0002 1710483779344 -117.125 -72.5 5.2339424482658075 0
0000 0011 1710483779344 0.0 -68.0 6.178874613603362 0
0000 0012 1710483779344 27.625 -56.5 2.1659808724945253 0
0000 0006 1710483779345 -22.75 -60.0 1.1474176293384597 0
0000 0014 1710483779345 -104.125 -65.0 5.620505606812989 0
0000 0015 1710483779345 16.25 -59.5 2.7979809571034093 0
0000 0005 1710483779346 45.5625 -60.5 4.3503695144436785 0
0000 0001 1710483779346 -35.75 -74.5 4.01902966426038 0
0000 0010 1710483779346 -3.25 -57.5 3.436116964863836 0
0000 0009 1710483779346 -24.375 -57.5 0.02454369260617026 0
0000 0007 1710483779347 -22.75 -56.0 6.0991076126333095 0
0000 0004 1710483779347 -19.5 -60.5 1.5462526341887264 0
0000 0008 1710483779347 0.0 -58.5 1.607611865704152 0
0000 0000 1710483779348 -6.5 -58.0 4.1417481272912315 0
0000 0003 1710483779348 17.6875 -75.0 0.6381360077604268 0
0000 0006 1710483779541 -16.25 -60.5 1.1290098598838318 0
0000 0009 1710483779541 -62.625 -58.0 0.05522330836388308 0
0000 0002 1710483779541 -253.875 -74.0 5.375068680751287 0
0000 0015 1710483779541 -13.0 -60.0 2.834796496012665 0
0000 0004 1710483779542 -6.5 -60.5 1.509437095279471 0
0000 0007 1710483779542 6.5 -56.5 6.037748381117884 0
0000 0010 1710483779542 -19.5 -57.5 3.442252888015379 0
0000 0008 1710483779543 -3.25 -58.0 1.5830681730979816 0
0000 0011 1710483779544 -55.3125 -68.5 6.252505691421874 0
0000 0012 1710483779544 34.9375 -56.5 2.12916533358527 0
0000 0014 1710483779544 -78.0625 -65.0 5.632777453116074 0
0000 0000 1710483779544 -22.75 -58.5 4.166291819897402 0
0000 0005 1710483779545 38.1875 -60.5 4.301282129231338 0
0000 0001 1710483779545 162.75 -73.0 3.792000507653305 0
0000 0003 1710483779545 4.875 -75.0 3.785864584501762 0
0000 0004 1710483779546 -6.5 -60.5 1.4787574795217582 0
0000 0012 1710483779546 10.5625 -56.5 2.1659808724945253 0
0000 0008 1710483779546 9.75 -58.0 1.5830681730979816 0
0000 0006 1710483779546 3.25 -60.0 1.1106020904292042 0
0000 0002 1710483779547 -201.8125 -73.0 5.368932757599744 0
0000 0015 1710483779547 -22.75 -60.0 2.8716120349219203 0
0000 0010 1710483779547 -16.25 -57.0 3.454524734318464 0
0000 0007 1710483779547 -6.5 -56.5 6.056156150572511 0
0000 0000 1710483779548 -19.5 -58.0 4.166291819897402 0
0000 0005 1710483779549 -10.5625 -61.0 4.399456899656019 0
0000 0009 1710483779549 -10.5625 -57.5 6.258641614573416 0
0000 0011 1710483779549 -6.5 -68.0 6.178874613603362 0
0000 0014 1710483779549 -35.75 -65.0 5.47937937432751 0
0000 0003 1710483779584 14.625 -74.5 0.5706408530934585 0
0000 0012 1710483779767 27.625 -56.5 2.1475731030398975 0
0000 0004 1710483779767 -13.0 -60.5 1.4419419406125027 0
0000 0005 1710483779768 3.25 -60.5 4.362641360746763 0
0000 0011 1710483779768 -32.5 -68.0 6.166602767300278 0
0000 0007 1710483779768 -6.5 -56.0 6.050020227420969 0
0000 0009 1710483779768 -7.3125 -58.0 6.240233845118788 0
0000 0006 1710483779769 -42.3125 -60.0 1.1780972450961724 0
0000 0010 1710483779769 3.25 -57.5 3.4177091954092087 0
0000 0015 1710483779769 32.5 -59.5 2.773437264497239 0
0000 0000 1710483779770 -10.5625 -58.0 4.104932588381976 0
0000 0008 1710483779770 -13.0 -57.0 1.5953400194010667 0
0000 0002 1710483779770 19.5 -73.0 5.105088062083414 0
0000 0001 1710483779770 -126.9375 -73.0 4.129476280988146 0
0000 0014 1710483779771 55.3125 -65.0 5.405748296509 0
0000 0003 1710483779771 8.5 -74.5 0.6135923151542565 0
0000 0012 1710483779771 -17.0625 -56.5 2.1966604882522383 0
0000 0008 1710483779771 -9.75 -57.5 1.6014759425526093 0
0000 0011 1710483779772 -3.25 -67.0 6.160466844148735 0
0000 0000 1710483779772 19.5 -58.0 4.06811704947272 0
0000 0002 1710483779772 -81.375 -74.0 5.111223985234957 0
0000 0004 1710483779773 -16.25 -60.0 1.5033011721279284 0
0000 0005 1710483779773 34.9375 -61.0 4.301282129231338 0
0000 0010 1710483779773 -22.75 -57.5 3.466796580621549 0
0000 0015 1710483779773 19.5 -59.5 2.773437264497239 0
0000 0006 1710483779774 19.5 -60.0 1.0983302441261191 0
0000 0009 1710483779774 -7.3125 -57.5 6.2463697682703305 0
0000 0014 1710483779775 -48.8125 -65.0 5.522330836388308 0
0000 0007 1710483779775 0.0 -56.0 6.007068765360171 0
0000 0001 1710483779853 -39.875 -74.5 0.8897088569736719 0
0000 0003 1710483779854 -7.3125 -74.5 0.5829126993965437 0
0000 0007 1710483780002 -22.75 -56.0 6.062292073724054 0
0000 0010 1710483780002 -6.5 -57.5 3.448388811166921 0
0000 0008 1710483780003 19.5 -57.5 1.564660403643354 0
0000 0004 1710483780003 -13.0 -60.0 1.4542137869155878 0
0000 0000 1710483780003 -13.0 -58.0 4.080388895775806 0
0000 0009 1710483780003 27.625 -57.5 6.215690152512618 0
0000 0006 1710483780004 -9.75 -60.0 1.1167380135807468 0
0000 0012 1710483780004 -7.3125 -56.0 2.1782527187976104 0
0000 0005 1710483780004 -27.625 -60.5 4.325825821837508 0
0000 0001 1710483780004 -107.375 -73.5 3.9699422790480394 0
0000 0015 1710483780005 29.25 -60.0 2.767301341345697 0
0000 0014 1710483780005 94.375 -65.0 5.387340527054372 0
0000 0011 1710483780005 -16.25 -67.5 6.19728238305799 0
0000 0002 1710483780006 201.8125 -74.0 4.632621979414636 0
0000 0003 1710483780006 9.125 -74.5 0.5154175447295755 0
0000 0004 1710483780006 3.25 -60.5 1.4051264017032472 0
0000 0010 1710483780006 19.5 -58.0 3.393165502803038 0
0000 0006 1710483780007 26.0 -60.0 1.0246991663076084 0
0000 0014 1710483780007 13.0 -65.0 5.448699758569798 0
0000 0005 1710483780007 -41.5 -61.0 4.344233591292136 0
0000 0000 1710483780008 -13.8125 -58.0 4.111068511533518 0
0000 0007 1710483780008 -16.25 -56.5 6.007068765360171 0
0000 0011 1710483780008 -32.5 -68.0 6.1850105367549055 0
0000 0008 1710483780008 -13.0 -57.0 1.5707963267948966 0
0000 0012 1710483780009 45.5625 -56.5 2.1046216409791 0
0000 0009 1710483780010 -34.9375 -57.5 6.277049384028044 0
0000 0015 1710483780010 -32.5 -60.0 2.890019804376548 0
0000 0002 1710483780010 175.75 -73.0 4.669437518323892 0
0000 0001 1710483780084 44.75 -74.5 0.6013204688511713 0
0000 0003 1710483780084 -4.25 -74.5 0.4908738521234052 0
0000 0005 1710483780244 9.75 -60.5 4.3074180523828804 0
0000 0010 1710483780245 -19.5 -57.5 3.423845118560751 0
0000 0006 1710483780245 3.25 -60.0 1.043106935762236 0
0000 0012 1710483780245 -24.375 -56.0 2.1598449493429825 0
0000 0008 1710483780245 16.25 -57.0 1.4848934026733007 0
0000 0014 1710483780246 13.0 -64.5 5.5100589900852235 0
0000 0002 1710483780246 107.375 -74.5 4.95168998329485 0
0000 0000 1710483780246 -3.25 -58.0 4.049709280018092 0
0000 0004 1710483780246 42.3125 -60.0 1.3008157081270237 0
0000 0011 1710483780247 113.875 -68.0 5.915029918087033 0
0000 0015 1710483780247 0.0 -60.0 2.8286605728611223 0
0000 0007 1710483780247 -35.75 -56.0 6.056156150572511 0
0000 0009 1710483780248 -24.375 -57.5 6.2463697682703305 0
0000 0001 1710483780248 -4.0625 -74.5 0.619728238305799 0
0000 0003 1710483780248 -10.9375 -74.5 0.5706408530934585 0
0000 0010 1710483780248 13.0 -57.5 3.356349963893783 0
0000 0002 1710483780249 100.875 -72.0 4.71238898038469 0
0000 0008 1710483780249 0.0 -56.5 1.509437095279471 0
0000 0007 1710483780249 0.0 -56.0 6.007068765360171 0
0000 0009 1710483780250 3.25 -58.0 6.1850105367549055 0
0000 0004 1710483780250 45.5625 -60.5 1.227184630308513 0
0000 0005 1710483780251 0.0 -60.5 4.313553975534423 0
0000 0006 1710483780251 -9.75 -60.5 1.0062913968529805 0
0000 0015 1710483780251 -35.75 -60.0 2.9084275738311756 0
0000 0012 1710483780252 -10.5625 -56.5 2.1659808724945253 0
0000 0000 1710483780252 16.25 -58.5 4.006757817957295 0
0000 0014 1710483780252 16.25 -66.0 5.50392306693368 0
0000 0003 1710483780253 -61.8125 -73.0 0.7117670855789375 0
0000 0011 1710483780253 -97.625 -68.5 6.258641614573416 0
0000 0001 1710483780253 130.1875 -72.5 3.663146121470911 0
0000 0007 1710483780477 6.5 -56.0 5.964117303299373 0
0000 0000 1710483780477 29.25 -58.5 4.006757817957295 0
0000 0010 1710483780477 -9.75 -57.5 3.356349963893783 0
0000 0008 1710483780477 9.75 -56.5 1.4603497100671303 0
0000 0004 1710483780478 -22.75 -60.5 1.3008157081270237 0
0000 0005 1710483780478 39.0 -60.5 4.2031073588066565 0
0000 0011 1710483780478 -107.375 -67.5 0.03681553890925539 0
0000 0009 1710483780478 10.5625 -57.5 6.160466844148735 0
0000 0006 1710483780479 -32.5 -60.5 1.0246991663076084 0
0000 0012 1710483780479 10.5625 -56.5 2.12916533358527 0
0000 0015 1710483780479 9.75 -59.5 2.84706834231575 0
0000 0014 1710483780479 9.75 -65.5 5.50392306693368 0
0000 0002 1710483780480 55.3125 -73.5 4.669437518323892 0
0000 0003 1710483780480 71.5625 -71.5 0.3620194659410113 0
0000 0001 1710483780480 166.0 -73.0 3.5342917352885173 0
0000 0008 1710483780481 22.75 -56.0 1.3867186322486196 0
0000 0007 1710483780481 -16.25 -56.0 5.939573610693203 0
0000 0004 1710483780481 -6.5 -60.0 1.2762720155208536 0
0000 0000 1710483780481 9.75 -58.0 3.9944859716542096 0
0000 0015 1710483780482 0.0 -60.0 2.8286605728611223 0
0000 0010 1710483780482 9.75 -57.5 3.32567034813607 0
0000 0002 1710483780482 -169.25 -73.0 4.988505522204105 0
0000 0009 1710483780482 0.0 -58.0 6.160466844148735 0
0000 0012 1710483780483 27.625 -56.0 2.098485717827557 0
0000 0005 1710483780483 -9.75 -61.0 4.2031073588066565 0
0000 0014 1710483780483 -26.0 -65.0 5.546874528994478 0
0000 0011 1710483780484 -87.875 -68.0 0.02454369260617026 0
0000 0006 1710483780484 32.5 -60.5 0.9387962421860124 0
0000 0003 1710483780484 224.5625 -73.0 0.2270291566070749 0
0000 0001 1710483780484 -188.75 -74.0 4.049709280018092 0
0000 0003 1710483780704 22.75 -72.0 0.1349903093339364 0
0000 0009 1710483780704 -17.0625 -57.0 6.105243535784852 0
0000 0014 1710483780704 -16.25 -65.5 5.460971604872882 0
0000 0015 1710483780705 -13.0 -60.0 2.8286605728611223 0
0000 0006 1710483780706 19.5 -60.5 0.9572040116406401 0
0000 0007 1710483780706 3.25 -56.0 5.829126993965437 0
0000 0011 1710483780706 55.3125 -67.0 6.031612457966341 0
0000 0005 1710483780706 16.25 -60.5 4.074252972624263 0
0000 0000 1710483780707 -16.25 -58.5 3.9453985864418692 0
0000 0004 1710483780707 19.5 -60.0 1.2333205534600555 0
0000 0010 1710483780707 -6.5 -58.0 3.2581751934691017 0
0000 0012 1710483780708 -17.0625 -56.0 2.1475731030398975 0
0000 0008 1710483780708 22.75 -55.5 1.368310862793992 0
0000 0002 1710483780708 -198.5625 -72.5 5.154175447295755 0
0000 0001 1710483780708 -218.0625 -72.5 4.111068511533518 0
0000 0007 1710483780709 0.0 -55.5 5.780039608753096 0
0000 0014 1710483780709 74.8125 -65.0 5.436427912266712 0
0000 0008 1710483780709 16.25 -55.5 1.3069516312785663 0
0000 0004 1710483780709 0.0 -59.5 1.239456476611598 0
0000 0012 1710483780710 24.375 -56.0 2.0923497946760143 0
0000 0015 1710483780710 35.75 -59.5 2.761165418194154 0
0000 0010 1710483780710 -6.5 -57.5 3.2397674240144743 0
0000 0011 1710483780711 78.0625 -67.5 5.921165841238575 0
0000 0000 1710483780711 -26.0 -58.0 3.9208548938356986 0
0000 0006 1710483780711 -6.5 -60.0 0.9940195505498954 0
0000 0002 1710483780711 -32.5 -72.0 4.816699673960914 0
0000 0003 1710483780712 87.875 -72.5 6.227961998815704 0
0000 0005 1710483780712 -29.25 -61.0 4.074252972624263 0
0000 0001 1710483780712 104.125 -73.0 3.356349963893783 0
0000 0009 1710483780712 3.25 -57.0 6.025476534814799 0
0000 0000 1710483780845 -3.25 -58.5 3.859495662320273 0
0000 0015 1710483780845 26.0 -60.0 2.767301341345697 0
0000 0008 1710483780845 9.75 -55.5 1.2701360923693108 0
0000 0006 1710483780846 45.5625 -60.0 0.9756117810952678 0
0000 0007 1710483780846 9.75 -55.5 5.681864838328415 0
0000 0009 1710483780846 7.3125 -57.0 5.994796919057086 0
0000 0014 1710483780846 3.25 -65.0 5.491651220630596 0
0000 0005 1710483780847 -13.8125 -61.5 3.9208548938356986 0
0000 0010 1710483780847 35.75 -57.5 3.215223731408304 0
0000 0004 1710483780847 -3.25 -60.0 1.2885438618239387 0
0000 0012 1710483780848 3.25 -55.5 2.1046216409791 0
0000 0011 1710483780848 78.0625 -67.0 5.915029918087033 0
0000 0001 1710483780848 -35.75 -73.5 3.5281558121369745 0
0000 0003 1710483780848 32.5 -71.5 6.258641614573416 0
0000 0002 1710483780849 -169.25 -73.0 5.062136600022616 0
0000 0010 1710483781039 22.75 -58.0 3.2459033471660166 0
0000 0006 1710483781039 9.75 -60.0 1.030835089459151 0
0000 0009 1710483781039 -45.5625 -57.5 6.062292073724054 0
0000 0008 1710483781039 22.75 -56.0 1.2455923997631406 0
0000 0014 1710483781040 -81.375 -65.0 5.589825991055276 0
0000 0005 1710483781040 13.8125 -61.0 3.902447124381071 0
0000 0007 1710483781040 39.0 -56.0 5.608233760509904 0
0000 0012 1710483781041 13.8125 -56.0 2.098485717827557 0
0000 0000 1710483781041 26.0 -58.0 3.761320891895592 0
0000 0015 1710483781041 -32.5 -59.5 2.8716120349219203 0
0000 0004 1710483781042 0.0 -60.0 1.325359400733194 0
0000 0011 1710483781042 -117.125 -67.0 6.14819499784565 0
0000 0003 1710483781043 -198.5625 -71.5 0.0674951546669682 0
0000 0002 1710483781043 -192.0 -72.0 5.019185137961818 0
0000 0001 1710483781043 -227.8125 -73.5 3.9085830475326135 0
0000 0014 1710483781043 -19.5 -65.5 5.491651220630596 0
0000 0012 1710483781044 -7.3125 -56.0 2.116893487282185 0
0000 0009 1710483781044 0.0 -57.0 6.000932842208628 0
0000 0006 1710483781044 13.0 -60.0 1.0492428589137786 0
0000 0007 1710483781044 -26.0 -56.0 5.724816300389213 0
0000 0010 1710483781045 -3.25 -57.5 3.2827188860752723 0
0000 0005 1710483781045 9.75 -61.0 3.9085830475326135 0
0000 0015 1710483781045 -6.5 -59.5 2.82252464970958 0
0000 0000 1710483781045 -6.5 -58.5 3.816544200259475 0
0000 0011 1710483781046 -120.4375 -67.5 6.22182607566416 0
0000 0008 1710483781046 6.5 -56.5 1.3069516312785663 0
0000 0003 1710483781047 65.0625 -72.0 6.160466844148735 0
0000 0004 1710483781047 13.0 -59.5 1.3008157081270237 0
0000 0002 1710483781047 -169.25 -72.5 5.031456984264903 0
0000 0001 1710483781093 -4.0625 -75.5 0.3773592738198677 0
0000 0004 1710483781264 9.75 -60.0 1.2640001692177683 0
0000 0005 1710483781265 0.0 -61.0 3.9576704327449543 0
0000 0007 1710483781265 -32.5 -56.0 5.798447378207723 0
0000 0000 1710483781265 26.0 -58.5 3.773592738198677 0
0000 0011 1710483781265 13.0 -66.5 6.092971689481767 0
0000 0009 1710483781266 10.5625 -57.0 6.007068765360171 0
0000 0006 1710483781266 42.3125 -60.0 0.9510680884890975 0
0000 0012 1710483781266 13.8125 -55.5 2.1046216409791 0
0000 0014 1710483781266 -22.75 -66.0 5.553010452146021 0
0000 0010 1710483781267 -9.75 -57.5 3.2520392703175593 0
0000 0002 1710483781267 -65.0625 -73.0 5.00077736850719 0
0000 0008 1710483781267 16.25 -56.5 1.2946797849754812 0
0000 0001 1710483781267 -130.1875 -73.5 3.6079228131070282 0
0000 0015 1710483781268 45.5625 -59.5 2.736621725587984 0
0000 0003 1710483781268 156.1875 -72.5 6.1850105367549055 0
0000 0014 1710483781268 32.5 -65.5 5.399612373357457 0
0000 0005 1710483781269 7.3125 -61.0 3.988350048502667 0
0000 0015 1710483781269 26.0 -59.5 2.773437264497239 0
0000 0012 1710483781269 -3.25 -55.5 2.1537090261914402 0
0000 0006 1710483781269 9.75 -60.0 1.030835089459151 0
0000 0004 1710483781270 -6.5 -60.0 1.2762720155208536 0
0000 0003 1710483781270 3.25 -72.5 0.18407769454627693 0
0000 0009 1710483781270 24.375 -57.5 6.013204688511713 0
0000 0011 1710483781270 -55.3125 -67.5 0.02454369260617026 0
0000 0010 1710483781271 -22.75 -57.5 3.2643111166206444 0
0000 0007 1710483781271 -13.0 -56.0 5.810719224510809 0
0000 0008 1710483781272 19.5 -57.0 1.282407938672396 0
0000 0000 1710483781272 35.75 -58.5 3.773592738198677 0
0000 0001 1710483781272 29.25 -73.5 3.3747577333484107 0
0000 0002 1710483781272 94.375 -75.0 4.534447208989955 0
0000 0015 1710483781482 3.25 -59.5 2.82252464970958 0
0000 0008 1710483781482 29.25 -57.0 1.3192234775816514 0
0000 0007 1710483781482 -16.25 -56.0 5.872078456026235 0
0000 0010 1710483781483 -3.25 -57.5 3.2888548092268146 0
0000 0001 1710483781483 52.0625 -73.0 3.454524734318464 0
0000 0004 1710483781483 29.25 -60.0 1.2885438618239387 0
0000 0012 1710483781483 42.3125 -56.0 2.0923497946760143 0
0000 0005 1710483781484 52.0625 -61.0 3.9453985864418692 0
0000 0014 1710483781484 -52.0625 -65.5 5.559146375297564 0
0000 0009 1710483781484 10.5625 -57.0 6.062292073724054 0
0000 0000 1710483781485 -26.0 -58.5 3.8840393549264434 0
0000 0006 1710483781485 -29.25 -60.0 1.0983302441261191 0
0000 0011 1710483781485 -29.25 -67.5 6.209554229361076 0
0000 0002 1710483781485 55.3125 -73.5 4.669437518323892 0
0000 0003 1710483781486 16.25 -72.5 0.14112623248547898 0
0000 0006 1710483781486 9.75 -60.5 1.0369710126106935 0
0000 0000 1710483781486 26.0 -58.5 3.822680123411018 0
0000 0012 1710483781486 10.5625 -55.5 2.1659808724945253 0
0000 0010 1710483781487 -3.25 -58.0 3.3011266555298997 0
0000 0007 1710483781487 3.25 -56.0 5.853670686571607 0
0000 0005 1710483781487 3.25 -61.0 4.080388895775806 0
0000 0009 1710483781488 34.9375 -57.5 6.050020227420969 0
0000 0003 1710483781488 -65.0625 -73.5 0.17794177139473438 0
0000 0015 1710483781488 39.0 -59.5 2.773437264497239 0
0000 0004 1710483781488 -22.75 -60.0 1.3928545554001621 0
0000 0008 1710483781489 19.5 -57.5 1.3744467859455345 0
0000 0014 1710483781489 13.0 -65.0 5.460971604872882 0
0000 0011 1710483781489 120.4375 -67.5 5.93343768754166 0
0000 0002 1710483781489 218.0625 -74.5 4.601942363656923 0
0000 0001 1710483781490 55.3125 -73.5 3.399301425954581 0
0000 0005 1710483781707 30.875 -60.5 4.0558452031696355 0
0000 0006 1710483781707 29.25 -60.0 1.0615147052168636 0
0000 0012 1710483781707 -3.25 -56.0 2.1966604882522383 0
0000 0010 1710483781707 6.5 -57.5 3.3379421944391554 0
0000 0014 1710483781708 -26.0 -65.0 5.516194913236766 0
0000 0015 1710483781708 26.0 -59.5 2.773437264497239 0
0000 0000 1710483781708 -16.25 -58.5 3.8963112012295285 0
0000 0004 1710483781708 -29.25 -59.5 1.4480778637640452 0
0000 0007 1710483781709 0.0 -56.0 5.872078456026235 0
0000 0009 1710483781709 -17.0625 -57.5 6.178874613603362 0
0000 0011 1710483781709 -65.0625 -66.5 6.215690152512618 0
0000 0008 1710483781709 -16.25 -58.0 1.4296700943094176 0
0000 0002 1710483781710 120.4375 -73.5 4.718524903536232 0
0000 0001 1710483781710 49.625 -75.0 0.25464081078901646 0
0000 0003 1710483781710 -18.6875 -73.5 3.1692043077717345 0
0000 0000 1710483781711 -16.25 -59.0 3.9515345095934116 0
0000 0009 1710483781711 -22.75 -57.5 6.2034183062095325 0
0000 0008 1710483781711 6.5 -57.5 1.4296700943094176 0
0000 0010 1710483781711 6.5 -57.5 3.3318062712876126 0
0000 0012 1710483781712 73.1875 -56.0 2.1230294104337273 0
0000 0005 1710483781713 -16.25 -61.0 4.104932588381976 0
0000 0014 1710483781713 71.5625 -65.0 5.350524988145116 0
0000 0015 1710483781713 22.75 -59.5 2.804116880254952 0
0000 0007 1710483781713 -22.75 -55.5 5.9088939949354895 0
0000 0011 1710483781714 -32.5 -67.0 6.2034183062095325 0
0000 0001 1710483781714 104.125 -72.5 3.6079228131070282 0
0000 0003 1710483781714 221.3125 -73.0 6.135923151542564 0
0000 0004 1710483781715 -6.5 -60.0 1.4664856332186729 0
0000 0002 1710483781715 -130.1875 -75.0 4.994641445355648 0
0000 0006 1710483781715 3.25 -60.0 1.1167380135807468 0
0000 0000 1710483781844 -19.5 -59.0 3.9638063558964967 0
0000 0015 1710483781845 16.25 -59.5 2.8102528034064944 0
0000 0007 1710483781845 0.0 -55.5 5.853670686571607 0
0000 0005 1710483781845 -24.375 -61.0 4.09266074207889 0
0000 0006 1710483781845 13.0 -60.0 1.1290098598838318 0
0000 0004 1710483781846 42.3125 -60.5 1.4480778637640452 0
0000 0002 1710483781846 9.75 -72.5 5.062136600022616 0
0000 0014 1710483781846 -61.8125 -65.0 5.5100589900852235 0
0000 0008 1710483781847 0.0 -57.5 1.4603497100671303 0
0000 0012 1710483781847 7.3125 -56.0 2.2089323345553233 0
0000 0003 1710483781847 61.8125 -73.0 0.1718058482431918 0
0000 0011 1710483781847 -55.3125 -67.5 6.234097921967246 0
0000 0009 1710483781848 -38.1875 -57.5 6.22182607566416 0
0000 0010 1710483781848 -13.0 -58.0 3.4177091954092087 0
0000 0001 1710483781848 -16.25 -75.5 0.4878058905476339 0
0000 0008 1710483782050 39.0 -57.5 1.41126232485479 0
0000 0012 1710483782051 10.5625 -56.0 2.2212041808584084 0
0000 0009 1710483782051 10.5625 -57.5 6.1420590746941075 0
0000 0000 1710483782051 -9.75 -58.5 4.04357335686655 0
0000 0004 1710483782051 3.25 -60.0 1.564660403643354 0
0000 0010 1710483782052 13.0 -58.0 3.442252888015379 0
0000 0006 1710483782052 -35.75 -60.0 1.2333205534600555 0
0000 0005 1710483782052 -24.375 -60.5 4.061981126321178 0
0000 0007 1710483782053 -3.25 -55.5 5.798447378207723 0
0000 0014 1710483782053 -136.6875 -65.0 5.675728915176872 0
0000 0015 1710483782053 26.0 -59.5 2.7550294950426117 0
0000 0011 1710483782053 -91.125 -67.0 0.04295146206079795 0
0000 0002 1710483782054 -237.5625 -72.5 5.356660911296659 0
0000 0003 1710483782054 9.75 -72.5 6.240233845118788 0
0000 0001 1710483782054 48.8125 -72.5 3.8410878928656453 0
0000 0003 1710483782054 97.625 -71.5 0.19634954084936207 0
0000 0005 1710483782055 42.3125 -61.5 3.9944859716542096 0
0000 0007 1710483782055 0.0 -55.5 5.786175531904639 0
0000 0006 1710483782056 3.25 -60.5 1.2333205534600555 0
0000 0010 1710483782056 -13.0 -57.5 3.5465635815916023 0
0000 0008 1710483782057 32.5 -57.5 1.4726215563702154 0
0000 0015 1710483782057 13.0 -59.5 2.7979809571034093 0
0000 0004 1710483782057 -26.0 -60.0 1.6935147898257479 0
0000 0009 1710483782057 -21.125 -57.0 6.22182607566416 0
0000 0014 1710483782058 -6.5 -66.0 5.442563835418255 0
0000 0000 1710483782058 6.5 -58.0 4.04357335686655 0
0000 0002 1710483782058 81.375 -73.0 5.019185137961818 0
0000 0011 1710483782059 -139.9375 -67.0 0.0674951546669682 0
0000 0012 1710483782059 24.375 -56.0 2.2089323345553233 0
0000 0001 1710483782084 41.5 -75.0 0.6013204688511713 0
0000 0002 1710483782274 -87.875 -73.0 5.2768939103266055 0
0000 0014 1710483782274 58.5625 -65.5 5.344389064993574 0
0000 0010 1710483782274 -9.75 -57.5 3.5281558121369745 0
0000 0011 1710483782274 -52.0625 -67.0 0.0 0
0000 0012 1710483782275 -7.3125 -56.5 2.282563412373834 0
0000 0009 1710483782275 -7.3125 -57.5 6.240233845118788 0
0000 0007 1710483782275 -9.75 -55.5 5.8475347634200645 0
0000 0000 1710483782276 -19.5 -58.0 4.123340357836604 0
0000 0008 1710483782276 -13.0 -57.0 1.576932249946439 0
0000 0006 1710483782276 3.25 -60.0 1.2640001692177683 0
0000 0004 1710483782276 -52.0625 -59.5 1.8285050991596843 0
0000 0015 1710483782277 9.75 -60.0 2.804116880254952 0
0000 0005 1710483782277 30.875 -61.0 4.061981126321178 0
0000 0003 1710483782277 -192.0 -73.0 0.3865631585471816 0
0000 0001 1710483782277 123.6875 -73.0 3.785864584501762 0
0000 0007 1710483782278 -9.75 -56.0 5.921165841238575 0
0000 0008 1710483782278 16.25 -57.0 1.5830681730979816 0
0000 0006 1710483782278 -32.5 -60.0 1.325359400733194 0
0000 0015 1710483782279 42.3125 -60.0 2.767301341345697 0
0000 0004 1710483782279 29.25 -59.5 1.6873788666742053 0
0000 0012 1710483782279 -30.875 -56.0 2.313243028131547 0
0000 0003 1710483782279 -130.1875 -71.0 0.6258641614573416 0
0000 0000 1710483782280 -9.75 -58.0 4.172427743048944 0
0000 0009 1710483782280 -10.5625 -57.5 0.0 0
0000 0010 1710483782280 22.75 -57.5 3.5281558121369745 0
0000 0014 1710483782281 -42.3125 -65.5 5.491651220630596 0
0000 0002 1710483782281 172.5 -72.5 5.154175447295755 0
0000 0011 1710483782281 19.5 -67.5 0.01227184630308513 0
0000 0005 1710483782282 -3.25 -60.5 4.190835512503572 0
0000 0014 1710483782510 0.0 -65.0 5.491651220630596 0
0000 0004 1710483782511 -6.5 -60.0 1.7671458676442586 0
0000 0007 1710483782511 0.0 -56.0 5.994796919057086 0
0000 0005 1710483782511 55.3125 -61.0 4.190835512503572 0
0000 0011 1710483782512 -84.625 -67.0 0.0674951546669682 0
0000 0008 1710483782512 6.5 -56.5 1.6382914814618648 0
0000 0010 1710483782512 19.5 -57.5 3.5956509668039427 0
0000 0000 1710483782512 13.0 -58.0 4.147884050442774 0
0000 0003 1710483782513 -3.25 -72.5 0.7240389318820226 0
0000 0002 1710483782513 -13.0 -72.0 5.123495831538041 0
0000 0006 1710483782513 29.25 -60.5 1.2517283229146832 0
0000 0012 1710483782514 21.125 -56.5 2.3071071049800045 0
0000 0009 1710483782514 -27.625 -57.5 0.07363107781851078 0
0000 0015 1710483782514 16.25 -60.0 2.816388726558037 0
0000 0001 1710483782514 19.5 -75.0 0.782330201821677 0
0000 0012 1710483782515 21.125 -56.5 2.3193789512830896 0
0000 0015 1710483782515 45.5625 -60.0 2.748893571891069 0
0000 0004 1710483782516 19.5 -60.0 1.6751070203711202 0
0000 0000 1710483782516 -16.25 -58.0 4.215379205109742 0
0000 0007 1710483782517 -3.25 -56.5 6.1420590746941075 0
0000 0001 1710483782517 22.75 -72.5 3.9638063558964967 0
0000 0008 1710483782517 13.0 -56.0 1.6935147898257479 0
0000 0006 1710483782517 9.75 -60.0 1.2640001692177683 0
0000 0005 1710483782518 -3.25 -61.0 4.3933209765044765 0
0000 0011 1710483782518 -78.0625 -66.5 0.2270291566070749 0
0000 0014 1710483782518 -3.25 -65.0 5.47937937432751 0
0000 0003 1710483782518 94.375 -72.0 0.4479223900626072 0
0000 0010 1710483782519 -6.5 -58.0 3.6201946594101133 0
0000 0002 1710483782519 87.875 -73.0 5.0682725231741586 0
0000 0009 1710483782519 -3.25 -57.5 0.1227184630308513 0
0000 0012 1710483782729 24.375 -56.5 2.337786720737717 0
0000 0011 1710483782729 -19.5 -67.0 0.28225246497095796 0
0000 0015 1710483782729 3.25 -59.5 2.8532042654672924 0
0000 0000 1710483782730 -10.5625 -58.0 4.2092432819582 0
0000 0010 1710483782730 -3.25 -58.0 3.6447383520162835 0
0000 0009 1710483782730 -24.375 -57.5 0.1718058482431918 0
0000 0003 1710483782730 -16.25 -73.0 0.8528933180644165 0
0000 0001 1710483782731 45.5625 -73.5 3.8533597391687304 0
0000 0006 1710483782731 13.0 -60.0 1.2762720155208536 0
0000 0008 1710483782731 26.0 -56.0 1.6996507129772904 0
0000 0007 1710483782731 3.25 -57.0 6.227961998815704 0
0000 0005 1710483782732 -42.3125 -61.5 4.540583132141498 0
0000 0004 1710483782732 3.25 -60.0 1.6751070203711202 0
0000 0014 1710483782732 0.0 -65.5 5.4671075280244255 0
0000 0002 1710483782733 286.4375 -73.5 4.847379289718626 0
0000 0002 1710483782733 81.375 -72.5 5.184855063053467 0
0000 0014 1710483782734 -26.0 -65.0 5.497787143782138 0
0000 0012 1710483782734 -3.25 -56.5 2.356194490192345 0
0000 0006 1710483782734 13.0 -60.5 1.2517283229146832 0
0000 0004 1710483782735 16.25 -60.0 1.6382914814618648 0
0000 0001 1710483782735 -48.8125 -73.0 3.9944859716542096 0
0000 0011 1710483782735 71.5625 -67.5 0.15339807878856412 0
0000 0000 1710483782735 -19.5 -58.0 4.23378697456437 0
0000 0008 1710483782736 65.0625 -56.0 1.6812429435226628 0
0000 0003 1710483782737 13.0 -72.5 0.7853981633974483 0
0000 0007 1710483782737 16.25 -56.5 6.234097921967246 0
0000 0009 1710483782737 -10.5625 -57.5 0.14726215563702155 0
0000 0010 1710483782737 -26.0 -57.5 3.6447383520162835 0
0000 0005 1710483782738 32.5 -61.0 4.516039439535327 0
0000 0015 1710483782738 32.5 -60.0 2.804116880254952 0
0000 0003 1710483782844 -14.625 -73.0 0.8068738944278473 0
0000 0011 1710483782972 22.75 -67.0 0.16566992509164924 0
0000 0015 1710483782972 45.5625 -60.0 2.779573187648782 0
0000 0007 1710483782972 -9.75 -56.5 6.240233845118788 0
0000 0012 1710483782972 -3.25 -56.5 2.36846633649543 0
0000 0009 1710483782973 -13.8125 -57.5 0.1595340019401067 0
0000 0014 1710483782973 35.75 -64.5 5.368932757599744 0
0000 0008 1710483782973 -3.25 -55.5 1.7671458676442586 0
0000 0010 1710483782974 -13.0 -57.5 3.6570101983193686 0
0000 0004 1710483782974 -22.75 -60.5 1.6873788666742053 0
0000 0006 1710483782974 3.25 -60.0 1.239456476611598 0
0000 0001 1710483782974 87.875 -73.0 3.9147189706841563 0
0000 0002 1710483782975 71.5625 -71.0 5.043728830567988 0
0000 0005 1710483782975 -22.75 -61.0 4.522175362686871 0
0000 0000 1710483782975 -3.25 -57.5 4.2031073588066565 0
0000 0003 1710483782976 23.5625 -74.0 3.8625636238960444 0
0000 0012 1710483782976 17.0625 -56.5 2.282563412373834 0
0000 0005 1710483782976 24.375 -61.0 4.485359823777615 0
0000 0006 1710483782976 -19.5 -60.0 1.3008157081270237 0
0000 0007 1710483782977 -16.25 -57.0 6.234097921967246 0
0000 0000 1710483782977 -26.0 -58.0 4.264466590322082 0
0000 0008 1710483782977 9.75 -55.5 1.6996507129772904 0
0000 0002 1710483782977 -29.25 -71.5 5.387340527054372 0
0000 0011 1710483782978 22.75 -67.0 0.09203884727313846 0
0000 0010 1710483782978 16.25 -57.5 3.5895150436524004 0
0000 0004 1710483782979 -16.25 -60.0 1.6382914814618648 0
0000 0014 1710483782979 87.875 -65.5 5.301437602932776 0
0000 0009 1710483782979 -7.3125 -57.5 0.1349903093339364 0
0000 0015 1710483782979 19.5 -59.5 2.804116880254952 0
0000 0003 1710483782980 -214.8125 -72.5 1.055378782065321 0
0000 0001 1710483782980 -42.3125 -72.5 4.037437433715008 0
0000 0014 1710483783084 -42.3125 -65.0 5.50392306693368 0
0000 0008 1710483783084 35.75 -55.5 1.662835174068035 0
0000 0000 1710483783085 3.25 -58.0 4.178563666200486 0
0000 0004 1710483783085 6.5 -60.5 1.6198837120072371 0
0000 0002 1710483783085 159.5 -73.0 4.95168998329485 0
0000 0006 1710483783086 -9.75 -60.0 1.214912784005428 0
0000 0011 1710483783086 94.375 -67.5 0.03681553890925539 0
0000 0012 1710483783086 10.5625 -56.5 2.270291566070749 0
0000 0010 1710483783086 0.0 -57.5 3.6263305825616556 0
0000 0009 1710483783087 13.8125 -57.0 0.0859029241215959 0
0000 0003 1710483783087 -22.75 -72.5 0.7179030087304801 0
0000 0015 1710483783087 -32.5 -59.5 2.9084275738311756 0
0000 0007 1710483783087 -6.5 -57.0 6.234097921967246 0
0000 0005 1710483783088 26.0 -61.0 4.430136515413731 0
0000 0001 1710483783088 -296.1875 -73.5 4.387185053352934 0
0000 0015 1710483783308 -19.5 -59.5 2.8777479580734626 0
0000 0006 1710483783308 -3.25 -60.0 1.2087768608538851 0
0000 0002 1710483783308 130.1875 -72.5 5.019185137961818 0
0000 0014 1710483783308 0.0 -64.5 5.418020142812084 0
0000 0012 1710483783309 -3.25 -56.5 2.3193789512830896 0
0000 0008 1710483783309 -6.5 -56.5 1.718058482431918 0
0000 0004 1710483783309 -52.0625 -60.0 1.6689710972195777 0
0000 0007 1710483783310 -3.25 -56.5 6.2034183062095325 0
0000 0009 1710483783310 3.25 -58.0 0.1043106935762236 0
0000 0010 1710483783310 -29.25 -57.5 3.6447383520162835 0
0000 0011 1710483783310 -26.0 -67.5 0.19634954084936207 0
0000 0005 1710483783311 -34.9375 -61.0 4.601942363656923 0
0000 0000 1710483783311 3.25 -58.0 4.1601558967458585 0
0000 0001 1710483783311 -309.1875 -72.5 4.405592822807561 0
0000 0003 1710483783311 -0.5625 -74.0 4.0128937411088375 0
0000 0002 1710483783312 -123.6875 -73.5 5.246214294568893 0
0000 0010 1710483783312 19.5 -57.5 3.5772431973493153 0
0000 0008 1710483783312 35.75 -56.5 1.6382914814618648 0
0000 0000 1710483783312 -45.5625 -58.5 4.215379205109742 0
0000 0014 1710483783313 -61.8125 -65.5 5.5714182216006485 0
0000 0004 1710483783313 65.0625 -60.5 1.4910293258248433 0
0000 0007 1710483783313 39.0 -56.5 6.1420590746941075 0
0000 0012 1710483783314 -3.25 -56.5 2.3193789512830896 0
0000 0015 1710483783314 6.5 -59.5 2.7979809571034093 0
0000 0009 1710483783315 3.25 -58.0 0.09203884727313846 0
0000 0011 1710483783315 -16.25 -68.0 0.1227184630308513 0
0000 0001 1710483783315 -48.8125 -72.5 3.9269908169872414 0
0000 0006 1710483783315 -39.0 -60.5 1.3008157081270237 0
0000 0005 1710483783316 9.75 -61.0 4.485359823777615 0
0000 0003 1710483783343 18.25 -74.0 0.7117670855789375 0
0000 0007 1710483783542 6.5 -57.0 6.1850105367549055 0
0000 0004 1710483783542 19.5 -60.0 1.5830681730979816 0
0000 0010 1710483783542 -13.0 -57.5 3.5833791205008576 0
0000 0005 1710483783543 -32.5 -60.5 4.473087977474529 0
0000 0011 1710483783543 61.8125 -67.5 0.06135923151542565 0
0000 0015 1710483783543 19.5 -60.0 2.816388726558037 0
0000 0006 1710483783543 39.0 -60.0 1.1535535524900022 0
0000 0009 1710483783544 7.3125 -57.5 0.05522330836388308 0
0000 0000 1710483783544 6.5 -58.0 4.104932588381976 0
0000 0008 1710483783544 19.5 -57.0 1.6566992509164924 0
0000 0014 1710483783544 58.5625 -65.0 5.332117218690489 0
0000 0012 1710483783545 7.3125 -56.5 2.270291566070749 0
0000 0002 1710483783545 -201.8125 -72.5 5.448699758569798 0
0000 0001 1710483783545 -42.3125 -72.5 3.9453985864418692 0
0000 0003 1710483783546 6.0625 -74.5 0.6504078540635119 0
0000 0000 1710483783546 3.25 -58.5 4.129476280988146 0
0000 0009 1710483783546 -17.0625 -57.5 0.07976700097005335 0
0000 0008 1710483783546 -6.5 -57.5 1.705786636128833 0
0000 0006 1710483783547 29.25 -60.0 1.1903690913992575 0
0000 0015 1710483783547 32.5 -59.5 2.779573187648782 0
0000 0004 1710483783548 -6.5 -60.0 1.5585244804918115 0
0000 0012 1710483783548 24.375 -56.5 2.2886993355253766 0
0000 0005 1710483783548 22.75 -60.5 4.411728745959104 0
0000 0007 1710483783548 13.0 -56.5 6.14819499784565 0
0000 0014 1710483783549 65.0625 -65.0 5.350524988145116 0
0000 0010 1710483783549 -32.5 -57.5 3.6017868899554855 0
0000 0002 1710483783550 13.0 -73.0 5.092816215780329 0
0000 0011 1710483783550 19.5 -67.0 0.09817477042468103 0
0000 0001 1710483783550 -84.625 -72.5 3.9576704327449543 0
0000 0003 1710483783583 -4.25 -75.0 0.6872233929727672 0
