0000 0004 1710483546647 32.5 -56.0 1.9941750242513334 0
0000 0002 1710483546647 78.0625 -72.0 0.8222137023067037 0
0000 0005 1710483546647 -35.75 -59.5 5.368932757599744 0
0000 0012 1710483546648 29.25 -54.5 1.2333205534600555 0
0000 0008 1710483546648 -16.25 -52.0 3.8410878928656453 0
0000 0010 1710483546649 13.0 -59.0 6.000932842208628 0
0000 0011 1710483546649 3.25 -61.0 4.822835597112456 0
0000 0009 1710483546649 21.125 -57.5 5.921165841238575 0
0000 0000 1710483546650 -6.5 -57.0 0.0859029241215959 0
0000 0015 1710483546650 -26.0 -60.5 1.239456476611598 0
0000 0014 1710483546651 -55.3125 -62.5 3.399301425954581 0
0000 0007 1710483546651 -9.75 -60.0 0.32520392703175593 0
0000 0001 1710483546651 -6.5 -69.5 1.1106020904292042 0
0000 0006 1710483546652 39.0 -65.5 0.8344855486097889 0
0000 0003 1710483546652 -143.1875 -70.5 4.534447208989955 0
0000 0001 1710483546652 152.9375 -68.5 0.7915340865489908 0
0000 0000 1710483546653 0.0 -56.5 0.0674951546669682 0
0000 0010 1710483546653 -22.75 -58.5 6.025476534814799 0
0000 0006 1710483546653 16.25 -66.0 0.8283496254582462 0
0000 0015 1710483546653 45.5625 -60.5 1.1290098598838318 0
0000 0009 1710483546654 -38.1875 -58.0 6.037748381117884 0
0000 0008 1710483546654 -35.75 -52.5 3.8840393549264434 0
0000 0012 1710483546654 42.3125 -54.5 1.2026409377023426 0
0000 0007 1710483546655 13.0 -60.5 0.28225246497095796 0
0000 0005 1710483546655 -6.5 -59.5 5.368932757599744 0
0000 0014 1710483546656 -45.5625 -63.0 3.429981041712294 0
0000 0004 1710483546657 -6.5 -55.5 2.030990563160589 0
0000 0011 1710483546657 19.5 -61.5 4.743068596142402 0
0000 0003 1710483546657 -123.6875 -70.5 4.448544284868359 0
0000 0002 1710483546657 81.375 -73.0 0.8774370106705868 0
0000 0012 1710483546766 16.25 -54.5 1.239456476611598 0
0000 0011 1710483546767 -32.5 -61.0 4.871922982324796 0
0000 0002 1710483546767 16.25 -71.5 0.9019807032767571 0
0000 0004 1710483546767 9.75 -56.0 2.018718716857504 0
0000 0006 1710483546768 16.25 -65.0 0.9633399347921826 0
0000 0008 1710483546768 -9.75 -52.5 3.8533597391687304 0
0000 0014 1710483546768 -39.0 -62.5 3.3502140407422405 0
0000 0005 1710483546768 -45.5625 -59.5 5.393476450205914 0
0000 0010 1710483546769 13.0 -58.5 6.000932842208628 0
0000 0015 1710483546769 -3.25 -60.5 1.1719613219446299 0
0000 0007 1710483546769 29.25 -60.5 0.2761165418194154 0
0000 0003 1710483546770 -149.6875 -69.5 4.626486056263094 0
0000 0000 1710483546770 26.0 -57.0 0.05522330836388308 0
0000 0009 1710483546770 -3.25 -58.0 6.013204688511713 0
0000 0001 1710483546771 -16.25 -69.0 1.0615147052168636 0
0000 0012 1710483546978 29.25 -54.5 1.227184630308513 0
0000 0001 1710483546979 185.5 -70.0 0.9265243958829272 0
0000 0004 1710483546979 6.5 -56.0 1.9941750242513334 0
0000 0009 1710483546979 0.0 -57.5 5.976389149602458 0
0000 0003 1710483546979 -55.3125 -70.5 4.583534594202296 0
0000 0006 1710483546980 -16.25 -65.5 0.9142525495798421 0
0000 0000 1710483546980 6.5 -57.5 0.1043106935762236 0
0000 0008 1710483546980 0.0 -52.5 3.8533597391687304 0
0000 0015 1710483546981 45.5625 -61.0 1.1474176293384597 0
0000 0010 1710483546981 32.5 -59.0 5.988660995905543 0
0000 0014 1710483546981 32.5 -62.5 3.2888548092268146 0
0000 0005 1710483546982 -55.3125 -59.5 5.418020142812084 0
0000 0007 1710483546982 45.5625 -60.5 0.2270291566070749 0
0000 0011 1710483546982 -13.0 -61.0 4.847379289718626 0
0000 0002 1710483546983 126.9375 -71.5 0.7301748550335652 0
0000 0011 1710483546983 -22.75 -61.5 4.798291904506286 0
0000 0010 1710483546983 26.0 -59.0 6.000932842208628 0
0000 0004 1710483546983 -16.25 -56.0 2.043262409463674 0
0000 0014 1710483546984 -32.5 -63.0 3.393165502803038 0
0000 0009 1710483546984 -3.25 -58.0 6.019340611663256 0
0000 0008 1710483546984 -6.5 -52.0 3.859495662320273 0
0000 0005 1710483546985 -13.8125 -59.5 5.356660911296659 0
0000 0001 1710483546985 22.75 -69.0 1.043106935762236 0
0000 0000 1710483546985 -45.5625 -57.0 0.1595340019401067 0
0000 0015 1710483546986 19.5 -61.0 1.184233168247715 0
0000 0002 1710483546987 -6.5 -71.5 0.9203884727313847 0
0000 0012 1710483546987 16.25 -54.5 1.2517283229146832 0
0000 0007 1710483546987 16.25 -60.0 0.3129320807286708 0
0000 0003 1710483546987 -87.875 -70.5 4.485359823777615 0
0000 0006 1710483546988 9.75 -65.5 0.8835729338221293 0
0000 0012 1710483547200 13.0 -54.5 1.2578642460662257 0
0000 0004 1710483547200 22.75 -56.0 2.012582793705961 0
0000 0000 1710483547201 3.25 -57.5 0.09203884727313846 0
0000 0014 1710483547201 -9.75 -63.0 3.3011266555298997 0
0000 0009 1710483547201 -21.125 -57.5 6.025476534814799 0
0000 0008 1710483547201 -9.75 -52.5 3.890175278077986 0
0000 0001 1710483547202 16.25 -69.0 1.1228739367322893 0
0000 0003 1710483547202 -81.375 -71.0 4.491495746929157 0
0000 0010 1710483547202 9.75 -59.0 5.988660995905543 0
0000 0015 1710483547203 42.3125 -60.5 1.141281706186917 0
0000 0005 1710483547203 -6.5 -60.0 5.399612373357457 0
0000 0002 1710483547203 -13.0 -71.0 1.0737865515199487 0
0000 0011 1710483547204 -9.75 -61.0 4.822835597112456 0
0000 0007 1710483547204 -16.25 -61.0 0.3436116964863836 0
0000 0006 1710483547204 65.0625 -66.0 0.8283496254582462 0
0000 0010 1710483547204 26.0 -58.5 5.957981380147831 0
0000 0003 1710483547205 -201.8125 -70.5 4.509903516383785 0
0000 0012 1710483547205 21.125 -54.5 1.2455923997631406 0
0000 0008 1710483547205 -26.0 -53.0 3.9085830475326135 0
0000 0007 1710483547206 0.0 -60.5 0.30066023442558565 0
0000 0000 1710483547206 -22.75 -57.0 0.17794177139473438 0
0000 0015 1710483547206 16.25 -61.0 1.1903690913992575 0
0000 0006 1710483547206 6.5 -65.5 0.8222137023067037 0
0000 0005 1710483547207 -42.3125 -60.5 5.442563835418255 0
0000 0004 1710483547207 3.25 -56.0 2.061670178918302 0
0000 0009 1710483547207 -10.5625 -57.5 5.982525072754001 0
0000 0014 1710483547208 29.25 -62.5 3.2520392703175593 0
0000 0011 1710483547208 39.0 -61.5 4.706253057233147 0
0000 0001 1710483547208 -133.4375 -70.5 1.3437671701878218 0
0000 0002 1710483547209 162.75 -72.0 0.662679700366597 0
0000 0001 1710483547413 143.1875 -69.5 1.227184630308513 0
0000 0012 1710483547413 41.5 -54.5 1.1965050145508 0
0000 0000 1710483547414 -6.5 -57.0 0.14726215563702155 0
0000 0002 1710483547414 13.0 -73.0 1.0062913968529805 0
0000 0015 1710483547414 22.75 -61.0 1.1780972450961724 0
0000 0006 1710483547415 13.0 -65.5 0.9019807032767571 0
0000 0008 1710483547415 -6.5 -53.0 3.8840393549264434 0
0000 0010 1710483547415 -6.5 -58.5 6.056156150572511 0
0000 0005 1710483547415 -48.8125 -59.5 5.442563835418255 0
0000 0003 1710483547416 -91.125 -70.0 4.509903516383785 0
0000 0009 1710483547416 -27.625 -57.5 6.080699843178682 0
0000 0004 1710483547416 29.25 -56.0 2.030990563160589 0
0000 0011 1710483547417 -3.25 -61.5 4.822835597112456 0
0000 0014 1710483547417 19.5 -63.0 3.3379421944391554 0
0000 0007 1710483547417 35.75 -60.5 0.3374757733348411 0
0000 0011 1710483547417 -9.75 -61.0 4.81056375080937 0
0000 0000 1710483547418 -13.0 -57.5 0.1595340019401067 0
0000 0005 1710483547419 -58.5625 -60.0 5.485515297479052 0
0000 0012 1710483547419 19.5 -54.5 1.2578642460662257 0
0000 0014 1710483547419 -9.75 -62.5 3.3318062712876126 0
0000 0006 1710483547420 61.8125 -66.0 0.8528933180644165 0
0000 0003 1710483547420 42.3125 -70.5 4.3933209765044765 0
0000 0009 1710483547420 0.0 -58.0 6.056156150572511 0
0000 0008 1710483547420 -9.75 -53.0 3.890175278077986 0
0000 0004 1710483547421 29.25 -56.0 2.055534255766759 0
0000 0007 1710483547421 -22.75 -60.0 0.380427235395639 0
0000 0015 1710483547421 6.5 -61.0 1.184233168247715 0
0000 0001 1710483547422 9.75 -69.5 1.1474176293384597 0
0000 0010 1710483547422 13.0 -58.5 6.025476534814799 0
0000 0002 1710483547422 9.75 -71.0 0.9633399347921826 0
0000 0003 1710483547633 -35.75 -71.5 4.460816131171445 0
0000 0009 1710483547633 0.0 -58.0 6.043884304269426 0
0000 0000 1710483547633 -3.25 -57.5 0.1595340019401067 0
0000 0015 1710483547633 3.25 -61.0 1.184233168247715 0
0000 0001 1710483547634 65.0625 -69.0 1.1228739367322893 0
0000 0014 1710483547634 6.5 -63.0 3.3195344249845276 0
0000 0007 1710483547634 0.0 -60.5 0.3620194659410113 0
0000 0011 1710483547635 13.0 -61.0 4.81056375080937 0
0000 0002 1710483547635 -61.8125 -71.5 0.9878836273983529 0
0000 0004 1710483547635 35.75 -56.5 2.043262409463674 0
0000 0005 1710483547635 -13.0 -59.5 5.442563835418255 0
0000 0008 1710483547636 6.5 -53.5 3.859495662320273 0
0000 0012 1710483547636 0.0 -54.5 1.2762720155208536 0
0000 0010 1710483547636 -22.75 -58.5 6.056156150572511 0
0000 0006 1710483547637 52.0625 -65.5 0.8160777791551611 0
0000 0000 1710483547637 6.5 -57.0 0.14726215563702155 0
0000 0006 1710483547637 -3.25 -65.5 0.9265243958829272 0
0000 0011 1710483547637 16.25 -61.0 4.773748211900116 0
0000 0010 1710483547638 29.25 -58.5 5.982525072754001 0
0000 0003 1710483547638 -120.4375 -71.0 4.693981210930062 0
0000 0015 1710483547638 -32.5 -61.0 1.2578642460662257 0
0000 0002 1710483547639 26.0 -71.5 0.9142525495798421 0
0000 0001 1710483547639 71.5625 -69.0 1.043106935762236 0
0000 0004 1710483547639 29.25 -56.5 2.043262409463674 0
0000 0007 1710483547639 19.5 -60.5 0.32520392703175593 0
0000 0009 1710483547640 -3.25 -58.0 6.050020227420969 0
0000 0012 1710483547640 39.0 -54.5 1.214912784005428 0
0000 0008 1710483547640 -9.75 -53.5 3.8840393549264434 0
0000 0005 1710483547641 -19.5 -59.5 5.375068680751287 0
0000 0014 1710483547641 -16.25 -63.5 3.3502140407422405 0
0000 0006 1710483547766 -16.25 -65.5 1.000155473701438 0
0000 0009 1710483547766 -38.1875 -58.5 6.086835766330224 0
0000 0010 1710483547766 3.25 -59.0 6.056156150572511 0
0000 0015 1710483547767 -6.5 -61.0 1.239456476611598 0
0000 0014 1710483547767 -19.5 -63.5 3.4054373491061236 0
0000 0000 1710483547768 -22.75 -57.5 0.1718058482431918 0
0000 0004 1710483547768 52.0625 -56.0 2.043262409463674 0
0000 0005 1710483547769 -9.75 -60.0 5.442563835418255 0
0000 0007 1710483547769 29.25 -60.5 0.3313398501832985 0
0000 0008 1710483547769 -22.75 -54.0 3.8963112012295285 0
0000 0012 1710483547769 22.75 -54.5 1.239456476611598 0
0000 0002 1710483547770 201.8125 -71.5 0.7117670855789375 0
0000 0001 1710483547770 97.625 -69.5 1.030835089459151 0
0000 0011 1710483547770 26.0 -61.5 4.798291904506286 0
0000 0003 1710483547771 -91.125 -71.0 4.614214209960009 0
0000 0005 1710483547980 -3.25 -60.0 5.393476450205914 0
0000 0003 1710483547980 61.8125 -71.0 4.387185053352934 0
0000 0004 1710483547980 29.25 -56.5 2.067806102069844 0
0000 0008 1710483547980 -19.5 -54.0 3.8963112012295285 0
0000 0014 1710483547981 -26.0 -63.0 3.3440781175906977 0
0000 0006 1710483547981 -3.25 -66.0 0.9694758579437253 0
0000 0000 1710483547981 -3.25 -57.5 0.15339807878856412 0
0000 0012 1710483547981 22.75 -54.5 1.239456476611598 0
0000 0002 1710483547982 -26.0 -73.0 0.9817477042468103 0
0000 0010 1710483547982 3.25 -59.0 6.000932842208628 0
0000 0011 1710483547982 -9.75 -61.5 4.841243366567084 0
0000 0009 1710483547983 -21.125 -58.0 6.105243535784852 0
0000 0001 1710483547983 19.5 -70.0 1.1965050145508 0
0000 0007 1710483547983 26.0 -60.5 0.380427235395639 0
0000 0015 1710483547983 22.75 -61.0 1.2026409377023426 0
0000 0006 1710483547984 22.75 -65.5 0.8897088569736719 0
0000 0015 1710483547984 13.0 -60.5 1.2210487071569704 0
0000 0004 1710483547984 19.5 -56.5 2.1046216409791 0
0000 0009 1710483547985 -17.0625 -58.0 6.105243535784852 0
0000 0000 1710483547985 19.5 -57.5 0.1349903093339364 0
0000 0012 1710483547985 26.0 -54.5 1.239456476611598 0
0000 0010 1710483547985 29.25 -58.5 5.994796919057086 0
0000 0011 1710483547986 -19.5 -61.0 4.878058905476339 0
0000 0014 1710483547986 13.0 -62.5 3.3011266555298997 0
0000 0008 1710483547987 0.0 -54.0 3.8840393549264434 0
0000 0007 1710483547987 0.0 -60.5 0.39269908169872414 0
0000 0005 1710483547987 22.75 -59.5 5.368932757599744 0
0000 0001 1710483547988 -16.25 -69.5 1.3192234775816514 0
0000 0003 1710483547988 52.0625 -70.5 4.534447208989955 0
0000 0002 1710483547988 6.5 -72.0 1.043106935762236 0
0000 0011 1710483548185 -6.5 -61.5 4.792155981354743 0
0000 0005 1710483548185 -13.0 -60.0 5.485515297479052 0
0000 0009 1710483548186 -17.0625 -58.5 6.129787228391022 0
0000 0007 1710483548186 -13.0 -61.0 0.4172427743048944 0
0000 0012 1710483548186 -3.25 -54.5 1.2762720155208536 0
0000 0001 1710483548187 94.375 -68.5 1.141281706186917 0
0000 0015 1710483548188 22.75 -60.5 1.1719613219446299 0
0000 0010 1710483548188 6.5 -59.0 6.031612457966341 0
0000 0000 1710483548188 3.25 -57.5 0.1595340019401067 0
0000 0008 1710483548188 -13.0 -54.0 3.9269908169872414 0
0000 0004 1710483548189 22.75 -56.5 2.0800779483729293 0
0000 0014 1710483548189 16.25 -62.5 3.313398501832985 0
0000 0006 1710483548189 -74.8125 -66.0 1.012427320004523 0
0000 0003 1710483548190 -91.125 -70.5 4.638757902566179 0
0000 0002 1710483548190 -3.25 -72.0 1.000155473701438 0
0000 0015 1710483548190 0.0 -60.5 1.2087768608538851 0
0000 0011 1710483548191 0.0 -61.5 4.8351074434155406 0
0000 0009 1710483548191 -10.5625 -58.0 6.086835766330224 0
0000 0004 1710483548191 32.5 -56.0 2.067806102069844 0
0000 0007 1710483548191 -22.75 -60.5 0.42337869745643697 0
0000 0002 1710483548192 45.5625 -72.0 0.9510680884890975 0
0000 0014 1710483548192 -58.5625 -63.0 3.4177091954092087 0
0000 0010 1710483548192 3.25 -58.5 6.043884304269426 0
0000 0012 1710483548193 7.3125 -54.5 1.2701360923693108 0
0000 0001 1710483548193 -133.4375 -68.5 1.3314953238847365 0
0000 0000 1710483548193 -22.75 -57.0 0.2270291566070749 0
0000 0003 1710483548193 -143.1875 -70.5 4.767612288748572 0
0000 0005 1710483548194 -42.3125 -60.0 5.50392306693368 0
0000 0008 1710483548194 -13.0 -54.0 3.9208548938356986 0
0000 0006 1710483548194 39.0 -66.0 0.8344855486097889 0
0000 0001 1710483548406 107.375 -69.5 1.0921943209745766 0
0000 0014 1710483548406 -19.5 -63.0 3.380893656499953 0
0000 0011 1710483548406 -26.0 -61.0 4.847379289718626 0
0000 0006 1710483548407 45.5625 -66.0 0.8406214717613314 0
0000 0004 1710483548407 -13.0 -56.5 2.1046216409791 0
0000 0012 1710483548407 0.0 -54.5 1.282407938672396 0
0000 0008 1710483548407 -19.5 -54.0 3.9453985864418692 0
0000 0002 1710483548408 9.75 -73.0 0.9081166264282996 0
0000 0005 1710483548408 -22.75 -60.0 5.45483568172134 0
0000 0007 1710483548408 -26.0 -60.0 0.4111068511533518 0
0000 0010 1710483548409 29.25 -59.0 5.988660995905543 0
0000 0009 1710483548409 -45.5625 -58.0 6.154330920997192 0
0000 0000 1710483548409 0.0 -57.0 0.19634954084936207 0
0000 0003 1710483548410 -162.75 -70.5 4.865787059173254 0
0000 0015 1710483548410 -35.75 -60.5 1.2578642460662257 0
0000 0004 1710483548410 22.75 -56.5 2.0493983326152168 0
0000 0007 1710483548410 -13.0 -61.0 0.4049709280018093 0
0000 0006 1710483548411 68.3125 -65.5 0.8160777791551611 0
0000 0014 1710483548411 -39.0 -62.5 3.3870295796514958 0
0000 0008 1710483548411 -16.25 -53.5 3.9269908169872414 0
0000 0011 1710483548412 19.5 -61.0 4.773748211900116 0
0000 0010 1710483548412 22.75 -59.0 6.013204688511713 0
0000 0015 1710483548412 48.8125 -60.5 1.1474176293384597 0
0000 0005 1710483548412 6.5 -59.5 5.418020142812084 0
0000 0012 1710483548413 24.375 -54.5 1.239456476611598 0
0000 0009 1710483548413 -41.5 -58.0 6.12365130523948 0
0000 0000 1710483548413 0.0 -57.0 0.1718058482431918 0
0000 0001 1710483548414 -26.0 -69.0 1.3867186322486196 0
0000 0002 1710483548414 -201.8125 -72.5 1.3069516312785663 0
0000 0003 1710483548414 -32.5 -70.5 4.466952054322987 0
0000 0004 1710483548631 39.0 -56.0 2.024854640009046 0
0000 0011 1710483548631 -39.0 -61.0 4.871922982324796 0
0000 0000 1710483548631 -9.75 -57.0 0.14726215563702155 0
0000 0010 1710483548632 -19.5 -59.0 6.062292073724054 0
0000 0006 1710483548632 55.3125 -66.0 0.8160777791551611 0
0000 0005 1710483548632 -45.5625 -60.0 5.4671075280244255 0
0000 0008 1710483548632 -19.5 -53.5 3.9208548938356986 0
0000 0009 1710483548633 -24.375 -57.5 6.043884304269426 0
0000 0001 1710483548633 -81.375 -69.0 1.1474176293384597 0
0000 0007 1710483548633 22.75 -60.5 0.3436116964863836 0
0000 0012 1710483548634 30.875 -54.5 1.227184630308513 0
0000 0014 1710483548634 29.25 -62.5 3.2888548092268146 0
0000 0015 1710483548634 13.0 -60.5 1.1658253987930873 0
0000 0003 1710483548634 -26.0 -70.5 4.558990901596125 0
0000 0002 1710483548634 -26.0 -72.5 0.9265243958829272 0
0000 0010 1710483548634 16.25 -59.0 5.994796919057086 0
0000 0003 1710483548634 -6.5 -71.5 4.387185053352934 0
0000 0001 1710483548635 -117.125 -69.5 1.368310862793992 0
0000 0007 1710483548635 100.875 -60.0 0.2086213871524472 0
0000 0004 1710483548635 3.25 -56.0 2.055534255766759 0
0000 0015 1710483548635 13.0 -60.5 1.1719613219446299 0
0000 0009 1710483548636 -3.25 -58.0 6.013204688511713 0
0000 0008 1710483548636 -6.5 -53.0 3.877903431774901 0
0000 0012 1710483548636 10.5625 -54.5 1.239456476611598 0
0000 0011 1710483548637 13.0 -61.0 4.767612288748572 0
0000 0005 1710483548637 -9.75 -59.5 5.381204603902829 0
0000 0000 1710483548637 0.0 -57.0 0.09817477042468103 0
0000 0014 1710483548637 13.0 -63.0 3.2888548092268146 0
0000 0002 1710483548638 -58.5625 -72.5 0.859029241215959 0
0000 0006 1710483548638 26.0 -65.5 0.7915340865489908 0
0000 0015 1710483548765 6.5 -60.5 1.184233168247715 0
0000 0001 1710483548766 107.375 -68.5 1.0369710126106935 0
0000 0009 1710483548766 -48.8125 -58.0 6.056156150572511 0
0000 0011 1710483548766 -22.75 -61.0 4.804427827657828 0
0000 0004 1710483548766 0.0 -56.0 2.0371264863121317 0
0000 0008 1710483548767 6.5 -53.0 3.847223816017188 0
0000 0005 1710483548767 -13.0 -59.5 5.375068680751287 0
0000 0007 1710483548767 22.75 -61.0 0.3313398501832985 0
0000 0010 1710483548768 35.75 -59.0 5.9518454569962875 0
0000 0012 1710483548768 21.125 -54.5 1.227184630308513 0
0000 0014 1710483548768 16.25 -63.0 3.2888548092268146 0
0000 0006 1710483548768 -52.0625 -65.5 0.8897088569736719 0
0000 0002 1710483548769 -22.75 -72.5 0.8406214717613314 0
0000 0003 1710483548769 -104.125 -69.5 4.552854978444583 0
0000 0000 1710483548769 -6.5 -57.5 0.09817477042468103 0
0000 0012 1710483548953 6.5 -54.5 1.2517283229146832 0
0000 0000 1710483548954 -9.75 -57.5 0.05522330836388308 0
0000 0015 1710483548954 9.75 -61.0 1.1596894756415448 0
0000 0003 1710483548954 48.8125 -71.0 4.362641360746763 0
0000 0005 1710483548954 -29.25 -59.5 5.3627968344482015 0
0000 0014 1710483548955 -52.0625 -63.0 3.3624858870453256 0
0000 0006 1710483548955 6.5 -66.0 0.859029241215959 0
0000 0007 1710483548955 81.375 -60.5 0.18407769454627693 0
0000 0009 1710483548956 -13.8125 -57.5 5.9518454569962875 0
0000 0001 1710483548956 -19.5 -69.5 1.1658253987930873 0
0000 0010 1710483548956 13.0 -58.5 5.9518454569962875 0
0000 0004 1710483548956 22.75 -55.5 1.9941750242513334 0
0000 0011 1710483548957 39.0 -61.0 4.71238898038469 0
0000 0008 1710483548957 -16.25 -52.5 3.8533597391687304 0
0000 0002 1710483548957 91.125 -72.0 0.6994952392758523 0
0000 0001 1710483548958 120.4375 -69.0 0.8774370106705868 0
0000 0007 1710483548958 -42.3125 -60.5 0.3436116964863836 0
0000 0011 1710483548958 -26.0 -61.5 4.822835597112456 0
0000 0000 1710483548958 3.25 -57.5 0.0 0
0000 0004 1710483548959 -19.5 -55.5 2.030990563160589 0
0000 0008 1710483548959 -16.25 -52.5 3.8410878928656453 0
0000 0014 1710483548959 -22.75 -63.0 3.32567034813607 0
0000 0006 1710483548960 39.0 -66.0 0.760854470791278 0
0000 0005 1710483548960 7.3125 -60.0 5.307573526084319 0
0000 0010 1710483548961 26.0 -58.5 5.9518454569962875 0
0000 0009 1710483548961 -10.5625 -58.0 5.976389149602458 0
0000 0012 1710483548961 -13.0 -54.5 1.2701360923693108 0
0000 0015 1710483548962 -19.5 -60.5 1.214912784005428 0
0000 0002 1710483548962 35.75 -72.0 0.7853981633974483 0
0000 0003 1710483548962 -58.5625 -70.5 4.331961744989051 0
0000 0014 1710483549172 -19.5 -63.0 3.3624858870453256 0
0000 0008 1710483549172 -3.25 -52.0 3.785864584501762 0
0000 0002 1710483549172 -91.125 -71.5 1.0185632431560658 0
0000 0009 1710483549173 -13.8125 -57.5 5.970253226450915 0
0000 0012 1710483549173 7.3125 -54.5 1.239456476611598 0
0000 0000 1710483549173 -9.75 -57.0 0.03681553890925539 0
0000 0005 1710483549174 0.0 -59.5 5.289165756629691 0
0000 0004 1710483549174 9.75 -56.0 1.9941750242513334 0
0000 0007 1710483549174 0.0 -60.5 0.2761165418194154 0
0000 0003 1710483549174 -81.375 -71.5 4.362641360746763 0
0000 0010 1710483549175 6.5 -59.0 5.957981380147831 0
0000 0001 1710483549175 35.75 -70.0 1.0246991663076084 0
0000 0006 1710483549175 45.5625 -65.5 0.7485826244881929 0
0000 0015 1710483549176 -16.25 -61.0 1.2333205534600555 0
0000 0011 1710483549176 -58.5625 -61.0 4.865787059173254 0
0000 0006 1710483549176 35.75 -66.0 0.8406214717613314 0
0000 0015 1710483549176 -9.75 -60.5 1.1903690913992575 0
0000 0005 1710483549177 -3.25 -59.5 5.283029833478148 0
0000 0003 1710483549177 -19.5 -70.0 4.454680208019902 0
0000 0002 1710483549177 97.625 -73.0 0.6933593161243098 0
0000 0008 1710483549178 9.75 -52.0 3.761320891895592 0
0000 0004 1710483549178 -3.25 -55.5 1.9819031779482483 0
0000 0010 1710483549179 58.5625 -59.0 5.859806609723149 0
0000 0011 1710483549179 -26.0 -61.0 4.81056375080937 0
0000 0001 1710483549179 -172.5 -70.0 1.3499030933393643 0
0000 0014 1710483549180 26.0 -63.0 3.2949907323783574 0
0000 0000 1710483549180 26.0 -57.5 6.234097921967246 0
0000 0012 1710483549180 -3.25 -54.5 1.2578642460662257 0
0000 0009 1710483549180 -17.0625 -57.5 5.945709533844745 0
0000 0007 1710483549181 -6.5 -60.5 0.2761165418194154 0
0000 0012 1710483549389 9.75 -54.5 1.239456476611598 0
0000 0011 1710483549390 42.3125 -61.5 4.700117134081604 0
0000 0008 1710483549390 -19.5 -52.0 3.792000507653305 0
0000 0000 1710483549390 0.0 -57.5 6.270913460876501 0
0000 0009 1710483549391 -24.375 -57.5 5.921165841238575 0
0000 0006 1710483549391 -58.5625 -66.0 0.9203884727313847 0
0000 0004 1710483549391 9.75 -56.0 1.9573594853420782 0
0000 0001 1710483549391 84.625 -69.5 0.9081166264282996 0
0000 0007 1710483549392 26.0 -61.0 0.23316507975861744 0
0000 0010 1710483549392 29.25 -59.0 5.927301764390117 0
0000 0005 1710483549392 -10.5625 -59.5 5.295301679781233 0
0000 0015 1710483549393 3.25 -61.0 1.1780972450961724 0
0000 0014 1710483549393 0.0 -63.0 3.3195344249845276 0
0000 0003 1710483549393 110.625 -70.5 4.184699589352029 0
0000 0002 1710483549393 117.125 -73.0 0.6688156235181395 0
0000 0012 1710483549394 27.625 -54.5 1.1965050145508 0
0000 0008 1710483549394 16.25 -52.0 3.749049045592507 0
0000 0006 1710483549394 22.75 -65.0 0.8467573949128739 0
0000 0003 1710483549395 55.3125 -71.5 4.154019973594316 0
0000 0014 1710483549395 3.25 -63.0 3.2949907323783574 0
0000 0004 1710483549395 -3.25 -56.0 1.9696313316451632 0
0000 0011 1710483549395 -3.25 -61.0 4.767612288748572 0
0000 0010 1710483549396 68.3125 -59.0 5.853670686571607 0
0000 0001 1710483549396 -29.25 -70.0 1.0799224746714913 0
0000 0000 1710483549396 6.5 -57.5 6.2463697682703305 0
0000 0009 1710483549397 -34.9375 -57.5 5.964117303299373 0
0000 0002 1710483549397 149.6875 -71.0 0.6442719309119693 0
0000 0015 1710483549397 16.25 -61.0 1.141281706186917 0
0000 0005 1710483549397 29.25 -59.0 5.221670601962723 0
0000 0007 1710483549398 3.25 -60.5 0.22089323345553233 0
0000 0001 1710483549516 61.8125 -69.5 0.9510680884890975 0
0000 0007 1710483549516 -3.25 -60.5 0.2454369260617026 0
0000 0006 1710483549516 35.75 -65.5 0.8222137023067037 0
0000 0015 1710483549517 9.75 -60.5 1.1535535524900022 0
0000 0011 1710483549517 -19.5 -61.5 4.798291904506286 0
0000 0014 1710483549517 -55.3125 -62.5 3.380893656499953 0
0000 0005 1710483549518 55.3125 -59.5 5.166447293598839 0
0000 0008 1710483549518 -13.0 -52.0 3.77972866135022 0
0000 0010 1710483549518 35.75 -59.0 5.8659425328746915 0
0000 0004 1710483549519 35.75 -56.0 1.8837284075235674 0
0000 0012 1710483549519 7.3125 -54.5 1.2210487071569704 0
0000 0009 1710483549519 10.5625 -57.0 5.896622148632405 0
0000 0000 1710483549521 13.8125 -57.5 6.2463697682703305 0
0000 0002 1710483549521 -16.25 -72.0 0.8835729338221293 0
0000 0001 1710483549713 68.3125 -68.5 0.9081166264282996 0
0000 0008 1710483549713 -3.25 -52.0 3.749049045592507 0
0000 0005 1710483549714 -26.0 -59.5 5.295301679781233 0
0000 0015 1710483549714 65.0625 -60.5 1.0921943209745766 0
0000 0009 1710483549714 -21.125 -57.5 5.93343768754166 0
0000 0012 1710483549715 10.5625 -54.5 1.227184630308513 0
0000 0011 1710483549715 19.5 -61.5 4.700117134081604 0
0000 0010 1710483549715 -3.25 -59.0 5.964117303299373 0
0000 0006 1710483549715 42.3125 -66.0 0.6994952392758523 0
0000 0003 1710483549716 -149.6875 -70.5 4.399456899656019 0
0000 0000 1710483549716 3.25 -57.5 6.258641614573416 0
0000 0007 1710483549716 9.75 -60.0 0.23316507975861744 0
0000 0004 1710483549717 9.75 -55.5 1.945087639038993 0
0000 0014 1710483549717 9.75 -63.0 3.3011266555298997 0
0000 0002 1710483549717 221.3125 -71.5 0.44178646691106466 0
0000 0012 1710483549717 -7.3125 -54.5 1.227184630308513 0
0000 0000 1710483549718 -6.5 -57.5 6.277049384028044 0
0000 0011 1710483549718 -16.25 -61.5 4.743068596142402 0
0000 0008 1710483549718 3.25 -52.5 3.7429131224409646 0
0000 0014 1710483549719 -29.25 -63.0 3.356349963893783 0
0000 0004 1710483549719 19.5 -55.5 1.9205439464328227 0
0000 0002 1710483549719 -9.75 -72.5 0.8406214717613314 0
0000 0009 1710483549720 7.3125 -57.5 5.9088939949354895 0
0000 0001 1710483549720 74.8125 -69.0 0.9142525495798421 0
0000 0010 1710483549721 19.5 -59.0 5.921165841238575 0
0000 0006 1710483549721 32.5 -65.5 0.760854470791278 0
0000 0015 1710483549722 -9.75 -61.0 1.1903690913992575 0
0000 0003 1710483549722 -65.875 -71.0 4.301282129231338 0
0000 0005 1710483549722 -39.0 -59.5 5.3198453723874035 0
0000 0007 1710483549723 -3.25 -60.5 0.23930100291016002 0
0000 0010 1710483549930 9.75 -59.0 5.945709533844745 0
0000 0000 1710483549930 3.25 -57.5 6.240233845118788 0
0000 0007 1710483549930 -13.0 -60.5 0.2270291566070749 0
0000 0005 1710483549930 -3.25 -59.5 5.240078371417351 0
0000 0003 1710483549931 -192.0 -71.0 4.503767593232243 0
0000 0014 1710483549931 3.25 -63.0 3.313398501832985 0
0000 0008 1710483549931 6.5 -53.0 3.718369429834794 0
0000 0004 1710483549932 19.5 -55.5 1.932815792735908 0
0000 0006 1710483549932 42.3125 -65.5 0.7853981633974483 0
0000 0011 1710483549932 19.5 -61.0 4.700117134081604 0
0000 0009 1710483549932 -10.5625 -57.0 5.976389149602458 0
0000 0012 1710483549933 3.25 -54.5 1.227184630308513 0
0000 0015 1710483549933 -6.5 -61.0 1.2026409377023426 0
0000 0001 1710483549934 -29.25 -69.0 1.1167380135807468 0
0000 0002 1710483549934 130.1875 -72.0 0.6320000846088841 0
0000 0009 1710483549935 -7.3125 -58.0 5.9518454569962875 0
0000 0004 1710483549935 13.0 -55.5 1.9634954084936207 0
0000 0010 1710483549935 -9.75 -59.0 5.902758071783947 0
0000 0007 1710483549935 6.5 -60.0 0.19634954084936207 0
0000 0008 1710483549936 3.25 -53.0 3.6815538909255388 0
0000 0005 1710483549936 6.5 -59.5 5.197126909356553 0
0000 0000 1710483549936 -13.0 -57.5 0.0 0
0000 0012 1710483549937 -3.25 -54.5 1.214912784005428 0
0000 0015 1710483549937 13.0 -61.0 1.1596894756415448 0
0000 0002 1710483549937 61.8125 -70.5 0.7363107781851077 0
0000 0011 1710483549938 -35.75 -61.0 4.816699673960914 0
0000 0014 1710483549938 -61.8125 -63.0 3.356349963893783 0
0000 0003 1710483549938 -162.75 -70.5 4.405592822807561 0
0000 0006 1710483549938 26.0 -66.0 0.7363107781851077 0
0000 0001 1710483549939 -97.625 -68.5 1.0737865515199487 0
0000 0008 1710483550145 13.0 -53.0 3.6754179677739964 0
0000 0015 1710483550145 -39.0 -60.5 1.2701360923693108 0
0000 0006 1710483550145 -42.3125 -65.5 0.9265243958829272 0
0000 0014 1710483550145 74.8125 -62.5 3.160000423044421 0
0000 0009 1710483550146 0.0 -58.0 5.939573610693203 0
0000 0000 1710483550146 -9.75 -57.5 6.270913460876501 0
0000 0003 1710483550146 -162.75 -69.5 4.442408361716817 0
0000 0005 1710483550147 -45.5625 -59.0 5.2768939103266055 0
0000 0012 1710483550147 27.625 -54.5 1.214912784005428 0
0000 0004 1710483550147 3.25 -55.5 1.9941750242513334 0
0000 0010 1710483550147 -22.75 -59.0 5.994796919057086 0
0000 0007 1710483550148 -13.0 -60.5 0.2638446955163303 0
0000 0011 1710483550148 35.75 -61.5 4.700117134081604 0
0000 0002 1710483550148 -52.0625 -73.0 0.9019807032767571 0
0000 0001 1710483550149 26.0 -69.0 1.0615147052168636 0
0000 0011 1710483550149 13.0 -61.0 4.706253057233147 0
0000 0005 1710483550149 -26.0 -59.5 5.252350217720435 0
0000 0003 1710483550149 -104.125 -71.5 4.313553975534423 0
0000 0010 1710483550150 -19.5 -59.0 5.945709533844745 0
0000 0004 1710483550150 0.0 -56.0 2.0064468705544187 0
0000 0007 1710483550150 0.0 -60.5 0.2270291566070749 0
0000 0008 1710483550151 -22.75 -53.5 3.6999616603801666 0
0000 0000 1710483550151 -19.5 -57.5 0.0 0
0000 0009 1710483550151 -30.875 -58.0 5.994796919057086 0
0000 0012 1710483550151 24.375 -54.5 1.1903690913992575 0
0000 0015 1710483550152 3.25 -60.5 1.1719613219446299 0
0000 0014 1710483550152 42.3125 -63.0 3.2520392703175593 0
0000 0001 1710483550152 35.75 -69.0 0.944932165337555 0
0000 0002 1710483550153 16.25 -70.0 0.7363107781851077 0
0000 0006 1710483550153 74.8125 -66.0 0.7853981633974483 0
0000 0006 1710483550266 0.0 -66.0 0.8467573949128739 0
0000 0014 1710483550266 -3.25 -63.5 3.3195344249845276 0
0000 0001 1710483550266 3.25 -69.0 1.000155473701438 0
0000 0011 1710483550267 -29.25 -61.5 4.792155981354743 0
0000 0009 1710483550268 -27.625 -58.0 5.982525072754001 0
0000 0015 1710483550268 45.5625 -60.5 1.1351457830353744 0
0000 0000 1710483550268 -16.25 -57.5 6.264777537724958 0
0000 0002 1710483550269 -84.625 -72.0 1.0062913968529805 0
0000 0003 1710483550269 -123.6875 -70.5 4.338097668140593 0
0000 0005 1710483550269 0.0 -59.0 5.240078371417351 0
0000 0010 1710483550269 58.5625 -59.0 5.829126993965437 0
0000 0008 1710483550270 -3.25 -53.5 3.6876898140770815 0
0000 0012 1710483550270 -13.8125 -54.5 1.2578642460662257 0
0000 0004 1710483550270 -16.25 -55.5 2.018718716857504 0
0000 0007 1710483550271 0.0 -60.5 0.25770877236478773 0
0000 0006 1710483550492 45.5625 -65.5 0.7669903939428205 0
0000 0000 1710483550492 3.25 -57.5 6.264777537724958 0
0000 0015 1710483550492 -9.75 -60.5 1.214912784005428 0
0000 0008 1710483550492 -6.5 -53.5 3.6754179677739964 0
0000 0001 1710483550493 42.3125 -68.5 1.000155473701438 0
0000 0012 1710483550493 17.0625 -54.5 1.184233168247715 0
0000 0004 1710483550493 16.25 -55.5 1.9819031779482483 0
0000 0007 1710483550493 42.3125 -60.0 0.18407769454627693 0
0000 0009 1710483550494 -21.125 -58.0 5.988660995905543 0
0000 0005 1710483550494 16.25 -59.5 5.21553467881118 0
0000 0010 1710483550494 -3.25 -59.0 5.93343768754166 0
0000 0011 1710483550495 19.5 -61.5 4.743068596142402 0
0000 0014 1710483550495 68.3125 -63.5 3.227495577711389 0
0000 0003 1710483550495 13.0 -71.0 4.448544284868359 0
0000 0002 1710483550495 45.5625 -72.0 0.944932165337555 0
0000 0007 1710483550496 -39.0 -60.5 0.25770877236478773 0
0000 0001 1710483550496 16.25 -69.5 1.1474176293384597 0
0000 0010 1710483550496 -9.75 -59.0 5.921165841238575 0
0000 0009 1710483550497 10.5625 -58.0 5.93343768754166 0
0000 0004 1710483550497 13.0 -56.0 2.0064468705544187 0
0000 0008 1710483550497 -3.25 -53.5 3.7122335066832517 0
0000 0015 1710483550497 16.25 -61.0 1.1596894756415448 0
0000 0011 1710483550498 -32.5 -61.5 4.76147636559703 0
0000 0005 1710483550498 -13.0 -59.5 5.258486140871978 0
0000 0012 1710483550499 10.5625 -54.5 1.1903690913992575 0
0000 0002 1710483550499 -26.0 -72.0 0.8713010875190442 0
0000 0000 1710483550499 26.0 -57.5 6.234097921967246 0
0000 0014 1710483550500 32.5 -63.0 3.2827188860752723 0
0000 0006 1710483550500 -107.375 -66.5 0.9633399347921826 0
0000 0003 1710483550500 68.3125 -71.5 4.025165587411922 0
0000 0003 1710483550710 61.8125 -70.5 4.190835512503572 0
0000 0004 1710483550710 3.25 -56.0 2.024854640009046 0
0000 0008 1710483550710 13.0 -53.5 3.706097583531709 0
0000 0005 1710483550711 38.1875 -59.0 5.197126909356553 0
0000 0015 1710483550711 39.0 -60.5 1.1228739367322893 0
0000 0007 1710483550711 -22.75 -60.5 0.23930100291016002 0
0000 0012 1710483550711 38.1875 -54.5 1.1719613219446299 0
0000 0006 1710483550712 32.5 -66.0 0.7669903939428205 0
0000 0000 1710483550712 0.0 -57.0 0.018407769454627694 0
0000 0014 1710483550712 -22.75 -62.5 3.3624858870453256 0
0000 0010 1710483550713 13.0 -59.0 5.970253226450915 0
0000 0001 1710483550713 13.0 -69.5 1.0492428589137786 0
0000 0011 1710483550713 -32.5 -61.5 4.804427827657828 0
0000 0009 1710483550713 21.125 -57.5 5.921165841238575 0
0000 0002 1710483550714 -16.25 -71.5 0.9081166264282996 0
0000 0011 1710483550714 19.5 -61.0 4.681709364626977 0
0000 0010 1710483550714 6.5 -59.0 5.93343768754166 0
0000 0002 1710483550715 32.5 -71.0 0.9081166264282996 0
0000 0001 1710483550715 -35.75 -68.5 1.1596894756415448 0
0000 0008 1710483550715 -22.75 -53.0 3.792000507653305 0
0000 0015 1710483550715 -6.5 -60.5 1.184233168247715 0
0000 0009 1710483550716 30.875 -57.5 5.915029918087033 0
0000 0004 1710483550716 26.0 -55.5 2.000310947402876 0
0000 0012 1710483550716 17.0625 -54.5 1.2087768608538851 0
0000 0000 1710483550717 -55.3125 -57.0 0.09203884727313846 0
0000 0007 1710483550717 -26.0 -60.5 0.2454369260617026 0
0000 0014 1710483550717 -26.0 -63.0 3.313398501832985 0
0000 0005 1710483550717 -26.0 -59.5 5.2768939103266055 0
0000 0003 1710483550718 -6.5 -70.5 4.3074180523828804 0
0000 0006 1710483550718 81.375 -66.5 0.7547185476397354 0
0000 0011 1710483550926 26.0 -61.0 4.669437518323892 0
0000 0003 1710483550927 -58.5625 -71.5 4.3503695144436785 0
0000 0004 1710483550927 9.75 -56.0 2.000310947402876 0
0000 0005 1710483550927 -9.75 -59.0 5.264622064023521 0
0000 0010 1710483550928 9.75 -59.0 5.970253226450915 0
0000 0008 1710483550928 9.75 -53.0 3.773592738198677 0
0000 0001 1710483550928 143.1875 -69.5 0.8467573949128739 0
0000 0006 1710483550928 26.0 -66.0 0.8283496254582462 0
0000 0015 1710483550929 13.0 -61.0 1.1228739367322893 0
0000 0007 1710483550929 32.5 -60.0 0.1595340019401067 0
0000 0000 1710483550929 -32.5 -57.5 0.07976700097005335 0
0000 0012 1710483550930 -3.25 -54.5 1.227184630308513 0
0000 0009 1710483550930 -10.5625 -57.5 5.939573610693203 0
0000 0014 1710483550930 -6.5 -63.0 3.32567034813607 0
0000 0002 1710483550930 -32.5 -72.0 0.9878836273983529 0
0000 0010 1710483550931 16.25 -58.5 5.939573610693203 0
0000 0014 1710483550932 -6.5 -63.0 3.32567034813607 0
0000 0012 1710483550932 21.125 -54.5 1.2026409377023426 0
0000 0011 1710483550932 35.75 -61.0 4.706253057233147 0
0000 0008 1710483550932 -16.25 -53.0 3.80427235395639 0
0000 0003 1710483550933 107.375 -71.5 4.1417481272912315 0
0000 0007 1710483550933 9.75 -60.0 0.20248546400090464 0
0000 0000 1710483550933 16.25 -57.5 0.01227184630308513 0
0000 0004 1710483550934 -9.75 -55.5 2.0371264863121317 0
0000 0002 1710483550934 -13.0 -72.0 0.9572040116406401 0
0000 0009 1710483550934 21.125 -57.5 5.915029918087033 0
0000 0005 1710483550934 27.625 -59.5 5.227806525114265 0
0000 0015 1710483550935 0.0 -61.0 1.1780972450961724 0
0000 0006 1710483550935 32.5 -66.0 0.7731263170943632 0
0000 0001 1710483550935 -94.375 -68.5 1.1903690913992575 0
0000 0012 1710483551148 24.375 -54.5 1.2087768608538851 0
0000 0007 1710483551148 -13.0 -60.0 0.2761165418194154 0
0000 0003 1710483551149 100.875 -72.0 4.362641360746763 0
0000 0006 1710483551149 3.25 -66.0 0.8222137023067037 0
0000 0014 1710483551149 32.5 -63.0 3.2581751934691017 0
0000 0004 1710483551150 6.5 -55.5 1.9941750242513334 0
0000 0000 1710483551150 3.25 -57.0 0.03681553890925539 0
0000 0001 1710483551150 45.5625 -69.0 1.0983302441261191 0
0000 0010 1710483551150 22.75 -59.0 5.964117303299373 0
0000 0008 1710483551151 3.25 -53.0 3.792000507653305 0
0000 0005 1710483551151 19.5 -59.5 5.246214294568893 0
0000 0011 1710483551151 74.8125 -61.5 4.626486056263094 0
0000 0009 1710483551152 -7.3125 -57.5 5.945709533844745 0
0000 0015 1710483551152 13.0 -61.0 1.1658253987930873 0
0000 0002 1710483551152 39.0 -73.0 0.9326603190344698 0
0000 0008 1710483551152 -6.5 -52.5 3.7981364308048478 0
0000 0010 1710483551153 -42.3125 -58.5 6.043884304269426 0
0000 0000 1710483551153 -3.25 -57.0 0.04295146206079795 0
0000 0006 1710483551153 78.0625 -65.5 0.7363107781851077 0
0000 0011 1710483551153 16.25 -61.5 4.675573441475434 0
0000 0015 1710483551154 22.75 -61.0 1.1228739367322893 0
0000 0005 1710483551154 -3.25 -59.5 5.301437602932776 0
0000 0001 1710483551154 16.25 -69.0 0.9817477042468103 0
0000 0009 1710483551155 10.5625 -57.5 5.927301764390117 0
0000 0012 1710483551155 17.0625 -54.5 1.184233168247715 0
0000 0004 1710483551155 26.0 -56.0 1.9696313316451632 0
0000 0007 1710483551155 16.25 -60.0 0.20248546400090464 0
0000 0003 1710483551156 -97.625 -70.0 4.4362724385652745 0
0000 0014 1710483551156 19.5 -63.0 3.2827188860752723 0
0000 0002 1710483551156 149.6875 -72.0 0.607456392002714 0
0000 0012 1710483551266 41.5 -54.5 1.1658253987930873 0
0000 0011 1710483551266 35.75 -61.0 4.663301595172349 0
0000 0006 1710483551267 -3.25 -65.0 0.8283496254582462 0
0000 0004 1710483551267 0.0 -55.5 2.043262409463674 0
0000 0001 1710483551267 0.0 -70.0 1.055378782065321 0
0000 0014 1710483551267 -13.0 -62.5 3.3318062712876126 0
0000 0003 1710483551268 -244.125 -71.0 4.749204519293945 0
0000 0015 1710483551268 22.75 -60.5 1.1535535524900022 0
0000 0007 1710483551268 32.5 -60.0 0.1718058482431918 0
0000 0000 1710483551269 3.25 -57.0 0.02454369260617026 0
0000 0008 1710483551269 -9.75 -52.0 3.816544200259475 0
0000 0009 1710483551269 -10.5625 -57.5 5.927301764390117 0
0000 0005 1710483551269 29.25 -59.5 5.246214294568893 0
0000 0010 1710483551270 9.75 -58.5 5.982525072754001 0
0000 0002 1710483551270 104.125 -72.0 0.760854470791278 0
0000 0002 1710483551481 35.75 -71.5 0.7915340865489908 0
0000 0011 1710483551482 0.0 -61.0 4.7307967498393175 0
0000 0008 1710483551482 -16.25 -52.5 3.816544200259475 0
0000 0005 1710483551482 -19.5 -59.5 5.332117218690489 0
0000 0004 1710483551482 -19.5 -56.0 2.0493983326152168 0
0000 0001 1710483551483 32.5 -69.5 1.0246991663076084 0
0000 0007 1710483551483 -22.75 -60.0 0.25770877236478773 0
0000 0000 1710483551483 -21.125 -57.0 0.07976700097005335 0
0000 0006 1710483551484 81.375 -66.0 0.8222137023067037 0
0000 0009 1710483551484 7.3125 -57.5 5.902758071783947 0
0000 0015 1710483551484 -35.75 -61.0 1.239456476611598 0
0000 0014 1710483551484 -9.75 -63.0 3.3440781175906977 0
0000 0012 1710483551485 10.5625 -54.5 1.2210487071569704 0
0000 0010 1710483551485 -9.75 -59.0 6.000932842208628 0
0000 0003 1710483551485 -71.5625 -71.0 4.466952054322987 0
0000 0015 1710483551486 9.75 -60.5 1.1719613219446299 0
0000 0009 1710483551486 -21.125 -57.5 5.957981380147831 0
0000 0010 1710483551494 -9.75 -59.0 5.970253226450915 0
0000 0008 1710483551494 -6.5 -52.0 3.810408277107933 0
0000 0000 1710483551494 6.5 -57.0 0.03681553890925539 0
0000 0004 1710483551495 9.75 -56.0 2.012582793705961 0
0000 0011 1710483551495 -19.5 -61.0 4.81056375080937 0
0000 0014 1710483551495 -9.75 -63.0 3.3502140407422405 0
0000 0005 1710483551496 -39.0 -59.5 5.3198453723874035 0
0000 0012 1710483551496 0.0 -54.5 1.2455923997631406 0
0000 0006 1710483551496 6.5 -66.0 0.9019807032767571 0
0000 0007 1710483551496 16.25 -60.5 0.21475731030398976 0
0000 0001 1710483551497 -117.125 -68.5 1.2701360923693108 0
0000 0003 1710483551497 61.8125 -69.0 4.172427743048944 0
0000 0002 1710483551497 55.3125 -72.0 0.6810874698212247 0
