0001 0008 1710927371095 130.1875 -68.5 0.619728238305799 3
0001 0005 1710927371095 -19.5 -55.0 4.3933209765044765 3
0001 0012 1710927371095 22.75 -56.5 5.853670686571607 3
0001 0004 1710927371096 35.75 -64.0 5.964117303299373 3
0001 0007 1710927371096 3.25 -59.0 4.626486056263094 3
0001 0006 1710927371097 123.6875 -70.0 4.693981210930062 3
0001 0013 1710927371097 87.875 -66.0 5.227806525114265 3
0001 0000 1710927371097 7.3125 -69.5 5.141903600992669 3
0001 0014 1710927371098 -3.0 -73.0 0.8835729338221293 3
0001 0000 1710927371344 -81.375 -69.0 5.350524988145116 3
0001 0007 1710927371345 9.75 -58.5 4.651029748869264 3
0001 0012 1710927371345 -42.3125 -56.5 5.9518454569962875 3
0001 0004 1710927371345 45.5625 -63.5 5.841398840268521 3
0001 0008 1710927371346 113.875 -67.5 0.6933593161243098 3
0001 0013 1710927371346 -48.8125 -66.5 5.381204603902829 3
0001 0005 1710927371347 0.0 -55.0 4.362641360746763 3
0001 0006 1710927371347 -100.875 -70.0 5.00077736850719 3
0001 0014 1710927371347 5.4375 -73.0 0.7853981633974483 3
0001 0005 1710927371595 45.5625 -55.0 4.28287435977671 3
0001 0012 1710927371595 -6.5 -56.5 5.9088939949354895 3
0001 0004 1710927371595 13.0 -63.0 5.9088939949354895 3
0001 0006 1710927371596 -139.9375 -71.0 4.884194828627882 3
0001 0007 1710927371596 -22.75 -58.5 4.693981210930062 3
0001 0013 1710927371596 -3.25 -67.0 5.375068680751287 3
0001 0008 1710927371596 19.5 -68.0 0.8651651643675016 3
0001 0000 1710927371597 13.0 -69.5 5.270757987175063 3
0001 0014 1710927371597 -0.5625 -73.0 0.8835729338221293 3
0001 0004 1710927371767 52.0625 -64.0 5.822991070813893 3
0001 0006 1710927371767 -32.5 -69.5 4.8351074434155406 3
0001 0007 1710927371767 16.25 -58.0 4.614214209960009 3
0001 0000 1710927371768 -120.4375 -70.0 5.313709449235861 3
0001 0013 1710927371768 68.3125 -66.5 5.178719139901925 3
0001 0005 1710927371768 -29.25 -55.0 4.368777283898306 3
0001 0012 1710927371769 -22.75 -56.5 5.945709533844745 3
0001 0008 1710927371769 22.75 -68.0 0.8160777791551611 3
0001 0014 1710927371769 1.8125 -73.0 0.8713010875190442 3
0001 0007 1710927371770 13.0 -58.5 4.657165672020807 3
0001 0004 1710927371770 16.25 -63.5 5.902758071783947 3
0001 0012 1710927371770 -22.75 -56.5 5.945709533844745 3
0001 0005 1710927371771 -6.5 -55.0 4.356505437595221 3
0001 0006 1710927371771 -45.5625 -70.0 4.749204519293945 3
0001 0008 1710927371772 19.5 -67.5 0.7301748550335652 3
0001 0013 1710927371772 -3.25 -66.0 5.381204603902829 3
0001 0000 1710927371772 -90.3125 -69.5 5.2339424482658075 3
0001 0014 1710927371844 0.0 -72.5 0.8835729338221293 3
0001 0013 1710927372095 -55.3125 -66.5 5.387340527054372 3
0001 0005 1710927372095 -9.75 -55.0 4.356505437595221 3
0001 0004 1710927372096 29.25 -63.5 5.921165841238575 3
0001 0012 1710927372096 6.5 -56.5 5.884350302329319 3
0001 0008 1710927372096 9.75 -68.0 0.7424467013366504 3
0001 0000 1710927372097 107.375 -69.5 4.963961829597935 3
0001 0006 1710927372097 -29.25 -70.5 4.669437518323892 3
0001 0007 1710927372097 3.25 -58.0 4.669437518323892 3
0001 0014 1710927372098 1.1875 -72.5 0.7976700097005334 3
0001 0012 1710927372344 9.75 -57.0 5.878214379177777 3
0001 0007 1710927372345 9.75 -58.5 4.651029748869264 3
0001 0004 1710927372345 -74.8125 -63.0 6.025476534814799 3
0001 0005 1710927372345 -17.0625 -55.0 4.381049130201391 3
0001 0006 1710927372345 -156.1875 -71.0 4.957825906446392 3
0001 0008 1710927372346 65.0625 -67.0 0.7485826244881929 3
0001 0013 1710927372346 3.25 -67.0 5.368932757599744 3
0001 0000 1710927372346 -19.5 -69.5 5.289165756629691 3
0001 0014 1710927372347 -1.1875 -72.5 0.8528933180644165 3
0001 0015 1710927372531 -3.5625 -72.5 1.8039614065535141 3
0001 0004 1710927372532 26.0 -63.0 5.853670686571607 3
0001 0006 1710927372532 58.5625 -70.0 4.626486056263094 3
0001 0007 1710927372532 -19.5 -58.5 4.755340442445488 3
0001 0000 1710927372533 55.3125 -71.5 5.338253141842031 3
0001 0013 1710927372533 -81.375 -67.0 5.436427912266712 3
0001 0005 1710927372533 7.3125 -55.0 4.362641360746763 3
0001 0012 1710927372533 3.25 -57.0 5.921165841238575 3
0001 0008 1710927372534 -22.75 -66.0 1.000155473701438 3
0001 0015 1710927372534 -3.625 -71.0 1.7794177139473437 3
0001 0014 1710927372534 -10.375 -73.5 0.9387962421860124 3
0001 0005 1710927372535 -29.25 -57.0 4.773748211900116 3
0001 0012 1710927372536 -29.25 -58.0 5.9518454569962875 3
0001 0008 1710927372536 13.0 -59.0 1.8162332528565992 3
0001 0006 1710927372537 -6.5 -72.0 5.283029833478148 3
0001 0004 1710927372537 39.0 -60.5 0.15339807878856412 3
0001 0007 1710927372537 -6.5 -58.5 5.080544369477243 3
0001 0013 1710927372538 -29.25 -65.5 5.098952138931871 3
0001 0015 1710927372538 -78.0625 -67.0 5.301437602932776 3
0001 0000 1710927372538 -29.25 -66.5 0.607456392002714 3
0001 0003 1710927372594 -0.875 -78.5 6.2463697682703305 3
0001 0014 1710927372594 1.5 -74.5 0.8222137023067037 3
0001 0007 1710927372785 126.9375 -65.5 1.761009944492716 3
0001 0013 1710927372785 -9.75 -69.0 5.356660911296659 3
0001 0005 1710927372785 35.75 -62.0 2.509592568980909 3
0001 0012 1710927372786 29.25 -62.0 6.234097921967246 3
0001 0015 1710927372786 -19.5 -65.5 5.589825991055276 3
0001 0004 1710927372786 29.25 -65.0 2.030990563160589 3
0001 0008 1710927372787 -9.75 -59.5 2.2027964114037806 3
0001 0014 1710927372787 -123.6875 -68.5 4.620350133111551 3
0001 0000 1710927372787 -7.3125 -66.5 2.7979809571034093 3
0001 0006 1710927372788 0.875 -74.0 2.5341362615870793 3
0001 0003 1710927372788 17.375 -77.0 0.7363107781851077 3
0001 0007 1710927372788 48.8125 -61.5 4.908738521234052 3
0001 0009 1710927372789 21.125 -64.5 0.04295146206079795 3
0001 0008 1710927372790 3.25 -59.0 1.736466251886546 3
0001 0000 1710927372790 -13.8125 -60.5 5.982525072754001 3
0001 0015 1710927372790 -9.75 -62.5 6.050020227420969 3
0001 0004 1710927372790 3.25 -59.0 5.6143696836614465 3
0001 0006 1710927372791 81.375 -70.0 1.2762720155208536 3
0001 0014 1710927372791 0.0 -64.5 5.295301679781233 3
0001 0010 1710927372791 6.5 -71.5 1.576932249946439 3
0001 0003 1710927372792 -39.0 -71.0 5.387340527054372 3
0001 0005 1710927372792 -100.875 -60.5 4.816699673960914 3
0001 0011 1710927372934 0.8125 -73.0 1.214912784005428 3
0001 0012 1710927372935 2.4375 -69.5 1.8653206380689396 3
0001 0013 1710927372935 0.0 -74.0 5.632777453116074 3
0001 0002 1710927372935 -0.4375 -77.0 4.252194744018997 3
0001 0005 1710927372936 -16.25 -58.5 3.3195344249845276 3
0001 0014 1710927372936 -13.0 -61.0 5.939573610693203 3
0001 0010 1710927372936 -16.25 -59.5 5.706408530934585 3
0001 0009 1710927372936 41.5 -64.0 0.944932165337555 3
0001 0012 1710927372937 22.75 -62.5 5.166447293598839 3
0001 0015 1710927372937 -9.75 -61.0 6.277049384028044 3
0001 0004 1710927372937 -3.25 -63.0 4.601942363656923 3
0001 0000 1710927372938 -61.8125 -62.0 4.000621894805752 3
0001 0007 1710927372938 -32.5 -58.0 3.9208548938356986 3
0001 0008 1710927372938 0.0 -54.5 0.28838838812250056 3
0001 0013 1710927372939 19.5 -68.5 2.350058567040802 3
0001 0003 1710927372939 -9.75 -72.0 2.521864415283994 3
0001 0006 1710927373069 0.0 -73.5 0.5951845456996288 3
0001 0002 1710927373069 1.1875 -77.5 4.921010367537137 3
0001 0011 1710927373070 3.5625 -69.5 1.3008157081270237 3
0001 0011 1710927373070 -71.5625 -67.0 4.841243366567084 3
0001 0010 1710927373070 -26.0 -56.5 1.6382914814618648 3
0001 0007 1710927373071 -61.8125 -59.5 2.1230294104337273 3
0001 0013 1710927373071 22.75 -63.0 0.859029241215959 3
0001 0004 1710927373071 29.25 -69.0 1.1719613219446299 3
0001 0009 1710927373071 17.0625 -54.0 5.915029918087033 3
0001 0014 1710927373072 13.0 -58.0 5.841398840268521 3
0001 0005 1710927373072 13.0 -54.0 0.3620194659410113 3
0001 0000 1710927373072 -74.8125 -65.0 5.810719224510809 3
0001 0012 1710927373073 -32.5 -51.5 3.8533597391687304 3
0001 0015 1710927373073 -6.5 -60.0 0.44178646691106466 3
0001 0008 1710927373073 13.0 -53.5 3.7122335066832517 3
0001 0003 1710927373074 -175.75 -72.0 4.798291904506286 3
0001 0002 1710927373326 3.625 -75.5 1.4419419406125027 3
0001 0013 1710927373326 -107.375 -70.5 5.283029833478148 3
0001 0005 1710927373327 26.0 -60.0 0.0 3
0001 0008 1710927373327 -19.5 -51.5 4.608078286808466 3
0001 0011 1710927373327 35.75 -58.5 0.4049709280018093 3
0001 0000 1710927373328 -24.375 -61.5 5.681864838328415 3
0001 0012 1710927373328 6.5 -49.5 2.9268353432858034 3
0001 0009 1710927373328 0.0 -52.5 0.23316507975861744 3
0001 0004 1710927373329 6.5 -63.5 2.1353012567368124 3
0001 0010 1710927373329 16.25 -63.5 3.761320891895592 3
0001 0007 1710927373329 22.75 -60.0 2.1659808724945253 3
0001 0014 1710927373329 -3.25 -61.0 5.534602682691394 3
0001 0015 1710927373330 -6.5 -63.0 0.5276893910326605 3
0001 0002 1710927373330 195.25 -73.5 0.9694758579437253 3
0001 0011 1710927373330 6.5 -56.0 0.705631162427395 3
0001 0004 1710927373331 -74.8125 -63.0 1.9205439464328227 3
0001 0007 1710927373331 -32.5 -59.0 1.7119225592803755 3
0001 0012 1710927373332 -3.25 -52.5 2.356194490192345 3
0001 0005 1710927373332 3.25 -57.5 5.019185137961818 3
0001 0008 1710927373332 -16.25 -57.0 3.902447124381071 3
0001 0010 1710927373332 -19.5 -64.5 3.32567034813607 3
0001 0014 1710927373333 -22.75 -61.5 4.558990901596125 3
0001 0009 1710927373333 -24.375 -53.5 0.3313398501832985 3
0001 0002 1710927373333 -117.125 -72.5 0.5154175447295755 3
0001 0015 1710927373334 -3.25 -62.5 0.0859029241215959 3
0001 0000 1710927373334 -17.0625 -63.0 4.663301595172349 3
0001 0013 1710927373565 8.5 -74.5 0.44178646691106466 3
0001 0014 1710927373566 -26.0 -61.0 4.994641445355648 3
0001 0010 1710927373566 -42.3125 -64.0 3.6876898140770815 3
0001 0005 1710927373567 -48.8125 -58.0 4.945554060143307 3
0001 0004 1710927373567 35.75 -61.5 1.8285050991596843 3
0001 0013 1710927373568 -214.8125 -71.0 4.71238898038469 3
0001 0008 1710927373568 -9.75 -55.5 3.80427235395639 3
0001 0011 1710927373568 -26.0 -57.5 0.5522330836388308 3
0001 0000 1710927373569 13.0 -61.5 4.583534594202296 3
0001 0015 1710927373569 -6.5 -64.0 0.48473792897186263 3
0001 0007 1710927373569 19.5 -60.0 2.141437179888355 3
0001 0012 1710927373570 22.75 -52.5 2.9022916506796332 3
0001 0009 1710927373570 -30.875 -54.0 0.23316507975861744 3
0001 0002 1710927373570 55.3125 -72.5 6.025476534814799 3
0001 0004 1710927373570 -32.5 -62.5 1.705786636128833 3
0001 0014 1710927373571 -9.75 -61.5 4.847379289718626 3
0001 0009 1710927373571 -3.25 -55.0 0.1718058482431918 3
0001 0005 1710927373572 -13.0 -58.5 5.184855063053467 3
0001 0011 1710927373572 -3.25 -57.0 0.47860200582032003 3
0001 0000 1710927373572 -22.75 -62.0 4.270602513473625 3
0001 0002 1710927373572 172.5 -73.5 5.307573526084319 3
0001 0012 1710927373573 16.25 -53.5 2.9575149590435164 3
0001 0010 1710927373573 42.3125 -63.5 3.6815538909255388 3
0001 0008 1710927373573 3.25 -57.0 3.3870295796514958 3
0001 0007 1710927373574 22.75 -60.5 2.466641106920111 3
0001 0015 1710927373574 -26.0 -63.5 0.4540583132141498 3
0001 0013 1710927373574 -55.3125 -73.0 4.166291819897402 3
0001 0002 1710927373795 -13.0 -73.5 5.540738605842936 3
0001 0014 1710927373796 16.25 -61.5 4.7307967498393175 3
0001 0009 1710927373796 -13.8125 -55.0 0.17794177139473438 3
0001 0008 1710927373796 -16.25 -57.0 3.4054373491061236 3
0001 0004 1710927373797 -9.75 -62.0 1.5278448647340985 3
0001 0015 1710927373797 19.5 -63.0 0.3865631585471816 3
0001 0011 1710927373797 -9.75 -56.5 0.5645049299419159 3
0001 0012 1710927373798 0.0 -52.5 2.8716120349219203 3
0001 0007 1710927373798 32.5 -61.0 2.6998061866787286 3
0001 0005 1710927373798 -13.0 -59.5 5.258486140871978 3
0001 0013 1710927373798 208.3125 -72.5 4.1601558967458585 3
0001 0010 1710927373799 -42.3125 -64.0 3.724505352986337 3
0001 0000 1710927373799 -10.5625 -61.5 4.2031073588066565 3
0001 0009 1710927373799 -45.5625 -55.5 0.19634954084936207 3
0001 0014 1710927373800 -16.25 -61.5 4.822835597112456 3
0001 0002 1710927373800 84.625 -72.0 5.246214294568893 3
0001 0012 1710927373800 -16.25 -53.5 3.0066023442558567 3
0001 0005 1710927373801 -13.0 -59.0 5.540738605842936 3
0001 0010 1710927373801 -68.3125 -64.5 3.785864584501762 3
0001 0011 1710927373801 6.5 -58.0 0.705631162427395 3
0001 0007 1710927373802 29.25 -60.5 2.9575149590435164 3
0001 0004 1710927373802 3.25 -62.5 1.4173982480063325 3
0001 0008 1710927373802 -19.5 -57.5 3.393165502803038 3
0001 0000 1710927373803 30.875 -62.0 4.123340357836604 3
0001 0015 1710927373803 6.5 -63.0 0.380427235395639 3
0001 0013 1710927373803 -143.1875 -72.5 4.908738521234052 3
0001 0005 1710927374033 -13.0 -59.0 5.540738605842936 3
0001 0012 1710927374033 0.0 -53.0 2.9145634969827183 3
0001 0010 1710927374033 -3.25 -65.5 3.6386024288647407 3
0001 0009 1710927374033 -27.625 -55.5 0.12885438618239387 3
0001 0000 1710927374034 -29.25 -62.0 4.172427743048944 3
0001 0007 1710927374034 42.3125 -60.5 3.0372819600135696 3
0001 0013 1710927374034 97.625 -71.0 4.460816131171445 3
0001 0008 1710927374035 -26.0 -57.5 3.2888548092268146 3
0001 0015 1710927374035 0.0 -62.5 0.39269908169872414 3
0001 0014 1710927374035 35.75 -61.0 4.700117134081604 3
0001 0004 1710927374036 3.25 -62.5 1.3008157081270237 3
0001 0011 1710927374036 -6.5 -58.5 0.803805932852076 3
0001 0002 1710927374036 3.25 -72.0 5.092816215780329 3
0001 0011 1710927374037 -26.0 -57.5 0.8406214717613314 3
0001 0004 1710927374037 0.0 -63.0 1.3069516312785663 3
0001 0000 1710927374037 -21.125 -62.0 4.123340357836604 3
0001 0008 1710927374038 -32.5 -57.5 3.2213596545598464 3
0001 0015 1710927374038 29.25 -63.0 0.37429131224409645 3
0001 0012 1710927374038 10.5625 -53.0 2.9145634969827183 3
0001 0014 1710927374038 45.5625 -61.0 4.651029748869264 3
0001 0010 1710927374039 -45.5625 -65.0 3.6447383520162835 3
0001 0005 1710927374039 6.5 -59.0 5.350524988145116 3
0001 0009 1710927374039 27.625 -55.5 0.02454369260617026 3
0001 0002 1710927374040 35.75 -73.5 5.037592907416445 3
0001 0007 1710927374040 -9.75 -60.5 2.9513790358919736 3
0001 0013 1710927374040 6.5 -70.5 4.503767593232243 3
0001 0000 1710927374267 7.3125 -61.5 4.061981126321178 3
0001 0008 1710927374267 13.0 -57.5 3.1231848841351653 3
0001 0009 1710927374268 10.5625 -55.5 0.02454369260617026 3
0001 0007 1710927374268 9.75 -61.0 2.8838838812250054 3
0001 0012 1710927374268 9.75 -53.0 2.890019804376548 3
0001 0010 1710927374269 -35.75 -64.5 3.6263305825616556 3
0001 0015 1710927374269 -9.75 -63.0 0.4049709280018093 3
0001 0011 1710927374269 0.0 -58.0 0.8160777791551611 3
0001 0005 1710927374270 -3.25 -58.5 5.289165756629691 3
0001 0014 1710927374270 -9.75 -61.0 4.718524903536232 3
0001 0004 1710927374270 13.0 -63.0 1.2701360923693108 3
0001 0013 1710927374271 -58.5625 -70.0 4.466952054322987 3
0001 0002 1710927374271 -65.0625 -73.5 5.178719139901925 3
0001 0005 1710927374271 0.0 -58.5 5.301437602932776 3
0001 0012 1710927374271 9.75 -53.0 2.859340188618835 3
0001 0009 1710927374272 7.3125 -56.0 0.03681553890925539 3
0001 0000 1710927374272 -7.3125 -62.0 3.9822141253511245 3
0001 0004 1710927374272 -19.5 -62.5 1.4173982480063325 3
0001 0008 1710927374273 -3.25 -57.5 3.0802334220743677 3
0001 0011 1710927374273 13.0 -57.5 0.8406214717613314 3
0001 0013 1710927374273 123.6875 -70.5 4.356505437595221 3
0001 0007 1710927374274 149.6875 -60.5 2.693670263527186 3
0001 0015 1710927374274 48.8125 -63.0 0.30679615757712825 3
0001 0014 1710927374274 -29.25 -61.5 4.693981210930062 3
0001 0010 1710927374274 -74.8125 -65.0 3.761320891895592 3
0001 0002 1710927374275 123.6875 -74.0 4.884194828627882 3
0001 0006 1710927374354 18.875 -73.5 5.393476450205914 3
0001 0010 1710927374502 48.8125 -66.0 3.6692820446224537 3
0001 0007 1710927374503 -3.25 -61.5 3.0925052683774528 3
0001 0014 1710927374503 -6.5 -61.5 4.651029748869264 3
0001 0008 1710927374503 9.75 -58.0 3.031146036862027 3
0001 0000 1710927374504 13.0 -63.0 3.8840393549264434 3
0001 0011 1710927374504 26.0 -58.0 0.9265243958829272 3
0001 0002 1710927374504 0.0 -75.0 5.062136600022616 3
0001 0009 1710927374505 -41.5 -56.0 0.09203884727313846 3
0001 0005 1710927374505 -3.25 -59.0 5.338253141842031 3
0001 0004 1710927374505 32.5 -63.0 1.325359400733194 3
0001 0015 1710927374505 -19.5 -63.0 0.4295146206079795 3
0001 0013 1710927374506 -29.25 -69.0 4.442408361716817 3
0001 0006 1710927374506 107.375 -71.0 5.595961914206819 3
0001 0012 1710927374506 -13.0 -53.0 2.9329712664373457 3
0001 0008 1710927374507 -3.25 -58.5 3.055689729468197 3
0001 0012 1710927374507 29.25 -53.5 2.9145634969827183 3
0001 0014 1710927374507 9.75 -61.5 4.577398671050753 3
0001 0009 1710927374508 -30.875 -56.5 0.1349903093339364 3
0001 0000 1710927374508 -55.3125 -62.5 3.9638063558964967 3
0001 0015 1710927374508 3.25 -63.0 0.4111068511533518 3
0001 0005 1710927374509 -34.9375 -59.5 5.522330836388308 3
0001 0007 1710927374509 -48.8125 -61.5 3.3440781175906977 3
0001 0002 1710927374509 3.25 -74.0 4.841243366567084 3
0001 0010 1710927374509 55.3125 -66.5 3.650874275167826 3
0001 0011 1710927374510 3.25 -57.5 1.0369710126106935 3
0001 0004 1710927374510 6.5 -62.5 1.2701360923693108 3
0001 0013 1710927374511 16.25 -67.5 4.522175362686871 3
0001 0006 1710927374511 9.75 -69.5 5.638913376267617 3
0001 0011 1710927374764 26.0 -57.0 1.1658253987930873 3
0001 0014 1710927374765 -26.0 -61.0 4.614214209960009 3
0001 0008 1710927374765 26.0 -59.0 3.043417883165112 3
0001 0009 1710927374765 -21.125 -56.5 0.2086213871524472 3
0001 0015 1710927374766 26.0 -62.0 0.39269908169872414 3
0001 0005 1710927374766 -3.25 -58.5 5.8045833013592665 3
0001 0012 1710927374766 -26.0 -53.5 3.0372819600135696 3
0001 0004 1710927374767 29.25 -63.5 1.0676506283684062 3
0001 0013 1710927374767 9.75 -68.5 4.638757902566179 3
0001 0006 1710927374767 -195.25 -69.0 5.927301764390117 3
0001 0007 1710927374767 6.5 -61.0 3.663146121470911 3
0001 0000 1710927374768 -125.3125 -63.5 4.0987966652304335 3
0001 0010 1710927374768 -29.25 -66.5 3.785864584501762 3
0001 0002 1710927374768 23.1875 -75.5 1.4358060174609601 3
0001 0014 1710927374769 6.5 -60.5 4.614214209960009 3
0001 0015 1710927374769 -13.0 -63.5 0.3129320807286708 3
0001 0010 1710927374769 -13.0 -66.5 3.5772431973493153 3
0001 0006 1710927374770 78.0625 -68.0 5.798447378207723 3
0001 0008 1710927374770 3.25 -60.0 3.1354567304382504 3
0001 0000 1710927374770 22.75 -63.0 3.436116964863836 3
0001 0012 1710927374772 0.0 -53.5 3.1968159619536762 3
0001 0007 1710927374772 0.0 -61.0 3.9392626632903265 3
0001 0009 1710927374772 -17.0625 -58.5 0.760854470791278 3
0001 0011 1710927374772 -19.5 -57.5 1.6014759425526093 3
0001 0005 1710927374773 -26.0 -58.5 6.234097921967246 3
0001 0004 1710927374773 61.8125 -63.0 1.1167380135807468 3
0001 0013 1710927374773 -6.5 -68.5 4.779884135051658 3
0001 0002 1710927374774 -449.1875 -76.0 5.098952138931871 3
0001 0015 1710927374999 6.5 -63.0 0.23316507975861744 3
0001 0000 1710927374999 -24.375 -63.0 3.5342917352885173 3
0001 0006 1710927375000 0.0 -67.5 5.976389149602458 3
0001 0009 1710927375000 34.9375 -58.5 0.7240389318820226 3
0001 0004 1710927375000 -19.5 -63.0 1.2946797849754812 3
0001 0005 1710927375000 -9.75 -58.5 0.02454369260617026 3
0001 0014 1710927375001 6.5 -61.0 4.571262747899211 3
0001 0012 1710927375002 9.75 -53.5 3.215223731408304 3
0001 0011 1710927375002 13.0 -57.0 1.6382914814618648 3
0001 0010 1710927375002 -130.1875 -66.0 3.877903431774901 3
0001 0013 1710927375002 -3.25 -68.0 4.853515212870168 3
0001 0008 1710927375003 -26.0 -60.0 3.2029518851052186 3
0001 0007 1710927375003 -9.75 -61.5 4.0987966652304335 3
0001 0002 1710927375003 -146.4375 -76.5 4.657165672020807 3
0001 0014 1710927375004 -22.75 -61.0 4.657165672020807 3
0001 0010 1710927375004 -58.5625 -67.0 3.8288160465625602 3
0001 0004 1710927375004 16.25 -63.0 1.3560390164909069 3
0001 0000 1710927375005 -29.25 -63.0 3.6140587362585705 3
0001 0006 1710927375005 -22.75 -67.0 6.074563920027139 3
0001 0015 1710927375005 -6.5 -62.5 0.2761165418194154 3
0001 0008 1710927375005 -16.25 -60.0 3.2336315008629315 3
0001 0012 1710927375006 -3.25 -53.5 3.2520392703175593 3
0001 0013 1710927375006 -117.125 -68.0 4.963961829597935 3
0001 0005 1710927375006 0.0 -58.5 0.0 3
0001 0011 1710927375007 -3.25 -57.0 1.6751070203711202 3
0001 0002 1710927375007 175.75 -73.5 4.147884050442774 3
0001 0007 1710927375007 19.5 -61.0 4.080388895775806 3
0001 0009 1710927375008 -6.5 -59.0 0.8406214717613314 3
0001 0011 1710927375235 -19.5 -57.5 1.6996507129772904 3
0001 0009 1710927375236 13.0 -58.5 0.7792622402459057 3
0001 0000 1710927375236 -13.0 -62.5 3.6201946594101133 3
0001 0012 1710927375236 -3.25 -53.5 3.2581751934691017 3
0001 0008 1710927375236 -26.0 -60.0 3.2765829629237295 3
0001 0014 1710927375237 -42.3125 -61.0 4.681709364626977 3
0001 0007 1710927375237 13.0 -61.0 4.0128937411088375 3
0001 0006 1710927375237 -117.125 -67.0 0.09817477042468103 3
0001 0005 1710927375238 3.25 -58.5 6.234097921967246 3
0001 0004 1710927375238 78.0625 -63.0 1.3437671701878218 3
0001 0013 1710927375239 97.625 -69.0 4.71238898038469 3
0001 0015 1710927375239 32.5 -63.0 0.22089323345553233 3
0001 0010 1710927375239 -58.5625 -66.5 3.8717675086233583 3
0001 0002 1710927375240 12.8125 -76.0 4.657165672020807 3
0001 0015 1710927375240 9.75 -62.5 0.23316507975861744 3
0001 0004 1710927375240 32.5 -63.0 1.521708941582556 3
0001 0011 1710927375241 13.0 -57.5 1.6751070203711202 3
0001 0005 1710927375241 0.0 -58.5 6.277049384028044 3
0001 0014 1710927375242 -3.25 -61.0 4.583534594202296 3
0001 0012 1710927375242 0.0 -53.5 3.2581751934691017 3
0001 0009 1710927375242 24.375 -59.0 0.8406214717613314 3
0001 0000 1710927375242 -3.25 -62.0 3.663146121470911 3
0001 0007 1710927375243 -48.8125 -61.5 4.061981126321178 3
0001 0013 1710927375243 91.125 -69.0 4.76147636559703 3
0001 0006 1710927375243 16.25 -67.5 6.2034183062095325 3
0001 0010 1710927375244 -55.3125 -66.5 3.9085830475326135 3
0001 0008 1710927375244 -22.75 -59.5 3.313398501832985 3
0001 0002 1710927375244 117.125 -74.0 4.614214209960009 3
0001 0000 1710927375471 -10.5625 -62.0 3.6876898140770815 3
0001 0015 1710927375471 13.0 -63.0 0.2270291566070749 3
0001 0012 1710927375471 -16.25 -53.5 3.2888548092268146 3
0001 0010 1710927375472 -97.625 -67.0 3.9576704327449543 3
0001 0008 1710927375472 -16.25 -59.0 3.380893656499953 3
0001 0013 1710927375472 139.9375 -68.0 4.773748211900116 3
0001 0006 1710927375473 26.0 -66.5 6.0991076126333095 3
0001 0005 1710927375473 0.0 -58.5 0.0 3
0001 0011 1710927375473 19.5 -57.0 1.7119225592803755 3
0001 0007 1710927375473 -9.75 -61.5 4.086524818927348 3
0001 0009 1710927375474 3.25 -58.5 0.8713010875190442 3
0001 0014 1710927375474 -26.0 -61.0 4.583534594202296 3
0001 0004 1710927375474 26.0 -63.0 1.533980787885641 3
0001 0002 1710927375475 9.75 -76.0 4.853515212870168 3
0001 0007 1710927375475 39.0 -61.5 4.037437433715008 3
0001 0015 1710927375475 -13.0 -63.0 0.25157284921324513 3
0001 0005 1710927375475 35.75 -58.0 6.2463697682703305 3
0001 0006 1710927375476 81.375 -67.0 6.092971689481767 3
0001 0000 1710927375476 3.25 -62.5 3.650874275167826 3
0001 0009 1710927375476 -62.625 -58.5 1.0185632431560658 3
0001 0012 1710927375477 3.25 -53.5 3.2765829629237295 3
0001 0011 1710927375477 13.0 -57.0 1.7426021750380885 3
0001 0008 1710927375477 -9.75 -59.0 3.442252888015379 3
0001 0014 1710927375478 -22.75 -61.0 4.589670517353839 3
0001 0010 1710927375478 -22.75 -67.5 3.8288160465625602 3
0001 0004 1710927375478 39.0 -63.0 1.4848934026733007 3
0001 0013 1710927375478 -81.375 -67.5 5.062136600022616 3
0001 0002 1710927375594 -12.1875 -75.0 5.006913291658733 3
0001 0011 1710927375718 68.3125 -57.5 1.736466251886546 3
0001 0009 1710927375718 10.5625 -58.5 0.944932165337555 3
0001 0013 1710927375719 113.875 -68.5 4.822835597112456 3
0001 0007 1710927375719 -81.375 -60.5 4.227651051412827 3
0001 0008 1710927375720 -22.75 -58.5 3.466796580621549 3
0001 0015 1710927375720 -32.5 -63.5 0.2699806186678728 3
0001 0012 1710927375720 -9.75 -53.5 3.2581751934691017 3
0001 0000 1710927375721 -3.25 -62.0 3.6754179677739964 3
0001 0014 1710927375721 0.0 -61.0 4.565126824747668 3
0001 0005 1710927375721 39.0 -58.0 6.270913460876501 3
0001 0010 1710927375722 -26.0 -68.0 3.9699422790480394 3
0001 0002 1710927375722 -117.125 -74.5 4.779884135051658 3
0001 0004 1710927375722 -13.0 -62.5 1.6137477888556946 3
0001 0006 1710927375722 35.75 -67.0 6.074563920027139 3
0001 0008 1710927375723 -6.5 -58.5 3.497476196379262 3
0001 0000 1710927375723 10.5625 -62.5 3.693825737228624 3
0001 0009 1710927375723 -7.3125 -58.0 0.9817477042468103 3
0001 0004 1710927375724 55.3125 -62.5 1.4603497100671303 3
0001 0006 1710927375724 3.25 -67.0 6.2034183062095325 3
0001 0005 1710927375724 -9.75 -58.5 0.02454369260617026 3
0001 0012 1710927375725 19.5 -53.5 3.2397674240144743 3
0001 0007 1710927375725 29.25 -61.0 4.031301510563465 3
0001 0011 1710927375725 3.25 -56.5 1.8346410223112268 3
0001 0010 1710927375725 -48.8125 -66.5 3.9515345095934116 3
0001 0014 1710927375726 19.5 -61.5 4.473087977474529 3
0001 0002 1710927375726 26.0 -75.5 4.71238898038469 3
0001 0015 1710927375727 -48.8125 -63.0 0.32520392703175593 3
0001 0013 1710927375727 84.625 -67.5 4.902602598082509 3
0001 0009 1710927375841 24.375 -58.5 0.9081166264282996 3
0001 0015 1710927375842 -26.0 -63.0 0.2699806186678728 3
0001 0010 1710927375842 -16.25 -67.5 3.859495662320273 3
0001 0011 1710927375842 -13.0 -56.5 1.8960002538266525 3
0001 0007 1710927375843 19.5 -61.0 4.031301510563465 3
0001 0012 1710927375843 -13.0 -53.5 3.2827188860752723 3
0001 0013 1710927375843 283.1875 -67.5 4.516039439535327 3
0001 0004 1710927375843 -16.25 -63.0 1.5892040962495242 3
0001 0014 1710927375844 -65.0625 -60.5 4.681709364626977 3
0001 0006 1710927375844 -113.875 -66.5 0.07363107781851078 3
0001 0005 1710927375844 -3.25 -58.0 0.0 3
0001 0000 1710927375845 3.25 -61.5 3.6999616603801666 3
0001 0008 1710927375845 -9.75 -58.0 3.479068426924634 3
0001 0002 1710927375845 218.0625 -72.0 4.368777283898306 3
