0000 0014 1710406549456 6.5 -68.0 6.234097921967246 16
0000 0005 1710406549457 -29.25 -58.0 4.73693267299086 16
0000 0004 1710406549457 71.5625 -63.5 1.337631247036279 16
0000 0003 1710406549458 -55.3125 -63.0 4.411728745959104 16
0000 0008 1710406549459 -104.125 -68.0 3.773592738198677 16
0000 0006 1710406549459 -13.0 -66.5 4.9823695990525625 16
0000 0007 1710406549460 6.5 -62.5 4.6448938257177215 16
0000 0002 1710406549460 0.0 -58.5 3.6999616603801666 16
0000 0015 1710406549461 -81.375 -66.0 5.6941366846315 16
0000 0013 1710406549461 8.5 -76.0 0.9203884727313847 16
0000 0004 1710406549462 81.375 -63.5 1.2762720155208536 16
0000 0006 1710406549463 35.75 -67.5 4.8351074434155406 16
0000 0008 1710406549463 -143.1875 -67.5 3.859495662320273 16
0000 0007 1710406549464 -39.0 -63.0 4.571262747899211 16
0000 0002 1710406549464 -22.75 -58.0 3.6876898140770815 16
0000 0014 1710406549465 97.625 -68.0 6.17273869045182 16
0000 0003 1710406549465 -19.5 -63.0 4.430136515413731 16
0000 0005 1710406549466 3.25 -59.0 4.669437518323892 16
0000 0015 1710406549466 -9.75 -67.0 5.767767762450011 16
0000 0000 1710406549578 56.125 -72.5 5.586758029479505 16
0000 0013 1710406549578 9.75 -76.5 4.1601558967458585 16
0000 0007 1710406549724 -29.25 -63.5 4.424000592262189 16
0000 0008 1710406549724 -126.9375 -66.0 3.8840393549264434 16
0000 0015 1710406549725 -68.3125 -66.0 5.982525072754001 16
0000 0004 1710406549725 19.5 -63.0 1.337631247036279 16
0000 0002 1710406549725 -42.3125 -57.5 3.7551849687440497 16
0000 0005 1710406549726 0.0 -58.5 4.669437518323892 16
0000 0014 1710406549726 45.5625 -68.5 6.178874613603362 16
0000 0003 1710406549727 -35.75 -63.0 4.4362724385652745 16
0000 0006 1710406549727 -55.3125 -67.0 5.123495831538041 16
0000 0013 1710406549727 7.3125 -75.5 0.9817477042468103 16
0000 0000 1710406549728 4.875 -73.5 5.559146375297564 16
0000 0005 1710406549728 -26.0 -58.5 4.779884135051658 16
0000 0007 1710406549729 -16.25 -63.5 4.516039439535327 16
0000 0002 1710406549730 -45.5625 -57.0 3.7551849687440497 16
0000 0003 1710406549730 -61.8125 -62.0 4.565126824747668 16
0000 0006 1710406549731 48.8125 -67.0 5.062136600022616 16
0000 0015 1710406549731 113.875 -65.5 5.737088146692298 16
0000 0014 1710406549732 68.3125 -69.5 6.025476534814799 16
0000 0008 1710406549733 -117.125 -66.0 3.902447124381071 16
0000 0004 1710406549733 45.5625 -62.5 1.3069516312785663 16
0000 0000 1710406549823 -7.3125 -74.0 5.651185222570702 16
0000 0013 1710406549823 1.8125 -76.0 1.012427320004523 16
0000 0002 1710406549986 -35.75 -58.0 3.8410878928656453 16
0000 0015 1710406549987 -6.5 -66.5 5.884350302329319 16
0000 0008 1710406549987 -39.0 -65.0 3.9085830475326135 16
0000 0006 1710406549988 58.5625 -68.0 5.178719139901925 16
0000 0003 1710406549988 35.75 -63.0 4.289010282928253 16
0000 0005 1710406549988 10.5625 -58.5 4.632621979414636 16
0000 0004 1710406549989 22.75 -64.0 1.4358060174609601 16
0000 0007 1710406549989 -74.8125 -63.5 4.669437518323892 16
0000 0014 1710406549990 -35.75 -69.0 6.105243535784852 16
0000 0013 1710406549990 25.625 -75.5 1.0185632431560658 16
0000 0000 1710406549991 -2.125 -75.5 5.706408530934585 16
0000 0002 1710406549991 0.0 -58.5 3.792000507653305 16
0000 0015 1710406549992 55.3125 -66.5 5.71868037723767 16
0000 0003 1710406549993 -16.25 -63.0 4.338097668140593 16
0000 0004 1710406549993 0.0 -63.5 1.6137477888556946 16
0000 0006 1710406549993 -42.3125 -67.5 5.086680292628786 16
0000 0005 1710406549994 -9.75 -58.5 4.620350133111551 16
0000 0008 1710406549994 -87.875 -65.5 3.9085830475326135 16
0000 0014 1710406549995 -218.0625 -69.0 0.1902136176978195 16
0000 0007 1710406549995 -68.3125 -63.0 4.651029748869264 16
0000 0013 1710406550073 9.75 -75.5 0.9142525495798421 16
0000 0000 1710406550073 -12.3125 -74.0 5.749359992995383 16
0000 0003 1710406550234 -81.375 -63.0 4.4362724385652745 16
0000 0002 1710406550235 6.5 -58.0 3.773592738198677 16
0000 0015 1710406550235 -48.8125 -66.0 5.816855147662351 16
0000 0014 1710406550236 52.0625 -69.0 6.166602767300278 16
0000 0008 1710406550236 26.0 -65.5 3.718369429834794 16
0000 0007 1710406550236 -13.0 -63.0 4.601942363656923 16
0000 0006 1710406550237 81.375 -68.0 4.767612288748572 16
0000 0005 1710406550237 -17.0625 -58.0 4.6448938257177215 16
0000 0004 1710406550238 -9.75 -63.0 1.6566992509164924 16
0000 0000 1710406550238 0.0 -74.0 5.688000761479957 16
0000 0013 1710406550239 -6.6875 -76.0 1.1044661672776617 16
0000 0002 1710406550239 -9.75 -58.0 3.822680123411018 16
0000 0005 1710406550241 26.0 -58.5 4.614214209960009 16
0000 0008 1710406550241 13.0 -66.0 3.822680123411018 16
0000 0003 1710406550241 -87.875 -62.5 4.448544284868359 16
0000 0015 1710406550242 -55.3125 -66.0 5.786175531904639 16
0000 0014 1710406550242 -9.75 -70.5 6.068427996875596 16
0000 0007 1710406550243 -6.5 -64.0 4.558990901596125 16
0000 0004 1710406550243 -16.25 -62.5 1.7855536370988863 16
0000 0006 1710406550244 -45.5625 -67.0 5.062136600022616 16
0000 0013 1710406550244 -13.0 -73.0 1.1044661672776617 16
0000 0000 1710406550323 0.0 -73.5 5.706408530934585 16
0000 0014 1710406550473 78.0625 -69.5 6.14819499784565 16
0000 0004 1710406550473 120.4375 -64.0 1.4726215563702154 16
0000 0008 1710406550474 -58.5625 -66.0 3.988350048502667 16
0000 0006 1710406550474 -97.625 -67.0 5.123495831538041 16
0000 0002 1710406550475 0.0 -58.5 3.816544200259475 16
0000 0005 1710406550475 -3.25 -58.0 4.663301595172349 16
0000 0007 1710406550475 -13.0 -63.5 4.577398671050753 16
0000 0015 1710406550476 0.0 -65.5 5.675728915176872 16
0000 0003 1710406550477 -9.75 -63.0 4.424000592262189 16
0000 0013 1710406550477 -17.6875 -76.0 4.227651051412827 16
0000 0000 1710406550478 12.1875 -73.5 2.552544031041707 16
0000 0008 1710406550478 -29.25 -65.0 3.9269908169872414 16
0000 0004 1710406550479 19.5 -63.5 1.564660403643354 16
0000 0006 1710406550480 3.25 -67.5 4.933282213840222 16
0000 0015 1710406550480 61.8125 -66.0 5.724816300389213 16
0000 0014 1710406550481 -52.0625 -69.5 6.0991076126333095 16
0000 0007 1710406550481 13.0 -63.0 4.718524903536232 16
0000 0002 1710406550482 -52.0625 -58.0 3.7981364308048478 16
0000 0005 1710406550482 6.5 -58.5 4.706253057233147 16
0000 0003 1710406550482 -107.375 -63.0 4.430136515413731 16
0000 0013 1710406550574 37.375 -76.0 0.8406214717613314 16
0000 0000 1710406550574 -6.5 -73.0 5.577554144752192 16
0000 0015 1710406550723 -26.0 -66.5 5.589825991055276 16
0000 0003 1710406550723 -6.5 -63.5 4.417864669110647 16
0000 0005 1710406550724 13.0 -58.0 4.73693267299086 16
0000 0004 1710406550724 52.0625 -64.5 1.607611865704152 16
0000 0002 1710406550725 0.0 -59.0 3.749049045592507 16
0000 0008 1710406550725 -68.3125 -64.5 3.9515345095934116 16
0000 0006 1710406550725 22.75 -68.0 4.988505522204105 16
0000 0007 1710406550726 42.3125 -63.0 4.565126824747668 16
0000 0014 1710406550726 -74.8125 -70.0 0.0 16
0000 0013 1710406550726 3.625 -75.5 1.0185632431560658 16
0000 0000 1710406550727 -2.4375 -73.5 5.737088146692298 16
0000 0007 1710406550727 3.25 -63.0 4.614214209960009 16
0000 0005 1710406550728 -3.25 -58.0 4.76147636559703 16
0000 0008 1710406550729 84.625 -65.0 3.6754179677739964 16
0000 0004 1710406550729 52.0625 -64.0 1.4296700943094176 16
0000 0015 1710406550729 74.8125 -66.0 5.681864838328415 16
0000 0006 1710406550730 32.5 -68.5 4.7307967498393175 16
0000 0014 1710406550730 -6.5 -69.5 6.105243535784852 16
0000 0002 1710406550731 16.25 -58.5 3.6324665057131984 16
0000 0003 1710406550731 -19.5 -63.0 4.417864669110647 16
0000 0000 1710406550822 0.5625 -73.5 5.688000761479957 16
0000 0013 1710406550823 23.75 -76.0 0.8835729338221293 16
0000 0002 1710406550977 -16.25 -59.0 3.6754179677739964 16
0000 0008 1710406550979 -19.5 -63.5 3.9085830475326135 16
0000 0003 1710406550979 -55.3125 -63.0 4.473087977474529 16
0000 0014 1710406550979 -69.125 -71.5 0.018407769454627694 16
0000 0005 1710406550980 -9.75 -58.5 4.749204519293945 16
0000 0007 1710406550980 0.0 -63.5 4.6448938257177215 16
0000 0015 1710406550981 -68.3125 -65.5 5.8659425328746915 16
0000 0004 1710406550981 29.25 -63.5 1.4419419406125027 16
0000 0006 1710406550982 -26.0 -68.5 4.859651136021712 16
0000 0000 1710406550986 -10.375 -73.0 5.608233760509904 16
0000 0013 1710406550987 -1.8125 -76.0 0.8897088569736719 16
0000 0005 1710406550988 -26.0 -58.0 4.718524903536232 16
0000 0002 1710406550989 35.75 -58.5 3.6263305825616556 16
0000 0015 1710406550989 -78.0625 -66.0 5.822991070813893 16
0000 0004 1710406550990 -3.25 -63.5 1.607611865704152 16
0000 0008 1710406550990 58.5625 -64.0 3.80427235395639 16
0000 0006 1710406550990 29.25 -68.0 4.8351074434155406 16
0000 0003 1710406550991 -65.0625 -63.0 4.534447208989955 16
0000 0014 1710406550991 76.4375 -70.0 6.068427996875596 16
0000 0007 1710406550992 -107.375 -63.5 4.73693267299086 16
0000 0000 1710406551083 -20.3125 -73.5 5.727884261964984 16
0000 0013 1710406551083 -8.5 -76.0 0.9694758579437253 16
0000 0007 1710406551250 3.25 -63.0 4.534447208989955 16
0000 0014 1710406551250 113.875 -70.0 6.074563920027139 16
0000 0015 1710406551250 -26.0 -66.0 5.71868037723767 16
0000 0002 1710406551251 0.0 -59.0 3.6876898140770815 16
0000 0003 1710406551251 -61.8125 -63.5 4.4976316700806995 16
0000 0005 1710406551252 -39.0 -58.0 4.700117134081604 16
0000 0008 1710406551252 -22.75 -64.0 3.834951969714103 16
0000 0006 1710406551252 -55.3125 -68.5 5.080544369477243 16
0000 0004 1710406551253 58.5625 -64.0 1.423534171157875 16
0000 0000 1710406551253 3.25 -73.0 5.715612415661899 16
0000 0013 1710406551254 1.1875 -76.0 0.8099418560036186 16
0000 0003 1710406551254 -22.75 -63.5 4.4362724385652745 16
0000 0008 1710406551255 13.0 -64.5 4.086524818927348 16
0000 0006 1710406551256 35.75 -67.5 4.779884135051658 16
0000 0002 1710406551256 45.5625 -58.5 3.5833791205008576 16
0000 0004 1710406551256 13.0 -64.0 1.4296700943094176 16
0000 0005 1710406551257 -48.8125 -58.0 4.595806440505381 16
0000 0007 1710406551257 -42.3125 -62.5 4.577398671050753 16
0000 0015 1710406551257 68.3125 -66.5 5.565282298449106 16
0000 0014 1710406551258 139.9375 -69.0 5.829126993965437 16
0000 0000 1710406551333 9.75 -73.5 5.6143696836614465 16
0000 0013 1710406551333 7.3125 -75.5 0.7669903939428205 16
0000 0004 1710406551496 -45.5625 -63.5 1.4787574795217582 16
0000 0014 1710406551496 -16.25 -70.0 6.000932842208628 16
0000 0003 1710406551496 -61.8125 -63.5 4.411728745959104 16
0000 0015 1710406551496 6.5 -67.0 5.663457068873787 16
0000 0005 1710406551497 22.75 -58.0 4.552854978444583 16
0000 0002 1710406551497 22.75 -58.5 3.6386024288647407 16
0000 0007 1710406551498 -58.5625 -62.0 4.626486056263094 16
0000 0008 1710406551499 -16.25 -64.0 4.147884050442774 16
0000 0006 1710406551499 -32.5 -69.0 4.878058905476339 16
0000 0013 1710406551499 -100.875 -74.0 0.9265243958829272 16
0000 0000 1710406551500 14.3125 -73.5 5.602097837358362 16
0000 0007 1710406551500 -52.0625 -63.0 4.657165672020807 16
0000 0014 1710406551501 -35.75 -70.5 5.964117303299373 16
0000 0002 1710406551501 -22.75 -59.0 3.6570101983193686 16
0000 0005 1710406551502 6.5 -58.0 4.601942363656923 16
0000 0008 1710406551502 -3.25 -63.5 4.28287435977671 16
0000 0006 1710406551503 -13.0 -68.0 4.896466674930966 16
0000 0015 1710406551503 -68.3125 -67.0 5.688000761479957 16
0000 0003 1710406551503 -81.375 -63.0 4.534447208989955 16
0000 0004 1710406551504 -39.0 -63.5 1.6566992509164924 16
0000 0013 1710406551582 -10.9375 -75.5 0.9265243958829272 16
0000 0000 1710406551583 3.1875 -73.0 5.681864838328415 16
0000 0004 1710406551728 58.5625 -63.0 1.4910293258248433 16
0000 0015 1710406551729 -71.5625 -67.0 5.608233760509904 16
0000 0005 1710406551729 22.75 -58.0 4.614214209960009 16
0000 0002 1710406551729 -6.5 -58.5 3.6447383520162835 16
0000 0006 1710406551730 -39.0 -68.5 4.847379289718626 16
0000 0014 1710406551730 -42.3125 -70.5 5.442563835418255 16
0000 0003 1710406551730 -42.3125 -63.0 4.4976316700806995 16
0000 0007 1710406551731 -74.8125 -62.5 4.7307967498393175 16
0000 0008 1710406551731 -16.25 -61.5 4.227651051412827 16
0000 0013 1710406551732 247.375 -73.0 0.705631162427395 16
0000 0000 1710406551732 -12.1875 -72.5 5.577554144752192 16
0000 0006 1710406551732 26.0 -69.5 4.71238898038469 16
0000 0004 1710406551733 3.25 -63.0 1.4848934026733007 16
0000 0015 1710406551734 -91.125 -67.5 5.540738605842936 16
0000 0008 1710406551734 9.75 -61.0 4.111068511533518 16
0000 0007 1710406551734 -52.0625 -62.5 4.816699673960914 16
0000 0000 1710406551735 -142.375 -71.0 5.773903685601553 16
0000 0005 1710406551735 6.5 -58.0 4.651029748869264 16
0000 0014 1710406551735 -16.25 -70.5 5.270757987175063 16
0000 0002 1710406551736 -6.5 -58.5 3.6876898140770815 16
0000 0003 1710406551736 -32.5 -63.5 4.651029748869264 16
0000 0013 1710406551736 97.625 -73.0 0.7485826244881929 16
0000 0000 1710406551823 3.25 -73.0 5.5714182216006485 16
0000 0005 1710406551965 13.0 -58.0 4.755340442445488 16
0000 0002 1710406551965 -3.25 -58.5 3.6201946594101133 16
0000 0008 1710406551966 0.0 -60.0 4.0987966652304335 16
0000 0007 1710406551966 45.5625 -63.0 4.651029748869264 16
0000 0003 1710406551966 3.25 -63.0 4.675573441475434 16
0000 0014 1710406551967 13.0 -72.0 5.283029833478148 16
0000 0015 1710406551967 -6.5 -67.0 5.43029198911517 16
0000 0004 1710406551967 -48.8125 -63.0 1.8039614065535141 16
0000 0013 1710406551968 -78.0625 -72.0 1.030835089459151 16
0000 0006 1710406551968 -205.0625 -68.0 5.166447293598839 16
0000 0000 1710406551969 17.6875 -73.5 2.2764274892222915 16
0000 0003 1710406551970 -19.5 -63.0 4.749204519293945 16
0000 0002 1710406551971 -22.75 -58.5 3.6140587362585705 16
0000 0006 1710406551971 -58.5625 -70.0 4.97623367590102 16
0000 0007 1710406551971 -52.0625 -62.5 4.994641445355648 16
0000 0015 1710406551972 -107.375 -66.5 5.289165756629691 16
0000 0005 1710406551972 -3.25 -58.0 4.914874444385594 16
0000 0008 1710406551973 -39.0 -59.5 4.0558452031696355 16
0000 0004 1710406551973 -22.75 -63.0 1.7119225592803755 16
0000 0013 1710406551973 52.0625 -72.5 0.5890486225480862 16
0000 0014 1710406552072 7.3125 -73.5 4.945554060143307 16
0000 0000 1710406552072 9.125 -73.5 2.2212041808584084 16
0000 0014 1710406552198 -6.5 -71.5 5.013049214810275 16
0000 0005 1710406552198 13.0 -58.0 5.00077736850719 16
0000 0004 1710406552199 -22.75 -63.5 1.8653206380689396 16
0000 0003 1710406552199 110.625 -63.0 4.540583132141498 16
0000 0006 1710406552199 48.8125 -70.0 4.755340442445488 16
0000 0002 1710406552200 16.25 -59.0 3.5833791205008576 16
0000 0008 1710406552200 9.75 -59.0 3.859495662320273 16
0000 0013 1710406552200 45.5625 -74.5 0.32520392703175593 16
0000 0015 1710406552201 42.3125 -68.0 4.319689898685965 16
0000 0007 1710406552201 0.0 -63.0 5.1725832167503825 16
0000 0000 1710406552201 -13.6875 -74.0 5.418020142812084 16
0000 0003 1710406552202 -61.8125 -63.0 4.847379289718626 16
0000 0002 1710406552203 29.25 -59.5 3.5588354278946874 16
0000 0008 1710406552203 -19.5 -58.5 3.865631585471816 16
0000 0005 1710406552203 -42.3125 -57.0 5.098952138931871 16
0000 0006 1710406552204 29.25 -69.5 4.773748211900116 16
0000 0015 1710406552204 68.3125 -67.0 3.773592738198677 16
0000 0007 1710406552204 -100.875 -63.0 5.313709449235861 16
0000 0014 1710406552205 22.75 -70.0 5.227806525114265 16
0000 0004 1710406552205 100.875 -64.5 1.607611865704152 16
0000 0013 1710406552324 10.5625 -74.5 6.209554229361076 16
0000 0000 1710406552324 2.25 -74.5 5.154175447295755 16
0000 0003 1710406552324 -39.0 -63.5 4.743068596142402 16
0000 0004 1710406552325 -42.3125 -64.5 1.6566992509164924 16
0000 0007 1710406552325 -13.0 -63.0 5.221670601962723 16
0000 0008 1710406552325 -16.25 -58.0 3.80427235395639 16
0000 0005 1710406552326 -22.75 -57.5 5.080544369477243 16
0000 0002 1710406552326 6.5 -59.5 3.485204350076177 16
0000 0015 1710406552326 61.8125 -69.0 3.736777199289422 16
0000 0006 1710406552327 97.625 -69.5 4.509903516383785 16
0000 0014 1710406552327 -123.6875 -70.0 5.098952138931871 16
0000 0013 1710406552327 -39.0 -74.5 0.05522330836388308 16
0000 0004 1710406552555 58.5625 -64.5 1.6751070203711202 16
0000 0008 1710406552555 9.75 -58.5 3.6876898140770815 16
0000 0002 1710406552556 16.25 -60.0 3.4913402732277192 16
0000 0007 1710406552556 -78.0625 -64.0 5.209398755659637 16
0000 0015 1710406552557 13.0 -67.5 3.730641276137879 16
0000 0003 1710406552558 -35.75 -63.0 4.743068596142402 16
0000 0005 1710406552558 0.0 -57.5 4.963961829597935 16
0000 0006 1710406552558 -13.0 -69.0 4.651029748869264 16
0000 0014 1710406552558 91.125 -71.5 5.098952138931871 16
0000 0013 1710406552559 -28.4375 -75.0 6.258641614573416 16
0000 0008 1710406552559 -13.0 -58.5 3.761320891895592 16
0000 0003 1710406552560 -6.5 -63.5 4.792155981354743 16
0000 0007 1710406552560 -84.625 -63.5 5.135767677841127 16
0000 0006 1710406552561 3.25 -70.0 4.583534594202296 16
0000 0005 1710406552561 6.5 -57.5 5.019185137961818 16
0000 0002 1710406552561 13.0 -60.5 3.442252888015379 16
0000 0015 1710406552562 78.0625 -69.5 3.6324665057131984 16
0000 0014 1710406552562 13.0 -70.5 4.95168998329485 16
0000 0004 1710406552562 35.75 -65.0 1.4910293258248433 16
0000 0013 1710406552563 42.3125 -72.0 6.252505691421874 16
0000 0007 1710406552789 -35.75 -63.5 5.117359908386499 16
0000 0015 1710406552789 -91.125 -68.0 3.988350048502667 16
0000 0008 1710406552789 22.75 -59.0 3.6692820446224537 16
0000 0003 1710406552790 -39.0 -63.0 4.743068596142402 16
0000 0002 1710406552790 -22.75 -60.0 3.497476196379262 16
0000 0005 1710406552790 -13.0 -57.5 5.0682725231741586 16
0000 0004 1710406552791 55.3125 -64.0 1.509437095279471 16
0000 0014 1710406552791 149.6875 -70.0 4.816699673960914 16
0000 0006 1710406552791 -201.8125 -70.5 4.921010367537137 16
0000 0013 1710406552792 45.5625 -72.5 6.2034183062095325 16
0000 0004 1710406552792 3.25 -63.5 1.8407769454627694 16
0000 0007 1710406552792 32.5 -64.5 5.037592907416445 16
0000 0005 1710406552793 -22.75 -58.0 5.0682725231741586 16
0000 0008 1710406552793 29.25 -58.5 3.6386024288647407 16
0000 0002 1710406552793 9.75 -60.0 3.5588354278946874 16
0000 0015 1710406552794 -52.0625 -67.5 3.9147189706841563 16
0000 0003 1710406552794 -29.25 -63.0 4.804427827657828 16
0000 0014 1710406552794 -143.1875 -70.5 5.356660911296659 16
0000 0006 1710406552795 -16.25 -70.5 4.743068596142402 16
0000 0013 1710406552795 -19.5 -73.5 0.0674951546669682 16
0000 0014 1710406553009 22.75 -70.5 5.1725832167503825 16
0000 0003 1710406553009 42.3125 -63.5 4.663301595172349 16
0000 0008 1710406553009 19.5 -59.0 3.706097583531709 16
0000 0002 1710406553010 -9.75 -60.0 3.54042765844006 16
0000 0013 1710406553010 -13.0 -72.0 0.1227184630308513 16
0000 0005 1710406553010 -39.0 -57.5 5.006913291658733 16
0000 0006 1710406553011 52.0625 -70.0 4.571262747899211 16
0000 0015 1710406553011 0.0 -68.5 4.09266074207889 16
0000 0004 1710406553011 -133.4375 -64.5 2.061670178918302 16
0000 0007 1710406553012 -39.0 -64.0 5.0682725231741586 16
0000 0004 1710406553012 -35.75 -64.5 1.8162332528565992 16
0000 0013 1710406553012 -104.125 -72.5 0.3436116964863836 16
0000 0007 1710406553013 -29.25 -64.0 4.884194828627882 16
0000 0005 1710406553014 -45.5625 -57.5 5.0682725231741586 16
0000 0006 1710406553014 117.125 -70.0 4.73693267299086 16
0000 0015 1710406553015 -78.0625 -68.5 4.184699589352029 16
0000 0014 1710406553015 -61.8125 -70.5 4.957825906446392 16
0000 0003 1710406553015 -39.0 -63.5 4.755340442445488 16
0000 0008 1710406553016 -13.0 -58.5 3.736777199289422 16
0000 0002 1710406553016 9.75 -60.0 3.522019888985432 16
0000 0008 1710406553240 -16.25 -59.0 3.749049045592507 16
0000 0015 1710406553240 -6.5 -68.5 4.037437433715008 16
0000 0002 1710406553241 -19.5 -59.5 3.5833791205008576 16
0000 0004 1710406553241 0.0 -62.5 1.7671458676442586 16
0000 0005 1710406553241 -19.5 -58.0 5.00077736850719 16
0000 0003 1710406553242 -68.3125 -62.5 4.7860200582032 16
0000 0007 1710406553242 -52.0625 -64.0 4.921010367537137 16
0000 0014 1710406553242 -87.875 -70.0 5.111223985234957 16
0000 0006 1710406553243 -198.5625 -70.5 4.970097752749477 16
0000 0013 1710406553243 110.625 -73.5 6.14819499784565 16
0000 0003 1710406553243 -58.5625 -62.5 4.988505522204105 16
0000 0014 1710406553244 -91.125 -70.5 5.270757987175063 16
0000 0002 1710406553244 19.5 -60.0 3.018874190558942 16
0000 0015 1710406553244 169.25 -70.5 3.4913402732277192 16
0000 0006 1710406553245 -136.6875 -70.0 4.718524903536232 16
0000 0008 1710406553245 -13.0 -59.0 3.9822141253511245 16
0000 0007 1710406553245 -9.75 -65.0 4.8351074434155406 16
0000 0005 1710406553246 -13.0 -58.0 4.945554060143307 16
0000 0004 1710406553246 74.8125 -65.5 1.718058482431918 16
0000 0013 1710406553332 35.75 -75.0 6.200350344633762 16
0000 0007 1710406553470 52.0625 -65.0 4.71238898038469 16
0000 0014 1710406553470 -16.25 -69.0 4.994641445355648 16
0000 0004 1710406553471 3.25 -63.0 1.7855536370988863 16
0000 0002 1710406553471 -3.25 -59.5 3.031146036862027 16
0000 0008 1710406553471 9.75 -59.5 3.9392626632903265 16
0000 0015 1710406553472 -22.75 -69.5 3.6692820446224537 16
0000 0005 1710406553472 16.25 -58.0 4.92714629068868 16
0000 0003 1710406553473 -26.0 -63.0 4.871922982324796 16
0000 0006 1710406553473 -104.125 -71.0 4.577398671050753 16
0000 0013 1710406553473 -91.125 -73.0 0.0674951546669682 16
0000 0004 1710406553473 6.5 -63.5 2.172116795646068 16
0000 0008 1710406553474 3.25 -58.5 3.9638063558964967 16
0000 0006 1710406553475 74.8125 -68.5 4.693981210930062 16
0000 0015 1710406553475 -26.0 -69.0 3.792000507653305 16
0000 0002 1710406553475 3.25 -60.0 3.067961575771282 16
0000 0013 1710406553476 -65.0625 -72.5 0.30679615757712825 16
0000 0005 1710406553476 -6.5 -58.0 4.933282213840222 16
0000 0014 1710406553476 6.5 -71.0 5.221670601962723 16
0000 0003 1710406553477 -29.25 -62.0 4.994641445355648 16
0000 0007 1710406553477 -9.75 -64.0 4.81056375080937 16
0000 0006 1710406553694 -61.8125 -69.0 5.013049214810275 16
0000 0004 1710406553695 13.0 -65.5 1.945087639038993 16
0000 0014 1710406553695 81.375 -69.5 4.773748211900116 16
0000 0005 1710406553695 -6.5 -57.5 4.933282213840222 16
0000 0008 1710406553696 -6.5 -59.0 3.9944859716542096 16
0000 0002 1710406553696 -13.0 -60.0 2.890019804376548 16
0000 0007 1710406553696 -55.3125 -64.5 4.890330751779424 16
0000 0015 1710406553697 -113.875 -68.5 3.9453985864418692 16
0000 0003 1710406553697 6.5 -63.0 4.988505522204105 16
0000 0013 1710406553697 -214.8125 -73.0 0.28225246497095796 16
0000 0005 1710406553698 -6.5 -57.5 5.00077736850719 16
0000 0015 1710406553698 52.0625 -68.0 3.718369429834794 16
0000 0008 1710406553698 -13.0 -58.5 3.933126740138784 16
0000 0002 1710406553699 22.75 -59.0 2.8286605728611223 16
0000 0006 1710406553699 9.75 -68.5 4.706253057233147 16
0000 0004 1710406553699 -35.75 -62.5 1.9819031779482483 16
0000 0003 1710406553700 -39.0 -62.5 5.013049214810275 16
0000 0007 1710406553700 13.0 -64.5 4.841243366567084 16
0000 0014 1710406553700 -55.3125 -69.0 5.190990986205009 16
0000 0013 1710406553823 -54.5 -75.0 0.2055534255766759 16
0000 0006 1710406553823 -6.5 -69.0 5.031456984264903 16
0000 0005 1710406553823 -45.5625 -58.5 5.006913291658733 16
0000 0015 1710406553824 84.625 -67.0 3.7122335066832517 16
0000 0007 1710406553824 58.5625 -65.0 4.859651136021712 16
0000 0008 1710406553824 -9.75 -59.0 3.9392626632903265 16
0000 0004 1710406553825 13.0 -63.5 2.1046216409791 16
0000 0002 1710406553825 19.5 -59.5 3.0127382674073995 16
0000 0003 1710406553825 -81.375 -62.0 4.933282213840222 16
0000 0014 1710406553826 -139.9375 -72.0 5.442563835418255 16
0000 0013 1710406553826 35.75 -75.0 0.0521553467881118 16
0000 0015 1710406554041 -29.25 -68.0 4.190835512503572 16
0000 0008 1710406554042 -16.25 -58.5 3.9576704327449543 16
0000 0005 1710406554042 -3.25 -58.0 4.9394181369917645 16
0000 0007 1710406554042 19.5 -64.0 4.908738521234052 16
0000 0003 1710406554043 16.25 -62.5 4.914874444385594 16
0000 0002 1710406554043 16.25 -60.5 2.9206994201342606 16
0000 0006 1710406554043 -65.0625 -70.5 5.178719139901925 16
0000 0004 1710406554044 100.875 -64.0 1.8653206380689396 16
0000 0014 1710406554044 40.6875 -73.5 1.5493205957644975 16
0000 0013 1710406554044 -14.625 -74.5 0.10737865515199488 16
0000 0007 1710406554045 -29.25 -64.5 4.970097752749477 16
0000 0002 1710406554045 16.25 -59.0 2.767301341345697 16
0000 0008 1710406554046 -35.75 -58.5 3.9760782021995817 16
0000 0015 1710406554046 -68.3125 -69.0 4.006757817957295 16
0000 0005 1710406554046 52.0625 -58.0 4.957825906446392 16
0000 0003 1710406554047 19.5 -62.0 4.890330751779424 16
0000 0004 1710406554047 -35.75 -63.5 1.7855536370988863 16
0000 0006 1710406554047 39.0 -70.5 4.675573441475434 16
0000 0014 1710406554048 58.5625 -68.5 4.828971520263998 16
0000 0013 1710406554048 462.1875 -74.5 5.767767762450011 16
0000 0002 1710406554266 19.5 -59.5 3.0066023442558567 16
0000 0004 1710406554267 26.0 -63.5 2.073942025221387 16
0000 0014 1710406554267 -19.5 -69.5 5.252350217720435 16
0000 0007 1710406554267 -26.0 -64.0 5.019185137961818 16
0000 0006 1710406554267 -9.75 -70.5 4.871922982324796 16
0000 0015 1710406554268 16.25 -67.5 4.037437433715008 16
0000 0003 1710406554268 -65.0625 -62.0 5.074408446325701 16
0000 0005 1710406554268 3.25 -58.0 4.921010367537137 16
0000 0008 1710406554269 -3.25 -59.0 3.890175278077986 16
0000 0013 1710406554269 -65.0625 -72.5 0.12885438618239387 16
0000 0002 1710406554270 29.25 -60.0 2.8654761117703775 16
0000 0003 1710406554270 32.5 -63.5 4.859651136021712 16
0000 0007 1710406554270 39.0 -64.0 4.933282213840222 16
0000 0005 1710406554271 24.375 -58.0 4.921010367537137 16
0000 0008 1710406554271 26.0 -58.5 3.865631585471816 16
0000 0014 1710406554271 100.875 -72.0 4.6448938257177215 16
0000 0013 1710406554272 78.0625 -75.0 0.1227184630308513 16
0000 0004 1710406554272 3.25 -65.5 2.0493983326152168 16
0000 0015 1710406554272 -16.25 -69.0 4.135612204139688 16
0000 0006 1710406554273 -9.75 -70.0 4.908738521234052 16
