0000 0014 1710745814511 32.5 -66.0 0.28838838812250056 20
0000 0015 1710745814518 29.25 -67.5 2.4911847995262812 20
0000 0011 1710745814532 26.0 -63.0 5.988660995905543 20
0000 0006 1710745814533 -205.0625 -66.0 5.356660911296659 20
0000 0005 1710745814534 0.0 -66.5 1.5892040962495242 20
0000 0003 1710745814534 -104.125 -68.5 6.092971689481767 20
0000 0001 1710745814535 -0.5625 -72.5 2.675262494072558 20
0000 0002 1710745814535 10.9375 -75.0 4.626486056263094 20
0000 0010 1710745814535 1.9375 -77.5 5.994796919057086 20
0000 0006 1710745814536 -26.0 -66.5 5.141903600992669 20
0000 0015 1710745814536 -19.5 -68.5 2.662990647769473 20
0000 0005 1710745814537 -61.8125 -66.5 1.7916895602504288 20
0000 0014 1710745814537 -6.5 -66.0 0.3865631585471816 20
0000 0003 1710745814538 130.1875 -69.0 5.602097837358362 20
0000 0011 1710745814538 32.5 -63.0 5.896622148632405 20
0000 0002 1710745814539 19.5 -75.0 4.516039439535327 20
0000 0001 1710745814539 12.1875 -72.5 5.688000761479957 20
0000 0010 1710745814705 -4.375 -77.5 6.013204688511713 20
0000 0006 1710745814706 6.5 -66.0 5.129631754689584 20
0000 0003 1710745814706 -120.4375 -70.0 6.092971689481767 20
0000 0014 1710745814707 58.5625 -66.5 0.28225246497095796 20
0000 0005 1710745814708 65.875 -67.0 1.6566992509164924 20
0000 0015 1710745814709 -68.3125 -67.5 2.7550294950426117 20
0000 0011 1710745814710 -52.0625 -63.0 6.062292073724054 20
0000 0001 1710745814711 1.8125 -72.5 5.798447378207723 20
0000 0002 1710745814712 -2.4375 -75.0 4.558990901596125 20
0000 0010 1710745814713 -3.5625 -77.5 5.902758071783947 20
0000 0006 1710745814714 -6.5 -66.5 5.160311370447297 20
0000 0005 1710745814715 6.5 -66.5 1.6260196351587797 20
0000 0014 1710745814718 -42.3125 -65.5 0.4049709280018093 20
0000 0015 1710745814719 162.75 -67.5 2.325514874434632 20
0000 0011 1710745814720 -29.25 -63.0 6.025476534814799 20
0000 0003 1710745814721 35.75 -69.0 5.884350302329319 20
0000 0002 1710745814802 3.0 -75.0 4.724660826687775 20
0000 0001 1710745814802 4.875 -72.5 2.6384469551633027 20
0000 0010 1710745814959 -2.875 -77.5 5.8659425328746915 20
0000 0014 1710745814960 16.25 -65.5 0.36815538909255385 20
0000 0006 1710745814961 3.25 -66.5 5.148039524144211 20
0000 0011 1710745814962 -26.0 -63.0 6.019340611663256 20
0000 0005 1710745814963 -52.0625 -66.0 1.748738098189631 20
0000 0003 1710745814964 6.5 -70.0 5.773903685601553 20
0000 0015 1710745814965 -6.5 -67.5 2.693670263527186 20
0000 0001 1710745814966 11.5625 -72.5 5.749359992995383 20
0000 0002 1710745814967 -6.0625 -75.5 4.516039439535327 20
0000 0010 1710745814967 -6.625 -77.5 2.9145634969827183 20
0000 0005 1710745814968 145.625 -66.5 1.533980787885641 20
0000 0014 1710745814969 -13.0 -66.0 0.4295146206079795 20
0000 0003 1710745814971 26.0 -70.0 5.902758071783947 20
0000 0015 1710745814972 -61.8125 -67.0 2.761165418194154 20
0000 0011 1710745814973 -16.25 -63.0 6.050020227420969 20
0000 0006 1710745814974 -42.3125 -66.5 5.166447293598839 20
0000 0002 1710745815051 -12.1875 -75.5 4.6448938257177215 20
0000 0001 1710745815052 0.0 -72.5 5.7616318392984684 20
0000 0010 1710745815212 -2.125 -77.0 5.915029918087033 20
0000 0005 1710745815212 -42.3125 -67.0 1.761009944492716 20
0000 0011 1710745815213 29.25 -63.0 5.982525072754001 20
0000 0015 1710745815214 172.5 -67.5 2.350058567040802 20
0000 0006 1710745815215 -32.5 -66.5 5.246214294568893 20
0000 0014 1710745815216 22.75 -66.5 0.3374757733348411 20
0000 0003 1710745815217 -58.5625 -71.0 5.921165841238575 20
0000 0002 1710745815218 -12.8125 -75.0 4.6878452877785195 20
0000 0001 1710745815219 7.875 -72.5 5.749359992995383 20
0000 0010 1710745815220 -4.375 -77.0 5.9518454569962875 20
0000 0014 1710745815220 97.625 -66.5 0.2270291566070749 20
0000 0005 1710745815221 74.8125 -67.0 1.5953400194010667 20
0000 0006 1710745815223 -22.75 -66.5 5.190990986205009 20
0000 0003 1710745815224 26.0 -70.5 5.792311455056181 20
0000 0011 1710745815225 35.75 -62.5 5.994796919057086 20
0000 0015 1710745815225 16.25 -68.0 2.60776733940559 20
0000 0002 1710745815311 -7.3125 -75.0 1.4296700943094176 20
0000 0001 1710745815311 6.0625 -72.5 5.706408530934585 20
0000 0010 1710745815455 -6.625 -78.0 5.976389149602458 20
0000 0015 1710745815456 22.75 -67.0 2.5893595699509624 20
0000 0011 1710745815457 -55.3125 -63.0 6.037748381117884 20
0000 0003 1710745815457 48.8125 -70.0 5.8475347634200645 20
0000 0005 1710745815459 117.9375 -67.5 1.6260196351587797 20
0000 0014 1710745815459 52.0625 -66.5 0.28225246497095796 20
0000 0006 1710745815460 65.0625 -66.5 4.994641445355648 20
0000 0002 1710745815461 -21.3125 -75.5 4.76147636559703 20
0000 0001 1710745815462 -4.25 -73.0 5.835262917116979 20
0000 0010 1710745815463 0.0 -77.5 5.9518454569962875 20
0000 0014 1710745815464 -32.5 -66.0 0.4295146206079795 20
0000 0003 1710745815465 97.625 -70.5 5.7616318392984684 20
0000 0011 1710745815467 -39.0 -63.0 6.068427996875596 20
0000 0006 1710745815468 -3.25 -67.0 5.209398755659637 20
0000 0005 1710745815469 32.5 -66.5 1.662835174068035 20
0000 0015 1710745815469 -61.8125 -67.5 2.6813984172241008 20
0000 0001 1710745815560 8.5 -73.0 5.688000761479957 20
0000 0002 1710745815561 18.25 -74.5 1.4726215563702154 20
0000 0010 1710745815741 -2.125 -78.0 6.037748381117884 20
0000 0011 1710745815741 32.5 -63.0 5.9518454569962875 20
0000 0005 1710745815742 -7.3125 -67.0 1.7671458676442586 20
0000 0014 1710745815743 -13.0 -67.0 0.28225246497095796 20
0000 0015 1710745815744 113.875 -68.5 2.448233337465483 20
0000 0006 1710745815745 -39.0 -66.5 5.129631754689584 20
0000 0003 1710745815746 -71.5625 -69.0 6.050020227420969 20
0000 0002 1710745815747 -4.25 -75.0 4.614214209960009 20
0000 0001 1710745815747 7.875 -72.5 2.6200391857086753 20
0000 0010 1710745815748 -0.4375 -77.5 5.767767762450011 20
0000 0011 1710745815749 -16.25 -63.5 6.056156150572511 20
0000 0015 1710745815750 45.5625 -67.5 2.478912953223196 20
0000 0014 1710745815752 -6.5 -65.5 0.3988350048502667 20
0000 0006 1710745815753 35.75 -67.0 5.111223985234957 20
0000 0005 1710745815754 52.0625 -67.5 1.6014759425526093 20
0000 0003 1710745815755 -3.25 -73.0 4.994641445355648 20
0000 0001 1710745815800 -5.4375 -72.5 5.93343768754166 20
0000 0002 1710745815801 -3.625 -74.5 4.595806440505381 20
0000 0010 1710745816021 1.4375 -77.0 5.688000761479957 20
0000 0003 1710745816022 -123.6875 -74.5 5.037592907416445 20
0000 0015 1710745816023 -61.8125 -67.0 2.693670263527186 20
0000 0014 1710745816023 55.3125 -65.5 0.34974761963792617 20
0000 0006 1710745816024 -94.375 -66.5 5.3627968344482015 20
0000 0011 1710745816025 3.25 -63.5 6.000932842208628 20
0000 0005 1710745816026 -100.875 -67.5 1.718058482431918 20
0000 0002 1710745816027 -18.25 -75.0 1.2762720155208536 20
0000 0001 1710745816027 4.25 -72.5 5.767767762450011 20
0000 0011 1710745816028 48.8125 -63.5 6.074563920027139 20
0000 0005 1710745816029 100.875 -68.5 1.8223691760081417 20
0000 0014 1710745816030 -22.75 -66.0 0.4049709280018093 20
0000 0006 1710745816031 6.5 -67.0 5.43029198911517 20
0000 0002 1710745816032 -214.8125 -74.0 4.706253057233147 20
0000 0015 1710745816033 -65.0625 -68.0 2.6875343403756435 20
0000 0003 1710745816034 14.625 -76.5 4.908738521234052 20
0000 0001 1710745816247 2.4375 -76.0 5.638913376267617 20
0000 0000 1710745816248 -2.5625 -77.0 0.8897088569736719 20
0000 0011 1710745816249 -55.3125 -62.0 6.191146459906448 20
0000 0006 1710745816250 35.75 -66.0 6.160466844148735 20
0000 0014 1710745816251 -35.75 -66.0 0.30066023442558565 20
0000 0005 1710745816251 -42.3125 -71.0 2.8654761117703775 20
0000 0015 1710745816252 22.75 -67.0 2.6875343403756435 20
0000 0002 1710745816253 35.75 -68.5 5.4671075280244255 20
0000 0010 1710745816254 -179.0 -69.5 2.2948352586769194 20
0000 0005 1710745816254 30.875 -73.0 3.9822141253511245 20
0000 0014 1710745816255 19.5 -65.0 0.7853981633974483 20
0000 0002 1710745816256 48.8125 -70.5 0.619728238305799 20
0000 0011 1710745816256 0.0 -62.0 6.050020227420969 20
0000 0015 1710745816258 -32.5 -67.5 2.9145634969827183 20
0000 0006 1710745816258 71.5625 -65.0 6.031612457966341 20
0000 0003 1710745816259 91.125 -72.0 1.239456476611598 20
0000 0010 1710745816260 143.1875 -70.5 1.6812429435226628 20
0000 0015 1710745816552 -35.75 -69.0 2.9391071895888885 20
0000 0009 1710745816552 30.875 -67.0 1.4664856332186729 20
0000 0011 1710745816553 -9.75 -61.0 6.2034183062095325 20
0000 0005 1710745816553 -197.6875 -70.5 4.828971520263998 20
0000 0006 1710745816554 -16.25 -63.5 6.013204688511713 20
0000 0014 1710745816555 0.0 -64.0 1.0492428589137786 20
0000 0010 1710745816555 0.0 -72.0 2.2150682577068657 20
0000 0003 1710745816556 -289.6875 -70.5 4.221515128261284 20
0000 0015 1710745816557 61.8125 -70.0 2.779573187648782 20
0000 0014 1710745816558 84.625 -64.5 1.0185632431560658 20
0000 0005 1710745816558 17.0625 -69.0 5.258486140871978 20
0000 0003 1710745816559 -42.3125 -70.0 5.559146375297564 20
0000 0011 1710745816560 -29.25 -60.0 6.191146459906448 20
0000 0006 1710745816560 -87.875 -65.0 6.252505691421874 20
0000 0009 1710745816561 -69.125 -66.0 2.435961491162398 20
0000 0015 1710745816681 -16.25 -70.0 2.6200391857086753 20
0000 0006 1710745816682 94.375 -66.5 6.068427996875596 20
0000 0005 1710745816682 -84.625 -68.5 5.8475347634200645 20
0000 0004 1710745816683 -120.4375 -72.0 3.172272269347506 20
0000 0014 1710745816684 0.0 -66.0 1.043106935762236 20
0000 0011 1710745816684 -13.0 -59.0 0.16566992509164924 20
0000 0009 1710745816685 65.0625 -63.5 2.399145952253143 20
0000 0003 1710745816686 -16.25 -70.5 0.7731263170943632 20
0000 0014 1710745816686 -42.3125 -66.0 0.9142525495798421 20
0000 0011 1710745816687 -16.25 -58.5 0.3374757733348411 20
0000 0006 1710745816688 -19.5 -66.5 6.007068765360171 20
0000 0005 1710745816689 121.25 -68.0 6.264777537724958 20
0000 0009 1710745816689 -34.9375 -64.0 2.6200391857086753 20
0000 0015 1710745816690 84.625 -69.0 2.5157284921324514 20
0000 0004 1710745816691 -29.25 -70.0 3.9760782021995817 20
0000 0003 1710745816691 172.5 -72.0 2.043262409463674 20
0000 0014 1710745816801 26.0 -65.0 0.8713010875190442 20
0000 0011 1710745816801 -6.5 -58.0 0.5522330836388308 20
0000 0005 1710745816802 -73.1875 -68.5 0.6381360077604268 20
0000 0009 1710745816803 -32.5 -64.5 3.2827188860752723 20
0000 0006 1710745816804 -13.0 -65.5 5.9088939949354895 20
0000 0004 1710745816804 32.5 -69.0 4.540583132141498 20
0000 0015 1710745816805 48.8125 -69.5 2.5832236467994196 20
0000 0003 1710745816806 13.0 -72.0 4.276738436625168 20
0000 0009 1710745817020 -55.3125 -64.0 3.9944859716542096 20
0000 0004 1710745817020 84.625 -69.0 5.246214294568893 20
0000 0015 1710745817021 97.625 -70.0 2.2764274892222915 20
0000 0005 1710745817022 126.9375 -69.5 1.1903690913992575 20
0000 0003 1710745817023 -192.0 -71.0 5.442563835418255 20
0000 0006 1710745817023 39.0 -65.5 0.09203884727313846 20
0000 0014 1710745817024 19.5 -64.5 1.0615147052168636 20
0000 0011 1710745817025 22.75 -56.5 0.9572040116406401 20
0000 0014 1710745817025 22.75 -65.5 0.8897088569736719 20
0000 0011 1710745817026 -6.5 -56.5 1.552388557340269 20
0000 0006 1710745817027 35.75 -65.5 0.8160777791551611 20
0000 0009 1710745817027 -10.5625 -62.5 4.663301595172349 20
0000 0003 1710745817029 3.25 -73.0 0.28225246497095796 20
0000 0015 1710745817029 58.5625 -70.5 2.2089323345553233 20
0000 0004 1710745817030 45.5625 -70.5 0.06135923151542565 20
0000 0005 1710745817031 -136.6875 -71.5 3.7429131224409646 20
0000 0014 1710745817255 0.0 -64.5 0.859029241215959 20
0000 0005 1710745817255 -87.875 -68.5 5.332117218690489 20
0000 0009 1710745817256 -34.9375 -63.0 5.368932757599744 20
0000 0006 1710745817256 26.0 -67.0 1.2640001692177683 20
0000 0011 1710745817257 -6.5 -56.5 2.024854640009046 20
0000 0015 1710745817258 -3.25 -70.0 2.399145952253143 20
0000 0003 1710745817258 42.3125 -72.0 1.41126232485479 20
0000 0004 1710745817259 9.75 -73.5 0.8897088569736719 20
0000 0007 1710745817259 1.8125 -75.5 3.3747577333484107 20
0000 0005 1710745817260 94.375 -64.0 0.09203884727313846 20
0000 0014 1710745817261 -48.8125 -65.0 0.9633399347921826 20
0000 0015 1710745817261 81.375 -69.5 2.2150682577068657 20
0000 0003 1710745817262 185.5 -71.0 2.423689644859313 20
0000 0011 1710745817263 -39.0 -57.5 2.509592568980909 20
0000 0006 1710745817263 -39.0 -69.0 1.7978254834019713 20
0000 0009 1710745817264 -62.625 -64.0 0.02454369260617026 20
0000 0007 1710745817300 -4.0625 -72.5 0.07976700097005335 20
0000 0006 1710745817477 52.0625 -71.5 1.9941750242513334 20
0000 0009 1710745817478 30.875 -65.0 0.607456392002714 20
0000 0014 1710745817478 55.3125 -65.5 0.8222137023067037 20
0000 0011 1710745817479 9.75 -58.5 2.773437264497239 20
0000 0005 1710745817480 -13.0 -60.5 1.2210487071569704 20
0000 0015 1710745817480 -13.0 -68.5 2.356194490192345 20
0000 0007 1710745817481 -91.125 -70.0 3.2520392703175593 20
0000 0003 1710745817481 -91.125 -72.0 3.6692820446224537 20
0000 0002 1710745817482 -6.25 -78.0 5.344389064993574 20
0000 0005 1710745817483 6.5 -58.5 1.6996507129772904 20
0000 0015 1710745817483 26.0 -67.5 2.386874105950058 20
0000 0007 1710745817484 32.5 -69.0 3.356349963893783 20
0000 0014 1710745817485 -16.25 -65.5 0.9203884727313847 20
0000 0009 1710745817486 10.5625 -68.0 1.0246991663076084 20
0000 0011 1710745817486 71.5625 -60.0 2.761165418194154 20
0000 0003 1710745817487 9.75 -72.0 4.319689898685965 20
0000 0002 1710745817550 34.125 -76.5 5.3627968344482015 20
0000 0004 1710745817802 1.25 -75.5 3.847223816017188 20
0000 0004 1710745817802 1.5625 -75.0 3.810408277107933 20
0000 0004 1710745817803 3.375 -75.5 0.6320000846088841 20
0000 0004 1710745817803 1.4375 -75.0 3.724505352986337 20
0000 0005 1710745817804 -22.75 -57.0 2.1782527187976104 20
0000 0011 1710745817805 -35.75 -62.5 2.804116880254952 20
0000 0007 1710745817805 -3.25 -67.0 3.522019888985432 20
0000 0014 1710745817806 -29.25 -65.5 0.803805932852076 20
0000 0015 1710745817807 45.5625 -67.0 2.380738182798515 20
0000 0009 1710745817807 -128.5625 -72.0 1.564660403643354 20
0000 0003 1710745817808 159.5 -73.5 5.418020142812084 20
0000 0004 1710745817809 -1.5 -75.5 0.5399612373357456 20
0000 0012 1710745818045 -1.5625 -77.0 5.755495916146925 20
0000 0011 1710745818046 58.5625 -64.0 2.5157284921324514 20
0000 0015 1710745818047 -87.875 -67.0 2.5280003384355365 20
0000 0005 1710745818047 6.5 -56.5 2.3316507975861747 20
0000 0007 1710745818049 -29.25 -67.0 3.6079228131070282 20
0000 0014 1710745818049 55.3125 -65.5 0.705631162427395 20
0000 0003 1710745818050 -100.875 -73.0 5.890486225480862 20
0000 0004 1710745818050 -1.1875 -75.0 3.6754179677739964 20
0000 0009 1710745818051 -1.8125 -75.5 4.700117134081604 20
0000 0012 1710745818052 8.75 -76.5 5.688000761479957 20
0000 0012 1710745818052 3.6875 -77.0 5.626641529964532 20
0000 0012 1710745818053 5.5625 -77.0 5.64504929941916 20
0000 0005 1710745818054 9.75 -56.0 2.4850488763747385 20
0000 0011 1710745818055 -26.0 -64.5 2.6998061866787286 20
0000 0014 1710745818056 -13.0 -65.5 0.6565437772150544 20
0000 0015 1710745818056 -3.25 -67.0 2.497320722677824 20
0000 0007 1710745818057 -107.375 -67.5 3.7429131224409646 20
0000 0003 1710745818057 -32.5 -73.0 5.927301764390117 20
0000 0012 1710745818300 -7.625 -76.0 2.0800779483729293 20
0000 0004 1710745818301 -1.8125 -76.0 0.4540583132141498 20
0000 0009 1710745818301 -1.125 -76.0 4.76147636559703 20
0000 0011 1710745818302 35.75 -64.5 1.9205439464328227 20
0000 0005 1710745818302 -3.25 -56.0 2.454369260617026 20
0000 0014 1710745818303 13.0 -65.0 0.6749515466696822 20
0000 0007 1710745818303 -6.5 -67.5 3.3747577333484107 20
0000 0015 1710745818304 6.5 -67.5 2.4850488763747385 20
0000 0003 1710745818305 -315.6875 -74.0 5.915029918087033 20
0000 0012 1710745818305 -244.125 -74.5 2.2150682577068657 20
0000 0009 1710745818306 8.5625 -75.5 4.405592822807561 20
0000 0005 1710745818520 -13.0 -56.0 2.3746022596469727 20
0000 0011 1710745818520 35.75 -63.0 1.8530487917658545 20
0000 0003 1710745818521 6.5 -73.5 5.632777453116074 20
0000 0007 1710745818521 -71.5625 -67.5 3.5036121195308043 20
0000 0014 1710745818522 -3.25 -65.5 0.607456392002714 20
0000 0015 1710745818522 -26.0 -67.0 2.4850488763747385 20
0000 0012 1710745818523 -27.625 -75.5 1.9144080232812801 20
0000 0009 1710745818523 -0.25 -76.0 4.516039439535327 20
0000 0012 1710745818524 143.1875 -74.5 1.7241944055834606 20
0000 0007 1710745818524 0.0 -67.0 3.2765829629237295 20
0000 0005 1710745818525 -6.5 -56.0 2.325514874434632 20
0000 0015 1710745818525 81.375 -66.5 2.2764274892222915 20
0000 0014 1710745818526 65.0625 -65.0 0.5276893910326605 20
0000 0011 1710745818527 -39.0 -64.0 1.9696313316451632 20
0000 0003 1710745818528 37.375 -74.5 5.292233718205462 20
0000 0009 1710745818528 1.5 -75.5 4.540583132141498 20
0000 0005 1710745818749 -26.0 -56.0 2.3316507975861747 20
0000 0015 1710745818749 87.875 -66.5 2.2580197197676637 20
0000 0007 1710745818750 -45.5625 -68.0 3.3870295796514958 20
0000 0014 1710745818750 61.8125 -65.5 0.5276893910326605 20
0000 0011 1710745818751 -39.0 -63.5 1.9144080232812801 20
0000 0012 1710745818751 -133.4375 -75.5 2.0923497946760143 20
0000 0003 1710745818753 214.8125 -73.0 5.080544369477243 20
0000 0009 1710745818753 3.1875 -74.5 1.141281706186917 20
0000 0014 1710745818754 26.0 -66.0 0.521553467881118 20
0000 0005 1710745818754 16.25 -56.0 2.2518837966161214 20
0000 0007 1710745818755 -100.875 -69.0 3.466796580621549 20
0000 0011 1710745818755 -19.5 -63.5 1.902136176978195 20
0000 0015 1710745818756 211.5625 -67.5 2.1659808724945253 20
0000 0003 1710745818756 20.3125 -75.0 5.270757987175063 20
0000 0012 1710745818757 -38.25 -74.5 1.9512235621905356 20
0000 0009 1710745818757 9.125 -74.5 1.1658253987930873 20
0000 0003 1710745818969 -29.25 -74.5 5.074408446325701 20
0000 0014 1710745818969 52.0625 -65.5 0.4908738521234052 20
0000 0011 1710745818970 26.0 -63.5 1.748738098189631 20
0000 0005 1710745818970 0.0 -56.0 2.2457478734645786 20
0000 0007 1710745818971 -52.0625 -69.0 3.3502140407422405 20
0000 0015 1710745818971 169.25 -67.5 2.1230294104337273 20
0000 0012 1710745818972 -253.875 -75.5 1.8837284075235674 20
0000 0009 1710745818972 7.125 -74.5 1.1474176293384597 20
0000 0008 1710745818973 -1.75 -78.0 2.000310947402876 20
0000 0003 1710745818973 380.8125 -73.5 4.466952054322987 20
0000 0007 1710745818974 35.75 -68.0 3.117048960983623 20
0000 0014 1710745818974 39.0 -66.0 0.4663301595172349 20
0000 0015 1710745818975 55.3125 -67.0 2.3009711818284617 20
0000 0011 1710745818975 45.5625 -63.0 1.8285050991596843 20
0000 0005 1710745818976 45.5625 -56.0 2.1230294104337273 20
0000 0012 1710745818976 79.75 -73.5 1.6996507129772904 20
0000 0009 1710745819069 -13.375 -74.5 1.239456476611598 20
0000 0008 1710745819232 -0.625 -78.0 1.9819031779482483 20
0000 0011 1710745819232 71.5625 -63.0 1.7426021750380885 20
0000 0014 1710745819233 26.0 -65.5 0.5338253141842031 20
0000 0015 1710745819233 -84.625 -67.0 2.4911847995262812 20
0000 0005 1710745819234 16.25 -56.0 2.116893487282185 20
0000 0007 1710745819235 -39.0 -68.5 3.2765829629237295 20
0000 0003 1710745819235 -244.125 -73.5 5.264622064023521 20
0000 0012 1710745819236 104.125 -74.0 1.859184714917397 20
0000 0009 1710745819236 -4.5625 -74.0 1.1780972450961724 20
0000 0008 1710745819237 3.8125 -78.5 1.7303303287350031 20
0000 0012 1710745819237 283.1875 -73.5 1.6137477888556946 20
0000 0014 1710745819238 48.8125 -65.5 0.5276893910326605 20
0000 0005 1710745819239 3.25 -56.5 2.1353012567368124 20
0000 0003 1710745819239 -29.25 -73.5 5.098952138931871 20
0000 0007 1710745819240 -16.25 -68.5 3.184544115650591 20
0000 0015 1710745819241 91.125 -68.0 2.2027964114037806 20
0000 0011 1710745819241 39.0 -62.5 1.7916895602504288 20
0000 0012 1710745819299 11.375 -75.0 4.924078329112908 20
0000 0009 1710745819309 1.3125 -73.5 1.184233168247715 20
