0000 0005 1710141222439 16.25 -59.0 0.6565437772150544 0
0000 0003 1710141222439 -9.75 -58.5 5.080544369477243 0
0000 0013 1710141222439 32.5 -62.5 0.7179030087304801 0
0000 0009 1710141222440 41.5 -64.5 3.129320807286708 0
0000 0015 1710141222440 6.5 -62.0 1.3867186322486196 0
0000 0012 1710141222441 -3.25 -56.5 2.2212041808584084 0
0000 0004 1710141222441 -9.75 -57.0 3.9576704327449543 0
0000 0006 1710141222441 6.5 -61.5 4.516039439535327 0
0000 0008 1710141222441 13.0 -52.0 4.884194828627882 0
0000 0000 1710141222442 9.75 -55.5 1.000155473701438 0
0000 0010 1710141222443 78.0625 -67.5 4.571262747899211 0
0000 0011 1710141222443 29.25 -66.0 6.22182607566416 0
0000 0002 1710141222443 -9.75 -60.5 4.23378697456437 0
0000 0014 1710141222443 -19.5 -67.0 3.454524734318464 0
0000 0007 1710141222444 -9.75 -60.0 3.693825737228624 0
0000 0012 1710141222444 -39.0 -56.5 2.2580197197676637 0
0000 0004 1710141222444 0.0 -56.5 3.9453985864418692 0
0000 0011 1710141222445 87.875 -66.0 6.068427996875596 0
0000 0000 1710141222445 19.5 -55.0 0.9940195505498954 0
0000 0014 1710141222445 -123.6875 -68.0 3.693825737228624 0
0000 0008 1710141222445 6.5 -52.0 4.902602598082509 0
0000 0009 1710141222446 52.0625 -63.5 3.2029518851052186 0
0000 0015 1710141222446 32.5 -62.0 1.3008157081270237 0
0000 0005 1710141222447 16.25 -59.0 0.6810874698212247 0
0000 0010 1710141222447 -35.75 -67.5 4.663301595172349 0
0000 0003 1710141222447 39.0 -59.0 5.049864753719531 0
0000 0002 1710141222447 -6.5 -60.5 4.252194744018997 0
0000 0007 1710141222448 -19.5 -60.0 3.6999616603801666 0
0000 0006 1710141222448 -26.0 -61.5 4.546719055293041 0
0000 0013 1710141222448 35.75 -62.0 0.7179030087304801 0
0000 0000 1710141222661 -19.5 -55.0 1.0676506283684062 0
0000 0004 1710141222661 -26.0 -56.5 3.9576704327449543 0
0000 0008 1710141222661 -13.0 -52.0 4.9394181369917645 0
0000 0011 1710141222661 0.0 -67.0 0.030679615757712823 0
0000 0015 1710141222662 9.75 -62.0 1.3621749396424494 0
0000 0006 1710141222662 16.25 -61.5 4.491495746929157 0
0000 0003 1710141222662 19.5 -58.5 5.123495831538041 0
0000 0009 1710141222662 21.125 -64.0 3.184544115650591 0
0000 0005 1710141222663 -3.25 -59.0 0.7363107781851077 0
0000 0013 1710141222663 6.5 -62.5 0.7485826244881929 0
0000 0002 1710141222663 3.25 -60.5 4.23378697456437 0
0000 0012 1710141222664 58.5625 -56.5 2.116893487282185 0
0000 0007 1710141222664 39.0 -60.0 3.6876898140770815 0
0000 0014 1710141222664 32.5 -67.5 3.423845118560751 0
0000 0010 1710141222664 -6.5 -67.5 4.583534594202296 0
0000 0002 1710141222665 16.25 -60.5 4.252194744018997 0
0000 0000 1710141222665 -29.25 -55.5 1.055378782065321 0
0000 0003 1710141222665 -19.5 -58.5 5.184855063053467 0
0000 0005 1710141222666 -19.5 -59.5 0.7792622402459057 0
0000 0012 1710141222666 0.0 -56.5 2.2212041808584084 0
0000 0008 1710141222666 -13.0 -52.0 4.95168998329485 0
0000 0014 1710141222666 -55.3125 -67.0 3.485204350076177 0
0000 0004 1710141222667 -26.0 -56.5 3.9576704327449543 0
0000 0007 1710141222667 -45.5625 -60.5 3.761320891895592 0
0000 0006 1710141222668 55.3125 -61.5 4.411728745959104 0
0000 0013 1710141222668 6.5 -62.5 0.7915340865489908 0
0000 0015 1710141222668 -19.5 -62.0 1.4542137869155878 0
0000 0011 1710141222669 0.0 -67.0 0.0 0
0000 0009 1710141222669 -13.8125 -63.5 3.2336315008629315 0
0000 0010 1710141222669 22.75 -67.0 4.583534594202296 0
0000 0003 1710141222896 -32.5 -58.5 5.21553467881118 0
0000 0008 1710141222896 3.25 -52.0 4.9394181369917645 0
0000 0007 1710141222897 35.75 -60.0 3.6754179677739964 0
0000 0000 1710141222897 3.25 -55.5 1.0737865515199487 0
0000 0014 1710141222897 6.5 -67.0 3.522019888985432 0
0000 0004 1710141222897 -29.25 -56.5 3.9760782021995817 0
0000 0010 1710141222898 -6.5 -67.5 4.6448938257177215 0
0000 0015 1710141222898 13.0 -62.5 1.3560390164909069 0
0000 0006 1710141222898 22.75 -61.5 4.534447208989955 0
0000 0009 1710141222899 7.3125 -64.0 3.227495577711389 0
0000 0012 1710141222899 13.8125 -56.5 2.1905245651006955 0
0000 0005 1710141222899 39.0 -59.0 0.6933593161243098 0
0000 0002 1710141222899 9.75 -60.5 4.270602513473625 0
0000 0011 1710141222900 58.5625 -67.0 6.240233845118788 0
0000 0013 1710141222900 3.25 -62.5 0.803805932852076 0
0000 0004 1710141222900 3.25 -56.5 3.9638063558964967 0
0000 0011 1710141222901 55.3125 -66.5 6.2034183062095325 0
0000 0009 1710141222901 59.375 -64.0 3.1968159619536762 0
0000 0000 1710141222901 7.3125 -55.5 1.0676506283684062 0
0000 0013 1710141222901 -6.5 -62.5 0.7731263170943632 0
0000 0008 1710141222902 0.0 -52.0 4.945554060143307 0
0000 0012 1710141222902 -13.8125 -56.5 2.2396119503130363 0
0000 0006 1710141222902 0.0 -61.0 4.540583132141498 0
0000 0005 1710141222903 -26.0 -59.0 0.7915340865489908 0
0000 0007 1710141222903 19.5 -60.5 3.6876898140770815 0
0000 0014 1710141222903 -35.75 -67.0 3.466796580621549 0
0000 0003 1710141222903 -65.0625 -58.5 5.2768939103266055 0
0000 0015 1710141222904 16.25 -62.0 1.3314953238847365 0
0000 0002 1710141222904 26.0 -60.5 4.246058820867455 0
0000 0010 1710141222904 0.0 -67.5 4.669437518323892 0
0000 0010 1710141223151 -29.25 -67.5 4.700117134081604 0
0000 0000 1710141223151 39.0 -55.5 1.0737865515199487 0
0000 0006 1710141223152 26.0 -61.5 4.503767593232243 0
0000 0008 1710141223152 -3.25 -52.0 4.963961829597935 0
0000 0003 1710141223152 -35.75 -58.5 5.2768939103266055 0
0000 0005 1710141223153 16.25 -59.0 0.7485826244881929 0
0000 0012 1710141223153 19.5 -56.5 2.1966604882522383 0
0000 0004 1710141223153 -3.25 -56.5 4.0128937411088375 0
0000 0002 1710141223153 -16.25 -60.5 4.356505437595221 0
0000 0015 1710141223154 39.0 -62.0 1.337631247036279 0
0000 0011 1710141223154 39.0 -66.5 6.227961998815704 0
0000 0014 1710141223154 -6.5 -68.0 3.479068426924634 0
0000 0009 1710141223155 -24.375 -63.5 3.3318062712876126 0
0000 0013 1710141223155 6.5 -62.5 0.803805932852076 0
0000 0007 1710141223155 19.5 -60.5 3.6999616603801666 0
0000 0005 1710141223155 3.25 -59.0 0.7669903939428205 0
0000 0015 1710141223156 22.75 -62.5 1.3621749396424494 0
0000 0010 1710141223156 16.25 -67.5 4.657165672020807 0
0000 0004 1710141223156 -9.75 -56.5 4.025165587411922 0
0000 0012 1710141223157 19.5 -56.5 2.2027964114037806 0
0000 0003 1710141223157 -29.25 -59.0 5.283029833478148 0
0000 0013 1710141223157 22.75 -63.0 0.760854470791278 0
0000 0002 1710141223157 -52.0625 -60.5 4.466952054322987 0
0000 0000 1710141223158 16.25 -55.5 1.141281706186917 0
0000 0009 1710141223158 48.8125 -63.5 3.3440781175906977 0
0000 0006 1710141223158 19.5 -61.5 4.516039439535327 0
0000 0008 1710141223159 -3.25 -52.0 4.988505522204105 0
0000 0014 1710141223159 35.75 -67.5 3.393165502803038 0
0000 0007 1710141223159 29.25 -60.5 3.7429131224409646 0
0000 0011 1710141223159 61.8125 -66.5 6.209554229361076 0
0000 0003 1710141223431 19.5 -58.5 5.2339424482658075 0
0000 0009 1710141223432 34.9375 -64.0 3.2765829629237295 0
0000 0000 1710141223433 29.25 -55.5 1.1351457830353744 0
0000 0014 1710141223433 -94.375 -67.0 3.5772431973493153 0
0000 0015 1710141223433 45.5625 -62.0 1.3192234775816514 0
0000 0010 1710141223434 13.0 -67.5 4.675573441475434 0
0000 0006 1710141223434 -13.0 -62.0 4.552854978444583 0
0000 0011 1710141223434 81.375 -66.0 6.17273869045182 0
0000 0002 1710141223434 -19.5 -60.0 4.417864669110647 0
0000 0007 1710141223435 -6.5 -60.5 3.7981364308048478 0
0000 0012 1710141223435 -26.0 -56.5 2.3009711818284617 0
0000 0008 1710141223435 -29.25 -52.0 5.049864753719531 0
0000 0004 1710141223436 -3.25 -56.5 4.04357335686655 0
0000 0005 1710141223436 9.75 -58.5 0.8222137023067037 0
0000 0013 1710141223436 -16.25 -62.0 0.8222137023067037 0
0000 0003 1710141223436 -29.25 -58.5 5.393476450205914 0
0000 0011 1710141223437 -91.125 -66.5 0.14726215563702155 0
0000 0006 1710141223437 9.75 -61.0 4.546719055293041 0
0000 0005 1710141223437 9.75 -59.5 0.8222137023067037 0
0000 0010 1710141223438 -152.9375 -68.5 4.963961829597935 0
0000 0004 1710141223438 -16.25 -56.0 4.080388895775806 0
0000 0015 1710141223438 22.75 -62.5 1.3560390164909069 0
0000 0002 1710141223438 -9.75 -60.5 4.454680208019902 0
0000 0014 1710141223439 29.25 -67.5 3.5342917352885173 0
0000 0009 1710141223439 -30.875 -63.0 3.368621810196868 0
0000 0008 1710141223439 -22.75 -52.0 5.043728830567988 0
0000 0012 1710141223439 41.5 -56.5 2.184388641949153 0
0000 0007 1710141223440 29.25 -60.5 3.736777199289422 0
0000 0013 1710141223440 9.75 -62.5 0.760854470791278 0
0000 0000 1710141223440 13.0 -55.5 1.184233168247715 0
0000 0001 1710141223645 -8.5625 -79.0 1.9696313316451632 0
0000 0002 1710141223645 45.5625 -61.0 4.338097668140593 0
0000 0007 1710141223645 -16.25 -60.5 3.8410878928656453 0
0000 0008 1710141223645 -6.5 -52.0 5.037592907416445 0
0000 0005 1710141223646 32.5 -59.0 0.8160777791551611 0
0000 0009 1710141223646 76.4375 -64.0 3.2213596545598464 0
0000 0014 1710141223646 -26.0 -66.0 3.509748042682347 0
0000 0003 1710141223647 -13.0 -58.5 5.356660911296659 0
0000 0011 1710141223647 -74.8125 -66.5 0.18407769454627693 0
0000 0013 1710141223647 -39.0 -62.5 0.8222137023067037 0
0000 0015 1710141223647 22.75 -61.5 1.368310862793992 0
0000 0004 1710141223648 -6.5 -56.5 4.1172044346850605 0
0000 0010 1710141223648 224.5625 -68.0 4.368777283898306 0
0000 0000 1710141223648 -13.0 -55.5 1.2455923997631406 0
0000 0012 1710141223649 16.25 -57.0 2.227340104009951 0
0000 0006 1710141223649 78.0625 -62.0 4.485359823777615 0
0000 0013 1710141223910 -26.0 -62.0 0.8099418560036186 0
0000 0000 1710141223910 -6.5 -55.0 1.2455923997631406 0
0000 0008 1710141223910 3.25 -52.0 5.056000676871073 0
0000 0009 1710141223910 30.875 -63.5 3.3011266555298997 0
0000 0006 1710141223911 -6.5 -61.5 4.651029748869264 0
0000 0011 1710141223911 -16.25 -66.0 0.030679615757712823 0
0000 0004 1710141223911 9.75 -56.5 4.111068511533518 0
0000 0005 1710141223912 -3.25 -58.5 0.8958447801252144 0
0000 0014 1710141223912 -22.75 -68.0 3.472932503773092 0
0000 0015 1710141223912 -6.5 -62.0 1.4051264017032472 0
0000 0012 1710141223912 -30.875 -57.0 2.2886993355253766 0
0000 0003 1710141223913 6.5 -59.0 5.350524988145116 0
0000 0007 1710141223913 -19.5 -60.5 3.8410878928656453 0
0000 0002 1710141223913 42.3125 -60.5 4.3503695144436785 0
0000 0010 1710141223914 61.8125 -67.5 4.638757902566179 0
0000 0003 1710141223914 -58.5625 -59.0 5.442563835418255 0
0000 0013 1710141223914 -29.25 -62.5 0.8344855486097889 0
0000 0008 1710141223914 -6.5 -52.0 5.080544369477243 0
0000 0006 1710141223915 -6.5 -62.0 4.614214209960009 0
0000 0004 1710141223915 -16.25 -56.5 4.172427743048944 0
0000 0000 1710141223915 3.25 -55.5 1.2640001692177683 0
0000 0005 1710141223916 -6.5 -58.5 0.9142525495798421 0
0000 0002 1710141223916 29.25 -61.0 4.411728745959104 0
0000 0012 1710141223916 -52.0625 -56.5 2.313243028131547 0
0000 0007 1710141223917 22.75 -60.0 3.730641276137879 0
0000 0011 1710141223917 39.0 -66.5 6.258641614573416 0
0000 0009 1710141223917 45.5625 -64.0 3.2581751934691017 0
0000 0014 1710141223918 0.0 -67.0 3.4054373491061236 0
0000 0015 1710141223919 26.0 -62.5 1.3560390164909069 0
0000 0010 1710141223919 -6.5 -67.0 4.681709364626977 0
0000 0012 1710141224163 -3.25 -57.0 2.227340104009951 0
0000 0011 1710141224164 130.1875 -66.5 6.129787228391022 0
0000 0009 1710141224164 -52.0625 -64.0 3.380893656499953 0
0000 0007 1710141224164 -16.25 -60.5 3.865631585471816 0
0000 0004 1710141224165 -6.5 -56.5 4.1601558967458585 0
0000 0000 1710141224165 9.75 -55.5 1.282407938672396 0
0000 0008 1710141224165 -16.25 -52.0 5.098952138931871 0
0000 0005 1710141224165 22.75 -59.0 0.9019807032767571 0
0000 0002 1710141224166 -9.75 -61.0 4.491495746929157 0
0000 0006 1710141224166 19.5 -61.5 4.577398671050753 0
0000 0003 1710141224167 -29.25 -59.0 5.424156065963627 0
0000 0015 1710141224167 -22.75 -63.0 1.4296700943094176 0
0000 0014 1710141224167 48.8125 -66.5 3.356349963893783 0
0000 0013 1710141224168 52.0625 -62.5 0.7117670855789375 0
0000 0010 1710141224168 -9.75 -67.0 4.71238898038469 0
0000 0010 1710141224168 -55.3125 -67.0 5.184855063053467 0
0000 0002 1710141224169 35.75 -60.5 4.417864669110647 0
0000 0015 1710141224169 19.5 -62.0 1.3560390164909069 0
0000 0011 1710141224169 22.75 -66.0 0.07976700097005335 0
0000 0014 1710141224170 22.75 -67.0 3.436116964863836 0
0000 0004 1710141224170 16.25 -56.5 4.129476280988146 0
0000 0005 1710141224170 -9.75 -58.5 0.9326603190344698 0
0000 0008 1710141224170 3.25 -52.0 5.062136600022616 0
0000 0006 1710141224171 -29.25 -62.0 4.651029748869264 0
0000 0009 1710141224171 41.5 -64.5 3.2704470397721868 0
0000 0013 1710141224171 26.0 -62.5 0.7363107781851077 0
0000 0012 1710141224172 -9.75 -56.5 2.2457478734645786 0
0000 0003 1710141224172 -3.25 -59.0 5.405748296509 0
0000 0000 1710141224172 24.375 -55.5 1.2762720155208536 0
0000 0007 1710141224173 16.25 -60.0 3.767456815047135 0
0000 0011 1710141224457 22.75 -66.0 0.1227184630308513 0
0000 0002 1710141224458 19.5 -61.0 4.466952054322987 0
0000 0010 1710141224458 -107.375 -67.5 5.325981295538946 0
0000 0004 1710141224458 3.25 -56.5 4.178563666200486 0
0000 0006 1710141224458 55.3125 -61.5 4.577398671050753 0
0000 0012 1710141224459 0.0 -57.0 2.2641556429192065 0
0000 0000 1710141224459 32.5 -55.5 1.2946797849754812 0
0000 0003 1710141224459 -39.0 -59.0 5.485515297479052 0
0000 0008 1710141224460 13.0 -52.0 5.056000676871073 0
0000 0009 1710141224460 17.0625 -65.0 3.313398501832985 0
0000 0015 1710141224460 9.75 -62.0 1.3499030933393643 0
0000 0014 1710141224460 104.125 -67.5 3.436116964863836 0
0000 0005 1710141224461 0.0 -58.5 0.9265243958829272 0
0000 0013 1710141224461 26.0 -62.5 0.7853981633974483 0
0000 0007 1710141224461 -3.25 -60.5 3.810408277107933 0
0000 0012 1710141224609 -17.0625 -57.0 2.2764274892222915 0
0000 0014 1710141224609 65.0625 -66.5 3.3011266555298997 0
0000 0013 1710141224609 32.5 -62.0 0.6933593161243098 0
0000 0008 1710141224609 -22.75 -52.0 5.141903600992669 0
0000 0005 1710141224610 -9.75 -58.5 0.9387962421860124 0
0000 0003 1710141224610 16.25 -59.0 5.405748296509 0
0000 0015 1710141224610 -42.3125 -62.0 1.4603497100671303 0
0000 0002 1710141224611 42.3125 -60.5 4.442408361716817 0
0000 0011 1710141224611 19.5 -66.5 0.1227184630308513 0
0000 0006 1710141224611 -22.75 -61.5 4.663301595172349 0
0000 0007 1710141224611 35.75 -60.0 3.77972866135022 0
0000 0000 1710141224612 -9.75 -55.5 1.325359400733194 0
0000 0004 1710141224612 -3.25 -56.5 4.2031073588066565 0
0000 0009 1710141224612 30.875 -65.0 3.2827188860752723 0
0000 0010 1710141224612 13.0 -67.5 5.105088062083414 0
0000 0006 1710141224613 -22.75 -61.5 4.700117134081604 0
0000 0013 1710141224614 42.3125 -62.0 0.7301748550335652 0
0000 0012 1710141224614 19.5 -57.0 2.227340104009951 0
0000 0008 1710141224614 22.75 -52.0 5.049864753719531 0
0000 0011 1710141224615 84.625 -67.0 6.264777537724958 0
0000 0002 1710141224615 -6.5 -61.0 4.522175362686871 0
0000 0003 1710141224615 6.5 -58.5 5.411884219660542 0
0000 0000 1710141224615 0.0 -55.5 1.3560390164909069 0
0000 0007 1710141224616 -22.75 -60.5 3.816544200259475 0
0000 0004 1710141224617 9.75 -56.5 4.184699589352029 0
0000 0010 1710141224617 -6.5 -67.0 5.227806525114265 0
0000 0005 1710141224617 9.75 -58.5 0.8835729338221293 0
0000 0014 1710141224617 68.3125 -68.0 3.3072625786814425 0
0000 0015 1710141224618 39.0 -62.5 1.2946797849754812 0
0000 0009 1710141224618 38.1875 -64.0 3.2949907323783574 0
0000 0005 1710141224860 9.75 -59.0 0.9019807032767571 0
0000 0011 1710141224860 84.625 -66.0 6.234097921967246 0
0000 0002 1710141224860 0.0 -61.5 4.4976316700806995 0
0000 0004 1710141224861 6.5 -56.5 4.184699589352029 0
0000 0000 1710141224861 -13.0 -55.5 1.368310862793992 0
0000 0007 1710141224861 29.25 -60.5 3.810408277107933 0
0000 0010 1710141224861 -55.3125 -67.5 5.160311370447297 0
0000 0009 1710141224862 7.3125 -63.5 3.3318062712876126 0
0000 0003 1710141224862 0.0 -58.5 5.405748296509 0
0000 0012 1710141224862 3.25 -57.0 2.2518837966161214 0
0000 0008 1710141224863 -9.75 -51.5 5.098952138931871 0
0000 0006 1710141224863 19.5 -61.5 4.571262747899211 0
0000 0013 1710141224863 35.75 -62.5 0.6688156235181395 0
0000 0015 1710141224863 32.5 -62.0 1.3437671701878218 0
0000 0014 1710141224864 6.5 -66.5 3.436116964863836 0
0000 0005 1710141224864 38.1875 -58.5 0.8528933180644165 0
0000 0006 1710141224864 -26.0 -62.0 4.700117134081604 0
0000 0011 1710141224864 -61.8125 -67.0 0.19634954084936207 0
0000 0008 1710141224865 -19.5 -52.0 5.111223985234957 0
0000 0015 1710141224865 13.0 -62.5 1.325359400733194 0
0000 0013 1710141224865 32.5 -62.0 0.6994952392758523 0
0000 0000 1710141224866 13.0 -55.5 1.3130875544301088 0
0000 0009 1710141224866 -13.8125 -63.5 3.3624858870453256 0
0000 0004 1710141224866 0.0 -56.5 4.178563666200486 0
0000 0002 1710141224867 -42.3125 -61.0 4.601942363656923 0
0000 0007 1710141224867 39.0 -60.5 3.7981364308048478 0
0000 0003 1710141224867 -13.0 -59.0 5.411884219660542 0
0000 0014 1710141224867 -39.0 -66.5 3.442252888015379 0
0000 0010 1710141224868 0.0 -66.5 5.178719139901925 0
0000 0012 1710141224868 -13.0 -56.5 2.270291566070749 0
0000 0000 1710141225085 6.5 -55.5 1.3130875544301088 0
0000 0008 1710141225085 0.0 -52.0 5.086680292628786 0
0000 0011 1710141225085 -45.5625 -66.5 0.1718058482431918 0
0000 0002 1710141225086 -9.75 -61.0 4.534447208989955 0
0000 0007 1710141225086 35.75 -60.0 3.767456815047135 0
0000 0012 1710141225086 7.3125 -57.0 2.2641556429192065 0
0000 0015 1710141225086 -29.25 -61.5 1.4358060174609601 0
0000 0003 1710141225087 -94.375 -58.5 5.546874528994478 0
0000 0004 1710141225087 6.5 -56.5 4.196971435655114 0
0000 0010 1710141225087 32.5 -67.0 5.0682725231741586 0
0000 0013 1710141225088 -22.75 -62.5 0.7363107781851077 0
0000 0006 1710141225088 45.5625 -62.0 4.589670517353839 0
0000 0005 1710141225088 16.25 -58.5 0.8651651643675016 0
0000 0009 1710141225088 30.875 -63.5 3.368621810196868 0
0000 0014 1710141225089 19.5 -67.0 3.448388811166921 0
0000 0015 1710141225089 29.25 -62.0 1.3192234775816514 0
0000 0014 1710141225089 -19.5 -66.5 3.448388811166921 0
0000 0010 1710141225089 -13.0 -67.0 5.21553467881118 0
0000 0011 1710141225090 -94.375 -67.0 0.21475731030398976 0
0000 0000 1710141225090 16.25 -55.5 1.2701360923693108 0
0000 0005 1710141225090 6.5 -58.5 0.8774370106705868 0
0000 0006 1710141225091 6.5 -61.5 4.6878452877785195 0
0000 0008 1710141225091 13.0 -52.0 5.056000676871073 0
0000 0004 1710141225092 9.75 -56.5 4.190835512503572 0
0000 0009 1710141225092 34.9375 -64.0 3.3747577333484107 0
0000 0012 1710141225092 13.0 -57.0 2.2396119503130363 0
0000 0003 1710141225093 29.25 -59.0 5.3627968344482015 0
0000 0002 1710141225093 0.0 -61.0 4.4976316700806995 0
0000 0013 1710141225093 16.25 -63.0 0.7240389318820226 0
0000 0007 1710141225093 9.75 -60.0 3.7981364308048478 0
0000 0003 1710141225208 19.5 -59.0 5.325981295538946 0
0000 0015 1710141225209 22.75 -62.0 1.3437671701878218 0
0000 0012 1710141225209 0.0 -56.5 2.2518837966161214 0
0000 0006 1710141225209 -9.75 -61.5 4.6448938257177215 0
0000 0011 1710141225210 -52.0625 -67.0 0.2086213871524472 0
0000 0008 1710141225210 -13.0 -52.0 5.098952138931871 0
0000 0004 1710141225210 -9.75 -56.5 4.2031073588066565 0
0000 0013 1710141225210 3.25 -62.5 0.7301748550335652 0
0000 0000 1710141225211 29.25 -55.5 1.2701360923693108 0
0000 0005 1710141225211 3.25 -58.5 0.8774370106705868 0
0000 0002 1710141225211 -13.0 -61.0 4.540583132141498 0
0000 0010 1710141225212 68.3125 -67.0 5.086680292628786 0
0000 0007 1710141225212 -29.25 -60.5 3.8288160465625602 0
0000 0009 1710141225212 65.875 -63.5 3.3870295796514958 0
0000 0014 1710141225213 -6.5 -66.5 3.423845118560751 0
0000 0015 1710141225444 45.5625 -63.0 1.3008157081270237 0
0000 0010 1710141225444 52.0625 -67.0 5.135767677841127 0
0000 0000 1710141225444 9.75 -55.5 1.2946797849754812 0
0000 0013 1710141225445 188.75 -62.0 0.42337869745643697 0
0000 0002 1710141225445 19.5 -61.0 4.491495746929157 0
0000 0007 1710141225445 29.25 -60.5 3.767456815047135 0
0000 0012 1710141225446 -3.25 -57.0 2.2580197197676637 0
0000 0008 1710141225446 -22.75 -52.0 5.098952138931871 0
0000 0004 1710141225446 -3.25 -56.0 4.172427743048944 0
0000 0006 1710141225446 0.0 -61.5 4.638757902566179 0
0000 0014 1710141225447 -26.0 -67.0 3.393165502803038 0
0000 0003 1710141225447 13.0 -59.0 5.344389064993574 0
0000 0005 1710141225447 -39.0 -58.5 0.9203884727313847 0
0000 0011 1710141225447 3.25 -66.0 6.2463697682703305 0
0000 0009 1710141225448 -62.625 -63.5 3.423845118560751 0
0000 0000 1710141225448 19.5 -55.5 1.2578642460662257 0
0000 0002 1710141225448 26.0 -61.0 4.442408361716817 0
0000 0009 1710141225449 -17.0625 -63.5 3.429981041712294 0
0000 0015 1710141225449 9.75 -62.5 1.368310862793992 0
0000 0006 1710141225449 32.5 -61.0 4.577398671050753 0
0000 0014 1710141225449 100.875 -67.0 3.313398501832985 0
0000 0008 1710141225450 13.0 -52.0 5.049864753719531 0
0000 0003 1710141225450 -9.75 -58.5 5.387340527054372 0
0000 0012 1710141225450 13.8125 -57.0 2.2334760271614935 0
0000 0013 1710141225451 -6.5 -62.0 0.705631162427395 0
0000 0010 1710141225451 -42.3125 -67.5 5.227806525114265 0
0000 0005 1710141225451 9.75 -58.5 0.8835729338221293 0
0000 0007 1710141225452 16.25 -60.5 3.7981364308048478 0
0000 0004 1710141225452 6.5 -56.5 4.166291819897402 0
0000 0011 1710141225452 -100.875 -67.0 0.21475731030398976 0
0000 0009 1710141225700 21.125 -63.5 3.3747577333484107 0
0000 0006 1710141225700 58.5625 -61.0 4.540583132141498 0
0000 0002 1710141225701 48.8125 -61.0 4.442408361716817 0
0000 0000 1710141225701 29.25 -55.5 1.2578642460662257 0
0000 0012 1710141225701 55.3125 -57.0 2.1905245651006955 0
0000 0011 1710141225702 -22.75 -66.5 0.09817477042468103 0
0000 0005 1710141225702 -3.25 -58.5 0.8467573949128739 0
0000 0013 1710141225702 -45.5625 -62.5 0.8160777791551611 0
0000 0004 1710141225702 19.5 -56.5 4.1601558967458585 0
0000 0008 1710141225703 3.25 -52.0 5.043728830567988 0
0000 0003 1710141225704 -22.75 -59.0 5.418020142812084 0
0000 0007 1710141225704 -26.0 -60.0 3.810408277107933 0
0000 0010 1710141225704 -42.3125 -67.0 5.203262832508095 0
0000 0015 1710141225704 9.75 -62.0 1.3867186322486196 0
0000 0014 1710141225705 -29.25 -66.5 3.5465635815916023 0
0000 0005 1710141225705 -29.25 -59.0 0.8958447801252144 0
0000 0004 1710141225705 -6.5 -56.5 4.196971435655114 0
0000 0009 1710141225705 3.25 -63.5 3.4606606574700063 0
0000 0015 1710141225706 -19.5 -62.5 1.4051264017032472 0
0000 0012 1710141225706 -9.75 -57.0 2.2641556429192065 0
0000 0002 1710141225706 -26.0 -60.5 4.546719055293041 0
0000 0008 1710141225707 -16.25 -52.0 5.080544369477243 0
0000 0013 1710141225707 71.5625 -62.0 0.6135923151542565 0
0000 0010 1710141225707 -52.0625 -67.0 5.209398755659637 0
0000 0007 1710141225707 3.25 -60.0 3.773592738198677 0
0000 0000 1710141225708 19.5 -55.5 1.2455923997631406 0
0000 0014 1710141225708 -74.8125 -67.0 3.5158839658338894 0
0000 0003 1710141225708 -29.25 -59.0 5.399612373357457 0
0000 0011 1710141225708 -78.0625 -67.5 0.2454369260617026 0
0000 0006 1710141225709 3.25 -61.5 4.614214209960009 0
0000 0001 1710141225840 -1.4375 -79.0 1.7855536370988863 0
0000 0003 1710141225840 32.5 -59.0 5.332117218690489 0
0000 0013 1710141225840 29.25 -62.0 0.6688156235181395 0
0000 0012 1710141225840 0.0 -57.0 2.2641556429192065 0
0000 0008 1710141225841 -22.75 -52.0 5.074408446325701 0
0000 0007 1710141225841 65.0625 -60.0 3.6570101983193686 0
0000 0005 1710141225841 32.5 -58.5 0.803805932852076 0
0000 0014 1710141225841 6.5 -67.5 3.552699504743145 0
0000 0000 1710141225842 -9.75 -56.0 1.3130875544301088 0
0000 0010 1710141225842 -104.125 -67.5 5.313709449235861 0
0000 0002 1710141225842 13.0 -61.0 4.485359823777615 0
0000 0004 1710141225842 42.3125 -56.5 4.0987966652304335 0
0000 0009 1710141225843 -55.3125 -63.0 3.5465635815916023 0
0000 0015 1710141225843 58.5625 -62.0 1.2578642460662257 0
0000 0011 1710141225843 -3.25 -67.5 0.09817477042468103 0
0000 0006 1710141225844 -6.5 -61.5 4.614214209960009 0
0000 0006 1710141225967 6.5 -61.5 4.601942363656923 0
0000 0012 1710141225967 -32.5 -56.5 2.3316507975861747 0
0000 0005 1710141225968 9.75 -59.0 0.8283496254582462 0
0000 0000 1710141225968 13.0 -55.5 1.2517283229146832 0
0000 0008 1710141225968 -3.25 -52.0 5.0682725231741586 0
0000 0004 1710141225968 -32.5 -56.5 4.215379205109742 0
0000 0010 1710141225969 32.5 -67.5 5.160311370447297 0
0000 0003 1710141225969 -71.5625 -58.5 5.485515297479052 0
0000 0009 1710141225969 21.125 -63.0 3.454524734318464 0
0000 0015 1710141225969 52.0625 -62.0 1.2640001692177683 0
0000 0013 1710141225970 0.0 -62.5 0.7301748550335652 0
0000 0014 1710141225970 -13.0 -67.5 3.497476196379262 0
0000 0011 1710141225970 22.75 -66.0 0.1349903093339364 0
0000 0002 1710141225970 9.75 -61.0 4.491495746929157 0
0000 0007 1710141225971 29.25 -60.5 3.77972866135022 0
0000 0002 1710141226217 -32.5 -60.5 4.552854978444583 0
0000 0009 1710141226217 -13.8125 -63.0 3.5036121195308043 0
0000 0004 1710141226218 -13.0 -56.5 4.184699589352029 0
0000 0008 1710141226218 0.0 -51.5 5.049864753719531 0
0000 0012 1710141226218 13.8125 -57.0 2.227340104009951 0
0000 0007 1710141226219 -3.25 -60.0 3.8288160465625602 0
0000 0015 1710141226219 39.0 -61.5 1.3314953238847365 0
0000 0005 1710141226219 -6.5 -58.5 0.8651651643675016 0
0000 0000 1710141226219 52.0625 -55.5 1.2087768608538851 0
0000 0006 1710141226220 -65.0625 -61.5 4.7307967498393175 0
0000 0003 1710141226220 48.8125 -58.5 5.2768939103266055 0
0000 0010 1710141226220 55.3125 -66.5 5.129631754689584 0
0000 0014 1710141226220 -68.3125 -67.5 3.5342917352885173 0
0000 0013 1710141226221 32.5 -62.0 0.6688156235181395 0
0000 0011 1710141226221 -35.75 -66.5 0.20248546400090464 0
0000 0011 1710141226335 107.375 -66.5 6.227961998815704 0
0000 0003 1710141226336 6.5 -58.5 5.356660911296659 0
0000 0000 1710141226336 26.0 -55.5 1.2517283229146832 0
0000 0004 1710141226336 3.25 -56.5 4.1417481272912315 0
0000 0005 1710141226336 -16.25 -59.0 0.8713010875190442 0
0000 0010 1710141226337 87.875 -66.5 5.031456984264903 0
0000 0015 1710141226337 3.25 -62.0 1.3621749396424494 0
0000 0013 1710141226337 45.5625 -62.0 0.6565437772150544 0
0000 0012 1710141226338 35.75 -57.0 2.2212041808584084 0
0000 0008 1710141226338 -3.25 -52.0 5.043728830567988 0
0000 0009 1710141226338 65.875 -63.0 3.3195344249845276 0
0000 0014 1710141226338 16.25 -66.5 3.429981041712294 0
0000 0002 1710141226339 -52.0625 -60.5 4.583534594202296 0
0000 0007 1710141226339 -29.25 -60.5 3.8717675086233583 0
0000 0006 1710141226339 29.25 -61.0 4.595806440505381 0
0000 0010 1710141226339 0.0 -66.5 5.062136600022616 0
0000 0004 1710141226340 0.0 -56.0 4.172427743048944 0
0000 0009 1710141226340 -34.9375 -63.5 3.466796580621549 0
0000 0007 1710141226340 -13.0 -60.0 3.859495662320273 0
0000 0012 1710141226341 35.75 -57.0 2.184388641949153 0
0000 0008 1710141226341 3.25 -52.0 5.056000676871073 0
0000 0006 1710141226341 -6.5 -61.5 4.632621979414636 0
0000 0014 1710141226341 -16.25 -67.0 3.5036121195308043 0
0000 0003 1710141226342 -32.5 -58.5 5.393476450205914 0
0000 0005 1710141226342 19.5 -58.5 0.8160777791551611 0
0000 0000 1710141226343 7.3125 -55.5 1.2517283229146832 0
0000 0015 1710141226343 42.3125 -62.5 1.3192234775816514 0
0000 0002 1710141226343 -3.25 -60.5 4.503767593232243 0
0000 0013 1710141226343 61.8125 -62.0 0.7117670855789375 0
0000 0011 1710141226344 91.125 -66.0 6.258641614573416 0
0000 0008 1710141226580 16.25 -51.5 5.019185137961818 0
0000 0014 1710141226580 -42.3125 -67.0 3.472932503773092 0
0000 0000 1710141226580 32.5 -55.5 1.184233168247715 0
0000 0009 1710141226580 -30.875 -64.0 3.4177091954092087 0
0000 0004 1710141226581 -9.75 -56.5 4.154019973594316 0
0000 0012 1710141226581 3.25 -57.0 2.2641556429192065 0
0000 0011 1710141226581 -19.5 -67.0 0.07363107781851078 0
0000 0003 1710141226581 0.0 -59.0 5.3627968344482015 0
0000 0010 1710141226582 -74.8125 -66.5 5.2339424482658075 0
0000 0013 1710141226582 22.75 -62.5 0.7363107781851077 0
0000 0006 1710141226582 -19.5 -61.0 4.675573441475434 0
0000 0002 1710141226583 13.0 -60.5 4.454680208019902 0
0000 0015 1710141226583 9.75 -62.0 1.368310862793992 0
0000 0007 1710141226583 -6.5 -60.5 3.8410878928656453 0
0000 0005 1710141226583 13.8125 -58.5 0.8344855486097889 0
0000 0008 1710141226584 -6.5 -51.5 5.049864753719531 0
0000 0009 1710141226584 -83.0 -64.0 3.466796580621549 0
0000 0005 1710141226584 52.0625 -58.5 0.7669903939428205 0
0000 0000 1710141226584 19.5 -55.0 1.2087768608538851 0
0000 0003 1710141226585 19.5 -58.5 5.307573526084319 0
0000 0014 1710141226585 -39.0 -67.5 3.497476196379262 0
0000 0007 1710141226585 -6.5 -60.5 3.8288160465625602 0
0000 0004 1710141226586 -3.25 -56.5 4.166291819897402 0
0000 0015 1710141226586 0.0 -62.0 1.3989904785517047 0
0000 0011 1710141226586 -3.25 -66.5 0.02454369260617026 0
0000 0013 1710141226586 -6.5 -62.0 0.7301748550335652 0
0000 0012 1710141226587 9.75 -57.0 2.2150682577068657 0
0000 0002 1710141226587 9.75 -60.5 4.3933209765044765 0
0000 0010 1710141226587 68.3125 -67.0 5.019185137961818 0
0000 0006 1710141226587 -9.75 -61.5 4.620350133111551 0
0000 0012 1710141226838 -10.5625 -56.5 2.2886993355253766 0
0000 0008 1710141226838 -19.5 -52.0 5.0682725231741586 0
0000 0000 1710141226839 42.3125 -55.5 1.1719613219446299 0
0000 0002 1710141226840 6.5 -60.5 4.399456899656019 0
0000 0010 1710141226840 120.4375 -66.5 4.9823695990525625 0
0000 0014 1710141226840 58.5625 -68.0 3.429981041712294 0
0000 0005 1710141226840 -22.75 -58.5 0.8835729338221293 0
0000 0006 1710141226841 -35.75 -61.5 4.718524903536232 0
0000 0011 1710141226841 9.75 -66.0 0.07363107781851078 0
0000 0013 1710141226841 26.0 -62.0 0.6810874698212247 0
0000 0004 1710141226841 -32.5 -56.5 4.190835512503572 0
0000 0003 1710141226842 -16.25 -58.5 5.325981295538946 0
0000 0007 1710141226842 9.75 -60.5 3.749049045592507 0
0000 0015 1710141226842 45.5625 -62.0 1.3192234775816514 0
0000 0009 1710141226843 38.1875 -65.0 3.313398501832985 0
0000 0014 1710141226843 -61.8125 -67.0 3.56497135104623 0
0000 0005 1710141226843 3.25 -58.5 0.8283496254582462 0
0000 0009 1710141226843 -65.875 -64.0 3.3747577333484107 0
0000 0012 1710141226844 -29.25 -56.5 2.2948352586769194 0
0000 0010 1710141226844 -42.3125 -67.0 5.270757987175063 0
0000 0011 1710141226844 81.375 -67.0 0.02454369260617026 0
0000 0008 1710141226844 -6.5 -52.0 5.031456984264903 0
0000 0003 1710141226845 19.5 -58.5 5.252350217720435 0
0000 0015 1710141226845 6.5 -62.0 1.3560390164909069 0
0000 0000 1710141226845 48.8125 -55.5 1.1535535524900022 0
0000 0013 1710141226846 55.3125 -62.5 0.6381360077604268 0
0000 0006 1710141226846 -16.25 -61.5 4.601942363656923 0
0000 0004 1710141226846 9.75 -56.5 4.135612204139688 0
0000 0002 1710141226846 0.0 -61.0 4.405592822807561 0
0000 0007 1710141226847 -9.75 -60.0 3.7981364308048478 0
0000 0013 1710141227076 65.0625 -62.0 0.662679700366597 0
0000 0014 1710141227076 -113.875 -67.0 3.6017868899554855 0
0000 0012 1710141227077 39.0 -56.5 2.2089323345553233 0
0000 0003 1710141227077 9.75 -59.0 5.258486140871978 0
0000 0005 1710141227077 3.25 -58.5 0.8406214717613314 0
0000 0015 1710141227077 26.0 -62.0 1.3437671701878218 0
0000 0006 1710141227078 16.25 -61.5 4.601942363656923 0
0000 0009 1710141227078 -27.625 -64.0 3.2336315008629315 0
0000 0004 1710141227078 -3.25 -56.5 4.135612204139688 0
0000 0008 1710141227079 13.0 -52.0 5.006913291658733 0
0000 0002 1710141227079 9.75 -60.5 4.368777283898306 0
0000 0000 1710141227079 0.0 -55.5 1.2333205534600555 0
0000 0010 1710141227079 -3.25 -67.0 5.098952138931871 0
0000 0011 1710141227080 -6.5 -66.5 0.1043106935762236 0
0000 0007 1710141227080 0.0 -60.0 3.749049045592507 0
0000 0003 1710141227080 -45.5625 -58.0 5.344389064993574 0
0000 0007 1710141227080 0.0 -60.0 3.810408277107933 0
0000 0012 1710141227081 -9.75 -56.5 2.2641556429192065 0
0000 0006 1710141227081 19.5 -61.0 4.577398671050753 0
0000 0008 1710141227081 3.25 -52.0 4.988505522204105 0
0000 0000 1710141227081 10.5625 -55.5 1.1658253987930873 0
0000 0009 1710141227082 145.625 -64.5 3.0802334220743677 0
0000 0004 1710141227082 -39.0 -56.0 4.178563666200486 0
0000 0002 1710141227082 32.5 -61.0 4.264466590322082 0
0000 0013 1710141227083 39.0 -62.0 0.7301748550335652 0
0000 0015 1710141227083 29.25 -62.5 1.3437671701878218 0
0000 0005 1710141227083 10.5625 -59.0 0.803805932852076 0
0000 0010 1710141227083 -29.25 -67.5 5.135767677841127 0
0000 0011 1710141227084 35.75 -66.5 0.0674951546669682 0
0000 0014 1710141227084 3.25 -67.5 3.552699504743145 0
0000 0008 1710141227202 13.0 -52.0 5.00077736850719 0
0000 0006 1710141227202 -32.5 -61.5 4.651029748869264 0
0000 0005 1710141227202 10.5625 -58.5 0.7731263170943632 0
0000 0003 1710141227203 -3.25 -58.5 5.240078371417351 0
0000 0002 1710141227203 -19.5 -61.0 4.374913207049849 0
0000 0013 1710141227203 -32.5 -62.5 0.760854470791278 0
0000 0011 1710141227203 16.25 -66.5 0.09203884727313846 0
0000 0004 1710141227204 -19.5 -56.0 4.147884050442774 0
0000 0000 1710141227204 -6.5 -55.0 1.1658253987930873 0
0000 0015 1710141227204 9.75 -62.5 1.3192234775816514 0
0000 0014 1710141227204 -19.5 -67.5 3.4913402732277192 0
0000 0012 1710141227205 -35.75 -57.0 2.3009711818284617 0
0000 0010 1710141227205 123.6875 -66.5 4.853515212870168 0
0000 0007 1710141227205 16.25 -60.0 3.7551849687440497 0
0000 0009 1710141227206 -100.875 -65.0 3.411573272257666 0
