0001 0015 1711696481966 78.0625 -62.0 0.42337869745643697 10
0001 0013 1711696481966 159.5 -69.0 0.11658253987930872 10
0001 0007 1711696481967 -26.0 -67.5 3.1354567304382504 10
0001 0005 1711696481967 100.875 -64.0 4.8351074434155406 10
0001 0009 1711696481968 29.25 -69.0 2.1353012567368124 10
0001 0012 1711696481968 -52.0625 -57.5 5.681864838328415 10
0001 0014 1711696481968 -29.25 -65.5 3.9944859716542096 10
0001 0012 1711696481969 -29.25 -57.0 5.706408530934585 10
0001 0013 1711696481969 -16.25 -69.5 0.23316507975861744 10
0001 0015 1711696481969 13.0 -62.0 0.5583690067903734 10
0001 0009 1711696481970 48.8125 -69.0 2.110757564130642 10
0001 0005 1711696481970 -22.75 -64.5 4.749204519293945 10
0001 0014 1711696481971 -68.3125 -66.0 4.154019973594316 10
0001 0007 1711696481971 -146.4375 -66.5 2.9636508821950587 10
0001 0005 1711696482206 -42.3125 -65.0 4.755340442445488 10
0001 0007 1711696482207 -45.5625 -66.0 2.5280003384355365 10
0001 0012 1711696482207 -6.5 -57.0 5.6573211457222445 10
0001 0013 1711696482207 19.5 -70.0 0.0674951546669682 10
0001 0014 1711696482208 -45.5625 -65.5 4.031301510563465 10
0001 0015 1711696482208 55.3125 -62.0 0.4724660826687775 10
0001 0009 1711696482208 -179.0 -69.0 2.6875343403756435 10
0001 0012 1711696482209 -29.25 -57.5 5.6573211457222445 10
0001 0005 1711696482209 68.3125 -66.0 4.614214209960009 10
0001 0007 1711696482209 -32.5 -65.0 2.2150682577068657 10
0001 0015 1711696482210 9.75 -62.5 0.5338253141842031 10
0001 0009 1711696482210 6.5 -68.5 2.043262409463674 10
0001 0014 1711696482211 26.0 -66.5 3.9638063558964967 10
0001 0013 1711696482211 48.8125 -69.5 0.0674951546669682 10
0001 0009 1711696482457 68.3125 -69.0 2.073942025221387 10
0001 0007 1711696482457 9.75 -65.5 2.030990563160589 10
0001 0012 1711696482457 -16.25 -57.5 5.602097837358362 10
0001 0005 1711696482457 -100.875 -66.5 4.779884135051658 10
0001 0014 1711696482458 6.5 -66.0 4.006757817957295 10
0001 0015 1711696482458 48.8125 -62.5 0.5031456984264903 10
0001 0013 1711696482458 84.625 -69.0 6.154330920997192 10
0001 0009 1711696482459 52.0625 -68.5 2.0064468705544187 10
0001 0013 1711696482459 -42.3125 -68.5 0.018407769454627694 10
0001 0014 1711696482459 -9.75 -66.5 4.01902966426038 10
0001 0012 1711696482461 29.25 -57.0 5.491651220630596 10
0001 0015 1711696482461 19.5 -62.0 0.5338253141842031 10
0001 0007 1711696482461 -13.0 -65.5 2.098485717827557 10
0001 0005 1711696482462 -58.5625 -65.5 4.798291904506286 10
0001 0009 1711696482687 -68.3125 -68.0 2.1537090261914402 10
0001 0015 1711696482687 32.5 -62.5 0.4970097752749477 10
0001 0007 1711696482688 48.8125 -65.0 2.043262409463674 10
0001 0014 1711696482688 -35.75 -66.5 4.025165587411922 10
0001 0005 1711696482688 -22.75 -66.0 4.6448938257177215 10
0001 0013 1711696482689 55.3125 -67.5 6.007068765360171 10
0001 0012 1711696482689 9.75 -57.5 5.4671075280244255 10
0001 0012 1711696482689 -19.5 -57.0 5.45483568172134 10
0001 0007 1711696482690 221.3125 -65.0 1.8100973297050567 10
0001 0014 1711696482690 -52.0625 -66.0 4.09266074207889 10
0001 0015 1711696482690 61.8125 -63.0 0.4479223900626072 10
0001 0005 1711696482691 3.25 -67.0 4.706253057233147 10
0001 0013 1711696482691 74.8125 -67.5 5.988660995905543 10
0001 0009 1711696482691 -32.5 -68.0 2.0493983326152168 10
0001 0013 1711696482692 -19.5 -67.5 6.043884304269426 10
0001 0009 1711696482692 -26.0 -68.5 2.055534255766759 10
0001 0007 1711696482692 22.75 -66.0 2.12916533358527 10
0001 0015 1711696482693 -6.5 -62.5 0.5583690067903734 10
0001 0014 1711696482693 45.5625 -65.5 3.9453985864418692 10
0001 0012 1711696482693 -26.0 -57.0 5.368932757599744 10
0001 0005 1711696482694 26.0 -67.5 4.7307967498393175 10
0001 0005 1711696482957 71.5625 -66.0 4.700117134081604 10
0001 0012 1711696482957 3.25 -57.0 5.344389064993574 10
0001 0013 1711696482957 -42.3125 -66.5 6.080699843178682 10
0001 0007 1711696482958 159.5 -66.0 1.8837284075235674 10
0001 0014 1711696482958 -35.75 -65.5 4.01902966426038 10
0001 0015 1711696482958 -9.75 -63.0 0.5276893910326605 10
0001 0009 1711696482959 -185.5 -68.5 2.2457478734645786 10
0001 0012 1711696482959 0.0 -57.0 5.43029198911517 10
0001 0015 1711696482959 68.3125 -62.5 0.4479223900626072 10
0001 0007 1711696482960 -55.3125 -66.0 2.1966604882522383 10
0001 0014 1711696482960 -35.75 -66.0 4.06811704947272 10
0001 0009 1711696482960 130.1875 -68.0 1.748738098189631 10
0001 0013 1711696482961 3.25 -67.0 6.019340611663256 10
0001 0005 1711696482961 -32.5 -66.5 4.828971520263998 10
0001 0014 1711696483191 58.5625 -66.0 3.8840393549264434 10
0001 0005 1711696483191 -6.5 -65.5 4.718524903536232 10
0001 0012 1711696483191 3.25 -58.0 5.737088146692298 10
0001 0015 1711696483191 0.0 -62.0 0.5522330836388308 10
0001 0007 1711696483192 6.5 -65.5 2.024854640009046 10
0001 0009 1711696483192 149.6875 -69.0 1.8039614065535141 10
0001 0013 1711696483192 -68.3125 -67.0 0.07363107781851078 10
0001 0005 1711696483193 -13.0 -65.0 4.743068596142402 10
0001 0012 1711696483193 -6.5 -58.5 6.013204688511713 10
0001 0014 1711696483193 -39.0 -66.5 4.000621894805752 10
0001 0009 1711696483194 -26.0 -69.0 2.110757564130642 10
0001 0013 1711696483194 136.6875 -68.0 6.277049384028044 10
0001 0015 1711696483194 48.8125 -62.0 0.4663301595172349 10
0001 0007 1711696483195 -100.875 -67.0 2.411417798556228 10
0001 0001 1711696483195 7.3125 -71.5 4.724660826687775 10
0001 0003 1711696483195 -9.75 -78.0 5.141903600992669 10
0001 0013 1711696483367 0.0 -71.0 0.8222137023067037 10
0001 0015 1711696483368 26.0 -62.5 0.5276893910326605 10
0001 0014 1711696483369 -61.8125 -65.0 4.000621894805752 10
0001 0005 1711696483369 26.0 -63.5 4.693981210930062 10
0001 0012 1711696483369 58.5625 -59.0 0.4111068511533518 10
0001 0001 1711696483370 26.0 -68.5 5.006913291658733 10
0001 0007 1711696483370 6.5 -67.5 2.350058567040802 10
0001 0009 1711696483370 -35.75 -69.0 2.6813984172241008 10
0001 0003 1711696483371 6.6875 -76.5 2.12916533358527 10
0001 0007 1711696483371 -87.875 -69.0 3.8717675086233583 10
0001 0012 1711696483371 113.875 -57.5 1.2517283229146832 10
0001 0005 1711696483372 -26.0 -63.0 4.822835597112456 10
0001 0001 1711696483372 -65.0625 -70.0 5.442563835418255 10
0001 0015 1711696483372 29.25 -64.5 0.6688156235181395 10
0001 0011 1711696483373 172.5 -71.0 6.056156150572511 10
0001 0009 1711696483373 52.0625 -67.5 2.9943304979527716 10
0001 0003 1711696483455 -9.75 -76.5 5.43029198911517 10
0001 0010 1711696483456 4.25 -73.0 1.4296700943094176 10
0001 0014 1711696483594 -19.5 -65.0 4.509903516383785 10
0001 0007 1711696483594 -16.25 -66.5 5.190990986205009 10
0001 0015 1711696483594 -52.0625 -66.5 3.9147189706841563 10
0001 0011 1711696483595 -16.25 -67.5 0.705631162427395 10
0001 0005 1711696483595 -94.375 -64.5 5.3198453723874035 10
0001 0012 1711696483595 -13.0 -63.5 1.6321555583103222 10
0001 0010 1711696483596 146.4375 -69.0 1.8285050991596843 10
0001 0009 1711696483596 -35.75 -71.0 4.049709280018092 10
0001 0011 1711696483596 65.0625 -65.5 0.9265243958829272 10
0001 0014 1711696483597 -110.625 -69.5 4.608078286808466 10
0001 0007 1711696483597 0.0 -63.0 5.970253226450915 10
0001 0005 1711696483597 -39.0 -68.0 6.240233845118788 10
0001 0010 1711696483598 126.9375 -68.0 2.791845033951867 10
0001 0015 1711696483598 26.0 -60.5 3.5956509668039427 10
0001 0012 1711696483599 -9.75 -62.5 2.5586799541932495 10
0001 0009 1711696483599 61.8125 -69.5 5.651185222570702 10
0001 0007 1711696483822 13.0 -59.5 1.1658253987930873 10
0001 0012 1711696483822 6.5 -60.5 3.184544115650591 10
0001 0011 1711696483822 74.8125 -68.5 3.104777114680538 10
0001 0009 1711696483823 9.75 -68.0 0.9694758579437253 10
0001 0015 1711696483823 42.3125 -69.0 5.2768939103266055 10
0001 0010 1711696483823 130.1875 -70.0 4.522175362686871 10
0001 0014 1711696483824 -81.375 -70.5 4.06811704947272 10
0001 0001 1711696483824 -6.0625 -71.0 6.2463697682703305 10
0001 0011 1711696483824 16.25 -63.0 5.872078456026235 10
0001 0015 1711696483825 22.75 -63.0 1.1228739367322893 10
0001 0009 1711696483825 22.75 -65.5 2.6875343403756435 10
0001 0007 1711696483825 -6.5 -59.5 2.736621725587984 10
0001 0012 1711696483826 -3.25 -58.0 4.1172044346850605 10
0001 0001 1711696483826 -32.5 -63.0 1.3437671701878218 10
0001 0004 1711696483826 78.0625 -70.5 0.6565437772150544 10
0001 0014 1711696483827 -126.9375 -69.5 3.8533597391687304 10
0001 0003 1711696483956 0.5625 -78.0 4.743068596142402 10
0001 0012 1711696483956 -42.3125 -66.0 6.178874613603362 10
0001 0001 1711696483956 -3.25 -62.0 3.3072625786814425 10
0001 0011 1711696483957 -3.25 -63.0 1.8653206380689396 10
0001 0005 1711696483957 -16.25 -67.5 1.88986433067511 10
0001 0007 1711696483958 -68.3125 -64.0 5.706408530934585 10
0001 0015 1711696483958 -146.4375 -68.5 1.7916895602504288 10
0001 0003 1711696484195 33.5625 -77.5 5.632777453116074 10
0001 0004 1711696484195 1.75 -74.0 0.0674951546669682 10
0001 0009 1711696484196 3.125 -75.0 1.4542137869155878 10
0001 0004 1711696484196 9.75 -68.0 3.098641191528995 10
0001 0008 1711696484196 0.0 -68.5 1.8775924843720249 10
0001 0001 1711696484197 39.0 -63.5 0.662679700366597 10
0001 0007 1711696484197 -13.0 -61.0 4.215379205109742 10
0001 0015 1711696484198 97.625 -68.0 1.8775924843720249 10
0001 0011 1711696484199 -3.25 -70.5 0.14726215563702155 10
0001 0005 1711696484199 32.5 -67.0 0.2699806186678728 10
0001 0009 1711696484199 -29.25 -73.5 5.540738605842936 10
0001 0010 1711696484199 31.6875 -72.0 6.160466844148735 10
0001 0006 1711696484201 -0.25 -74.5 5.45483568172134 10
0001 0005 1711696484201 -16.25 -65.5 3.822680123411018 10
0001 0007 1711696484201 -6.5 -62.0 0.521553467881118 10
0001 0011 1711696484201 22.75 -67.5 3.5772431973493153 10
0001 0004 1711696484202 -91.125 -70.5 4.135612204139688 10
0001 0015 1711696484202 -32.5 -66.5 2.4605051837685683 10
0001 0014 1711696484202 61.8125 -66.0 1.000155473701438 10
0001 0001 1711696484203 13.0 -62.0 3.6017868899554855 10
0001 0008 1711696484203 -45.5625 -71.5 4.8351074434155406 10
0001 0010 1711696484456 5.0 -72.5 5.994796919057086 10
0001 0008 1711696484457 117.9375 -70.0 1.6198837120072371 10
0001 0015 1711696484457 -6.5 -61.5 2.380738182798515 10
0001 0005 1711696484457 39.0 -63.5 0.5031456984264903 10
0001 0011 1711696484458 -19.5 -64.5 6.007068765360171 10
0001 0010 1711696484458 -26.0 -67.5 3.9576704327449543 10
0001 0007 1711696484458 -29.25 -66.0 3.153864499892878 10
0001 0001 1711696484459 55.3125 -64.5 0.03681553890925539 10
0001 0007 1711696484459 -13.0 -63.0 5.037592907416445 10
0001 0011 1711696484459 58.5625 -65.0 1.7426021750380885 10
0001 0010 1711696484460 -52.0625 -65.0 5.853670686571607 10
0001 0008 1711696484460 -110.625 -66.5 4.289010282928253 10
0001 0005 1711696484460 -55.3125 -64.5 2.4605051837685683 10
0001 0001 1711696484461 -162.75 -68.5 3.8533597391687304 10
0001 0015 1711696484461 22.75 -63.5 2.4175537217077703 10
0001 0006 1711696484706 -3.1875 -74.0 2.055534255766759 10
0001 0009 1711696484707 -5.1875 -75.0 5.086680292628786 10
0001 0005 1711696484707 13.0 -66.5 5.264622064023521 10
0001 0007 1711696484707 -22.75 -65.5 1.1044661672776617 10
0001 0011 1711696484708 6.5 -66.0 4.399456899656019 10
0001 0008 1711696484708 149.6875 -67.0 0.07363107781851078 10
0001 0015 1711696484708 68.3125 -61.0 1.8530487917658545 10
0001 0001 1711696484708 0.0 -63.0 0.8835729338221293 10
0001 0006 1711696484709 -91.125 -70.5 3.2090878082567613 10
0001 0004 1711696484709 -39.0 -67.0 1.748738098189631 10
0001 0013 1711696484709 4.375 -74.0 0.521553467881118 10
0001 0010 1711696484867 2.4375 -72.0 5.221670601962723 10
0001 0012 1711696484867 -0.25 -76.0 1.030835089459151 10
0001 0009 1711696484867 3.375 -76.0 0.6442719309119693 10
0001 0014 1711696484867 -0.4375 -72.0 0.46019423636569234 10
0001 0004 1711696484868 -146.4375 -71.0 3.0066023442558567 10
0001 0007 1711696484868 29.25 -66.0 0.47860200582032003 10
0001 0005 1711696484868 13.0 -66.0 6.252505691421874 10
0001 0010 1711696484869 -149.6875 -67.5 4.1601558967458585 10
0001 0008 1711696484869 62.625 -66.0 1.1351457830353744 10
0001 0014 1711696484869 -16.25 -69.0 3.6263305825616556 10
0001 0009 1711696484870 3.25 -71.0 1.2578642460662257 10
0001 0006 1711696484870 16.25 -68.0 4.97623367590102 10
0001 0015 1711696484871 97.625 -69.0 3.2520392703175593 10
0001 0012 1711696484871 -78.0625 -72.5 5.8659425328746915 10
0001 0001 1711696484872 -3.625 -69.5 5.491651220630596 10
0001 0004 1711696484872 29.25 -67.5 4.902602598082509 10
0001 0011 1711696484872 -3.25 -68.0 4.301282129231338 10
0001 0006 1711696484873 9.75 -66.5 1.2455923997631406 10
0001 0001 1711696484873 -146.4375 -69.0 4.988505522204105 10
0001 0005 1711696484874 -45.5625 -60.5 3.5895150436524004 10
0001 0015 1711696484874 -52.0625 -67.0 0.04908738521234052 10
0001 0008 1711696484875 -34.9375 -70.5 4.724660826687775 10
0001 0010 1711696484875 -32.5 -66.5 1.5830681730979816 10
0001 0014 1711696484875 9.75 -66.0 2.8102528034064944 10
0001 0012 1711696484965 23.5625 -71.0 5.954913418572059 10
0001 0009 1711696484965 -4.875 -74.0 6.191146459906448 10
0001 0014 1711696485094 -32.5 -68.5 3.1784081924990484 10
0001 0011 1711696485094 42.3125 -62.0 0.2638446955163303 10
0001 0006 1711696485095 -6.5 -68.5 4.264466590322082 10
0001 0008 1711696485095 17.0625 -68.5 2.1659808724945253 10
0001 0001 1711696485095 -42.3125 -66.0 3.380893656499953 10
0001 0009 1711696485096 136.6875 -64.0 2.1966604882522383 10
0001 0005 1711696485096 26.0 -65.0 1.8100973297050567 10
0001 0015 1711696485096 48.8125 -69.5 2.2089323345553233 10
0001 0010 1711696485097 -162.75 -64.0 4.957825906446392 10
0001 0010 1711696485097 52.0625 -63.5 0.5890486225480862 10
0001 0005 1711696485097 -22.75 -61.0 4.6448938257177215 10
0001 0008 1711696485097 13.8125 -68.0 4.779884135051658 10
0001 0012 1711696485098 205.0625 -70.0 1.6812429435226628 10
0001 0009 1711696485098 6.5 -63.5 4.767612288748572 10
0001 0001 1711696485099 0.0 -61.5 0.7915340865489908 10
0001 0011 1711696485099 22.75 -69.0 2.6445828783148455 10
0001 0006 1711696485099 -52.0625 -70.0 0.7179030087304801 10
0001 0015 1711696485216 -1.625 -66.5 1.8960002538266525 10
0001 0014 1711696485216 43.9375 -71.5 4.945554060143307 10
0001 0007 1711696485216 -0.5625 -74.5 1.7855536370988863 10
0001 0009 1711696485217 9.75 -65.5 1.9757672547967058 10
0001 0015 1711696485217 -39.0 -62.5 5.712544454086128 10
0001 0006 1711696485217 -74.8125 -67.0 3.6140587362585705 10
0001 0001 1711696485218 3.25 -60.5 4.442408361716817 10
0001 0014 1711696485218 26.0 -66.0 1.6873788666742053 10
0001 0011 1711696485218 32.5 -63.0 0.30066023442558565 10
0001 0012 1711696485219 -58.5625 -65.5 3.018874190558942 10
0001 0010 1711696485219 -71.5625 -67.0 3.9515345095934116 10
0001 0005 1711696485219 3.25 -65.5 1.7241944055834606 10
0001 0004 1711696485219 26.0 -70.5 2.3316507975861747 10
0001 0008 1711696485220 13.8125 -69.5 2.5770877236478773 10
0001 0005 1711696485442 -16.25 -62.0 0.0 10
0001 0008 1711696485442 48.8125 -72.5 0.22089323345553233 10
0001 0011 1711696485443 120.4375 -67.5 4.552854978444583 10
0001 0010 1711696485443 61.8125 -64.5 1.8285050991596843 10
0001 0009 1711696485443 -16.25 -66.0 5.577554144752192 10
0001 0001 1711696485443 -9.75 -60.0 2.3930100291016 10
0001 0014 1711696485444 13.0 -62.5 1.8407769454627694 10
0001 0006 1711696485444 48.8125 -70.0 0.8344855486097889 10
0001 0005 1711696485444 -22.75 -62.5 4.657165672020807 10
0001 0006 1711696485445 -22.75 -62.0 5.338253141842031 10
0001 0010 1711696485445 -13.0 -64.0 6.154330920997192 10
0001 0009 1711696485445 71.5625 -71.0 3.5342917352885173 10
0001 0011 1711696485446 -55.3125 -65.5 4.031301510563465 10
0001 0001 1711696485446 6.5 -60.5 6.277049384028044 10
0001 0013 1711696485446 -16.25 -64.0 1.282407938672396 10
0001 0008 1711696485447 3.25 -72.0 0.8406214717613314 10
0001 0007 1711696485689 -10.9375 -73.0 4.1601558967458585 10
0001 0014 1711696485690 4.25 -69.0 2.12916533358527 10
0001 0013 1711696485691 -45.5625 -58.0 5.209398755659637 10
0001 0010 1711696485691 16.25 -62.5 4.031301510563465 10
0001 0007 1711696485692 16.25 -63.0 0.5031456984264903 10
0001 0005 1711696485692 -9.75 -57.0 3.32567034813607 10
0001 0001 1711696485692 -6.5 -61.0 3.77972866135022 10
0001 0004 1711696485692 94.375 -68.5 4.534447208989955 10
0001 0006 1711696485693 58.5625 -68.0 3.5342917352885173 10
0001 0009 1711696485693 -68.3125 -67.0 0.8222137023067037 10
0001 0014 1711696485693 32.5 -65.0 2.000310947402876 10
0001 0008 1711696485694 -93.5625 -68.0 4.73693267299086 10
0001 0011 1711696485694 9.75 -70.5 2.067806102069844 10
0001 0015 1711696485694 2.125 -72.0 5.902758071783947 10
0001 0009 1711696485695 -104.125 -69.0 5.448699758569798 10
0001 0010 1711696485695 19.5 -69.0 1.1965050145508 10
0001 0014 1711696485695 19.5 -62.5 5.8475347634200645 10
0001 0007 1711696485696 97.625 -66.0 3.822680123411018 10
0001 0005 1711696485696 16.25 -61.0 0.8958447801252144 10
0001 0004 1711696485696 -97.625 -69.0 5.890486225480862 10
0001 0013 1711696485697 22.75 -60.0 1.043106935762236 10
0001 0008 1711696485697 -3.25 -65.0 1.8837284075235674 10
0001 0001 1711696485697 39.0 -63.0 1.9941750242513334 10
0001 0006 1711696485698 48.8125 -65.5 0.7547185476397354 10
0001 0011 1711696485698 -84.625 -64.5 4.921010367537137 10
0001 0006 1711696485916 9.75 -68.5 3.4606606574700063 10
0001 0010 1711696485916 48.8125 -66.5 4.620350133111551 10
0001 0007 1711696485916 -3.25 -63.5 0.2270291566070749 10
0001 0011 1711696485916 -120.4375 -67.5 1.6260196351587797 10
0001 0008 1711696485917 38.1875 -65.0 4.657165672020807 10
0001 0004 1711696485917 -136.6875 -71.5 5.491651220630596 10
0001 0013 1711696485917 55.3125 -57.5 2.5157284921324514 10
0001 0009 1711696485918 -52.0625 -67.0 1.9389517158874505 10
0001 0005 1711696485918 -19.5 -56.5 4.325825821837508 10
0001 0014 1711696485918 19.5 -61.0 2.742757648739526 10
0001 0001 1711696485919 16.25 -61.5 5.66959299202533 10
0001 0006 1711696485919 -3.25 -73.0 0.6504078540635119 10
0001 0014 1711696485919 -3.25 -66.0 2.9820586516496865 10
0001 0005 1711696485920 9.75 -57.5 0.01227184630308513 10
0001 0001 1711696485920 16.25 -62.5 2.9943304979527716 10
0001 0004 1711696485920 -48.8125 -65.5 1.086058397823034 10
0001 0010 1711696485921 100.875 -68.0 2.6568547246179306 10
0001 0007 1711696485921 -19.5 -60.5 2.5893595699509624 10
0001 0011 1711696485921 -35.75 -65.5 5.595961914206819 10
0001 0008 1711696485922 -35.75 -64.5 2.172116795646068 10
0001 0013 1711696485922 3.25 -60.5 4.6878452877785195 10
0001 0009 1711696486176 0.4375 -77.0 1.9573594853420782 10
0001 0014 1711696486177 35.75 -66.5 2.6323110320117604 10
0001 0005 1711696486177 3.25 -56.5 4.485359823777615 10
0001 0004 1711696486177 -32.5 -64.5 5.700272607783043 10
0001 0001 1711696486178 -6.5 -58.0 1.1719613219446299 10
0001 0012 1711696486178 0.0 -66.5 3.650874275167826 10
0001 0008 1711696486178 -69.125 -64.5 6.258641614573416 10
0001 0007 1711696486178 3.25 -60.5 0.6135923151542565 10
0001 0010 1711696486179 78.0625 -64.0 1.380582709097077 10
0001 0011 1711696486179 -42.3125 -62.0 4.583534594202296 10
0001 0006 1711696486179 221.3125 -69.5 1.282407938672396 10
0001 0009 1711696486180 -22.75 -74.0 6.0991076126333095 10
0001 0003 1711696486180 -4.0625 -78.5 1.0983302441261191 10
0001 0005 1711696486180 9.75 -59.5 2.564815877344792 10
0001 0009 1711696486181 35.75 -65.0 2.5709518004963345 10
0001 0011 1711696486181 13.0 -58.5 1.945087639038993 10
0001 0012 1711696486181 22.75 -64.5 0.6810874698212247 10
0001 0014 1711696486182 136.6875 -66.5 1.932815792735908 10
0001 0008 1711696486182 -3.25 -64.0 3.552699504743145 10
0001 0007 1711696486183 13.0 -58.0 3.6999616603801666 10
0001 0001 1711696486184 -55.3125 -56.5 4.95168998329485 10
0001 0004 1711696486184 -16.25 -70.0 3.8717675086233583 10
0001 0006 1711696486184 16.25 -63.0 5.546874528994478 10
0001 0010 1711696486184 42.3125 -61.5 5.019185137961818 10
0001 0015 1711696486185 -35.75 -68.5 3.2888548092268146 10
0001 0003 1711696486186 -358.0625 -75.0 3.0250101137104846 10
0001 0007 1711696486411 3.25 -61.0 0.006135923151542565 10
0001 0004 1711696486411 117.125 -67.0 5.184855063053467 10
0001 0015 1711696486411 13.0 -56.5 3.5281558121369745 10
0001 0001 1711696486412 16.25 -57.0 1.9880391010997909 10
0001 0010 1711696486412 45.5625 -60.5 1.2026409377023426 10
0001 0006 1711696486412 -16.25 -63.5 1.4971652489763858 10
0001 0008 1711696486413 35.75 -64.5 0.3190680038802134 10
0001 0011 1711696486413 -13.0 -58.0 5.129631754689584 10
0001 0005 1711696486413 -13.0 -58.5 5.927301764390117 10
0001 0009 1711696486414 -3.25 -61.0 5.583690067903734 10
0001 0012 1711696486414 -16.25 -66.0 3.2643111166206444 10
0001 0014 1711696486414 0.0 -73.5 2.5341362615870793 10
0001 0001 1711696486414 -6.5 -56.5 5.589825991055276 10
0001 0009 1711696486415 -13.0 -59.5 2.012582793705961 10
0001 0006 1711696486415 -61.8125 -65.5 3.2581751934691017 10
0001 0004 1711696486415 35.75 -70.5 1.0185632431560658 10
0001 0011 1711696486416 19.5 -56.5 1.2333205534600555 10
0001 0012 1711696486416 -9.75 -62.0 4.614214209960009 10
0001 0015 1711696486416 -6.5 -54.0 4.970097752749477 10
0001 0007 1711696486417 29.25 -65.0 3.2765829629237295 10
0001 0010 1711696486417 -35.75 -61.5 3.472932503773092 10
0001 0005 1711696486417 13.0 -61.5 3.4054373491061236 10
0001 0008 1711696486418 32.5 -63.5 3.4606606574700063 10
0001 0014 1711696486461 35.75 -72.0 5.71868037723767 10
0001 0008 1711696486657 19.5 -64.0 5.970253226450915 10
0001 0009 1711696486658 -35.75 -63.0 4.190835512503572 10
0001 0007 1711696486658 22.75 -65.5 0.14726215563702155 10
0001 0005 1711696486658 -3.25 -57.5 0.18407769454627693 10
0001 0015 1711696486658 -16.25 -52.5 1.1167380135807468 10
0001 0011 1711696486659 -19.5 -55.5 4.04357335686655 10
0001 0012 1711696486659 6.5 -62.0 5.872078456026235 10
0001 0001 1711696486659 -6.5 -57.0 3.2765829629237295 10
0001 0010 1711696486660 -3.25 -63.0 5.939573610693203 10
0001 0006 1711696486660 -45.5625 -66.0 5.313709449235861 10
0001 0004 1711696486660 55.3125 -66.5 4.227651051412827 10
0001 0014 1711696486661 -19.5 -68.5 5.773903685601553 10
0001 0013 1711696486661 -3.25 -75.0 0.11658253987930872 10
0001 0001 1711696486661 22.75 -57.0 1.41126232485479 10
0001 0014 1711696486662 22.75 -68.0 5.688000761479957 10
0001 0006 1711696486662 -71.5625 -70.0 2.1353012567368124 10
0001 0011 1711696486662 42.3125 -55.5 2.024854640009046 10
0001 0009 1711696486663 22.75 -63.0 1.9634954084936207 10
0001 0008 1711696486663 65.875 -65.0 4.7860200582032 10
0001 0005 1711696486663 6.5 -57.0 4.190835512503572 10
0001 0015 1711696486664 0.0 -56.5 1.141281706186917 10
0001 0010 1711696486664 6.5 -61.0 3.7122335066832517 10
0001 0007 1711696486664 -45.5625 -66.0 3.8717675086233583 10
0001 0013 1711696486664 -16.25 -72.0 0.662679700366597 10
0001 0004 1711696486704 -6.6875 -74.5 1.0062913968529805 10
