0001 0009 1711696858723 87.875 -69.5 3.3011266555298997 10
0001 0007 1711696858723 48.8125 -62.0 0.11658253987930872 10
0001 0011 1711696858724 71.5625 -60.5 0.05522330836388308 10
0001 0015 1711696858724 32.5 -61.5 2.521864415283994 10
0001 0013 1711696858725 -6.5 -69.0 5.00077736850719 10
0001 0004 1711696858725 23.1875 -74.5 5.902758071783947 10
0001 0003 1711696858725 -20.125 -76.5 2.423689644859313 10
0001 0010 1711696858726 -0.25 -75.0 0.6749515466696822 10
0001 0015 1711696858726 -22.75 -62.0 2.662990647769473 10
0001 0011 1711696858726 42.3125 -61.0 0.2086213871524472 10
0001 0012 1711696858727 61.8125 -67.0 0.8344855486097889 10
0001 0013 1711696858727 -22.75 -69.5 5.006913291658733 10
0001 0007 1711696858728 22.75 -61.5 0.19634954084936207 10
0001 0009 1711696858728 -29.25 -70.0 3.423845118560751 10
0001 0004 1711696858728 10.9375 -75.0 5.884350302329319 10
0001 0003 1711696858729 8.1875 -77.5 2.2641556429192065 10
0001 0010 1711696858946 4.5625 -74.5 3.792000507653305 10
0001 0007 1711696858947 26.0 -61.0 0.2761165418194154 10
0001 0012 1711696858947 52.0625 -66.0 0.9142525495798421 10
0001 0011 1711696858947 48.8125 -60.5 0.2761165418194154 10
0001 0015 1711696858948 -42.3125 -61.5 2.705942109830271 10
0001 0013 1711696858948 -19.5 -69.0 5.166447293598839 10
0001 0009 1711696858948 -162.75 -71.5 3.6201946594101133 10
0001 0004 1711696858949 14.625 -75.0 5.976389149602458 10
0001 0003 1711696858950 -7.875 -78.0 2.448233337465483 10
0001 0012 1711696858950 100.875 -65.0 0.9326603190344698 10
0001 0011 1711696858950 6.5 -60.5 0.36815538909255385 10
0001 0009 1711696858951 32.5 -71.0 3.313398501832985 10
0001 0013 1711696858951 9.75 -68.5 5.111223985234957 10
0001 0007 1711696858952 19.5 -61.5 0.3374757733348411 10
0001 0015 1711696858952 -61.8125 -62.5 2.705942109830271 10
0001 0004 1711696858952 -14.0 -75.0 6.056156150572511 10
0001 0003 1711696859273 -6.0 -76.5 2.1659808724945253 10
0001 0012 1711696859273 26.0 -65.5 1.043106935762236 10
0001 0011 1711696859273 16.25 -60.5 0.35588354278946877 10
0001 0015 1711696859273 -9.75 -62.0 2.650718801466388 10
0001 0013 1711696859274 48.8125 -69.0 5.080544369477243 10
0001 0009 1711696859274 -100.875 -71.5 3.6324665057131984 10
0001 0007 1711696859274 6.5 -61.5 0.2699806186678728 10
0001 0004 1711696859275 6.0625 -75.5 5.988660995905543 10
0001 0003 1711696859275 3.5 -78.0 5.295301679781233 10
0001 0012 1711696859275 71.5625 -65.0 1.0246991663076084 10
0001 0007 1711696859276 3.25 -61.5 0.21475731030398976 10
0001 0011 1711696859276 16.25 -60.5 0.36815538909255385 10
0001 0013 1711696859276 91.125 -68.5 4.9823695990525625 10
0001 0015 1711696859277 -29.25 -62.0 2.6691265709210157 10
0001 0009 1711696859277 -19.5 -72.0 3.3072625786814425 10
0001 0004 1711696859508 -3.625 -75.5 6.019340611663256 10
0001 0003 1711696859508 -21.9375 -76.5 5.497787143782138 10
0001 0007 1711696859508 -87.875 -65.0 6.12365130523948 10
0001 0012 1711696859508 42.3125 -65.5 1.012427320004523 10
0001 0011 1711696859509 32.5 -60.0 0.6381360077604268 10
0001 0015 1711696859509 -19.5 -62.0 2.724349879284899 10
0001 0013 1711696859509 -117.125 -69.0 5.178719139901925 10
0001 0009 1711696859510 162.75 -71.0 2.9820586516496865 10
0001 0003 1711696859510 14.625 -77.0 5.3627968344482015 10
0001 0004 1711696859510 18.875 -75.0 5.663457068873787 10
0001 0009 1711696859511 -94.375 -71.5 3.454524734318464 10
0001 0013 1711696859511 45.5625 -69.0 5.190990986205009 10
0001 0015 1711696859511 3.25 -61.5 2.650718801466388 10
0001 0012 1711696859512 -22.75 -65.5 1.2517283229146832 10
0001 0011 1711696859512 61.8125 -59.0 0.34974761963792617 10
0001 0004 1711696859512 27.4375 -74.5 5.50392306693368 10
0001 0007 1711696859772 1.8125 -75.0 4.528311285838413 10
0001 0003 1711696859773 7.0 -78.0 5.325981295538946 10
0001 0012 1711696859773 81.375 -65.5 0.9940195505498954 10
0001 0011 1711696859773 -19.5 -60.0 0.36815538909255385 10
0001 0013 1711696859774 -26.0 -68.5 5.3198453723874035 10
0001 0015 1711696859775 -26.0 -61.5 2.718213956133356 10
0001 0009 1711696859775 -19.5 -72.0 3.5465635815916023 10
0001 0004 1711696859775 -65.0625 -72.0 2.564815877344792 10
0001 0003 1711696859776 8.5 -77.0 5.399612373357457 10
0001 0013 1711696860023 -26.0 -69.5 5.252350217720435 10
0001 0011 1711696860024 32.5 -59.5 0.4111068511533518 10
0001 0012 1711696860024 58.5625 -65.5 1.1596894756415448 10
0001 0015 1711696860024 29.25 -62.0 2.6691265709210157 10
0001 0004 1711696860025 -113.875 -73.0 2.5464081078901644 10
0001 0009 1711696860025 29.25 -71.0 3.3440781175906977 10
0001 0007 1711696860025 -3.0 -72.5 4.9394181369917645 10
0001 0003 1711696860026 -7.75 -77.0 2.313243028131547 10
0001 0011 1711696860026 6.5 -59.0 0.5338253141842031 10
0001 0013 1711696860026 6.5 -67.5 5.307573526084319 10
0001 0015 1711696860027 71.5625 -61.5 2.60776733940559 10
0001 0004 1711696860027 -26.0 -71.5 2.6261751088602177 10
0001 0012 1711696860028 120.4375 -66.0 1.705786636128833 10
0001 0009 1711696860028 -22.75 -71.5 3.822680123411018 10
0001 0007 1711696860028 29.25 -72.5 1.9819031779482483 10
0001 0013 1711696860029 0.0 -63.5 5.221670601962723 10
0001 0015 1711696860029 -52.0625 -62.0 2.9697868053466014 10
0001 0011 1711696860029 -6.5 -59.5 0.6994952392758523 10
0001 0009 1711696860030 -58.5625 -70.0 4.123340357836604 10
0001 0007 1711696860030 81.375 -67.5 5.522330836388308 10
0001 0012 1711696860030 22.75 -65.0 2.337786720737717 10
0001 0004 1711696860273 -0.5625 -74.5 5.829126993965437 10
0001 0010 1711696860273 3.875 -74.0 4.374913207049849 10
0001 0011 1711696860273 -3.25 -60.0 0.9510680884890975 10
0001 0007 1711696860274 22.75 -64.5 6.019340611663256 10
0001 0015 1711696860274 81.375 -62.0 3.227495577711389 10
0001 0009 1711696860274 0.0 -69.0 4.368777283898306 10
0001 0004 1711696860275 175.75 -72.0 2.6261751088602177 10
0001 0012 1711696860275 45.5625 -69.5 2.386874105950058 10
0001 0009 1711696860275 -71.5625 -67.5 5.47937937432751 10
0001 0012 1711696860276 -22.75 -67.0 2.9759227284981438 10
0001 0011 1711696860276 0.0 -62.5 1.214912784005428 10
0001 0007 1711696860276 71.5625 -63.5 0.17794177139473438 10
0001 0015 1711696860277 -19.5 -67.0 0.4540583132141498 10
0001 0011 1711696860523 26.0 -64.0 1.7978254834019713 10
0001 0015 1711696860523 -48.8125 -61.5 4.632621979414636 10
0001 0007 1711696860523 45.5625 -61.5 0.9572040116406401 10
0001 0012 1711696860524 -100.875 -64.5 3.522019888985432 10
0001 0009 1711696860525 71.5625 -66.0 0.4663301595172349 10
0001 0007 1711696860525 48.8125 -62.5 2.141437179888355 10
0001 0012 1711696860525 -26.0 -63.0 4.190835512503572 10
0001 0015 1711696860526 -3.25 -65.0 5.939573610693203 10
0001 0009 1711696860526 -45.5625 -65.5 1.9880391010997909 10
0001 0005 1711696860526 -1.1875 -73.5 0.2086213871524472 10
0001 0006 1711696860527 5.4375 -75.5 5.93343768754166 10
0001 0003 1711696860721 -5.0 -78.0 0.4356505437595221 10
0001 0011 1711696860721 7.4375 -73.5 1.3069516312785663 10
0001 0012 1711696860722 -81.375 -64.0 5.056000676871073 10
0001 0005 1711696860722 -22.75 -69.5 4.994641445355648 10
0001 0011 1711696860722 -100.875 -68.5 2.2641556429192065 10
0001 0009 1711696860723 -61.8125 -64.5 4.399456899656019 10
0001 0007 1711696860723 6.5 -64.0 5.203262832508095 10
0001 0015 1711696860723 -39.0 -63.0 1.6198837120072371 10
0001 0010 1711696860724 -48.8125 -70.5 1.3928545554001621 10
0001 0001 1711696860724 0.875 -72.0 5.700272607783043 10
0001 0011 1711696860724 -58.5625 -61.5 4.006757817957295 10
0001 0009 1711696860724 22.75 -70.5 0.9940195505498954 10
0001 0001 1711696860725 0.0 -66.5 0.48473792897186263 10
0001 0007 1711696860726 -26.0 -63.0 1.761009944492716 10
0001 0015 1711696860726 -74.8125 -66.5 1.6751070203711202 10
0001 0012 1711696860726 -201.8125 -69.0 3.6079228131070282 10
0001 0007 1711696860963 16.25 -61.0 5.166447293598839 10
0001 0011 1711696860963 13.0 -67.5 0.4111068511533518 10
0001 0001 1711696860964 -35.75 -64.5 3.067961575771282 10
0001 0015 1711696860964 29.25 -72.0 2.2764274892222915 10
0001 0009 1711696860964 68.3125 -74.0 5.651185222570702 10
0001 0008 1711696860965 -5.6875 -73.0 3.749049045592507 10
0001 0012 1711696860965 -3.3125 -75.5 5.700272607783043 10
0001 0002 1711696860965 -4.25 -79.5 0.1718058482431918 10
0001 0008 1711696860965 3.25 -72.0 5.2339424482658075 10
0001 0009 1711696860966 136.6875 -68.5 1.6260196351587797 10
0001 0004 1711696860966 -35.75 -70.0 6.209554229361076 10
0001 0001 1711696860966 84.625 -63.0 6.1850105367549055 10
0001 0005 1711696860967 35.75 -64.5 6.062292073724054 10
0001 0011 1711696860967 29.25 -65.5 5.939573610693203 10
0001 0007 1711696860967 -19.5 -65.5 2.9697868053466014 10
0001 0002 1711696860968 24.375 -75.0 6.040816342693655 10
0001 0015 1711696861021 7.625 -74.5 6.019340611663256 10
0001 0015 1711696861201 -52.0625 -67.5 3.9699422790480394 10
0001 0004 1711696861202 71.5625 -69.5 5.184855063053467 10
0001 0011 1711696861203 71.5625 -60.0 1.521708941582556 10
0001 0005 1711696861203 -22.75 -62.5 2.748893571891069 10
0001 0001 1711696861203 -3.25 -63.0 3.043417883165112 10
0001 0007 1711696861204 29.25 -67.0 0.2270291566070749 10
0001 0008 1711696861204 3.9375 -74.5 5.160311370447297 10
0001 0013 1711696861204 0.875 -75.0 5.915029918087033 10
0001 0001 1711696861205 -13.0 -63.5 0.2270291566070749 10
0001 0011 1711696861205 45.5625 -62.5 3.736777199289422 10
0001 0005 1711696861205 3.25 -62.0 5.982525072754001 10
0001 0004 1711696861205 -78.0625 -69.5 4.822835597112456 10
0001 0007 1711696861206 -9.75 -61.5 3.018874190558942 10
0001 0008 1711696861207 -48.8125 -67.5 0.8099418560036186 10
0001 0010 1711696861207 -42.3125 -72.0 3.104777114680538 10
0001 0013 1711696861207 -9.75 -72.0 4.792155981354743 10
0001 0002 1711696861453 -10.0625 -79.5 6.092971689481767 10
0001 0015 1711696861453 -1.5 -73.5 0.2270291566070749 10
0001 0014 1711696861453 0.0 -72.0 5.270757987175063 10
0001 0004 1711696861453 39.0 -69.0 4.755340442445488 10
0001 0007 1711696861454 6.5 -65.5 6.1850105367549055 10
0001 0005 1711696861454 -13.0 -65.0 3.650874275167826 10
0001 0015 1711696861454 -61.8125 -67.5 3.8533597391687304 10
0001 0001 1711696861455 -42.3125 -65.0 5.148039524144211 10
0001 0014 1711696861455 -29.25 -64.5 2.816388726558037 10
0001 0008 1711696861455 -10.5625 -70.0 5.418020142812084 10
0001 0011 1711696861456 -81.375 -64.5 4.0128937411088375 10
0001 0007 1711696861456 -16.25 -64.5 4.4362724385652745 10
0001 0012 1711696861456 -87.875 -71.5 1.6935147898257479 10
0001 0001 1711696861457 48.8125 -64.5 2.8409324191642074 10
0001 0005 1711696861457 65.0625 -59.0 2.030990563160589 10
0001 0011 1711696861457 35.75 -65.0 0.9265243958829272 10
0001 0008 1711696861458 3.25 -68.0 3.497476196379262 10
0001 0014 1711696861458 45.5625 -65.0 2.834796496012665 10
0001 0015 1711696861691 2.4375 -66.5 0.6504078540635119 10
0001 0001 1711696861692 -100.875 -68.5 0.859029241215959 10
0001 0011 1711696861692 48.8125 -65.5 5.5100589900852235 10
0001 0007 1711696861692 13.0 -66.0 3.7429131224409646 10
0001 0005 1711696861693 6.5 -62.0 5.810719224510809 10
0001 0012 1711696861693 -22.75 -66.0 6.031612457966341 10
0001 0014 1711696861693 218.0625 -65.5 2.000310947402876 10
0001 0008 1711696861694 -16.25 -66.0 1.141281706186917 10
0001 0015 1711696861694 -39.0 -63.5 1.1965050145508 10
0001 0002 1711696861694 -222.125 -74.0 4.546719055293041 10
0001 0010 1711696861695 4.6875 -71.5 4.804427827657828 10
0001 0009 1711696861695 0.875 -73.5 0.1043106935762236 10
0001 0005 1711696861696 13.0 -61.5 3.6999616603801666 10
0001 0011 1711696861696 97.625 -66.0 2.5280003384355365 10
0001 0014 1711696861696 26.0 -66.5 2.3623304133438876 10
0001 0004 1711696861697 -182.25 -73.5 0.11658253987930872 10
0001 0010 1711696861697 71.5625 -66.5 0.5706408530934585 10
0001 0009 1711696861697 35.75 -67.5 4.657165672020807 10
0001 0007 1711696861698 -26.0 -66.0 1.3437671701878218 10
0001 0012 1711696861698 -91.125 -63.0 2.509592568980909 10
0001 0008 1711696861698 -19.5 -65.5 4.7307967498393175 10
0001 0015 1711696861772 10.9375 -66.5 6.013204688511713 10
0001 0001 1711696861772 1.8125 -71.5 3.792000507653305 10
0001 0007 1711696861939 0.0 -63.5 4.424000592262189 10
0001 0010 1711696861939 -22.75 -66.5 3.6140587362585705 10
0001 0009 1711696861940 -188.75 -69.0 1.3069516312785663 10
0001 0001 1711696861940 -175.75 -67.5 3.988350048502667 10
0001 0012 1711696861940 -9.75 -63.0 4.491495746929157 10
0001 0015 1711696861941 22.75 -55.5 4.313553975534423 10
0001 0011 1711696861941 22.75 -66.5 1.509437095279471 10
0001 0005 1711696861941 42.3125 -60.5 1.1044661672776617 10
0001 0008 1711696861942 59.375 -66.5 1.4296700943094176 10
0001 0004 1711696861942 1.9375 -74.5 3.9392626632903265 10
0001 0001 1711696861942 68.3125 -63.0 1.7671458676442586 10
0001 0005 1711696861943 -71.5625 -63.5 5.602097837358362 10
0001 0008 1711696861943 -59.375 -66.0 5.749359992995383 10
0001 0010 1711696861944 130.1875 -69.0 1.1780972450961724 10
0001 0011 1711696861944 29.25 -63.0 4.276738436625168 10
0001 0015 1711696861944 13.0 -57.5 4.516039439535327 10
0001 0009 1711696861945 0.0 -66.0 5.411884219660542 10
0001 0004 1711696861945 71.5625 -72.0 1.3008157081270237 10
0001 0007 1711696861945 -3.25 -70.5 1.9266798695843652 10
0001 0014 1711696861946 -55.3125 -71.0 6.270913460876501 10
0001 0003 1711696862022 25.0 -76.5 0.0674951546669682 10
0001 0012 1711696862022 9.125 -73.0 2.8777479580734626 10
0001 0006 1711696862023 6.25 -75.5 0.944932165337555 10
0001 0010 1711696862179 48.8125 -65.5 6.129787228391022 10
0001 0015 1711696862179 22.75 -59.5 5.5100589900852235 10
0001 0014 1711696862179 -48.8125 -67.0 1.0492428589137786 10
0001 0011 1711696862180 0.0 -66.5 3.890175278077986 10
0001 0005 1711696862180 -39.0 -59.0 3.5281558121369745 10
0001 0001 1711696862180 32.5 -62.0 0.5399612373357456 10
0001 0006 1711696862181 182.25 -71.0 3.6876898140770815 10
0001 0004 1711696862181 -19.5 -69.0 4.23378697456437 10
0001 0009 1711696862181 -13.0 -67.0 4.516039439535327 10
0001 0008 1711696862182 -97.625 -69.0 5.6941366846315 10
0001 0013 1711696862183 2.125 -73.0 0.9387962421860124 10
0001 0013 1711696862183 26.0 -61.5 0.17794177139473438 10
0001 0015 1711696862184 -13.0 -61.0 5.387340527054372 10
0001 0001 1711696862184 3.25 -62.5 4.473087977474529 10
0001 0005 1711696862184 -19.5 -62.5 3.08636934522591 10
0001 0006 1711696862185 55.3125 -68.5 1.9205439464328227 10
0001 0007 1711696862185 39.0 -66.0 1.0185632431560658 10
0001 0011 1711696862185 -74.8125 -68.0 3.7551849687440497 10
0001 0009 1711696862186 61.8125 -66.0 1.5401167110371838 10
0001 0008 1711696862186 139.125 -71.0 3.9760782021995817 10
0001 0010 1711696862186 9.75 -64.5 4.700117134081604 10
0001 0014 1711696862272 -3.625 -70.5 1.902136176978195 10
0001 0002 1711696862429 2.875 -77.0 5.822991070813893 10
0001 0010 1711696862430 84.625 -64.0 1.423534171157875 10
0001 0013 1711696862430 39.0 -63.0 2.9268353432858034 10
0001 0001 1711696862430 3.25 -60.5 2.5954954931025047 10
0001 0011 1711696862430 48.8125 -63.0 0.5460971604872883 10
0001 0007 1711696862431 3.25 -63.0 5.706408530934585 10
0001 0009 1711696862431 -26.0 -65.0 0.09203884727313846 10
0001 0005 1711696862431 32.5 -63.5 1.3989904785517047 10
0001 0006 1711696862432 45.5625 -71.0 5.098952138931871 10
0001 0015 1711696862432 -16.25 -62.5 5.688000761479957 10
0001 0008 1711696862432 -16.25 -69.0 2.098485717827557 10
0001 0002 1711696862433 -32.3125 -78.5 0.7853981633974483 10
0001 0013 1711696862434 22.75 -61.5 4.534447208989955 10
0001 0015 1711696862434 -35.75 -66.5 5.9518454569962875 10
0001 0010 1711696862434 104.125 -69.5 5.3627968344482015 10
0001 0009 1711696862435 13.0 -62.0 4.331961744989051 10
0001 0007 1711696862435 6.5 -63.5 1.9266798695843652 10
0001 0008 1711696862435 -123.6875 -69.0 0.39269908169872414 10
0001 0006 1711696862435 0.0 -69.5 2.2518837966161214 10
0001 0005 1711696862436 -19.5 -58.0 5.516194913236766 10
0001 0001 1711696862436 48.8125 -62.5 1.0369710126106935 10
0001 0011 1711696862436 -16.25 -63.0 4.049709280018092 10
0001 0002 1711696862521 15.5625 -79.5 6.240233845118788 10
0001 0007 1711696862672 -94.375 -63.5 5.632777453116074 10
0001 0005 1711696862672 22.75 -57.5 2.6875343403756435 10
0001 0001 1711696862673 -29.25 -61.0 4.92714629068868 10
0001 0010 1711696862673 26.0 -69.5 3.4054373491061236 10
0001 0011 1711696862673 -6.5 -62.0 1.2087768608538851 10
0001 0008 1711696862674 -21.125 -67.0 3.816544200259475 10
0001 0013 1711696862674 26.0 -65.5 0.4724660826687775 10
0001 0009 1711696862674 -250.625 -72.0 1.6689710972195777 10
0001 0006 1711696862675 87.875 -70.5 5.755495916146925 10
0001 0015 1711696862676 -42.3125 -68.0 5.638913376267617 10
0001 0014 1711696862676 107.375 -67.0 2.086213871524472 10
0001 0002 1711696862676 6.0625 -78.0 6.2034183062095325 10
0001 0012 1711696862677 4.1875 -76.0 1.8100973297050567 10
0001 0011 1711696862677 6.5 -70.5 4.749204519293945 10
0001 0008 1711696862678 -41.5 -64.5 2.380738182798515 10
0001 0015 1711696862678 32.5 -67.5 1.4726215563702154 10
0001 0007 1711696862678 -26.0 -59.5 2.816388726558037 10
0001 0001 1711696862679 -16.25 -66.0 4.276738436625168 10
0001 0005 1711696862679 3.25 -55.5 0.9940195505498954 10
0001 0014 1711696862679 -91.125 -70.0 1.6260196351587797 10
0001 0010 1711696862771 4.0625 -72.5 0.6473398924877406 10
0001 0012 1711696862771 0.0 -75.0 0.32520392703175593 10
0001 0002 1711696862772 9.125 -77.0 0.9878836273983529 10
0001 0009 1711696862950 -0.75 -73.0 4.933282213840222 10
0001 0003 1711696862950 12.5 -77.5 5.792311455056181 10
0001 0014 1711696862951 -1.125 -73.0 4.135612204139688 10
0001 0009 1711696862951 71.5625 -69.0 5.675728915176872 10
0001 0008 1711696862951 16.25 -62.5 0.37429131224409645 10
0001 0011 1711696862952 13.0 -58.5 4.374913207049849 10
0001 0007 1711696862952 -3.25 -58.5 1.6689710972195777 10
0001 0005 1711696862952 6.5 -53.5 5.4671075280244255 10
0001 0012 1711696862953 35.75 -69.0 3.877903431774901 10
0001 0010 1711696862953 9.75 -63.0 1.9880391010997909 10
0001 0001 1711696862953 -6.5 -59.0 3.663146121470911 10
0001 0014 1711696862954 -6.5 -69.0 1.0921943209745766 10
0001 0002 1711696862955 31.6875 -75.0 6.273981422452272 10
0001 0015 1711696862955 2.6875 -61.5 1.3192234775816514 10
0001 0003 1711696862955 6.3125 -76.0 4.23378697456437 10
0001 0005 1711696862956 6.5 -58.5 2.82252464970958 10
0001 0008 1711696862956 -94.375 -63.5 4.675573441475434 10
0001 0009 1711696862956 61.8125 -66.5 3.9453985864418692 10
0001 0001 1711696862957 -13.0 -56.0 1.7548740213411735 10
0001 0010 1711696862957 26.0 -62.0 5.829126993965437 10
0001 0015 1711696862957 -19.5 -59.5 4.1601558967458585 10
0001 0007 1711696862958 9.75 -61.0 5.325981295538946 10
0001 0004 1711696862958 13.0 -63.5 5.841398840268521 10
0001 0011 1711696862958 26.0 -59.5 2.521864415283994 10
0001 0012 1711696862959 19.5 -67.0 0.7485826244881929 10
0001 0003 1711696862959 315.6875 -73.5 5.0682725231741586 10
0001 0006 1711696863021 14.0 -74.0 5.829126993965437 10
0001 0011 1711696863194 -39.0 -58.5 5.178719139901925 10
0001 0007 1711696863194 48.8125 -59.5 2.478912953223196 10
0001 0004 1711696863194 -107.375 -64.0 1.761009944492716 10
0001 0005 1711696863195 35.75 -57.5 0.9387962421860124 10
0001 0012 1711696863195 39.0 -65.5 2.9145634969827183 10
0001 0010 1711696863195 61.8125 -63.5 2.270291566070749 10
0001 0015 1711696863196 -32.5 -55.0 5.178719139901925 10
0001 0009 1711696863196 55.3125 -64.5 0.2761165418194154 10
0001 0008 1711696863196 -3.25 -64.5 1.8837284075235674 10
0001 0001 1711696863197 6.5 -57.0 5.577554144752192 10
0001 0006 1711696863197 -15.25 -74.5 5.209398755659637 10
0001 0001 1711696863197 -13.0 -57.0 3.0372819600135696 10
0001 0005 1711696863198 9.75 -58.0 4.460816131171445 10
0001 0004 1711696863198 -87.875 -65.5 5.5284667595398505 10
0001 0014 1711696863198 -91.125 -67.0 4.417864669110647 10
0001 0015 1711696863199 32.5 -53.5 0.5522330836388308 10
0001 0011 1711696863199 -29.25 -57.0 2.9268353432858034 10
0001 0012 1711696863199 -39.0 -64.0 5.841398840268521 10
0001 0007 1711696863199 -117.125 -60.5 6.031612457966341 10
0001 0003 1711696863200 -16.25 -73.5 5.945709533844745 10
0001 0009 1711696863200 58.5625 -66.5 4.595806440505381 10
0001 0010 1711696863200 -68.3125 -63.0 5.8045833013592665 10
0001 0006 1711696863201 -107.375 -71.0 2.3746022596469727 10
0001 0008 1711696863201 -29.25 -64.5 0.36815538909255385 10
0001 0013 1711696863281 -18.6875 -72.5 4.494563708504929 10
0001 0010 1711696863431 3.25 -61.0 2.9759227284981438 10
0001 0007 1711696863431 -16.25 -65.5 3.393165502803038 10
0001 0015 1711696863431 19.5 -56.5 1.282407938672396 10
0001 0001 1711696863432 3.25 -56.0 1.6873788666742053 10
0001 0005 1711696863432 16.25 -55.5 2.8102528034064944 10
0001 0009 1711696863432 22.75 -67.5 2.3439226438892597 10
0001 0011 1711696863433 26.0 -60.0 1.3744467859455345 10
0001 0013 1711696863433 48.8125 -59.0 1.5033011721279284 10
0001 0008 1711696863433 22.75 -63.0 5.00077736850719 10
0001 0004 1711696863434 16.25 -72.0 3.6815538909255388 10
0001 0006 1711696863434 -16.25 -65.5 0.8835729338221293 10
0001 0014 1711696863434 -0.25 -72.5 0.28838838812250056 10
0001 0011 1711696863435 -29.25 -61.0 4.970097752749477 10
0001 0008 1711696863435 -104.125 -61.0 2.061670178918302 10
0001 0010 1711696863436 16.25 -57.0 1.2026409377023426 10
0001 0013 1711696863436 -52.0625 -57.5 4.749204519293945 10
0001 0004 1711696863436 -208.3125 -70.5 1.4726215563702154 10
0001 0009 1711696863437 3.25 -65.0 6.2034183062095325 10
0001 0005 1711696863437 6.5 -56.5 0.4724660826687775 10
0001 0001 1711696863437 6.5 -56.0 5.872078456026235 10
0001 0015 1711696863438 19.5 -57.5 1.3069516312785663 10
0001 0007 1711696863439 22.75 -64.5 1.6382914814618648 10
0001 0006 1711696863439 6.5 -64.5 4.724660826687775 10
0001 0003 1711696863518 11.5625 -75.5 0.03681553890925539 10
0001 0002 1711696863518 6.0625 -75.5 1.718058482431918 10
0001 0014 1711696863518 10.375 -68.0 2.184388641949153 10
