0001 0011 1711696390181 -107.375 -63.0 5.608233760509904 10
0001 0005 1711696390189 104.125 -68.5 1.748738098189631 10
0001 0009 1711696390190 -45.5625 -68.5 1.7241944055834606 10
0001 0013 1711696390191 117.125 -71.0 0.8835729338221293 10
0001 0012 1711696390191 126.9375 -65.5 5.387340527054372 10
0001 0015 1711696390192 3.25 -64.5 1.325359400733194 10
0001 0003 1711696390192 107.375 -73.5 1.0737865515199487 10
0001 0011 1711696390397 -52.0625 -63.5 5.608233760509904 10
0001 0003 1711696390397 32.5 -75.0 1.4296700943094176 10
0001 0012 1711696390398 19.5 -65.5 5.485515297479052 10
0001 0005 1711696390400 87.875 -69.0 1.6812429435226628 10
0001 0015 1711696390401 32.5 -64.5 1.2946797849754812 10
0001 0013 1711696390402 253.875 -72.0 0.6933593161243098 10
0001 0009 1711696390405 97.625 -68.5 1.607611865704152 10
0001 0012 1711696390406 22.75 -65.5 5.565282298449106 10
0001 0005 1711696390407 -42.3125 -68.5 1.8223691760081417 10
0001 0011 1711696390408 -65.0625 -63.5 5.602097837358362 10
0001 0015 1711696390409 -35.75 -65.0 1.3744467859455345 10
0001 0009 1711696390410 81.375 -68.0 1.6873788666742053 10
0001 0003 1711696390411 -169.25 -73.5 1.8285050991596843 10
0001 0013 1711696390412 139.9375 -71.5 0.9572040116406401 10
0001 0001 1711696390638 0.625 -73.0 0.6135923151542565 10
0001 0011 1711696390639 91.125 -63.5 5.368932757599744 10
0001 0015 1711696390640 29.25 -64.0 1.368310862793992 10
0001 0012 1711696390641 -16.25 -66.5 5.602097837358362 10
0001 0013 1711696390642 -110.625 -71.5 1.2087768608538851 10
0001 0005 1711696390643 136.6875 -69.5 1.7241944055834606 10
0001 0009 1711696390644 -22.75 -67.5 1.7916895602504288 10
0001 0003 1711696390645 -7.3125 -74.0 4.672505479899663 10
0001 0001 1711696390646 0.9375 -73.0 3.7551849687440497 10
0001 0012 1711696390647 16.25 -65.5 5.583690067903734 10
0001 0005 1711696390648 16.25 -68.5 1.88986433067511 10
0001 0015 1711696390649 -13.0 -64.5 1.3744467859455345 10
0001 0011 1711696390651 -6.5 -63.5 5.516194913236766 10
0001 0009 1711696390652 94.375 -67.5 1.748738098189631 10
0001 0013 1711696390654 -175.75 -72.0 1.2517283229146832 10
0001 0003 1711696390899 5.4375 -75.0 4.669437518323892 10
0001 0001 1711696390900 -2.25 -73.0 0.6442719309119693 10
0001 0010 1711696390901 -1.4375 -74.5 5.448699758569798 10
0001 0012 1711696390902 -22.75 -66.0 5.6573211457222445 10
0001 0005 1711696390903 -45.5625 -68.5 1.8714565612204823 10
0001 0015 1711696390904 -9.75 -64.0 1.380582709097077 10
0001 0011 1711696390905 -42.3125 -63.0 5.626641529964532 10
0001 0013 1711696390906 16.25 -73.5 1.0737865515199487 10
0001 0009 1711696390907 13.0 -68.5 1.7855536370988863 10
0001 0003 1711696390908 -172.5 -71.5 1.902136176978195 10
0001 0001 1711696390909 1.75 -73.0 3.650874275167826 10
0001 0010 1711696390910 1.9375 -74.0 2.3439226438892597 10
0001 0011 1711696390911 -45.5625 -63.0 5.583690067903734 10
0001 0015 1711696390912 -29.25 -64.5 1.4296700943094176 10
0001 0003 1711696390913 42.3125 -73.0 1.3560390164909069 10
0001 0012 1711696390914 -113.875 -66.5 5.8659425328746915 10
0001 0005 1711696390915 42.3125 -67.5 1.7794177139473437 10
0001 0013 1711696390916 -6.5 -71.0 1.1351457830353744 10
0001 0009 1711696390917 6.5 -67.5 1.7426021750380885 10
0001 0010 1711696391147 0.25 -74.0 5.399612373357457 10
0001 0001 1711696391147 -0.4375 -73.0 3.6754179677739964 10
0001 0015 1711696391148 26.0 -64.5 1.3499030933393643 10
0001 0005 1711696391149 71.5625 -69.0 1.6812429435226628 10
0001 0011 1711696391150 -39.0 -63.0 5.632777453116074 10
0001 0009 1711696391151 117.125 -68.5 1.3928545554001621 10
0001 0003 1711696391152 19.5 -75.0 1.607611865704152 10
0001 0013 1711696391153 81.375 -71.0 0.9940195505498954 10
0001 0012 1711696391153 -48.8125 -66.0 5.737088146692298 10
0001 0001 1711696391392 -0.25 -73.0 3.785864584501762 10
0001 0005 1711696391392 32.5 -70.0 1.7671458676442586 10
0001 0012 1711696391393 16.25 -69.0 6.234097921967246 10
0001 0011 1711696391394 -68.3125 -63.5 5.767767762450011 10
0001 0015 1711696391395 55.3125 -64.5 1.325359400733194 10
0001 0013 1711696391396 32.5 -71.0 1.4358060174609601 10
0001 0009 1711696391397 -26.0 -69.5 1.88986433067511 10
0001 0003 1711696391397 3.25 -73.0 1.3008157081270237 10
0001 0011 1711696391398 -6.5 -62.5 5.890486225480862 10
0001 0015 1711696391399 42.3125 -64.5 1.5462526341887264 10
0001 0005 1711696391400 -91.125 -69.5 2.043262409463674 10
0001 0013 1711696391401 -84.625 -70.5 2.724349879284899 10
0001 0009 1711696391403 -65.0625 -69.0 2.172116795646068 10
0001 0012 1711696391403 42.3125 -70.5 0.7853981633974483 10
0001 0003 1711696391404 -403.625 -72.5 1.718058482431918 10
0001 0010 1711696391405 -0.875 -75.5 6.074563920027139 10
0001 0005 1711696391646 45.5625 -71.0 2.2089323345553233 10
0001 0009 1711696391647 74.8125 -68.5 2.1905245651006955 10
0001 0011 1711696391648 -16.25 -60.0 6.19728238305799 10
0001 0015 1711696391649 -3.25 -64.0 2.1905245651006955 10
0001 0012 1711696391649 -91.125 -72.5 1.5401167110371838 10
0001 0010 1711696391650 -4.0625 -73.0 0.0 10
0001 0003 1711696391651 22.5625 -77.0 1.282407938672396 10
0001 0010 1711696391652 -97.625 -69.5 0.2086213871524472 10
0001 0011 1711696391653 -13.0 -59.0 0.11658253987930872 10
0001 0015 1711696391654 -9.75 -63.0 4.221515128261284 10
0001 0009 1711696391654 13.0 -69.5 2.6200391857086753 10
0001 0012 1711696391655 71.5625 -70.5 1.748738098189631 10
0001 0007 1711696391656 -2.4375 -74.0 1.3499030933393643 10
0001 0010 1711696391896 29.25 -70.0 0.6258641614573416 10
0001 0012 1711696391896 -84.625 -68.0 2.2150682577068657 10
0001 0011 1711696391897 -16.25 -59.5 0.6442719309119693 10
0001 0015 1711696391898 22.75 -63.5 3.9269908169872414 10
0001 0009 1711696391899 -6.5 -68.0 3.9453985864418692 10
0001 0007 1711696391900 -94.375 -69.0 5.129631754689584 10
0001 0009 1711696391901 -3.25 -70.0 4.81056375080937 10
0001 0015 1711696391902 -6.5 -65.0 4.7860200582032 10
0001 0007 1711696391903 -84.625 -67.0 6.013204688511713 10
0001 0011 1711696391904 9.75 -60.0 1.2455923997631406 10
0001 0012 1711696391905 26.0 -67.5 2.767301341345697 10
0001 0006 1711696391906 25.1875 -73.5 3.773592738198677 10
0001 0014 1711696392048 1.5625 -75.0 6.258641614573416 10
0001 0010 1711696392048 2.125 -75.0 1.1658253987930873 10
0001 0009 1711696392049 71.5625 -67.0 1.3621749396424494 10
0001 0007 1711696392050 -71.5625 -64.5 2.1782527187976104 10
0001 0012 1711696392050 16.25 -60.5 3.8717675086233583 10
0001 0015 1711696392051 -13.0 -58.0 1.4173982480063325 10
0001 0011 1711696392052 -32.5 -69.5 2.6323110320117604 10
0001 0010 1711696392053 15.25 -73.5 5.056000676871073 10
0001 0014 1711696392054 3.625 -74.0 6.166602767300278 10
0001 0015 1711696392054 29.25 -61.5 1.3437671701878218 10
0001 0007 1711696392055 29.25 -63.5 4.534447208989955 10
0001 0009 1711696392056 -29.25 -68.0 3.80427235395639 10
0001 0011 1711696392057 0.0 -65.0 0.42337869745643697 10
0001 0012 1711696392058 32.5 -61.0 4.816699673960914 10
0001 0005 1711696392059 -22.75 -67.0 5.184855063053467 10
0001 0010 1711696392060 -32.5 -70.0 0.8897088569736719 10
0001 0014 1711696392144 -34.125 -72.0 6.135923151542564 10
0001 0006 1711696392396 0.4375 -74.5 1.7548740213411735 10
0001 0015 1711696392396 13.0 -63.5 1.2026409377023426 10
0001 0012 1711696392397 32.5 -68.0 1.6873788666742053 10
0001 0011 1711696392398 9.75 -57.5 4.04357335686655 10
0001 0007 1711696392399 -3.25 -62.5 1.368310862793992 10
0001 0006 1711696392399 9.125 -74.5 5.47937937432751 10
0001 0001 1711696392400 0.25 -72.5 5.730952223540755 10
0001 0011 1711696392401 9.75 -60.5 1.4664856332186729 10
0001 0007 1711696392402 -84.625 -62.0 5.350524988145116 10
0001 0015 1711696392402 6.5 -66.0 1.5953400194010667 10
0001 0001 1711696392403 -87.875 -66.0 1.1167380135807468 10
0001 0008 1711696392404 -5.9375 -76.0 0.859029241215959 10
0001 0003 1711696392405 1.9375 -77.5 0.018407769454627694 10
0001 0011 1711696392532 -6.5 -66.5 4.589670517353839 10
0001 0008 1711696392532 73.1875 -69.5 4.749204519293945 10
0001 0010 1711696392533 -84.625 -70.0 0.6013204688511713 10
0001 0005 1711696392534 -45.5625 -65.5 4.822835597112456 10
0001 0009 1711696392534 71.5625 -69.5 1.8285050991596843 10
0001 0001 1711696392535 29.25 -66.0 3.9147189706841563 10
0001 0007 1711696392536 48.8125 -65.0 2.12916533358527 10
0001 0015 1711696392536 -39.0 -68.0 1.8714565612204823 10
0001 0004 1711696392537 -0.8125 -73.0 0.030679615757712823 10
0001 0014 1711696392538 -16.25 -69.5 6.12365130523948 10
0001 0002 1711696392538 13.375 -76.5 0.3313398501832985 10
0001 0001 1711696392539 9.75 -63.0 0.6442719309119693 10
0001 0005 1711696392540 13.0 -64.0 1.086058397823034 10
0001 0011 1711696392540 0.0 -61.5 0.8835729338221293 10
0001 0015 1711696392541 -35.75 -67.5 3.104777114680538 10
0001 0007 1711696392542 -52.0625 -66.0 5.258486140871978 10
0001 0004 1711696392543 110.625 -68.5 1.0676506283684062 10
0001 0002 1711696392544 214.8125 -74.5 2.9084275738311756 10
0001 0010 1711696392645 -0.25 -75.5 5.325981295538946 10
0001 0014 1711696392645 1.4375 -71.5 5.197126909356553 10
0001 0008 1711696392646 -1.9375 -74.5 5.792311455056181 10
0001 0001 1711696392817 22.75 -65.0 4.190835512503572 10
0001 0005 1711696392817 -68.3125 -65.5 4.884194828627882 10
0001 0010 1711696392818 71.5625 -72.5 2.3746022596469727 10
0001 0011 1711696392819 42.3125 -63.0 3.0495538063166547 10
0001 0007 1711696392819 6.5 -63.0 2.086213871524472 10
0001 0008 1711696392820 48.8125 -70.5 6.1420590746941075 10
0001 0013 1711696392820 0.25 -74.5 4.675573441475434 10
0001 0004 1711696392821 -1.75 -74.5 5.798447378207723 10
0001 0004 1711696392822 -247.375 -71.5 3.5833791205008576 10
0001 0005 1711696392823 -45.5625 -61.0 0.9878836273983529 10
0001 0010 1711696392823 -81.375 -68.5 4.246058820867455 10
0001 0013 1711696392824 65.0625 -69.0 2.270291566070749 10
0001 0007 1711696392826 52.0625 -61.5 4.362641360746763 10
0001 0008 1711696392826 55.3125 -70.5 2.9820586516496865 10
0001 0001 1711696392827 -35.75 -64.5 2.1782527187976104 10
0001 0015 1711696392828 -4.25 -74.0 0.5031456984264903 10
0001 0011 1711696392828 26.8125 -74.0 5.939573610693203 10
0001 0012 1711696392829 -2.4375 -77.5 5.516194913236766 10
0001 0014 1711696392830 9.125 -71.0 1.0676506283684062 10
0001 0015 1711696393025 -149.6875 -68.5 5.203262832508095 10
0001 0008 1711696393025 87.0625 -71.0 0.6504078540635119 10
0001 0011 1711696393026 -58.5625 -67.0 5.246214294568893 10
0001 0001 1711696393027 -3.25 -65.5 0.11044661672776616 10
0001 0007 1711696393027 45.5625 -66.0 1.2946797849754812 10
0001 0012 1711696393028 29.25 -72.5 5.47937937432751 10
0001 0004 1711696393029 -29.25 -64.5 1.2087768608538851 10
0001 0005 1711696393029 1.8125 -62.0 5.031456984264903 10
0001 0010 1711696393030 1.8125 -73.0 6.117515382087937 10
0001 0008 1711696393030 87.0625 -69.5 4.7860200582032 10
0001 0005 1711696393031 26.0 -60.0 3.0495538063166547 10
0001 0011 1711696393032 84.625 -69.5 3.3318062712876126 10
0001 0007 1711696393032 -3.25 -66.5 6.166602767300278 10
0001 0015 1711696393033 -29.25 -67.0 0.7669903939428205 10
0001 0012 1711696393034 6.5 -62.0 4.638757902566179 10
0001 0010 1711696393034 45.5625 -67.0 1.1474176293384597 10
0001 0001 1711696393035 -45.5625 -68.0 4.196971435655114 10
0001 0006 1711696393145 23.5625 -70.0 5.869010494450463 10
0001 0004 1711696393145 9.125 -72.5 0.9940195505498954 10
0001 0009 1711696393146 2.125 -75.0 1.8407769454627694 10
0001 0011 1711696393265 45.5625 -64.0 1.2946797849754812 10
0001 0006 1711696393266 58.5625 -64.5 5.098952138931871 10
0001 0001 1711696393266 84.625 -69.0 2.2948352586769194 10
0001 0012 1711696393267 3.25 -65.0 0.09817477042468103 10
0001 0007 1711696393268 -55.3125 -63.5 5.0253210611133605 10
0001 0009 1711696393268 6.5 -70.5 2.767301341345697 10
0001 0004 1711696393269 107.375 -65.0 3.1906800388021335 10
0001 0005 1711696393270 -55.3125 -65.5 1.4296700943094176 10
0001 0010 1711696393270 -78.0625 -68.0 5.166447293598839 10
0001 0008 1711696393271 42.3125 -67.0 2.2580197197676637 10
0001 0015 1711696393272 6.6875 -66.5 2.030990563160589 10
0001 0009 1711696393272 -45.5625 -67.0 5.749359992995383 10
0001 0008 1711696393274 55.3125 -67.5 5.154175447295755 10
0001 0012 1711696393275 32.5 -66.0 1.8100973297050567 10
0001 0015 1711696393276 32.5 -60.5 2.5770877236478773 10
0001 0010 1711696393276 81.375 -67.0 1.423534171157875 10
0001 0006 1711696393289 16.25 -66.0 2.5586799541932495 10
0001 0005 1711696393291 0.0 -62.5 4.988505522204105 10
0001 0007 1711696393291 -35.75 -67.5 1.6505633277649499 10
0001 0011 1711696393292 78.0625 -65.5 5.062136600022616 10
0001 0001 1711696393395 3.5 -73.0 2.2457478734645786 10
0001 0004 1711696393395 2.4375 -75.5 0.47860200582032003 10
0001 0015 1711696393396 -39.0 -59.0 1.9144080232812801 10
0001 0010 1711696393397 68.3125 -68.0 4.28287435977671 10
0001 0005 1711696393397 45.5625 -63.5 2.442097414313941 10
0001 0006 1711696393398 -136.6875 -68.0 5.50392306693368 10
0001 0001 1711696393398 -162.75 -66.5 5.8045833013592665 10
0001 0011 1711696393399 6.5 -61.5 2.4850488763747385 10
0001 0004 1711696393400 32.5 -71.0 3.9576704327449543 10
0001 0007 1711696393400 -84.625 -65.5 5.485515297479052 10
0001 0009 1711696393401 130.1875 -67.5 3.0372819600135696 10
0001 0008 1711696393402 17.0625 -67.0 3.1354567304382504 10
0001 0012 1711696393639 3.125 -73.5 5.786175531904639 10
0001 0012 1711696393639 -130.1875 -70.0 2.748893571891069 10
0001 0009 1711696393640 -94.375 -69.0 0.7547185476397354 10
0001 0015 1711696393641 0.0 -63.0 3.9576704327449543 10
0001 0006 1711696393641 9.75 -68.5 2.6813984172241008 10
0001 0005 1711696393642 -16.25 -60.5 1.1719613219446299 10
0001 0004 1711696393643 55.3125 -65.5 1.5033011721279284 10
0001 0011 1711696393643 19.5 -64.0 1.2762720155208536 10
0001 0001 1711696393644 35.75 -62.5 3.54042765844006 10
0001 0008 1711696393645 -13.0 -70.5 1.6935147898257479 10
0001 0010 1711696393645 -146.4375 -68.5 3.6263305825616556 10
0001 0013 1711696393646 4.0 -73.5 2.086213871524472 10
0001 0014 1711696393648 -1.125 -65.5 5.264622064023521 10
0001 0010 1711696393649 -22.75 -62.0 0.9756117810952678 10
0001 0013 1711696393649 3.25 -62.5 4.172427743048944 10
0001 0008 1711696393650 38.1875 -70.0 0.3865631585471816 10
0001 0015 1711696393651 -45.5625 -65.5 4.3933209765044765 10
0001 0005 1711696393652 16.25 -66.0 4.700117134081604 10
0001 0011 1711696393652 -100.875 -68.0 6.234097921967246 10
0001 0014 1711696393653 3.25 -64.0 2.2457478734645786 10
0001 0009 1711696393654 -94.375 -69.0 5.332117218690489 10
0001 0001 1711696393655 6.5 -61.5 1.4848934026733007 10
0001 0006 1711696393655 -65.0625 -67.5 1.2026409377023426 10
0001 0004 1711696393882 2.125 -75.5 0.1902136176978195 10
0001 0006 1711696393882 13.0 -62.0 5.203262832508095 10
0001 0013 1711696393883 -6.5 -60.0 1.2762720155208536 10
0001 0010 1711696393884 19.5 -62.0 0.018407769454627694 10
0001 0001 1711696393884 -55.3125 -63.0 5.442563835418255 10
0001 0015 1711696393885 -55.3125 -64.0 4.865787059173254 10
0001 0004 1711696393886 -133.4375 -69.0 5.681864838328415 10
0001 0005 1711696393886 9.75 -61.0 4.227651051412827 10
0001 0007 1711696393887 159.5 -67.0 1.5892040962495242 10
0001 0014 1711696393887 22.75 -67.0 6.17273869045182 10
0001 0008 1711696393888 -273.375 -72.0 5.927301764390117 10
0001 0009 1711696393889 -52.0625 -69.0 2.6384469551633027 10
0001 0011 1711696393890 28.4375 -71.0 1.53091282630987 10
0001 0010 1711696393891 -16.25 -61.5 3.117048960983623 10
0001 0011 1711696393892 -45.5625 -64.5 0.30066023442558565 10
0001 0004 1711696393892 169.25 -70.0 2.3316507975861747 10
0001 0014 1711696393893 -42.3125 -68.0 2.8654761117703775 10
0001 0001 1711696393893 13.0 -60.5 2.816388726558037 10
0001 0005 1711696393894 22.75 -63.0 1.6996507129772904 10
0001 0008 1711696393895 -97.625 -70.0 2.4727770300716534 10
0001 0007 1711696393895 -39.0 -66.0 5.8045833013592665 10
0001 0006 1711696393896 26.0 -67.5 2.804116880254952 10
0001 0015 1711696393896 107.375 -68.5 4.988505522204105 10
0001 0009 1711696393897 -3.25 -66.0 0.4295146206079795 10
0001 0013 1711696393898 0.0 -62.0 2.7120780329818137 10
0001 0012 1711696394128 -0.25 -78.5 5.45483568172134 10
0001 0010 1711696394128 42.3125 -64.5 0.3436116964863836 10
0001 0006 1711696394129 0.0 -65.0 5.325981295538946 10
0001 0014 1711696394130 -78.0625 -67.0 5.841398840268521 10
0001 0005 1711696394130 -35.75 -57.5 4.865787059173254 10
0001 0007 1711696394131 -3.25 -63.5 1.7732817907958012 10
0001 0001 1711696394131 6.5 -62.0 0.4479223900626072 10
0001 0009 1711696394132 13.0 -71.5 2.60776733940559 10
0001 0011 1711696394132 -13.0 -62.5 4.037437433715008 10
0001 0013 1711696394133 22.75 -59.5 4.331961744989051 10
0001 0004 1711696394133 16.25 -66.0 6.227961998815704 10
0001 0008 1711696394134 27.625 -71.0 0.23930100291016002 10
0001 0015 1711696394134 -0.5625 -74.5 0.7301748550335652 10
0001 0012 1711696394135 13.75 -77.5 5.43029198911517 10
0001 0011 1711696394135 -22.75 -66.0 1.0185632431560658 10
0001 0001 1711696394136 13.0 -60.5 4.577398671050753 10
0001 0007 1711696394137 -22.75 -63.0 5.878214379177777 10
0001 0010 1711696394137 -9.75 -66.0 5.178719139901925 10
0001 0004 1711696394138 -35.75 -65.5 4.374913207049849 10
0001 0005 1711696394138 -9.75 -59.5 2.8716120349219203 10
0001 0008 1711696394139 30.875 -67.0 4.577398671050753 10
0001 0006 1711696394139 -179.0 -70.0 2.84706834231575 10
0001 0013 1711696394140 58.5625 -67.5 1.3314953238847365 10
0001 0014 1711696394140 16.25 -69.0 0.944932165337555 10
0001 0015 1711696394382 0.0 -72.5 0.3865631585471816 10
0001 0012 1711696394382 6.0625 -77.5 6.105243535784852 10
0001 0007 1711696394382 -19.5 -59.0 2.6568547246179306 10
0001 0011 1711696394383 32.5 -60.5 0.2699806186678728 10
0001 0008 1711696394383 -34.9375 -64.5 2.399145952253143 10
0001 0005 1711696394384 26.0 -55.5 0.2638446955163303 10
0001 0004 1711696394384 16.25 -62.5 2.2089323345553233 10
0001 0015 1711696394385 -29.25 -67.0 3.11091303783208 10
0001 0012 1711696394386 -55.3125 -71.5 5.1725832167503825 10
0001 0001 1711696394386 -22.75 -66.0 3.6140587362585705 10
0001 0010 1711696394387 52.0625 -66.5 4.411728745959104 10
0001 0006 1711696394388 10.9375 -75.0 0.23930100291016002 10
0001 0014 1711696394388 2.125 -74.0 2.6998061866787286 10
0001 0006 1711696394389 107.375 -68.5 1.5892040962495242 10
0001 0008 1711696394389 59.375 -62.5 5.8475347634200645 10
0001 0015 1711696394390 -55.3125 -70.5 0.7853981633974483 10
0001 0004 1711696394391 42.3125 -63.5 0.6135923151542565 10
0001 0001 1711696394391 0.0 -60.0 2.1537090261914402 10
0001 0007 1711696394392 -6.5 -58.5 1.533980787885641 10
0001 0005 1711696394392 -6.5 -55.5 4.8351074434155406 10
0001 0011 1711696394393 13.0 -56.5 4.06811704947272 10
0001 0010 1711696394393 -9.75 -61.5 1.6260196351587797 10
0001 0009 1711696394394 -91.125 -69.5 5.197126909356553 10
0001 0014 1711696394394 -35.75 -68.5 0.04908738521234052 10
0001 0012 1711696394395 32.5 -65.5 3.5956509668039427 10
0001 0006 1711696394630 32.5 -65.5 4.896466674930966 10
0001 0008 1711696394630 13.8125 -62.5 2.448233337465483 10
0001 0001 1711696394631 -22.75 -58.5 5.577554144752192 10
0001 0015 1711696394631 -26.0 -58.0 3.448388811166921 10
0001 0012 1711696394632 0.0 -65.0 5.405748296509 10
0001 0010 1711696394632 58.5625 -60.0 4.417864669110647 10
0001 0007 1711696394633 -13.0 -59.0 4.313553975534423 10
0001 0011 1711696394634 3.25 -59.5 0.8406214717613314 10
0001 0004 1711696394634 0.0 -64.0 3.2888548092268146 10
0001 0005 1711696394635 13.0 -59.5 2.043262409463674 10
0001 0009 1711696394635 87.875 -65.5 1.8960002538266525 10
0001 0003 1711696394636 -5.4375 -76.0 1.2210487071569704 10
0001 0002 1711696394637 20.125 -76.5 1.8162332528565992 10
0001 0006 1711696394637 -94.375 -66.5 1.6996507129772904 10
0001 0010 1711696394638 -26.0 -63.0 0.8774370106705868 10
0001 0015 1711696394638 6.5 -54.5 4.491495746929157 10
0001 0001 1711696394639 -19.5 -56.5 3.2029518851052186 10
0001 0005 1711696394639 16.25 -59.0 5.743224069843841 10
0001 0007 1711696394640 22.75 -60.5 1.282407938672396 10
0001 0008 1711696394640 3.25 -63.0 0.0674951546669682 10
0001 0011 1711696394641 -6.5 -58.0 4.037437433715008 10
0001 0009 1711696394641 48.8125 -63.0 5.270757987175063 10
0001 0003 1711696394642 48.8125 -72.0 0.07976700097005335 10
0001 0012 1711696394642 152.9375 -68.5 0.5031456984264903 10
0001 0004 1711696394643 35.75 -65.0 5.8475347634200645 10
0001 0011 1711696394878 -6.5 -57.5 1.012427320004523 10
0001 0007 1711696394878 13.0 -60.5 3.6570101983193686 10
0001 0010 1711696394879 26.0 -64.0 3.6815538909255388 10
0001 0015 1711696394879 3.25 -51.5 5.258486140871978 10
0001 0005 1711696394880 61.8125 -58.5 2.478912953223196 10
0001 0008 1711696394880 -38.1875 -65.0 3.6570101983193686 10
0001 0001 1711696394881 6.5 -57.0 0.5154175447295755 10
0001 0004 1711696394881 -13.0 -64.5 3.1661363461959633 10
0001 0006 1711696394882 0.0 -68.5 4.049709280018092 10
0001 0009 1711696394883 117.125 -67.0 1.9634954084936207 10
0001 0012 1711696394883 -26.0 -69.0 2.7120780329818137 10
0001 0014 1711696394884 -78.0625 -71.0 2.9943304979527716 10
0001 0003 1711696394884 0.0 -76.5 4.387185053352934 10
0001 0013 1711696394885 -5.4375 -78.5 2.110757564130642 10
0001 0007 1711696394885 32.5 -63.0 0.5338253141842031 10
0001 0015 1711696394886 16.25 -58.5 0.48473792897186263 10
0001 0010 1711696394887 -3.25 -61.0 1.1351457830353744 10
0001 0009 1711696394888 -91.125 -63.5 6.2034183062095325 10
0001 0008 1711696394888 13.8125 -63.5 1.7671458676442586 10
0001 0001 1711696394888 19.5 -58.0 4.331961744989051 10
0001 0011 1711696394889 -6.5 -58.0 5.5284667595398505 10
0001 0014 1711696394890 -39.0 -70.0 3.4177091954092087 10
0001 0006 1711696394890 -6.5 -66.5 1.5033011721279284 10
0001 0005 1711696394891 3.25 -58.5 0.6381360077604268 10
0001 0004 1711696394912 13.0 -70.5 0.48473792897186263 10
0001 0013 1711696394914 -319.0 -73.5 4.73693267299086 10
