0000 0007 1710744286930 6.5 -64.0 0.04908738521234052 18
0000 0003 1710744286931 214.8125 -70.5 0.1595340019401067 18
0000 0015 1710744286931 -35.75 -64.5 3.3379421944391554 18
0000 0006 1710744286932 6.5 -65.0 2.742757648739526 18
0000 0007 1710744286933 94.375 -64.0 6.178874613603362 18
0000 0011 1710744286933 -42.3125 -63.5 0.0674951546669682 18
0000 0010 1710744286933 -16.25 -61.5 3.9085830475326135 18
0000 0001 1710744286934 -35.75 -67.0 2.8961557275280905 18
0000 0005 1710744286934 -35.75 -57.5 3.6324665057131984 18
0000 0004 1710744286935 81.375 -61.5 1.000155473701438 18
0000 0012 1710744286936 -6.5 -53.5 5.154175447295755 18
0000 0009 1710744286936 -10.5625 -57.0 4.313553975534423 18
0000 0000 1710744286937 17.0625 -64.5 6.135923151542564 18
0000 0008 1710744286937 -13.0 -55.0 1.8039614065535141 18
0000 0013 1710744286937 9.75 -57.0 1.521708941582556 18
0000 0003 1710744286938 26.0 -70.5 0.4111068511533518 18
0000 0007 1710744287068 107.375 -64.5 6.160466844148735 18
0000 0009 1710744287069 -38.1875 -57.0 4.325825821837508 18
0000 0004 1710744287069 9.75 -61.5 1.1228739367322893 18
0000 0006 1710744287069 32.5 -64.5 2.742757648739526 18
0000 0012 1710744287070 9.75 -54.0 5.160311370447297 18
0000 0000 1710744287070 21.125 -65.0 6.1420590746941075 18
0000 0013 1710744287070 22.75 -57.0 1.5155730184310134 18
0000 0005 1710744287071 -6.5 -57.5 3.6263305825616556 18
0000 0008 1710744287071 13.0 -55.0 1.7978254834019713 18
0000 0011 1710744287072 -6.5 -63.0 0.04908738521234052 18
0000 0001 1710744287072 -6.5 -67.0 2.9391071895888885 18
0000 0010 1710744287072 -32.5 -61.0 3.9392626632903265 18
0000 0003 1710744287073 179.0 -70.5 0.30066023442558565 18
0000 0015 1710744287073 -16.25 -64.5 3.3072625786814425 18
0000 0012 1710744287262 -16.25 -53.5 5.184855063053467 18
0000 0005 1710744287262 -6.5 -57.5 3.6815538909255388 18
0000 0008 1710744287263 3.25 -55.0 1.859184714917397 18
0000 0004 1710744287263 32.5 -61.5 1.1658253987930873 18
0000 0007 1710744287263 -22.75 -64.0 0.09203884727313846 18
0000 0000 1710744287264 48.8125 -64.5 6.105243535784852 18
0000 0006 1710744287264 26.0 -65.0 2.718213956133356 18
0000 0010 1710744287264 -29.25 -61.5 3.9453985864418692 18
0000 0011 1710744287265 -19.5 -63.5 0.04295146206079795 18
0000 0001 1710744287265 -9.75 -67.0 3.018874190558942 18
0000 0003 1710744287265 45.5625 -71.5 0.6135923151542565 18
0000 0009 1710744287266 -34.9375 -57.5 4.362641360746763 18
0000 0013 1710744287266 19.5 -57.5 1.5462526341887264 18
0000 0015 1710744287267 -58.5625 -64.0 3.3747577333484107 18
0000 0013 1710744287267 42.3125 -57.0 1.5155730184310134 18
0000 0008 1710744287267 26.0 -55.0 1.8285050991596843 18
0000 0006 1710744287268 32.5 -65.5 2.736621725587984 18
0000 0010 1710744287268 0.0 -61.5 3.9208548938356986 18
0000 0007 1710744287268 22.75 -64.0 0.030679615757712823 18
0000 0009 1710744287269 -45.5625 -57.5 4.381049130201391 18
0000 0004 1710744287269 26.0 -61.0 1.184233168247715 18
0000 0005 1710744287269 7.3125 -57.5 3.6447383520162835 18
0000 0003 1710744287270 123.6875 -71.5 0.5522330836388308 18
0000 0012 1710744287270 -30.875 -53.5 5.184855063053467 18
0000 0000 1710744287271 19.5 -64.0 6.209554229361076 18
0000 0011 1710744287271 9.75 -63.5 0.018407769454627694 18
0000 0015 1710744287272 -94.375 -65.0 3.380893656499953 18
0000 0001 1710744287272 -78.0625 -67.0 3.055689729468197 18
0000 0010 1710744287478 -58.5625 -62.5 4.025165587411922 18
0000 0006 1710744287478 -9.75 -65.0 2.834796496012665 18
0000 0013 1710744287479 26.0 -57.0 1.533980787885641 18
0000 0004 1710744287479 61.8125 -61.5 1.1167380135807468 18
0000 0005 1710744287479 10.5625 -57.5 3.6386024288647407 18
0000 0009 1710744287480 -48.8125 -57.0 4.387185053352934 18
0000 0000 1710744287480 21.125 -64.5 6.215690152512618 18
0000 0012 1710744287480 22.75 -53.5 5.117359908386499 18
0000 0008 1710744287481 -9.75 -55.0 1.9144080232812801 18
0000 0007 1710744287481 26.0 -64.5 0.05522330836388308 18
0000 0003 1710744287481 32.5 -71.0 0.662679700366597 18
0000 0001 1710744287482 94.375 -66.5 2.8102528034064944 18
0000 0015 1710744287482 6.5 -65.0 3.2459033471660166 18
0000 0011 1710744287482 -35.75 -63.5 0.1227184630308513 18
0000 0013 1710744287483 19.5 -57.0 1.5707963267948966 18
0000 0011 1710744287483 74.8125 -63.5 6.240233845118788 18
0000 0001 1710744287483 -35.75 -67.5 3.018874190558942 18
0000 0015 1710744287484 -16.25 -65.0 3.2949907323783574 18
0000 0004 1710744287484 48.8125 -61.5 1.1596894756415448 18
0000 0000 1710744287485 45.5625 -64.5 6.160466844148735 18
0000 0006 1710744287485 -3.25 -65.5 2.773437264497239 18
0000 0012 1710744287485 3.25 -53.5 5.154175447295755 18
0000 0009 1710744287486 -13.8125 -57.5 4.381049130201391 18
0000 0008 1710744287486 19.5 -55.0 1.8714565612204823 18
0000 0005 1710744287486 13.0 -57.5 3.6570101983193686 18
0000 0007 1710744287487 3.25 -64.0 0.07976700097005335 18
0000 0010 1710744287488 -48.8125 -61.5 3.9822141253511245 18
0000 0003 1710744287488 -120.4375 -71.0 0.8528933180644165 18
0000 0015 1710744287692 -48.8125 -64.5 3.3379421944391554 18
0000 0011 1710744287692 35.75 -64.0 0.01227184630308513 18
0000 0000 1710744287693 -42.3125 -64.5 0.02454369260617026 18
0000 0012 1710744287693 -6.5 -53.5 5.178719139901925 18
0000 0010 1710744287693 -22.75 -62.0 3.9147189706841563 18
0000 0003 1710744287694 159.5 -71.0 0.5092816215780329 18
0000 0008 1710744287694 6.5 -55.0 1.8714565612204823 18
0000 0006 1710744287694 32.5 -65.5 2.804116880254952 18
0000 0005 1710744287695 0.0 -57.0 3.6815538909255388 18
0000 0004 1710744287695 32.5 -61.5 1.1596894756415448 18
0000 0013 1710744287695 32.5 -57.5 1.521708941582556 18
0000 0009 1710744287696 -7.3125 -57.5 4.319689898685965 18
0000 0001 1710744287696 39.0 -66.5 2.890019804376548 18
0000 0007 1710744287696 61.8125 -63.5 6.240233845118788 18
0000 0015 1710744287697 6.5 -64.5 3.2888548092268146 18
0000 0010 1710744287697 -13.0 -62.0 3.9638063558964967 18
0000 0005 1710744287697 32.5 -57.5 3.6201946594101133 18
0000 0001 1710744287698 -16.25 -66.0 2.945243112740431 18
0000 0003 1710744287698 52.0625 -71.0 0.5154175447295755 18
0000 0008 1710744287698 9.75 -55.0 1.8775924843720249 18
0000 0012 1710744287699 -7.3125 -53.5 5.184855063053467 18
0000 0006 1710744287699 87.875 -65.5 2.6261751088602177 18
0000 0011 1710744287699 3.25 -63.5 0.1043106935762236 18
0000 0013 1710744287700 9.75 -57.0 1.533980787885641 18
0000 0000 1710744287700 -62.625 -64.5 6.252505691421874 18
0000 0004 1710744287700 35.75 -61.0 1.1228739367322893 18
0000 0009 1710744287701 -10.5625 -57.5 4.3503695144436785 18
0000 0007 1710744287701 -16.25 -64.5 0.09817477042468103 18
0000 0013 1710744287819 26.0 -57.5 1.5278448647340985 18
0000 0007 1710744287819 3.25 -64.0 0.05522330836388308 18
0000 0011 1710744287820 -3.25 -63.5 0.1227184630308513 18
0000 0005 1710744287820 -9.75 -57.5 3.693825737228624 18
0000 0004 1710744287820 19.5 -61.5 1.1780972450961724 18
0000 0008 1710744287821 0.0 -55.0 1.9205439464328227 18
0000 0000 1710744287821 -13.0 -64.0 6.22182607566416 18
0000 0012 1710744287821 -9.75 -53.5 5.160311370447297 18
0000 0010 1710744287822 19.5 -62.0 3.8717675086233583 18
0000 0001 1710744287822 3.25 -66.0 2.890019804376548 18
0000 0003 1710744287822 61.8125 -71.5 0.6688156235181395 18
0000 0009 1710744287823 -3.25 -57.5 4.344233591292136 18
0000 0006 1710744287823 -19.5 -65.0 2.8654761117703775 18
0000 0015 1710744287823 -19.5 -65.0 3.3318062712876126 18
0000 0007 1710744288015 55.3125 -64.0 0.0 18
0000 0013 1710744288015 19.5 -57.5 1.5401167110371838 18
0000 0008 1710744288015 6.5 -55.0 1.8960002538266525 18
0000 0009 1710744288015 -21.125 -57.5 4.356505437595221 18
0000 0010 1710744288016 22.75 -61.5 3.890175278077986 18
0000 0012 1710744288016 6.5 -53.5 5.1725832167503825 18
0000 0011 1710744288016 19.5 -63.5 0.04908738521234052 18
0000 0005 1710744288017 -9.75 -57.0 3.718369429834794 18
0000 0001 1710744288017 74.8125 -66.5 2.7979809571034093 18
0000 0006 1710744288017 29.25 -65.0 2.718213956133356 18
0000 0000 1710744288018 -10.5625 -64.0 6.264777537724958 18
0000 0004 1710744288018 48.8125 -61.5 1.1167380135807468 18
0000 0003 1710744288018 208.3125 -71.0 0.380427235395639 18
0000 0015 1710744288019 -16.25 -64.5 3.2949907323783574 18
0000 0008 1710744288019 6.5 -55.0 1.8653206380689396 18
0000 0006 1710744288019 -42.3125 -66.0 2.9022916506796332 18
0000 0009 1710744288020 -17.0625 -57.5 4.356505437595221 18
0000 0011 1710744288020 6.5 -63.5 0.04295146206079795 18
0000 0012 1710744288020 -6.5 -54.0 5.154175447295755 18
0000 0005 1710744288021 -7.3125 -57.5 3.6815538909255388 18
0000 0000 1710744288021 32.5 -64.5 6.19728238305799 18
0000 0010 1710744288022 -42.3125 -62.5 3.9453985864418692 18
0000 0015 1710744288022 29.25 -64.5 3.2459033471660166 18
0000 0013 1710744288022 39.0 -57.0 1.5155730184310134 18
0000 0004 1710744288023 39.0 -61.5 1.1290098598838318 18
0000 0007 1710744288023 26.0 -63.5 0.03681553890925539 18
0000 0001 1710744288024 -74.8125 -66.5 3.08636934522591 18
0000 0003 1710744288025 65.0625 -71.0 0.5092816215780329 18
0000 0001 1710744288231 -45.5625 -66.5 3.0925052683774528 18
0000 0013 1710744288231 29.25 -57.0 1.5033011721279284 18
0000 0009 1710744288232 -27.625 -57.5 4.362641360746763 18
0000 0008 1710744288232 9.75 -55.5 1.8285050991596843 18
0000 0010 1710744288232 -48.8125 -62.5 3.9208548938356986 18
0000 0004 1710744288233 16.25 -61.5 1.1535535524900022 18
0000 0006 1710744288233 3.25 -65.5 2.8409324191642074 18
0000 0005 1710744288233 10.5625 -57.5 3.6692820446224537 18
0000 0007 1710744288234 -3.25 -64.0 0.14112623248547898 18
0000 0012 1710744288234 -55.3125 -53.5 5.2339424482658075 18
0000 0015 1710744288234 -29.25 -64.0 3.3747577333484107 18
0000 0011 1710744288235 13.0 -63.5 0.09817477042468103 18
0000 0003 1710744288235 -26.0 -72.5 0.6749515466696822 18
0000 0000 1710744288235 0.0 -65.0 6.166602767300278 18
0000 0004 1710744288236 22.75 -61.5 1.1290098598838318 18
0000 0007 1710744288236 39.0 -64.0 6.270913460876501 18
0000 0011 1710744288236 29.25 -63.5 0.0674951546669682 18
0000 0010 1710744288237 -22.75 -62.0 3.902447124381071 18
0000 0008 1710744288237 52.0625 -55.5 1.7794177139473437 18
0000 0005 1710744288237 -16.25 -57.5 3.7122335066832517 18
0000 0009 1710744288238 -24.375 -58.0 4.356505437595221 18
0000 0006 1710744288238 16.25 -65.0 2.767301341345697 18
0000 0012 1710744288239 -22.75 -54.0 5.184855063053467 18
0000 0015 1710744288239 -9.75 -64.5 3.3011266555298997 18
0000 0000 1710744288239 29.25 -64.5 6.227961998815704 18
0000 0013 1710744288240 6.5 -57.0 1.552388557340269 18
0000 0001 1710744288240 -74.8125 -67.0 3.160000423044421 18
0000 0003 1710744288240 -97.625 -71.5 0.6749515466696822 18
0000 0008 1710744288445 9.75 -55.5 1.8285050991596843 18
0000 0007 1710744288446 -29.25 -64.0 0.1043106935762236 18
0000 0010 1710744288446 -45.5625 -62.5 3.9208548938356986 18
0000 0004 1710744288446 117.125 -61.5 0.9203884727313847 18
0000 0000 1710744288447 26.0 -64.0 6.22182607566416 18
0000 0003 1710744288447 -52.0625 -71.0 0.7363107781851077 18
0000 0009 1710744288447 -7.3125 -57.5 4.325825821837508 18
0000 0015 1710744288448 -26.0 -65.0 3.2949907323783574 18
0000 0006 1710744288448 71.5625 -65.0 2.6323110320117604 18
0000 0012 1710744288448 -3.25 -53.5 5.166447293598839 18
0000 0013 1710744288449 -19.5 -57.5 1.5953400194010667 18
0000 0005 1710744288449 -21.125 -57.0 3.7122335066832517 18
0000 0011 1710744288449 9.75 -64.0 0.0674951546669682 18
0000 0001 1710744288450 -42.3125 -67.5 3.1354567304382504 18
0000 0013 1710744288450 -9.75 -57.0 1.552388557340269 18
0000 0003 1710744288450 -58.5625 -71.0 0.8528933180644165 18
0000 0015 1710744288451 -29.25 -64.5 3.2827188860752723 18
0000 0012 1710744288451 0.0 -54.0 5.1725832167503825 18
0000 0007 1710744288451 55.3125 -64.0 6.2034183062095325 18
0000 0006 1710744288452 -16.25 -65.5 2.8654761117703775 18
0000 0000 1710744288452 -22.75 -64.5 0.11658253987930872 18
0000 0011 1710744288452 -91.125 -63.5 0.18407769454627693 18
0000 0008 1710744288453 26.0 -55.5 1.859184714917397 18
0000 0005 1710744288453 -19.5 -57.5 3.761320891895592 18
0000 0009 1710744288453 -48.8125 -58.0 4.411728745959104 18
0000 0010 1710744288454 6.5 -63.5 3.5956509668039427 18
0000 0004 1710744288454 48.8125 -61.5 1.0983302441261191 18
0000 0001 1710744288454 26.0 -67.0 3.227495577711389 18
0000 0001 1710744288579 -78.0625 -67.0 3.80427235395639 18
0000 0000 1710744288579 62.625 -64.0 0.4172427743048944 18
0000 0010 1710744288579 32.5 -63.5 3.724505352986337 18
0000 0007 1710744288580 -45.5625 -63.0 0.030679615757712823 18
0000 0009 1710744288580 -34.9375 -58.0 4.405592822807561 18
0000 0004 1710744288580 -29.25 -62.5 1.380582709097077 18
0000 0015 1710744288581 -55.3125 -64.5 3.3440781175906977 18
0000 0008 1710744288581 9.75 -56.0 2.110757564130642 18
0000 0005 1710744288581 3.25 -58.0 3.9208548938356986 18
0000 0012 1710744288582 -3.25 -54.5 4.822835597112456 18
0000 0013 1710744288582 78.0625 -56.5 1.337631247036279 18
0000 0006 1710744288583 -16.25 -65.5 2.761165418194154 18
0000 0011 1710744288583 45.5625 -64.5 0.1043106935762236 18
0000 0003 1710744288584 123.6875 -74.0 1.3008157081270237 18
0000 0009 1710744288788 -17.0625 -58.5 4.546719055293041 18
0000 0007 1710744288788 0.0 -63.0 6.277049384028044 18
0000 0013 1710744288789 39.0 -55.5 1.0737865515199487 18
0000 0004 1710744288789 6.5 -63.5 1.6689710972195777 18
0000 0011 1710744288789 26.0 -64.0 0.22089323345553233 18
0000 0005 1710744288790 -30.875 -58.0 4.313553975534423 18
0000 0012 1710744288790 0.0 -55.0 4.381049130201391 18
0000 0006 1710744288790 29.25 -65.5 2.859340188618835 18
0000 0001 1710744288791 -61.8125 -68.5 4.92714629068868 18
0000 0000 1710744288791 22.75 -64.5 1.41126232485479 18
0000 0015 1710744288791 42.3125 -64.5 2.313243028131547 18
0000 0008 1710744288792 26.0 -56.5 2.5832236467994196 18
0000 0010 1710744288792 -26.0 -64.0 3.9515345095934116 18
0000 0003 1710744288792 4.0 -75.5 1.184233168247715 18
0000 0005 1710744288793 -34.9375 -59.0 5.062136600022616 18
0000 0007 1710744288793 -16.25 -61.5 0.3190680038802134 18
0000 0015 1710744288793 -13.0 -65.5 2.3930100291016 18
0000 0004 1710744288794 -39.0 -66.0 2.5709518004963345 18
0000 0011 1710744288794 52.0625 -66.5 0.35588354278946877 18
0000 0009 1710744288794 -3.25 -58.5 4.479223900626073 18
0000 0013 1710744288795 9.75 -56.0 1.2087768608538851 18
0000 0000 1710744288795 -22.75 -65.5 2.9268353432858034 18
0000 0012 1710744288795 -9.75 -55.5 4.037437433715008 18
0000 0006 1710744288796 -6.5 -66.0 3.2949907323783574 18
0000 0008 1710744288796 -39.0 -60.5 3.32567034813607 18
0000 0010 1710744288797 -22.75 -66.0 4.000621894805752 18
0000 0001 1710744288797 -100.875 -67.5 1.1474176293384597 18
0000 0003 1710744288821 0.0 -74.0 4.88112686705211 18
0000 0007 1710744289000 26.0 -58.5 1.1474176293384597 18
0000 0009 1710744289000 -27.625 -57.5 5.00077736850719 18
0000 0015 1710744289000 -97.625 -66.5 2.4605051837685683 18
0000 0006 1710744289001 -35.75 -68.5 4.025165587411922 18
0000 0011 1710744289001 81.375 -71.0 1.239456476611598 18
0000 0013 1710744289001 13.0 -56.0 1.1044661672776617 18
0000 0005 1710744289002 16.25 -58.5 0.7669903939428205 18
0000 0003 1710744289002 35.75 -71.0 6.2463697682703305 18
0000 0012 1710744289002 -26.0 -54.0 3.859495662320273 18
0000 0000 1710744289003 -81.375 -63.5 5.197126909356553 18
0000 0001 1710744289003 -6.5 -65.5 3.129320807286708 18
0000 0008 1710744289003 -48.8125 -62.0 4.516039439535327 18
0000 0004 1710744289004 19.5 -65.0 5.006913291658733 18
0000 0010 1710744289004 -26.0 -66.5 4.871922982324796 18
0000 0000 1710744289004 22.75 -63.0 0.22089323345553233 18
0000 0004 1710744289004 22.75 -61.0 0.07363107781851078 18
0000 0009 1710744289005 -3.25 -58.0 6.105243535784852 18
0000 0010 1710744289005 -3.25 -64.0 6.277049384028044 18
0000 0012 1710744289005 9.75 -53.0 3.749049045592507 18
0000 0007 1710744289006 29.25 -59.5 2.184388641949153 18
0000 0008 1710744289006 -3.25 -60.5 6.14819499784565 18
0000 0013 1710744289007 16.25 -57.5 0.7363107781851077 18
0000 0005 1710744289007 24.375 -56.0 2.2396119503130363 18
0000 0001 1710744289007 -52.0625 -63.5 4.73693267299086 18
0000 0015 1710744289008 13.0 -66.5 2.1230294104337273 18
0000 0003 1710744289008 6.5 -69.0 1.4542137869155878 18
0000 0011 1710744289009 -55.3125 -71.0 4.430136515413731 18
0000 0010 1710744289219 -48.8125 -58.5 1.902136176978195 18
0000 0012 1710744289219 13.0 -53.0 3.6386024288647407 18
0000 0008 1710744289220 0.0 -58.5 1.576932249946439 18
0000 0004 1710744289220 42.3125 -60.0 1.325359400733194 18
0000 0009 1710744289220 -27.625 -68.0 2.3623304133438876 18
0000 0003 1710744289221 172.5 -68.5 2.2948352586769194 18
0000 0000 1710744289221 29.25 -60.5 1.8162332528565992 18
0000 0005 1710744289221 16.25 -58.5 4.01902966426038 18
0000 0013 1710744289222 26.0 -57.5 0.4049709280018093 18
0000 0001 1710744289223 32.5 -63.0 5.589825991055276 18
0000 0015 1710744289223 -35.75 -67.0 1.7119225592803755 18
0000 0011 1710744289223 71.5625 -65.0 6.240233845118788 18
0000 0007 1710744289224 5.625 -73.0 0.1902136176978195 18
0000 0009 1710744289224 -38.1875 -60.5 1.8775924843720249 18
0000 0015 1710744289224 -39.0 -66.5 1.552388557340269 18
0000 0003 1710744289225 55.3125 -70.0 3.56497135104623 18
0000 0001 1710744289225 117.125 -63.0 0.25770877236478773 18
0000 0012 1710744289225 -6.5 -53.5 3.2520392703175593 18
0000 0008 1710744289226 13.0 -59.0 4.049709280018092 18
0000 0007 1710744289226 48.8125 -63.5 1.6014759425526093 18
0000 0011 1710744289226 9.75 -61.5 2.141437179888355 18
0000 0000 1710744289227 -22.75 -62.0 3.399301425954581 18
0000 0005 1710744289227 -10.5625 -55.5 0.05522330836388308 18
0000 0004 1710744289227 9.75 -61.0 4.227651051412827 18
0000 0010 1710744289227 -9.75 -53.5 5.111223985234957 18
0000 0013 1710744289228 -9.75 -59.0 5.859806609723149 18
0000 0006 1710744289228 84.625 -72.5 0.5583690067903734 18
0000 0005 1710744289444 -17.0625 -53.0 0.7485826244881929 18
0000 0000 1710744289445 17.0625 -61.0 4.632621979414636 18
0000 0010 1710744289445 16.25 -55.5 0.6504078540635119 18
0000 0009 1710744289445 -21.125 -55.5 3.1354567304382504 18
0000 0011 1710744289446 42.3125 -61.5 3.147728576741336 18
0000 0008 1710744289446 -3.25 -56.0 0.04908738521234052 18
0000 0012 1710744289446 -16.25 -55.0 2.4605051837685683 18
0000 0004 1710744289447 -35.75 -59.5 5.448699758569798 18
0000 0001 1710744289447 -9.75 -62.5 1.0921943209745766 18
0000 0007 1710744289447 87.875 -63.5 2.60776733940559 18
0000 0006 1710744289448 81.375 -65.5 2.073942025221387 18
0000 0015 1710744289448 9.75 -64.5 2.356194490192345 18
0000 0013 1710744289448 26.0 -65.0 3.5036121195308043 18
0000 0003 1710744289449 -2.5625 -77.0 5.424156065963627 18
0000 0001 1710744289449 74.8125 -62.0 0.8835729338221293 18
0000 0005 1710744289449 7.3125 -53.0 1.282407938672396 18
0000 0008 1710744289450 13.0 -49.5 1.5707963267948966 18
0000 0009 1710744289450 -48.8125 -52.5 3.9453985864418692 18
0000 0004 1710744289450 -26.0 -59.0 6.007068765360171 18
0000 0012 1710744289450 26.0 -56.0 1.0062913968529805 18
0000 0011 1710744289451 0.0 -61.0 3.9147189706841563 18
0000 0006 1710744289451 13.0 -65.5 3.043417883165112 18
0000 0010 1710744289451 16.25 -57.0 2.705942109830271 18
0000 0000 1710744289452 -35.75 -58.5 5.092816215780329 18
0000 0015 1710744289452 3.25 -65.0 3.2704470397721868 18
0000 0007 1710744289452 -91.125 -66.5 4.037437433715008 18
0000 0003 1710744289569 5.4375 -75.5 5.375068680751287 18
0000 0004 1710744289569 -9.75 -59.0 0.09817477042468103 18
0000 0010 1710744289569 6.5 -57.0 3.3011266555298997 18
0000 0008 1710744289570 0.0 -50.5 1.6260196351587797 18
0000 0005 1710744289570 17.0625 -53.5 1.3314953238847365 18
0000 0001 1710744289570 -32.5 -62.5 0.7547185476397354 18
0000 0009 1710744289571 10.5625 -55.0 4.061981126321178 18
0000 0000 1710744289571 -30.875 -59.0 5.00077736850719 18
0000 0012 1710744289571 9.75 -56.5 0.48473792897186263 18
0000 0006 1710744289572 -65.0625 -65.5 3.552699504743145 18
0000 0011 1710744289572 -39.0 -61.5 4.552854978444583 18
0000 0015 1710744289572 55.3125 -64.0 2.9697868053466014 18
0000 0003 1710744289573 -179.0 -72.5 5.387340527054372 18
0000 0007 1710744289573 -123.6875 -68.0 4.264466590322082 18
0000 0004 1710744289763 16.25 -58.5 0.3436116964863836 18
0000 0008 1710744289763 6.5 -51.0 1.5830681730979816 18
0000 0001 1710744289764 19.5 -62.5 0.5890486225480862 18
0000 0007 1710744289764 -100.875 -68.5 4.466952054322987 18
0000 0010 1710744289764 9.75 -55.5 3.497476196379262 18
0000 0012 1710744289765 16.25 -56.0 0.4295146206079795 18
0000 0015 1710744289765 -9.75 -63.5 3.0127382674073995 18
0000 0006 1710744289765 16.25 -66.0 3.7122335066832517 18
0000 0009 1710744289766 -21.125 -56.0 4.086524818927348 18
0000 0005 1710744289766 16.25 -53.0 1.2517283229146832 18
0000 0003 1710744289766 -107.375 -73.0 4.988505522204105 18
0000 0011 1710744289767 -19.5 -62.5 4.651029748869264 18
0000 0000 1710744289767 -29.25 -59.0 4.890330751779424 18
0000 0009 1710744289767 -13.8125 -55.5 4.0558452031696355 18
0000 0010 1710744289768 0.0 -55.5 3.5711072741977725 18
0000 0008 1710744289769 -13.0 -50.5 1.6566992509164924 18
0000 0004 1710744289769 16.25 -58.0 0.7547185476397354 18
0000 0005 1710744289769 3.25 -53.5 1.141281706186917 18
0000 0012 1710744289770 -22.75 -56.0 0.4724660826687775 18
0000 0007 1710744289770 -78.0625 -68.5 4.239922897715912 18
0000 0006 1710744289770 -35.75 -66.0 4.184699589352029 18
0000 0001 1710744289771 13.0 -62.0 0.5522330836388308 18
0000 0011 1710744289771 -26.0 -62.0 4.706253057233147 18
0000 0000 1710744289771 16.25 -59.0 4.859651136021712 18
0000 0015 1710744289772 0.0 -63.5 3.000466421104314 18
0000 0003 1710744289772 -65.0625 -73.0 4.92714629068868 18
0000 0001 1710744289973 -13.0 -61.5 0.5829126993965437 18
0000 0005 1710744289974 -7.3125 -53.5 1.1780972450961724 18
0000 0000 1710744289974 0.0 -58.5 4.896466674930966 18
0000 0009 1710744289974 10.5625 -56.0 4.031301510563465 18
0000 0011 1710744289974 -16.25 -61.5 4.700117134081604 18
0000 0012 1710744289975 16.25 -55.5 0.4111068511533518 18
0000 0004 1710744289975 -3.25 -58.0 0.7915340865489908 18
0000 0008 1710744289975 0.0 -50.5 1.6444274046134073 18
0000 0007 1710744289976 110.625 -69.5 3.8533597391687304 18
0000 0006 1710744289976 -16.25 -66.5 4.123340357836604 18
0000 0010 1710744289976 -29.25 -55.0 3.5895150436524004 18
0000 0015 1710744289977 9.75 -64.5 2.9820586516496865 18
0000 0003 1710744289977 175.75 -72.5 4.534447208989955 18
0000 0010 1710744289977 3.25 -55.0 3.56497135104623 18
0000 0011 1710744289978 0.0 -61.5 4.657165672020807 18
0000 0003 1710744289978 -198.5625 -73.5 5.0253210611133605 18
0000 0008 1710744289978 -3.25 -50.5 1.6812429435226628 18
0000 0001 1710744289979 29.25 -61.5 0.5154175447295755 18
0000 0015 1710744289979 6.5 -64.0 3.0066023442558567 18
0000 0012 1710744289979 29.25 -56.0 0.44178646691106466 18
0000 0005 1710744289980 17.0625 -53.5 1.1719613219446299 18
0000 0009 1710744289980 -7.3125 -56.0 4.0987966652304335 18
0000 0006 1710744289980 -26.0 -66.0 4.1172044346850605 18
0000 0000 1710744289981 -6.5 -58.5 4.865787059173254 18
0000 0004 1710744289981 42.3125 -58.5 0.662679700366597 18
0000 0007 1710744289981 74.8125 -68.0 3.8840393549264434 18
0000 0015 1710744290187 0.0 -64.0 3.018874190558942 18
0000 0006 1710744290187 -22.75 -67.0 4.1172044346850605 18
0000 0010 1710744290188 -6.5 -55.5 3.552699504743145 18
0000 0011 1710744290188 -13.0 -62.0 4.7307967498393175 18
0000 0008 1710744290188 3.25 -50.5 1.6689710972195777 18
0000 0012 1710744290189 30.875 -56.0 0.4724660826687775 18
0000 0000 1710744290189 -29.25 -59.0 4.890330751779424 18
0000 0005 1710744290189 19.5 -53.5 1.2210487071569704 18
0000 0007 1710744290190 -126.9375 -68.0 4.411728745959104 18
0000 0004 1710744290190 -13.0 -58.0 0.6688156235181395 18
0000 0009 1710744290190 -7.3125 -56.0 4.074252972624263 18
0000 0001 1710744290191 9.75 -61.5 0.36815538909255385 18
0000 0003 1710744290191 182.25 -72.5 4.8351074434155406 18
0000 0004 1710744290191 16.25 -58.5 0.5399612373357456 18
0000 0012 1710744290192 -22.75 -56.0 0.5522330836388308 18
0000 0011 1710744290192 55.3125 -62.0 4.675573441475434 18
0000 0001 1710744290192 26.0 -62.0 0.3190680038802134 18
0000 0007 1710744290193 -9.75 -68.0 4.3503695144436785 18
0000 0008 1710744290193 0.0 -50.5 1.6321555583103222 18
0000 0005 1710744290193 0.0 -53.5 1.2946797849754812 18
0000 0003 1710744290194 169.25 -74.0 4.6448938257177215 18
0000 0006 1710744290194 -3.25 -66.5 4.074252972624263 18
0000 0015 1710744290194 -29.25 -63.0 2.9513790358919736 18
0000 0009 1710744290195 13.8125 -56.5 4.0558452031696355 18
0000 0000 1710744290195 0.0 -59.0 4.773748211900116 18
0000 0010 1710744290195 -3.25 -55.5 3.5036121195308043 18
0000 0015 1710744290318 0.0 -62.0 2.779573187648782 18
0000 0006 1710744290318 -110.625 -66.5 4.154019973594316 18
0000 0008 1710744290318 -3.25 -51.0 1.5953400194010667 18
0000 0010 1710744290319 13.0 -55.5 3.380893656499953 18
0000 0001 1710744290319 45.5625 -61.5 0.28838838812250056 18
0000 0004 1710744290319 19.5 -58.5 0.4724660826687775 18
0000 0012 1710744290320 0.0 -56.0 0.4908738521234052 18
0000 0000 1710744290320 3.25 -59.0 4.7307967498393175 18
0000 0009 1710744290321 0.0 -57.0 4.025165587411922 18
0000 0005 1710744290321 16.25 -53.5 1.282407938672396 18
0000 0007 1710744290322 -123.6875 -68.0 4.509903516383785 18
0000 0011 1710744290322 -9.75 -62.0 4.657165672020807 18
0000 0003 1710744290322 81.375 -73.0 4.871922982324796 18
0000 0009 1710744290508 -13.8125 -57.0 4.000621894805752 18
0000 0003 1710744290508 -58.5625 -71.5 4.902602598082509 18
0000 0010 1710744290508 -6.5 -56.0 3.2949907323783574 18
0000 0008 1710744290509 9.75 -51.0 1.5155730184310134 18
0000 0012 1710744290509 -22.75 -56.0 0.3988350048502667 18
0000 0015 1710744290509 26.0 -62.5 2.736621725587984 18
0000 0000 1710744290510 -16.25 -59.0 4.779884135051658 18
0000 0005 1710744290510 -6.5 -53.5 1.2517283229146832 18
0000 0004 1710744290510 -3.25 -58.5 0.3620194659410113 18
0000 0001 1710744290511 55.3125 -62.0 0.28225246497095796 18
0000 0011 1710744290511 9.75 -61.5 4.546719055293041 18
0000 0007 1710744290511 -94.375 -68.0 4.454680208019902 18
0000 0006 1710744290512 -35.75 -67.0 3.816544200259475 18
0000 0004 1710744290512 16.25 -59.0 0.35588354278946877 18
0000 0009 1710744290512 13.8125 -57.0 3.9085830475326135 18
0000 0007 1710744290513 -22.75 -67.5 4.221515128261284 18
0000 0005 1710744290513 -3.25 -53.5 1.1903690913992575 18
0000 0015 1710744290513 -3.25 -62.5 2.834796496012665 18
0000 0012 1710744290514 16.25 -55.5 0.3374757733348411 18
0000 0011 1710744290514 -45.5625 -61.5 4.577398671050753 18
0000 0008 1710744290514 26.0 -51.0 1.4664856332186729 18
0000 0006 1710744290515 58.5625 -66.0 3.718369429834794 18
0000 0010 1710744290515 -6.5 -56.0 3.2827188860752723 18
0000 0001 1710744290515 29.25 -62.0 0.3436116964863836 18
0000 0000 1710744290516 -9.75 -59.5 4.749204519293945 18
0000 0003 1710744290516 126.9375 -73.5 4.693981210930062 18
0000 0009 1710744290736 -30.875 -56.5 3.9699422790480394 18
0000 0007 1710744290736 29.25 -67.0 4.1601558967458585 18
0000 0011 1710744290737 -3.25 -61.5 4.522175362686871 18
0000 0008 1710744290737 9.75 -50.5 1.4664856332186729 18
0000 0006 1710744290737 -110.625 -66.0 3.9453985864418692 18
0000 0004 1710744290738 13.0 -59.0 0.3190680038802134 18
0000 0010 1710744290738 19.5 -56.0 3.2704470397721868 18
0000 0005 1710744290738 9.75 -53.0 1.141281706186917 18
0000 0000 1710744290739 -3.25 -59.0 4.700117134081604 18
0000 0012 1710744290739 39.0 -56.0 0.3313398501832985 18
0000 0015 1710744290739 19.5 -62.5 2.7857091108003242 18
0000 0001 1710744290740 -16.25 -62.5 0.37429131224409645 18
0000 0003 1710744290740 -19.5 -74.0 4.816699673960914 18
0000 0008 1710744290740 0.0 -51.0 1.5033011721279284 18
0000 0000 1710744290741 13.8125 -59.0 4.638757902566179 18
0000 0015 1710744290741 -9.75 -63.0 3.11091303783208 18
0000 0009 1710744290741 -27.625 -56.5 4.154019973594316 18
0000 0010 1710744290742 6.5 -55.0 3.693825737228624 18
0000 0001 1710744290742 26.0 -62.5 0.19634954084936207 18
0000 0004 1710744290742 -6.5 -59.0 0.3865631585471816 18
0000 0012 1710744290743 16.25 -56.0 0.4356505437595221 18
0000 0003 1710744290743 -91.125 -73.0 4.853515212870168 18
0000 0005 1710744290743 19.5 -53.0 1.1474176293384597 18
0000 0006 1710744290744 -48.8125 -65.5 4.252194744018997 18
0000 0011 1710744290744 -19.5 -62.0 4.620350133111551 18
0000 0007 1710744290744 78.0625 -69.0 4.147884050442774 18
0000 0012 1710744290946 -13.0 -56.0 0.5706408530934585 18
0000 0009 1710744290946 -17.0625 -56.5 4.215379205109742 18
0000 0008 1710744290946 0.0 -51.0 1.4971652489763858 18
0000 0004 1710744290947 -3.25 -58.5 0.37429131224409645 18
0000 0010 1710744290947 22.75 -54.5 3.749049045592507 18
0000 0006 1710744290947 -22.75 -65.5 4.344233591292136 18
0000 0015 1710744290948 -16.25 -62.5 3.098641191528995 18
0000 0000 1710744290948 19.5 -59.0 4.577398671050753 18
0000 0011 1710744290948 -26.0 -62.5 4.724660826687775 18
0000 0001 1710744290949 -6.5 -62.0 0.0859029241215959 18
0000 0005 1710744290949 29.25 -53.5 1.1719613219446299 18
0000 0007 1710744290950 -149.6875 -67.0 4.6448938257177215 18
0000 0003 1710744290950 32.5 -74.0 4.601942363656923 18
0000 0000 1710744290951 -22.75 -59.0 4.552854978444583 18
0000 0004 1710744290951 0.0 -59.0 0.30679615757712825 18
0000 0009 1710744290951 -27.625 -57.0 4.301282129231338 18
0000 0015 1710744290952 -16.25 -63.0 3.08636934522591 18
0000 0005 1710744290952 26.0 -53.5 1.2087768608538851 18
0000 0012 1710744290952 35.75 -56.0 0.6504078540635119 18
0000 0001 1710744290953 -26.0 -63.0 0.030679615757712823 18
0000 0008 1710744290953 13.0 -50.5 1.5033011721279284 18
0000 0010 1710744290953 -3.25 -54.5 3.822680123411018 18
0000 0007 1710744290954 -35.75 -68.5 4.6878452877785195 18
0000 0006 1710744290954 -6.5 -65.5 4.405592822807561 18
0000 0011 1710744290954 3.25 -62.0 4.884194828627882 18
0000 0003 1710744291068 -4.0625 -74.0 1.500233210552157 18
0000 0010 1710744291068 9.75 -54.5 3.877903431774901 18
0000 0015 1710744291069 100.875 -63.0 2.945243112740431 18
0000 0001 1710744291069 -22.75 -63.0 6.209554229361076 18
0000 0008 1710744291069 -3.25 -50.5 1.533980787885641 18
0000 0009 1710744291070 24.375 -57.0 4.289010282928253 18
0000 0012 1710744291070 -13.0 -56.0 0.8774370106705868 18
0000 0006 1710744291070 -9.75 -65.0 4.405592822807561 18
0000 0000 1710744291071 -3.25 -59.0 4.454680208019902 18
0000 0004 1710744291071 -45.5625 -59.0 0.3374757733348411 18
0000 0011 1710744291071 -78.0625 -62.0 5.141903600992669 18
0000 0005 1710744291072 22.75 -53.5 1.2701360923693108 18
0000 0007 1710744291072 -81.375 -69.5 4.828971520263998 18
0000 0003 1710744291072 68.3125 -74.0 4.4976316700806995 18
0000 0008 1710744291272 0.0 -50.5 1.5278448647340985 18
0000 0010 1710744291272 -13.0 -54.5 3.9638063558964967 18
0000 0012 1710744291273 6.5 -55.5 0.9510680884890975 18
0000 0009 1710744291273 9.75 -57.0 4.387185053352934 18
0000 0004 1710744291273 6.5 -59.5 0.14726215563702155 18
0000 0000 1710744291274 -17.0625 -59.0 4.454680208019902 18
0000 0006 1710744291274 -3.25 -65.0 4.460816131171445 18
0000 0001 1710744291274 -19.5 -63.0 6.117515382087937 18
0000 0015 1710744291275 -13.0 -63.5 3.160000423044421 18
0000 0005 1710744291275 19.5 -54.0 1.3437671701878218 18
0000 0003 1710744291275 -13.0 -73.0 4.485359823777615 18
0000 0007 1710744291276 -91.125 -69.5 4.871922982324796 18
0000 0011 1710744291276 -6.5 -62.5 5.141903600992669 18
0000 0015 1710744291276 -19.5 -63.5 3.184544115650591 18
0000 0008 1710744291277 3.25 -50.5 1.5707963267948966 18
0000 0000 1710744291277 10.5625 -59.0 4.399456899656019 18
0000 0007 1710744291277 -100.875 -70.0 5.056000676871073 18
0000 0010 1710744291278 6.5 -54.0 3.9760782021995817 18
0000 0001 1710744291278 -16.25 -63.0 6.080699843178682 18
0000 0009 1710744291278 17.0625 -57.0 4.424000592262189 18
0000 0004 1710744291279 -3.25 -59.0 0.15339807878856412 18
0000 0006 1710744291279 -9.75 -65.0 4.374913207049849 18
0000 0011 1710744291279 -16.25 -62.5 5.301437602932776 18
0000 0012 1710744291280 0.0 -55.5 1.055378782065321 18
0000 0005 1710744291280 19.5 -54.5 1.4051264017032472 18
0000 0003 1710744291281 -107.375 -73.5 4.663301595172349 18
0000 0005 1710744291548 3.25 -54.5 1.4664856332186729 18
0000 0007 1710744291548 78.0625 -70.0 4.7307967498393175 18
0000 0009 1710744291548 -13.8125 -57.5 4.546719055293041 18
0000 0004 1710744291548 13.0 -59.5 0.07363107781851078 18
0000 0000 1710744291549 -16.25 -59.0 4.485359823777615 18
0000 0015 1710744291549 22.75 -63.5 3.1354567304382504 18
0000 0006 1710744291549 -26.0 -65.0 4.466952054322987 18
0000 0008 1710744291550 0.0 -50.5 1.6505633277649499 18
0000 0010 1710744291550 3.25 -54.0 4.006757817957295 18
0000 0011 1710744291550 39.0 -62.5 5.283029833478148 18
0000 0012 1710744291551 0.0 -55.0 1.086058397823034 18
0000 0001 1710744291551 -26.0 -62.5 6.074563920027139 18
0000 0003 1710744291551 113.875 -73.5 4.442408361716817 18
0000 0008 1710744291552 0.0 -50.0 1.6812429435226628 18
0000 0001 1710744291552 -29.25 -63.0 6.14819499784565 18
0000 0010 1710744291552 3.25 -54.0 4.037437433715008 18
0000 0011 1710744291553 55.3125 -62.5 5.270757987175063 18
0000 0000 1710744291554 -32.5 -59.0 4.528311285838413 18
0000 0012 1710744291554 0.0 -55.0 1.1351457830353744 18
0000 0005 1710744291554 3.25 -54.5 1.5155730184310134 18
0000 0004 1710744291555 -32.5 -59.5 0.17794177139473438 18
0000 0009 1710744291555 13.8125 -57.0 4.528311285838413 18
0000 0006 1710744291555 -26.0 -66.0 4.516039439535327 18
0000 0015 1710744291556 55.3125 -63.0 3.11091303783208 18
0000 0007 1710744291556 -22.75 -70.0 4.933282213840222 18
0000 0003 1710744291556 29.25 -73.5 4.448544284868359 18
0000 0014 1710744291802 2.125 -75.0 0.3129320807286708 18
0000 0010 1710744291802 -3.25 -54.0 4.06811704947272 18
0000 0001 1710744291802 -22.75 -63.0 6.178874613603362 18
0000 0009 1710744291803 -41.5 -57.5 4.675573441475434 18
0000 0005 1710744291803 3.25 -55.0 1.533980787885641 18
0000 0012 1710744291803 0.0 -55.0 1.1167380135807468 18
0000 0000 1710744291804 -6.5 -59.5 4.552854978444583 18
0000 0007 1710744291804 -126.9375 -69.0 5.086680292628786 18
0000 0008 1710744291804 13.0 -50.0 1.7119225592803755 18
0000 0011 1710744291805 22.75 -62.5 5.405748296509 18
0000 0006 1710744291805 -39.0 -65.0 4.552854978444583 18
0000 0004 1710744291805 -3.25 -59.5 0.19634954084936207 18
0000 0015 1710744291806 26.0 -63.0 3.141592653589793 18
0000 0003 1710744291806 -3.625 -75.5 1.761009944492716 18
0000 0014 1710744291806 0.4375 -74.5 0.3129320807286708 18
0000 0010 1710744291806 3.25 -54.0 4.086524818927348 18
0000 0011 1710744291807 -48.8125 -62.5 5.546874528994478 18
0000 0009 1710744291807 13.8125 -57.5 4.626486056263094 18
0000 0004 1710744291807 -13.0 -59.5 0.21475731030398976 18
0000 0015 1710744291808 -42.3125 -63.0 3.2827188860752723 18
0000 0012 1710744291808 9.75 -55.0 1.1535535524900022 18
0000 0005 1710744291808 9.75 -55.0 1.5585244804918115 18
0000 0008 1710744291809 6.5 -50.0 1.761009944492716 18
0000 0006 1710744291809 -91.125 -65.5 4.681709364626977 18
0000 0007 1710744291809 -78.0625 -70.0 4.921010367537137 18
0000 0001 1710744291810 -13.0 -63.0 6.191146459906448 18
0000 0000 1710744291810 -9.75 -59.5 4.595806440505381 18
