0000 0000 1710484013707 59.375 -63.5 0.15339807878856412 1
0000 0004 1710484013708 0.0 -52.0 2.1475731030398975 1
0000 0006 1710484013708 26.0 -57.0 2.073942025221387 1
0000 0007 1710484013708 -16.25 -56.0 3.2336315008629315 1
0000 0008 1710484013709 -29.25 -57.5 4.479223900626073 1
0000 0005 1710484013710 -3.25 -58.5 0.7792622402459057 1
0000 0013 1710484013710 -32.5 -60.0 2.1230294104337273 1
0000 0006 1710484013710 -13.0 -56.5 2.086213871524472 1
0000 0004 1710484013710 6.5 -51.5 2.116893487282185 1
0000 0007 1710484013711 9.75 -56.0 3.184544115650591 1
0000 0008 1710484013712 13.0 -57.5 4.3503695144436785 1
0000 0014 1710484013712 -136.6875 -72.0 0.705631162427395 1
0000 0005 1710484013712 0.0 -59.0 0.7363107781851077 1
0000 0012 1710484013713 -21.125 -56.0 4.037437433715008 1
0000 0013 1710484013713 16.25 -60.5 2.1046216409791 1
0000 0009 1710484013713 30.875 -58.0 1.8530487917658545 1
0000 0015 1710484013713 -16.25 -64.0 1.9266798695843652 1
0000 0011 1710484013714 107.375 -67.5 2.061670178918302 1
0000 0000 1710484013714 -10.5625 -63.5 0.0674951546669682 1
0000 0010 1710484013714 -3.25 -61.0 0.25770877236478773 1
0000 0003 1710484013833 12.8125 -76.0 1.337631247036279 1
0000 0002 1710484013833 4.375 -78.5 6.019340611663256 1
0000 0009 1710484014024 27.625 -58.0 1.7671458676442586 1
0000 0010 1710484014025 19.5 -60.5 0.15339807878856412 1
0000 0000 1710484014025 -48.8125 -63.5 0.1349903093339364 1
0000 0007 1710484014025 -6.5 -56.0 3.1354567304382504 1
0000 0013 1710484014025 32.5 -60.0 2.1475731030398975 1
0000 0012 1710484014026 -22.75 -55.5 4.025165587411922 1
0000 0006 1710484014026 13.0 -57.0 1.9512235621905356 1
0000 0005 1710484014026 16.25 -58.5 0.6135923151542565 1
0000 0008 1710484014027 -29.25 -58.0 4.289010282928253 1
0000 0004 1710484014027 -9.75 -52.0 2.018718716857504 1
0000 0011 1710484014028 52.0625 -67.0 2.061670178918302 1
0000 0015 1710484014028 9.75 -64.5 1.88986433067511 1
0000 0014 1710484014029 146.4375 -72.5 0.02454369260617026 1
0000 0003 1710484014029 -6.6875 -76.0 1.521708941582556 1
0000 0002 1710484014030 -29.25 -78.0 6.105243535784852 1
0000 0000 1710484014030 52.0625 -64.0 6.191146459906448 1
0000 0004 1710484014030 -3.25 -51.5 1.9266798695843652 1
0000 0013 1710484014031 9.75 -60.0 2.1598449493429825 1
0000 0010 1710484014031 -13.0 -61.5 0.09203884727313846 1
0000 0012 1710484014031 -21.125 -56.0 3.9699422790480394 1
0000 0008 1710484014031 -6.5 -58.0 4.178563666200486 1
0000 0005 1710484014032 7.3125 -58.0 0.6013204688511713 1
0000 0015 1710484014033 32.5 -64.5 1.88986433067511 1
0000 0011 1710484014033 13.0 -67.5 1.9757672547967058 1
0000 0007 1710484014033 0.0 -55.5 3.067961575771282 1
0000 0006 1710484014034 26.0 -57.0 1.8346410223112268 1
0000 0009 1710484014034 17.0625 -58.5 1.6996507129772904 1
0000 0014 1710484014090 -4.875 -73.5 3.485204350076177 1
0000 0003 1710484014090 10.9375 -75.5 4.466952054322987 1
0000 0002 1710484014214 -13.25 -79.0 6.270913460876501 1
0000 0010 1710484014214 42.3125 -61.5 6.215690152512618 1
0000 0008 1710484014214 -48.8125 -59.0 4.129476280988146 1
0000 0005 1710484014215 -7.3125 -58.0 0.619728238305799 1
0000 0007 1710484014215 -6.5 -55.5 3.018874190558942 1
0000 0006 1710484014215 13.0 -57.0 1.7671458676442586 1
0000 0013 1710484014216 3.25 -59.5 2.12916533358527 1
0000 0011 1710484014216 61.8125 -67.5 1.9880391010997909 1
0000 0015 1710484014216 68.3125 -64.0 1.761009944492716 1
0000 0004 1710484014216 9.75 -51.5 1.859184714917397 1
0000 0012 1710484014217 -17.0625 -56.0 3.9269908169872414 1
0000 0009 1710484014217 13.8125 -59.0 1.6873788666742053 1
0000 0000 1710484014217 -9.75 -64.5 0.018407769454627694 1
0000 0014 1710484014218 87.875 -71.5 0.25157284921324513 1
0000 0003 1710484014218 -3.625 -76.5 1.4358060174609601 1
0000 0002 1710484014218 -5.625 -79.0 5.896622148632405 1
0000 0000 1710484014333 -34.9375 -64.5 0.04295146206079795 1
0000 0006 1710484014333 13.0 -57.0 1.6935147898257479 1
0000 0007 1710484014333 26.0 -55.5 2.9636508821950587 1
0000 0008 1710484014334 -19.5 -59.5 4.0558452031696355 1
0000 0005 1710484014334 24.375 -58.0 0.5399612373357456 1
0000 0004 1710484014334 -3.25 -51.5 1.8285050991596843 1
0000 0015 1710484014335 22.75 -64.0 1.932815792735908 1
0000 0010 1710484014335 -6.5 -61.5 6.2034183062095325 1
0000 0012 1710484014335 -19.5 -56.0 3.9208548938356986 1
0000 0013 1710484014335 35.75 -59.5 2.110757564130642 1
0000 0014 1710484014336 117.125 -72.0 0.25770877236478773 1
0000 0009 1710484014336 10.5625 -59.0 1.6935147898257479 1
0000 0011 1710484014336 19.5 -68.0 2.061670178918302 1
0000 0003 1710484014337 -6.0625 -76.0 1.4910293258248433 1
0000 0002 1710484014460 -3.8125 -79.0 5.970253226450915 1
0000 0009 1710484014461 17.0625 -59.0 1.6505633277649499 1
0000 0004 1710484014461 -9.75 -51.5 1.8285050991596843 1
0000 0005 1710484014462 -3.25 -58.0 0.6135923151542565 1
0000 0007 1710484014462 35.75 -56.0 2.9697868053466014 1
0000 0008 1710484014462 -42.3125 -59.5 4.1172044346850605 1
0000 0010 1710484014463 22.75 -61.5 6.1850105367549055 1
0000 0015 1710484014463 -22.75 -64.0 1.9696313316451632 1
0000 0011 1710484014463 48.8125 -68.0 2.141437179888355 1
0000 0013 1710484014464 -3.25 -59.5 2.1537090261914402 1
0000 0000 1710484014464 0.0 -65.0 6.264777537724958 1
0000 0012 1710484014464 -13.8125 -56.0 3.9208548938356986 1
0000 0006 1710484014465 -3.25 -57.0 1.7916895602504288 1
0000 0014 1710484014465 -19.5 -72.0 0.4908738521234052 1
0000 0003 1710484014465 -29.875 -76.5 1.6260196351587797 1
0000 0002 1710484014466 -9.125 -78.5 5.93343768754166 1
0000 0008 1710484014583 -22.75 -59.0 4.1172044346850605 1
0000 0006 1710484014583 -6.5 -57.0 1.8100973297050567 1
0000 0015 1710484014584 55.3125 -63.5 1.8100973297050567 1
0000 0009 1710484014584 38.1875 -59.0 1.5953400194010667 1
0000 0010 1710484014584 -26.0 -61.5 0.006135923151542565 1
0000 0004 1710484014585 3.25 -51.5 1.8407769454627694 1
0000 0011 1710484014585 133.4375 -68.0 1.9266798695843652 1
0000 0012 1710484014585 17.0625 -56.0 3.902447124381071 1
0000 0007 1710484014586 3.25 -56.0 3.0495538063166547 1
0000 0000 1710484014586 3.25 -64.0 6.264777537724958 1
0000 0013 1710484014586 6.5 -59.5 2.1782527187976104 1
0000 0005 1710484014586 19.5 -58.5 0.5645049299419159 1
0000 0014 1710484014587 -91.125 -73.0 0.5706408530934585 1
0000 0003 1710484014587 -6.6875 -76.5 1.4419419406125027 1
0000 0002 1710484014712 -0.875 -78.5 5.878214379177777 1
0000 0006 1710484014713 6.5 -57.0 1.8223691760081417 1
0000 0011 1710484014713 0.0 -67.5 2.043262409463674 1
0000 0010 1710484014713 26.0 -62.0 6.240233845118788 1
0000 0009 1710484014714 -7.3125 -59.0 1.705786636128833 1
0000 0004 1710484014714 9.75 -51.5 1.8223691760081417 1
0000 0005 1710484014714 45.5625 -58.5 0.6013204688511713 1
0000 0012 1710484014714 -6.5 -56.0 3.9147189706841563 1
0000 0000 1710484014715 0.0 -64.0 6.209554229361076 1
0000 0007 1710484014715 35.75 -56.0 3.055689729468197 1
0000 0008 1710484014715 -19.5 -59.0 4.09266074207889 1
0000 0014 1710484014716 -81.375 -73.0 0.4479223900626072 1
0000 0013 1710484014716 13.0 -59.5 2.2089323345553233 1
0000 0015 1710484014716 71.5625 -64.0 1.8162332528565992 1
0000 0003 1710484014717 -4.25 -76.5 1.41126232485479 1
0000 0002 1710484014717 -1.5 -79.5 6.062292073724054 1
0000 0007 1710484014834 -22.75 -56.5 3.160000423044421 1
0000 0006 1710484014834 22.75 -57.0 1.7978254834019713 1
0000 0000 1710484014835 -32.5 -64.5 6.22182607566416 1
0000 0012 1710484014835 -30.875 -56.0 3.9453985864418692 1
0000 0015 1710484014835 35.75 -63.5 1.9389517158874505 1
0000 0010 1710484014836 -16.25 -61.5 0.04908738521234052 1
0000 0013 1710484014836 16.25 -59.5 2.2396119503130363 1
0000 0004 1710484014836 -6.5 -51.5 1.846912868614312 1
0000 0011 1710484014836 143.1875 -68.0 1.9880391010997909 1
0000 0005 1710484014837 -24.375 -58.5 0.6749515466696822 1
0000 0009 1710484014837 17.0625 -59.0 1.6996507129772904 1
0000 0008 1710484014837 -13.0 -59.0 4.111068511533518 1
0000 0014 1710484014838 97.625 -71.0 0.19634954084936207 1
0000 0003 1710484014838 8.5 -76.5 1.368310862793992 1
0000 0002 1710484014982 -15.375 -79.5 6.043884304269426 1
0000 0013 1710484014983 42.3125 -59.0 2.2212041808584084 1
0000 0006 1710484014983 -35.75 -57.0 1.8714565612204823 1
0000 0015 1710484014983 -136.6875 -64.0 2.141437179888355 1
0000 0010 1710484014983 -16.25 -61.5 0.07363107781851078 1
0000 0007 1710484014984 3.25 -56.5 3.117048960983623 1
0000 0004 1710484014984 0.0 -51.5 1.8223691760081417 1
0000 0011 1710484014984 123.6875 -68.0 1.9573594853420782 1
0000 0009 1710484014985 -21.125 -59.0 1.7548740213411735 1
0000 0000 1710484014985 29.25 -64.0 6.2034183062095325 1
0000 0008 1710484014985 -26.0 -59.0 4.104932588381976 1
0000 0014 1710484014986 -273.375 -71.5 0.859029241215959 1
0000 0012 1710484014986 -22.75 -56.0 3.933126740138784 1
0000 0005 1710484014986 21.125 -58.5 0.6135923151542565 1
0000 0003 1710484014987 -17.0625 -77.0 4.651029748869264 1
0000 0002 1710484014987 -10.0625 -79.5 2.834796496012665 1
0000 0006 1710484015083 19.5 -57.0 1.718058482431918 1
0000 0000 1710484015084 -16.25 -64.0 6.240233845118788 1
0000 0010 1710484015084 -19.5 -61.5 6.215690152512618 1
0000 0012 1710484015084 7.3125 -55.5 4.01902966426038 1
0000 0004 1710484015084 16.25 -51.5 1.761009944492716 1
0000 0007 1710484015085 -6.5 -56.5 3.11091303783208 1
0000 0011 1710484015085 -26.0 -68.5 2.0923497946760143 1
0000 0008 1710484015085 -22.75 -59.0 4.0558452031696355 1
0000 0005 1710484015086 22.75 -58.5 0.6933593161243098 1
0000 0009 1710484015086 24.375 -59.0 1.6505633277649499 1
0000 0015 1710484015086 0.0 -64.0 2.012582793705961 1
0000 0013 1710484015086 16.25 -59.5 2.350058567040802 1
0000 0014 1710484015087 -74.8125 -72.0 0.36815538909255385 1
0000 0003 1710484015087 -15.25 -76.5 1.6198837120072371 1
0000 0002 1710484015234 2.875 -79.0 6.191146459906448 1
0000 0010 1710484015234 -68.3125 -61.0 5.338253141842031 1
0000 0009 1710484015235 30.875 -60.0 1.4787574795217582 1
0000 0015 1710484015235 19.5 -64.0 2.0064468705544187 1
0000 0007 1710484015235 -3.25 -55.5 2.859340188618835 1
0000 0004 1710484015236 -3.25 -52.5 1.5462526341887264 1
0000 0012 1710484015236 -29.25 -56.0 4.749204519293945 1
0000 0006 1710484015236 32.5 -58.0 1.41126232485479 1
0000 0005 1710484015236 58.5625 -58.5 0.5951845456996288 1
0000 0014 1710484015237 32.5 -72.5 6.264777537724958 1
0000 0013 1710484015237 16.25 -61.5 2.325514874434632 1
0000 0008 1710484015237 29.25 -59.0 3.522019888985432 1
0000 0000 1710484015238 -13.0 -64.0 0.07363107781851078 1
0000 0011 1710484015238 17.6875 -72.0 4.743068596142402 1
0000 0003 1710484015238 16.4375 -76.5 5.227806525114265 1
0000 0002 1710484015238 -0.25 -78.5 0.4540583132141498 1
0000 0014 1710484015333 9.75 -69.5 0.6135923151542565 1
0000 0006 1710484015334 42.3125 -60.5 0.44178646691106466 1
0000 0015 1710484015334 -32.5 -64.5 2.4175537217077703 1
0000 0012 1710484015334 -30.875 -56.5 5.4671075280244255 1
0000 0004 1710484015334 16.25 -54.0 1.0185632431560658 1
0000 0010 1710484015335 -16.25 -59.0 4.325825821837508 1
0000 0005 1710484015335 -13.0 -60.0 0.5706408530934585 1
0000 0008 1710484015335 -13.0 -55.0 2.350058567040802 1
0000 0000 1710484015336 -30.875 -62.0 6.178874613603362 1
0000 0007 1710484015336 3.25 -56.5 2.061670178918302 1
0000 0013 1710484015336 16.25 -62.5 3.2459033471660166 1
0000 0003 1710484015337 -44.75 -75.5 3.0372819600135696 1
0000 0009 1710484015551 -3.125 -69.0 4.006757817957295 1
0000 0014 1710484015551 19.5 -69.5 0.9142525495798421 1
0000 0007 1710484015551 -16.25 -60.5 5.473243451175968 1
0000 0000 1710484015552 -38.1875 -65.5 6.037748381117884 1
0000 0008 1710484015552 26.0 -56.0 1.3499030933393643 1
0000 0012 1710484015552 7.3125 -55.5 6.14819499784565 1
0000 0009 1710484015553 -45.5625 -63.0 6.2034183062095325 1
0000 0004 1710484015553 29.25 -58.5 5.8475347634200645 1
0000 0010 1710484015553 -39.0 -61.5 2.5832236467994196 1
0000 0005 1710484015553 -42.3125 -62.0 4.246058820867455 1
0000 0015 1710484015554 -16.25 -65.0 2.6323110320117604 1
0000 0013 1710484015554 -94.375 -63.0 4.0558452031696355 1
0000 0006 1710484015555 -71.5625 -67.0 4.1417481272912315 1
0000 0006 1710484015555 35.75 -65.5 1.3621749396424494 1
0000 0008 1710484015556 -3.25 -59.0 3.1354567304382504 1
0000 0013 1710484015556 -81.375 -62.5 4.884194828627882 1
0000 0007 1710484015557 13.0 -57.5 3.6999616603801666 1
0000 0005 1710484015557 22.75 -60.5 2.7550294950426117 1
0000 0009 1710484015557 0.0 -62.0 3.356349963893783 1
0000 0004 1710484015558 -9.75 -59.5 3.54042765844006 1
0000 0012 1710484015558 13.8125 -55.5 0.6320000846088841 1
0000 0000 1710484015558 -42.3125 -64.0 3.1354567304382504 1
0000 0014 1710484015559 78.0625 -70.0 1.2087768608538851 1
0000 0002 1710484015559 -419.875 -74.0 4.76147636559703 1
0000 0015 1710484015559 3.25 -67.0 2.4727770300716534 1
0000 0010 1710484015585 3.625 -73.5 0.7363107781851077 1
0000 0012 1710484015786 -13.8125 -58.5 1.0062913968529805 1
0000 0013 1710484015786 39.0 -61.0 5.632777453116074 1
0000 0005 1710484015786 -13.0 -58.5 4.847379289718626 1
0000 0007 1710484015786 -32.5 -59.5 5.178719139901925 1
0000 0008 1710484015787 -9.75 -67.5 1.6198837120072371 1
0000 0006 1710484015787 -9.75 -64.0 4.061981126321178 1
0000 0009 1710484015787 0.0 -57.5 0.3313398501832985 1
0000 0010 1710484015788 -68.3125 -67.0 5.184855063053467 1
0000 0015 1710484015788 107.375 -68.0 2.086213871524472 1
0000 0004 1710484015788 -29.25 -69.0 0.9142525495798421 1
0000 0002 1710484015789 -19.5 -76.0 0.7669903939428205 1
0000 0000 1710484015789 -1.8125 -72.5 5.313709449235861 1
0000 0014 1710484015789 -4.375 -77.5 0.8222137023067037 1
0000 0015 1710484015790 -16.25 -68.0 2.411417798556228 1
0000 0000 1710484015790 21.125 -65.0 4.387185053352934 1
0000 0006 1710484015790 -104.125 -66.5 2.4727770300716534 1
0000 0004 1710484015791 -22.75 -59.5 4.227651051412827 1
0000 0008 1710484015791 -3.25 -53.5 2.454369260617026 1
0000 0005 1710484015791 -65.875 -66.0 3.5588354278946874 1
0000 0013 1710484015791 -16.25 -67.5 6.160466844148735 1
0000 0007 1710484015792 -9.75 -63.0 4.2031073588066565 1
0000 0009 1710484015792 41.5 -66.0 4.405592822807561 1
0000 0014 1710484015792 -81.375 -73.0 0.4356505437595221 1
0000 0002 1710484016035 -2.4375 -78.0 5.559146375297564 1
0000 0013 1710484016036 65.0625 -68.0 5.5714182216006485 1
0000 0008 1710484016036 6.5 -57.0 1.5830681730979816 1
0000 0014 1710484016036 156.1875 -71.0 5.111223985234957 1
0000 0004 1710484016036 13.0 -63.5 2.7120780329818137 1
0000 0007 1710484016037 -26.0 -63.5 6.215690152512618 1
0000 0005 1710484016037 -22.75 -57.5 5.4671075280244255 1
0000 0015 1710484016037 -97.625 -72.0 2.5157284921324514 1
0000 0006 1710484016038 0.0 -66.0 5.5284667595398505 1
0000 0002 1710484016038 23.75 -77.0 2.018718716857504 1
0000 0000 1710484016038 0.625 -74.5 0.42337869745643697 1
0000 0007 1710484016039 -19.5 -61.0 5.608233760509904 1
0000 0006 1710484016040 -58.5625 -65.5 5.013049214810275 1
0000 0005 1710484016040 -6.5 -56.0 4.945554060143307 1
0000 0004 1710484016040 52.0625 -64.0 1.533980787885641 1
0000 0008 1710484016041 16.25 -62.0 1.184233168247715 1
0000 0013 1710484016041 -45.5625 -71.0 5.197126909356553 1
0000 0002 1710484016041 81.375 -72.5 1.1965050145508 1
0000 0014 1710484016041 149.6875 -74.0 3.6263305825616556 1
0000 0000 1710484016085 11.375 -72.5 6.258641614573416 1
0000 0006 1710484016305 45.5625 -66.0 4.448544284868359 1
0000 0007 1710484016305 -58.5625 -60.5 5.313709449235861 1
0000 0005 1710484016305 -9.75 -56.5 4.565126824747668 1
0000 0004 1710484016305 29.25 -63.5 0.9265243958829272 1
0000 0002 1710484016306 -166.0 -73.0 1.043106935762236 1
0000 0000 1710484016306 26.0 -68.5 5.675728915176872 1
0000 0008 1710484016306 -22.75 -63.5 0.8897088569736719 1
0000 0013 1710484016307 -179.0 -70.5 5.074408446325701 1
0000 0014 1710484016307 5.8125 -78.0 6.068427996875596 1
0000 0005 1710484016307 -9.75 -56.0 4.381049130201391 1
0000 0007 1710484016307 13.0 -60.5 5.264622064023521 1
0000 0006 1710484016308 -65.0625 -66.0 4.479223900626073 1
0000 0004 1710484016308 35.75 -63.5 0.5583690067903734 1
0000 0008 1710484016309 29.25 -63.5 0.662679700366597 1
0000 0000 1710484016309 121.25 -69.0 5.117359908386499 1
0000 0013 1710484016309 6.5 -72.0 4.6448938257177215 1
0000 0002 1710484016335 23.5625 -75.5 0.36815538909255385 1
0000 0014 1710484016536 9.75 -77.5 6.0991076126333095 1
0000 0007 1710484016537 0.0 -60.5 5.203262832508095 1
0000 0004 1710484016537 16.25 -63.0 0.3988350048502667 1
0000 0008 1710484016537 -6.5 -62.5 0.6135923151542565 1
0000 0013 1710484016537 19.5 -72.5 4.822835597112456 1
0000 0006 1710484016538 -26.0 -66.5 4.417864669110647 1
0000 0005 1710484016538 3.25 -56.0 4.196971435655114 1
0000 0000 1710484016538 -133.4375 -68.0 5.313709449235861 1
0000 0002 1710484016539 65.875 -75.0 3.1231848841351653 1
0000 0014 1710484016539 8.1875 -78.0 5.9518454569962875 1
0000 0004 1710484016539 61.8125 -63.5 0.09203884727313846 1
0000 0006 1710484016540 -45.5625 -66.0 4.362641360746763 1
0000 0005 1710484016540 -26.0 -56.0 4.1417481272912315 1
0000 0013 1710484016541 58.5625 -73.0 4.657165672020807 1
0000 0007 1710484016541 42.3125 -60.5 5.0682725231741586 1
0000 0008 1710484016541 -32.5 -62.5 0.5399612373357456 1
0000 0000 1710484016541 87.875 -67.5 4.994641445355648 1
0000 0002 1710484016582 65.875 -75.5 5.985593034329772 1
0000 0012 1710484016834 -1.5 -73.0 0.9203884727313847 1
0000 0014 1710484016834 10.375 -78.0 5.970253226450915 1
0000 0007 1710484016834 -26.0 -59.5 5.0682725231741586 1
0000 0004 1710484016835 29.25 -63.5 6.240233845118788 1
0000 0005 1710484016835 -19.5 -56.0 4.0558452031696355 1
0000 0000 1710484016835 -19.5 -68.0 4.95168998329485 1
0000 0008 1710484016836 32.5 -62.5 0.4295146206079795 1
0000 0006 1710484016836 -52.0625 -67.5 4.356505437595221 1
0000 0013 1710484016836 -205.0625 -73.0 5.21553467881118 1
0000 0012 1710484016837 12.1875 -71.0 0.7240389318820226 1
0000 0002 1710484016837 4.25 -76.5 5.767767762450011 1
0000 0014 1710484016837 2.4375 -77.0 6.178874613603362 1
0000 0000 1710484016964 -211.5625 -67.0 5.098952138931871 1
0000 0012 1710484016964 24.375 -70.0 0.7240389318820226 1
0000 0004 1710484016964 45.5625 -62.5 6.135923151542564 1
0000 0005 1710484016964 -39.0 -56.5 3.9760782021995817 1
0000 0008 1710484016965 -42.3125 -62.5 0.47860200582032003 1
0000 0007 1710484016965 -19.5 -59.5 4.994641445355648 1
0000 0013 1710484016965 65.0625 -73.5 4.3933209765044765 1
0000 0006 1710484016966 -35.75 -67.5 4.28287435977671 1
0000 0014 1710484016966 -15.25 -76.5 0.15339807878856412 1
0000 0002 1710484016966 -4.375 -77.0 5.853670686571607 1
0000 0013 1710484016966 13.0 -73.0 4.546719055293041 1
0000 0008 1710484016967 3.25 -62.0 0.4295146206079795 1
0000 0012 1710484016968 -9.75 -68.0 0.7424467013366504 1
0000 0006 1710484016968 -100.875 -66.5 4.325825821837508 1
0000 0000 1710484016968 32.5 -67.5 4.822835597112456 1
0000 0004 1710484016968 19.5 -63.0 6.14819499784565 1
0000 0005 1710484016969 -7.3125 -56.5 3.890175278077986 1
0000 0007 1710484016969 -55.3125 -59.5 4.963961829597935 1
0000 0014 1710484017073 -0.8125 -75.5 6.2463697682703305 1
0000 0002 1710484017073 -6.0625 -77.0 5.64504929941916 1
0000 0000 1710484017205 -74.8125 -67.5 4.95168998329485 1
0000 0004 1710484017206 -26.0 -63.0 6.19728238305799 1
0000 0006 1710484017206 -166.0 -66.5 4.448544284868359 1
0000 0007 1710484017206 3.25 -59.5 4.8351074434155406 1
0000 0008 1710484017206 32.5 -62.0 0.4111068511533518 1
0000 0005 1710484017207 -3.25 -57.0 3.877903431774901 1
0000 0012 1710484017207 26.0 -68.5 0.6442719309119693 1
0000 0013 1710484017207 -218.0625 -73.5 4.994641445355648 1
0000 0014 1710484017208 107.375 -73.5 3.215223731408304 1
0000 0002 1710484017208 -3.0 -76.5 5.45483568172134 1
0000 0006 1710484017208 -13.0 -68.0 4.2031073588066565 1
0000 0000 1710484017208 100.875 -68.0 4.693981210930062 1
0000 0013 1710484017210 -338.5 -74.5 5.135767677841127 1
0000 0008 1710484017210 3.25 -62.0 0.39269908169872414 1
0000 0012 1710484017211 130.1875 -68.5 0.46019423636569234 1
0000 0007 1710484017211 -45.5625 -59.0 4.853515212870168 1
0000 0005 1710484017211 9.75 -57.0 3.8533597391687304 1
0000 0004 1710484017212 19.5 -63.0 6.086835766330224 1
0000 0014 1710484017333 43.9375 -74.5 0.1227184630308513 1
0000 0002 1710484017333 -17.0625 -77.0 5.638913376267617 1
0000 0008 1710484017334 -13.0 -62.0 0.4295146206079795 1
0000 0007 1710484017334 -29.25 -59.5 4.81056375080937 1
0000 0000 1710484017334 117.9375 -66.5 4.681709364626977 1
0000 0006 1710484017335 -32.5 -67.0 4.301282129231338 1
0000 0004 1710484017335 16.25 -62.5 6.074563920027139 1
0000 0012 1710484017335 125.3125 -68.5 0.46019423636569234 1
0000 0005 1710484017335 -13.8125 -56.5 3.8410878928656453 1
0000 0013 1710484017336 133.4375 -74.0 4.583534594202296 1
0000 0002 1710484017557 -13.375 -77.0 5.64504929941916 1
0000 0000 1710484017557 -87.0625 -67.0 4.8351074434155406 1
0000 0005 1710484017557 -9.75 -57.0 3.822680123411018 1
0000 0012 1710484017558 -16.25 -68.5 0.6810874698212247 1
0000 0008 1710484017558 -3.25 -61.5 0.018407769454627694 1
0000 0006 1710484017558 52.0625 -67.0 4.061981126321178 1
0000 0004 1710484017558 42.3125 -62.5 5.982525072754001 1
0000 0007 1710484017559 3.25 -59.0 4.6448938257177215 1
0000 0013 1710484017559 -65.0625 -73.5 3.9269908169872414 1
0000 0014 1710484017559 55.3125 -73.0 3.129320807286708 1
0000 0002 1710484017560 36.5625 -76.5 5.338253141842031 1
0000 0005 1710484017560 3.25 -56.5 3.7981364308048478 1
0000 0000 1710484017561 87.875 -67.0 4.638757902566179 1
0000 0008 1710484017561 -16.25 -62.5 6.252505691421874 1
0000 0006 1710484017561 -78.0625 -67.0 4.2031073588066565 1
0000 0013 1710484017562 -29.25 -71.5 3.834951969714103 1
0000 0012 1710484017562 -94.375 -69.0 0.6749515466696822 1
0000 0004 1710484017562 -13.0 -62.5 6.000932842208628 1
0000 0007 1710484017563 -16.25 -59.0 4.632621979414636 1
0000 0014 1710484017584 -25.1875 -74.5 0.23930100291016002 1
0000 0002 1710484017793 15.25 -77.0 5.473243451175968 1
0000 0006 1710484017793 -6.5 -66.0 4.147884050442774 1
0000 0012 1710484017793 182.25 -69.0 0.3620194659410113 1
0000 0004 1710484017793 58.5625 -62.0 5.884350302329319 1
0000 0000 1710484017794 22.75 -67.0 4.724660826687775 1
0000 0013 1710484017794 188.75 -73.5 3.5158839658338894 1
0000 0005 1710484017794 6.5 -57.0 3.77972866135022 1
0000 0008 1710484017795 -58.5625 -62.0 0.02454369260617026 1
0000 0007 1710484017795 -22.75 -59.0 4.601942363656923 1
0000 0014 1710484017795 -42.3125 -74.5 0.23316507975861744 1
0000 0002 1710484017795 7.3125 -77.0 5.595961914206819 1
0000 0006 1710484017796 -91.125 -68.0 4.227651051412827 1
0000 0008 1710484017797 -13.0 -62.0 6.234097921967246 1
0000 0005 1710484017797 -9.75 -57.0 3.77972866135022 1
0000 0012 1710484017797 13.8125 -70.0 0.5645049299419159 1
0000 0007 1710484017798 3.25 -59.0 4.534447208989955 1
0000 0014 1710484017798 -58.5625 -73.0 3.454524734318464 1
0000 0004 1710484017798 -19.5 -62.0 5.939573610693203 1
0000 0000 1710484017799 -24.375 -66.5 4.828971520263998 1
0000 0013 1710484017799 -182.25 -73.5 3.9392626632903265 1
0000 0002 1710484017832 -10.9375 -77.0 5.516194913236766 1
0000 0012 1710484018048 24.375 -69.5 0.5154175447295755 1
0000 0000 1710484018049 -87.0625 -67.0 4.865787059173254 1
0000 0005 1710484018049 -35.75 -57.0 3.810408277107933 1
0000 0004 1710484018049 -35.75 -62.5 5.927301764390117 1
0000 0006 1710484018050 -61.8125 -68.0 3.9392626632903265 1
0000 0008 1710484018050 -32.5 -63.0 6.234097921967246 1
0000 0007 1710484018050 -26.0 -59.0 4.546719055293041 1
0000 0013 1710484018050 -94.375 -74.5 3.9699422790480394 1
0000 0014 1710484018051 104.125 -73.0 3.2336315008629315 1
0000 0002 1710484018051 -5.4375 -76.5 5.534602682691394 1
0000 0008 1710484018051 22.75 -62.5 6.166602767300278 1
0000 0005 1710484018052 0.0 -57.0 3.736777199289422 1
0000 0007 1710484018052 -6.5 -59.0 4.546719055293041 1
0000 0000 1710484018052 -71.5625 -66.5 4.773748211900116 1
0000 0006 1710484018053 61.8125 -68.0 3.834951969714103 1
0000 0004 1710484018053 -32.5 -61.5 5.8475347634200645 1
0000 0012 1710484018053 107.375 -70.0 0.39269908169872414 1
0000 0013 1710484018085 68.3125 -73.5 3.761320891895592 1
0000 0002 1710484018296 -15.8125 -76.5 5.540738605842936 1
0000 0014 1710484018296 14.625 -75.0 0.006135923151542565 1
0000 0012 1710484018297 -34.9375 -70.5 0.5092816215780329 1
0000 0000 1710484018297 30.875 -66.5 4.724660826687775 1
0000 0008 1710484018297 32.5 -62.5 6.135923151542564 1
0000 0007 1710484018298 -16.25 -58.5 4.528311285838413 1
0000 0004 1710484018298 16.25 -62.0 5.822991070813893 1
0000 0005 1710484018298 -29.25 -57.0 3.767456815047135 1
0000 0006 1710484018299 -39.0 -68.5 3.834951969714103 1
0000 0013 1710484018299 -78.0625 -73.5 3.847223816017188 1
0000 0002 1710484018299 7.875 -77.0 5.516194913236766 1
0000 0005 1710484018300 -6.5 -57.0 3.749049045592507 1
0000 0012 1710484018301 -7.3125 -69.5 0.4724660826687775 1
0000 0008 1710484018301 9.75 -63.0 6.129787228391022 1
0000 0006 1710484018301 -22.75 -68.0 3.902447124381071 1
0000 0000 1710484018302 -131.8125 -67.0 4.902602598082509 1
0000 0004 1710484018302 -35.75 -62.0 5.872078456026235 1
0000 0007 1710484018302 -32.5 -58.5 4.4976316700806995 1
0000 0013 1710484018302 -182.25 -72.5 4.0558452031696355 1
0000 0014 1710484018303 -61.8125 -74.5 3.2827188860752723 1
0000 0002 1710484018335 -4.875 -77.0 5.638913376267617 1
0000 0000 1710484018535 -84.625 -67.0 4.693981210930062 1
0000 0012 1710484018535 69.125 -69.5 0.3865631585471816 1
0000 0004 1710484018535 -68.3125 -62.0 5.884350302329319 1
0000 0006 1710484018536 -3.25 -67.5 3.8840393549264434 1
0000 0005 1710484018536 -3.25 -57.0 3.663146121470911 1
0000 0007 1710484018536 -6.5 -58.5 4.479223900626073 1
0000 0008 1710484018537 32.5 -62.5 6.062292073724054 1
0000 0013 1710484018537 -16.25 -73.5 3.822680123411018 1
0000 0014 1710484018538 12.1875 -75.0 2.9697868053466014 1
0000 0002 1710484018538 2.4375 -77.0 5.491651220630596 1
0000 0012 1710484018538 -52.0625 -69.5 0.4908738521234052 1
0000 0005 1710484018538 -22.75 -57.0 3.6815538909255388 1
0000 0008 1710484018539 9.75 -63.0 6.117515382087937 1
0000 0007 1710484018539 -3.25 -58.5 4.460816131171445 1
0000 0000 1710484018540 -48.8125 -66.5 4.620350133111551 1
0000 0006 1710484018540 -48.8125 -68.0 3.9576704327449543 1
0000 0004 1710484018540 -71.5625 -62.0 5.890486225480862 1
0000 0014 1710484018541 -22.75 -73.5 2.9391071895888885 1
0000 0013 1710484018541 -266.875 -73.0 4.313553975534423 1
0000 0002 1710484018586 7.3125 -77.0 5.43029198911517 1
