0000 0012 1710146222979 22.75 -62.0 1.6566992509164924 7
0000 0006 1710146222987 -19.5 -67.0 6.19728238305799 7
0000 0010 1710146222987 -113.875 -70.0 2.4175537217077703 7
0000 0008 1710146222988 -104.125 -68.0 4.884194828627882 7
0000 0005 1710146222988 -130.1875 -68.0 0.7485826244881929 7
0000 0007 1710146222989 29.25 -64.5 5.424156065963627 7
0000 0013 1710146222989 -32.5 -66.0 1.509437095279471 7
0000 0004 1710146222990 58.5625 -64.5 4.663301595172349 7
0000 0000 1710146222991 16.25 -68.0 2.509592568980909 7
0000 0011 1710146222991 -81.375 -68.0 6.025476534814799 7
0000 0006 1710146222992 -71.5625 -66.5 6.227961998815704 7
0000 0004 1710146222992 -100.875 -65.0 4.95168998329485 7
0000 0005 1710146222993 35.75 -67.5 0.5399612373357456 7
0000 0007 1710146222993 42.3125 -65.0 5.3627968344482015 7
0000 0013 1710146222994 32.5 -66.0 1.4419419406125027 7
0000 0008 1710146222994 -19.5 -68.0 4.816699673960914 7
0000 0012 1710146222994 39.0 -62.0 1.6566992509164924 7
0000 0010 1710146222995 -9.75 -70.0 2.1598449493429825 7
0000 0000 1710146222996 -42.3125 -69.0 2.5341362615870793 7
0000 0011 1710146222996 74.8125 -69.0 5.93343768754166 7
0000 0010 1710146223067 29.25 -69.5 2.184388641949153 7
0000 0011 1710146223068 -120.4375 -69.0 6.1420590746941075 7
0000 0013 1710146223069 -26.0 -66.0 1.4910293258248433 7
0000 0007 1710146223070 -71.5625 -64.5 5.485515297479052 7
0000 0004 1710146223071 22.75 -64.5 4.822835597112456 7
0000 0006 1710146223072 16.25 -66.5 6.215690152512618 7
0000 0000 1710146223073 177.375 -68.5 2.1598449493429825 7
0000 0012 1710146223074 -29.25 -62.5 1.761009944492716 7
0000 0005 1710146223075 30.875 -67.0 0.5583690067903734 7
0000 0008 1710146223076 -74.8125 -67.5 4.914874444385594 7
0000 0003 1710146223316 1.4375 -75.0 0.5092816215780329 7
0000 0013 1710146223317 16.25 -66.5 1.4173982480063325 7
0000 0010 1710146223318 -52.0625 -70.0 2.110757564130642 7
0000 0000 1710146223319 -45.5625 -68.5 2.5464081078901644 7
0000 0004 1710146223320 -26.0 -65.0 4.76147636559703 7
0000 0005 1710146223321 -48.8125 -67.5 0.7424467013366504 7
0000 0007 1710146223322 13.0 -66.0 5.313709449235861 7
0000 0011 1710146223323 -136.6875 -68.5 6.17273869045182 7
0000 0012 1710146223324 21.125 -62.5 1.7303303287350031 7
0000 0008 1710146223325 -97.625 -68.5 4.878058905476339 7
0000 0006 1710146223326 -100.875 -66.5 0.04295146206079795 7
0000 0003 1710146223327 -1.5625 -74.5 0.5951845456996288 7
0000 0008 1710146223330 61.8125 -67.0 4.601942363656923 7
0000 0006 1710146223331 94.375 -67.0 5.9088939949354895 7
0000 0004 1710146223332 35.75 -64.5 4.614214209960009 7
0000 0013 1710146223333 26.0 -67.0 1.3437671701878218 7
0000 0005 1710146223334 73.1875 -68.0 0.607456392002714 7
0000 0012 1710146223334 -26.0 -62.5 1.7303303287350031 7
0000 0007 1710146223335 -13.0 -65.5 5.418020142812084 7
0000 0000 1710146223336 -35.75 -69.0 2.5770877236478773 7
0000 0011 1710146223337 162.75 -69.0 5.737088146692298 7
0000 0010 1710146223567 16.25 -71.0 5.301437602932776 7
0000 0003 1710146223568 -0.8125 -75.0 0.6749515466696822 7
0000 0000 1710146223569 133.4375 -68.0 2.2457478734645786 7
0000 0011 1710146223570 -120.4375 -69.5 6.2463697682703305 7
0000 0008 1710146223571 55.3125 -68.5 4.743068596142402 7
0000 0005 1710146223572 16.25 -68.0 0.705631162427395 7
0000 0012 1710146223572 16.25 -62.5 1.7119225592803755 7
0000 0013 1710146223573 32.5 -66.5 1.368310862793992 7
0000 0006 1710146223574 -22.75 -66.0 6.050020227420969 7
0000 0007 1710146223575 -45.5625 -65.5 5.491651220630596 7
0000 0004 1710146223576 48.8125 -65.0 4.608078286808466 7
0000 0010 1710146223577 -1.1875 -71.0 5.338253141842031 7
0000 0003 1710146223578 3.125 -75.0 0.6135923151542565 7
0000 0012 1710146223579 58.5625 -62.5 1.6566992509164924 7
0000 0013 1710146223580 -84.625 -66.5 1.6260196351587797 7
0000 0011 1710146223580 84.625 -70.0 5.982525072754001 7
0000 0000 1710146223581 -52.0625 -69.5 2.4911847995262812 7
0000 0006 1710146223582 -22.75 -66.0 6.154330920997192 7
0000 0007 1710146223583 -29.25 -66.0 5.516194913236766 7
0000 0005 1710146223584 52.0625 -68.5 0.5767767762450011 7
0000 0008 1710146223585 -13.0 -67.5 4.798291904506286 7
0000 0004 1710146223586 32.5 -65.0 4.675573441475434 7
0000 0010 1710146223801 3.0 -71.5 5.240078371417351 7
0000 0003 1710146223801 4.6875 -73.5 3.9515345095934116 7
0000 0004 1710146223802 110.625 -65.5 4.509903516383785 7
0000 0006 1710146223803 -19.5 -65.5 5.970253226450915 7
0000 0007 1710146223804 -45.5625 -63.5 0.01227184630308513 7
0000 0000 1710146223805 87.875 -68.5 2.2334760271614935 7
0000 0013 1710146223806 107.375 -67.5 1.6198837120072371 7
0000 0012 1710146223807 84.625 -64.0 1.761009944492716 7
0000 0011 1710146223808 16.25 -70.0 6.068427996875596 7
0000 0005 1710146223809 97.625 -68.0 6.178874613603362 7
0000 0008 1710146223810 113.875 -68.5 4.816699673960914 7
0000 0013 1710146223811 -81.375 -68.0 2.0493983326152168 7
0000 0004 1710146223812 6.5 -67.0 4.601942363656923 7
0000 0005 1710146223813 39.0 -68.5 5.540738605842936 7
0000 0007 1710146223814 -19.5 -66.0 0.6810874698212247 7
0000 0012 1710146223815 -35.75 -63.0 1.902136176978195 7
0000 0011 1710146223815 3.25 -70.0 5.798447378207723 7
0000 0000 1710146223816 -91.125 -69.0 2.552544031041707 7
0000 0006 1710146223817 -22.75 -66.0 5.546874528994478 7
0000 0008 1710146224066 -1.8125 -71.0 1.7916895602504288 7
0000 0006 1710146224067 0.0 -66.5 5.473243451175968 7
0000 0004 1710146224067 -35.75 -69.0 4.485359823777615 7
0000 0013 1710146224068 35.75 -68.0 2.0371264863121317 7
0000 0000 1710146224069 32.5 -70.0 2.399145952253143 7
0000 0012 1710146224070 55.3125 -63.0 1.859184714917397 7
0000 0005 1710146224071 -48.8125 -69.5 4.601942363656923 7
0000 0010 1710146224072 0.0 -72.5 6.037748381117884 7
0000 0013 1710146224073 -3.25 -66.5 2.2089323345553233 7
0000 0006 1710146224074 113.875 -66.0 5.64504929941916 7
0000 0012 1710146224075 -16.25 -63.0 2.043262409463674 7
0000 0004 1710146224076 -29.25 -68.5 5.227806525114265 7
0000 0010 1710146224315 -1.25 -71.5 5.988660995905543 7
0000 0010 1710146224316 9.75 -68.5 2.859340188618835 7
0000 0012 1710146224317 0.0 -62.0 2.2212041808584084 7
0000 0007 1710146224317 -39.0 -66.0 0.1718058482431918 7
0000 0004 1710146224318 29.25 -67.0 0.04908738521234052 7
0000 0012 1710146224319 -9.75 -64.0 2.043262409463674 7
0000 0005 1710146224320 24.375 -66.5 5.583690067903734 7
0000 0004 1710146224321 -208.3125 -71.5 1.214912784005428 7
0000 0007 1710146224566 -5.1875 -70.0 4.755340442445488 7
0000 0007 1710146224567 9.75 -69.0 4.1172044346850605 7
0000 0012 1710146224568 38.1875 -64.5 2.7120780329818137 7
0000 0005 1710146224568 30.875 -62.0 5.203262832508095 7
0000 0008 1710146224569 -120.4375 -68.5 1.5830681730979816 7
0000 0004 1710146224570 -81.375 -68.5 3.77972866135022 7
0000 0006 1710146224571 2.4375 -71.5 6.0991076126333095 7
0000 0003 1710146224571 -1.25 -77.5 2.1537090261914402 7
0000 0005 1710146224572 13.0 -68.5 4.73693267299086 7
0000 0007 1710146224573 -35.75 -68.5 1.6014759425526093 7
0000 0008 1710146224574 71.5625 -67.5 2.399145952253143 7
0000 0006 1710146224575 42.3125 -63.5 0.1902136176978195 7
0000 0012 1710146224576 35.75 -62.5 3.5342917352885173 7
0000 0015 1710146224577 -16.25 -68.0 1.576932249946439 7
0000 0003 1710146224578 1.8125 -75.0 5.663457068873787 7
0000 0003 1710146224727 -91.125 -69.5 3.2397674240144743 7
0000 0008 1710146224728 0.0 -65.0 3.7551849687440497 7
0000 0011 1710146224728 32.5 -66.5 4.743068596142402 7
0000 0015 1710146224729 -48.8125 -67.0 3.6754179677739964 7
0000 0006 1710146224730 6.5 -60.5 1.239456476611598 7
0000 0012 1710146224730 48.8125 -63.0 4.289010282928253 7
0000 0007 1710146224731 -52.0625 -69.5 2.411417798556228 7
0000 0005 1710146224732 48.8125 -65.5 5.013049214810275 7
0000 0000 1710146224732 -11.6875 -73.5 5.663457068873787 7
0000 0009 1710146224733 4.875 -77.0 6.270913460876501 7
0000 0011 1710146224734 3.25 -66.0 0.0674951546669682 7
0000 0004 1710146224735 16.25 -71.0 2.5893595699509624 7
0000 0002 1710146224735 29.25 -68.0 3.2949907323783574 7
0000 0006 1710146224736 13.0 -61.0 1.9757672547967058 7
0000 0000 1710146224737 45.5625 -69.5 3.9147189706841563 7
0000 0012 1710146224737 -107.375 -69.0 5.246214294568893 7
0000 0008 1710146224738 0.0 -67.5 0.11044661672776616 7
0000 0003 1710146224739 182.25 -74.0 4.571262747899211 7
0000 0007 1710146224825 -0.25 -68.5 5.252350217720435 7
0000 0005 1710146224977 0.125 -72.0 5.019185137961818 7
0000 0004 1710146224978 -32.5 -67.0 3.5772431973493153 7
0000 0008 1710146224979 -13.0 -66.5 3.3747577333484107 7
0000 0006 1710146224979 -26.0 -70.0 1.2640001692177683 7
0000 0002 1710146224980 -162.75 -70.5 6.17273869045182 7
0000 0011 1710146224981 -14.0 -73.5 5.994796919057086 7
0000 0012 1710146224982 -12.8125 -74.0 1.086058397823034 7
0000 0003 1710146224982 4.25 -73.0 0.030679615757712823 7
0000 0007 1710146224983 12.1875 -69.0 0.0 7
0000 0005 1710146224984 -6.125 -73.0 5.485515297479052 7
0000 0003 1710146224985 22.75 -65.0 1.9389517158874505 7
0000 0011 1710146224985 3.25 -63.0 2.7120780329818137 7
0000 0006 1710146224987 -6.5 -66.0 0.21475731030398976 7
0000 0002 1710146224987 29.25 -66.5 5.7616318392984684 7
0000 0008 1710146224988 29.25 -63.0 1.4603497100671303 7
0000 0014 1710146224989 117.125 -72.5 1.012427320004523 7
0000 0007 1710146225063 4.375 -72.0 1.6935147898257479 7
0000 0005 1710146225225 1.9375 -71.0 0.39269908169872414 7
0000 0003 1710146225226 -39.0 -67.0 5.491651220630596 7
0000 0008 1710146225227 45.5625 -61.5 4.06811704947272 7
0000 0004 1710146225227 -58.5625 -68.0 5.976389149602458 7
0000 0005 1710146225228 -136.6875 -68.5 4.1601558967458585 7
0000 0011 1710146225229 -26.0 -65.0 5.50392306693368 7
0000 0002 1710146225230 22.75 -69.0 6.007068765360171 7
0000 0006 1710146225230 16.25 -66.0 4.767612288748572 7
0000 0000 1710146225231 56.9375 -71.0 4.408660784383333 7
0000 0013 1710146225232 2.875 -68.0 5.013049214810275 7
0000 0007 1710146225232 0.875 -72.0 4.95168998329485 7
0000 0005 1710146225233 -195.25 -67.5 6.050020227420969 7
0000 0006 1710146225235 0.0 -63.0 4.362641360746763 7
0000 0004 1710146225235 9.75 -64.0 5.939573610693203 7
0000 0013 1710146225236 39.0 -63.5 2.6998061866787286 7
0000 0011 1710146225237 123.6875 -71.5 1.4358060174609601 7
0000 0015 1710146225237 6.5 -68.5 3.0802334220743677 7
0000 0008 1710146225238 -29.25 -64.5 0.9142525495798421 7
0000 0007 1710146225239 -26.0 -62.5 0.9142525495798421 7
0000 0003 1710146225563 0.625 -72.0 1.1903690913992575 7
0000 0008 1710146225563 -42.3125 -62.0 3.663146121470911 7
0000 0006 1710146225564 -13.0 -64.5 3.9453985864418692 7
0000 0005 1710146225564 195.25 -70.5 3.9147189706841563 7
0000 0004 1710146225565 -9.75 -62.0 6.22182607566416 7
0000 0013 1710146225566 19.5 -63.5 4.417864669110647 7
0000 0003 1710146225567 4.0625 -70.0 4.789088019778972 7
0000 0011 1710146225567 9.125 -73.5 1.0492428589137786 7
0000 0007 1710146225568 -1.8125 -72.0 4.037437433715008 7
0000 0014 1710146225569 3.5 -70.5 5.307573526084319 7
0000 0000 1710146225569 2.4375 -72.5 3.436116964863836 7
0000 0015 1710146225570 4.25 -72.5 0.2086213871524472 7
0000 0000 1710146225571 76.4375 -70.0 2.1353012567368124 7
0000 0008 1710146225571 -16.25 -62.5 2.0064468705544187 7
0000 0015 1710146225572 120.4375 -68.5 3.5588354278946874 7
0000 0005 1710146225573 -6.5 -68.5 6.154330920997192 7
0000 0011 1710146225573 -58.5625 -66.0 2.1598449493429825 7
0000 0013 1710146225574 52.0625 -64.0 1.2210487071569704 7
0000 0014 1710146225575 -9.75 -68.5 1.6260196351587797 7
0000 0004 1710146225762 7.3125 -70.5 0.5645049299419159 7
0000 0003 1710146225762 -1.5 -71.5 0.0 7
0000 0007 1710146225763 1.1875 -70.0 5.964117303299373 7
0000 0006 1710146225764 -1.25 -68.5 6.105243535784852 7
0000 0006 1710146225764 13.0 -65.0 2.890019804376548 7
0000 0003 1710146225765 -6.5 -61.0 4.424000592262189 7
0000 0007 1710146225766 -13.0 -64.5 0.20248546400090464 7
0000 0015 1710146225766 19.5 -70.0 4.01902966426038 7
0000 0008 1710146225767 26.0 -64.5 0.2699806186678728 7
0000 0013 1710146225768 52.0625 -64.0 3.018874190558942 7
0000 0004 1710146225768 -100.875 -67.0 4.76147636559703 7
0000 0000 1710146225769 6.5 -71.5 1.0277671278833795 7
0000 0005 1710146225770 -6.0625 -69.5 0.521553467881118 7
0000 0012 1710146225770 -6.0625 -75.0 0.2086213871524472 7
0000 0009 1710146225771 -9.125 -75.0 5.675728915176872 7
0000 0011 1710146225772 3.0 -69.5 0.35588354278946877 7
0000 0012 1710146225962 -6.5 -70.5 5.626641529964532 7
0000 0000 1710146225963 10.5625 -67.0 4.853515212870168 7
0000 0015 1710146225964 29.25 -64.0 3.5342917352885173 7
0000 0011 1710146225964 -78.0625 -63.0 5.037592907416445 7
0000 0009 1710146225965 0.0 -73.0 2.9513790358919736 7
0000 0008 1710146225966 9.75 -65.0 4.957825906446392 7
0000 0005 1710146225966 35.75 -61.5 1.8714565612204823 7
0000 0004 1710146225967 110.625 -68.5 4.638757902566179 7
0000 0013 1710146225968 -162.75 -71.5 2.1659808724945253 7
0000 0003 1710146225969 7.875 -68.0 0.8835729338221293 7
0000 0006 1710146225969 3.5625 -64.0 0.5092816215780329 7
0000 0002 1710146225970 0.9375 -72.0 1.1290098598838318 7
0000 0007 1710146225971 -4.375 -70.0 6.117515382087937 7
0000 0007 1710146225972 0.0 -69.0 5.737088146692298 7
0000 0003 1710146225972 6.5 -63.0 5.135767677841127 7
0000 0008 1710146225973 -9.75 -66.5 2.7120780329818137 7
0000 0000 1710146225974 -48.8125 -65.5 2.411417798556228 7
0000 0005 1710146225974 13.0 -65.0 2.1905245651006955 7
0000 0011 1710146225975 -6.5 -69.0 2.8777479580734626 7
0000 0006 1710146225976 13.0 -63.5 5.816855147662351 7
0000 0012 1710146225976 -13.0 -66.5 4.2092432819582 7
0000 0009 1710146225977 -41.5 -71.5 0.5829126993965437 7
0000 0002 1710146225978 -35.75 -66.5 2.172116795646068 7
0000 0015 1710146225979 29.25 -71.0 0.02454369260617026 7
0000 0004 1710146226064 9.125 -75.5 0.01227184630308513 7
0000 0000 1710146226196 55.3125 -64.5 4.368777283898306 7
0000 0011 1710146226197 -100.875 -66.5 5.773903685601553 7
0000 0005 1710146226199 -74.8125 -69.0 0.944932165337555 7
0000 0008 1710146226200 22.75 -65.5 0.25157284921324513 7
0000 0015 1710146226201 -3.25 -68.0 2.405281875404685 7
0000 0002 1710146226201 -61.8125 -65.5 4.957825906446392 7
0000 0012 1710146226202 -73.1875 -63.5 5.706408530934585 7
0000 0006 1710146226202 94.375 -65.0 3.055689729468197 7
0000 0004 1710146226203 136.6875 -69.0 3.3502140407422405 7
0000 0009 1710146226204 -9.75 -75.5 0.7209709703062513 7
0000 0010 1710146226204 4.5625 -73.5 1.9389517158874505 7
0000 0000 1710146226205 21.125 -70.0 1.932815792735908 7
0000 0006 1710146226206 29.25 -65.0 2.227340104009951 7
0000 0008 1710146226207 26.0 -61.5 3.6999616603801666 7
0000 0012 1710146226208 -94.375 -64.5 0.5522330836388308 7
0000 0004 1710146226208 -205.0625 -72.5 0.3436116964863836 7
0000 0015 1710146226209 6.5 -62.0 3.479068426924634 7
0000 0002 1710146226314 37.375 -72.0 1.4664856332186729 7
0000 0005 1710146226315 6.5 -72.0 0.803805932852076 7
0000 0013 1710146226315 1.8125 -76.0 1.6751070203711202 7
0000 0009 1710146226316 -4.25 -76.0 0.9940195505498954 7
0000 0011 1710146226317 5.1875 -71.5 2.4850488763747385 7
0000 0000 1710146226452 -30.875 -65.0 5.620505606812989 7
0000 0008 1710146226452 22.75 -58.0 0.12885438618239387 7
0000 0011 1710146226453 -29.25 -68.0 6.1420590746941075 7
0000 0013 1710146226454 218.0625 -70.5 2.454369260617026 7
0000 0006 1710146226454 42.3125 -63.0 4.871922982324796 7
0000 0003 1710146226455 -29.25 -66.5 0.44178646691106466 7
0000 0012 1710146226455 159.5 -65.5 3.2397674240144743 7
0000 0002 1710146226456 201.8125 -69.0 3.7551849687440497 7
0000 0009 1710146226456 -191.1875 -73.5 3.0802334220743677 7
0000 0007 1710146226457 -8.5 -71.0 4.76147636559703 7
0000 0015 1710146226458 -4.5625 -67.5 0.32520392703175593 7
0000 0004 1710146226458 3.9375 -79.5 0.2270291566070749 7
0000 0015 1710146226460 -55.3125 -63.5 4.589670517353839 7
0000 0013 1710146226460 -13.0 -69.5 4.270602513473625 7
0000 0000 1710146226461 -201.8125 -69.0 2.9391071895888885 7
0000 0004 1710146226461 -19.5 -72.5 0.9633399347921826 7
0000 0008 1710146226462 22.75 -60.0 3.7429131224409646 7
0000 0002 1710146226463 -3.25 -70.0 2.1659808724945253 7
0000 0006 1710146226463 91.125 -68.0 0.11658253987930872 7
0000 0011 1710146226464 -250.625 -70.0 3.485204350076177 7
0000 0012 1710146226464 42.3125 -65.0 5.270757987175063 7
0000 0003 1710146226564 14.0 -73.0 1.1167380135807468 7
0000 0009 1710146226565 9.75 -76.0 1.4787574795217582 7
0000 0007 1710146226565 -0.25 -72.0 2.1966604882522383 7
0000 0002 1710146226724 139.9375 -69.0 1.3499030933393643 7
0000 0000 1710146226724 26.0 -65.0 1.7732817907958012 7
0000 0003 1710146226725 68.3125 -70.0 3.767456815047135 7
0000 0011 1710146226726 9.75 -63.0 1.3867186322486196 7
0000 0008 1710146226726 19.5 -58.0 1.88986433067511 7
0000 0004 1710146226727 3.25 -70.0 3.5158839658338894 7
0000 0006 1710146226727 -0.875 -63.5 5.9088939949354895 7
0000 0005 1710146226728 1.8125 -72.5 2.8777479580734626 7
0000 0012 1710146226728 8.5 -77.5 1.3130875544301088 7
0000 0007 1710146226729 2.25 -64.0 4.706253057233147 7
0000 0015 1710146226730 -0.25 -70.5 4.595806440505381 7
0000 0009 1710146226730 3.125 -75.5 1.748738098189631 7
0000 0004 1710146226732 61.8125 -62.5 1.1903690913992575 7
0000 0011 1710146226732 52.0625 -67.0 0.8897088569736719 7
0000 0006 1710146226733 -3.25 -61.5 2.7979809571034093 7
0000 0000 1710146226734 -19.5 -67.0 0.944932165337555 7
0000 0008 1710146226734 0.0 -56.0 0.7424467013366504 7
0000 0007 1710146226735 68.3125 -69.0 3.11091303783208 7
0000 0002 1710146226735 -201.8125 -69.5 5.5100589900852235 7
0000 0003 1710146226736 39.0 -62.5 4.374913207049849 7
0000 0015 1710146226737 13.0 -65.0 4.779884135051658 7
0000 0010 1710146226737 52.0625 -66.5 2.423689644859313 7
0000 0009 1710146226738 10.5625 -72.0 5.47937937432751 7
0000 0005 1710146226813 0.0 -71.0 5.3627968344482015 7
0000 0013 1710146226814 1.5 -72.0 5.473243451175968 7
0000 0012 1710146226979 -2.25 -77.5 1.9819031779482483 7
0000 0006 1710146226979 61.8125 -67.5 1.1780972450961724 7
0000 0005 1710146226979 -9.75 -67.5 2.270291566070749 7
0000 0004 1710146226980 0.0 -65.0 2.110757564130642 7
0000 0013 1710146226981 -29.25 -67.0 0.8958447801252144 7
0000 0008 1710146226981 9.75 -57.5 3.80427235395639 7
0000 0003 1710146226982 94.375 -63.0 1.0983302441261191 7
0000 0007 1710146226982 13.0 -60.0 3.043417883165112 7
0000 0015 1710146226983 -6.5 -66.0 5.019185137961818 7
0000 0011 1710146226983 19.5 -66.0 4.166291819897402 7
0000 0009 1710146226984 55.3125 -71.5 1.6751070203711202 7
0000 0000 1710146226984 -19.5 -63.5 4.503767593232243 7
0000 0012 1710146226986 -8.8125 -80.0 1.4603497100671303 7
0000 0002 1710146226986 0.0 -73.0 0.8222137023067037 7
0000 0002 1710146226987 9.75 -69.0 4.749204519293945 7
0000 0008 1710146226987 3.25 -58.0 0.1227184630308513 7
0000 0004 1710146226988 -9.75 -65.0 3.2581751934691017 7
0000 0007 1710146226988 29.25 -66.0 5.006913291658733 7
0000 0000 1710146226989 29.25 -66.0 1.3560390164909069 7
0000 0011 1710146226990 3.25 -61.0 5.405748296509 7
0000 0013 1710146226990 52.0625 -68.0 1.4603497100671303 7
0000 0003 1710146226991 -3.25 -61.5 5.700272607783043 7
0000 0015 1710146226991 -58.5625 -67.5 5.424156065963627 7
0000 0005 1710146227063 -6.5 -69.5 5.902758071783947 7
0000 0009 1710146227064 4.875 -75.5 4.4976316700806995 7
0000 0014 1710146227064 4.25 -71.5 5.080544369477243 7
0000 0007 1710146227238 35.75 -64.5 1.5278448647340985 7
0000 0003 1710146227239 39.0 -62.5 1.2762720155208536 7
0000 0008 1710146227240 -45.5625 -59.0 3.4054373491061236 7
0000 0000 1710146227241 0.0 -63.0 4.381049130201391 7
0000 0011 1710146227241 45.5625 -64.5 1.214912784005428 7
0000 0015 1710146227242 -9.75 -67.0 5.976389149602458 7
0000 0004 1710146227243 -3.25 -65.5 5.553010452146021 7
0000 0014 1710146227243 19.5 -63.0 2.2150682577068657 7
0000 0009 1710146227244 41.5 -71.0 0.15339807878856412 7
0000 0002 1710146227245 -39.0 -70.5 2.4175537217077703 7
0000 0013 1710146227246 -4.0625 -74.5 0.6933593161243098 7
0000 0011 1710146227246 22.75 -61.5 4.154019973594316 7
0000 0007 1710146227249 -81.375 -64.5 3.6447383520162835 7
0000 0002 1710146227249 3.25 -65.5 4.442408361716817 7
0000 0003 1710146227251 -162.75 -69.0 4.583534594202296 7
0000 0013 1710146227251 -78.0625 -67.5 5.497787143782138 7
0000 0000 1710146227252 26.0 -64.5 0.5890486225480862 7
0000 0008 1710146227253 6.5 -59.0 6.191146459906448 7
0000 0009 1710146227253 38.1875 -71.0 2.730485802436441 7
0000 0015 1710146227254 0.0 -65.0 0.2086213871524472 7
0000 0004 1710146227255 81.375 -65.0 3.117048960983623 7
0000 0014 1710146227255 -19.5 -64.0 4.957825906446392 7
0000 0012 1710146227317 -13.25 -79.5 5.546874528994478 7
0000 0006 1710146227318 0.25 -72.0 4.111068511533518 7
0000 0008 1710146227477 26.0 -61.0 3.6263305825616556 7
0000 0006 1710146227478 9.75 -68.0 4.509903516383785 7
0000 0007 1710146227478 -3.25 -64.0 2.1598449493429825 7
0000 0013 1710146227479 58.5625 -66.5 1.2946797849754812 7
0000 0011 1710146227479 -26.0 -70.5 2.3623304133438876 7
0000 0015 1710146227480 45.5625 -69.0 1.1351457830353744 7
0000 0003 1710146227480 6.5 -62.5 2.227340104009951 7
0000 0009 1710146227481 13.8125 -67.0 0.7179030087304801 7
0000 0000 1710146227481 -10.5625 -61.5 4.884194828627882 7
0000 0004 1710146227482 3.25 -59.0 1.6505633277649499 7
0000 0002 1710146227489 0.0 -66.0 3.0250101137104846 7
0000 0014 1710146227490 2.125 -78.0 1.2333205534600555 7
0000 0005 1710146227492 -1.5 -74.0 6.215690152512618 7
0000 0005 1710146227493 48.8125 -65.5 2.8716120349219203 7
0000 0002 1710146227493 -9.75 -64.0 5.8659425328746915 7
0000 0009 1710146227494 17.0625 -64.0 5.080544369477243 7
0000 0011 1710146227495 -3.25 -61.0 0.28225246497095796 7
0000 0013 1710146227495 -81.375 -69.0 6.129787228391022 7
0000 0007 1710146227496 13.0 -65.5 1.6505633277649499 7
0000 0015 1710146227496 84.625 -62.5 5.743224069843841 7
0000 0004 1710146227497 29.25 -59.5 0.7547185476397354 7
0000 0008 1710146227497 0.0 -57.5 2.3439226438892597 7
0000 0003 1710146227498 6.5 -64.0 0.09203884727313846 7
0000 0000 1710146227499 -16.25 -63.0 2.8838838812250054 7
0000 0006 1710146227499 48.8125 -70.0 0.47860200582032003 7
0000 0014 1710146227564 3.625 -75.0 1.761009944492716 7
0000 0010 1710146227564 5.625 -71.5 3.2704470397721868 7
0000 0012 1710146227564 3.1875 -75.0 0.28838838812250056 7
0000 0004 1710146227719 6.5 -67.0 5.080544369477243 7
0000 0011 1710146227719 -32.5 -62.0 3.172272269347506 7
0000 0005 1710146227719 7.3125 -68.5 3.877903431774901 7
0000 0003 1710146227720 9.75 -61.0 2.9575149590435164 7
0000 0015 1710146227720 -13.0 -66.0 5.829126993965437 7
0000 0010 1710146227721 -6.5 -66.5 3.436116964863836 7
0000 0008 1710146227721 6.5 -55.5 5.730952223540755 7
0000 0002 1710146227722 29.25 -60.0 4.3933209765044765 7
0000 0013 1710146227722 -58.5625 -68.0 4.374913207049849 7
0000 0006 1710146227722 9.75 -61.5 4.878058905476339 7
0000 0009 1710146227723 -100.875 -69.0 1.3560390164909069 7
0000 0000 1710146227723 -30.875 -60.5 0.14726215563702155 7
0000 0007 1710146227724 26.0 -60.5 1.368310862793992 7
0000 0012 1710146227724 117.9375 -69.0 2.8777479580734626 7
0000 0014 1710146227725 52.0625 -73.5 2.116893487282185 7
0000 0004 1710146227725 -29.25 -66.0 4.565126824747668 7
0000 0000 1710146227726 34.9375 -61.5 2.2212041808584084 7
0000 0009 1710146227726 121.25 -69.0 3.988350048502667 7
0000 0008 1710146227727 13.0 -52.5 1.8407769454627694 7
0000 0006 1710146227727 -13.0 -60.0 1.3008157081270237 7
0000 0015 1710146227727 -9.75 -61.0 6.0991076126333095 7
0000 0002 1710146227728 -26.0 -61.0 2.429825568010856 7
0000 0007 1710146227728 -3.25 -67.0 4.853515212870168 7
0000 0011 1710146227729 26.0 -62.5 5.743224069843841 7
0000 0003 1710146227730 35.75 -66.0 4.914874444385594 7
0000 0005 1710146227814 -12.1875 -72.5 1.6198837120072371 7
0000 0013 1710146227814 4.25 -76.0 0.19634954084936207 7
