0000 0005 1710752250127 -45.5625 -68.0 2.356194490192345 8
0000 0009 1710752250128 30.875 -59.5 6.043884304269426 8
0000 0011 1710752250128 227.8125 -70.5 1.1474176293384597 8
0000 0010 1710752250129 3.25 -64.5 2.4727770300716534 8
0000 0013 1710752250130 26.0 -60.0 0.9878836273983529 8
0000 0012 1710752250130 6.5 -62.5 2.000310947402876 8
0000 0001 1710752250130 -55.3125 -64.0 3.8963112012295285 8
0000 0004 1710752250131 -22.75 -61.5 3.380893656499953 8
0000 0003 1710752250131 29.25 -66.5 5.9518454569962875 8
0000 0000 1710752250132 -2.25 -74.5 5.712544454086128 8
0000 0011 1710752250136 -48.8125 -70.0 1.6505633277649499 8
0000 0009 1710752250136 -19.5 -60.5 6.17273869045182 8
0000 0010 1710752250137 -55.3125 -64.0 2.730485802436441 8
0000 0013 1710752250137 71.5625 -60.0 0.9326603190344698 8
0000 0012 1710752250138 -39.0 -62.0 2.0800779483729293 8
0000 0003 1710752250138 16.25 -66.5 5.884350302329319 8
0000 0005 1710752250139 113.875 -68.5 2.055534255766759 8
0000 0004 1710752250139 -42.3125 -61.5 3.4913402732277192 8
0000 0001 1710752250140 -42.3125 -63.5 3.847223816017188 8
0000 0000 1710752250367 2.25 -74.5 5.724816300389213 8
0000 0013 1710752250368 13.0 -60.0 1.0062913968529805 8
0000 0012 1710752250368 32.5 -62.5 2.000310947402876 8
0000 0011 1710752250369 -117.125 -69.5 1.736466251886546 8
0000 0010 1710752250369 29.25 -64.0 2.693670263527186 8
0000 0005 1710752250370 3.25 -68.0 1.9634954084936207 8
0000 0003 1710752250370 84.625 -66.5 5.810719224510809 8
0000 0009 1710752250371 -38.1875 -60.5 0.05522330836388308 8
0000 0001 1710752250371 -55.3125 -64.0 3.816544200259475 8
0000 0004 1710752250372 -61.8125 -62.5 3.436116964863836 8
0000 0000 1710752250372 -6.5 -74.5 5.66959299202533 8
0000 0004 1710752250373 32.5 -62.5 3.3072625786814425 8
0000 0009 1710752250374 -48.8125 -60.5 0.0859029241215959 8
0000 0012 1710752250374 32.5 -62.5 1.9266798695843652 8
0000 0010 1710752250375 26.0 -63.5 2.730485802436441 8
0000 0011 1710752250375 -16.25 -69.0 1.4603497100671303 8
0000 0005 1710752250376 10.5625 -67.5 1.9082721001297376 8
0000 0013 1710752250377 3.25 -60.0 1.0615147052168636 8
0000 0003 1710752250377 -39.0 -66.5 5.822991070813893 8
0000 0001 1710752250378 -32.5 -63.5 3.77972866135022 8
0000 0000 1710752250612 -0.875 -74.0 5.786175531904639 8
0000 0003 1710752250612 35.75 -66.0 5.730952223540755 8
0000 0009 1710752250613 45.5625 -60.5 6.215690152512618 8
0000 0005 1710752250613 -42.3125 -67.5 2.1046216409791 8
0000 0013 1710752250614 22.75 -60.0 1.0676506283684062 8
0000 0001 1710752250614 -9.75 -63.5 3.730641276137879 8
0000 0010 1710752250614 19.5 -63.5 2.834796496012665 8
0000 0011 1710752250615 -55.3125 -68.5 1.5707963267948966 8
0000 0012 1710752250615 -32.5 -62.5 2.055534255766759 8
0000 0004 1710752250616 -16.25 -62.0 3.3318062712876126 8
0000 0000 1710752250616 3.625 -74.5 5.6573211457222445 8
0000 0003 1710752250617 -61.8125 -66.0 5.767767762450011 8
0000 0013 1710752250617 9.75 -60.5 1.0492428589137786 8
0000 0010 1710752250618 -71.5625 -63.5 2.8777479580734626 8
0000 0012 1710752250618 55.3125 -62.5 1.9512235621905356 8
0000 0009 1710752250618 21.125 -59.5 6.19728238305799 8
0000 0004 1710752250619 -22.75 -63.0 3.32567034813607 8
0000 0001 1710752250619 -13.0 -64.0 3.749049045592507 8
0000 0005 1710752250620 146.4375 -68.0 1.6751070203711202 8
0000 0011 1710752250620 113.875 -69.0 1.2701360923693108 8
0000 0000 1710752250856 10.375 -74.5 5.485515297479052 8
0000 0010 1710752250856 -26.0 -63.5 2.834796496012665 8
0000 0012 1710752250857 42.3125 -62.0 2.018718716857504 8
0000 0009 1710752250857 10.5625 -59.5 6.215690152512618 8
0000 0003 1710752250858 -39.0 -65.5 5.755495916146925 8
0000 0011 1710752250858 -26.0 -68.5 1.4664856332186729 8
0000 0001 1710752250858 3.25 -64.0 3.663146121470911 8
0000 0013 1710752250859 6.5 -59.5 1.0799224746714913 8
0000 0005 1710752250859 52.0625 -67.5 1.8039614065535141 8
0000 0004 1710752250860 -45.5625 -62.5 3.3747577333484107 8
0000 0000 1710752250860 2.4375 -74.0 5.553010452146021 8
0000 0013 1710752250861 32.5 -60.0 0.9878836273983529 8
0000 0011 1710752250861 35.75 -69.0 1.2333205534600555 8
0000 0003 1710752250862 -42.3125 -66.0 5.8045833013592665 8
0000 0001 1710752250862 -19.5 -63.0 3.730641276137879 8
0000 0005 1710752250863 58.5625 -67.0 1.6689710972195777 8
0000 0012 1710752250863 39.0 -62.5 1.9819031779482483 8
0000 0009 1710752250864 34.9375 -59.5 6.154330920997192 8
0000 0010 1710752250864 9.75 -64.0 2.8716120349219203 8
0000 0004 1710752250865 -13.0 -62.5 3.3318062712876126 8
0000 0000 1710752251107 -3.875 -73.5 5.626641529964532 8
0000 0012 1710752251111 52.0625 -62.5 2.024854640009046 8
0000 0013 1710752251111 -35.75 -60.0 1.1167380135807468 8
0000 0009 1710752251112 -38.1875 -59.5 6.258641614573416 8
0000 0001 1710752251112 -29.25 -63.0 3.6570101983193686 8
0000 0011 1710752251113 -35.75 -69.0 1.3314953238847365 8
0000 0004 1710752251113 -22.75 -62.5 3.3502140407422405 8
0000 0003 1710752251114 48.8125 -65.5 5.602097837358362 8
0000 0005 1710752251114 0.0 -67.0 1.8346410223112268 8
0000 0010 1710752251115 -9.75 -63.5 2.8961557275280905 8
0000 0000 1710752251115 15.8125 -73.5 5.546874528994478 8
0000 0001 1710752251116 -81.375 -63.5 3.773592738198677 8
0000 0012 1710752251116 48.8125 -63.0 2.2089323345553233 8
0000 0013 1710752251117 42.3125 -59.5 1.012427320004523 8
0000 0011 1710752251117 35.75 -67.5 1.2946797849754812 8
0000 0005 1710752251117 111.4375 -67.5 1.7671458676442586 8
0000 0003 1710752251118 32.5 -66.0 5.706408530934585 8
0000 0004 1710752251118 65.0625 -62.0 3.141592653589793 8
0000 0010 1710752251119 -71.5625 -63.5 2.9268353432858034 8
0000 0009 1710752251119 0.0 -60.0 6.258641614573416 8
0000 0000 1710752251137 -6.0625 -72.5 5.8045833013592665 8
0000 0003 1710752251336 26.0 -67.0 5.706408530934585 8
0000 0001 1710752251337 3.25 -63.5 3.6815538909255388 8
0000 0005 1710752251337 29.25 -68.0 1.8837284075235674 8
0000 0012 1710752251338 0.0 -62.5 2.3746022596469727 8
0000 0013 1710752251338 -19.5 -59.5 1.141281706186917 8
0000 0004 1710752251338 -22.75 -63.0 3.2029518851052186 8
0000 0009 1710752251339 10.5625 -59.5 0.09817477042468103 8
0000 0010 1710752251339 6.5 -63.0 2.82252464970958 8
0000 0011 1710752251340 -133.4375 -68.0 1.6566992509164924 8
0000 0000 1710752251340 26.0 -72.0 5.8475347634200645 8
0000 0010 1710752251341 65.0625 -64.0 2.8716120349219203 8
0000 0013 1710752251341 42.3125 -59.5 1.1474176293384597 8
0000 0011 1710752251342 45.5625 -69.0 1.6321555583103222 8
0000 0009 1710752251343 -9.75 -59.0 0.4663301595172349 8
0000 0003 1710752251343 45.5625 -68.5 5.767767762450011 8
0000 0012 1710752251344 -78.0625 -62.5 2.6445828783148455 8
0000 0004 1710752251344 16.25 -64.5 3.3440781175906977 8
0000 0001 1710752251345 -19.5 -63.5 3.9515345095934116 8
0000 0005 1710752251345 55.3125 -73.0 2.030990563160589 8
0000 0000 1710752251345 -17.0625 -70.5 2.705942109830271 8
0000 0012 1710752251587 19.5 -62.0 2.82252464970958 8
0000 0009 1710752251587 0.0 -59.0 0.760854470791278 8
0000 0011 1710752251587 78.0625 -69.5 2.000310947402876 8
0000 0010 1710752251588 -13.0 -64.5 3.3011266555298997 8
0000 0003 1710752251588 61.8125 -71.5 5.712544454086128 8
0000 0004 1710752251588 -35.75 -65.5 3.8288160465625602 8
0000 0013 1710752251588 22.75 -60.0 1.4358060174609601 8
0000 0001 1710752251588 35.75 -64.0 4.080388895775806 8
0000 0000 1710752251590 7.3125 -73.0 5.902758071783947 8
0000 0012 1710752251590 -24.375 -64.5 3.1906800388021335 8
0000 0010 1710752251591 -78.0625 -65.5 3.6999616603801666 8
0000 0013 1710752251591 -9.75 -62.5 2.448233337465483 8
0000 0001 1710752251592 -172.5 -67.0 4.657165672020807 8
0000 0009 1710752251592 17.0625 -57.0 1.043106935762236 8
0000 0004 1710752251592 32.5 -67.0 4.651029748869264 8
0000 0000 1710752251592 -3.0 -73.0 6.105243535784852 8
0000 0010 1710752251832 68.3125 -67.0 4.239922897715912 8
0000 0013 1710752251833 52.0625 -64.5 0.3374757733348411 8
0000 0004 1710752251833 19.5 -66.0 5.957981380147831 8
0000 0009 1710752251833 -17.0625 -56.0 1.4358060174609601 8
0000 0001 1710752251834 39.0 -69.0 4.798291904506286 8
0000 0012 1710752251834 58.5625 -65.5 3.2213596545598464 8
0000 0006 1710752251835 2.4375 -72.5 1.6198837120072371 8
0000 0005 1710752251835 -2.6875 -74.0 4.411728745959104 8
0000 0008 1710752251835 -0.8125 -72.5 0.3988350048502667 8
0000 0015 1710752251836 0.625 -72.0 1.9880391010997909 8
0000 0012 1710752251836 -22.75 -64.0 3.5281558121369745 8
0000 0006 1710752251837 -48.8125 -68.0 3.380893656499953 8
0000 0004 1710752251837 -110.625 -69.5 2.9022916506796332 8
0000 0005 1710752251837 87.875 -69.0 0.8406214717613314 8
0000 0009 1710752251838 -17.0625 -57.0 3.56497135104623 8
0000 0015 1710752251838 -13.0 -67.5 5.822991070813893 8
0000 0012 1710752252138 -13.0 -63.5 3.8288160465625602 8
0000 0005 1710752252138 -35.75 -66.0 0.2454369260617026 8
0000 0009 1710752252139 -27.625 -58.5 5.086680292628786 8
0000 0015 1710752252139 123.6875 -68.0 2.3009711818284617 8
0000 0006 1710752252139 9.75 -76.0 0.30679615757712825 8
0000 0002 1710752252140 7.625 -73.0 0.2086213871524472 8
0000 0004 1710752252140 0.0 -71.5 6.037748381117884 8
0000 0005 1710752252141 69.125 -66.5 5.491651220630596 8
0000 0010 1710752252141 -48.8125 -67.0 3.184544115650591 8
0000 0004 1710752252142 -29.25 -67.0 3.442252888015379 8
0000 0002 1710752252142 -45.5625 -66.0 1.423534171157875 8
0000 0006 1710752252143 -35.75 -67.0 4.847379289718626 8
0000 0009 1710752252143 3.25 -58.0 0.944932165337555 8
0000 0012 1710752252144 52.0625 -63.5 3.834951969714103 8
0000 0001 1710752252315 -2.4375 -73.5 2.4911847995262812 8
0000 0010 1710752252315 13.0 -62.0 4.914874444385594 8
0000 0004 1710752252316 -94.375 -63.5 4.865787059173254 8
0000 0009 1710752252316 0.0 -59.5 3.5036121195308043 8
0000 0012 1710752252317 -10.5625 -63.0 4.289010282928253 8
0000 0002 1710752252317 136.6875 -66.5 2.411417798556228 8
0000 0006 1710752252317 -84.625 -70.0 6.013204688511713 8
0000 0000 1710752252318 97.625 -71.0 5.559146375297564 8
0000 0000 1710752252318 -8.9375 -71.5 5.537670644267164 8
0000 0001 1710752252319 -26.8125 -71.5 0.3374757733348411 8
0000 0005 1710752252319 -2.6875 -72.5 6.154330920997192 8
0000 0011 1710752252320 4.375 -72.0 6.117515382087937 8
0000 0005 1710752252320 16.25 -66.5 6.080699843178682 8
0000 0000 1710752252320 100.875 -69.0 1.3499030933393643 8
0000 0015 1710752252321 35.75 -69.5 2.055534255766759 8
0000 0001 1710752252321 -35.75 -65.0 3.356349963893783 8
0000 0010 1710752252322 48.8125 -62.5 2.172116795646068 8
0000 0009 1710752252322 -13.0 -58.5 1.4787574795217582 8
0000 0004 1710752252397 25.1875 -70.5 2.346990605465031 8
0000 0002 1710752252397 12.1875 -66.5 0.9541360500648688 8
0000 0008 1710752252572 1.75 -70.0 1.662835174068035 8
0000 0006 1710752252573 0.125 -74.0 1.141281706186917 8
0000 0009 1710752252573 -52.0625 -63.0 4.921010367537137 8
0000 0002 1710752252573 -22.75 -58.0 4.583534594202296 8
0000 0008 1710752252574 52.0625 -66.5 2.313243028131547 8
0000 0010 1710752252574 52.0625 -63.0 0.760854470791278 8
0000 0004 1710752252575 52.0625 -62.5 0.7731263170943632 8
0000 0015 1710752252575 35.75 -67.5 1.6812429435226628 8
0000 0006 1710752252575 139.9375 -69.5 0.8467573949128739 8
0000 0014 1710752252576 8.5 -71.5 5.332117218690489 8
0000 0001 1710752252576 3.625 -70.5 0.0674951546669682 8
0000 0003 1710752252577 -4.0625 -75.5 4.657165672020807 8
0000 0005 1710752252578 1.4375 -69.5 0.4049709280018093 8
0000 0006 1710752252578 -6.5 -70.0 4.822835597112456 8
0000 0004 1710752252579 -6.5 -62.5 0.5706408530934585 8
0000 0001 1710752252579 65.0625 -63.0 4.6448938257177215 8
0000 0012 1710752252580 22.75 -68.0 3.227495577711389 8
0000 0010 1710752252580 55.3125 -64.0 3.877903431774901 8
0000 0005 1710752252580 16.25 -67.5 0.760854470791278 8
0000 0015 1710752252581 9.75 -67.5 1.7241944055834606 8
0000 0009 1710752252581 26.0 -68.5 2.466641106920111 8
0000 0011 1710752252647 1.8125 -72.0 4.28287435977671 8
0000 0010 1710752252814 -32.5 -67.0 0.0 8
0000 0015 1710752252814 22.75 -65.0 1.9389517158874505 8
0000 0013 1710752252815 -6.5 -67.5 4.289010282928253 8
0000 0004 1710752252815 32.5 -62.5 0.7485826244881929 8
0000 0007 1710752252815 39.0 -70.0 4.28287435977671 8
0000 0001 1710752252816 6.5 -67.5 0.9142525495798421 8
0000 0006 1710752252816 -179.0 -67.0 3.810408277107933 8
0000 0012 1710752252817 -1.1875 -71.0 4.871922982324796 8
0000 0009 1710752252817 -0.875 -70.5 5.546874528994478 8
0000 0008 1710752252817 3.1875 -71.5 0.4049709280018093 8
0000 0005 1710752252818 -0.5625 -67.5 1.012427320004523 8
0000 0010 1710752252818 -29.25 -64.0 3.0495538063166547 8
0000 0004 1710752252819 -26.0 -66.0 1.1596894756415448 8
0000 0001 1710752252820 -35.75 -64.5 4.448544284868359 8
0000 0008 1710752252820 -16.25 -64.0 4.595806440505381 8
0000 0005 1710752252820 -3.25 -67.0 4.822835597112456 8
0000 0012 1710752252821 32.5 -66.5 0.0859029241215959 8
0000 0015 1710752252821 65.0625 -66.5 2.6998061866787286 8
0000 0014 1710752252887 15.8125 -75.5 5.553010452146021 8
0000 0003 1710752252888 8.5 -74.0 4.264466590322082 8
0000 0007 1710752252888 2.875 -73.0 5.031456984264903 8
0000 0015 1710752253063 -61.8125 -69.0 3.749049045592507 8
0000 0010 1710752253064 3.25 -64.5 5.166447293598839 8
0000 0001 1710752253064 55.3125 -65.5 0.859029241215959 8
0000 0012 1710752253064 -78.0625 -66.5 4.970097752749477 8
0000 0008 1710752253065 13.0 -61.0 1.2455923997631406 8
0000 0013 1710752253065 29.25 -66.0 1.3560390164909069 8
0000 0005 1710752253066 0.0 -71.5 4.23378697456437 8
0000 0004 1710752253066 -3.0 -73.5 5.135767677841127 8
0000 0007 1710752253066 -4.375 -70.5 1.4603497100671303 8
0000 0003 1710752253067 -1.125 -73.0 5.700272607783043 8
0000 0003 1710752253067 107.375 -71.5 2.705942109830271 8
0000 0001 1710752253067 35.75 -65.0 5.283029833478148 8
0000 0005 1710752253069 58.5625 -63.5 5.6573211457222445 8
0000 0015 1710752253069 -22.75 -69.0 4.246058820867455 8
0000 0013 1710752253069 9.75 -63.0 1.521708941582556 8
0000 0010 1710752253070 -3.25 -62.0 3.1906800388021335 8
0000 0012 1710752253070 -32.5 -67.0 0.3988350048502667 8
0000 0006 1710752253071 91.125 -69.0 4.651029748869264 8
0000 0004 1710752253071 -9.75 -64.0 0.5706408530934585 8
0000 0008 1710752253072 -74.8125 -63.0 5.105088062083414 8
0000 0007 1710752253072 3.25 -67.0 1.4787574795217582 8
0000 0007 1710752253307 -3.25 -72.5 6.062292073724054 8
0000 0008 1710752253307 -100.875 -64.5 3.141592653589793 8
0000 0010 1710752253308 32.5 -60.5 0.7424467013366504 8
0000 0014 1710752253308 -58.5625 -71.0 0.4724660826687775 8
0000 0001 1710752253308 -68.3125 -68.5 3.2581751934691017 8
0000 0011 1710752253309 22.375 -70.0 5.1817871014776955 8
0000 0005 1710752253309 16.875 -73.0 5.092816215780329 8
0000 0006 1710752253310 1.1875 -73.5 0.3313398501832985 8
0000 0004 1710752253310 6.0625 -66.5 0.4479223900626072 8
0000 0003 1710752253310 -0.25 -72.5 4.540583132141498 8
0000 0000 1710752253311 -0.125 -71.5 4.890330751779424 8
0000 0007 1710752253311 13.0 -64.5 4.485359823777615 8
0000 0010 1710752253312 -152.9375 -65.5 5.915029918087033 8
0000 0000 1710752253312 17.0625 -69.0 2.3930100291016 8
0000 0001 1710752253312 78.0625 -64.0 2.0493983326152168 8
0000 0005 1710752253313 -42.3125 -67.0 1.509437095279471 8
0000 0008 1710752253313 42.3125 -60.5 1.8346410223112268 8
0000 0009 1710752253314 3.25 -64.0 1.5033011721279284 8
0000 0003 1710752253314 -227.8125 -72.0 6.056156150572511 8
0000 0006 1710752253387 -16.25 -72.5 0.46019423636569234 8
0000 0011 1710752253387 1.1875 -73.0 6.007068765360171 8
0000 0014 1710752253387 3.625 -76.5 0.4724660826687775 8
0000 0004 1710752253388 -0.875 -66.5 5.301437602932776 8
0000 0011 1710752253570 48.8125 -70.5 4.626486056263094 8
0000 0009 1710752253570 -17.0625 -60.0 5.221670601962723 8
0000 0008 1710752253571 22.75 -63.0 5.681864838328415 8
0000 0001 1710752253571 -52.0625 -66.0 5.810719224510809 8
0000 0004 1710752253572 -19.5 -65.5 4.571262747899211 8
0000 0010 1710752253572 26.0 -67.0 2.2396119503130363 8
0000 0006 1710752253572 -58.5625 -69.5 4.865787059173254 8
0000 0007 1710752253573 -61.8125 -66.5 2.313243028131547 8
0000 0015 1710752253573 -6.5 -68.0 1.0492428589137786 8
0000 0013 1710752253573 -8.9375 -68.0 5.424156065963627 8
0000 0003 1710752253574 3.0 -72.5 5.289165756629691 8
0000 0012 1710752253574 5.9375 -74.5 5.442563835418255 8
0000 0005 1710752253575 -0.9375 -71.5 5.381204603902829 8
0000 0000 1710752253576 4.0 -74.5 0.11044661672776616 8
0000 0013 1710752253576 -39.0 -60.5 2.2886993355253766 8
0000 0007 1710752253577 -29.25 -65.5 5.522330836388308 8
0000 0008 1710752253577 22.75 -62.0 2.5157284921324514 8
0000 0004 1710752253578 -6.5 -61.5 5.0253210611133605 8
0000 0015 1710752253578 6.5 -67.0 0.5460971604872883 8
0000 0003 1710752253578 -35.75 -69.0 6.209554229361076 8
0000 0001 1710752253579 -16.25 -63.5 4.368777283898306 8
0000 0009 1710752253579 41.5 -54.5 2.0493983326152168 8
0000 0010 1710752253579 182.25 -71.5 4.4362724385652745 8
0000 0005 1710752253580 13.0 -66.0 1.9512235621905356 8
0000 0006 1710752253637 23.5625 -71.0 0.1564660403643354 8
0000 0012 1710752253637 -0.5625 -74.0 6.234097921967246 8
0000 0011 1710752253638 -13.375 -71.5 0.3865631585471816 8
0000 0000 1710752253638 -9.75 -73.5 1.6689710972195777 8
0000 0002 1710752253837 4.375 -71.5 5.516194913236766 8
0000 0006 1710752253837 78.0625 -63.0 6.227961998815704 8
0000 0000 1710752253837 -27.625 -71.0 0.8406214717613314 8
0000 0013 1710752253838 68.3125 -70.5 4.387185053352934 8
0000 0004 1710752253838 0.0 -67.5 6.227961998815704 8
0000 0012 1710752253838 93.5625 -73.0 3.141592653589793 8
0000 0007 1710752253839 -58.5625 -62.0 4.749204519293945 8
0000 0005 1710752253839 32.5 -61.0 2.2334760271614935 8
0000 0009 1710752253840 3.25 -57.0 6.105243535784852 8
0000 0001 1710752253840 68.3125 -64.0 1.8223691760081417 8
0000 0011 1710752253840 -16.25 -67.0 5.6143696836614465 8
0000 0015 1710752253841 -45.5625 -64.0 5.301437602932776 8
0000 0008 1710752253842 -22.75 -61.5 1.2578642460662257 8
0000 0002 1710752253842 36.5625 -71.0 3.2673790781964156 8
0000 0003 1710752253843 1.5625 -77.5 5.602097837358362 8
0000 0000 1710752253843 -13.8125 -68.5 4.963961829597935 8
0000 0011 1710752253844 16.25 -65.0 2.7979809571034093 8
0000 0008 1710752253844 61.8125 -65.5 4.657165672020807 8
0000 0005 1710752253844 39.0 -62.0 2.3930100291016 8
0000 0015 1710752253845 -6.5 -62.5 1.6505633277649499 8
0000 0004 1710752253845 -110.625 -66.5 4.755340442445488 8
0000 0002 1710752253846 3.25 -60.5 3.393165502803038 8
0000 0006 1710752253846 -81.375 -72.0 5.93343768754166 8
0000 0009 1710752253846 17.0625 -60.0 3.5895150436524004 8
0000 0001 1710752253847 -26.0 -59.5 0.2454369260617026 8
0000 0012 1710752253887 13.6875 -73.0 1.3621749396424494 8
0000 0007 1710752254101 1.8125 -68.5 1.3130875544301088 8
0000 0000 1710752254102 -90.3125 -71.0 3.06182565261974 8
0000 0009 1710752254102 3.25 -60.5 1.8407769454627694 8
0000 0008 1710752254102 -22.75 -64.5 4.503767593232243 8
0000 0007 1710752254103 9.75 -62.5 5.712544454086128 8
0000 0004 1710752254103 -22.75 -59.5 3.3379421944391554 8
0000 0005 1710752254104 19.5 -60.5 3.0250101137104846 8
0000 0006 1710752254104 100.875 -70.0 3.1354567304382504 8
0000 0015 1710752254104 39.0 -60.5 1.8653206380689396 8
0000 0002 1710752254105 16.25 -61.0 2.073942025221387 8
0000 0011 1710752254105 52.0625 -66.5 1.030835089459151 8
0000 0001 1710752254106 -13.0 -64.0 4.154019973594316 8
0000 0014 1710752254106 -10.375 -72.0 0.9265243958829272 8
0000 0010 1710752254106 3.5 -73.0 0.4540583132141498 8
0000 0012 1710752254107 4.0 -73.5 4.921010367537137 8
0000 0009 1710752254107 21.125 -59.5 0.6994952392758523 8
0000 0008 1710752254108 29.25 -57.5 2.8716120349219203 8
0000 0000 1710752254108 30.875 -68.5 2.5893595699509624 8
0000 0001 1710752254108 6.5 -59.5 3.5711072741977725 8
0000 0006 1710752254109 -68.3125 -64.5 5.5100589900852235 8
0000 0007 1710752254109 74.8125 -65.0 0.8222137023067037 8
0000 0015 1710752254110 68.3125 -63.5 2.2764274892222915 8
0000 0011 1710752254110 22.75 -62.0 0.2454369260617026 8
0000 0004 1710752254110 0.0 -61.5 1.030835089459151 8
0000 0002 1710752254111 74.8125 -66.0 4.749204519293945 8
0000 0010 1710752254112 55.3125 -67.5 1.8346410223112268 8
0000 0014 1710752254112 -42.3125 -61.5 5.338253141842031 8
0000 0012 1710752254113 16.25 -70.0 2.086213871524472 8
0000 0005 1710752254113 104.125 -65.5 2.9575149590435164 8
0000 0006 1710752254388 -58.5625 -64.5 4.411728745959104 8
0000 0009 1710752254388 -41.5 -61.5 3.466796580621549 8
0000 0008 1710752254389 -42.3125 -59.0 0.02454369260617026 8
0000 0015 1710752254389 32.5 -63.5 2.429825568010856 8
0000 0004 1710752254389 39.0 -57.5 1.325359400733194 8
0000 0011 1710752254390 -13.0 -62.5 3.6754179677739964 8
0000 0013 1710752254390 35.75 -64.5 1.7794177139473437 8
0000 0007 1710752254391 -16.25 -63.5 2.6568547246179306 8
0000 0003 1710752254391 -74.8125 -67.0 4.184699589352029 8
0000 0010 1710752254391 29.25 -64.0 4.779884135051658 8
0000 0012 1710752254392 -13.0 -62.0 3.80427235395639 8
0000 0001 1710752254392 -32.5 -65.5 1.141281706186917 8
0000 0000 1710752254393 0.0 -69.5 0.7669903939428205 8
0000 0005 1710752254393 8.125 -66.0 0.34974761963792617 8
0000 0002 1710752254394 16.625 -79.5 0.2638446955163303 8
0000 0004 1710752254523 -26.0 -58.0 1.6689710972195777 8
0000 0001 1710752254523 16.25 -60.0 5.835262917116979 8
0000 0015 1710752254524 0.0 -68.0 2.5954954931025047 8
0000 0012 1710752254524 -29.25 -59.5 4.822835597112456 8
0000 0007 1710752254525 3.25 -60.0 6.154330920997192 8
0000 0008 1710752254525 9.75 -57.0 4.338097668140593 8
0000 0010 1710752254525 -9.75 -59.5 1.4480778637640452 8
0000 0000 1710752254526 -145.625 -69.5 5.270757987175063 8
0000 0005 1710752254526 173.3125 -68.5 1.4848934026733007 8
0000 0013 1710752254527 13.0 -64.5 3.7429131224409646 8
0000 0011 1710752254527 16.25 -72.0 1.1198059751565181 8
0000 0009 1710752254527 -5.1875 -69.0 5.773903685601553 8
0000 0001 1710752254528 19.5 -61.0 3.0495538063166547 8
0000 0005 1710752254528 10.5625 -64.0 0.1349903093339364 8
0000 0003 1710752254528 65.0625 -67.5 5.675728915176872 8
0000 0012 1710752254529 29.25 -59.5 1.1903690913992575 8
0000 0004 1710752254529 16.25 -60.5 2.380738182798515 8
0000 0011 1710752254530 -55.3125 -70.0 1.8530487917658545 8
0000 0013 1710752254530 58.5625 -67.0 4.430136515413731 8
0000 0014 1710752254530 6.5 -69.0 4.154019973594316 8
0000 0007 1710752254531 -16.25 -69.5 1.5033011721279284 8
0000 0000 1710752254531 142.375 -66.5 1.9757672547967058 8
0000 0008 1710752254531 6.5 -57.0 0.30679615757712825 8
0000 0009 1710752254532 -30.875 -63.5 5.031456984264903 8
0000 0010 1710752254533 26.0 -59.5 3.7429131224409646 8
0000 0015 1710752254533 71.5625 -67.5 2.761165418194154 8
0000 0006 1710752254638 -1.9375 -76.0 0.8406214717613314 8
0000 0003 1710752254758 -35.75 -65.0 2.8838838812250054 8
0000 0000 1710752254758 -62.625 -67.0 5.197126909356553 8
0000 0015 1710752254758 -126.9375 -70.0 3.822680123411018 8
0000 0009 1710752254759 114.6875 -63.0 2.2396119503130363 8
0000 0012 1710752254759 -13.0 -58.5 3.80427235395639 8
0000 0001 1710752254760 16.25 -57.5 0.25770877236478773 8
0000 0008 1710752254760 22.75 -54.5 3.6692820446224537 8
0000 0010 1710752254760 32.5 -58.5 0.3374757733348411 8
0000 0006 1710752254761 270.125 -72.0 1.1044661672776617 8
0000 0004 1710752254761 19.5 -63.5 4.417864669110647 8
0000 0007 1710752254762 19.5 -62.0 2.6139032625571326 8
0000 0005 1710752254762 3.1875 -73.5 5.8659425328746915 8
0000 0003 1710752254762 -9.75 -66.5 0.0859029241215959 8
0000 0012 1710752254763 -26.0 -61.5 4.325825821837508 8
0000 0005 1710752254763 152.9375 -65.5 0.8160777791551611 8
0000 0001 1710752254764 -3.25 -57.0 4.006757817957295 8
0000 0013 1710752254764 55.3125 -64.0 2.2212041808584084 8
0000 0007 1710752254764 6.5 -65.5 6.12365130523948 8
0000 0008 1710752254765 29.25 -53.5 1.1167380135807468 8
0000 0004 1710752254765 107.375 -69.5 2.1905245651006955 8
0000 0000 1710752254766 -65.875 -66.5 3.08636934522591 8
0000 0009 1710752254766 -3.25 -62.0 0.12885438618239387 8
0000 0010 1710752254766 13.0 -58.5 4.417864669110647 8
0000 0015 1710752254884 5.75 -72.0 0.8283496254582462 8
0000 0006 1710752254885 3.375 -73.0 5.816855147662351 8
0000 0011 1710752254885 4.0 -72.0 5.252350217720435 8
