0000 0012 1710486790341 9.75 -54.0 1.1658253987930873 5
0000 0010 1710486790341 19.5 -61.0 5.773903685601553 5
0000 0004 1710486790342 9.75 -63.5 0.4663301595172349 5
0000 0009 1710486790342 -27.625 -61.5 1.8100973297050567 5
0000 0007 1710486790343 32.5 -64.5 5.8045833013592665 5
0000 0003 1710486790343 45.5625 -68.5 3.5711072741977725 5
0000 0013 1710486790344 35.75 -61.5 0.5767767762450011 5
0000 0008 1710486790344 58.5625 -63.5 2.399145952253143 5
0000 0015 1710486790344 45.5625 -67.5 2.043262409463674 5
0000 0005 1710486790344 45.5625 -63.0 1.4542137869155878 5
0000 0006 1710486790345 -6.5 -67.0 4.368777283898306 5
0000 0002 1710486790345 -2.4375 -75.0 3.8196121618352463 5
0000 0001 1710486790506 -1.75 -77.5 6.013204688511713 5
0000 0008 1710486790506 58.5625 -64.0 2.3930100291016 5
0000 0005 1710486790506 48.8125 -63.0 1.4971652489763858 5
0000 0013 1710486790507 -13.0 -62.5 0.6810874698212247 5
0000 0004 1710486790507 -13.0 -63.5 0.5031456984264903 5
0000 0009 1710486790507 0.0 -61.0 1.7916895602504288 5
0000 0015 1710486790508 -16.25 -67.5 2.1537090261914402 5
0000 0010 1710486790508 3.25 -61.0 5.810719224510809 5
0000 0006 1710486790508 48.8125 -67.0 4.301282129231338 5
0000 0012 1710486790509 17.0625 -54.0 1.1719613219446299 5
0000 0003 1710486790509 -94.375 -67.5 3.761320891895592 5
0000 0007 1710486790509 3.25 -64.5 5.872078456026235 5
0000 0002 1710486790510 -74.8125 -74.5 0.6749515466696822 5
0000 0001 1710486790511 -5.1875 -77.5 6.2463697682703305 5
0000 0015 1710486790511 -13.0 -68.5 2.1782527187976104 5
0000 0013 1710486790511 -6.5 -62.0 0.6810874698212247 5
0000 0005 1710486790512 52.0625 -63.5 1.423534171157875 5
0000 0003 1710486790512 -13.0 -67.5 3.5833791205008576 5
0000 0006 1710486790512 -19.5 -67.5 4.479223900626073 5
0000 0007 1710486790513 -13.0 -65.0 5.988660995905543 5
0000 0008 1710486790513 -9.75 -64.0 2.5034566458293663 5
0000 0012 1710486790513 -10.5625 -53.5 1.2087768608538851 5
0000 0010 1710486790514 -45.5625 -61.0 5.939573610693203 5
0000 0009 1710486790514 -48.8125 -61.5 1.8407769454627694 5
0000 0004 1710486790514 58.5625 -64.0 0.44178646691106466 5
0000 0002 1710486790591 -10.5625 -75.0 0.5276893910326605 5
0000 0001 1710486790758 -3.375 -77.5 6.12365130523948 5
0000 0013 1710486790759 26.0 -62.0 0.6565437772150544 5
0000 0007 1710486790759 68.3125 -64.5 5.749359992995383 5
0000 0008 1710486790759 -65.0625 -64.5 2.5709518004963345 5
0000 0009 1710486790760 -3.25 -61.5 1.7794177139473437 5
0000 0015 1710486790761 91.125 -68.5 2.0064468705544187 5
0000 0005 1710486790761 45.5625 -63.5 1.4542137869155878 5
0000 0010 1710486790761 32.5 -61.0 5.816855147662351 5
0000 0004 1710486790762 29.25 -63.5 0.4540583132141498 5
0000 0012 1710486790762 24.375 -53.5 1.1596894756415448 5
0000 0003 1710486790762 87.875 -68.0 3.54042765844006 5
0000 0006 1710486790763 -97.625 -67.0 4.614214209960009 5
0000 0002 1710486790763 -19.5 -77.0 0.6258641614573416 5
0000 0001 1710486790763 -0.9375 -77.5 5.982525072754001 5
0000 0013 1710486790764 -35.75 -61.5 0.7915340865489908 5
0000 0004 1710486790764 6.5 -63.5 0.5031456984264903 5
0000 0010 1710486790764 -19.5 -60.5 5.9088939949354895 5
0000 0003 1710486790765 65.0625 -68.5 3.5342917352885173 5
0000 0007 1710486790765 -52.0625 -65.0 6.000932842208628 5
0000 0012 1710486790765 -3.25 -54.0 1.2026409377023426 5
0000 0009 1710486790765 3.25 -61.0 1.7978254834019713 5
0000 0005 1710486790766 45.5625 -63.0 1.4419419406125027 5
0000 0008 1710486790766 -61.8125 -64.5 2.60776733940559 5
0000 0006 1710486790766 -61.8125 -68.0 4.522175362686871 5
0000 0015 1710486790767 -123.6875 -68.5 2.313243028131547 5
0000 0002 1710486790841 -11.5625 -76.0 0.8713010875190442 5
0000 0001 1710486791019 -3.375 -77.5 6.215690152512618 5
0000 0013 1710486791020 19.5 -62.0 0.7301748550335652 5
0000 0006 1710486791020 0.0 -68.5 4.430136515413731 5
0000 0005 1710486791020 52.0625 -62.5 1.4848934026733007 5
0000 0003 1710486791021 55.3125 -68.5 3.6079228131070282 5
0000 0007 1710486791021 -39.0 -65.0 5.896622148632405 5
0000 0010 1710486791021 19.5 -61.0 5.853670686571607 5
0000 0004 1710486791022 -42.3125 -64.0 0.5706408530934585 5
0000 0015 1710486791022 -52.0625 -68.0 2.2334760271614935 5
0000 0012 1710486791022 17.0625 -53.5 1.1903690913992575 5
0000 0008 1710486791023 29.25 -64.0 2.411417798556228 5
0000 0009 1710486791023 -41.5 -61.0 1.8285050991596843 5
0000 0002 1710486791023 14.0 -76.0 0.6135923151542565 5
0000 0001 1710486791024 -8.5625 -77.0 6.135923151542564 5
0000 0009 1710486791024 10.5625 -61.0 1.7794177139473437 5
0000 0010 1710486791024 -42.3125 -61.0 5.9518454569962875 5
0000 0007 1710486791025 3.25 -64.5 5.872078456026235 5
0000 0006 1710486791025 -94.375 -67.5 4.479223900626073 5
0000 0008 1710486791025 -48.8125 -64.5 2.6139032625571326 5
0000 0004 1710486791026 42.3125 -64.0 0.4724660826687775 5
0000 0015 1710486791026 -100.875 -67.0 2.325514874434632 5
0000 0005 1710486791026 24.375 -63.0 1.533980787885641 5
0000 0013 1710486791027 -19.5 -62.0 0.803805932852076 5
0000 0003 1710486791027 -55.3125 -68.0 3.822680123411018 5
0000 0012 1710486791028 7.3125 -54.0 1.2026409377023426 5
0000 0002 1710486791091 -4.25 -76.0 0.803805932852076 5
0000 0001 1710486791293 -4.375 -77.0 6.019340611663256 5
0000 0007 1710486791294 52.0625 -65.0 5.810719224510809 5
0000 0012 1710486791294 13.0 -53.5 1.1965050145508 5
0000 0006 1710486791294 113.875 -67.5 4.190835512503572 5
0000 0005 1710486791295 3.25 -63.0 1.552388557340269 5
0000 0010 1710486791295 16.25 -61.0 5.8659425328746915 5
0000 0009 1710486791295 -13.8125 -61.5 1.7548740213411735 5
0000 0003 1710486791296 -16.25 -68.5 3.650874275167826 5
0000 0008 1710486791296 -45.5625 -64.0 2.564815877344792 5
0000 0015 1710486791296 -71.5625 -68.5 2.282563412373834 5
0000 0004 1710486791296 143.1875 -64.0 0.34974761963792617 5
0000 0013 1710486791297 58.5625 -62.0 0.6688156235181395 5
0000 0002 1710486791297 2.4375 -75.5 0.7485826244881929 5
0000 0001 1710486791297 5.0 -77.5 6.013204688511713 5
0000 0006 1710486791298 -26.0 -67.5 4.3933209765044765 5
0000 0005 1710486791299 24.375 -63.0 1.552388557340269 5
0000 0008 1710486791299 -26.0 -64.5 2.509592568980909 5
0000 0003 1710486791299 61.8125 -68.5 3.693825737228624 5
0000 0013 1710486791300 -9.75 -62.0 0.7792622402459057 5
0000 0004 1710486791300 -19.5 -63.5 0.5951845456996288 5
0000 0010 1710486791300 3.25 -61.0 5.872078456026235 5
0000 0009 1710486791301 41.5 -61.0 1.736466251886546 5
0000 0007 1710486791301 -97.625 -65.0 5.93343768754166 5
0000 0012 1710486791301 -13.8125 -53.5 1.2455923997631406 5
0000 0015 1710486791302 -45.5625 -68.0 2.1905245651006955 5
0000 0002 1710486791302 -58.5625 -73.5 0.7240389318820226 5
0000 0001 1710486791560 0.9375 -77.5 5.9088939949354895 5
0000 0007 1710486791560 -81.375 -65.0 6.068427996875596 5
0000 0012 1710486791560 10.5625 -54.0 1.1965050145508 5
0000 0006 1710486791560 -71.5625 -67.0 4.522175362686871 5
0000 0005 1710486791561 0.0 -63.0 1.5707963267948966 5
0000 0015 1710486791561 -35.75 -68.5 2.2518837966161214 5
0000 0009 1710486791561 16.25 -61.5 1.7671458676442586 5
0000 0010 1710486791562 -13.0 -61.0 5.902758071783947 5
0000 0013 1710486791562 0.0 -62.0 0.7853981633974483 5
0000 0008 1710486791562 -29.25 -64.0 2.5402721847386216 5
0000 0004 1710486791563 -55.3125 -64.0 0.6135923151542565 5
0000 0003 1710486791563 26.0 -68.5 3.650874275167826 5
0000 0002 1710486791563 45.5625 -76.0 0.619728238305799 5
0000 0001 1710486791564 -1.5625 -77.5 6.0991076126333095 5
0000 0010 1710486791564 0.0 -61.0 5.8659425328746915 5
0000 0009 1710486791564 -7.3125 -61.0 1.7794177139473437 5
0000 0004 1710486791565 -35.75 -64.0 0.6135923151542565 5
0000 0007 1710486791565 -126.9375 -65.0 5.988660995905543 5
0000 0013 1710486791565 -39.0 -62.0 0.7792622402459057 5
0000 0006 1710486791566 26.0 -67.5 4.28287435977671 5
0000 0005 1710486791566 -38.1875 -62.5 1.564660403643354 5
0000 0008 1710486791566 -68.3125 -64.5 2.5709518004963345 5
0000 0012 1710486791566 22.75 -53.5 1.1719613219446299 5
0000 0003 1710486791567 -78.0625 -69.0 3.859495662320273 5
0000 0015 1710486791567 -87.875 -67.5 2.3439226438892597 5
0000 0002 1710486791602 19.5 -76.0 0.6749515466696822 5
0000 0001 1710486791846 -1.125 -77.0 6.062292073724054 5
0000 0015 1710486791846 58.5625 -68.5 1.9757672547967058 5
0000 0008 1710486791846 -16.25 -64.0 2.4911847995262812 5
0000 0010 1710486791847 6.5 -61.0 5.816855147662351 5
0000 0004 1710486791847 -52.0625 -64.0 0.6013204688511713 5
0000 0007 1710486791847 9.75 -65.0 5.921165841238575 5
0000 0006 1710486791848 -9.75 -67.5 4.344233591292136 5
0000 0009 1710486791848 -10.5625 -61.0 1.7732817907958012 5
0000 0012 1710486791848 24.375 -53.5 1.184233168247715 5
0000 0013 1710486791849 -32.5 -62.0 0.7853981633974483 5
0000 0003 1710486791849 13.0 -69.0 3.693825737228624 5
0000 0005 1710486791849 29.25 -63.0 1.4848934026733007 5
0000 0002 1710486791850 -18.25 -76.0 0.7117670855789375 5
0000 0001 1710486791850 -7.3125 -77.5 6.166602767300278 5
0000 0008 1710486791973 -29.25 -63.5 2.5280003384355365 5
0000 0007 1710486791974 -32.5 -65.0 5.976389149602458 5
0000 0004 1710486791974 -13.0 -63.5 0.5154175447295755 5
0000 0003 1710486791974 -52.0625 -68.0 3.80427235395639 5
0000 0015 1710486791975 65.0625 -68.0 2.000310947402876 5
0000 0013 1710486791975 0.0 -62.0 0.6565437772150544 5
0000 0012 1710486791976 17.0625 -53.5 1.1903690913992575 5
0000 0006 1710486791976 156.1875 -68.0 4.086524818927348 5
0000 0005 1710486791976 29.25 -63.0 1.5155730184310134 5
0000 0009 1710486791977 -17.0625 -61.0 1.8100973297050567 5
0000 0010 1710486791977 -16.25 -61.0 5.890486225480862 5
0000 0002 1710486791977 65.0625 -75.0 0.4356505437595221 5
0000 0001 1710486791978 -4.6875 -77.5 6.14819499784565 5
0000 0008 1710486791978 22.75 -64.0 2.399145952253143 5
0000 0012 1710486791978 -17.0625 -53.5 1.2333205534600555 5
0000 0015 1710486791979 123.6875 -68.0 1.88986433067511 5
0000 0003 1710486791979 100.875 -68.5 3.479068426924634 5
0000 0010 1710486791979 29.25 -61.5 5.816855147662351 5
0000 0004 1710486791980 32.5 -65.0 0.5338253141842031 5
0000 0009 1710486791980 -30.875 -61.0 1.7671458676442586 5
0000 0005 1710486791980 52.0625 -63.5 1.4910293258248433 5
0000 0013 1710486791981 9.75 -62.0 0.6994952392758523 5
0000 0006 1710486791981 -74.8125 -67.5 4.368777283898306 5
0000 0007 1710486791981 35.75 -65.0 5.853670686571607 5
0000 0002 1710486792091 -7.875 -76.5 0.7179030087304801 5
0000 0001 1710486792091 3.9375 -77.0 5.853670686571607 5
0000 0008 1710486792249 13.0 -65.5 2.466641106920111 5
0000 0007 1710486792249 -3.25 -64.5 5.915029918087033 5
0000 0003 1710486792250 -81.375 -68.5 3.877903431774901 5
0000 0010 1710486792250 68.3125 -60.5 5.681864838328415 5
0000 0015 1710486792250 0.0 -68.0 2.086213871524472 5
0000 0009 1710486792251 13.8125 -60.5 2.024854640009046 5
0000 0005 1710486792251 16.25 -63.0 1.4910293258248433 5
0000 0012 1710486792251 17.0625 -53.5 1.1474176293384597 5
0000 0004 1710486792252 58.5625 -64.0 0.4111068511533518 5
0000 0013 1710486792252 9.75 -61.5 0.6688156235181395 5
0000 0006 1710486792252 -42.3125 -67.5 4.374913207049849 5
0000 0002 1710486792253 -94.375 -74.5 0.8713010875190442 5
0000 0001 1710486792253 2.4375 -77.5 5.853670686571607 5
0000 0005 1710486792253 35.75 -63.0 1.4296700943094176 5
0000 0012 1710486792254 -3.25 -54.0 1.184233168247715 5
0000 0013 1710486792254 39.0 -62.0 0.6320000846088841 5
0000 0010 1710486792254 -19.5 -60.5 5.859806609723149 5
0000 0009 1710486792255 13.8125 -60.5 2.0371264863121317 5
0000 0003 1710486792255 13.0 -68.5 3.650874275167826 5
0000 0015 1710486792255 16.25 -68.0 2.172116795646068 5
0000 0006 1710486792256 -91.125 -67.0 4.491495746929157 5
0000 0008 1710486792256 45.5625 -65.0 2.429825568010856 5
0000 0007 1710486792256 -55.3125 -65.0 5.915029918087033 5
0000 0004 1710486792256 -19.5 -64.0 0.5399612373357456 5
0000 0002 1710486792341 -33.3125 -75.5 3.745981084016736 5
0000 0001 1710486792341 -11.25 -77.5 6.105243535784852 5
0000 0007 1710486792509 6.5 -64.0 5.773903685601553 5
0000 0013 1710486792510 -52.0625 -62.0 0.7731263170943632 5
0000 0008 1710486792510 -35.75 -65.0 2.4911847995262812 5
0000 0015 1710486792510 61.8125 -67.5 1.9880391010997909 5
0000 0010 1710486792511 -9.75 -60.5 5.773903685601553 5
0000 0005 1710486792511 38.1875 -63.5 1.4480778637640452 5
0000 0009 1710486792511 -34.9375 -60.5 2.1537090261914402 5
0000 0002 1710486792512 -192.0 -74.0 0.8835729338221293 5
0000 0004 1710486792512 42.3125 -63.5 0.4479223900626072 5
0000 0012 1710486792512 17.0625 -53.5 1.1658253987930873 5
0000 0006 1710486792512 -74.8125 -67.0 4.522175362686871 5
0000 0003 1710486792513 -6.5 -68.0 3.663146121470911 5
0000 0001 1710486792514 -1.5 -77.5 6.007068765360171 5
0000 0009 1710486792514 -21.125 -60.5 2.1353012567368124 5
0000 0007 1710486792515 -6.5 -64.5 5.921165841238575 5
0000 0006 1710486792516 19.5 -68.0 4.301282129231338 5
0000 0012 1710486792516 -7.3125 -53.5 1.2026409377023426 5
0000 0003 1710486792516 9.75 -68.5 3.552699504743145 5
0000 0008 1710486792517 3.25 -65.0 2.478912953223196 5
0000 0013 1710486792517 -6.5 -62.0 0.6994952392758523 5
0000 0005 1710486792517 -22.75 -63.0 1.5033011721279284 5
0000 0015 1710486792517 -100.875 -67.5 2.3316507975861747 5
0000 0004 1710486792518 -6.5 -63.5 0.5645049299419159 5
0000 0010 1710486792518 -35.75 -60.5 5.822991070813893 5
0000 0002 1710486792518 266.875 -74.0 0.4111068511533518 5
0000 0001 1710486792591 -15.25 -77.5 5.988660995905543 5
0000 0013 1710486792767 6.5 -62.5 0.7179030087304801 5
0000 0004 1710486792768 29.25 -63.5 0.5154175447295755 5
0000 0006 1710486792768 -29.25 -68.0 4.479223900626073 5
0000 0009 1710486792768 48.8125 -60.5 2.043262409463674 5
0000 0007 1710486792768 100.875 -65.0 5.712544454086128 5
0000 0012 1710486792769 7.3125 -54.0 1.1965050145508 5
0000 0005 1710486792769 52.0625 -63.0 1.4419419406125027 5
0000 0010 1710486792769 26.0 -60.5 5.810719224510809 5
0000 0008 1710486792770 107.375 -65.0 2.2948352586769194 5
0000 0003 1710486792770 6.5 -68.5 3.693825737228624 5
0000 0015 1710486792770 0.0 -68.0 2.1230294104337273 5
0000 0002 1710486792771 52.875 -75.0 0.5522330836388308 5
0000 0001 1710486792771 2.4375 -77.5 5.878214379177777 5
0000 0015 1710486792771 -78.0625 -68.0 2.313243028131547 5
0000 0005 1710486792772 -39.0 -62.5 1.5155730184310134 5
0000 0006 1710486792772 -45.5625 -66.5 4.540583132141498 5
0000 0009 1710486792772 21.125 -61.0 2.1537090261914402 5
0000 0012 1710486792772 32.5 -53.5 1.1780972450961724 5
0000 0010 1710486792773 -3.25 -61.0 5.841398840268521 5
0000 0008 1710486792773 42.3125 -65.0 2.380738182798515 5
0000 0007 1710486792773 -48.8125 -64.5 5.890486225480862 5
0000 0013 1710486792774 0.0 -62.0 0.7240389318820226 5
0000 0004 1710486792774 19.5 -63.5 0.4970097752749477 5
0000 0003 1710486792774 16.25 -68.0 3.6999616603801666 5
0000 0002 1710486792841 0.0 -75.5 0.7547185476397354 5
0000 0001 1710486792842 -1.1875 -78.0 5.915029918087033 5
0000 0003 1710486793007 26.0 -68.0 3.767456815047135 5
0000 0006 1710486793007 19.5 -67.5 4.252194744018997 5
0000 0015 1710486793007 32.5 -67.5 2.073942025221387 5
0000 0012 1710486793008 48.8125 -53.5 1.1535535524900022 5
0000 0013 1710486793008 13.0 -62.5 0.6810874698212247 5
0000 0007 1710486793008 -3.25 -64.5 5.9088939949354895 5
0000 0008 1710486793009 -78.0625 -65.0 2.4911847995262812 5
0000 0005 1710486793009 39.0 -62.5 1.4296700943094176 5
0000 0010 1710486793009 9.75 -61.5 5.8045833013592665 5
0000 0009 1710486793010 27.625 -61.0 2.116893487282185 5
0000 0004 1710486793010 16.25 -63.5 0.5092816215780329 5
0000 0001 1710486793010 -21.9375 -77.0 6.013204688511713 5
0000 0009 1710486793011 10.5625 -61.0 2.1598449493429825 5
0000 0015 1710486793012 39.0 -68.5 2.1353012567368124 5
0000 0003 1710486793012 29.25 -69.0 3.773592738198677 5
0000 0010 1710486793012 -35.75 -60.5 5.859806609723149 5
0000 0013 1710486793013 6.5 -62.5 0.7301748550335652 5
0000 0005 1710486793013 24.375 -62.0 1.4910293258248433 5
0000 0008 1710486793013 35.75 -65.0 2.405281875404685 5
0000 0002 1710486793014 123.6875 -74.0 0.6381360077604268 5
0000 0012 1710486793014 24.375 -53.5 1.1903690913992575 5
0000 0004 1710486793014 -16.25 -63.5 0.5767767762450011 5
0000 0007 1710486793014 -16.25 -64.5 5.859806609723149 5
0000 0006 1710486793015 -13.0 -68.5 4.28287435977671 5
0000 0001 1710486793091 0.5625 -77.5 5.878214379177777 5
0000 0009 1710486793269 41.5 -61.0 2.110757564130642 5
0000 0012 1710486793269 -24.375 -53.5 1.2455923997631406 5
0000 0004 1710486793269 162.75 -63.5 0.2761165418194154 5
0000 0013 1710486793269 61.8125 -62.0 0.6872233929727672 5
0000 0007 1710486793270 -58.5625 -64.5 6.000932842208628 5
0000 0005 1710486793270 -6.5 -62.5 1.4971652489763858 5
0000 0010 1710486793270 -3.25 -60.5 5.884350302329319 5
0000 0008 1710486793271 22.75 -65.0 2.411417798556228 5
0000 0003 1710486793271 16.25 -68.5 3.6692820446224537 5
0000 0006 1710486793271 45.5625 -67.0 4.239922897715912 5
0000 0015 1710486793272 22.75 -67.5 2.1046216409791 5
0000 0002 1710486793272 13.0 -76.0 0.7669903939428205 5
0000 0001 1710486793273 12.1875 -77.5 5.8045833013592665 5
0000 0013 1710486793273 13.0 -62.5 0.760854470791278 5
0000 0009 1710486793274 7.3125 -61.0 2.1537090261914402 5
0000 0003 1710486793274 -100.875 -69.5 3.859495662320273 5
0000 0012 1710486793274 17.0625 -53.5 1.2026409377023426 5
0000 0015 1710486793275 71.5625 -68.5 2.024854640009046 5
0000 0004 1710486793275 35.75 -63.5 0.4970097752749477 5
0000 0008 1710486793275 48.8125 -65.0 2.337786720737717 5
0000 0007 1710486793276 -22.75 -65.0 5.93343768754166 5
0000 0010 1710486793276 32.5 -60.5 5.792311455056181 5
0000 0006 1710486793276 -6.5 -68.0 4.374913207049849 5
0000 0005 1710486793277 41.5 -63.0 1.423534171157875 5
0000 0002 1710486793277 13.0 -74.0 0.619728238305799 5
0000 0001 1710486793342 0.0 -77.5 2.8102528034064944 5
0000 0009 1710486793538 0.0 -61.0 2.1659808724945253 5
0000 0008 1710486793539 -65.0625 -65.5 2.60776733940559 5
0000 0010 1710486793539 52.0625 -61.0 5.816855147662351 5
0000 0015 1710486793539 -16.25 -67.5 2.1046216409791 5
0000 0003 1710486793540 -97.625 -68.5 3.9085830475326135 5
0000 0013 1710486793540 -6.5 -62.5 0.7669903939428205 5
0000 0012 1710486793540 21.125 -53.5 1.184233168247715 5
0000 0006 1710486793541 -35.75 -67.0 4.460816131171445 5
0000 0004 1710486793541 -16.25 -64.0 0.6135923151542565 5
0000 0007 1710486793541 -78.0625 -65.0 5.964117303299373 5
0000 0005 1710486793542 61.8125 -63.0 1.4480778637640452 5
0000 0002 1710486793542 7.3125 -76.0 0.7485826244881929 5
0000 0001 1710486793542 -10.375 -77.5 6.111379458936394 5
0000 0012 1710486793542 7.3125 -53.5 1.2026409377023426 5
0000 0006 1710486793543 6.5 -67.5 4.387185053352934 5
0000 0008 1710486793543 16.25 -65.0 2.4175537217077703 5
0000 0007 1710486793543 26.0 -64.5 5.841398840268521 5
0000 0009 1710486793544 13.8125 -61.0 2.12916533358527 5
0000 0013 1710486793544 -48.8125 -62.0 0.8774370106705868 5
0000 0003 1710486793545 -13.0 -68.5 3.7429131224409646 5
0000 0010 1710486793545 3.25 -60.5 5.878214379177777 5
0000 0005 1710486793545 6.5 -63.0 1.5033011721279284 5
0000 0015 1710486793545 -45.5625 -68.0 2.2457478734645786 5
0000 0004 1710486793546 32.5 -63.5 0.5399612373357456 5
0000 0002 1710486793593 -10.9375 -75.5 0.8528933180644165 5
0000 0001 1710486793812 -5.75 -77.5 5.982525072754001 5
0000 0008 1710486793813 52.0625 -66.0 2.4605051837685683 5
0000 0006 1710486793813 3.25 -67.5 4.503767593232243 5
0000 0013 1710486793813 16.25 -62.0 0.7669903939428205 5
0000 0015 1710486793813 -65.0625 -68.0 2.350058567040802 5
0000 0003 1710486793814 -32.5 -68.5 3.6692820446224537 5
0000 0007 1710486793814 71.5625 -64.0 5.743224069843841 5
0000 0009 1710486793814 -27.625 -61.0 2.2457478734645786 5
0000 0012 1710486793815 3.25 -53.5 1.2210487071569704 5
0000 0010 1710486793816 -22.75 -60.5 5.945709533844745 5
0000 0004 1710486793816 -3.25 -63.5 0.5829126993965437 5
0000 0005 1710486793816 3.25 -63.0 1.5033011721279284 5
0000 0002 1710486793817 -3.25 -74.5 0.8344855486097889 5
0000 0001 1710486793818 -0.875 -77.5 5.976389149602458 5
0000 0015 1710486793818 61.8125 -68.5 2.061670178918302 5
0000 0012 1710486793818 6.5 -53.5 1.1903690913992575 5
0000 0007 1710486793819 9.75 -64.0 5.896622148632405 5
0000 0006 1710486793819 -22.75 -67.0 4.534447208989955 5
0000 0010 1710486793819 42.3125 -61.0 5.841398840268521 5
0000 0005 1710486793820 -6.5 -63.0 1.5155730184310134 5
0000 0009 1710486793820 55.3125 -61.0 2.055534255766759 5
0000 0004 1710486793820 -32.5 -63.5 0.6565437772150544 5
0000 0013 1710486793821 26.0 -62.5 0.7240389318820226 5
0000 0003 1710486793821 68.3125 -68.5 3.522019888985432 5
0000 0008 1710486793821 -45.5625 -66.0 2.429825568010856 5
0000 0002 1710486793844 70.75 -76.0 0.7976700097005334 5
0000 0001 1710486793844 3.625 -77.0 5.927301764390117 5
0000 0009 1710486794077 114.6875 -61.0 2.1966604882522383 5
0000 0013 1710486794077 68.3125 -62.5 0.6258641614573416 5
0000 0005 1710486794078 45.5625 -63.5 1.4480778637640452 5
0000 0004 1710486794078 19.5 -63.5 0.5706408530934585 5
0000 0003 1710486794078 78.0625 -68.0 3.5281558121369745 5
0000 0012 1710486794078 13.8125 -53.5 1.184233168247715 5
0000 0010 1710486794079 19.5 -60.5 5.853670686571607 5
0000 0008 1710486794079 22.75 -66.5 2.3623304133438876 5
0000 0007 1710486794079 13.0 -65.0 5.767767762450011 5
0000 0006 1710486794080 -13.0 -68.0 4.454680208019902 5
0000 0015 1710486794080 -32.5 -68.0 2.1905245651006955 5
0000 0002 1710486794080 13.8125 -76.0 0.8252816638824749 5
0000 0001 1710486794081 -8.5 -77.0 6.092971689481767 5
0000 0007 1710486794081 -9.75 -64.5 5.859806609723149 5
0000 0006 1710486794081 -13.0 -67.5 4.552854978444583 5
0000 0010 1710486794082 6.5 -60.0 5.890486225480862 5
0000 0009 1710486794082 52.0625 -61.0 2.2396119503130363 5
0000 0005 1710486794082 45.5625 -63.5 1.3989904785517047 5
0000 0015 1710486794083 45.5625 -68.0 2.061670178918302 5
0000 0003 1710486794083 -26.0 -68.0 3.730641276137879 5
0000 0012 1710486794083 -10.5625 -53.5 1.1780972450961724 5
0000 0004 1710486794084 -19.5 -63.5 0.5522330836388308 5
0000 0013 1710486794084 -6.5 -62.0 0.7485826244881929 5
0000 0008 1710486794084 32.5 -66.0 2.386874105950058 5
0000 0002 1710486794334 -9.125 -75.5 0.859029241215959 5
0000 0001 1710486794334 15.25 -78.0 5.66959299202533 5
0000 0009 1710486794335 13.8125 -61.5 2.3009711818284617 5
0000 0008 1710486794335 13.0 -66.5 2.429825568010856 5
0000 0004 1710486794335 -22.75 -63.0 0.5890486225480862 5
0000 0006 1710486794336 -3.25 -68.0 4.503767593232243 5
0000 0010 1710486794336 -6.5 -60.5 5.853670686571607 5
0000 0012 1710486794336 17.0625 -53.5 1.1780972450961724 5
0000 0005 1710486794337 9.75 -63.0 1.4542137869155878 5
0000 0015 1710486794337 130.1875 -68.0 1.9205439464328227 5
0000 0007 1710486794337 32.5 -64.5 5.816855147662351 5
0000 0003 1710486794338 -39.0 -68.5 3.650874275167826 5
0000 0013 1710486794338 -6.5 -62.0 0.7301748550335652 5
0000 0002 1710486794338 65.0625 -75.0 0.7301748550335652 5
0000 0001 1710486794338 8.5 -78.0 5.743224069843841 5
0000 0015 1710486794339 -13.0 -68.0 2.1905245651006955 5
0000 0004 1710486794340 13.0 -63.5 0.5276893910326605 5
0000 0013 1710486794340 -19.5 -62.5 0.7240389318820226 5
0000 0009 1710486794341 3.25 -61.5 2.313243028131547 5
0000 0008 1710486794341 -48.8125 -66.5 2.5464081078901644 5
0000 0010 1710486794341 16.25 -60.5 5.8045833013592665 5
0000 0007 1710486794342 26.0 -65.0 5.780039608753096 5
0000 0012 1710486794342 13.8125 -53.5 1.1658253987930873 5
0000 0006 1710486794342 -104.125 -67.0 4.657165672020807 5
0000 0005 1710486794343 -27.625 -63.5 1.41126232485479 5
0000 0003 1710486794343 -110.625 -68.0 3.7551849687440497 5
0000 0002 1710486794344 74.8125 -74.0 0.5829126993965437 5
0000 0001 1710486794602 -0.5625 -77.0 5.755495916146925 5
0000 0006 1710486794602 48.8125 -67.5 4.479223900626073 5
0000 0010 1710486794602 -22.75 -60.5 5.915029918087033 5
0000 0012 1710486794602 24.375 -53.5 1.1596894756415448 5
0000 0013 1710486794603 3.25 -62.5 0.662679700366597 5
0000 0007 1710486794603 -61.8125 -65.0 5.9088939949354895 5
0000 0009 1710486794603 -7.3125 -61.0 2.356194490192345 5
0000 0005 1710486794604 3.25 -63.0 1.3989904785517047 5
0000 0015 1710486794604 19.5 -67.5 2.073942025221387 5
0000 0003 1710486794604 -26.0 -68.0 3.650874275167826 5
0000 0008 1710486794605 -61.8125 -66.5 2.4727770300716534 5
0000 0004 1710486794605 61.8125 -64.0 0.4479223900626072 5
0000 0002 1710486794605 -85.4375 -75.5 1.0369710126106935 5
0000 0001 1710486794842 3.5625 -77.0 5.8045833013592665 5
0000 0007 1710486794842 32.5 -65.5 5.730952223540755 5
0000 0003 1710486794842 52.0625 -68.5 3.4913402732277192 5
0000 0009 1710486794843 69.125 -61.0 2.2334760271614935 5
0000 0005 1710486794843 61.8125 -63.0 1.2885438618239387 5
0000 0006 1710486794843 -81.375 -68.0 4.651029748869264 5
0000 0010 1710486794843 -9.75 -60.5 5.896622148632405 5
0000 0008 1710486794844 35.75 -65.5 2.356194490192345 5
0000 0012 1710486794844 13.8125 -53.5 1.1596894756415448 5
0000 0013 1710486794844 22.75 -62.0 0.607456392002714 5
0000 0004 1710486794845 -58.5625 -63.5 0.5767767762450011 5
0000 0015 1710486794845 -26.0 -68.5 2.184388641949153 5
0000 0002 1710486794845 -55.3125 -73.0 0.7424467013366504 5
0000 0001 1710486794846 -5.6875 -77.0 5.841398840268521 5
0000 0008 1710486795046 3.25 -66.0 2.356194490192345 5
0000 0015 1710486795046 133.4375 -67.5 1.88986433067511 5
0000 0009 1710486795046 -27.625 -61.0 2.36846633649543 5
0000 0013 1710486795047 0.0 -62.0 0.6442719309119693 5
0000 0005 1710486795047 73.1875 -63.0 1.1965050145508 5
0000 0004 1710486795047 26.0 -63.5 0.5276893910326605 5
0000 0003 1710486795048 -84.625 -68.0 3.749049045592507 5
0000 0012 1710486795048 10.5625 -53.5 1.1658253987930873 5
0000 0010 1710486795048 -19.5 -60.5 5.859806609723149 5
0000 0007 1710486795049 -35.75 -65.0 5.829126993965437 5
0000 0002 1710486795049 139.9375 -73.5 0.5583690067903734 5
0000 0006 1710486795049 22.75 -67.5 4.473087977474529 5
0000 0001 1710486795050 0.125 -77.0 5.970253226450915 5
0000 0012 1710486795050 3.25 -53.5 1.1903690913992575 5
0000 0015 1710486795050 -29.25 -67.5 2.1659808724945253 5
0000 0008 1710486795050 65.0625 -65.0 2.227340104009951 5
0000 0006 1710486795051 65.0625 -67.0 4.399456899656019 5
0000 0013 1710486795051 -19.5 -62.0 0.6872233929727672 5
0000 0009 1710486795051 -24.375 -61.0 2.3930100291016 5
0000 0005 1710486795052 3.25 -63.0 1.3560390164909069 5
0000 0004 1710486795052 9.75 -63.5 0.5276893910326605 5
0000 0010 1710486795052 9.75 -60.0 5.859806609723149 5
0000 0007 1710486795053 78.0625 -65.0 5.706408530934585 5
0000 0003 1710486795053 -13.0 -68.5 3.6876898140770815 5
0000 0002 1710486795088 -15.25 -76.0 0.9265243958829272 5
