0000 0004 1710486659869 3.25 -65.0 0.9265243958829272 5
0000 0010 1710486659877 -16.25 -57.5 6.1850105367549055 5
0000 0013 1710486659878 -39.0 -63.0 0.4111068511533518 5
0000 0003 1710486659878 -19.5 -68.5 3.472932503773092 5
0000 0005 1710486659879 -78.0625 -67.5 1.509437095279471 5
0000 0012 1710486659879 19.5 -53.5 1.3499030933393643 5
0000 0000 1710486659880 0.0 -66.0 1.3314953238847365 5
0000 0009 1710486659880 90.3125 -60.0 2.1598449493429825 5
0000 0007 1710486659881 81.375 -69.5 0.018407769454627694 5
0000 0008 1710486659882 -55.3125 -59.0 4.080388895775806 5
0000 0006 1710486659882 -58.5625 -67.0 5.994796919057086 5
0000 0015 1710486659883 78.0625 -67.5 2.043262409463674 5
0000 0001 1710486659884 29.25 -71.5 0.7669903939428205 5
0000 0002 1710486659884 31.6875 -77.5 1.705786636128833 5
0000 0010 1710486659885 0.0 -57.5 6.2034183062095325 5
0000 0013 1710486659885 3.25 -62.5 0.30066023442558565 5
0000 0007 1710486659886 117.125 -68.0 0.006135923151542565 5
0000 0009 1710486659886 10.5625 -60.5 2.380738182798515 5
0000 0015 1710486659887 32.5 -67.0 2.1475731030398975 5
0000 0003 1710486659887 126.9375 -68.0 3.4177091954092087 5
0000 0012 1710486659888 10.5625 -53.0 1.3928545554001621 5
0000 0006 1710486659888 19.5 -67.0 5.902758071783947 5
0000 0008 1710486659889 3.25 -59.5 4.061981126321178 5
0000 0000 1710486659892 38.1875 -66.0 1.2701360923693108 5
0000 0001 1710486659893 3.25 -71.0 0.859029241215959 5
0000 0005 1710486659894 29.25 -67.5 1.2701360923693108 5
0000 0004 1710486659895 -3.25 -65.0 1.0369710126106935 5
0000 0002 1710486659948 18.875 -77.5 5.019185137961818 5
0000 0001 1710486659949 -289.6875 -70.0 1.3621749396424494 5
0000 0008 1710486659950 -13.0 -59.5 4.086524818927348 5
0000 0015 1710486659951 113.875 -68.0 2.024854640009046 5
0000 0004 1710486659952 -26.0 -65.0 1.0492428589137786 5
0000 0012 1710486659953 16.25 -53.5 1.3867186322486196 5
0000 0010 1710486659954 -6.5 -57.5 6.240233845118788 5
0000 0006 1710486659955 52.0625 -66.5 5.743224069843841 5
0000 0009 1710486659957 -17.0625 -60.5 2.448233337465483 5
0000 0013 1710486659958 -29.25 -62.5 0.37429131224409645 5
0000 0005 1710486659959 29.25 -68.5 1.3069516312785663 5
0000 0003 1710486659959 16.25 -69.0 3.552699504743145 5
0000 0000 1710486659960 7.3125 -66.0 1.3928545554001621 5
0000 0007 1710486659961 -74.8125 -69.0 0.2699806186678728 5
0000 0002 1710486660186 -9.75 -77.5 2.067806102069844 5
0000 0012 1710486660187 13.0 -53.5 1.4173982480063325 5
0000 0013 1710486660188 -9.75 -62.5 0.380427235395639 5
0000 0004 1710486660188 -3.25 -65.5 1.0615147052168636 5
0000 0008 1710486660189 -19.5 -59.5 4.123340357836604 5
0000 0009 1710486660190 0.0 -60.5 2.429825568010856 5
0000 0010 1710486660191 -16.25 -57.5 6.264777537724958 5
0000 0006 1710486660192 35.75 -66.0 5.927301764390117 5
0000 0003 1710486660193 -32.5 -70.0 3.5465635815916023 5
0000 0000 1710486660194 -65.0625 -66.0 1.4971652489763858 5
0000 0015 1710486660195 22.75 -68.0 2.1353012567368124 5
0000 0001 1710486660196 55.3125 -70.5 0.859029241215959 5
0000 0005 1710486660197 -52.0625 -68.5 1.4419419406125027 5
0000 0007 1710486660198 32.5 -70.0 0.04295146206079795 5
0000 0002 1710486660199 -4.25 -77.0 2.1353012567368124 5
0000 0010 1710486660200 -35.75 -58.0 0.0674951546669682 5
0000 0006 1710486660201 16.25 -66.5 5.927301764390117 5
0000 0000 1710486660202 -55.3125 -65.5 1.576932249946439 5
0000 0015 1710486660202 9.75 -68.0 2.1659808724945253 5
0000 0003 1710486660204 -19.5 -68.5 3.693825737228624 5
0000 0008 1710486660205 -9.75 -59.5 4.147884050442774 5
0000 0013 1710486660206 48.8125 -62.0 0.34974761963792617 5
0000 0012 1710486660207 21.125 -53.5 1.4419419406125027 5
0000 0004 1710486660207 -35.75 -66.0 1.1658253987930873 5
0000 0009 1710486660209 34.9375 -60.0 2.380738182798515 5
0000 0001 1710486660210 -143.1875 -69.5 1.227184630308513 5
0000 0005 1710486660211 13.0 -68.0 1.4296700943094176 5
0000 0007 1710486660212 104.125 -69.0 0.05522330836388308 5
0000 0002 1710486660443 -13.375 -77.5 2.2212041808584084 5
0000 0013 1710486660444 19.5 -62.0 0.35588354278946877 5
0000 0012 1710486660444 16.25 -53.5 1.4603497100671303 5
0000 0009 1710486660445 21.125 -60.0 2.4605051837685683 5
0000 0015 1710486660446 35.75 -67.5 2.098485717827557 5
0000 0003 1710486660447 -39.0 -68.5 3.767456815047135 5
0000 0007 1710486660448 -29.25 -68.5 0.2086213871524472 5
0000 0000 1710486660449 52.0625 -65.5 1.4910293258248433 5
0000 0008 1710486660450 -3.25 -59.5 4.154019973594316 5
0000 0010 1710486660451 26.0 -57.5 6.264777537724958 5
0000 0006 1710486660452 0.0 -65.5 5.9518454569962875 5
0000 0005 1710486660452 -32.5 -67.5 1.4358060174609601 5
0000 0004 1710486660453 52.0625 -65.5 1.1228739367322893 5
0000 0001 1710486660454 -91.125 -71.5 1.030835089459151 5
0000 0002 1710486660455 -29.25 -77.0 2.380738182798515 5
0000 0013 1710486660456 19.5 -62.0 0.4049709280018093 5
0000 0000 1710486660457 42.3125 -65.5 1.4910293258248433 5
0000 0005 1710486660458 79.75 -67.5 1.509437095279471 5
0000 0008 1710486660459 -6.5 -59.5 4.215379205109742 5
0000 0006 1710486660460 -81.375 -66.0 6.160466844148735 5
0000 0003 1710486660460 -35.75 -69.0 3.834951969714103 5
0000 0007 1710486660461 -130.1875 -68.5 0.46019423636569234 5
0000 0012 1710486660462 19.5 -53.5 1.4787574795217582 5
0000 0010 1710486660463 -3.25 -57.5 0.006135923151542565 5
0000 0009 1710486660464 59.375 -60.0 2.4605051837685683 5
0000 0001 1710486660465 -123.6875 -71.5 1.2087768608538851 5
0000 0004 1710486660466 -42.3125 -66.5 1.3192234775816514 5
0000 0015 1710486660467 -9.75 -68.0 2.2396119503130363 5
0000 0002 1710486660674 12.1875 -77.0 2.1905245651006955 5
0000 0003 1710486660674 3.25 -70.0 3.8963112012295285 5
0000 0007 1710486660675 0.0 -69.0 0.22089323345553233 5
0000 0012 1710486660676 -16.25 -53.5 1.521708941582556 5
0000 0009 1710486660677 -3.25 -60.0 2.564815877344792 5
0000 0013 1710486660678 -13.0 -62.5 0.5031456984264903 5
0000 0008 1710486660679 -29.25 -59.5 4.23378697456437 5
0000 0010 1710486660680 -45.5625 -57.5 0.11658253987930872 5
0000 0005 1710486660680 -117.9375 -68.0 1.7303303287350031 5
0000 0015 1710486660681 91.125 -68.0 2.073942025221387 5
0000 0001 1710486660682 -107.375 -72.0 1.3867186322486196 5
0000 0000 1710486660682 -32.5 -66.0 1.6505633277649499 5
0000 0006 1710486660683 -32.5 -66.0 6.000932842208628 5
0000 0004 1710486660684 -29.25 -66.0 1.2885438618239387 5
0000 0002 1710486660685 0.0 -77.0 5.436427912266712 5
0000 0013 1710486660685 -42.3125 -62.5 0.5522330836388308 5
0000 0004 1710486660686 -29.25 -66.0 1.2885438618239387 5
0000 0009 1710486660687 7.3125 -60.0 2.60776733940559 5
0000 0007 1710486660688 -35.75 -68.0 0.2454369260617026 5
0000 0015 1710486660688 -6.5 -67.5 2.2518837966161214 5
0000 0012 1710486660689 0.0 -54.0 1.509437095279471 5
0000 0010 1710486660690 26.0 -57.5 0.0 5
0000 0005 1710486660691 6.5 -67.5 1.4910293258248433 5
0000 0003 1710486660692 -13.0 -70.0 3.816544200259475 5
0000 0000 1710486660692 48.8125 -66.0 1.5401167110371838 5
0000 0008 1710486660693 16.25 -59.5 4.1601558967458585 5
0000 0006 1710486660694 19.5 -66.0 5.988660995905543 5
0000 0001 1710486660695 -6.5 -71.5 1.0921943209745766 5
0000 0002 1710486660902 4.25 -77.0 2.043262409463674 5
0000 0006 1710486660903 84.625 -66.5 5.822991070813893 5
0000 0004 1710486660904 -19.5 -66.0 1.2701360923693108 5
0000 0001 1710486660905 -107.375 -70.5 1.214912784005428 5
0000 0010 1710486660906 13.0 -57.5 0.04295146206079795 5
0000 0013 1710486660907 -3.25 -62.5 0.4908738521234052 5
0000 0012 1710486660908 -19.5 -53.5 1.564660403643354 5
0000 0005 1710486660909 -32.5 -67.0 1.564660403643354 5
0000 0000 1710486660910 48.8125 -65.5 1.6382914814618648 5
0000 0009 1710486660911 41.5 -60.0 2.5770877236478773 5
0000 0008 1710486660912 -3.25 -59.5 4.215379205109742 5
0000 0015 1710486660912 19.5 -68.0 2.1046216409791 5
0000 0003 1710486660913 -58.5625 -69.0 3.902447124381071 5
0000 0007 1710486660914 120.4375 -67.5 0.07976700097005335 5
0000 0002 1710486660914 71.5625 -76.0 2.270291566070749 5
0000 0005 1710486660915 34.9375 -66.5 1.6873788666742053 5
0000 0007 1710486660916 74.8125 -68.5 0.3129320807286708 5
0000 0008 1710486660916 -13.0 -59.5 4.264466590322082 5
0000 0004 1710486660917 26.0 -66.0 1.184233168247715 5
0000 0000 1710486660918 -39.0 -65.0 1.7426021750380885 5
0000 0010 1710486660919 -6.5 -57.5 0.06135923151542565 5
0000 0015 1710486660919 -3.25 -68.0 2.1537090261914402 5
0000 0001 1710486660920 3.25 -71.0 1.0799224746714913 5
0000 0003 1710486660921 52.0625 -69.0 3.859495662320273 5
0000 0012 1710486660922 41.5 -54.0 1.4910293258248433 5
0000 0013 1710486660922 19.5 -62.5 0.47860200582032003 5
0000 0009 1710486660923 -17.0625 -60.0 2.675262494072558 5
0000 0006 1710486660924 -74.8125 -66.5 6.062292073724054 5
0000 0002 1710486661158 0.0 -77.0 2.411417798556228 5
0000 0009 1710486661159 21.125 -60.0 2.6384469551633027 5
0000 0003 1710486661159 -45.5625 -70.5 4.074252972624263 5
0000 0012 1710486661160 -17.0625 -53.5 1.564660403643354 5
0000 0013 1710486661161 -58.5625 -62.0 0.5951845456996288 5
0000 0006 1710486661161 -6.5 -66.0 6.025476534814799 5
0000 0000 1710486661162 32.5 -66.5 1.607611865704152 5
0000 0010 1710486661163 -22.75 -57.5 0.11044661672776616 5
0000 0001 1710486661163 113.875 -71.0 0.7976700097005334 5
0000 0015 1710486661164 -19.5 -67.5 2.1966604882522383 5
0000 0007 1710486661165 -91.125 -67.5 0.4295146206079795 5
0000 0004 1710486661165 3.25 -66.0 1.2578642460662257 5
0000 0008 1710486661167 -22.75 -59.5 4.270602513473625 5
0000 0005 1710486661168 -58.5625 -66.5 1.748738098189631 5
0000 0002 1710486661169 -48.8125 -75.0 2.3009711818284617 5
0000 0010 1710486661170 0.0 -57.5 0.12885438618239387 5
0000 0015 1710486661170 52.0625 -67.0 2.030990563160589 5
0000 0012 1710486661171 27.625 -53.5 1.5155730184310134 5
0000 0006 1710486661172 -35.75 -66.0 6.050020227420969 5
0000 0009 1710486661172 -52.0625 -60.0 2.767301341345697 5
0000 0005 1710486661173 -52.0625 -66.5 1.7303303287350031 5
0000 0003 1710486661174 143.1875 -70.0 3.7122335066832517 5
0000 0008 1710486661174 35.75 -59.5 4.154019973594316 5
0000 0004 1710486661175 74.8125 -66.0 1.1167380135807468 5
0000 0013 1710486661176 -26.0 -62.0 0.5399612373357456 5
0000 0001 1710486661176 -29.25 -70.5 1.1290098598838318 5
0000 0000 1710486661177 -3.25 -65.5 1.6935147898257479 5
0000 0007 1710486661178 -65.0625 -67.0 0.36815538909255385 5
0000 0002 1710486661194 -9.125 -76.5 2.454369260617026 5
0000 0010 1710486661420 -3.25 -57.5 0.07976700097005335 5
0000 0007 1710486661421 -182.25 -68.0 0.4970097752749477 5
0000 0015 1710486661422 -91.125 -67.5 2.399145952253143 5
0000 0008 1710486661422 -22.75 -59.0 4.264466590322082 5
0000 0013 1710486661423 -13.0 -62.5 0.5460971604872883 5
0000 0000 1710486661424 0.0 -65.0 1.6996507129772904 5
0000 0003 1710486661424 55.3125 -70.0 3.822680123411018 5
0000 0012 1710486661426 -6.5 -54.0 1.552388557340269 5
0000 0004 1710486661427 6.5 -66.5 1.2455923997631406 5
0000 0005 1710486661428 17.0625 -67.0 1.6935147898257479 5
0000 0006 1710486661429 -16.25 -66.0 6.000932842208628 5
0000 0009 1710486661430 -24.375 -60.0 2.730485802436441 5
0000 0001 1710486661431 -74.8125 -70.0 1.1658253987930873 5
0000 0002 1710486661432 16.4375 -77.0 2.3009711818284617 5
0000 0012 1710486661433 9.75 -54.0 1.5401167110371838 5
0000 0006 1710486661434 -16.25 -66.0 5.976389149602458 5
0000 0013 1710486661435 -16.25 -62.5 0.6258641614573416 5
0000 0009 1710486661436 13.8125 -60.0 2.6323110320117604 5
0000 0010 1710486661437 -9.75 -57.5 0.11044661672776616 5
0000 0001 1710486661437 -130.1875 -70.5 1.0799224746714913 5
0000 0008 1710486661438 -29.25 -59.5 4.301282129231338 5
0000 0000 1710486661439 61.8125 -65.5 1.5707963267948966 5
0000 0003 1710486661440 -61.8125 -70.0 3.933126740138784 5
0000 0015 1710486661441 166.0 -67.0 1.9205439464328227 5
0000 0005 1710486661443 10.5625 -66.5 1.7303303287350031 5
0000 0002 1710486661444 42.3125 -74.5 2.2150682577068657 5
0000 0007 1710486661444 -29.25 -68.0 0.4663301595172349 5
0000 0004 1710486661445 65.0625 -66.0 1.1780972450961724 5
0000 0008 1710486661698 0.0 -59.5 4.276738436625168 5
0000 0000 1710486661699 13.0 -66.0 1.662835174068035 5
0000 0010 1710486661699 -13.0 -57.5 0.12885438618239387 5
0000 0004 1710486661700 -65.0625 -65.5 1.2885438618239387 5
0000 0001 1710486661701 -35.75 -71.0 1.1965050145508 5
0000 0012 1710486661701 3.25 -53.5 1.552388557340269 5
0000 0003 1710486661702 71.5625 -70.0 3.80427235395639 5
0000 0005 1710486661703 -38.1875 -66.5 1.761009944492716 5
0000 0009 1710486661703 7.3125 -59.5 2.6445828783148455 5
0000 0015 1710486661704 68.3125 -69.0 2.12916533358527 5
0000 0007 1710486661705 -91.125 -67.5 0.4970097752749477 5
0000 0006 1710486661706 -97.625 -66.0 6.105243535784852 5
0000 0013 1710486661706 0.0 -62.0 0.5706408530934585 5
0000 0002 1710486661707 17.0625 -77.0 5.3198453723874035 5
0000 0007 1710486661708 55.3125 -68.5 0.30066023442558565 5
0000 0005 1710486661708 -62.625 -66.5 1.8407769454627694 5
0000 0012 1710486661709 -6.5 -53.5 1.5585244804918115 5
0000 0009 1710486661710 13.8125 -59.5 2.60776733940559 5
0000 0010 1710486661711 -55.3125 -57.5 0.14726215563702155 5
0000 0008 1710486661711 19.5 -60.0 4.178563666200486 5
0000 0003 1710486661712 16.25 -69.0 3.9392626632903265 5
0000 0000 1710486661712 -52.0625 -66.0 1.7671458676442586 5
0000 0013 1710486661713 -26.0 -62.0 0.607456392002714 5
0000 0004 1710486661714 -65.0625 -65.5 1.2578642460662257 5
0000 0001 1710486661715 -192.0 -71.0 1.4296700943094176 5
0000 0015 1710486661716 -16.25 -67.0 2.282563412373834 5
0000 0006 1710486661716 19.5 -66.0 5.93343768754166 5
0000 0002 1710486661717 485.0 -74.5 1.662835174068035 5
0000 0003 1710486661908 55.3125 -70.0 3.810408277107933 5
0000 0010 1710486661908 -3.25 -57.5 0.11044661672776616 5
0000 0007 1710486661909 -6.5 -68.0 0.34974761963792617 5
0000 0000 1710486661909 9.75 -65.5 1.662835174068035 5
0000 0008 1710486661910 13.0 -60.0 4.252194744018997 5
0000 0004 1710486661911 3.25 -66.0 1.0492428589137786 5
0000 0012 1710486661911 9.75 -53.5 1.5401167110371838 5
0000 0001 1710486661912 13.0 -70.0 1.2762720155208536 5
0000 0009 1710486661913 -24.375 -60.5 2.650718801466388 5
0000 0005 1710486661913 52.0625 -67.0 1.6260196351587797 5
0000 0006 1710486661914 -29.25 -66.0 5.93343768754166 5
0000 0013 1710486661914 3.25 -61.5 0.6013204688511713 5
0000 0015 1710486661915 16.25 -67.5 2.0923497946760143 5
0000 0002 1710486661916 -19.5 -77.5 2.478912953223196 5
0000 0012 1710486661916 24.375 -53.5 1.509437095279471 5
0000 0006 1710486661917 -68.3125 -66.0 5.945709533844745 5
0000 0000 1710486661918 107.375 -65.5 1.5155730184310134 5
0000 0007 1710486661918 6.5 -67.5 0.35588354278946877 5
0000 0010 1710486661919 0.0 -58.0 0.09817477042468103 5
0000 0013 1710486661919 13.0 -62.0 0.607456392002714 5
0000 0004 1710486661920 -32.5 -66.0 1.141281706186917 5
0000 0015 1710486661921 -68.3125 -68.0 2.2641556429192065 5
0000 0009 1710486661921 24.375 -59.5 2.564815877344792 5
0000 0008 1710486661922 0.0 -60.0 4.239922897715912 5
0000 0005 1710486661922 -87.0625 -66.5 1.859184714917397 5
0000 0001 1710486661923 -32.5 -71.0 1.1044661672776617 5
0000 0003 1710486661923 -58.5625 -70.0 3.890175278077986 5
0000 0002 1710486661954 -5.4375 -76.5 2.227340104009951 5
0000 0000 1710486662149 123.6875 -66.0 1.4848934026733007 5
0000 0006 1710486662149 35.75 -66.0 5.829126993965437 5
0000 0004 1710486662150 -16.25 -65.0 1.141281706186917 5
0000 0010 1710486662150 -9.75 -57.5 0.09817477042468103 5
0000 0008 1710486662151 0.0 -60.5 4.28287435977671 5
0000 0005 1710486662151 -131.8125 -66.5 1.945087639038993 5
0000 0007 1710486662152 78.0625 -68.0 0.3374757733348411 5
0000 0015 1710486662152 -110.625 -67.5 2.356194490192345 5
0000 0012 1710486662153 24.375 -53.5 1.5155730184310134 5
0000 0009 1710486662153 -30.875 -60.0 2.6016314162540475 5
0000 0013 1710486662154 -45.5625 -62.5 0.6504078540635119 5
0000 0001 1710486662155 -87.875 -71.0 1.1658253987930873 5
0000 0003 1710486662155 -35.75 -70.5 3.9699422790480394 5
0000 0002 1710486662156 28.625 -77.0 5.307573526084319 5
0000 0007 1710486662156 -68.3125 -68.0 0.42337869745643697 5
0000 0010 1710486662157 3.25 -58.0 0.07363107781851078 5
0000 0003 1710486662157 45.5625 -69.5 3.785864584501762 5
0000 0012 1710486662158 3.25 -53.5 1.5278448647340985 5
0000 0004 1710486662160 6.5 -65.5 1.1658253987930873 5
0000 0008 1710486662161 26.0 -60.0 4.227651051412827 5
0000 0009 1710486662161 30.875 -60.0 2.5341362615870793 5
0000 0000 1710486662162 58.5625 -65.5 1.576932249946439 5
0000 0005 1710486662162 -52.0625 -67.0 1.7855536370988863 5
0000 0006 1710486662163 35.75 -65.5 5.810719224510809 5
0000 0015 1710486662164 29.25 -67.5 2.2334760271614935 5
0000 0013 1710486662164 13.0 -62.0 0.5645049299419159 5
0000 0001 1710486662165 32.5 -72.0 0.944932165337555 5
0000 0002 1710486662165 227.8125 -75.0 2.3071071049800045 5
0000 0012 1710486662398 -3.25 -53.5 1.5462526341887264 5
0000 0013 1710486662398 -58.5625 -62.0 0.5951845456996288 5
0000 0003 1710486662399 -107.375 -70.0 3.988350048502667 5
0000 0010 1710486662399 -9.75 -57.5 0.09203884727313846 5
0000 0007 1710486662400 58.5625 -68.0 0.3374757733348411 5
0000 0009 1710486662401 -3.25 -60.0 2.5954954931025047 5
0000 0000 1710486662401 -52.0625 -66.0 1.6751070203711202 5
0000 0004 1710486662402 26.0 -65.5 1.1351457830353744 5
0000 0008 1710486662402 32.5 -60.0 4.178563666200486 5
0000 0005 1710486662403 -6.5 -67.0 1.736466251886546 5
0000 0001 1710486662403 -87.875 -71.0 1.2087768608538851 5
0000 0006 1710486662404 -16.25 -66.0 6.000932842208628 5
0000 0015 1710486662404 117.125 -67.0 2.098485717827557 5
0000 0002 1710486662405 7.3125 -77.0 2.313243028131547 5
0000 0007 1710486662406 -87.875 -68.0 0.380427235395639 5
0000 0009 1710486662406 -21.125 -60.0 2.6323110320117604 5
0000 0005 1710486662407 -6.5 -66.5 1.7119225592803755 5
0000 0013 1710486662407 -3.25 -62.0 0.521553467881118 5
0000 0000 1710486662408 -19.5 -66.5 1.6382914814618648 5
0000 0010 1710486662408 -26.0 -57.5 0.11658253987930872 5
0000 0003 1710486662409 -35.75 -70.0 3.810408277107933 5
0000 0006 1710486662409 3.25 -66.5 5.890486225480862 5
0000 0012 1710486662410 -3.25 -53.5 1.5401167110371838 5
0000 0004 1710486662410 0.0 -66.0 1.1658253987930873 5
0000 0015 1710486662411 -58.5625 -68.0 2.2641556429192065 5
0000 0008 1710486662412 -19.5 -60.0 4.215379205109742 5
0000 0001 1710486662412 -152.9375 -70.5 1.2762720155208536 5
0000 0002 1710486662443 -9.125 -76.5 2.2396119503130363 5
0000 0013 1710486662630 55.3125 -62.5 0.4111068511533518 5
0000 0001 1710486662631 -166.0 -70.5 1.2517283229146832 5
0000 0004 1710486662631 22.75 -65.5 1.1351457830353744 5
0000 0002 1710486662632 26.0 -74.0 2.1782527187976104 5
0000 0010 1710486662632 -29.25 -57.5 0.11044661672776616 5
0000 0005 1710486662633 -65.0625 -67.0 1.6505633277649499 5
0000 0012 1710486662634 22.75 -53.5 1.4664856332186729 5
0000 0003 1710486662635 29.25 -70.0 3.8288160465625602 5
0000 0009 1710486662636 17.0625 -59.5 2.5157284921324514 5
0000 0007 1710486662636 -130.1875 -67.0 0.3620194659410113 5
0000 0000 1710486662637 -48.8125 -65.5 1.6444274046134073 5
0000 0006 1710486662637 -74.8125 -66.5 6.080699843178682 5
0000 0008 1710486662638 22.75 -60.0 4.129476280988146 5
0000 0015 1710486662639 -9.75 -67.5 2.1782527187976104 5
0000 0000 1710486662639 42.3125 -65.5 1.509437095279471 5
0000 0012 1710486662640 3.25 -53.5 1.509437095279471 5
0000 0015 1710486662640 74.8125 -67.5 1.9757672547967058 5
0000 0003 1710486662641 26.0 -69.5 3.8533597391687304 5
0000 0009 1710486662641 -3.25 -60.0 2.5893595699509624 5
0000 0004 1710486662642 -16.25 -65.0 1.1596894756415448 5
0000 0007 1710486662642 22.75 -68.5 0.2454369260617026 5
0000 0010 1710486662643 13.0 -57.5 0.030679615757712823 5
0000 0013 1710486662644 32.5 -62.0 0.4295146206079795 5
0000 0008 1710486662644 0.0 -60.0 4.1601558967458585 5
0000 0001 1710486662646 -117.125 -70.0 1.1596894756415448 5
0000 0005 1710486662646 45.5625 -66.5 1.607611865704152 5
0000 0006 1710486662647 -32.5 -66.0 5.93343768754166 5
0000 0002 1710486662695 -4.25 -77.0 2.141437179888355 5
0000 0015 1710486662845 107.375 -68.5 2.030990563160589 5
0000 0010 1710486662846 26.0 -57.5 0.04908738521234052 5
0000 0008 1710486662846 13.0 -60.0 4.129476280988146 5
0000 0012 1710486662847 26.0 -53.5 1.4603497100671303 5
0000 0005 1710486662847 -39.0 -67.0 1.6444274046134073 5
0000 0004 1710486662848 35.75 -65.0 1.0492428589137786 5
0000 0003 1710486662848 29.25 -70.0 3.736777199289422 5
0000 0000 1710486662849 65.0625 -66.0 1.4664856332186729 5
0000 0001 1710486662849 -81.375 -70.5 1.214912784005428 5
0000 0006 1710486662850 -52.0625 -66.0 5.976389149602458 5
0000 0013 1710486662851 16.25 -62.5 0.4663301595172349 5
0000 0002 1710486662852 39.0 -74.5 2.098485717827557 5
0000 0007 1710486662852 -22.75 -69.5 0.39269908169872414 5
0000 0009 1710486662853 0.0 -60.0 2.5402721847386216 5
0000 0004 1710486662854 42.3125 -65.5 1.0921943209745766 5
0000 0000 1710486662854 39.0 -65.5 1.4787574795217582 5
0000 0013 1710486662855 13.0 -63.0 0.4540583132141498 5
0000 0012 1710486662855 3.25 -53.5 1.5033011721279284 5
0000 0010 1710486662856 -48.8125 -58.0 0.09817477042468103 5
0000 0015 1710486662856 -3.25 -67.0 2.1475731030398975 5
0000 0007 1710486662857 -16.25 -68.5 0.2270291566070749 5
0000 0009 1710486662857 65.875 -60.0 2.429825568010856 5
0000 0008 1710486662858 -58.5625 -60.0 4.166291819897402 5
0000 0006 1710486662864 -6.5 -65.5 5.8659425328746915 5
0000 0005 1710486662865 -81.375 -66.5 1.6505633277649499 5
0000 0003 1710486662866 22.75 -69.5 3.773592738198677 5
0000 0001 1710486662866 -149.6875 -69.5 1.1474176293384597 5
0000 0002 1710486662944 17.0625 -76.5 1.9941750242513334 5
0000 0003 1710486663111 -22.75 -69.5 3.77972866135022 5
0000 0008 1710486663112 6.5 -60.0 4.129476280988146 5
0000 0004 1710486663112 42.3125 -65.0 1.030835089459151 5
0000 0007 1710486663112 -94.375 -69.0 0.4111068511533518 5
0000 0000 1710486663113 42.3125 -66.0 1.4603497100671303 5
0000 0009 1710486663114 10.5625 -60.0 2.497320722677824 5
0000 0005 1710486663114 13.8125 -67.0 1.6382914814618648 5
0000 0010 1710486663115 -22.75 -57.5 0.03681553890925539 5
0000 0012 1710486663115 -21.125 -53.5 1.509437095279471 5
0000 0013 1710486663116 -48.8125 -62.5 0.5645049299419159 5
0000 0006 1710486663116 -74.8125 -66.5 5.93343768754166 5
0000 0001 1710486663117 48.8125 -70.5 0.9817477042468103 5
0000 0015 1710486663117 9.75 -68.0 2.12916533358527 5
0000 0002 1710486663118 23.75 -77.0 2.000310947402876 5
0000 0009 1710486663118 45.5625 -59.5 2.405281875404685 5
0000 0008 1710486663119 16.25 -60.0 4.049709280018092 5
0000 0004 1710486663119 -26.0 -65.5 1.1106020904292042 5
0000 0012 1710486663119 9.75 -53.5 1.4787574795217582 5
0000 0000 1710486663120 42.3125 -66.0 1.41126232485479 5
0000 0007 1710486663120 -117.125 -68.5 0.4049709280018093 5
0000 0006 1710486663121 -65.0625 -66.0 5.970253226450915 5
0000 0010 1710486663121 -13.0 -58.0 0.04295146206079795 5
0000 0003 1710486663122 45.5625 -69.0 3.77972866135022 5
0000 0005 1710486663122 48.8125 -67.5 1.4787574795217582 5
0000 0013 1710486663123 32.5 -62.0 0.47860200582032003 5
0000 0015 1710486663123 -107.375 -68.0 2.380738182798515 5
0000 0001 1710486663124 9.75 -70.5 0.8835729338221293 5
0000 0002 1710486663193 0.0 -77.0 2.0064468705544187 5
0000 0006 1710486663330 -3.25 -66.0 5.773903685601553 5
0000 0005 1710486663331 -39.0 -67.5 1.6321555583103222 5
0000 0012 1710486663331 0.0 -53.0 1.4603497100671303 5
0000 0003 1710486663331 -13.0 -68.5 3.8717675086233583 5
0000 0009 1710486663332 -45.5625 -60.0 2.5402721847386216 5
0000 0004 1710486663332 16.25 -65.5 1.0921943209745766 5
0000 0000 1710486663333 -74.8125 -65.5 1.564660403643354 5
0000 0010 1710486663333 0.0 -58.0 6.270913460876501 5
0000 0008 1710486663334 -32.5 -60.0 4.123340357836604 5
0000 0015 1710486663334 68.3125 -68.0 2.067806102069844 5
0000 0013 1710486663335 -45.5625 -62.0 0.6442719309119693 5
0000 0001 1710486663335 -13.0 -71.5 0.9510680884890975 5
0000 0007 1710486663335 -19.5 -68.5 0.2270291566070749 5
0000 0002 1710486663336 9.75 -77.0 2.0064468705544187 5
0000 0000 1710486663336 -19.5 -66.0 1.521708941582556 5
0000 0013 1710486663337 -68.3125 -62.5 0.6504078540635119 5
0000 0012 1710486663337 0.0 -53.5 1.4787574795217582 5
0000 0006 1710486663338 -26.0 -66.5 5.853670686571607 5
0000 0001 1710486663338 -104.125 -70.5 1.1535535524900022 5
0000 0003 1710486663339 81.375 -68.5 3.663146121470911 5
0000 0008 1710486663339 -19.5 -60.0 4.09266074207889 5
0000 0010 1710486663340 -3.25 -58.0 0.0 5
0000 0015 1710486663340 104.125 -67.5 2.018718716857504 5
0000 0007 1710486663343 -19.5 -69.0 0.16566992509164924 5
0000 0005 1710486663344 83.0 -66.5 1.337631247036279 5
0000 0009 1710486663345 10.5625 -60.0 2.411417798556228 5
0000 0004 1710486663345 48.8125 -64.5 1.0062913968529805 5
0000 0002 1710486663443 -1.1875 -76.5 5.2339424482658075 5
0000 0000 1710486663572 29.25 -66.5 1.4603497100671303 5
0000 0009 1710486663573 0.0 -60.0 2.4850488763747385 5
0000 0015 1710486663573 65.0625 -68.5 2.0493983326152168 5
0000 0010 1710486663573 -26.0 -58.0 0.03681553890925539 5
0000 0003 1710486663574 55.3125 -69.5 3.6815538909255388 5
0000 0008 1710486663574 3.25 -60.0 4.061981126321178 5
0000 0004 1710486663575 -22.75 -65.0 1.1535535524900022 5
0000 0013 1710486663575 16.25 -62.5 0.5092816215780329 5
0000 0006 1710486663576 45.5625 -66.0 5.730952223540755 5
0000 0005 1710486663576 -48.8125 -67.5 1.5278448647340985 5
0000 0012 1710486663577 13.0 -53.5 1.4603497100671303 5
0000 0007 1710486663577 -130.1875 -68.5 0.25157284921324513 5
0000 0001 1710486663578 -97.625 -71.0 1.0676506283684062 5
0000 0002 1710486663578 -3.0 -76.5 5.258486140871978 5
0000 0000 1710486663579 97.625 -66.0 1.3314953238847365 5
0000 0012 1710486663579 -9.75 -53.5 1.4971652489763858 5
0000 0003 1710486663580 48.8125 -70.0 3.80427235395639 5
0000 0013 1710486663580 29.25 -62.5 0.47860200582032003 5
0000 0010 1710486663581 -6.5 -58.0 6.270913460876501 5
0000 0007 1710486663581 -32.5 -68.0 0.1349903093339364 5
0000 0008 1710486663581 -45.5625 -60.0 4.129476280988146 5
0000 0015 1710486663582 84.625 -68.0 2.0371264863121317 5
0000 0004 1710486663582 87.875 -65.0 0.9387962421860124 5
0000 0006 1710486663583 -16.25 -67.0 5.8659425328746915 5
0000 0009 1710486663584 10.5625 -60.0 2.4911847995262812 5
0000 0001 1710486663584 -35.75 -70.0 0.9940195505498954 5
0000 0005 1710486663585 -6.5 -67.5 1.380582709097077 5
0000 0002 1710486663695 -1.8125 -77.5 2.1598449493429825 5
0000 0004 1710486663695 19.5 -64.5 1.086058397823034 5
0000 0013 1710486663695 22.75 -62.5 0.4724660826687775 5
0000 0009 1710486663696 3.25 -60.0 2.478912953223196 5
0000 0010 1710486663696 -6.5 -58.0 6.277049384028044 5
0000 0003 1710486663697 -9.75 -68.5 3.810408277107933 5
0000 0015 1710486663697 16.25 -68.5 2.1782527187976104 5
0000 0007 1710486663698 -29.25 -68.0 0.07363107781851078 5
0000 0001 1710486663698 35.75 -70.5 0.705631162427395 5
0000 0006 1710486663699 6.5 -66.5 5.872078456026235 5
0000 0000 1710486663699 19.5 -65.5 1.521708941582556 5
0000 0005 1710486663700 126.9375 -67.5 1.3867186322486196 5
0000 0012 1710486663700 21.125 -53.5 1.4419419406125027 5
0000 0008 1710486663701 -35.75 -60.5 4.154019973594316 5
0000 0002 1710486663952 -22.5625 -76.5 5.393476450205914 5
0000 0009 1710486663953 21.125 -60.0 2.4911847995262812 5
0000 0008 1710486663953 -22.75 -60.0 4.104932588381976 5
0000 0012 1710486663954 -3.25 -53.5 1.4787574795217582 5
0000 0003 1710486663954 -78.0625 -69.0 3.988350048502667 5
0000 0007 1710486663955 -6.5 -68.0 0.14726215563702155 5
0000 0001 1710486663955 -65.0625 -70.5 1.055378782065321 5
0000 0010 1710486663956 -6.5 -58.0 0.02454369260617026 5
0000 0006 1710486663956 -68.3125 -66.0 6.019340611663256 5
0000 0000 1710486663956 9.75 -66.0 1.5401167110371838 5
0000 0004 1710486663957 22.75 -65.5 1.0737865515199487 5
0000 0013 1710486663958 45.5625 -62.5 0.4663301595172349 5
0000 0015 1710486663959 -71.5625 -68.0 2.2457478734645786 5
0000 0005 1710486663959 100.875 -67.5 1.41126232485479 5
0000 0002 1710486663960 16.4375 -77.0 2.0371264863121317 5
0000 0007 1710486663960 61.8125 -67.5 0.0859029241215959 5
0000 0012 1710486663961 -26.0 -53.5 1.521708941582556 5
0000 0003 1710486663961 -35.75 -69.0 3.9147189706841563 5
0000 0008 1710486663962 -19.5 -60.0 4.0987966652304335 5
0000 0009 1710486663962 -7.3125 -60.0 2.5586799541932495 5
0000 0010 1710486663963 3.25 -58.0 0.01227184630308513 5
0000 0000 1710486663963 35.75 -66.0 1.4848934026733007 5
0000 0004 1710486663964 -22.75 -65.5 1.1780972450961724 5
0000 0001 1710486663964 253.875 -71.0 0.662679700366597 5
0000 0015 1710486663965 84.625 -68.0 2.043262409463674 5
0000 0006 1710486663966 -16.25 -66.0 5.878214379177777 5
0000 0013 1710486663966 58.5625 -62.5 0.46019423636569234 5
0000 0005 1710486663967 16.25 -67.5 1.4173982480063325 5
0000 0002 1710486664204 -5.4375 -77.5 2.2886993355253766 5
0000 0008 1710486664205 -16.25 -60.0 4.111068511533518 5
0000 0007 1710486664205 -13.0 -68.5 0.16566992509164924 5
0000 0004 1710486664206 0.0 -65.0 1.0676506283684062 5
0000 0005 1710486664209 -55.3125 -67.0 1.5401167110371838 5
0000 0015 1710486664209 48.8125 -68.0 2.0800779483729293 5
0000 0009 1710486664210 -10.5625 -60.0 2.5402721847386216 5
0000 0013 1710486664211 29.25 -62.5 0.5276893910326605 5
0000 0001 1710486664212 -97.625 -71.0 1.055378782065321 5
0000 0010 1710486664212 -16.25 -57.5 0.04908738521234052 5
0000 0012 1710486664213 -16.25 -53.5 1.521708941582556 5
0000 0000 1710486664213 48.8125 -66.5 1.4664856332186729 5
0000 0003 1710486664214 -22.75 -69.0 3.8410878928656453 5
0000 0006 1710486664214 -9.75 -66.0 5.872078456026235 5
0000 0002 1710486664214 -6.6875 -76.5 2.356194490192345 5
0000 0007 1710486664369 13.0 -69.0 0.2270291566070749 5
0000 0003 1710486664370 -48.8125 -69.0 3.9453985864418692 5
0000 0000 1710486664370 74.8125 -66.5 1.4173982480063325 5
0000 0005 1710486664370 6.5 -67.0 1.4603497100671303 5
0000 0010 1710486664371 -3.25 -58.0 0.04295146206079795 5
0000 0009 1710486664371 10.5625 -60.0 2.521864415283994 5
0000 0013 1710486664372 6.5 -62.0 0.5706408530934585 5
0000 0004 1710486664372 35.75 -65.5 1.012427320004523 5
0000 0006 1710486664372 -65.0625 -65.5 5.927301764390117 5
0000 0012 1710486664373 35.75 -53.5 1.4664856332186729 5
0000 0008 1710486664373 -9.75 -60.0 4.104932588381976 5
0000 0015 1710486664373 16.25 -68.0 2.086213871524472 5
0000 0001 1710486664374 123.6875 -71.5 0.7853981633974483 5
0000 0002 1710486664374 8.5 -77.0 5.2339424482658075 5
0000 0012 1710486664375 22.75 -53.5 1.4664856332186729 5
0000 0003 1710486664375 6.5 -69.5 3.8533597391687304 5
0000 0013 1710486664375 42.3125 -62.5 0.5031456984264903 5
0000 0005 1710486664376 -3.25 -66.5 1.4848934026733007 5
0000 0000 1710486664376 9.75 -66.0 1.4910293258248433 5
0000 0010 1710486664377 -19.5 -58.0 0.030679615757712823 5
0000 0015 1710486664377 -9.75 -68.0 2.2457478734645786 5
0000 0008 1710486664377 -19.5 -60.0 4.111068511533518 5
0000 0004 1710486664378 6.5 -65.0 1.1167380135807468 5
0000 0009 1710486664378 -27.625 -59.5 2.6139032625571326 5
0000 0007 1710486664379 146.4375 -69.0 6.234097921967246 5
0000 0006 1710486664379 -78.0625 -66.0 6.056156150572511 5
0000 0001 1710486664380 39.0 -71.0 1.1719613219446299 5
0000 0002 1710486664443 26.1875 -77.0 2.0800779483729293 5
0000 0004 1710486664619 -35.75 -65.5 1.1965050145508 5
0000 0007 1710486664619 55.3125 -69.0 0.0859029241215959 5
0000 0015 1710486664619 84.625 -68.0 2.098485717827557 5
0000 0008 1710486664620 -16.25 -59.5 4.1601558967458585 5
0000 0012 1710486664620 3.25 -53.5 1.509437095279471 5
0000 0010 1710486664620 13.0 -57.5 6.277049384028044 5
0000 0001 1710486664621 -260.375 -71.0 1.2640001692177683 5
0000 0006 1710486664621 22.75 -65.5 5.841398840268521 5
0000 0000 1710486664622 55.3125 -66.5 1.423534171157875 5
0000 0005 1710486664622 52.0625 -67.5 1.380582709097077 5
0000 0013 1710486664622 45.5625 -62.5 0.48473792897186263 5
0000 0009 1710486664623 -59.375 -60.0 2.650718801466388 5
0000 0003 1710486664623 -110.625 -69.5 3.9576704327449543 5
0000 0002 1710486664623 10.5625 -76.0 5.35972887287243 5
0000 0004 1710486664624 48.8125 -66.5 1.0799224746714913 5
0000 0012 1710486664624 22.75 -53.5 1.4542137869155878 5
0000 0009 1710486664625 21.125 -59.5 2.478912953223196 5
0000 0007 1710486664625 94.375 -68.5 0.018407769454627694 5
0000 0015 1710486664625 -32.5 -68.5 2.141437179888355 5
0000 0008 1710486664626 -71.5625 -60.0 4.2031073588066565 5
0000 0006 1710486664626 -42.3125 -65.5 5.939573610693203 5
0000 0010 1710486664627 -3.25 -57.5 0.030679615757712823 5
0000 0005 1710486664627 76.4375 -66.5 1.4051264017032472 5
0000 0013 1710486664627 71.5625 -62.5 0.4049709280018093 5
0000 0001 1710486664628 -32.5 -70.5 0.9142525495798421 5
0000 0003 1710486664629 -55.3125 -69.5 3.8717675086233583 5
0000 0000 1710486664629 139.125 -66.0 1.2640001692177683 5
0000 0002 1710486664694 1.8125 -76.5 2.1230294104337273 5
