0000 0010 1710486965988 -9.75 -62.0 3.816544200259475 5
0000 0009 1710486965988 24.375 -61.5 1.380582709097077 5
0000 0004 1710486965988 29.25 -66.5 3.2520392703175593 5
0000 0013 1710486965989 113.875 -67.0 2.82252464970958 5
0000 0008 1710486965989 -26.0 -65.0 0.018407769454627694 5
0000 0012 1710486965990 3.25 -52.5 4.601942363656923 5
0000 0006 1710486965990 -166.0 -68.0 3.5342917352885173 5
0000 0005 1710486965991 -13.0 -56.5 4.651029748869264 5
0000 0007 1710486965991 -22.75 -58.5 3.4177091954092087 5
0000 0013 1710486965991 -87.875 -67.0 3.153864499892878 5
0000 0005 1710486965992 -55.3125 -56.5 4.71238898038469 5
0000 0010 1710486965992 13.0 -61.0 3.7429131224409646 5
0000 0012 1710486965993 -19.5 -53.0 4.651029748869264 5
0000 0004 1710486965993 -107.375 -67.5 3.5281558121369745 5
0000 0007 1710486965993 -39.0 -58.5 3.466796580621549 5
0000 0009 1710486965994 34.9375 -61.5 1.4419419406125027 5
0000 0006 1710486965994 -29.25 -69.0 3.3072625786814425 5
0000 0008 1710486965994 -81.375 -66.0 0.0859029241215959 5
0000 0000 1710486965995 -29.25 -67.5 2.6813984172241008 5
0000 0002 1710486966106 -6.25 -79.0 0.803805932852076 5
0000 0008 1710486966332 32.5 -66.5 6.240233845118788 5
0000 0005 1710486966333 -24.375 -56.5 4.700117134081604 5
0000 0006 1710486966333 -87.875 -68.0 3.3870295796514958 5
0000 0004 1710486966333 -71.5625 -67.0 3.497476196379262 5
0000 0007 1710486966334 -9.75 -58.5 3.411573272257666 5
0000 0010 1710486966334 -32.5 -61.5 3.890175278077986 5
0000 0012 1710486966334 -13.8125 -53.0 4.6448938257177215 5
0000 0009 1710486966335 59.375 -62.0 1.368310862793992 5
0000 0000 1710486966335 48.8125 -68.0 2.552544031041707 5
0000 0013 1710486966335 133.4375 -66.5 2.748893571891069 5
0000 0002 1710486966336 -6.25 -79.0 0.9203884727313847 5
0000 0006 1710486966336 94.375 -68.0 3.2029518851052186 5
0000 0007 1710486966337 -9.75 -58.5 3.429981041712294 5
0000 0008 1710486966337 61.8125 -66.5 6.1850105367549055 5
0000 0000 1710486966337 -94.375 -68.0 2.650718801466388 5
0000 0012 1710486966338 10.5625 -52.5 4.595806440505381 5
0000 0004 1710486966338 -65.0625 -66.5 3.5465635815916023 5
0000 0005 1710486966338 -81.375 -56.0 4.804427827657828 5
0000 0010 1710486966339 19.5 -61.5 3.792000507653305 5
0000 0009 1710486966339 0.0 -62.5 1.4664856332186729 5
0000 0013 1710486966339 68.3125 -66.5 2.9145634969827183 5
0000 0002 1710486966606 30.5 -79.0 0.35588354278946877 5
0000 0008 1710486966729 0.0 -67.0 0.1349903093339364 5
0000 0013 1710486966729 26.0 -66.5 3.0066023442558567 5
0000 0005 1710486966729 -13.8125 -56.5 4.73693267299086 5
0000 0012 1710486966729 -24.375 -53.0 4.700117134081604 5
0000 0006 1710486966730 -68.3125 -69.5 3.5833791205008576 5
0000 0010 1710486966730 -22.75 -61.5 3.933126740138784 5
0000 0009 1710486966730 93.5625 -62.5 1.4358060174609601 5
0000 0007 1710486966731 -45.5625 -58.5 3.5711072741977725 5
0000 0004 1710486966731 -55.3125 -68.0 3.6999616603801666 5
0000 0000 1710486966731 -35.75 -68.0 2.736621725587984 5
0000 0002 1710486966732 40.25 -78.0 0.8467573949128739 5
0000 0012 1710486966732 -3.25 -53.0 4.6878452877785195 5
0000 0004 1710486966733 35.75 -67.5 3.5772431973493153 5
0000 0000 1710486966733 -58.5625 -68.5 2.742757648739526 5
0000 0009 1710486966734 45.5625 -62.0 1.521708941582556 5
0000 0010 1710486966734 -61.8125 -61.5 3.988350048502667 5
0000 0005 1710486966734 -48.8125 -56.5 4.828971520263998 5
0000 0007 1710486966734 -3.25 -58.5 3.509748042682347 5
0000 0006 1710486966735 -13.0 -69.0 3.552699504743145 5
0000 0008 1710486966735 45.5625 -67.0 0.09203884727313846 5
0000 0013 1710486966735 61.8125 -66.0 2.9329712664373457 5
0000 0002 1710486966855 35.375 -78.0 3.9515345095934116 5
0000 0008 1710486967097 45.5625 -67.0 0.0674951546669682 5
0000 0007 1710486967097 -26.0 -58.5 3.5711072741977725 5
0000 0005 1710486967098 -6.5 -56.5 4.7860200582032 5
0000 0010 1710486967098 -26.0 -61.0 3.9453985864418692 5
0000 0009 1710486967098 21.125 -62.0 1.564660403643354 5
0000 0004 1710486967099 32.5 -67.0 3.650874275167826 5
0000 0000 1710486967099 76.4375 -68.0 2.6445828783148455 5
0000 0012 1710486967099 -17.0625 -53.0 4.706253057233147 5
0000 0013 1710486967100 -162.75 -66.0 3.3011266555298997 5
0000 0006 1710486967100 -130.1875 -68.5 3.6692820446224537 5
0000 0002 1710486967100 1.1875 -78.0 4.086524818927348 5
0000 0013 1710486967101 -39.0 -66.5 3.104777114680538 5
0000 0004 1710486967101 -78.0625 -67.0 3.773592738198677 5
0000 0007 1710486967102 -9.75 -58.5 3.6017868899554855 5
0000 0012 1710486967102 -34.9375 -53.0 4.7307967498393175 5
0000 0005 1710486967102 -24.375 -56.0 4.822835597112456 5
0000 0010 1710486967103 -45.5625 -61.5 4.01902966426038 5
0000 0009 1710486967103 10.5625 -62.5 1.5585244804918115 5
0000 0008 1710486967103 3.25 -68.5 0.14112623248547898 5
0000 0000 1710486967104 -97.625 -69.0 2.9145634969827183 5
0000 0006 1710486967104 -100.875 -69.0 3.7551849687440497 5
0000 0002 1710486967356 21.3125 -78.5 0.8099418560036186 5
0000 0013 1710486967356 -94.375 -66.5 3.2029518851052186 5
0000 0005 1710486967357 3.25 -56.5 4.779884135051658 5
0000 0012 1710486967357 -13.8125 -53.0 4.706253057233147 5
0000 0000 1710486967358 -22.75 -68.0 2.8654761117703775 5
0000 0009 1710486967358 55.3125 -62.5 1.3621749396424494 5
0000 0007 1710486967359 -19.5 -58.5 3.5833791205008576 5
0000 0010 1710486967359 -68.3125 -61.5 4.025165587411922 5
0000 0004 1710486967359 -48.8125 -67.0 3.6324665057131984 5
0000 0008 1710486967360 48.8125 -68.0 6.234097921967246 5
0000 0006 1710486967360 94.375 -70.0 3.368621810196868 5
0000 0002 1710486967606 6.25 -78.5 0.7669903939428205 5
0000 0012 1710486967606 13.8125 -53.0 4.632621979414636 5
0000 0010 1710486967606 -45.5625 -61.5 3.9208548938356986 5
0000 0006 1710486967607 48.8125 -70.0 3.3379421944391554 5
0000 0000 1710486967607 59.375 -69.0 2.478912953223196 5
0000 0005 1710486967607 3.25 -56.0 4.73693267299086 5
0000 0004 1710486967608 -19.5 -67.5 3.5342917352885173 5
0000 0009 1710486967608 -10.5625 -62.5 1.5033011721279284 5
0000 0007 1710486967608 6.5 -58.5 3.522019888985432 5
0000 0013 1710486967609 -39.0 -67.0 3.055689729468197 5
0000 0008 1710486967609 -32.5 -67.0 0.1227184630308513 5
0000 0002 1710486967866 5.6875 -78.0 0.7424467013366504 5
0000 0007 1710486967866 -29.25 -58.5 3.479068426924634 5
0000 0009 1710486967867 142.375 -62.5 1.1719613219446299 5
0000 0012 1710486967867 0.0 -52.5 4.632621979414636 5
0000 0008 1710486967867 3.25 -66.0 6.129787228391022 5
0000 0010 1710486967868 9.75 -61.5 3.816544200259475 5
0000 0006 1710486967868 -126.9375 -69.5 3.5281558121369745 5
0000 0005 1710486967868 0.0 -56.5 4.724660826687775 5
0000 0004 1710486967869 -117.125 -67.0 3.5158839658338894 5
0000 0000 1710486967869 -62.625 -68.5 2.5341362615870793 5
0000 0013 1710486967869 26.0 -67.0 2.9697868053466014 5
0000 0002 1710486967869 21.3125 -78.0 0.5092816215780329 5
0000 0007 1710486968116 3.25 -58.5 3.4177091954092087 5
0000 0008 1710486968116 13.0 -66.0 6.14819499784565 5
0000 0005 1710486968117 -30.875 -56.5 4.71238898038469 5
0000 0012 1710486968117 -21.125 -52.5 4.6448938257177215 5
0000 0004 1710486968117 35.75 -67.5 3.2459033471660166 5
0000 0006 1710486968118 -97.625 -68.0 3.423845118560751 5
0000 0000 1710486968118 34.9375 -68.5 2.448233337465483 5
0000 0013 1710486968118 -74.8125 -67.0 3.0495538063166547 5
0000 0010 1710486968119 -71.5625 -61.5 3.847223816017188 5
0000 0009 1710486968119 52.0625 -62.0 1.3130875544301088 5
0000 0002 1710486968119 9.125 -77.5 0.6565437772150544 5
0000 0004 1710486968366 -13.0 -67.0 3.2213596545598464 5
0000 0008 1710486968367 -6.5 -65.5 6.0991076126333095 5
0000 0012 1710486968367 22.75 -52.5 4.571262747899211 5
0000 0000 1710486968367 91.125 -68.5 2.3071071049800045 5
0000 0007 1710486968367 0.0 -58.5 3.3870295796514958 5
0000 0005 1710486968368 -9.75 -56.0 4.681709364626977 5
0000 0009 1710486968368 0.0 -62.0 1.3314953238847365 5
0000 0006 1710486968368 -110.625 -70.0 3.436116964863836 5
0000 0010 1710486968369 -58.5625 -61.5 3.7981364308048478 5
0000 0013 1710486968370 -42.3125 -66.0 3.06182565261974 5
0000 0002 1710486968370 -4.375 -78.5 0.7915340865489908 5
0000 0012 1710486968615 24.375 -53.0 4.558990901596125 5
0000 0009 1710486968615 24.375 -62.0 1.2762720155208536 5
0000 0010 1710486968615 13.0 -62.0 3.7429131224409646 5
0000 0005 1710486968615 -27.625 -56.0 4.6878452877785195 5
0000 0007 1710486968616 -16.25 -58.0 3.423845118560751 5
0000 0008 1710486968616 -16.25 -66.0 6.056156150572511 5
0000 0004 1710486968616 -91.125 -67.0 3.2520392703175593 5
0000 0000 1710486968617 114.6875 -68.5 2.2886993355253766 5
0000 0013 1710486968617 68.3125 -66.0 2.8654761117703775 5
0000 0006 1710486968617 -78.0625 -69.0 3.3318062712876126 5
0000 0002 1710486968618 -16.4375 -78.0 3.785864584501762 5
0000 0010 1710486968618 -19.5 -61.5 3.6999616603801666 5
0000 0005 1710486968619 -27.625 -56.0 4.669437518323892 5
0000 0012 1710486968619 7.3125 -53.0 4.558990901596125 5
0000 0004 1710486968619 -39.0 -67.0 3.3195344249845276 5
0000 0009 1710486968620 17.0625 -62.0 1.2762720155208536 5
0000 0006 1710486968620 91.125 -69.0 2.9391071895888885 5
0000 0013 1710486968620 45.5625 -66.0 2.8409324191642074 5
0000 0008 1710486968621 32.5 -65.5 5.964117303299373 5
0000 0007 1710486968621 -45.5625 -58.5 3.393165502803038 5
0000 0000 1710486968621 -191.1875 -67.5 2.6875343403756435 5
0000 0002 1710486968856 17.0625 -77.5 0.4049709280018093 5
0000 0007 1710486968856 13.0 -58.5 3.2581751934691017 5
0000 0005 1710486968856 -7.3125 -56.0 4.638757902566179 5
0000 0000 1710486968856 48.8125 -68.5 2.227340104009951 5
0000 0006 1710486968857 3.25 -69.5 3.172272269347506 5
0000 0012 1710486968857 -6.5 -52.5 4.571262747899211 5
0000 0009 1710486968857 27.625 -62.5 1.239456476611598 5
0000 0008 1710486968858 0.0 -65.0 6.007068765360171 5
0000 0010 1710486968858 9.75 -61.5 3.6754179677739964 5
0000 0013 1710486968858 -74.8125 -66.5 3.104777114680538 5
0000 0004 1710486968859 -29.25 -67.5 3.2581751934691017 5
0000 0002 1710486968859 61.0 -78.0 0.30066023442558565 5
0000 0009 1710486969106 83.0 -62.5 1.2026409377023426 5
0000 0004 1710486969106 -48.8125 -67.0 3.215223731408304 5
0000 0007 1710486969106 -26.0 -58.5 3.313398501832985 5
0000 0012 1710486969107 0.0 -52.5 4.565126824747668 5
0000 0000 1710486969107 -7.3125 -68.5 2.3746022596469727 5
0000 0008 1710486969107 22.75 -66.5 5.964117303299373 5
0000 0005 1710486969108 -9.75 -56.0 4.638757902566179 5
0000 0006 1710486969108 -146.4375 -69.5 3.2213596545598464 5
0000 0010 1710486969109 19.5 -61.5 3.663146121470911 5
0000 0013 1710486969109 -97.625 -66.5 3.043417883165112 5
0000 0002 1710486969356 11.875 -79.0 0.4172427743048944 5
0000 0008 1710486969356 19.5 -65.0 5.927301764390117 5
0000 0006 1710486969356 104.125 -70.0 3.104777114680538 5
0000 0012 1710486969356 7.3125 -52.5 4.546719055293041 5
0000 0009 1710486969357 30.875 -62.5 1.2701360923693108 5
0000 0010 1710486969357 13.0 -62.0 3.6447383520162835 5
0000 0007 1710486969357 -3.25 -58.5 3.2581751934691017 5
0000 0005 1710486969358 3.25 -56.0 4.620350133111551 5
0000 0013 1710486969358 -42.3125 -66.0 2.9391071895888885 5
0000 0000 1710486969358 6.5 -69.0 2.325514874434632 5
0000 0004 1710486969359 29.25 -68.0 3.1231848841351653 5
0000 0002 1710486969550 4.875 -78.0 0.6135923151542565 5
0000 0006 1710486969550 -211.5625 -69.5 3.5036121195308043 5
0000 0005 1710486969550 -35.75 -56.5 4.693981210930062 5
0000 0007 1710486969551 -19.5 -58.5 3.3195344249845276 5
0000 0009 1710486969551 24.375 -62.5 1.2701360923693108 5
0000 0013 1710486969551 42.3125 -66.0 2.834796496012665 5
0000 0000 1710486969552 74.8125 -68.0 2.2580197197676637 5
0000 0012 1710486969552 -6.5 -52.5 4.565126824747668 5
0000 0008 1710486969552 48.8125 -66.5 5.902758071783947 5
0000 0004 1710486969553 -58.5625 -66.5 3.2090878082567613 5
0000 0010 1710486969553 26.0 -61.5 3.6754179677739964 5
0000 0002 1710486969553 -4.25 -78.0 0.5767767762450011 5
0000 0007 1710486969554 -32.5 -58.5 3.3747577333484107 5
0000 0004 1710486969554 32.5 -67.0 3.141592653589793 5
0000 0005 1710486969555 -27.625 -56.0 4.71238898038469 5
0000 0006 1710486969555 -61.8125 -70.0 3.3379421944391554 5
0000 0013 1710486969555 -9.75 -67.0 2.9145634969827183 5
0000 0009 1710486969556 -3.25 -62.5 1.3928545554001621 5
0000 0012 1710486969556 -3.25 -52.5 4.577398671050753 5
0000 0008 1710486969556 -19.5 -66.5 6.080699843178682 5
0000 0010 1710486969557 -22.75 -61.5 3.730641276137879 5
0000 0000 1710486969557 -6.5 -69.0 2.466641106920111 5
0000 0002 1710486969857 0.5625 -79.5 0.6258641614573416 5
0000 0010 1710486969857 -13.0 -62.0 3.761320891895592 5
0000 0004 1710486969857 -42.3125 -67.0 3.356349963893783 5
0000 0005 1710486969857 -27.625 -56.5 4.706253057233147 5
0000 0013 1710486969858 -6.5 -66.5 2.9391071895888885 5
0000 0000 1710486969858 -73.1875 -68.5 2.5280003384355365 5
0000 0009 1710486969858 -7.3125 -62.5 1.3621749396424494 5
0000 0008 1710486969859 35.75 -65.0 5.994796919057086 5
0000 0007 1710486969860 -13.0 -58.5 3.368621810196868 5
0000 0012 1710486969860 9.75 -52.5 4.595806440505381 5
0000 0006 1710486969860 143.1875 -69.0 2.9329712664373457 5
0000 0002 1710486970106 -10.375 -78.0 0.6135923151542565 5
0000 0012 1710486970106 -26.0 -52.5 4.638757902566179 5
0000 0009 1710486970107 90.3125 -63.0 1.2517283229146832 5
0000 0007 1710486970107 0.0 -58.5 3.368621810196868 5
0000 0010 1710486970107 3.25 -62.0 3.724505352986337 5
0000 0004 1710486970108 -143.1875 -67.0 3.429981041712294 5
0000 0008 1710486970108 -32.5 -65.5 6.062292073724054 5
0000 0005 1710486970108 -34.9375 -56.5 4.73693267299086 5
0000 0013 1710486970109 35.75 -65.5 2.84706834231575 5
0000 0000 1710486970109 -3.25 -69.0 2.36846633649543 5
0000 0006 1710486970109 -22.75 -69.0 3.0802334220743677 5
0000 0002 1710486970110 1.8125 -77.5 0.607456392002714 5
0000 0006 1710486970355 -120.4375 -69.5 3.2581751934691017 5
0000 0010 1710486970355 -110.625 -62.0 3.9453985864418692 5
0000 0000 1710486970356 156.1875 -68.5 2.337786720737717 5
0000 0007 1710486970356 -26.0 -59.0 3.423845118560751 5
0000 0005 1710486970356 -7.3125 -56.0 4.693981210930062 5
0000 0013 1710486970357 -26.0 -66.0 2.8838838812250054 5
0000 0012 1710486970357 10.5625 -52.5 4.577398671050753 5
0000 0008 1710486970357 -29.25 -65.5 6.092971689481767 5
0000 0004 1710486970358 -35.75 -67.0 3.380893656499953 5
0000 0009 1710486970358 76.4375 -62.0 1.2640001692177683 5
0000 0002 1710486970358 -10.375 -79.0 0.6504078540635119 5
0000 0000 1710486970605 7.3125 -69.5 2.3009711818284617 5
0000 0008 1710486970606 -48.8125 -65.5 6.080699843178682 5
0000 0009 1710486970606 -9.75 -62.5 1.3867186322486196 5
0000 0007 1710486970606 -26.0 -59.0 3.3870295796514958 5
0000 0013 1710486970606 -94.375 -66.5 3.0372819600135696 5
0000 0005 1710486970607 -7.3125 -56.5 4.675573441475434 5
0000 0006 1710486970607 29.25 -69.0 3.0066023442558567 5
0000 0012 1710486970607 -30.875 -52.5 4.620350133111551 5
0000 0010 1710486970608 -58.5625 -62.0 3.792000507653305 5
0000 0004 1710486970608 -71.5625 -67.5 3.2581751934691017 5
0000 0002 1710486970608 6.8125 -79.0 0.4111068511533518 5
0000 0012 1710486970820 -17.0625 -52.5 4.577398671050753 5
0000 0013 1710486970821 -29.25 -66.0 2.8838838812250054 5
0000 0005 1710486970821 -7.3125 -56.5 4.632621979414636 5
0000 0006 1710486970821 6.5 -69.0 2.945243112740431 5
0000 0004 1710486970822 -3.25 -67.5 3.1231848841351653 5
0000 0000 1710486970822 3.25 -68.5 2.313243028131547 5
0000 0008 1710486970823 -9.75 -64.5 5.9088939949354895 5
0000 0010 1710486970823 6.5 -62.0 3.650874275167826 5
0000 0007 1710486970824 -9.75 -59.0 3.3195344249845276 5
0000 0009 1710486970824 34.9375 -62.0 1.1719613219446299 5
0000 0002 1710486970824 -17.6875 -78.0 0.5460971604872883 5
0000 0005 1710486970825 3.25 -56.5 4.614214209960009 5
0000 0012 1710486970826 -17.0625 -52.5 4.558990901596125 5
0000 0013 1710486970826 68.3125 -66.0 2.6875343403756435 5
0000 0007 1710486970826 -3.25 -59.0 3.2765829629237295 5
0000 0006 1710486970826 169.25 -70.0 2.5893595699509624 5
0000 0000 1710486970827 -22.75 -68.0 2.1659808724945253 5
0000 0010 1710486970827 6.5 -62.5 3.6447383520162835 5
0000 0009 1710486970827 52.0625 -62.5 1.1780972450961724 5
0000 0008 1710486970828 -6.5 -64.0 5.829126993965437 5
0000 0004 1710486970828 -16.25 -67.5 2.9943304979527716 5
