0001 0015 1711248891821 32.5 -63.0 1.3867186322486196 9
0001 0009 1711248891821 -65.0625 -64.0 4.601942363656923 9
0001 0011 1711248891821 16.25 -65.0 6.22182607566416 9
0001 0005 1711248891822 48.8125 -66.5 1.9573594853420782 9
0001 0013 1711248891822 100.875 -65.5 2.1230294104337273 9
0001 0014 1711248891823 192.0 -70.5 0.8774370106705868 9
0001 0010 1711248891823 135.0625 -71.0 0.1595340019401067 9
0001 0007 1711248891823 234.3125 -70.0 1.3928545554001621 9
0001 0000 1711248891824 -6.5 -77.0 1.6137477888556946 9
0001 0012 1711248891825 48.8125 -63.0 0.46019423636569234 9
0001 0011 1711248891825 19.5 -64.5 6.105243535784852 9
0001 0003 1711248891826 -32.5 -67.0 4.724660826687775 9
0001 0010 1711248891826 65.875 -71.5 0.11658253987930872 9
0001 0009 1711248891826 -113.875 -64.5 4.638757902566179 9
0001 0005 1711248891827 -9.75 -66.0 1.9634954084936207 9
0001 0015 1711248891827 97.625 -64.0 1.3499030933393643 9
0001 0007 1711248891827 -84.625 -70.5 1.7671458676442586 9
0001 0013 1711248891827 -42.3125 -66.0 2.313243028131547 9
0001 0014 1711248891922 29.25 -72.0 4.246058820867455 9
0001 0000 1711248891923 -15.8125 -75.5 1.564660403643354 9
0001 0015 1711248892061 -29.25 -63.5 1.4910293258248433 9
0001 0012 1711248892062 74.8125 -63.5 0.3988350048502667 9
0001 0007 1711248892062 166.0 -71.5 1.3621749396424494 9
0001 0010 1711248892062 -100.875 -70.5 0.15339807878856412 9
0001 0003 1711248892063 -22.75 -67.5 4.6878452877785195 9
0001 0013 1711248892063 97.625 -66.0 2.098485717827557 9
0001 0011 1711248892063 65.0625 -65.0 6.056156150572511 9
0001 0009 1711248892064 -19.5 -64.0 4.430136515413731 9
0001 0005 1711248892064 48.8125 -66.0 1.8100973297050567 9
0001 0014 1711248892064 17.0625 -72.5 1.1167380135807468 9
0001 0000 1711248892065 40.875 -76.0 4.534447208989955 9
0001 0005 1711248892065 48.8125 -66.0 1.8285050991596843 9
0001 0015 1711248892066 13.0 -63.5 1.4480778637640452 9
0001 0003 1711248892066 -39.0 -67.5 4.681709364626977 9
0001 0012 1711248892066 52.0625 -63.5 0.37429131224409645 9
0001 0009 1711248892067 -71.5625 -64.0 4.430136515413731 9
0001 0007 1711248892067 74.8125 -71.0 1.5707963267948966 9
0001 0011 1711248892067 6.5 -65.0 6.062292073724054 9
0001 0013 1711248892068 -58.5625 -65.5 2.405281875404685 9
0001 0010 1711248892068 48.8125 -71.5 0.09203884727313846 9
0001 0014 1711248892182 -1.8125 -72.5 4.246058820867455 9
0001 0000 1711248892183 -7.3125 -77.0 1.7426021750380885 9
0001 0005 1711248892311 -52.0625 -67.5 1.9266798695843652 9
0001 0012 1711248892311 42.3125 -64.0 0.4540583132141498 9
0001 0013 1711248892311 52.0625 -65.5 2.1046216409791 9
0001 0009 1711248892312 -39.0 -64.5 4.387185053352934 9
0001 0015 1711248892312 -26.0 -63.0 1.5401167110371838 9
0001 0003 1711248892312 -22.75 -68.5 4.638757902566179 9
0001 0011 1711248892313 84.625 -64.0 5.822991070813893 9
0001 0010 1711248892313 73.1875 -72.5 0.006135923151542565 9
0001 0014 1711248892313 6.6875 -73.0 1.0185632431560658 9
0001 0007 1711248892313 3.625 -73.0 1.748738098189631 9
0001 0003 1711248892314 45.5625 -69.0 4.368777283898306 9
0001 0012 1711248892315 48.8125 -64.5 0.6381360077604268 9
0001 0009 1711248892315 0.0 -65.0 4.4976316700806995 9
0001 0005 1711248892316 -97.625 -69.0 2.098485717827557 9
0001 0013 1711248892316 71.5625 -65.0 2.086213871524472 9
0001 0011 1711248892316 55.3125 -64.5 5.8045833013592665 9
0001 0015 1711248892317 55.3125 -63.5 1.4296700943094176 9
0001 0007 1711248892423 -0.5625 -73.0 5.019185137961818 9
0001 0014 1711248892423 -2.6875 -73.5 4.338097668140593 9
0001 0010 1711248892423 2.6875 -74.5 0.5767767762450011 9
0001 0012 1711248892563 -48.8125 -64.5 1.6444274046134073 9
0001 0011 1711248892563 45.5625 -63.5 6.074563920027139 9
0001 0015 1711248892563 -169.25 -66.5 2.0923497946760143 9
0001 0005 1711248892563 19.5 -69.0 2.2580197197676637 9
0001 0013 1711248892564 81.375 -67.5 2.9268353432858034 9
0001 0007 1711248892564 19.5 -69.0 1.9819031779482483 9
0001 0003 1711248892564 -87.875 -71.0 4.651029748869264 9
0001 0009 1711248892565 29.25 -66.0 4.743068596142402 9
0001 0010 1711248892565 4.25 -73.5 0.6872233929727672 9
0001 0011 1711248892565 -26.0 -64.0 6.227961998815704 9
0001 0009 1711248892566 0.0 -64.5 5.313709449235861 9
0001 0005 1711248892566 19.5 -69.0 2.0923497946760143 9
0001 0007 1711248892566 -16.25 -69.0 2.2150682577068657 9
0001 0010 1711248892567 32.5 -71.5 0.8099418560036186 9
0001 0012 1711248892567 26.0 -70.5 1.086058397823034 9
0001 0015 1711248892567 24.375 -66.0 6.034680419542112 9
0001 0012 1711248892683 3.25 -65.5 2.1905245651006955 9
0001 0009 1711248892683 -16.25 -66.0 6.19728238305799 9
0001 0005 1711248892683 162.75 -66.5 2.325514874434632 9
0001 0007 1711248892683 52.0625 -69.0 1.9573594853420782 9
0001 0015 1711248892922 -1.1875 -70.5 0.3620194659410113 9
0001 0010 1711248892923 9.125 -73.5 1.4603497100671303 9
0001 0011 1711248892923 -4.875 -76.0 5.325981295538946 9
0001 0015 1711248892923 -13.0 -64.5 5.602097837358362 9
0001 0009 1711248892924 91.125 -62.0 1.5892040962495242 9
0001 0012 1711248892924 35.75 -60.0 2.9145634969827183 9
0001 0005 1711248892924 -84.625 -68.0 3.706097583531709 9
0001 0010 1711248892924 22.75 -71.5 2.086213871524472 9
0001 0007 1711248892925 120.4375 -69.5 2.325514874434632 9
0001 0000 1711248892925 0.625 -76.0 0.07363107781851078 9
0001 0015 1711248892925 19.5 -63.5 0.04908738521234052 9
0001 0009 1711248892926 -16.25 -61.0 3.1231848841351653 9
0001 0012 1711248892926 -6.5 -60.5 3.497476196379262 9
0001 0000 1711248892927 0.5625 -74.5 0.37429131224409645 9
0001 0009 1711248893131 3.25 -59.0 4.405592822807561 9
0001 0003 1711248893131 -113.875 -69.5 4.92714629068868 9
0001 0000 1711248893131 91.125 -71.0 0.6013204688511713 9
0001 0012 1711248893132 9.75 -62.0 4.252194744018997 9
0001 0010 1711248893132 5.1875 -73.0 6.043884304269426 9
0001 0015 1711248893132 -4.5625 -72.5 1.9389517158874505 9
0001 0005 1711248893132 -4.0625 -73.0 0.37429131224409645 9
0001 0011 1711248893133 6.6875 -74.0 6.074563920027139 9
0001 0010 1711248893133 93.5625 -67.5 0.6258641614573416 9
0001 0012 1711248893133 58.5625 -64.0 5.350524988145116 9
0001 0009 1711248893134 9.75 -61.0 0.05522330836388308 9
0001 0005 1711248893134 35.75 -70.0 4.491495746929157 9
0001 0011 1711248893134 133.4375 -67.5 1.5401167110371838 9
0001 0007 1711248893135 -19.5 -68.0 3.2765829629237295 9
0001 0015 1711248893135 -9.75 -67.0 1.9082721001297376 9
0001 0003 1711248893135 -29.25 -67.5 0.5951845456996288 9
0001 0015 1711248893422 -9.75 -69.0 0.7363107781851077 9
0001 0011 1711248893423 -9.75 -61.0 3.822680123411018 9
0001 0003 1711248893423 -16.25 -69.5 2.2089323345553233 9
0001 0000 1711248893423 3.25 -69.5 4.1417481272912315 9
0001 0011 1711248893423 9.75 -64.5 5.884350302329319 9
0001 0002 1711248893611 -5.5625 -78.0 2.030990563160589 9
0001 0000 1711248893611 45.5625 -69.0 5.712544454086128 9
0001 0011 1711248893611 32.5 -65.5 2.742757648739526 9
0001 0004 1711248893612 -107.375 -70.0 6.240233845118788 9
0001 0007 1711248893612 58.5625 -67.5 5.2768939103266055 9
0001 0010 1711248893612 24.375 -72.5 0.8406214717613314 9
0001 0008 1711248893613 8.9375 -74.5 4.657165672020807 9
0001 0002 1711248893613 -13.8125 -75.0 5.2768939103266055 9
0001 0014 1711248893613 4.875 -71.5 4.595806440505381 9
0001 0005 1711248893613 -4.875 -70.5 0.8222137023067037 9
0001 0001 1711248893614 8.8125 -74.5 5.755495916146925 9
0001 0013 1711248893614 -2.5625 -69.5 5.411884219660542 9
0001 0011 1711248893615 -68.3125 -65.5 5.743224069843841 9
0001 0001 1711248893615 74.8125 -70.5 4.338097668140593 9
0001 0004 1711248893615 -39.0 -64.0 6.2463697682703305 9
0001 0005 1711248893616 -84.625 -64.5 0.47860200582032003 9
0001 0002 1711248893616 48.8125 -71.0 2.6568547246179306 9
0001 0007 1711248893682 -6.0625 -74.5 4.135612204139688 9
0001 0014 1711248893682 1.8125 -63.5 1.141281706186917 9
0001 0013 1711248893683 5.3125 -73.5 1.1290098598838318 9
0001 0014 1711248893870 -32.5 -64.0 0.37429131224409645 9
0001 0013 1711248893870 -6.5 -63.0 1.607611865704152 9
0001 0001 1711248893870 -9.75 -69.5 0.3988350048502667 9
0001 0004 1711248893871 42.3125 -65.0 0.5951845456996288 9
0001 0011 1711248893871 26.0 -64.5 0.8774370106705868 9
0001 0005 1711248893871 26.0 -62.5 2.3193789512830896 9
0001 0007 1711248893871 8.9375 -74.0 5.712544454086128 9
0001 0012 1711248893872 19.5 -76.5 2.3316507975861747 9
0001 0008 1711248893872 -2.25 -78.0 2.1659808724945253 9
0001 0005 1711248893872 -13.0 -65.5 4.859651136021712 9
0001 0011 1711248893873 84.625 -65.0 2.3439226438892597 9
0001 0001 1711248893873 -107.375 -69.5 3.6876898140770815 9
0001 0013 1711248893874 45.5625 -63.0 2.337786720737717 9
0001 0010 1711248893874 76.4375 -67.5 0.4663301595172349 9
0001 0014 1711248893874 13.0 -61.5 1.9941750242513334 9
0001 0007 1711248893875 6.5 -65.5 1.0921943209745766 9
0001 0000 1711248893928 -4.875 -73.5 6.114447420512166 9
0001 0008 1711248893928 -6.6875 -77.5 0.17794177139473438 9
0001 0003 1711248894156 -1.8125 -75.0 5.93343768754166 9
0001 0007 1711248894156 -29.25 -60.5 3.2827188860752723 9
0001 0005 1711248894157 13.0 -62.0 0.7792622402459057 9
0001 0011 1711248894157 -48.8125 -65.5 5.522330836388308 9
0001 0013 1711248894157 -91.125 -66.0 3.2827188860752723 9
0001 0001 1711248894157 -149.6875 -68.5 0.25157284921324513 9
0001 0010 1711248894158 -104.125 -67.0 5.491651220630596 9
0001 0008 1711248894158 30.875 -74.5 2.6323110320117604 9
0001 0002 1711248894158 -55.3125 -72.0 0.4970097752749477 9
0001 0012 1711248894159 0.0 -74.0 5.129631754689584 9
0001 0000 1711248894159 2.6875 -75.0 4.890330751779424 9
0001 0011 1711248894159 -97.625 -68.5 2.5402721847386216 9
0001 0012 1711248894160 55.3125 -73.0 4.914874444385594 9
0001 0007 1711248894160 6.5 -65.0 0.7669903939428205 9
0001 0005 1711248894160 -130.1875 -70.0 4.276738436625168 9
0001 0000 1711248894161 68.3125 -71.5 5.0682725231741586 9
0001 0004 1711248894161 -45.5625 -65.5 5.737088146692298 9
0001 0001 1711248894161 -45.5625 -70.0 4.2092432819582 9
0001 0008 1711248894403 -10.0625 -80.0 1.3314953238847365 9
0001 0006 1711248894403 -0.875 -74.5 0.35588354278946877 9
0001 0010 1711248894403 0.9375 -67.5 5.049864753719531 9
0001 0010 1711248894404 -139.125 -64.5 2.509592568980909 9
0001 0007 1711248894404 -32.5 -64.0 5.448699758569798 9
0001 0001 1711248894404 35.75 -65.5 0.8835729338221293 9
0001 0000 1711248894405 -26.0 -72.0 2.816388726558037 9
0001 0005 1711248894406 3.25 -58.0 3.2765829629237295 9
0001 0004 1711248894406 -192.0 -68.5 0.04295146206079795 9
0001 0012 1711248894406 -6.5 -69.5 2.5586799541932495 9
0001 0008 1711248894406 1.3125 -78.0 4.957825906446392 9
0001 0009 1711248894407 1.5 -72.0 4.847379289718626 9
0001 0012 1711248894407 2.125 -71.5 5.853670686571607 9
0001 0009 1711248894407 117.125 -64.0 3.454524734318464 9
0001 0010 1711248894408 3.25 -62.5 4.4362724385652745 9
0001 0007 1711248894408 -35.75 -67.5 2.5770877236478773 9
0001 0005 1711248894408 9.75 -61.5 0.4479223900626072 9
0001 0000 1711248894409 16.25 -71.0 5.8045833013592665 9
0001 0012 1711248894409 35.75 -68.0 6.240233845118788 9
0001 0008 1711248894654 7.75 -74.0 1.2333205534600555 9
0001 0015 1711248894655 9.125 -70.0 2.442097414313941 9
0001 0001 1711248894655 -0.25 -74.0 1.846912868614312 9
0001 0015 1711248894655 22.75 -65.0 4.080388895775806 9
0001 0011 1711248894655 -9.75 -66.0 4.552854978444583 9
0001 0005 1711248894656 -26.0 -60.5 2.8409324191642074 9
0001 0000 1711248894656 -74.8125 -72.5 1.718058482431918 9
0001 0008 1711248894656 -117.9375 -73.0 3.0925052683774528 9
0001 0012 1711248894657 22.75 -64.0 1.6873788666742053 9
0001 0010 1711248894657 61.8125 -65.5 0.1349903093339364 9
0001 0009 1711248894657 3.25 -65.5 6.166602767300278 9
0001 0007 1711248894658 -136.6875 -70.5 5.663457068873787 9
0001 0001 1711248894658 -0.5625 -73.5 6.092971689481767 9
0001 0005 1711248894658 -9.75 -59.5 4.025165587411922 9
0001 0010 1711248894658 79.75 -65.5 2.0493983326152168 9
0001 0015 1711248894659 -32.5 -60.0 3.902447124381071 9
0001 0009 1711248894659 29.25 -64.5 1.7426021750380885 9
0001 0012 1711248894659 -22.75 -68.0 3.6263305825616556 9
0001 0000 1711248894872 37.1875 -74.0 1.6689710972195777 9
0001 0008 1711248894872 -25.0 -76.5 0.28225246497095796 9
0001 0007 1711248894872 -3.9375 -74.0 0.03681553890925539 9
0001 0001 1711248894873 -0.4375 -75.0 1.4664856332186729 9
0001 0011 1711248894873 0.25 -71.0 6.025476534814799 9
0001 0005 1711248894873 3.25 -59.5 5.786175531904639 9
0001 0009 1711248894874 19.5 -58.0 4.246058820867455 9
0001 0011 1711248894874 9.75 -68.5 6.2463697682703305 9
0001 0010 1711248894874 -55.3125 -66.5 4.608078286808466 9
0001 0000 1711248894874 -179.0 -71.5 0.7547185476397354 9
0001 0015 1711248894875 -48.8125 -69.5 2.5402721847386216 9
0001 0001 1711248894875 -3.25 -73.0 5.485515297479052 9
0001 0003 1711248894875 7.3125 -75.5 4.295146206079795 9
0001 0008 1711248894876 0.875 -78.5 3.6815538909255388 9
0001 0012 1711248894876 2.6875 -73.0 1.2455923997631406 9
0001 0007 1711248894877 -5.75 -74.0 6.178874613603362 9
0001 0014 1711248894877 -3.9375 -72.0 5.497787143782138 9
0001 0012 1711248895092 42.3125 -65.5 1.8960002538266525 9
0001 0014 1711248895093 9.75 -68.0 2.3746022596469727 9
0001 0001 1711248895093 48.8125 -69.5 4.865787059173254 9
0001 0009 1711248895093 -3.25 -62.0 0.7117670855789375 9
0001 0010 1711248895093 13.8125 -68.0 0.07976700097005335 9
0001 0005 1711248895094 -22.75 -58.5 3.5342917352885173 9
0001 0011 1711248895094 -78.0625 -67.0 4.994641445355648 9
0001 0015 1711248895094 7.3125 -62.0 4.0466413184423216 9
0001 0013 1711248895095 -1.1875 -75.5 5.184855063053467 9
0001 0008 1711248895095 12.9375 -77.0 0.3190680038802134 9
0001 0007 1711248895095 1.8125 -72.0 5.190990986205009 9
0001 0000 1711248895095 5.1875 -76.0 1.705786636128833 9
0001 0009 1711248895096 19.5 -62.5 5.166447293598839 9
0001 0007 1711248895096 87.875 -67.5 4.95168998329485 9
0001 0015 1711248895096 -48.8125 -60.0 4.381049130201391 9
0001 0001 1711248895097 110.625 -65.5 1.9941750242513334 9
0001 0004 1711248895097 78.0625 -69.5 5.829126993965437 9
0001 0011 1711248895097 9.75 -67.5 2.9206994201342606 9
0001 0013 1711248895097 120.4375 -71.0 5.681864838328415 9
0001 0005 1711248895098 9.75 -56.0 1.8407769454627694 9
0001 0000 1711248895182 29.25 -72.5 0.45712627478992107 9
0001 0010 1711248895182 -22.6875 -74.5 5.049864753719531 9
0001 0006 1711248895183 2.125 -71.5 5.45483568172134 9
0001 0008 1711248895352 6.3125 -78.0 4.442408361716817 9
0001 0014 1711248895352 0.625 -72.0 5.356660911296659 9
0001 0009 1711248895352 0.0 -61.5 2.36846633649543 9
0001 0013 1711248895352 6.5 -59.0 4.338097668140593 9
0001 0000 1711248895353 22.75 -67.0 0.6872233929727672 9
0001 0001 1711248895353 71.5625 -66.0 6.1850105367549055 9
0001 0015 1711248895353 -16.25 -63.0 6.080699843178682 9
0001 0011 1711248895354 -3.25 -69.0 2.3930100291016 9
0001 0003 1711248895354 -6.5 -68.5 1.4787574795217582 9
0001 0010 1711248895354 -21.125 -66.5 1.3928545554001621 9
0001 0007 1711248895355 -48.8125 -64.0 4.706253057233147 9
0001 0005 1711248895355 52.0625 -64.5 0.0674951546669682 9
0001 0014 1711248895356 8.5 -72.0 6.074563920027139 9
0001 0006 1711248895356 -0.625 -74.0 1.5892040962495242 9
0001 0010 1711248895356 -61.8125 -66.0 4.945554060143307 9
0001 0005 1711248895357 68.3125 -64.0 4.442408361716817 9
0001 0000 1711248895357 -84.625 -67.5 4.09266074207889 9
0001 0014 1711248895358 48.8125 -61.0 1.0246991663076084 9
0001 0009 1711248895358 100.875 -67.5 5.927301764390117 9
0001 0015 1711248895358 -9.75 -65.0 0.34974761963792617 9
0001 0001 1711248895359 -26.0 -67.0 3.693825737228624 9
0001 0011 1711248895359 -87.875 -65.5 5.062136600022616 9
0001 0013 1711248895359 39.0 -56.5 1.2578642460662257 9
0001 0007 1711248895360 -61.8125 -64.0 2.5770877236478773 9
0001 0003 1711248895621 3.875 -73.5 0.9572040116406401 9
0001 0003 1711248895621 -152.9375 -70.0 1.533980787885641 9
0001 0005 1711248895621 78.0625 -64.0 1.1596894756415448 9
0001 0001 1711248895621 -3.25 -66.5 0.6258641614573416 9
0001 0007 1711248895622 -32.5 -62.5 4.73693267299086 9
0001 0000 1711248895622 9.75 -64.0 0.1043106935762236 9
0001 0013 1711248895622 16.25 -57.5 2.9206994201342606 9
0001 0011 1711248895623 -87.875 -68.5 5.651185222570702 9
0001 0010 1711248895623 -114.6875 -70.0 0.8344855486097889 9
0001 0014 1711248895623 55.3125 -66.5 1.4910293258248433 9
0001 0008 1711248895624 17.0625 -74.5 5.890486225480862 9
0001 0004 1711248895624 7.625 -73.0 2.2027964114037806 9
0001 0002 1711248895624 5.0 -79.5 0.9694758579437253 9
0001 0015 1711248895624 1.75 -73.5 4.577398671050753 9
0001 0000 1711248895625 16.25 -67.5 2.82252464970958 9
0001 0004 1711248895625 68.3125 -66.5 5.141903600992669 9
0001 0013 1711248895625 0.0 -60.0 4.3933209765044765 9
0001 0001 1711248895626 45.5625 -65.5 3.54042765844006 9
0001 0005 1711248895626 -13.0 -58.0 3.485204350076177 9
0001 0008 1711248895626 -152.9375 -72.0 4.853515212870168 9
0001 0011 1711248895627 3.25 -67.5 3.3624858870453256 9
0001 0014 1711248895627 -19.5 -59.0 0.2454369260617026 9
0001 0007 1711248895627 -42.3125 -61.5 5.853670686571607 9
0001 0002 1711248895911 9.125 -76.5 0.48473792897186263 9
0001 0011 1711248895912 0.0 -64.0 5.356660911296659 9
0001 0013 1711248895912 9.75 -61.5 0.5890486225480862 9
0001 0001 1711248895912 55.3125 -67.5 0.9326603190344698 9
0001 0004 1711248895912 29.25 -64.5 5.227806525114265 9
0001 0000 1711248895913 42.3125 -65.0 0.2454369260617026 9
0001 0007 1711248895913 55.3125 -63.0 1.3069516312785663 9
0001 0005 1711248895913 6.5 -60.0 5.491651220630596 9
0001 0014 1711248895913 0.0 -67.0 4.405592822807561 9
0001 0008 1711248895914 3.25 -73.5 1.6137477888556946 9
0001 0002 1711248895914 1.8125 -80.0 0.9203884727313847 9
0001 0007 1711248895914 -65.0625 -63.0 4.1417481272912315 9
0001 0013 1711248895915 29.25 -61.0 2.061670178918302 9
0001 0011 1711248895915 -3.25 -65.5 0.9940195505498954 9
0001 0005 1711248895915 22.75 -61.0 2.6016314162540475 9
0001 0001 1711248895916 -13.0 -66.0 3.663146121470911 9
0001 0000 1711248895916 3.25 -67.0 2.9697868053466014 9
0001 0008 1711248895916 -232.6875 -72.5 5.1725832167503825 9
0001 0012 1711248895916 -58.5625 -74.5 2.60776733940559 9
0001 0010 1711248896166 8.5 -71.0 0.7792622402459057 9
0001 0007 1711248896167 29.25 -61.5 0.4172427743048944 9
0001 0000 1711248896167 68.3125 -67.5 0.3436116964863836 9
0001 0013 1711248896168 -110.625 -63.0 4.196971435655114 9
0001 0010 1711248896168 121.25 -67.0 2.6813984172241008 9
0001 0011 1711248896168 -52.0625 -68.0 4.252194744018997 9
0001 0005 1711248896168 16.25 -56.0 5.135767677841127 9
0001 0001 1711248896169 -32.5 -66.5 0.25770877236478773 9
0001 0012 1711248896169 4.0625 -74.5 1.7640779060684872 9
0001 0008 1711248896169 -4.5625 -78.0 0.030679615757712823 9
0001 0005 1711248896170 0.0 -54.0 4.166291819897402 9
0001 0009 1711248896170 110.625 -69.5 0.3129320807286708 9
0001 0012 1711248896170 48.8125 -65.0 3.5342917352885173 9
0001 0007 1711248896171 -13.0 -60.0 0.4111068511533518 9
0001 0000 1711248896171 -29.25 -67.5 5.399612373357457 9
0001 0010 1711248896171 -17.0625 -65.0 2.2764274892222915 9
0001 0001 1711248896171 -32.5 -62.0 4.552854978444583 9
0001 0004 1711248896172 39.0 -65.5 3.129320807286708 9
0001 0011 1711248896172 84.625 -67.5 2.9329712664373457 9
0001 0003 1711248896172 107.375 -71.0 0.3988350048502667 9
0001 0008 1711248896173 26.0 -73.5 5.792311455056181 9
0001 0015 1711248896405 4.875 -69.0 5.411884219660542 9
0001 0004 1711248896405 -19.5 -65.5 3.117048960983623 9
0001 0007 1711248896405 -19.5 -64.0 4.6448938257177215 9
0001 0000 1711248896405 0.0 -64.5 1.521708941582556 9
0001 0003 1711248896406 42.3125 -68.5 2.9820586516496865 9
0001 0010 1711248896406 0.0 -62.0 4.374913207049849 9
0001 0009 1711248896406 -29.25 -62.5 4.2031073588066565 9
0001 0005 1711248896407 -26.0 -53.5 1.6137477888556946 9
0001 0001 1711248896407 22.75 -62.5 1.3192234775816514 9
0001 0015 1711248896407 29.25 -62.5 4.442408361716817 9
0001 0011 1711248896408 39.0 -64.5 1.2333205534600555 9
0001 0012 1711248896408 -71.5625 -65.5 5.6143696836614465 9
0001 0008 1711248896408 8.5 -77.0 3.859495662320273 9
0001 0010 1711248896408 13.8125 -61.0 5.755495916146925 9
0001 0011 1711248896409 -22.75 -61.5 2.718213956133356 9
0001 0001 1711248896409 -32.5 -63.0 4.006757817957295 9
0001 0003 1711248896409 -123.6875 -68.0 5.227806525114265 9
0001 0005 1711248896410 0.0 -53.5 2.9513790358919736 9
0001 0006 1711248896410 97.625 -69.5 2.2764274892222915 9
0001 0009 1711248896410 -35.75 -59.5 5.780039608753096 9
0001 0000 1711248896410 -52.0625 -66.0 3.9944859716542096 9
0001 0007 1711248896411 -35.75 -61.5 0.5583690067903734 9
0001 0015 1711248896411 42.3125 -57.5 6.013204688511713 9
0001 0012 1711248896411 -3.25 -66.0 5.835262917116979 9
0001 0008 1711248896412 -312.4375 -73.5 5.307573526084319 9
0001 0014 1711248896647 -0.8125 -73.5 0.28838838812250056 9
0001 0000 1711248896647 -3.25 -65.0 5.8475347634200645 9
0001 0005 1711248896647 -6.5 -55.0 4.558990901596125 9
0001 0001 1711248896648 -16.25 -64.0 0.22089323345553233 9
0001 0010 1711248896649 41.5 -59.5 0.9203884727313847 9
0001 0011 1711248896649 -42.3125 -65.0 4.3503695144436785 9
0001 0009 1711248896649 16.25 -60.0 0.3620194659410113 9
0001 0015 1711248896649 -29.25 -57.5 5.356660911296659 9
0001 0012 1711248896650 -26.0 -62.5 3.411573272257666 9
0001 0007 1711248896650 94.375 -66.5 0.4295146206079795 9
0001 0006 1711248896650 55.3125 -70.5 4.289010282928253 9
0001 0014 1711248896651 -68.3125 -69.5 3.724505352986337 9
0001 0008 1711248896651 -183.875 -71.5 1.564660403643354 9
0001 0003 1711248896651 11.375 -71.5 5.307573526084319 9
0001 0015 1711248896652 0.0 -55.0 2.9943304979527716 9
0001 0001 1711248896652 58.5625 -63.0 2.5832236467994196 9
0001 0011 1711248896652 97.625 -66.5 5.810719224510809 9
0001 0009 1711248896652 -3.25 -56.5 2.5709518004963345 9
0001 0005 1711248896653 16.25 -56.5 0.0 9
0001 0003 1711248896653 -65.0625 -66.0 4.178563666200486 9
0001 0010 1711248896653 -10.5625 -60.0 2.82252464970958 9
0001 0012 1711248896654 26.0 -65.0 4.76147636559703 9
0001 0000 1711248896654 22.75 -64.0 1.6444274046134073 9
0001 0007 1711248896654 84.625 -70.0 1.1290098598838318 9
0001 0014 1711248896654 -39.0 -67.0 4.338097668140593 9
0001 0008 1711248896655 -58.5625 -71.5 3.3379421944391554 9
0001 0002 1711248896678 -2.4375 -76.5 4.178563666200486 9
0001 0004 1711248896678 23.75 -73.5 0.619728238305799 9
