0001 0010 1711249052499 52.0625 -70.0 5.209398755659637 9
0001 0013 1711249052507 87.875 -65.5 2.2948352586769194 9
0001 0009 1711249052508 61.8125 -65.0 4.23378697456437 9
0001 0003 1711249052509 -61.8125 -68.5 3.9147189706841563 9
0001 0015 1711249052509 39.0 -63.0 1.1106020904292042 9
0001 0007 1711249052510 94.375 -71.0 1.576932249946439 9
0001 0011 1711249052510 -13.0 -64.5 6.277049384028044 9
0001 0012 1711249052511 26.0 -64.5 0.3190680038802134 9
0001 0014 1711249052511 -1.1875 -72.5 0.760854470791278 9
0001 0005 1711249052512 -2.875 -72.5 4.921010367537137 9
0001 0011 1711249052512 16.25 -64.0 6.258641614573416 9
0001 0010 1711249052513 -55.3125 -70.5 5.534602682691394 9
0001 0015 1711249052513 74.8125 -63.5 1.043106935762236 9
0001 0013 1711249052514 -74.8125 -66.0 2.478912953223196 9
0001 0012 1711249052514 -9.75 -64.5 0.28225246497095796 9
0001 0009 1711249052514 -9.75 -64.5 4.3074180523828804 9
0001 0003 1711249052515 195.25 -69.0 3.4913402732277192 9
0001 0007 1711249052515 -87.875 -72.0 1.8530487917658545 9
0001 0014 1711249052574 -1.1875 -72.5 3.822680123411018 9
0001 0005 1711249052575 -4.25 -72.0 1.7303303287350031 9
0001 0010 1711249052700 -9.75 -69.5 5.350524988145116 9
0001 0015 1711249052701 16.25 -62.5 1.1290098598838318 9
0001 0011 1711249052702 26.0 -64.5 6.2034183062095325 9
0001 0003 1711249052703 16.25 -68.0 3.718369429834794 9
0001 0009 1711249052704 87.875 -65.0 4.289010282928253 9
0001 0013 1711249052705 48.8125 -66.5 2.2641556429192065 9
0001 0007 1711249052706 -107.375 -72.0 1.8162332528565992 9
0001 0012 1711249052707 26.0 -64.0 0.36815538909255385 9
0001 0005 1711249052708 3.625 -71.5 4.871922982324796 9
0001 0014 1711249052709 20.75 -72.5 0.5645049299419159 9
0001 0011 1711249052710 0.0 -64.0 6.1850105367549055 9
0001 0013 1711249052711 13.0 -65.5 2.3930100291016 9
0001 0010 1711249052714 17.0625 -70.5 5.436427912266712 9
0001 0012 1711249052714 39.0 -64.5 0.2638446955163303 9
0001 0003 1711249052715 9.75 -68.5 3.6999616603801666 9
0001 0007 1711249052716 247.375 -70.5 1.4971652489763858 9
0001 0009 1711249052718 6.5 -64.0 4.417864669110647 9
0001 0015 1711249052718 -48.8125 -63.5 1.227184630308513 9
0001 0014 1711249052824 5.4375 -72.5 0.7179030087304801 9
0001 0005 1711249052825 0.5625 -71.5 1.6566992509164924 9
0001 0009 1711249052826 -39.0 -64.0 4.473087977474529 9
0001 0007 1711249052827 -260.375 -72.0 2.073942025221387 9
0001 0011 1711249052828 -19.5 -65.0 6.277049384028044 9
0001 0015 1711249052829 -13.0 -63.5 1.1535535524900022 9
0001 0013 1711249052830 -6.5 -66.5 2.3746022596469727 9
0001 0012 1711249052831 -29.25 -64.5 0.3374757733348411 9
0001 0003 1711249052832 42.3125 -68.0 3.8533597391687304 9
0001 0010 1711249052833 83.0 -69.5 5.227806525114265 9
0001 0014 1711249053060 9.125 -72.5 0.6688156235181395 9
0001 0005 1711249053061 -1.1875 -71.0 4.8351074434155406 9
0001 0012 1711249053062 9.75 -64.0 0.2454369260617026 9
0001 0007 1711249053063 -120.4375 -72.0 1.8653206380689396 9
0001 0011 1711249053064 -52.0625 -64.5 0.02454369260617026 9
0001 0013 1711249053065 -32.5 -66.5 2.5034566458293663 9
0001 0015 1711249053066 -6.5 -62.5 1.1474176293384597 9
0001 0003 1711249053067 16.25 -68.5 3.822680123411018 9
0001 0009 1711249053068 -19.5 -64.0 4.460816131171445 9
0001 0010 1711249053069 -74.8125 -69.0 5.565282298449106 9
0001 0014 1711249053069 1.8125 -72.5 0.6994952392758523 9
0001 0005 1711249053070 3.0 -71.0 4.743068596142402 9
0001 0009 1711249053074 -13.0 -64.0 4.540583132141498 9
0001 0013 1711249053075 -45.5625 -66.0 2.521864415283994 9
0001 0003 1711249053076 -71.5625 -68.5 3.8963112012295285 9
0001 0011 1711249053077 -35.75 -64.0 6.258641614573416 9
0001 0012 1711249053077 13.0 -64.5 0.2761165418194154 9
0001 0010 1711249053078 -117.9375 -69.5 5.47937937432751 9
0001 0015 1711249053079 -39.0 -62.5 1.2517283229146832 9
0001 0007 1711249053080 -65.0625 -71.5 1.8346410223112268 9
0001 0005 1711249053081 -23.5625 -71.0 4.871922982324796 9
0001 0014 1711249053291 9.125 -72.5 0.662679700366597 9
0001 0015 1711249053291 32.5 -63.5 1.1044661672776617 9
0001 0009 1711249053292 -29.25 -63.5 4.540583132141498 9
0001 0007 1711249053293 -19.5 -71.0 1.4848934026733007 9
0001 0012 1711249053294 9.75 -64.0 0.23930100291016002 9
0001 0003 1711249053295 -42.3125 -69.0 3.933126740138784 9
0001 0010 1711249053296 27.625 -70.0 5.270757987175063 9
0001 0011 1711249053297 29.25 -64.0 6.160466844148735 9
0001 0005 1711249053298 6.5 -69.5 1.576932249946439 9
0001 0013 1711249053299 -58.5625 -66.0 2.509592568980909 9
0001 0014 1711249053300 6.6875 -73.0 0.7117670855789375 9
0001 0015 1711249053301 -19.5 -63.0 1.1903690913992575 9
0001 0007 1711249053302 -126.9375 -71.5 1.7548740213411735 9
0001 0003 1711249053302 -16.25 -68.0 3.773592738198677 9
0001 0010 1711249053303 27.625 -69.5 5.405748296509 9
0001 0012 1711249053304 9.75 -64.5 0.30679615757712825 9
0001 0005 1711249053305 -120.4375 -68.0 1.7855536370988863 9
0001 0013 1711249053306 104.125 -66.0 2.3316507975861747 9
0001 0009 1711249053307 32.5 -63.5 4.454680208019902 9
0001 0011 1711249053308 -3.25 -64.0 6.154330920997192 9
0001 0014 1711249053323 9.75 -72.5 0.662679700366597 9
0001 0011 1711249053520 -9.75 -65.0 6.215690152512618 9
0001 0012 1711249053521 -19.5 -64.5 0.2945243112740431 9
0001 0003 1711249053522 -87.875 -68.0 3.8288160465625602 9
0001 0010 1711249053523 -162.75 -69.5 5.6573211457222445 9
0001 0015 1711249053524 0.0 -62.5 1.1780972450961724 9
0001 0005 1711249053525 87.875 -70.0 1.5830681730979816 9
0001 0013 1711249053525 9.75 -66.5 2.380738182798515 9
0001 0009 1711249053526 26.0 -63.0 4.4362724385652745 9
0001 0007 1711249053527 107.375 -72.0 1.4480778637640452 9
0001 0014 1711249053528 -3.0 -72.5 0.6994952392758523 9
0001 0012 1711249053529 13.0 -64.5 0.3129320807286708 9
0001 0003 1711249053530 -32.5 -68.0 3.6692820446224537 9
0001 0011 1711249053532 -22.75 -64.5 6.2034183062095325 9
0001 0005 1711249053533 156.1875 -69.5 1.4542137869155878 9
0001 0007 1711249053534 -263.625 -71.5 1.9512235621905356 9
0001 0015 1711249053535 -39.0 -63.0 1.2455923997631406 9
0001 0009 1711249053535 6.5 -63.5 4.522175362686871 9
0001 0010 1711249053536 22.75 -69.5 5.301437602932776 9
0001 0013 1711249053537 48.8125 -66.5 2.141437179888355 9
0001 0014 1711249053780 0.25 -74.0 3.761320891895592 9
0001 0011 1711249053781 29.25 -63.5 6.019340611663256 9
0001 0003 1711249053782 205.0625 -69.5 3.393165502803038 9
0001 0013 1711249053783 -68.3125 -66.0 2.380738182798515 9
0001 0007 1711249053783 -87.875 -71.5 1.7855536370988863 9
0001 0009 1711249053784 55.3125 -64.0 4.479223900626073 9
0001 0010 1711249053785 -240.875 -69.0 5.6941366846315 9
0001 0012 1711249053786 29.25 -64.5 0.380427235395639 9
0001 0015 1711249053787 -9.75 -63.0 1.2087768608538851 9
0001 0005 1711249053787 1.8125 -71.0 4.914874444385594 9
0001 0014 1711249053788 3.3125 -73.5 3.77972866135022 9
0001 0003 1711249053789 104.125 -70.5 3.380893656499953 9
0001 0013 1711249053790 -117.125 -68.0 3.7551849687440497 9
0001 0015 1711249053791 45.5625 -68.0 1.521708941582556 9
0001 0011 1711249053792 39.0 -64.0 6.117515382087937 9
0001 0012 1711249053793 3.25 -66.0 1.055378782065321 9
0001 0009 1711249053794 0.0 -65.0 4.620350133111551 9
0001 0010 1711249053795 107.375 -69.0 5.632777453116074 9
0001 0007 1711249053795 -146.4375 -71.5 2.018718716857504 9
0001 0005 1711249053822 0.0 -71.0 4.994641445355648 9
0001 0010 1711249054044 -131.8125 -67.5 6.178874613603362 9
0001 0011 1711249054044 -16.25 -67.0 0.1718058482431918 9
0001 0005 1711249054045 -52.0625 -70.0 1.9082721001297376 9
0001 0012 1711249054046 19.5 -69.0 0.5645049299419159 9
0001 0009 1711249054047 39.0 -62.5 4.81056375080937 9
0001 0003 1711249054047 -29.25 -69.5 3.6754179677739964 9
0001 0007 1711249054048 11.5625 -74.5 2.073942025221387 9
0001 0015 1711249054049 9.125 -65.5 5.970253226450915 9
0001 0005 1711249054050 3.25 -67.0 2.2641556429192065 9
0001 0009 1711249054050 -29.25 -61.5 5.700272607783043 9
0001 0007 1711249054051 175.75 -71.5 1.761009944492716 9
0001 0003 1711249054052 19.5 -70.0 3.9208548938356986 9
0001 0012 1711249054053 13.0 -67.0 1.3928545554001621 9
0001 0010 1711249054054 65.875 -69.0 0.521553467881118 9
0001 0011 1711249054055 28.0625 -78.0 0.37429131224409645 9
0001 0004 1711249054055 3.625 -74.0 0.23930100291016002 9
0001 0015 1711249054324 4.875 -65.5 0.7301748550335652 9
0001 0015 1711249054325 -58.5625 -65.0 5.074408446325701 9
0001 0012 1711249054326 -16.25 -61.0 2.2150682577068657 9
0001 0009 1711249054326 -16.25 -63.5 0.7731263170943632 9
0001 0007 1711249054327 -6.5 -68.5 2.442097414313941 9
0001 0005 1711249054328 -52.0625 -67.0 3.172272269347506 9
0001 0010 1711249054329 -83.0 -69.5 1.1474176293384597 9
0001 0011 1711249054329 -6.6875 -78.5 4.71238898038469 9
0001 0015 1711249054330 -6.5 -64.5 6.2034183062095325 9
0001 0010 1711249054331 -45.5625 -71.0 2.779573187648782 9
0001 0012 1711249054332 81.375 -60.5 2.693670263527186 9
0001 0009 1711249054332 13.0 -61.0 2.82252464970958 9
0001 0011 1711249054333 -17.0625 -77.0 5.45483568172134 9
0001 0000 1711249054518 5.9375 -76.5 0.44178646691106466 9
0001 0005 1711249054519 1.25 -73.5 0.944932165337555 9
0001 0009 1711249054519 -3.25 -58.0 4.466952054322987 9
0001 0000 1711249054520 -52.0625 -72.0 1.1658253987930873 9
0001 0012 1711249054521 48.8125 -62.5 4.037437433715008 9
0001 0003 1711249054521 -52.0625 -69.0 4.589670517353839 9
0001 0015 1711249054522 6.0625 -70.0 4.853515212870168 9
0001 0010 1711249054523 6.5 -72.5 5.375068680751287 9
0001 0005 1711249054524 1.1875 -74.0 5.976389149602458 9
0001 0011 1711249054525 -0.25 -73.0 6.14819499784565 9
0001 0011 1711249054525 45.5625 -64.5 1.552388557340269 9
0001 0015 1711249054526 19.5 -66.5 1.282407938672396 9
0001 0005 1711249054527 -16.25 -70.0 4.387185053352934 9
0001 0009 1711249054528 39.0 -61.5 0.25770877236478773 9
0001 0012 1711249054528 -39.0 -65.0 5.559146375297564 9
0001 0003 1711249054529 -22.75 -69.0 0.07363107781851078 9
0001 0007 1711249054530 -45.5625 -69.5 3.3747577333484107 9
0001 0010 1711249054573 4.875 -73.5 3.718369429834794 9
0001 0000 1711249054789 2.6875 -76.5 1.6198837120072371 9
0001 0003 1711249054789 -3.25 -70.0 2.325514874434632 9
0001 0011 1711249054790 22.75 -60.5 4.381049130201391 9
0001 0000 1711249054791 26.0 -74.0 5.2339424482658075 9
0001 0013 1711249054791 5.625 -77.0 5.307573526084319 9
0001 0001 1711249054792 6.8125 -75.5 5.810719224510809 9
0001 0009 1711249054793 2.4375 -72.5 1.227184630308513 9
0001 0007 1711249054793 -1.125 -74.0 1.2578642460662257 9
0001 0012 1711249054794 1.5625 -74.5 0.04295146206079795 9
0001 0008 1711249054795 -0.125 -77.0 0.35588354278946877 9
0001 0012 1711249054796 22.75 -73.5 1.0983302441261191 9
0001 0009 1711249054796 9.75 -67.5 2.6323110320117604 9
0001 0007 1711249054798 -81.375 -69.0 5.117359908386499 9
0001 0011 1711249054798 78.0625 -66.5 1.8714565612204823 9
0001 0000 1711249054799 -133.4375 -68.5 4.95168998329485 9
0001 0008 1711249054800 12.1875 -74.5 0.7485826244881929 9
0001 0013 1711249055039 -2.125 -71.5 4.8351074434155406 9
0001 0003 1711249055039 2.125 -74.5 5.626641529964532 9
0001 0002 1711249055040 4.5625 -80.0 1.6935147898257479 9
0001 0001 1711249055040 -0.25 -75.0 2.0064468705544187 9
0001 0007 1711249055041 -126.9375 -72.0 1.7978254834019713 9
0001 0000 1711249055042 -39.0 -70.5 0.7240389318820226 9
0001 0013 1711249055043 120.4375 -68.0 5.810719224510809 9
0001 0005 1711249055043 13.0 -64.5 5.0253210611133605 9
0001 0004 1711249055044 -78.0625 -66.0 5.915029918087033 9
0001 0011 1711249055045 -87.875 -66.0 5.338253141842031 9
0001 0008 1711249055045 -13.8125 -72.5 5.289165756629691 9
0001 0001 1711249055046 286.4375 -72.0 2.2764274892222915 9
0001 0003 1711249055047 26.0 -71.5 3.485204350076177 9
0001 0002 1711249055047 -135.0625 -73.5 2.2334760271614935 9
0001 0014 1711249055048 3.9375 -73.5 5.3627968344482015 9
0001 0005 1711249055049 32.5 -62.5 1.2885438618239387 9
0001 0007 1711249055049 32.5 -72.0 4.503767593232243 9
0001 0004 1711249055050 -65.0625 -65.0 6.234097921967246 9
0001 0001 1711249055051 -45.5625 -69.5 4.853515212870168 9
0001 0013 1711249055051 29.25 -62.5 1.1903690913992575 9
0001 0011 1711249055052 6.5 -66.0 0.28225246497095796 9
0001 0014 1711249055053 3.25 -62.0 3.7429131224409646 9
0001 0000 1711249055289 -1.4375 -75.5 1.5033011721279284 9
0001 0011 1711249055290 0.0 -65.0 2.270291566070749 9
0001 0001 1711249055290 -58.5625 -69.0 1.4603497100671303 9
0001 0005 1711249055291 0.0 -64.0 3.6263305825616556 9
0001 0004 1711249055292 -9.75 -66.5 1.1044661672776617 9
0001 0014 1711249055292 35.75 -66.5 1.3560390164909069 9
0001 0007 1711249055293 19.5 -63.0 0.4479223900626072 9
0001 0013 1711249055294 6.5 -64.0 2.1537090261914402 9
0001 0000 1711249055294 -74.8125 -72.5 2.1659808724945253 9
0001 0010 1711249055295 -3.9375 -73.0 5.8659425328746915 9
0001 0010 1711249055296 -7.3125 -68.0 1.748738098189631 9
0001 0007 1711249055296 -55.3125 -60.5 1.9205439464328227 9
0001 0014 1711249055297 9.75 -62.0 1.7855536370988863 9
0001 0013 1711249055298 6.5 -65.0 2.6200391857086753 9
0001 0011 1711249055298 55.3125 -69.0 4.000621894805752 9
0001 0005 1711249055299 -58.5625 -64.0 5.822991070813893 9
0001 0001 1711249055300 -39.0 -70.0 3.7981364308048478 9
0001 0000 1711249055301 152.9375 -72.0 3.3502140407422405 9
0001 0008 1711249055301 0.0 -74.5 0.6933593161243098 9
0001 0002 1711249055541 3.125 -78.0 5.93343768754166 9
0001 0011 1711249055542 -61.8125 -70.0 6.135923151542564 9
0001 0013 1711249055543 78.0625 -69.0 3.356349963893783 9
0001 0010 1711249055543 -156.1875 -68.0 5.810719224510809 9
0001 0008 1711249055546 -62.625 -72.0 2.564815877344792 9
0001 0005 1711249055546 29.25 -62.5 1.214912784005428 9
0001 0007 1711249055547 22.75 -63.5 3.509748042682347 9
0001 0001 1711249055548 -100.875 -69.0 0.2638446955163303 9
0001 0012 1711249055548 -2.875 -73.5 6.2034183062095325 9
0001 0000 1711249055549 5.3125 -76.0 4.356505437595221 9
0001 0001 1711249055549 -3.25 -70.0 3.650874275167826 9
0001 0004 1711249055550 -84.625 -66.5 6.252505691421874 9
0001 0012 1711249055551 -55.3125 -71.5 6.154330920997192 9
0001 0007 1711249055551 -22.75 -68.0 0.7485826244881929 9
0001 0000 1711249055552 -130.1875 -72.0 5.227806525114265 9
0001 0011 1711249055553 -74.8125 -69.0 2.9513790358919736 9
0001 0005 1711249055573 10.375 -67.5 0.21475731030398976 9
0001 0008 1711249055574 -1.9375 -78.5 4.190835512503572 9
0001 0010 1711249055799 -3.5 -74.0 4.890330751779424 9
0001 0001 1711249055800 35.75 -66.0 0.5706408530934585 9
0001 0010 1711249055801 69.125 -65.0 2.448233337465483 9
0001 0007 1711249055801 55.3125 -64.0 5.332117218690489 9
0001 0000 1711249055802 162.75 -72.5 2.061670178918302 9
0001 0005 1711249055803 3.25 -57.0 2.7979809571034093 9
0001 0004 1711249055803 -22.75 -70.5 0.09203884727313846 9
0001 0008 1711249055804 20.125 -77.0 4.878058905476339 9
0001 0012 1711249055804 0.5625 -73.0 5.442563835418255 9
0001 0009 1711249055805 3.5625 -72.5 6.270913460876501 9
0001 0015 1711249055806 3.5625 -72.5 0.1227184630308513 9
0001 0011 1711249055806 2.25 -73.5 6.050020227420969 9
0001 0012 1711249055808 -9.75 -67.0 0.5154175447295755 9
0001 0000 1711249055809 16.25 -70.0 5.737088146692298 9
0001 0008 1711249055809 -142.375 -72.5 1.0799224746714913 9
0001 0005 1711249055810 13.0 -61.5 5.086680292628786 9
0001 0010 1711249055810 34.9375 -63.5 4.73693267299086 9
0001 0007 1711249055811 55.3125 -66.5 2.000310947402876 9
0001 0009 1711249055811 71.5625 -65.5 4.331961744989051 9
0001 0011 1711249055812 -48.8125 -70.0 0.6442719309119693 9
0001 0015 1711249055831 -14.625 -71.0 5.546874528994478 9
0001 0008 1711249056034 45.5625 -73.0 2.724349879284899 9
0001 0011 1711249056034 87.875 -70.5 1.7855536370988863 9
0001 0015 1711249056035 19.5 -63.5 3.9576704327449543 9
0001 0012 1711249056035 87.875 -64.5 1.6382914814618648 9
0001 0010 1711249056036 30.875 -66.0 0.9081166264282996 9
0001 0009 1711249056037 -19.5 -63.5 5.835262917116979 9
0001 0005 1711249056037 52.0625 -63.0 1.5707963267948966 9
0001 0001 1711249056038 214.8125 -71.5 2.073942025221387 9
0001 0000 1711249056038 87.875 -70.5 1.533980787885641 9
0001 0003 1711249056039 -22.75 -71.5 3.7429131224409646 9
0001 0007 1711249056039 -7.4375 -75.0 5.859806609723149 9
0001 0009 1711249056040 9.75 -66.0 1.184233168247715 9
0001 0007 1711249056041 -240.875 -73.0 0.7240389318820226 9
0001 0015 1711249056042 -3.25 -60.0 4.0987966652304335 9
0001 0005 1711249056042 9.75 -59.5 4.0558452031696355 9
0001 0010 1711249056043 90.3125 -62.0 3.06182565261974 9
0001 0000 1711249056072 4.25 -75.5 2.2886993355253766 9
0001 0008 1711249056072 8.5 -76.5 0.22089323345553233 9
0001 0001 1711249056316 -0.5625 -75.5 0.8222137023067037 9
0001 0011 1711249056317 4.5625 -76.5 5.688000761479957 9
0001 0007 1711249056318 91.125 -70.0 2.6200391857086753 9
0001 0009 1711249056318 -6.5 -60.0 4.914874444385594 9
0001 0001 1711249056319 -52.0625 -71.0 2.859340188618835 9
0001 0015 1711249056319 16.25 -60.0 1.3008157081270237 9
0001 0005 1711249056320 -9.75 -60.0 0.705631162427395 9
0001 0010 1711249056321 -38.1875 -61.5 5.626641529964532 9
0001 0011 1711249056321 -100.875 -71.5 0.19634954084936207 9
0001 0000 1711249056322 3.25 -71.5 1.7855536370988863 9
0001 0012 1711249056322 -21.125 -73.5 5.638913376267617 9
0001 0008 1711249056323 -22.75 -74.5 0.7485826244881929 9
0001 0012 1711249056325 22.75 -64.0 3.0127382674073995 9
0001 0001 1711249056326 -149.6875 -70.0 6.019340611663256 9
0001 0005 1711249056326 13.0 -58.5 4.411728745959104 9
0001 0008 1711249056327 41.5 -72.5 5.71868037723767 9
0001 0003 1711249056327 -55.3125 -72.0 6.092971689481767 9
0001 0015 1711249056328 -9.75 -62.0 0.7792622402459057 9
0001 0010 1711249056329 62.625 -65.0 1.4358060174609601 9
0001 0011 1711249056329 -133.4375 -68.0 4.828971520263998 9
0001 0009 1711249056330 35.75 -64.0 1.552388557340269 9
0001 0013 1711249056467 32.3125 -76.5 5.037592907416445 9
0001 0007 1711249056468 1.5 -73.0 5.301437602932776 9
0001 0000 1711249056468 3.6875 -74.0 2.564815877344792 9
0001 0004 1711249056469 0.0 -73.5 2.5157284921324514 9
0001 0005 1711249056469 3.25 -55.5 1.7916895602504288 9
0001 0007 1711249056470 3.25 -69.0 4.4362724385652745 9
0001 0015 1711249056471 81.375 -63.5 5.283029833478148 9
0001 0013 1711249056471 -42.3125 -74.0 5.982525072754001 9
0001 0000 1711249056472 16.25 -70.0 3.5895150436524004 9
0001 0011 1711249056472 -68.3125 -69.0 2.380738182798515 9
0001 0009 1711249056473 3.25 -62.0 0.018407769454627694 9
0001 0006 1711249056473 9.75 -71.5 1.337631247036279 9
0001 0004 1711249056474 -26.0 -71.0 6.000932842208628 9
0001 0001 1711249056474 169.25 -68.0 3.423845118560751 9
0001 0003 1711249056475 58.5625 -72.5 4.706253057233147 9
0001 0006 1711249056475 2.4375 -70.5 5.2339424482658075 9
0001 0010 1711249056582 11.125 -72.5 2.804116880254952 9
0001 0014 1711249056583 -3.0 -72.5 4.902602598082509 9
0001 0003 1711249056583 87.875 -70.5 0.9572040116406401 9
0001 0001 1711249056584 61.8125 -67.0 1.043106935762236 9
0001 0013 1711249056584 13.0 -70.5 3.77972866135022 9
0001 0009 1711249056585 -13.0 -65.0 2.9145634969827183 9
0001 0000 1711249056585 -74.8125 -67.5 1.282407938672396 9
0001 0015 1711249056586 16.25 -66.0 0.8406214717613314 9
0001 0011 1711249056587 -26.0 -67.0 1.9880391010997909 9
0001 0005 1711249056587 0.0 -64.0 0.4970097752749477 9
0001 0007 1711249056588 9.75 -66.5 3.6692820446224537 9
0001 0010 1711249056588 48.8125 -68.5 2.2396119503130363 9
0001 0014 1711249056823 5.1875 -72.0 5.583690067903734 9
0001 0006 1711249056824 -0.875 -74.0 1.3989904785517047 9
0001 0007 1711249056824 -55.3125 -67.5 1.0737865515199487 9
0001 0005 1711249056825 -22.75 -63.0 4.608078286808466 9
0001 0012 1711249056825 -22.75 -74.0 5.780039608753096 9
0001 0001 1711249056826 45.5625 -67.0 4.681709364626977 9
0001 0000 1711249056826 -78.0625 -67.0 4.706253057233147 9
0001 0011 1711249056827 -55.3125 -63.5 5.037592907416445 9
0001 0015 1711249056827 -52.0625 -63.0 1.7855536370988863 9
0001 0013 1711249056828 0.0 -55.5 1.8285050991596843 9
0001 0010 1711249056829 13.8125 -68.0 6.129787228391022 9
0001 0014 1711249056829 16.25 -63.5 0.9786797426710391 9
0001 0003 1711249056830 2.875 -74.5 0.30679615757712825 9
0001 0008 1711249056831 -1.8125 -79.0 4.9823695990525625 9
0001 0002 1711249056980 5.0 -77.5 3.816544200259475 9
0001 0001 1711249056980 68.3125 -63.5 1.662835174068035 9
0001 0003 1711249056981 91.125 -69.0 1.6751070203711202 9
0001 0013 1711249056981 -22.75 -57.5 4.1172044346850605 9
0001 0007 1711249056982 29.25 -63.0 5.325981295538946 9
0001 0005 1711249056983 58.5625 -59.5 2.5893595699509624 9
0001 0000 1711249056983 -26.0 -65.0 1.2762720155208536 9
0001 0010 1711249056984 79.75 -72.0 3.368621810196868 9
0001 0002 1711249056984 59.375 -74.5 1.0676506283684062 9
0001 0008 1711249056985 -163.5625 -75.0 4.080388895775806 9
0001 0004 1711249056985 11.375 -71.0 4.917942405961366 9
0001 0014 1711249056986 20.3125 -70.0 0.7485826244881929 9
0001 0011 1711249056986 6.8125 -75.0 4.571262747899211 9
0001 0005 1711249056987 13.0 -58.5 4.601942363656923 9
0001 0004 1711249056988 -65.0625 -65.0 4.798291904506286 9
0001 0007 1711249056988 42.3125 -64.5 0.5890486225480862 9
0001 0000 1711249056989 -65.0625 -67.5 4.804427827657828 9
0001 0013 1711249056989 -26.0 -59.0 5.031456984264903 9
0001 0014 1711249056990 42.3125 -69.5 3.3318062712876126 9
0001 0011 1711249056990 -113.875 -70.0 3.2397674240144743 9
0001 0008 1711249056998 41.5 -73.5 5.559146375297564 9
0001 0001 1711249056998 19.5 -65.5 4.614214209960009 9
0001 0002 1711249057072 -7.3125 -77.0 0.6565437772150544 9
0001 0006 1711249057234 7.3125 -72.0 0.5767767762450011 9
0001 0011 1711249057234 22.75 -64.0 5.47937937432751 9
0001 0000 1711249057235 19.5 -65.0 0.5951845456996288 9
0001 0005 1711249057235 19.5 -60.0 0.47860200582032003 9
0001 0013 1711249057236 6.5 -61.5 0.7792622402459057 9
0001 0007 1711249057236 58.5625 -64.0 1.9696313316451632 9
0001 0001 1711249057237 52.0625 -67.0 1.41126232485479 9
0001 0004 1711249057237 -42.3125 -66.5 4.945554060143307 9
0001 0008 1711249057238 68.3125 -75.0 1.9757672547967058 9
0001 0002 1711249057238 10.375 -76.5 0.2699806186678728 9
0001 0014 1711249057239 -0.5625 -66.5 4.485359823777615 9
0001 0007 1711249057239 -13.0 -64.5 3.77972866135022 9
0001 0005 1711249057240 13.0 -60.0 2.767301341345697 9
0001 0000 1711249057241 91.125 -65.5 2.5341362615870793 9
0001 0014 1711249057241 55.3125 -65.5 1.6566992509164924 9
0001 0013 1711249057242 22.75 -61.5 2.478912953223196 9
0001 0011 1711249057242 -22.75 -68.0 0.7669903939428205 9
0001 0002 1711249057243 121.25 -72.0 2.3746022596469727 9
0001 0001 1711249057243 -19.5 -65.5 3.9147189706841563 9
0001 0008 1711249057243 -76.4375 -73.5 4.890330751779424 9
0001 0010 1711249057320 11.125 -72.0 1.5585244804918115 9
0001 0012 1711249057320 3.3125 -76.0 4.914874444385594 9
0001 0004 1711249057321 -2.125 -73.5 5.64504929941916 9
