0001 0012 1711248774968 -55.3125 -62.5 1.564660403643354 9
0001 0009 1711248774976 55.3125 -65.0 5.21553467881118 9
0001 0015 1711248774977 -19.5 -63.5 2.2150682577068657 9
0001 0003 1711248774978 -6.5 -69.5 4.92714629068868 9
0001 0011 1711248774978 32.5 -63.0 0.8099418560036186 9
0001 0010 1711248774979 -17.0625 -70.5 0.47860200582032003 9
0001 0013 1711248774979 -68.3125 -66.0 3.2397674240144743 9
0001 0014 1711248774980 -78.0625 -71.5 1.5953400194010667 9
0001 0010 1711248774980 -4.0625 -72.0 0.47860200582032003 9
0001 0015 1711248774981 42.3125 -63.5 2.098485717827557 9
0001 0011 1711248774981 -35.75 -63.0 0.9756117810952678 9
0001 0013 1711248774981 94.375 -65.5 2.988194574801229 9
0001 0009 1711248774982 -65.0625 -65.0 5.381204603902829 9
0001 0012 1711248774982 45.5625 -62.5 1.4296700943094176 9
0001 0014 1711248774983 84.625 -69.5 1.521708941582556 9
0001 0003 1711248774983 -146.4375 -70.5 5.307573526084319 9
0001 0014 1711248775064 47.1875 -71.5 4.700117134081604 9
0001 0010 1711248775065 -12.1875 -72.0 3.6754179677739964 9
0001 0015 1711248775066 55.3125 -63.5 2.055534255766759 9
0001 0011 1711248775067 3.25 -62.5 0.8528933180644165 9
0001 0012 1711248775068 39.0 -63.0 1.4358060174609601 9
0001 0003 1711248775069 -39.0 -69.5 4.963961829597935 9
0001 0013 1711248775070 -26.0 -66.0 3.2888548092268146 9
0001 0009 1711248775071 -68.3125 -65.0 5.344389064993574 9
0001 0014 1711248775072 -65.0625 -70.5 1.7303303287350031 9
0001 0014 1711248775073 -21.9375 -71.0 4.8259035586882275 9
0001 0010 1711248775301 -8.5 -72.5 0.5276893910326605 9
0001 0007 1711248775301 -0.125 -75.5 0.5645049299419159 9
0001 0013 1711248775303 35.75 -66.5 3.215223731408304 9
0001 0003 1711248775304 107.375 -70.5 4.767612288748572 9
0001 0009 1711248775305 0.0 -65.5 5.197126909356553 9
0001 0015 1711248775306 -74.8125 -63.5 2.270291566070749 9
0001 0012 1711248775307 19.5 -63.0 1.4726215563702154 9
0001 0011 1711248775308 26.0 -62.5 0.8528933180644165 9
0001 0014 1711248775309 13.0 -71.0 4.804427827657828 9
0001 0010 1711248775310 -1.1875 -72.0 0.4724660826687775 9
0001 0007 1711248775311 0.9375 -75.0 0.37429131224409645 9
0001 0011 1711248775312 -9.75 -62.5 0.8406214717613314 9
0001 0009 1711248775315 65.0625 -66.0 4.921010367537137 9
0001 0013 1711248775315 87.875 -66.0 2.988194574801229 9
0001 0015 1711248775316 26.0 -63.5 2.141437179888355 9
0001 0012 1711248775317 52.0625 -63.5 1.337631247036279 9
0001 0003 1711248775318 29.25 -70.5 4.6878452877785195 9
0001 0014 1711248775554 1.625 -71.5 4.804427827657828 9
0001 0010 1711248775555 0.5625 -72.0 0.4049709280018093 9
0001 0007 1711248775556 -0.8125 -75.5 0.619728238305799 9
0001 0011 1711248775557 -19.5 -62.5 0.859029241215959 9
0001 0015 1711248775558 -55.3125 -63.0 2.2641556429192065 9
0001 0003 1711248775558 -3.25 -70.5 4.828971520263998 9
0001 0012 1711248775559 -16.25 -63.0 1.4971652489763858 9
0001 0009 1711248775560 87.875 -66.0 5.098952138931871 9
0001 0013 1711248775561 65.0625 -65.5 3.1784081924990484 9
0001 0014 1711248775562 10.5625 -71.0 4.733864711415088 9
0001 0010 1711248775563 15.25 -72.0 3.522019888985432 9
0001 0007 1711248775564 1.875 -75.5 0.5031456984264903 9
0001 0011 1711248775700 -52.0625 -62.5 0.9203884727313847 9
0001 0013 1711248775701 45.5625 -66.5 3.1968159619536762 9
0001 0012 1711248775702 -13.0 -62.5 1.5462526341887264 9
0001 0009 1711248775702 -87.875 -65.5 5.289165756629691 9
0001 0015 1711248775703 -13.0 -63.5 2.2027964114037806 9
0001 0003 1711248775704 -159.5 -70.5 5.197126909356553 9
0001 0014 1711248775705 -0.8125 -71.0 4.81056375080937 9
0001 0010 1711248775706 -5.1875 -72.5 0.47860200582032003 9
0001 0007 1711248775707 5.1875 -75.0 0.4049709280018093 9
0001 0003 1711248775708 -149.6875 -70.5 5.00077736850719 9
0001 0013 1711248775709 55.3125 -66.5 3.2459033471660166 9
0001 0015 1711248775710 58.5625 -63.5 2.0923497946760143 9
0001 0012 1711248775712 6.5 -63.0 1.4296700943094176 9
0001 0011 1711248775713 -42.3125 -62.5 0.8713010875190442 9
0001 0009 1711248775714 52.0625 -65.0 5.270757987175063 9
0001 0014 1711248775715 43.9375 -71.5 4.663301595172349 9
0001 0010 1711248775802 11.5625 -72.0 0.42337869745643697 9
0001 0007 1711248775947 -1.9375 -75.5 0.607456392002714 9
0001 0013 1711248775947 29.25 -66.0 3.2336315008629315 9
0001 0012 1711248775948 -6.5 -62.5 1.4358060174609601 9
0001 0009 1711248775949 -39.0 -65.0 5.356660911296659 9
0001 0015 1711248775950 -16.25 -63.5 2.2027964114037806 9
0001 0011 1711248775951 -42.3125 -62.5 0.8344855486097889 9
0001 0003 1711248775952 -45.5625 -70.0 4.988505522204105 9
0001 0014 1711248775953 6.5 -71.0 4.749204519293945 9
0001 0010 1711248775954 25.1875 -72.0 0.401902966426038 9
0001 0007 1711248775955 0.0 -75.0 0.47860200582032003 9
0001 0015 1711248775956 48.8125 -64.0 2.1598449493429825 9
0001 0009 1711248775957 -107.375 -65.0 5.399612373357457 9
0001 0003 1711248775959 156.1875 -70.0 4.595806440505381 9
0001 0010 1711248775960 27.625 -71.0 0.4540583132141498 9
0001 0013 1711248775961 -29.25 -65.5 3.2581751934691017 9
0001 0012 1711248775961 -39.0 -62.5 1.5401167110371838 9
0001 0011 1711248775962 16.25 -63.0 0.7485826244881929 9
0001 0010 1711248776052 -13.0 -72.0 0.4295146206079795 9
0001 0014 1711248776053 -7.875 -72.0 1.5892040962495242 9
0001 0007 1711248776210 -3.25 -75.0 0.46019423636569234 9
0001 0009 1711248776211 -13.0 -65.5 5.350524988145116 9
0001 0015 1711248776211 39.0 -63.5 2.1230294104337273 9
0001 0003 1711248776212 -94.375 -71.0 5.074408446325701 9
0001 0011 1711248776213 -13.0 -62.0 0.6933593161243098 9
0001 0013 1711248776214 126.9375 -66.5 2.9820586516496865 9
0001 0012 1711248776215 -16.25 -62.5 1.5585244804918115 9
0001 0010 1711248776216 3.25 -70.5 0.47860200582032003 9
0001 0014 1711248776216 -1.8125 -72.5 1.5278448647340985 9
0001 0007 1711248776217 -9.75 -75.5 0.6810874698212247 9
0001 0009 1711248776218 19.5 -67.0 5.473243451175968 9
0001 0013 1711248776219 -22.75 -66.0 3.472932503773092 9
0001 0015 1711248776221 -9.75 -63.0 2.1966604882522383 9
0001 0011 1711248776222 -6.5 -62.5 0.6442719309119693 9
0001 0012 1711248776222 -48.8125 -62.0 1.662835174068035 9
0001 0010 1711248776223 -24.375 -71.5 0.5951845456996288 9
0001 0007 1711248776301 -7.3125 -73.5 4.04357335686655 9
0001 0014 1711248776301 12.8125 -72.5 1.5462526341887264 9
0001 0015 1711248776552 -19.5 -69.0 3.497476196379262 9
0001 0013 1711248776553 -19.5 -62.5 4.657165672020807 9
0001 0009 1711248776554 -32.5 -68.5 5.688000761479957 9
0001 0012 1711248776555 39.0 -64.0 2.2641556429192065 9
0001 0011 1711248776556 -42.3125 -63.5 0.8160777791551611 9
0001 0010 1711248776556 -152.9375 -69.0 1.1044661672776617 9
0001 0007 1711248776557 15.4375 -72.5 0.6504078540635119 9
0001 0014 1711248776558 -3.5625 -70.0 1.6321555583103222 9
0001 0014 1711248776559 16.25 -68.5 1.552388557340269 9
0001 0015 1711248776560 -16.25 -61.5 4.074252972624263 9
0001 0012 1711248776560 29.25 -66.5 1.9880391010997909 9
0001 0009 1711248776561 -74.8125 -66.5 6.209554229361076 9
0001 0010 1711248776563 0.0 -67.0 1.521708941582556 9
0001 0011 1711248776563 -107.375 -65.5 0.21475731030398976 9
0001 0004 1711248776564 2.25 -75.0 1.227184630308513 9
0001 0010 1711248776797 97.625 -69.5 1.4603497100671303 9
0001 0012 1711248776797 -32.5 -61.0 2.8409324191642074 9
0001 0009 1711248776798 0.0 -61.0 1.2333205534600555 9
0001 0014 1711248776799 5.6875 -70.5 5.1817871014776955 9
0001 0005 1711248776800 13.8125 -72.5 0.0337475773334841 9
0001 0015 1711248776800 -26.0 -70.5 4.994641445355648 9
0001 0012 1711248776801 32.5 -59.5 3.2090878082567613 9
0001 0009 1711248776802 9.75 -63.0 1.6689710972195777 9
0001 0015 1711248776803 -42.3125 -62.5 0.2454369260617026 9
0001 0010 1711248776803 55.3125 -71.0 2.411417798556228 9
0001 0014 1711248776804 12.1875 -72.5 5.473243451175968 9
0001 0003 1711248776805 -10.375 -74.5 6.264777537724958 9
0001 0009 1711248776806 3.25 -59.0 3.2029518851052186 9
0001 0012 1711248776806 3.25 -59.5 3.9576704327449543 9
0001 0003 1711248776807 9.75 -67.5 4.25833066717054 9
0001 0015 1711248776808 42.3125 -64.0 0.6442719309119693 9
0001 0000 1711248776809 -263.625 -72.5 0.5829126993965437 9
0001 0014 1711248777040 -19.5 -71.0 5.715612415661899 9
0001 0011 1711248777041 -38.4375 -76.0 1.2640001692177683 9
0001 0015 1711248777042 -3.25 -66.5 0.521553467881118 9
0001 0012 1711248777042 42.3125 -61.5 4.706253057233147 9
0001 0007 1711248777043 100.875 -68.0 1.8837284075235674 9
0001 0011 1711248777044 55.3125 -70.5 5.203262832508095 9
0001 0009 1711248777044 0.0 -58.5 5.074408446325701 9
0001 0005 1711248777045 55.3125 -71.5 3.80427235395639 9
0001 0003 1711248777046 -6.5 -66.5 5.71868037723767 9
0001 0014 1711248777046 195.25 -70.5 1.8285050991596843 9
0001 0000 1711248777047 -65.0625 -72.0 1.4296700943094176 9
0001 0014 1711248777048 7.3125 -71.0 5.289165756629691 9
0001 0015 1711248777049 -48.8125 -68.5 2.8716120349219203 9
0001 0009 1711248777049 9.75 -63.0 0.7424467013366504 9
0001 0007 1711248777050 61.8125 -68.0 3.5711072741977725 9
0001 0011 1711248777051 19.5 -62.0 1.8223691760081417 9
0001 0005 1711248777051 -32.5 -69.0 5.448699758569798 9
0001 0012 1711248777052 78.0625 -64.5 5.792311455056181 9
0001 0014 1711248777053 81.375 -68.5 2.043262409463674 9
0001 0003 1711248777054 -26.0 -68.0 1.521708941582556 9
0001 0010 1711248777302 5.5625 -76.5 3.5895150436524004 9
0001 0000 1711248777303 10.5625 -76.5 2.0923497946760143 9
0001 0014 1711248777304 -52.0625 -68.0 2.9022916506796332 9
0001 0000 1711248777304 3.25 -72.0 2.8409324191642074 9
0001 0011 1711248777305 -9.75 -60.5 4.693981210930062 9
0001 0007 1711248777306 1.8125 -75.5 0.28838838812250056 9
0001 0009 1711248777307 3.875 -69.5 5.344389064993574 9
0001 0009 1711248777308 71.5625 -68.0 2.3746022596469727 9
0001 0011 1711248777308 -45.5625 -64.5 1.3437671701878218 9
0001 0000 1711248777309 19.5 -67.5 4.994641445355648 9
0001 0007 1711248777310 68.3125 -66.5 4.430136515413731 9
0001 0008 1711248777310 -20.3125 -74.0 1.1198059751565181 9
0001 0002 1711248777521 8.5 -79.0 4.97623367590102 9
0001 0001 1711248777522 3.8125 -75.5 1.239456476611598 9
0001 0014 1711248777523 7.625 -71.0 0.47860200582032003 9
0001 0004 1711248777523 1.5625 -73.0 0.19634954084936207 9
0001 0007 1711248777524 -126.9375 -69.0 0.9572040116406401 9
0001 0005 1711248777525 6.5 -67.5 4.663301595172349 9
0001 0001 1711248777525 -260.375 -70.0 2.9084275738311756 9
0001 0010 1711248777526 24.375 -69.0 2.110757564130642 9
0001 0002 1711248777527 45.5625 -73.5 2.067806102069844 9
0001 0011 1711248777527 -9.75 -65.0 4.945554060143307 9
0001 0004 1711248777528 -58.5625 -69.0 0.25770877236478773 9
0001 0008 1711248777529 -24.375 -71.0 5.491651220630596 9
0001 0003 1711248777530 61.8125 -69.5 3.2090878082567613 9
0001 0000 1711248777531 -139.9375 -71.0 0.8160777791551611 9
0001 0013 1711248777531 -11.375 -72.0 2.119961448857956 9
0001 0014 1711248777532 6.125 -71.0 0.9142525495798421 9
0001 0011 1711248777553 -48.8125 -66.5 0.07976700097005335 9
0001 0014 1711248777553 -97.625 -67.5 6.178874613603362 9
0001 0013 1711248777554 -16.25 -65.0 0.944932165337555 9
0001 0002 1711248777555 -16.25 -70.5 3.2520392703175593 9
0001 0004 1711248777555 -19.5 -65.0 0.2454369260617026 9
0001 0005 1711248777556 58.5625 -61.5 1.0246991663076084 9
0001 0001 1711248777557 19.5 -67.5 4.847379289718626 9
0001 0007 1711248777557 6.5 -69.0 3.890175278077986 9
0001 0014 1711248777803 -42.3125 -60.5 6.019340611663256 9
0001 0005 1711248777803 -35.75 -62.5 2.337786720737717 9
0001 0007 1711248777804 -133.4375 -68.5 5.724816300389213 9
0001 0011 1711248777805 -9.75 -64.5 1.423534171157875 9
0001 0013 1711248777805 61.8125 -64.5 1.5278448647340985 9
0001 0001 1711248777806 -139.9375 -67.5 0.6442719309119693 9
0001 0004 1711248777807 -78.0625 -66.5 0.944932165337555 9
0001 0010 1711248777807 1.5 -73.0 6.234097921967246 9
0001 0000 1711248777808 0.875 -73.5 5.154175447295755 9
0001 0008 1711248777809 4.0 -77.5 0.3374757733348411 9
0001 0007 1711248777925 -9.75 -61.0 1.2640001692177683 9
0001 0000 1711248777926 97.625 -71.0 3.2090878082567613 9
0001 0014 1711248777926 -16.25 -62.5 0.9756117810952678 9
0001 0001 1711248777927 -52.0625 -68.0 3.380893656499953 9
0001 0013 1711248777927 -35.75 -64.5 2.1966604882522383 9
0001 0011 1711248777928 48.8125 -67.5 2.9022916506796332 9
0001 0010 1711248777929 0.0 -67.0 1.9696313316451632 9
0001 0005 1711248777929 -3.25 -64.0 5.129631754689584 9
0001 0008 1711248777930 51.25 -75.0 0.9572040116406401 9
0001 0011 1711248777931 -78.0625 -70.0 5.129631754689584 9
0001 0007 1711248777931 -35.75 -62.0 2.8532042654672924 9
0001 0013 1711248777932 61.8125 -67.0 2.6016314162540475 9
0001 0010 1711248777934 35.75 -67.5 5.252350217720435 9
0001 0008 1711248777934 128.5625 -74.0 2.227340104009951 9
0001 0001 1711248777935 -22.75 -68.0 0.20248546400090464 9
0001 0005 1711248777936 19.5 -62.5 0.39269908169872414 9
0001 0002 1711248777936 -87.0625 -73.0 1.0983302441261191 9
0001 0012 1711248778050 -0.4375 -74.5 1.1965050145508 9
0001 0000 1711248778051 1.75 -76.0 4.276738436625168 9
0001 0004 1711248778217 -45.5625 -68.0 6.178874613603362 9
0001 0005 1711248778218 45.5625 -65.5 1.9819031779482483 9
0001 0011 1711248778218 -74.8125 -66.0 2.5832236467994196 9
0001 0007 1711248778219 -16.25 -65.0 5.583690067903734 9
0001 0001 1711248778220 22.75 -70.5 3.6201946594101133 9
0001 0000 1711248778220 -94.375 -71.5 5.160311370447297 9
0001 0012 1711248778221 68.3125 -72.5 4.442408361716817 9
0001 0008 1711248778222 -11.5625 -78.0 1.4726215563702154 9
0001 0010 1711248778223 3.6875 -71.0 4.546719055293041 9
0001 0005 1711248778224 19.5 -57.5 2.454369260617026 9
0001 0001 1711248778224 26.0 -65.5 0.5951845456996288 9
0001 0010 1711248778225 183.875 -68.0 1.3928545554001621 9
0001 0004 1711248778228 29.25 -67.5 0.04295146206079795 9
0001 0007 1711248778229 -29.25 -64.5 4.779884135051658 9
0001 0000 1711248778229 -65.0625 -71.0 2.098485717827557 9
0001 0008 1711248778230 16.3125 -78.0 4.172427743048944 9
0001 0012 1711248778301 9.75 -75.0 5.491651220630596 9
0001 0009 1711248778464 4.5625 -71.5 5.154175447295755 9
0001 0015 1711248778465 12.1875 -72.0 0.17794177139473438 9
0001 0011 1711248778472 0.125 -73.0 5.559146375297564 9
0001 0007 1711248778472 -6.5 -64.5 1.337631247036279 9
0001 0010 1711248778473 17.0625 -62.0 3.8410878928656453 9
0001 0009 1711248778474 107.375 -66.0 2.988194574801229 9
0001 0000 1711248778474 42.3125 -70.5 4.767612288748572 9
0001 0008 1711248778475 -97.625 -72.0 0.8835729338221293 9
0001 0012 1711248778476 -13.0 -68.0 5.902758071783947 9
0001 0005 1711248778476 16.25 -61.5 5.583690067903734 9
0001 0015 1711248778477 26.0 -63.0 0.8467573949128739 9
0001 0011 1711248778478 -39.0625 -71.0 0.0859029241215959 9
0001 0001 1711248778480 6.0 -74.5 1.3314953238847365 9
0001 0015 1711248778480 -19.5 -63.0 5.080544369477243 9
0001 0010 1711248778481 -38.1875 -60.5 5.64504929941916 9
0001 0012 1711248778481 -13.0 -60.5 1.6260196351587797 9
0001 0009 1711248778483 -48.8125 -66.5 4.571262747899211 9
0001 0008 1711248778483 -62.625 -71.0 2.6139032625571326 9
0001 0005 1711248778484 0.0 -60.0 1.8530487917658545 9
0001 0007 1711248778484 -156.1875 -69.5 3.6324665057131984 9
0001 0011 1711248778485 68.3125 -67.5 1.6505633277649499 9
0001 0003 1711248778486 -68.3125 -70.0 3.522019888985432 9
0001 0000 1711248778486 -133.4375 -73.0 1.2946797849754812 9
0001 0001 1711248778551 30.0625 -73.0 5.264622064023521 9
0001 0014 1711248778551 -0.5625 -71.5 4.97623367590102 9
0001 0010 1711248778750 9.75 -61.0 1.5462526341887264 9
0001 0009 1711248778751 45.5625 -66.0 1.2578642460662257 9
0001 0005 1711248778751 22.75 -58.5 4.405592822807561 9
0001 0015 1711248778752 61.8125 -63.0 4.878058905476339 9
0001 0008 1711248778753 69.125 -71.0 0.28838838812250056 9
0001 0000 1711248778753 -143.1875 -71.0 5.21553467881118 9
0001 0007 1711248778754 -48.8125 -71.0 0.5031456984264903 9
0001 0011 1711248778754 -279.9375 -72.0 4.381049130201391 9
0001 0001 1711248778755 -6.6875 -74.0 0.4663301595172349 9
0001 0012 1711248778755 -0.875 -74.5 5.553010452146021 9
0001 0003 1711248778756 2.5625 -72.5 4.264466590322082 9
0001 0012 1711248778757 26.0 -69.5 0.07363107781851078 9
0001 0000 1711248778758 -68.3125 -70.0 0.4111068511533518 9
0001 0003 1711248778759 -65.0625 -69.0 4.485359823777615 9
0001 0010 1711248778760 7.3125 -63.5 4.614214209960009 9
0001 0014 1711248778760 -13.0 -65.0 2.000310947402876 9
0001 0015 1711248778761 32.5 -64.0 4.374913207049849 9
0001 0005 1711248778761 0.0 -59.5 1.6444274046134073 9
0001 0009 1711248778762 0.0 -60.5 4.430136515413731 9
0001 0007 1711248778762 -68.3125 -71.0 3.472932503773092 9
0001 0011 1711248778763 -19.5 -67.0 0.1718058482431918 9
0001 0001 1711248778764 -45.5625 -68.0 3.3195344249845276 9
0001 0008 1711248778764 -13.8125 -74.0 2.761165418194154 9
0001 0013 1711248779009 -1.1875 -79.5 0.17794177139473438 9
0001 0009 1711248779010 55.3125 -66.5 0.7731263170943632 9
0001 0005 1711248779010 -13.0 -57.0 4.620350133111551 9
0001 0011 1711248779011 -6.5 -67.5 4.276738436625168 9
0001 0003 1711248779011 84.625 -70.5 0.04908738521234052 9
0001 0012 1711248779012 9.75 -65.0 2.521864415283994 9
0001 0015 1711248779012 -26.0 -57.0 3.6386024288647407 9
0001 0010 1711248779013 76.4375 -65.0 1.0921943209745766 9
0001 0001 1711248779013 -32.5 -66.0 5.841398840268521 9
0001 0014 1711248779014 94.375 -66.0 2.110757564130642 9
0001 0007 1711248779014 16.25 -70.5 0.6442719309119693 9
0001 0008 1711248779015 -35.75 -74.0 5.43029198911517 9
0001 0013 1711248779016 10.9375 -75.0 3.9944859716542096 9
0001 0000 1711248779016 6.5 -77.0 5.964117303299373 9
0001 0001 1711248779017 26.0 -63.5 2.227340104009951 9
0001 0011 1711248779017 -65.0625 -67.0 1.7732817907958012 9
0001 0015 1711248779018 -3.25 -60.5 3.043417883165112 9
0001 0005 1711248779018 -6.5 -57.5 1.6198837120072371 9
0001 0010 1711248779019 55.3125 -69.0 4.608078286808466 9
0001 0006 1711248779020 -26.0 -70.5 0.19634954084936207 9
0001 0009 1711248779021 -45.5625 -64.0 5.45483568172134 9
0001 0007 1711248779021 -208.3125 -69.5 5.056000676871073 9
0001 0000 1711248779021 84.625 -70.0 3.2336315008629315 9
0001 0013 1711248779051 4.875 -70.5 3.9147189706841563 9
0001 0004 1711248779051 5.4375 -72.5 3.32567034813607 9
0001 0003 1711248779052 -3.0 -73.5 2.4605051837685683 9
0001 0014 1711248779276 4.5625 -69.5 5.522330836388308 9
0001 0010 1711248779276 48.8125 -64.5 1.6935147898257479 9
0001 0009 1711248779276 29.25 -62.0 1.4603497100671303 9
0001 0003 1711248779277 29.25 -68.5 0.9572040116406401 9
0001 0015 1711248779277 19.5 -60.5 3.2765829629237295 9
0001 0005 1711248779278 -13.0 -63.5 5.013049214810275 9
0001 0007 1711248779279 35.75 -67.5 2.9329712664373457 9
0001 0013 1711248779279 29.25 -59.0 3.5956509668039427 9
0001 0001 1711248779280 -32.5 -65.0 5.792311455056181 9
0001 0000 1711248779280 -9.75 -68.0 6.111379458936394 9
0001 0014 1711248779281 8.9375 -70.5 2.055534255766759 9
0001 0011 1711248779281 6.6875 -71.0 4.890330751779424 9
0001 0013 1711248779282 -13.0 -58.5 0.04908738521234052 9
0001 0005 1711248779283 45.5625 -64.5 3.074097498922825 9
0001 0011 1711248779283 87.875 -68.5 2.9206994201342606 9
0001 0000 1711248779284 -61.8125 -68.5 2.988194574801229 9
0001 0007 1711248779284 35.75 -67.0 0.4970097752749477 9
0001 0015 1711248779285 -55.3125 -65.5 4.491495746929157 9
0001 0001 1711248779286 42.3125 -65.5 2.834796496012665 9
0001 0010 1711248779286 10.5625 -68.0 4.577398671050753 9
0001 0009 1711248779301 0.0 -72.0 5.436427912266712 9
0001 0014 1711248779443 7.125 -70.5 2.067806102069844 9
0001 0006 1711248779443 0.4375 -72.5 6.074563920027139 9
0001 0003 1711248779444 1.25 -73.0 0.5829126993965437 9
0001 0012 1711248779444 2.125 -78.0 0.9756117810952678 9
0001 0008 1711248779445 0.25 -78.5 4.97623367590102 9
0001 0004 1711248779445 -4.875 -75.0 5.810719224510809 9
0001 0002 1711248779446 30.875 -72.0 0.42337869745643697 9
0001 0000 1711248779446 -71.5625 -65.5 6.19728238305799 9
0001 0001 1711248779447 -39.0 -64.0 1.000155473701438 9
0001 0007 1711248779448 13.0 -64.5 3.816544200259475 9
0001 0014 1711248779448 42.3125 -62.5 4.657165672020807 9
0001 0009 1711248779449 -143.1875 -68.0 1.141281706186917 9
0001 0013 1711248779450 -6.5 -57.0 2.012582793705961 9
0001 0005 1711248779451 -6.5 -62.0 1.41126232485479 9
0001 0010 1711248779451 83.0 -69.5 0.7731263170943632 9
0001 0011 1711248779452 -71.5625 -69.5 5.037592907416445 9
0001 0003 1711248779452 113.875 -68.0 1.4848934026733007 9
0001 0004 1711248779553 -33.3125 -72.5 5.688000761479957 9
0001 0008 1711248779554 9.125 -76.5 6.117515382087937 9
0001 0006 1711248779555 13.375 -73.0 1.1903690913992575 9
0001 0013 1711248779705 -35.75 -59.0 3.3379421944391554 9
0001 0014 1711248779705 -48.8125 -64.0 0.7363107781851077 9
0001 0001 1711248779706 -32.5 -64.5 4.0128937411088375 9
0001 0007 1711248779706 -58.5625 -63.0 5.559146375297564 9
0001 0005 1711248779707 -42.3125 -58.0 3.5772431973493153 9
0001 0004 1711248779707 3.25 -67.5 4.9823695990525625 9
0001 0002 1711248779708 -17.0625 -71.0 3.098641191528995 9
0001 0000 1711248779708 84.625 -68.5 2.9513790358919736 9
0001 0008 1711248779709 48.8125 -75.0 4.605010325232695 9
0001 0011 1711248779709 -10.9375 -73.5 5.166447293598839 9
0001 0010 1711248779710 6.25 -74.0 6.007068765360171 9
0001 0012 1711248779710 0.25 -76.0 0.35588354278946877 9
0001 0014 1711248779711 35.75 -68.5 3.3379421944391554 9
0001 0011 1711248779712 -48.8125 -65.0 4.454680208019902 9
0001 0004 1711248779712 -107.375 -69.0 4.3074180523828804 9
0001 0001 1711248779713 13.0 -65.5 0.7424467013366504 9
0001 0002 1711248779713 -21.125 -73.0 6.007068765360171 9
0001 0010 1711248779714 -69.125 -67.0 2.2886993355253766 9
0001 0000 1711248779714 32.5 -66.5 6.258641614573416 9
0001 0005 1711248779715 -9.75 -61.0 5.344389064993574 9
0001 0013 1711248779716 35.75 -60.0 4.963961829597935 9
0001 0012 1711248779716 -16.25 -72.0 0.8774370106705868 9
0001 0007 1711248779717 -3.25 -63.0 1.5953400194010667 9
0001 0008 1711248779800 10.375 -77.0 5.448699758569798 9
