0009 0004 1710054546206 -32.5 -63.5 5.3198453723874035 3
0009 0000 1710054546214 3.25 -66.5 0.6135923151542565 3
0009 0006 1710054546214 58.5625 -67.0 0.0674951546669682 3
0009 0001 1710054546215 100.875 -70.0 3.6140587362585705 3
0009 0006 1710054546215 91.125 -66.5 0.02454369260617026 3
0009 0000 1710054546216 39.0 -67.0 0.5706408530934585 3
0009 0004 1710054546216 -13.0 -64.0 5.3627968344482015 3
0009 0001 1710054546217 19.5 -70.0 3.5465635815916023 3
0009 0004 1710054546218 81.375 -64.5 5.227806525114265 3
0009 0006 1710054546218 -26.0 -68.0 0.15339807878856412 3
0009 0000 1710054546219 35.75 -65.5 0.5890486225480862 3
0009 0001 1710054546219 -100.875 -70.0 3.816544200259475 3
0009 0004 1710054546422 26.0 -63.5 5.264622064023521 3
0009 0000 1710054546424 65.0625 -67.0 0.6749515466696822 3
0009 0001 1710054546425 -201.8125 -70.5 3.877903431774901 3
0009 0006 1710054546426 13.0 -68.0 0.14112623248547898 3
0009 0000 1710054546427 58.5625 -67.5 0.5338253141842031 3
0009 0004 1710054546428 -71.5625 -63.5 5.418020142812084 3
0009 0001 1710054546429 -152.9375 -70.0 3.706097583531709 3
0009 0006 1710054546430 9.75 -67.0 0.1349903093339364 3
0009 0007 1710054546431 5.75 -74.0 0.6994952392758523 3
0009 0007 1710054546671 30.875 -70.0 0.5829126993965437 3
0009 0000 1710054546672 22.75 -66.5 1.0246991663076084 3
0009 0006 1710054546673 100.875 -67.0 6.22182607566416 3
0009 0001 1710054546674 -192.0 -69.5 4.000621894805752 3
0009 0004 1710054546675 19.5 -63.0 5.534602682691394 3
0009 0004 1710054546676 -13.0 -60.5 0.07976700097005335 3
0009 0000 1710054546677 -29.25 -63.5 2.5157284921324514 3
0009 0001 1710054546678 -162.75 -67.5 4.9823695990525625 3
0009 0008 1710054546679 61.8125 -73.5 0.6780195082454534 3
0009 0010 1710054546680 4.6875 -75.0 0.5951845456996288 3
0009 0012 1710054546681 7.0 -77.5 1.6935147898257479 3
0009 0000 1710054546799 -32.5 -66.0 4.503767593232243 3
0009 0004 1710054546800 -113.875 -68.5 3.6386024288647407 3
0009 0001 1710054546801 192.0 -70.5 0.18407769454627693 3
0009 0010 1710054546802 3.25 -67.5 1.6996507129772904 3
0009 0012 1710054546803 9.75 -75.5 5.049864753719531 3
0009 0009 1710054546804 3.625 -74.5 0.6688156235181395 3
0009 0008 1710054546805 8.0 -77.5 0.7915340865489908 3
0009 0005 1710054546806 -13.0 -65.0 3.368621810196868 3
0009 0010 1710054546807 9.75 -65.5 4.0558452031696355 3
0009 0007 1710054546808 0.0 -68.5 0.25157284921324513 3
0009 0001 1710054546809 58.5625 -66.5 0.8713010875190442 3
0009 0004 1710054546810 -48.8125 -55.0 5.516194913236766 3
0009 0012 1710054546812 -130.1875 -70.0 5.786175531904639 3
0009 0013 1710054546813 104.125 -65.0 1.8162332528565992 3
0009 0011 1710054546814 -19.5 -70.0 5.608233760509904 3
0009 0000 1710054546815 68.3125 -60.0 0.6933593161243098 3
0009 0008 1710054546816 0.0 -71.5 0.662679700366597 3
0009 0015 1710054546921 -5.3125 -78.0 1.0369710126106935 3
0009 0006 1710054546922 -3.0 -72.0 6.129787228391022 3
0009 0000 1710054546923 -9.75 -60.5 1.4971652489763858 3
0009 0004 1710054546924 13.0 -63.5 6.074563920027139 3
0009 0013 1710054546925 -17.0625 -57.5 1.8162332528565992 3
0009 0006 1710054546926 -205.0625 -68.0 5.767767762450011 3
0009 0012 1710054546927 -6.5 -66.5 5.64504929941916 3
0009 0011 1710054546928 -100.875 -68.5 2.313243028131547 3
0009 0010 1710054546929 42.3125 -68.0 1.1658253987930873 3
0009 0007 1710054546929 -13.8125 -68.0 2.1598449493429825 3
0009 0015 1710054546930 218.0625 -72.5 0.9019807032767571 3
0009 0008 1710054546931 123.6875 -74.0 1.9144080232812801 3
0009 0001 1710054547136 3.3125 -75.0 4.853515212870168 3
0009 0005 1710054547137 0.25 -72.5 1.282407938672396 3
0009 0014 1710054547138 4.1875 -72.5 1.3437671701878218 3
0009 0008 1710054547139 -32.5 -72.5 5.9088939949354895 3
0009 0010 1710054547140 -6.5 -63.0 2.9329712664373457 3
0009 0015 1710054547141 39.0 -65.0 1.748738098189631 3
0009 0013 1710054547142 24.375 -54.0 1.086058397823034 3
0009 0005 1710054547142 42.3125 -66.0 0.9756117810952678 3
0009 0004 1710054547143 -32.5 -62.0 3.9147189706841563 3
0009 0012 1710054547144 -55.3125 -59.5 5.105088062083414 3
0009 0007 1710054547145 -10.5625 -67.0 3.399301425954581 3
0009 0001 1710054547146 -78.0625 -69.0 2.012582793705961 3
0009 0000 1710054547148 -32.5 -60.0 3.411573272257666 3
0009 0011 1710054547148 -32.5 -64.5 4.71238898038469 3
0009 0014 1710054547149 32.5 -71.0 1.1351457830353744 3
0009 0009 1710054547150 -3.875 -75.5 6.191146459906448 3
0009 0014 1710054547170 -42.3125 -66.0 4.319689898685965 3
0009 0004 1710054547170 -100.875 -64.0 4.313553975534423 3
0009 0008 1710054547171 35.75 -68.0 6.135923151542564 3
0009 0000 1710054547172 -16.25 -59.5 3.9085830475326135 3
0009 0001 1710054547173 91.125 -67.5 1.4051264017032472 3
0009 0013 1710054547174 3.25 -56.0 6.019340611663256 3
0009 0015 1710054547175 19.5 -57.5 2.82252464970958 3
0009 0012 1710054547176 -6.5 -56.5 3.6999616603801666 3
0009 0009 1710054547372 0.5625 -74.5 2.1782527187976104 3
0009 0000 1710054547373 -42.3125 -60.5 3.9576704327449543 3
0009 0012 1710054547374 -13.0 -53.5 3.54042765844006 3
0009 0013 1710054547375 10.5625 -57.5 4.693981210930062 3
0009 0015 1710054547375 19.5 -56.0 2.6998061866787286 3
0009 0008 1710054547376 146.4375 -70.5 0.32520392703175593 3
0009 0001 1710054547377 35.75 -69.5 1.0062913968529805 3
0009 0014 1710054547378 -9.75 -64.5 4.3074180523828804 3
0009 0004 1710054547379 -5.6875 -72.5 1.6812429435226628 3
0009 0009 1710054547380 3.0 -75.0 1.3069516312785663 3
0009 0000 1710054547381 -3.25 -60.5 3.448388811166921 3
0009 0014 1710054547382 29.25 -65.5 4.227651051412827 3
0009 0008 1710054547384 -84.625 -72.0 0.4540583132141498 3
0009 0015 1710054547384 0.0 -55.5 2.5280003384355365 3
0009 0012 1710054547385 -9.75 -54.5 3.3870295796514958 3
0009 0013 1710054547386 -48.8125 -56.5 4.1601558967458585 3
0009 0004 1710054547387 -146.4375 -70.0 4.4362724385652745 3
0009 0001 1710054547388 -29.25 -71.5 0.05522330836388308 3
0009 0005 1710054547654 -0.25 -73.0 0.9019807032767571 3
0009 0009 1710054547654 2.4375 -78.0 0.6994952392758523 3
0009 0002 1710054547655 5.6875 -77.5 0.2086213871524472 3
0009 0015 1710054547656 -9.75 -56.0 2.282563412373834 3
0009 0008 1710054547657 -3.25 -71.0 0.006135923151542565 3
0009 0000 1710054547658 9.75 -61.0 2.9513790358919736 3
0009 0001 1710054547658 -22.75 -70.0 5.915029918087033 3
0009 0012 1710054547659 -16.25 -56.0 3.2765829629237295 3
0009 0013 1710054547660 -3.25 -56.5 3.718369429834794 3
0009 0004 1710054547661 -179.0 -67.5 3.9392626632903265 3
0009 0014 1710054547662 -3.25 -65.0 4.387185053352934 3
0009 0005 1710054547662 -3.0 -71.5 0.7731263170943632 3
0009 0009 1710054547663 5.1875 -77.0 0.30679615757712825 3
0009 0002 1710054547664 10.4375 -77.5 5.8659425328746915 3
0009 0012 1710054547665 -32.5 -55.5 3.3318062712876126 3
0009 0013 1710054547666 10.5625 -56.5 3.724505352986337 3
0009 0015 1710054547667 39.0 -56.0 2.043262409463674 3
0009 0005 1710054547667 -143.1875 -70.0 0.7547185476397354 3
0009 0008 1710054547668 94.375 -70.5 6.068427996875596 3
0009 0014 1710054547669 0.0 -66.0 4.319689898685965 3
0009 0000 1710054547670 -19.5 -60.0 2.6384469551633027 3
0009 0001 1710054547671 188.75 -69.0 5.135767677841127 3
0009 0004 1710054547672 -6.5 -68.0 3.3011266555298997 3
0009 0002 1710054547877 43.625 -78.5 5.816855147662351 3
0009 0008 1710054547878 -19.5 -69.5 6.270913460876501 3
0009 0004 1710054547879 9.75 -67.0 3.067961575771282 3
0009 0012 1710054547879 -3.25 -56.0 3.2459033471660166 3
0009 0000 1710054547880 13.0 -60.0 2.325514874434632 3
0009 0005 1710054547881 84.625 -69.0 0.17794177139473438 3
0009 0014 1710054547882 -32.5 -65.5 4.454680208019902 3
0009 0001 1710054547882 -61.8125 -70.0 5.399612373357457 3
0009 0013 1710054547883 17.0625 -56.5 3.6079228131070282 3
0009 0015 1710054547884 16.25 -56.0 2.018718716857504 3
0009 0002 1710054547885 7.875 -77.5 5.890486225480862 3
0009 0008 1710054547885 100.875 -70.0 5.915029918087033 3
0009 0015 1710054547886 -9.75 -57.0 2.3439226438892597 3
0009 0001 1710054547887 -42.3125 -70.0 5.086680292628786 3
0009 0013 1710054547888 3.25 -56.0 3.7981364308048478 3
0009 0000 1710054547888 -19.5 -60.0 2.1353012567368124 3
0009 0005 1710054547889 -146.4375 -67.5 0.5706408530934585 3
0009 0014 1710054547890 45.5625 -66.0 4.546719055293041 3
0009 0012 1710054547891 9.75 -55.0 3.5772431973493153 3
0009 0004 1710054547892 -6.5 -67.5 2.9759227284981438 3
0009 0002 1710054547919 -1.1875 -77.0 5.602097837358362 3
0009 0004 1710054548120 -22.75 -67.5 2.890019804376548 3
0009 0000 1710054548121 32.5 -59.5 1.88986433067511 3
0009 0005 1710054548121 -16.25 -66.5 0.2699806186678728 3
0009 0008 1710054548122 -78.0625 -69.5 5.988660995905543 3
0009 0014 1710054548123 -13.0 -65.0 4.657165672020807 3
0009 0013 1710054548124 -3.25 -56.0 3.767456815047135 3
0009 0015 1710054548124 -9.75 -57.0 2.2886993355253766 3
0009 0012 1710054548125 -3.25 -55.5 3.6201946594101133 3
0009 0001 1710054548126 3.25 -70.0 4.779884135051658 3
0009 0002 1710054548126 -15.8125 -77.0 2.405281875404685 3
0009 0006 1710054548127 2.8125 -74.5 5.9518454569962875 3
0009 0000 1710054548128 42.3125 -59.5 1.748738098189631 3
0009 0001 1710054548130 58.5625 -71.0 4.430136515413731 3
0009 0005 1710054548130 -55.3125 -66.0 0.25157284921324513 3
0009 0012 1710054548131 -39.0 -55.5 3.6815538909255388 3
0009 0013 1710054548132 48.8125 -56.5 3.6754179677739964 3
0009 0014 1710054548132 -81.375 -65.5 4.706253057233147 3
0009 0015 1710054548133 6.5 -57.5 2.098485717827557 3
0009 0008 1710054548134 -71.5625 -70.5 5.706408530934585 3
0009 0004 1710054548135 -65.0625 -67.0 2.7979809571034093 3
0009 0002 1710054548169 -28.0625 -77.0 2.411417798556228 3
0009 0006 1710054548357 3.8125 -74.5 5.970253226450915 3
0009 0013 1710054548358 -45.5625 -56.0 3.7551849687440497 3
0009 0004 1710054548359 48.8125 -66.5 2.6016314162540475 3
0009 0008 1710054548359 32.5 -69.0 5.6143696836614465 3
0009 0001 1710054548360 29.25 -70.5 4.424000592262189 3
0009 0000 1710054548361 -3.25 -59.5 1.705786636128833 3
0009 0005 1710054548361 19.5 -66.5 0.1349903093339364 3
0009 0012 1710054548362 16.25 -55.0 3.5895150436524004 3
0009 0014 1710054548363 -39.0 -65.5 4.6448938257177215 3
0009 0015 1710054548364 -9.75 -57.5 2.1230294104337273 3
0009 0002 1710054548364 -10.375 -77.0 2.350058567040802 3
0009 0006 1710054548365 0.125 -74.5 6.160466844148735 3
0009 0013 1710054548367 13.8125 -56.5 3.6876898140770815 3
0009 0014 1710054548368 0.0 -65.5 4.583534594202296 3
0009 0015 1710054548368 52.0625 -58.0 1.9880391010997909 3
0009 0000 1710054548369 9.75 -60.0 1.748738098189631 3
0009 0012 1710054548370 0.0 -55.5 3.5711072741977725 3
0009 0001 1710054548371 58.5625 -70.0 4.571262747899211 3
0009 0005 1710054548371 87.875 -66.0 6.166602767300278 3
0009 0004 1710054548372 16.25 -67.0 2.6691265709210157 3
0009 0008 1710054548373 58.5625 -70.0 5.8045833013592665 3
0009 0002 1710054548418 11.6875 -77.0 5.393476450205914 3
0009 0006 1710054548579 -1.4375 -75.0 5.957981380147831 3
0009 0005 1710054548580 32.5 -66.5 0.20248546400090464 3
0009 0008 1710054548581 -9.75 -69.5 5.859806609723149 3
0009 0000 1710054548582 48.8125 -59.5 1.7303303287350031 3
0009 0004 1710054548582 -22.75 -66.5 2.718213956133356 3
0009 0012 1710054548583 -39.0 -55.5 3.6754179677739964 3
0009 0013 1710054548584 13.8125 -56.0 3.6999616603801666 3
0009 0015 1710054548585 -6.5 -57.5 2.067806102069844 3
0009 0014 1710054548586 -42.3125 -65.5 4.632621979414636 3
0009 0001 1710054548587 -35.75 -70.0 4.657165672020807 3
0009 0002 1710054548587 -0.5625 -76.5 5.473243451175968 3
0009 0015 1710054548588 -19.5 -58.0 2.061670178918302 3
0009 0013 1710054548590 -48.8125 -56.0 3.822680123411018 3
0009 0012 1710054548591 13.0 -55.5 3.6017868899554855 3
0009 0008 1710054548591 6.5 -69.5 6.000932842208628 3
0009 0000 1710054548592 29.25 -60.0 1.8407769454627694 3
0009 0014 1710054548593 16.25 -65.5 4.516039439535327 3
0009 0001 1710054548594 -218.0625 -70.5 4.988505522204105 3
0009 0004 1710054548594 143.1875 -67.0 2.4605051837685683 3
0009 0005 1710054548595 -3.25 -66.5 0.2270291566070749 3
0009 0002 1710054548668 22.6875 -77.0 5.356660911296659 3
0009 0015 1710054548866 35.75 -58.0 1.9757672547967058 3
0009 0008 1710054548866 -39.0 -70.0 5.927301764390117 3
0009 0012 1710054548867 -13.0 -55.5 3.6140587362585705 3
0009 0014 1710054548868 -32.5 -65.5 4.552854978444583 3
0009 0000 1710054548868 45.5625 -59.5 1.8223691760081417 3
0009 0013 1710054548869 3.25 -56.5 3.749049045592507 3
0009 0001 1710054548870 -26.0 -72.0 4.779884135051658 3
0009 0004 1710054548870 -52.0625 -66.0 2.9022916506796332 3
0009 0005 1710054548871 39.0 -66.0 0.2086213871524472 3
0009 0002 1710054548872 -25.625 -76.5 5.608233760509904 3
0009 0013 1710054548873 17.0625 -56.0 3.718369429834794 3
0009 0000 1710054548873 42.3125 -59.0 1.8407769454627694 3
0009 0005 1710054548875 -84.625 -67.0 0.30066023442558565 3
0009 0008 1710054548876 48.8125 -70.0 5.8045833013592665 3
0009 0004 1710054548876 58.5625 -66.5 2.6016314162540475 3
0009 0012 1710054548877 9.75 -55.5 3.56497135104623 3
0009 0015 1710054548878 6.5 -58.0 1.9819031779482483 3
0009 0014 1710054548878 -29.25 -65.5 4.595806440505381 3
0009 0001 1710054548879 -139.9375 -70.5 4.853515212870168 3
0009 0002 1710054548919 12.1875 -76.5 5.497787143782138 3
0009 0001 1710054549126 35.75 -70.5 4.509903516383785 3
0009 0012 1710054549127 -9.75 -55.5 3.5833791205008576 3
0009 0000 1710054549128 42.3125 -59.5 1.8223691760081417 3
0009 0013 1710054549128 3.25 -56.0 3.749049045592507 3
0009 0014 1710054549129 -42.3125 -65.0 4.589670517353839 3
0009 0004 1710054549130 9.75 -66.5 2.675262494072558 3
0009 0005 1710054549131 -29.25 -66.5 0.2270291566070749 3
0009 0008 1710054549132 -120.4375 -69.5 6.092971689481767 3
0009 0015 1710054549132 45.5625 -58.5 1.88986433067511 3
0009 0002 1710054549133 3.625 -77.0 5.688000761479957 3
0009 0006 1710054549134 -2.25 -74.5 6.062292073724054 3
0009 0013 1710054549134 -13.8125 -56.0 3.718369429834794 3
0009 0015 1710054549136 6.5 -58.5 1.9266798695843652 3
0009 0001 1710054549137 -3.25 -71.0 4.724660826687775 3
0009 0000 1710054549138 29.25 -59.5 1.8100973297050567 3
0009 0014 1710054549138 0.0 -65.5 4.565126824747668 3
0009 0012 1710054549139 3.25 -55.5 3.552699504743145 3
0009 0004 1710054549140 45.5625 -66.0 2.650718801466388 3
0009 0005 1710054549141 -19.5 -66.5 0.11658253987930872 3
0009 0008 1710054549141 -58.5625 -71.0 5.902758071783947 3
0009 0002 1710054549420 23.1875 -76.5 5.436427912266712 3
0009 0006 1710054549421 -1.0625 -74.0 6.043884304269426 3
0009 0008 1710054549421 -26.0 -70.5 5.878214379177777 3
0009 0014 1710054549422 3.25 -65.0 4.577398671050753 3
0009 0004 1710054549423 -94.375 -66.0 2.9022916506796332 3
0009 0005 1710054549424 -65.0625 -67.0 0.3129320807286708 3
0009 0015 1710054549424 61.8125 -58.5 1.8346410223112268 3
0009 0013 1710054549427 -21.125 -56.0 3.724505352986337 3
0009 0012 1710054549428 -13.0 -55.5 3.5711072741977725 3
0009 0001 1710054549429 97.625 -71.0 4.319689898685965 3
0009 0000 1710054549429 -39.0 -60.0 1.9082721001297376 3
0009 0002 1710054549430 -84.625 -75.0 5.743224069843841 3
0009 0006 1710054549628 0.0 -75.0 2.9820586516496865 3
0009 0014 1710054549628 -22.75 -65.0 4.552854978444583 3
0009 0015 1710054549629 0.0 -59.0 1.9082721001297376 3
0009 0008 1710054549629 3.25 -70.5 5.8045833013592665 3
0009 0000 1710054549630 -19.5 -59.5 1.9082721001297376 3
0009 0001 1710054549630 35.75 -70.5 4.4976316700806995 3
0009 0012 1710054549631 -19.5 -55.5 3.6079228131070282 3
0009 0013 1710054549631 7.3125 -56.5 3.724505352986337 3
0009 0004 1710054549632 -97.625 -66.0 2.9022916506796332 3
0009 0005 1710054549633 -48.8125 -66.0 0.2761165418194154 3
0009 0002 1710054549633 14.3125 -76.5 5.626641529964532 3
0009 0006 1710054549634 -1.1875 -74.5 6.17273869045182 3
0009 0012 1710054549635 -29.25 -55.5 3.5711072741977725 3
0009 0000 1710054549636 -13.0 -59.0 1.8530487917658545 3
0009 0013 1710054549636 3.25 -56.0 3.7429131224409646 3
0009 0015 1710054549637 -13.0 -59.0 1.88986433067511 3
0009 0014 1710054549638 -13.0 -65.0 4.595806440505381 3
0009 0004 1710054549638 -9.75 -66.5 2.8409324191642074 3
0009 0005 1710054549639 0.0 -67.0 0.23316507975861744 3
0009 0001 1710054549639 -52.0625 -69.5 4.957825906446392 3
0009 0008 1710054549640 84.625 -69.5 5.749359992995383 3
0009 0002 1710054549640 182.25 -74.5 2.1659808724945253 3
0009 0006 1710054549668 -5.4375 -74.5 6.068427996875596 3
0009 0000 1710054549865 -45.5625 -60.0 1.932815792735908 3
0009 0004 1710054549865 -29.25 -66.5 2.859340188618835 3
0009 0015 1710054549866 55.3125 -58.5 1.368310862793992 3
0009 0005 1710054549866 58.5625 -66.5 0.15339807878856412 3
0009 0013 1710054549867 10.5625 -56.5 3.6754179677739964 3
0009 0014 1710054549868 -100.875 -64.5 4.681709364626977 3
0009 0012 1710054549868 6.5 -55.5 3.5342917352885173 3
0009 0001 1710054549869 100.875 -70.0 4.442408361716817 3
0009 0008 1710054549869 71.5625 -70.0 5.767767762450011 3
0009 0002 1710054549870 -22.5625 -76.5 5.589825991055276 3
0009 0006 1710054549870 -3.625 -74.5 6.074563920027139 3
0009 0014 1710054549871 -55.3125 -65.0 4.651029748869264 3
0009 0001 1710054549872 -78.0625 -71.0 4.724660826687775 3
0009 0012 1710054549873 -9.75 -55.5 3.5281558121369745 3
0009 0008 1710054549874 -29.25 -69.5 5.822991070813893 3
0009 0000 1710054549874 -32.5 -59.5 1.9082721001297376 3
0009 0013 1710054549875 -21.125 -56.0 3.7122335066832517 3
0009 0004 1710054549875 -68.3125 -66.5 2.945243112740431 3
0009 0015 1710054549876 -6.5 -58.5 1.4173982480063325 3
0009 0005 1710054549876 58.5625 -66.0 0.12885438618239387 3
0009 0002 1710054549919 18.875 -77.0 2.521864415283994 3
0009 0006 1710054550119 -1.1875 -74.5 6.068427996875596 3
0009 0015 1710054550119 -19.5 -59.0 1.4603497100671303 3
0009 0013 1710054550120 3.25 -56.5 3.6815538909255388 3
0009 0001 1710054550120 -52.0625 -70.0 4.657165672020807 3
0009 0000 1710054550121 -29.25 -60.0 1.8837284075235674 3
0009 0012 1710054550121 3.25 -55.5 3.509748042682347 3
0009 0004 1710054550122 61.8125 -66.5 2.6813984172241008 3
0009 0005 1710054550123 3.25 -66.5 0.1718058482431918 3
0009 0014 1710054550124 3.25 -66.5 4.546719055293041 3
0009 0008 1710054550124 123.6875 -70.0 5.626641529964532 3
0009 0002 1710054550125 26.8125 -76.5 5.43029198911517 3
0009 0006 1710054550125 -6.0625 -74.5 6.2034183062095325 3
0009 0001 1710054550127 61.8125 -71.0 4.3503695144436785 3
0009 0008 1710054550127 -110.625 -70.0 5.878214379177777 3
0009 0000 1710054550128 32.5 -59.5 1.7671458676442586 3
0009 0014 1710054550128 -22.75 -65.5 4.675573441475434 3
0009 0004 1710054550129 -35.75 -66.5 2.816388726558037 3
0009 0005 1710054550129 -3.25 -65.5 0.09817477042468103 3
0009 0015 1710054550130 -3.25 -58.5 1.4051264017032472 3
0009 0013 1710054550130 -21.125 -56.5 3.718369429834794 3
0009 0012 1710054550131 -29.25 -55.5 3.5465635815916023 3
0009 0006 1710054550168 -4.875 -74.0 6.1850105367549055 3
0009 0002 1710054550168 8.5 -76.0 2.2948352586769194 3
0009 0013 1710054550350 -10.5625 -56.5 3.706097583531709 3
0009 0015 1710054550350 65.0625 -59.0 1.282407938672396 3
0009 0012 1710054550350 -6.5 -55.5 3.5158839658338894 3
0009 0014 1710054550351 9.75 -65.0 4.522175362686871 3
0009 0001 1710054550352 26.0 -71.0 4.743068596142402 3
0009 0004 1710054550352 -175.75 -67.0 3.000466421104314 3
0009 0000 1710054550353 -19.5 -60.0 1.8285050991596843 3
0009 0005 1710054550353 42.3125 -67.0 0.006135923151542565 3
0009 0008 1710054550354 -58.5625 -70.5 5.8475347634200645 3
0009 0006 1710054550354 3.625 -74.0 6.0991076126333095 3
0009 0002 1710054550355 -14.625 -76.5 5.522330836388308 3
0009 0000 1710054550355 -6.5 -60.0 1.8285050991596843 3
0009 0013 1710054550357 -13.8125 -56.5 3.706097583531709 3
0009 0004 1710054550357 39.0 -67.5 2.736621725587984 3
0009 0014 1710054550358 -52.0625 -66.0 4.669437518323892 3
0009 0015 1710054550358 -45.5625 -58.5 1.4787574795217582 3
0009 0012 1710054550359 -3.25 -55.0 3.5342917352885173 3
0009 0001 1710054550359 -19.5 -70.5 4.675573441475434 3
0009 0005 1710054550360 -9.75 -66.0 0.11044661672776616 3
0009 0008 1710054550361 13.0 -71.0 5.6941366846315 3
0009 0002 1710054550420 4.25 -76.5 5.534602682691394 3
0009 0006 1710054550420 7.875 -73.5 6.086835766330224 3
0009 0013 1710054550629 3.25 -56.0 3.6815538909255388 3
0009 0005 1710054550629 -58.5625 -66.0 0.1227184630308513 3
0009 0012 1710054550631 -3.25 -55.0 3.5036121195308043 3
0009 0000 1710054550632 -13.0 -59.5 1.8039614065535141 3
0009 0001 1710054550633 39.0 -70.0 4.601942363656923 3
0009 0008 1710054550633 65.0625 -69.5 5.780039608753096 3
0009 0014 1710054550634 -84.625 -66.0 4.7307967498393175 3
0009 0015 1710054550634 6.5 -58.5 1.3928545554001621 3
0009 0004 1710054550635 -39.0 -66.5 2.9084275738311756 3
0009 0002 1710054550635 -46.375 -76.0 5.568350260024878 3
0009 0006 1710054550636 10.375 -74.0 6.086835766330224 3
0009 0000 1710054550636 29.25 -60.0 1.6996507129772904 3
0009 0004 1710054550638 26.0 -67.0 2.675262494072558 3
0009 0001 1710054550639 -169.25 -71.5 4.92714629068868 3
0009 0014 1710054550639 -35.75 -65.5 4.663301595172349 3
0009 0012 1710054550640 -9.75 -55.5 3.54042765844006 3
0009 0008 1710054550640 -13.0 -69.5 5.859806609723149 3
0009 0005 1710054550641 13.0 -65.5 0.0674951546669682 3
0009 0013 1710054550641 -7.3125 -56.5 3.6876898140770815 3
0009 0015 1710054550642 -9.75 -59.0 1.41126232485479 3
0009 0002 1710054550669 13.8125 -76.5 5.580622106327962 3
0009 0006 1710054550675 18.25 -73.5 6.062292073724054 3
0009 0014 1710054550898 -68.3125 -66.0 4.657165672020807 3
0009 0001 1710054550898 -16.25 -70.5 4.620350133111551 3
0009 0015 1710054550899 35.75 -59.0 1.3437671701878218 3
0009 0013 1710054550899 -27.625 -56.5 3.706097583531709 3
0009 0008 1710054550900 71.5625 -69.0 5.780039608753096 3
0009 0000 1710054550900 -19.5 -59.5 1.7732817907958012 3
0009 0012 1710054550901 9.75 -55.5 3.4913402732277192 3
0009 0004 1710054550901 26.0 -67.0 2.7857091108003242 3
0009 0005 1710054550902 45.5625 -66.0 6.234097921967246 3
0009 0006 1710054550902 5.4375 -74.0 6.135923151542564 3
0009 0002 1710054550903 -9.75 -77.0 5.638913376267617 3
0009 0000 1710054550904 -6.5 -59.5 1.7978254834019713 3
0009 0005 1710054550905 87.875 -66.0 6.14819499784565 3
0009 0008 1710054550906 -143.1875 -70.0 6.062292073724054 3
0009 0015 1710054550906 39.0 -59.0 1.337631247036279 3
0009 0004 1710054550906 139.9375 -67.0 2.509592568980909 3
0009 0013 1710054550907 -38.1875 -56.0 3.730641276137879 3
0009 0012 1710054550907 -26.0 -55.5 3.552699504743145 3
0009 0014 1710054550908 -58.5625 -66.0 4.6878452877785195 3
0009 0001 1710054550908 0.0 -70.0 4.405592822807561 3
