0009 0004 1710054992300 -3.25 -60.0 4.086524818927348 3
0009 0001 1710054992301 117.125 -69.0 0.11658253987930872 3
0009 0000 1710054992301 -117.125 -67.5 4.473087977474529 3
0009 0000 1710054992302 -6.5 -67.0 4.301282129231338 3
0009 0007 1710054992303 249.8125 -71.5 4.884194828627882 3
0009 0004 1710054992303 -3.25 -60.0 4.0558452031696355 3
0009 0001 1710054992304 91.125 -68.5 0.04295146206079795 3
0009 0002 1710054992304 -27.625 -71.5 0.6565437772150544 3
0009 0005 1710054992304 29.25 -68.5 1.5033011721279284 3
0009 0014 1710054992305 2.4375 -72.5 6.209554229361076 3
0009 0007 1710054992309 288.0625 -72.0 4.804427827657828 3
0009 0000 1710054992309 45.5625 -66.5 4.2092432819582 3
0009 0005 1710054992310 -45.5625 -67.5 1.6137477888556946 3
0009 0001 1710054992310 -58.5625 -67.5 0.1227184630308513 3
0009 0004 1710054992310 -35.75 -60.0 4.123340357836604 3
0009 0002 1710054992311 -16.25 -73.5 0.7731263170943632 3
0009 0014 1710054992584 0.5625 -72.5 6.277049384028044 3
0009 0000 1710054992584 -48.8125 -66.5 4.399456899656019 3
0009 0005 1710054992585 -19.5 -67.5 1.4971652489763858 3
0009 0001 1710054992585 6.5 -69.0 0.09817477042468103 3
0009 0007 1710054992585 -128.5625 -71.5 5.350524988145116 3
0009 0004 1710054992586 -3.25 -60.0 4.006757817957295 3
0009 0002 1710054992586 3.25 -74.0 0.49394181369917645 3
0009 0014 1710054992587 -1.25 -72.5 0.07976700097005335 3
0009 0000 1710054992846 -81.375 -65.5 4.368777283898306 3
0009 0007 1710054992846 -83.0 -71.5 5.123495831538041 3
0009 0005 1710054992847 -100.875 -66.5 1.6873788666742053 3
0009 0004 1710054992848 0.0 -60.5 3.9760782021995817 3
0009 0001 1710054992848 -58.5625 -69.0 0.1349903093339364 3
0009 0014 1710054992849 -3.6875 -72.5 0.04295146206079795 3
0009 0000 1710054992849 52.0625 -67.5 4.166291819897402 3
0009 0004 1710054992850 -29.25 -60.0 4.006757817957295 3
0009 0007 1710054992850 -73.1875 -70.0 5.086680292628786 3
0009 0005 1710054992851 61.8125 -68.5 1.3928545554001621 3
0009 0001 1710054992851 -39.0 -69.5 0.15339807878856412 3
0009 0002 1710054992852 -84.625 -74.0 0.5092816215780329 3
0009 0014 1710054993103 0.25 -72.5 6.258641614573416 3
0009 0000 1710054993104 -78.0625 -66.5 4.295146206079795 3
0009 0001 1710054993104 -244.125 -69.0 0.5031456984264903 3
0009 0005 1710054993105 -22.75 -68.0 1.4726215563702154 3
0009 0007 1710054993105 -83.0 -72.0 5.368932757599744 3
0009 0004 1710054993106 26.0 -60.5 3.9085830475326135 3
0009 0002 1710054993106 131.8125 -73.0 0.37429131224409645 3
0009 0014 1710054993107 -2.125 -73.0 0.02454369260617026 3
0009 0001 1710054993107 -100.875 -68.0 0.15339807878856412 3
0009 0000 1710054993108 29.25 -67.5 4.086524818927348 3
0009 0005 1710054993108 6.5 -67.5 1.3928545554001621 3
0009 0004 1710054993109 13.0 -60.5 3.8717675086233583 3
0009 0007 1710054993110 27.625 -71.0 5.037592907416445 3
0009 0002 1710054993110 -21.125 -74.0 3.6416703904405123 3
0009 0014 1710054993331 -2.25 -73.0 0.04295146206079795 3
0009 0000 1710054993331 -16.25 -66.0 4.2031073588066565 3
0009 0004 1710054993332 26.0 -60.0 3.834951969714103 3
0009 0005 1710054993332 -19.5 -67.5 1.4603497100671303 3
0009 0002 1710054993333 6.5 -73.0 0.35588354278946877 3
0009 0001 1710054993333 -35.75 -69.5 0.030679615757712823 3
0009 0007 1710054993334 -34.9375 -72.5 5.2339424482658075 3
0009 0014 1710054993334 -1.25 -72.5 0.02454369260617026 3
0009 0000 1710054993335 0.0 -66.5 4.319689898685965 3
0009 0004 1710054993335 9.75 -60.0 3.9085830475326135 3
0009 0005 1710054993335 -126.9375 -67.5 1.662835174068035 3
0009 0007 1710054993336 34.9375 -71.0 5.141903600992669 3
0009 0001 1710054993336 -91.125 -69.5 0.2454369260617026 3
0009 0002 1710054993337 114.6875 -73.5 0.39269908169872414 3
0009 0014 1710054993337 2.4375 -72.5 0.2945243112740431 3
0009 0007 1710054993488 -76.4375 -71.0 5.706408530934585 3
0009 0004 1710054993488 29.25 -59.5 4.25833066717054 3
0009 0000 1710054993488 -42.3125 -64.0 5.21553467881118 3
0009 0006 1710054993489 13.0 -68.0 4.767612288748572 3
0009 0002 1710054993489 -27.625 -73.0 1.5155730184310134 3
0009 0001 1710054993490 -3.25 -67.0 0.9633399347921826 3
0009 0005 1710054993490 126.9375 -68.0 2.2334760271614935 3
0009 0008 1710054993491 -45.5625 -72.0 4.04357335686655 3
0009 0014 1710054993491 0.0 -71.5 0.8835729338221293 3
0009 0010 1710054993492 2.6875 -77.0 0.7363107781851077 3
0009 0015 1710054993492 -2.25 -79.0 4.270602513473625 3
0009 0001 1710054993493 -68.3125 -69.0 2.2150682577068657 3
0009 0006 1710054993493 26.0 -61.5 4.417864669110647 3
0009 0002 1710054993494 52.0625 -72.0 3.160000423044421 3
0009 0010 1710054993494 -113.875 -70.0 4.95168998329485 3
0009 0005 1710054993495 -16.25 -65.0 5.0253210611133605 3
0009 0014 1710054993495 61.8125 -69.0 1.214912784005428 3
0009 0000 1710054993496 32.5 -66.0 0.7547185476397354 3
0009 0004 1710054993497 42.3125 -66.0 1.6137477888556946 3
0009 0007 1710054993589 0.8125 -72.5 0.16260196351587797 3
0009 0015 1710054993590 -17.0625 -77.0 4.362641360746763 3
0009 0000 1710054993728 32.5 -63.0 3.104777114680538 3
0009 0004 1710054993729 32.5 -57.5 2.6445828783148455 3
0009 0001 1710054993729 -13.0 -67.0 3.5588354278946874 3
0009 0013 1710054993729 45.5625 -66.5 5.325981295538946 3
0009 0012 1710054993730 19.5 -68.0 4.270602513473625 3
0009 0010 1710054993730 0.0 -66.0 0.5645049299419159 3
0009 0014 1710054993731 0.0 -66.5 1.4971652489763858 3
0009 0005 1710054993731 -26.0 -60.5 5.822991070813893 3
0009 0002 1710054993731 -107.375 -72.0 4.902602598082509 3
0009 0007 1710054993732 7.3125 -65.5 4.080388895775806 3
0009 0015 1710054993732 -113.875 -72.5 4.663301595172349 3
0009 0011 1710054993733 23.1875 -74.0 1.9512235621905356 3
0009 0006 1710054993734 -2.5625 -72.0 3.429981041712294 3
0009 0010 1710054993734 -19.5 -66.5 3.2888548092268146 3
0009 0012 1710054993735 32.5 -63.0 4.601942363656923 3
0009 0013 1710054993735 55.3125 -59.0 5.221670601962723 3
0009 0000 1710054993736 -16.25 -59.5 3.9944859716542096 3
0009 0004 1710054993736 -13.0 -65.5 4.227651051412827 3
0009 0002 1710054993736 197.6875 -72.5 5.773903685601553 3
0009 0015 1710054993737 100.875 -69.5 4.552854978444583 3
0009 0001 1710054993737 13.0 -70.5 3.1784081924990484 3
0009 0014 1710054993737 45.5625 -66.5 1.0737865515199487 3
0009 0007 1710054993738 45.5625 -67.0 5.8475347634200645 3
0009 0008 1710054993738 -13.0 -72.0 4.28287435977671 3
0009 0011 1710054993839 1.8125 -72.0 5.982525072754001 3
0009 0005 1710054993839 0.5625 -71.5 5.743224069843841 3
0009 0011 1710054993839 -35.75 -66.5 1.0615147052168636 3
0009 0012 1710054993840 -22.75 -58.0 4.0558452031696355 3
0009 0013 1710054993840 -34.9375 -55.5 4.221515128261284 3
0009 0007 1710054993841 -3.25 -63.0 0.9387962421860124 3
0009 0010 1710054993841 -32.5 -59.5 6.117515382087937 3
0009 0005 1710054993842 -42.3125 -61.0 3.3011266555298997 3
0009 0004 1710054993842 0.0 -58.0 0.619728238305799 3
0009 0000 1710054993842 29.25 -61.5 5.638913376267617 3
0009 0001 1710054993843 78.0625 -71.5 4.325825821837508 3
0009 0015 1710054993843 -117.125 -65.5 5.031456984264903 3
0009 0002 1710054994060 -21.125 -74.5 4.540583132141498 3
0009 0008 1710054994060 0.5625 -75.0 2.2580197197676637 3
0009 0008 1710054994061 -87.875 -70.0 2.411417798556228 3
0009 0000 1710054994061 -68.3125 -60.0 0.0859029241215959 3
0009 0013 1710054994061 30.875 -54.0 2.816388726558037 3
0009 0004 1710054994062 26.0 -59.5 0.9019807032767571 3
0009 0015 1710054994062 -32.5 -58.0 5.7616318392984684 3
0009 0006 1710054994063 52.0625 -65.5 3.0372819600135696 3
0009 0010 1710054994063 -9.75 -59.0 0.2699806186678728 3
0009 0012 1710054994063 26.0 -56.0 1.9880391010997909 3
0009 0007 1710054994064 197.6875 -69.5 1.521708941582556 3
0009 0005 1710054994064 3.25 -61.0 3.497476196379262 3
0009 0001 1710054994065 -81.375 -68.0 3.730641276137879 3
0009 0002 1710054994066 16.25 -73.5 4.954757944870621 3
0009 0013 1710054994066 -21.125 -55.5 1.7732817907958012 3
0009 0000 1710054994067 -22.75 -59.5 5.9518454569962875 3
0009 0004 1710054994067 -42.3125 -64.0 1.380582709097077 3
0009 0005 1710054994067 -3.25 -62.0 4.09266074207889 3
0009 0015 1710054994068 -9.75 -56.0 6.074563920027139 3
0009 0001 1710054994068 -159.5 -69.0 3.0372819600135696 3
0009 0012 1710054994069 -19.5 -54.5 0.2699806186678728 3
0009 0010 1710054994069 0.0 -64.5 1.2762720155208536 3
0009 0006 1710054994069 -26.0 -68.0 3.098641191528995 3
0009 0008 1710054994070 -146.4375 -68.5 2.6323110320117604 3
0009 0002 1710054994288 10.375 -76.5 4.264466590322082 3
0009 0007 1710054994288 -3.5 -75.0 1.4971652489763858 3
0009 0010 1710054994289 -13.0 -63.5 0.7976700097005334 3
0009 0001 1710054994289 13.0 -69.0 1.8285050991596843 3
0009 0012 1710054994290 -35.75 -54.5 5.424156065963627 3
0009 0000 1710054994290 -13.0 -61.0 5.019185137961818 3
0009 0013 1710054994290 7.3125 -57.5 0.6933593161243098 3
0009 0015 1710054994291 -19.5 -57.0 5.264622064023521 3
0009 0005 1710054994291 -19.5 -63.0 3.5588354278946874 3
0009 0006 1710054994292 35.75 -67.5 2.509592568980909 3
0009 0008 1710054994292 32.5 -70.0 1.8837284075235674 3
0009 0004 1710054994292 -26.0 -62.5 0.7731263170943632 3
0009 0007 1710054994293 1.1875 -74.5 1.1719613219446299 3
0009 0001 1710054994293 117.125 -68.5 1.3499030933393643 3
0009 0008 1710054994294 -94.375 -69.5 2.030990563160589 3
0009 0000 1710054994294 -3.25 -61.0 4.424000592262189 3
0009 0015 1710054994294 6.5 -58.5 5.184855063053467 3
0009 0005 1710054994295 -32.5 -64.5 3.5158839658338894 3
0009 0006 1710054994295 -71.5625 -69.0 2.012582793705961 3
0009 0010 1710054994296 6.5 -66.0 0.1043106935762236 3
0009 0013 1710054994296 -17.0625 -58.0 0.8651651643675016 3
0009 0004 1710054994296 -45.5625 -64.0 0.2699806186678728 3
0009 0012 1710054994297 -16.25 -56.5 5.129631754689584 3
0009 0007 1710054994327 4.25 -75.0 1.239456476611598 3
0009 0008 1710054994510 -22.75 -69.5 1.6689710972195777 3
0009 0000 1710054994510 -29.25 -61.0 3.988350048502667 3
0009 0004 1710054994511 61.8125 -66.0 0.03681553890925539 3
0009 0015 1710054994511 -3.25 -60.0 4.988505522204105 3
0009 0013 1710054994511 -30.875 -58.5 0.7424467013366504 3
0009 0001 1710054994512 97.625 -69.0 0.8528933180644165 3
0009 0010 1710054994512 -65.0625 -65.5 0.1349903093339364 3
0009 0005 1710054994513 68.3125 -65.0 3.1661363461959633 3
0009 0012 1710054994513 -16.25 -55.0 5.141903600992669 3
0009 0006 1710054994513 9.75 -71.5 4.779884135051658 3
0009 0007 1710054994514 -15.25 -75.0 3.9822141253511245 3
0009 0004 1710054994514 -52.0625 -66.5 5.798447378207723 3
0009 0010 1710054994515 -19.5 -66.0 6.013204688511713 3
0009 0012 1710054994516 -16.25 -55.5 4.95168998329485 3
0009 0015 1710054994516 26.0 -60.5 4.896466674930966 3
0009 0001 1710054994516 -45.5625 -69.0 0.8467573949128739 3
0009 0013 1710054994517 26.0 -58.0 0.5706408530934585 3
0009 0005 1710054994517 7.3125 -66.5 3.117048960983623 3
0009 0000 1710054994518 -35.75 -60.5 3.479068426924634 3
0009 0008 1710054994518 52.0625 -69.5 1.1351457830353744 3
0009 0006 1710054994579 21.9375 -71.0 4.8013598660820564 3
0009 0007 1710054994579 7.3125 -75.5 3.6815538909255388 3
0009 0008 1710054994719 -16.25 -69.5 0.8958447801252144 3
0009 0015 1710054994720 -3.25 -61.0 4.853515212870168 3
0009 0000 1710054994720 29.25 -60.0 2.9636508821950587 3
0009 0010 1710054994720 -29.25 -65.0 5.939573610693203 3
0009 0012 1710054994721 -39.0 -56.0 4.994641445355648 3
0009 0013 1710054994721 10.5625 -58.0 0.5031456984264903 3
0009 0001 1710054994722 -97.625 -69.0 0.36815538909255385 3
0009 0004 1710054994722 -94.375 -67.5 5.730952223540755 3
0009 0005 1710054994722 -133.4375 -69.5 3.098641191528995 3
0009 0006 1710054994723 8.9375 -71.5 4.733864711415088 3
0009 0007 1710054994723 28.0625 -75.0 3.1906800388021335 3
0009 0004 1710054994724 -26.0 -67.5 5.393476450205914 3
0009 0001 1710054994725 -143.1875 -69.5 0.15339807878856412 3
0009 0000 1710054994725 29.25 -59.5 2.5954954931025047 3
0009 0015 1710054994725 -26.0 -61.5 4.8351074434155406 3
0009 0012 1710054994726 -22.75 -56.0 4.902602598082509 3
0009 0013 1710054994726 -13.8125 -57.5 0.4540583132141498 3
0009 0008 1710054994727 -13.0 -69.5 0.5829126993965437 3
0009 0010 1710054994727 22.75 -65.0 5.749359992995383 3
0009 0006 1710054994829 -34.9375 -71.5 4.921010367537137 3
0009 0007 1710054994829 -4.25 -74.5 5.957981380147831 3
0009 0001 1710054994830 -81.375 -69.5 6.191146459906448 3
0009 0015 1710054994830 -3.25 -61.5 4.7860200582032 3
0009 0013 1710054994830 -41.5 -58.0 0.4479223900626072 3
0009 0012 1710054994831 19.5 -56.0 4.8351074434155406 3
0009 0000 1710054994831 6.5 -59.5 2.411417798556228 3
0009 0004 1710054994831 -32.5 -67.5 5.338253141842031 3
0009 0010 1710054994832 32.5 -64.5 5.595961914206819 3
0009 0008 1710054994832 -39.0 -70.0 0.4540583132141498 3
0009 0007 1710054994833 41.5 -72.0 5.5714182216006485 3
0009 0006 1710054995039 -9.75 -71.5 5.043728830567988 3
0009 0010 1710054995039 -13.0 -64.5 5.626641529964532 3
0009 0001 1710054995039 -52.0625 -70.0 6.000932842208628 3
0009 0012 1710054995040 -26.0 -56.5 4.871922982324796 3
0009 0008 1710054995040 -52.0625 -70.5 0.34974761963792617 3
0009 0015 1710054995040 0.0 -61.5 4.798291904506286 3
0009 0004 1710054995041 -104.125 -68.5 5.166447293598839 3
0009 0000 1710054995041 3.25 -59.5 2.2764274892222915 3
0009 0013 1710054995042 7.3125 -58.0 0.3313398501832985 3
0009 0007 1710054995042 -208.3125 -72.5 5.829126993965437 3
0009 0006 1710054995042 16.25 -71.0 4.9394181369917645 3
0009 0012 1710054995043 -6.5 -56.0 4.804427827657828 3
0009 0001 1710054995044 32.5 -70.0 5.749359992995383 3
0009 0007 1710054995044 -45.5625 -72.5 5.559146375297564 3
0009 0000 1710054995045 42.3125 -59.0 2.086213871524472 3
0009 0015 1710054995045 -6.5 -61.5 4.804427827657828 3
0009 0010 1710054995045 -65.0625 -65.0 5.595961914206819 3
0009 0008 1710054995046 -6.5 -69.0 0.25770877236478773 3
0009 0013 1710054995046 -3.25 -58.0 0.35588354278946877 3
0009 0004 1710054995047 -19.5 -68.5 5.056000676871073 3
0009 0006 1710054995096 32.5 -71.5 4.85658317444594 3
0009 0000 1710054995254 -26.0 -58.5 2.141437179888355 3
0009 0015 1710054995254 26.0 -61.5 4.71238898038469 3
0009 0012 1710054995254 -39.0 -56.5 4.871922982324796 3
0009 0013 1710054995255 7.3125 -57.5 0.28838838812250056 3
0009 0004 1710054995255 -16.25 -68.5 4.97623367590102 3
0009 0008 1710054995256 42.3125 -69.5 0.11044661672776616 3
0009 0010 1710054995256 -35.75 -64.5 5.553010452146021 3
0009 0001 1710054995256 -65.0625 -71.5 5.749359992995383 3
0009 0007 1710054995257 -52.0625 -72.5 5.602097837358362 3
0009 0006 1710054995257 10.375 -72.5 1.736466251886546 3
0009 0012 1710054995257 6.5 -56.5 4.779884135051658 3
0009 0015 1710054995258 48.8125 -61.5 4.700117134081604 3
0009 0007 1710054995259 -7.3125 -72.5 5.577554144752192 3
0009 0010 1710054995259 0.0 -64.0 5.516194913236766 3
0009 0013 1710054995260 -30.875 -58.0 0.380427235395639 3
0009 0000 1710054995260 19.5 -58.5 1.9819031779482483 3
0009 0001 1710054995260 29.25 -70.5 5.497787143782138 3
0009 0004 1710054995261 -16.25 -69.0 4.76147636559703 3
0009 0008 1710054995261 -156.1875 -70.0 0.3988350048502667 3
0009 0006 1710054995329 -0.5625 -72.5 1.6873788666742053 3
0009 0015 1710054995475 61.8125 -61.5 4.663301595172349 3
0009 0008 1710054995475 -100.875 -70.0 0.3190680038802134 3
0009 0000 1710054995475 3.25 -58.5 1.9512235621905356 3
0009 0012 1710054995476 -39.0 -56.5 4.841243366567084 3
0009 0010 1710054995476 -19.5 -64.5 5.546874528994478 3
0009 0004 1710054995477 42.3125 -69.0 4.595806440505381 3
0009 0013 1710054995477 -10.5625 -58.0 0.3129320807286708 3
0009 0001 1710054995477 -26.0 -72.0 5.424156065963627 3
0009 0007 1710054995478 -41.5 -71.0 5.632777453116074 3
0009 0006 1710054995478 -6.0625 -72.5 1.6935147898257479 3
0009 0015 1710054995478 26.0 -62.0 4.724660826687775 3
0009 0013 1710054995479 7.3125 -58.0 0.32520392703175593 3
0009 0008 1710054995480 58.5625 -70.5 0.14112623248547898 3
0009 0000 1710054995480 3.25 -58.0 1.9266798695843652 3
0009 0012 1710054995481 22.75 -56.5 4.767612288748572 3
0009 0010 1710054995481 -110.625 -64.0 5.6143696836614465 3
0009 0001 1710054995481 -32.5 -70.5 5.3627968344482015 3
0009 0004 1710054995482 68.3125 -70.0 4.466952054322987 3
0009 0007 1710054995482 -114.6875 -73.0 5.595961914206819 3
0009 0006 1710054995584 -2.4375 -73.0 4.76147636559703 3
0009 0008 1710054995584 120.4375 -69.0 6.209554229361076 3
0009 0015 1710054995584 0.0 -62.5 4.73693267299086 3
0009 0013 1710054995586 -27.625 -58.0 0.32520392703175593 3
0009 0004 1710054995586 48.8125 -68.5 4.546719055293041 3
0009 0012 1710054995586 -32.5 -56.5 4.871922982324796 3
0009 0010 1710054995587 19.5 -64.0 5.442563835418255 3
0009 0000 1710054995587 -13.0 -58.0 1.8714565612204823 3
0009 0007 1710054995587 -17.0625 -71.0 5.559146375297564 3
0009 0001 1710054995587 45.5625 -70.0 5.448699758569798 3
0009 0006 1710054995789 5.4375 -72.5 1.5892040962495242 3
0009 0012 1710054995789 -26.0 -56.0 4.8351074434155406 3
0009 0015 1710054995789 13.0 -62.5 4.663301595172349 3
0009 0010 1710054995790 -68.3125 -63.5 5.516194913236766 3
0009 0007 1710054995790 -239.25 -71.5 5.964117303299373 3
0009 0008 1710054995790 -100.875 -70.5 0.16566992509164924 3
0009 0013 1710054995791 -17.0625 -58.0 0.28225246497095796 3
0009 0000 1710054995791 -22.75 -58.0 1.902136176978195 3
0009 0004 1710054995792 48.8125 -69.5 4.362641360746763 3
0009 0001 1710054995792 -205.0625 -71.5 5.810719224510809 3
0009 0006 1710054995792 -2.4375 -73.0 1.5953400194010667 3
0009 0013 1710054995793 0.0 -58.5 0.28838838812250056 3
0009 0012 1710054995794 -16.25 -56.5 4.792155981354743 3
0009 0015 1710054995794 22.75 -63.0 4.669437518323892 3
0009 0007 1710054995794 52.0625 -72.5 5.485515297479052 3
0009 0008 1710054995795 91.125 -70.0 6.074563920027139 3
0009 0010 1710054995795 -42.3125 -63.5 5.491651220630596 3
0009 0001 1710054995796 -273.375 -73.0 5.497787143782138 3
0009 0000 1710054995796 -3.25 -58.0 1.8223691760081417 3
0009 0004 1710054995796 61.8125 -69.0 4.295146206079795 3
0009 0006 1710054995827 3.0 -73.0 1.5278448647340985 3
0009 0008 1710054996008 -94.375 -69.0 0.11658253987930872 3
0009 0010 1710054996008 9.75 -63.0 5.375068680751287 3
0009 0007 1710054996008 111.4375 -71.5 5.325981295538946 3
0009 0001 1710054996009 -91.125 -70.5 5.534602682691394 3
0009 0013 1710054996009 7.3125 -58.5 0.2699806186678728 3
0009 0015 1710054996009 -16.25 -62.0 4.086524818927348 3
0009 0000 1710054996010 39.0 -58.0 1.7548740213411735 3
0009 0012 1710054996010 0.0 -56.0 4.773748211900116 3
0009 0004 1710054996011 104.125 -69.0 4.399456899656019 3
0009 0006 1710054996011 -4.875 -73.5 0.9387962421860124 3
0009 0013 1710054996011 21.125 -58.0 0.2270291566070749 3
0009 0007 1710054996012 -55.3125 -70.0 5.448699758569798 3
0009 0010 1710054996013 19.5 -64.0 5.270757987175063 3
0009 0015 1710054996013 6.5 -62.0 4.061981126321178 3
0009 0001 1710054996014 -97.625 -71.5 5.3627968344482015 3
0009 0000 1710054996014 32.5 -58.0 1.7303303287350031 3
0009 0008 1710054996014 146.4375 -69.0 5.93343768754166 3
0009 0012 1710054996015 -13.0 -56.5 4.773748211900116 3
0009 0004 1710054996015 -91.125 -69.5 4.387185053352934 3
0009 0006 1710054996077 -3.625 -73.5 0.9633399347921826 3
0009 0014 1710054996242 0.0 -75.0 1.8407769454627694 3
0009 0015 1710054996242 -9.75 -62.0 4.086524818927348 3
0009 0008 1710054996242 48.8125 -69.5 6.135923151542564 3
0009 0012 1710054996243 -32.5 -56.5 4.76147636559703 3
0009 0013 1710054996243 -38.1875 -58.5 0.2699806186678728 3
0009 0007 1710054996243 191.1875 -70.5 5.1725832167503825 3
0009 0001 1710054996244 -52.0625 -71.0 5.473243451175968 3
0009 0004 1710054996244 -32.5 -70.0 4.276738436625168 3
0009 0000 1710054996245 29.25 -57.5 1.7794177139473437 3
0009 0010 1710054996245 22.75 -63.0 5.221670601962723 3
0009 0006 1710054996245 -1.4375 -74.0 0.8467573949128739 3
0009 0014 1710054996246 -7.6875 -74.5 5.080544369477243 3
0009 0004 1710054996247 94.375 -69.5 4.104932588381976 3
0009 0013 1710054996247 0.0 -58.5 0.1718058482431918 3
0009 0010 1710054996247 -13.0 -63.5 5.258486140871978 3
0009 0000 1710054996248 -39.0 -57.5 1.88986433067511 3
0009 0007 1710054996248 -87.0625 -71.0 5.325981295538946 3
0009 0001 1710054996249 -9.75 -72.0 5.184855063053467 3
0009 0015 1710054996249 -22.75 -62.5 4.080388895775806 3
0009 0012 1710054996249 -32.5 -56.5 4.724660826687775 3
0009 0008 1710054996250 -16.25 -69.5 6.1420590746941075 3
0009 0006 1710054996578 1.5625 -74.0 0.6504078540635119 3
0009 0014 1710054996579 0.4375 -75.0 5.00077736850719 3
0009 0013 1710054996579 -41.5 -58.5 0.18407769454627693 3
0009 0010 1710054996579 -71.5625 -63.0 5.2768939103266055 3
0009 0008 1710054996580 -117.125 -69.0 0.006135923151542565 3
0009 0015 1710054996580 -19.5 -62.5 4.0558452031696355 3
0009 0012 1710054996581 -6.5 -56.5 4.6878452877785195 3
0009 0000 1710054996581 16.25 -57.5 1.7794177139473437 3
0009 0001 1710054996581 -22.75 -71.0 5.47937937432751 3
0009 0007 1710054996582 -87.0625 -71.5 5.2768939103266055 3
0009 0004 1710054996582 0.0 -68.5 4.135612204139688 3
0009 0014 1710054996582 2.875 -75.0 4.884194828627882 3
0009 0007 1710054996706 3.25 -71.0 5.092816215780329 3
0009 0015 1710054996706 -55.3125 -62.5 4.074252972624263 3
0009 0008 1710054996707 13.0 -70.0 6.013204688511713 3
0009 0012 1710054996707 -22.75 -57.0 4.608078286808466 3
0009 0000 1710054996707 -13.0 -58.0 1.8162332528565992 3
0009 0001 1710054996708 -91.125 -72.0 5.393476450205914 3
0009 0004 1710054996708 -185.5 -69.5 4.301282129231338 3
0009 0010 1710054996709 -32.5 -62.5 5.062136600022616 3
0009 0013 1710054996709 -3.25 -59.5 0.11044661672776616 3
0009 0014 1710054996709 -5.75 -74.5 4.9823695990525625 3
0009 0013 1710054996710 10.5625 -58.5 0.1043106935762236 3
0009 0000 1710054996710 16.25 -57.5 1.8100973297050567 3
0009 0004 1710054996711 -58.5625 -68.5 4.166291819897402 3
0009 0015 1710054996711 -16.25 -63.0 4.037437433715008 3
0009 0007 1710054996712 187.125 -70.5 4.773748211900116 3
0009 0008 1710054996712 -39.0 -69.0 6.025476534814799 3
0009 0010 1710054996712 -22.75 -63.0 5.006913291658733 3
0009 0001 1710054996713 42.3125 -71.5 5.491651220630596 3
0009 0012 1710054996713 35.75 -57.0 4.583534594202296 3
0009 0014 1710054996837 -13.375 -74.0 4.994641445355648 3
0009 0010 1710054996837 -13.0 -63.0 5.098952138931871 3
0009 0012 1710054996837 -6.5 -56.5 4.638757902566179 3
0009 0001 1710054996838 107.375 -71.0 5.2339424482658075 3
0009 0007 1710054996838 -73.1875 -70.0 5.190990986205009 3
0009 0008 1710054996838 87.875 -69.0 5.8045833013592665 3
0009 0004 1710054996839 -133.4375 -69.0 4.264466590322082 3
0009 0013 1710054996839 -38.1875 -58.5 0.1902136176978195 3
0009 0000 1710054996840 13.0 -58.0 1.7916895602504288 3
0009 0015 1710054996840 -35.75 -62.0 4.09266074207889 3
0009 0014 1710054997086 12.8125 -74.0 4.921010367537137 3
0009 0012 1710054997086 -9.75 -57.0 4.614214209960009 3
0009 0004 1710054997086 65.0625 -68.0 4.0558452031696355 3
0009 0000 1710054997087 -16.25 -57.5 1.8714565612204823 3
0009 0013 1710054997087 -45.5625 -59.0 0.18407769454627693 3
0009 0010 1710054997088 -16.25 -63.0 5.0682725231741586 3
0009 0001 1710054997088 74.8125 -71.5 5.221670601962723 3
0009 0015 1710054997089 -39.0 -63.0 4.0987966652304335 3
0009 0008 1710054997089 -179.0 -69.0 6.234097921967246 3
0009 0007 1710054997089 -3.25 -70.0 5.197126909356553 3
0009 0014 1710054997090 1.8125 -74.0 5.043728830567988 3
