0009 0000 1710055009178 -81.375 -63.5 3.785864584501762 3
0009 0001 1710055009179 -22.75 -66.5 5.436427912266712 3
0009 0004 1710055009179 -13.0 -61.0 3.9638063558964967 3
0009 0014 1710055009179 -6.5 -68.5 0.8160777791551611 3
0009 0002 1710055009180 -284.8125 -73.5 0.7547185476397354 3
0009 0007 1710055009180 -18.875 -73.5 0.7240389318820226 3
0009 0008 1710055009181 0.5625 -75.5 5.841398840268521 3
0009 0004 1710055009181 -22.75 -61.0 3.9208548938356986 3
0009 0001 1710055009181 48.8125 -67.0 5.424156065963627 3
0009 0005 1710055009182 81.375 -69.0 0.9878836273983529 3
0009 0000 1710055009183 -6.5 -64.0 3.785864584501762 3
0009 0014 1710055009183 26.0 -67.5 0.7424467013366504 3
0009 0002 1710055009183 139.125 -73.5 0.21475731030398976 3
0009 0008 1710055009183 -6.5 -75.0 5.7616318392984684 3
0009 0007 1710055009184 30.0625 -73.0 0.543029198911517 3
0009 0004 1710055009184 -3.25 -60.5 3.9085830475326135 3
0009 0005 1710055009184 -68.3125 -68.0 1.1474176293384597 3
0009 0001 1710055009185 61.8125 -67.0 5.264622064023521 3
0009 0002 1710055009185 -117.9375 -73.5 0.5829126993965437 3
0009 0014 1710055009186 6.5 -68.0 0.7669903939428205 3
0009 0000 1710055009186 -100.875 -64.5 3.9576704327449543 3
0009 0007 1710055009187 159.5 -72.5 3.509748042682347 3
0009 0008 1710055009187 68.3125 -74.5 2.9513790358919736 3
0009 0001 1710055009437 -52.0625 -67.0 5.602097837358362 3
0009 0000 1710055009437 -19.5 -64.5 3.859495662320273 3
0009 0004 1710055009437 19.5 -61.0 3.877903431774901 3
0009 0005 1710055009438 -19.5 -67.5 1.0921943209745766 3
0009 0014 1710055009438 -3.25 -68.5 0.7731263170943632 3
0009 0002 1710055009438 18.6875 -73.5 0.4663301595172349 3
0009 0008 1710055009439 112.25 -75.5 5.638913376267617 3
0009 0007 1710055009439 4.875 -73.5 0.9387962421860124 3
0009 0004 1710055009439 3.25 -60.5 3.834951969714103 3
0009 0000 1710055009440 -61.8125 -64.5 3.9822141253511245 3
0009 0014 1710055009440 -16.25 -69.0 0.8835729338221293 3
0009 0001 1710055009440 -29.25 -67.0 5.675728915176872 3
0009 0002 1710055009441 -170.0625 -74.0 0.5031456984264903 3
0009 0005 1710055009441 -61.8125 -66.5 1.3499030933393643 3
0009 0007 1710055009681 10.9375 -73.5 0.9694758579437253 3
0009 0008 1710055009682 -12.1875 -77.0 2.730485802436441 3
0009 0004 1710055009682 39.0 -60.0 3.80427235395639 3
0009 0000 1710055009682 19.5 -65.0 3.8533597391687304 3
0009 0001 1710055009683 84.625 -67.0 5.485515297479052 3
0009 0014 1710055009683 -6.5 -69.0 0.7547185476397354 3
0009 0005 1710055009683 -35.75 -67.0 1.3130875544301088 3
0009 0002 1710055009684 32.5 -73.5 0.35895150436524004 3
0009 0007 1710055009684 -9.125 -74.0 1.1965050145508 3
0009 0008 1710055009684 -0.5625 -77.0 2.693670263527186 3
0009 0014 1710055009685 -22.75 -68.5 0.7669903939428205 3
0009 0000 1710055009685 -26.0 -65.5 4.0558452031696355 3
0009 0001 1710055009685 -100.875 -68.0 5.9088939949354895 3
0009 0004 1710055009685 -13.0 -61.0 3.8840393549264434 3
0009 0005 1710055009686 -26.0 -67.0 1.4603497100671303 3
0009 0008 1710055009686 126.9375 -73.5 2.552544031041707 3
0009 0002 1710055009686 13.8125 -73.0 0.22089323345553233 3
0009 0007 1710055009937 -20.125 -73.5 4.448544284868359 3
0009 0001 1710055009937 -42.3125 -67.5 5.841398840268521 3
0009 0005 1710055009938 3.25 -68.0 1.368310862793992 3
0009 0004 1710055009938 35.75 -60.5 3.834951969714103 3
0009 0000 1710055009938 -19.5 -65.5 4.074252972624263 3
0009 0014 1710055009939 -6.5 -69.5 0.6688156235181395 3
0009 0002 1710055009939 -45.5625 -73.5 0.47860200582032003 3
0009 0007 1710055009939 -6.6875 -73.5 1.2885438618239387 3
0009 0008 1710055009940 -16.4375 -77.0 5.872078456026235 3
0009 0004 1710055009940 0.0 -60.0 3.9269908169872414 3
0009 0014 1710055009940 -61.8125 -68.0 0.7424467013366504 3
0009 0001 1710055009941 -146.4375 -67.0 5.9088939949354895 3
0009 0000 1710055009941 -19.5 -65.5 4.037437433715008 3
0009 0005 1710055009941 48.8125 -68.0 1.2762720155208536 3
0009 0002 1710055009941 -121.25 -73.0 0.705631162427395 3
0009 0008 1710055010176 18.25 -77.0 5.71868037723767 3
0009 0007 1710055010176 0.5625 -74.0 1.2946797849754812 3
0009 0004 1710055010176 -19.5 -59.5 4.111068511533518 3
0009 0000 1710055010176 -35.75 -64.0 4.374913207049849 3
0009 0001 1710055010177 -78.0625 -67.5 6.074563920027139 3
0009 0002 1710055010177 71.5625 -73.0 0.7792622402459057 3
0009 0005 1710055010177 -136.6875 -68.5 1.8960002538266525 3
0009 0007 1710055010178 104.125 -71.5 4.417864669110647 3
0009 0014 1710055010178 -39.0 -68.0 0.9203884727313847 3
0009 0008 1710055010178 -39.875 -75.0 0.08283496254582462 3
0009 0006 1710055010179 8.5 -70.0 1.4542137869155878 3
0009 0015 1710055010179 -0.4375 -77.5 4.448544284868359 3
0009 0006 1710055010179 35.75 -63.0 4.3933209765044765 3
0009 0002 1710055010180 -107.375 -72.0 2.429825568010856 3
0009 0014 1710055010180 13.0 -67.0 1.5401167110371838 3
0009 0000 1710055010181 35.75 -64.0 5.688000761479957 3
0009 0004 1710055010181 71.5625 -68.0 5.553010452146021 3
0009 0005 1710055010181 35.75 -67.5 4.190835512503572 3
0009 0001 1710055010182 -74.8125 -67.5 1.1044661672776617 3
0009 0015 1710055010182 3.25 -75.5 4.460816131171445 3
0009 0008 1710055010182 205.0625 -74.0 3.522019888985432 3
0009 0010 1710055010428 -3.0 -76.5 4.0987966652304335 3
0009 0012 1710055010429 3.0 -72.0 5.632777453116074 3
0009 0013 1710055010429 -1.25 -71.0 1.6137477888556946 3
0009 0015 1710055010429 -78.0625 -74.0 4.399456899656019 3
0009 0004 1710055010430 -9.75 -59.5 2.6568547246179306 3
0009 0001 1710055010430 13.0 -69.0 2.945243112740431 3
0009 0012 1710055010430 61.8125 -64.0 3.8533597391687304 3
0009 0007 1710055010431 24.375 -68.0 3.466796580621549 3
0009 0005 1710055010431 -13.0 -60.0 5.957981380147831 3
0009 0014 1710055010431 -16.25 -65.0 1.748738098189631 3
0009 0000 1710055010431 -3.25 -64.0 2.761165418194154 3
0009 0002 1710055010432 -61.8125 -71.5 4.331961744989051 3
0009 0013 1710055010432 -83.0 -67.0 5.043728830567988 3
0009 0010 1710055010432 9.75 -70.0 6.166602767300278 3
0009 0008 1710055010433 8.5 -78.5 0.5645049299419159 3
0009 0014 1710055010433 55.3125 -63.5 1.5401167110371838 3
0009 0008 1710055010433 -149.6875 -72.0 4.006757817957295 3
0009 0004 1710055010434 55.3125 -60.5 3.2949907323783574 3
0009 0013 1710055010434 19.5 -62.0 5.006913291658733 3
0009 0005 1710055010434 -52.0625 -65.5 0.09203884727313846 3
0009 0000 1710055010435 16.25 -58.5 3.77972866135022 3
0009 0007 1710055010435 3.25 -67.0 4.779884135051658 3
0009 0001 1710055010435 -133.4375 -68.0 3.0066023442558567 3
0009 0012 1710055010436 13.0 -60.0 3.663146121470911 3
0009 0010 1710055010436 -198.5625 -67.5 2.6139032625571326 3
0009 0002 1710055010437 -32.5 -71.0 5.595961914206819 3
0009 0004 1710055010666 13.0 -63.0 6.080699843178682 3
0009 0010 1710055010666 -74.8125 -65.5 4.724660826687775 3
0009 0000 1710055010666 3.25 -60.5 4.608078286808466 3
0009 0011 1710055010666 74.8125 -69.5 5.675728915176872 3
0009 0013 1710055010667 -24.375 -58.5 4.4362724385652745 3
0009 0007 1710055010667 21.125 -66.0 0.4479223900626072 3
0009 0012 1710055010667 9.75 -57.5 3.6140587362585705 3
0009 0014 1710055010668 -126.9375 -64.0 1.4051264017032472 3
0009 0015 1710055010668 -113.875 -70.0 4.417864669110647 3
0009 0002 1710055010668 277.4375 -72.5 0.22089323345553233 3
0009 0005 1710055010669 -7.3125 -68.5 0.05522330836388308 3
0009 0001 1710055010669 21.9375 -75.0 3.6201946594101133 3
0009 0006 1710055010669 -2.625 -71.0 1.086058397823034 3
0009 0008 1710055010670 -4.375 -77.0 5.399612373357457 3
0009 0014 1710055010670 87.875 -67.5 0.760854470791278 3
0009 0004 1710055010670 -26.0 -55.5 0.6749515466696822 3
0009 0011 1710055010670 22.75 -66.5 1.3744467859455345 3
0009 0007 1710055010671 52.0625 -66.0 1.3744467859455345 3
0009 0012 1710055010671 -3.25 -56.5 2.448233337465483 3
0009 0001 1710055010671 -110.625 -70.5 3.9822141253511245 3
0009 0006 1710055010672 45.5625 -68.0 3.4913402732277192 3
0009 0013 1710055010672 -10.5625 -56.0 2.84706834231575 3
0009 0005 1710055010672 0.0 -59.5 3.497476196379262 3
0009 0000 1710055010673 -6.5 -59.5 6.105243535784852 3
0009 0010 1710055010673 -16.25 -58.0 6.019340611663256 3
0009 0015 1710055010673 110.625 -64.5 4.516039439535327 3
0009 0008 1710055010674 -208.3125 -73.5 2.2886993355253766 3
0009 0002 1710055010674 121.25 -74.5 1.5585244804918115 3
0009 0013 1710055010882 16.25 -56.0 1.6812429435226628 3
0009 0006 1710055010882 -13.0 -67.0 2.7120780329818137 3
0009 0000 1710055010882 -19.5 -60.0 6.22182607566416 3
0009 0005 1710055010882 22.75 -62.5 3.761320891895592 3
0009 0001 1710055010883 -32.5 -68.5 3.393165502803038 3
0009 0008 1710055010883 -117.125 -70.5 2.356194490192345 3
0009 0015 1710055010883 16.25 -57.0 6.000932842208628 3
0009 0012 1710055010884 -13.0 -56.0 0.8774370106705868 3
0009 0010 1710055010884 42.3125 -61.5 6.074563920027139 3
0009 0004 1710055010884 -19.5 -60.0 0.9203884727313847 3
0009 0002 1710055010885 -34.9375 -75.0 1.88986433067511 3
0009 0000 1710055010885 48.8125 -60.5 5.595961914206819 3
0009 0012 1710055010885 -9.75 -55.0 0.0 3
0009 0006 1710055010886 71.5625 -68.0 1.761009944492716 3
0009 0013 1710055010886 -10.5625 -56.0 0.5460971604872883 3
0009 0008 1710055010886 -117.125 -70.5 2.2212041808584084 3
0009 0015 1710055010887 9.75 -56.0 6.080699843178682 3
0009 0004 1710055010887 -29.25 -61.5 1.0062913968529805 3
0009 0001 1710055010887 16.25 -68.0 2.564815877344792 3
0009 0005 1710055010887 68.3125 -64.0 3.730641276137879 3
0009 0010 1710055010888 -65.0625 -65.5 1.0737865515199487 3
0009 0000 1710055011088 29.25 -61.5 4.92714629068868 3
0009 0012 1710055011089 -13.0 -55.0 5.595961914206819 3
0009 0013 1710055011089 -13.8125 -57.5 5.792311455056181 3
0009 0015 1710055011089 -3.25 -55.0 6.013204688511713 3
0009 0006 1710055011090 91.125 -70.5 1.6014759425526093 3
0009 0001 1710055011090 -26.0 -69.0 1.9389517158874505 3
0009 0004 1710055011090 -42.3125 -61.5 0.7363107781851077 3
0009 0008 1710055011091 97.625 -70.0 1.7241944055834606 3
0009 0005 1710055011091 -29.25 -64.5 3.442252888015379 3
0009 0010 1710055011091 -74.8125 -66.0 0.944932165337555 3
0009 0005 1710055011091 16.25 -63.0 3.5956509668039427 3
0009 0015 1710055011092 -52.0625 -56.0 5.915029918087033 3
0009 0004 1710055011092 -19.5 -62.0 0.48473792897186263 3
0009 0001 1710055011092 -26.0 -69.0 1.521708941582556 3
0009 0010 1710055011093 -45.5625 -66.5 0.7731263170943632 3
0009 0012 1710055011093 -42.3125 -56.0 5.595961914206819 3
0009 0013 1710055011093 -21.125 -58.0 6.258641614573416 3
0009 0000 1710055011094 -9.75 -61.5 4.417864669110647 3
0009 0008 1710055011094 -32.5 -69.5 1.6566992509164924 3
0009 0006 1710055011094 48.8125 -69.0 1.7119225592803755 3
0009 0012 1710055011315 -16.25 -56.0 5.632777453116074 3
0009 0010 1710055011315 -32.5 -66.5 0.7792622402459057 3
0009 0013 1710055011315 -13.8125 -57.5 6.227961998815704 3
0009 0015 1710055011316 -16.25 -56.0 5.743224069843841 3
0009 0008 1710055011316 -68.3125 -69.5 1.6689710972195777 3
0009 0001 1710055011316 -81.375 -69.0 1.3560390164909069 3
0009 0004 1710055011317 -42.3125 -62.5 0.4295146206079795 3
0009 0005 1710055011317 32.5 -63.0 3.423845118560751 3
0009 0000 1710055011317 -19.5 -62.0 4.0128937411088375 3
0009 0006 1710055011318 12.1875 -72.0 5.2247385635384935 3
0009 0014 1710055011318 0.25 -74.0 1.1228739367322893 3
0009 0010 1710055011318 32.5 -66.5 0.607456392002714 3
0009 0015 1710055011318 0.0 -56.0 5.730952223540755 3
0009 0008 1710055011319 3.25 -68.0 1.5155730184310134 3
0009 0004 1710055011319 -61.8125 -63.5 0.1349903093339364 3
0009 0013 1710055011319 3.25 -57.0 6.135923151542564 3
0009 0000 1710055011320 26.0 -61.5 3.6815538909255388 3
0009 0012 1710055011320 -9.75 -56.5 5.577554144752192 3
0009 0001 1710055011320 -117.125 -70.0 1.1719613219446299 3
0009 0005 1710055011321 6.5 -63.0 3.368621810196868 3
0009 0006 1710055011438 3.0 -73.5 2.067806102069844 3
0009 0014 1710055011438 -0.25 -73.5 4.368777283898306 3
0009 0012 1710055011438 16.25 -56.5 5.5714182216006485 3
0009 0013 1710055011439 -38.1875 -57.5 6.215690152512618 3
0009 0015 1710055011439 -16.25 -57.0 5.675728915176872 3
0009 0010 1710055011439 -48.8125 -66.0 0.7240389318820226 3
0009 0001 1710055011440 -152.9375 -70.5 1.0799224746714913 3
0009 0005 1710055011440 6.5 -63.5 3.2765829629237295 3
0009 0004 1710055011440 3.25 -64.0 6.252505691421874 3
0009 0000 1710055011440 0.0 -61.5 3.5158839658338894 3
0009 0008 1710055011441 -87.875 -68.0 1.5462526341887264 3
0009 0014 1710055011650 10.375 -73.5 4.276738436625168 3
0009 0006 1710055011650 -5.1875 -74.0 5.338253141842031 3
0009 0015 1710055011651 42.3125 -57.0 5.583690067903734 3
0009 0001 1710055011651 9.75 -70.0 0.7731263170943632 3
0009 0010 1710055011651 55.3125 -66.5 0.5338253141842031 3
0009 0013 1710055011652 -13.8125 -57.0 6.086835766330224 3
0009 0004 1710055011652 -16.25 -64.5 6.1420590746941075 3
0009 0005 1710055011652 -22.75 -63.0 3.2520392703175593 3
0009 0012 1710055011653 26.0 -57.0 5.45483568172134 3
0009 0008 1710055011653 146.4375 -69.0 1.1228739367322893 3
0009 0000 1710055011653 6.5 -61.0 3.3870295796514958 3
0009 0014 1710055011654 7.3125 -73.0 4.301282129231338 3
0009 0006 1710055011654 2.125 -74.0 5.221670601962723 3
0009 0015 1710055011654 -6.5 -56.5 5.6573211457222445 3
0009 0000 1710055011654 -58.5625 -61.0 3.423845118560751 3
0009 0012 1710055011655 -16.25 -57.0 5.50392306693368 3
0009 0005 1710055011655 -22.75 -63.5 3.2827188860752723 3
0009 0004 1710055011655 -16.25 -64.0 6.154330920997192 3
0009 0013 1710055011656 -17.0625 -57.0 6.129787228391022 3
0009 0001 1710055011656 19.5 -69.5 0.6442719309119693 3
0009 0010 1710055011656 48.8125 -66.0 0.44178646691106466 3
0009 0008 1710055011657 65.0625 -68.5 1.184233168247715 3
0009 0014 1710055011697 16.4375 -73.0 4.344233591292136 3
0009 0006 1710055011943 1.75 -74.0 5.006913291658733 3
0009 0015 1710055011943 9.75 -56.5 5.632777453116074 3
0009 0010 1710055011943 -94.375 -66.0 0.5338253141842031 3
0009 0012 1710055011944 16.25 -57.5 5.375068680751287 3
0009 0000 1710055011944 -22.75 -61.0 3.2765829629237295 3
0009 0008 1710055011944 -58.5625 -68.5 1.214912784005428 3
0009 0013 1710055011945 -21.125 -57.0 6.056156150572511 3
0009 0001 1710055011945 -48.8125 -70.5 0.8344855486097889 3
0009 0004 1710055011945 -29.25 -64.5 6.080699843178682 3
0009 0005 1710055011946 -3.25 -64.0 3.2397674240144743 3
0009 0014 1710055011946 -9.125 -73.0 4.4362724385652745 3
0009 0006 1710055011946 1.75 -74.0 5.013049214810275 3
0009 0008 1710055012059 162.75 -69.0 0.7424467013366504 3
0009 0013 1710055012059 -7.3125 -57.0 6.031612457966341 3
0009 0005 1710055012059 71.5625 -65.5 3.147728576741336 3
0009 0004 1710055012060 6.5 -64.0 5.9518454569962875 3
0009 0001 1710055012060 39.0 -70.0 0.5829126993965437 3
0009 0000 1710055012060 6.5 -61.0 3.1231848841351653 3
0009 0010 1710055012060 -29.25 -66.0 0.4540583132141498 3
0009 0015 1710055012061 0.0 -57.0 5.64504929941916 3
0009 0012 1710055012061 13.0 -57.0 5.344389064993574 3
0009 0014 1710055012061 2.4375 -72.5 4.362641360746763 3
0009 0006 1710055012062 -1.5625 -74.0 5.098952138931871 3
0009 0004 1710055012062 -16.25 -64.5 5.835262917116979 3
0009 0015 1710055012063 -9.75 -57.0 5.632777453116074 3
0009 0012 1710055012064 -42.3125 -57.0 5.418020142812084 3
0009 0005 1710055012064 55.3125 -65.5 3.1231848841351653 3
0009 0013 1710055012064 -21.125 -57.0 6.025476534814799 3
0009 0010 1710055012065 19.5 -65.0 0.19634954084936207 3
0009 0008 1710055012065 -107.375 -69.0 1.0369710126106935 3
0009 0000 1710055012065 -26.0 -61.0 3.098641191528995 3
0009 0001 1710055012066 -97.625 -69.5 0.5645049299419159 3
0009 0014 1710055012187 -15.25 -73.0 4.485359823777615 3
0009 0006 1710055012187 4.375 -74.0 4.779884135051658 3
0009 0008 1710055012188 -32.5 -70.0 0.8099418560036186 3
0009 0015 1710055012188 -52.0625 -57.0 5.688000761479957 3
0009 0013 1710055012188 -10.5625 -57.0 5.988660995905543 3
0009 0001 1710055012188 -120.4375 -70.0 0.6258641614573416 3
0009 0012 1710055012189 -9.75 -57.0 5.375068680751287 3
0009 0000 1710055012189 9.75 -60.5 2.9943304979527716 3
0009 0004 1710055012189 -22.75 -65.0 5.792311455056181 3
0009 0010 1710055012190 84.625 -65.5 0.09817477042468103 3
0009 0005 1710055012190 -65.0625 -66.0 3.2765829629237295 3
0009 0014 1710055012408 -3.625 -73.5 1.3499030933393643 3
0009 0006 1710055012408 -1.25 -74.0 1.7241944055834606 3
0009 0000 1710055012408 0.0 -61.0 2.9759227284981438 3
0009 0012 1710055012408 -6.5 -57.0 5.313709449235861 3
0009 0015 1710055012409 6.5 -57.0 5.6143696836614465 3
0009 0010 1710055012409 -13.0 -65.5 0.19634954084936207 3
0009 0001 1710055012409 84.625 -71.5 0.23930100291016002 3
0009 0004 1710055012410 35.75 -65.0 5.638913376267617 3
0009 0013 1710055012410 -30.875 -57.0 5.976389149602458 3
0009 0008 1710055012410 55.3125 -69.5 0.8160777791551611 3
0009 0005 1710055012411 45.5625 -67.5 3.08636934522591 3
0009 0014 1710055012411 6.6875 -73.5 1.1474176293384597 3
0009 0006 1710055012412 -0.4375 -74.0 1.5830681730979816 3
0009 0008 1710055012412 13.0 -69.5 0.6504078540635119 3
0009 0012 1710055012413 -9.75 -57.0 5.289165756629691 3
0009 0004 1710055012413 52.0625 -64.5 5.6143696836614465 3
0009 0005 1710055012413 0.0 -66.5 3.08636934522591 3
0009 0015 1710055012414 -22.75 -57.0 5.6573211457222445 3
0009 0000 1710055012414 -6.5 -60.5 3.000466421104314 3
0009 0010 1710055012414 32.5 -65.0 0.04295146206079795 3
0009 0013 1710055012415 -13.8125 -57.0 5.939573610693203 3
0009 0001 1710055012415 -16.25 -70.5 0.25157284921324513 3
0009 0014 1710055012437 3.0 -73.0 4.3933209765044765 3
0009 0006 1710055012647 2.0 -74.0 4.73693267299086 3
0009 0013 1710055012647 9.75 -57.0 5.8659425328746915 3
0009 0012 1710055012647 13.0 -57.0 5.2339424482658075 3
0009 0010 1710055012648 -32.5 -65.5 0.20248546400090464 3
0009 0004 1710055012648 -42.3125 -65.0 5.780039608753096 3
0009 0008 1710055012648 0.0 -69.5 0.6565437772150544 3
0009 0000 1710055012649 -6.5 -60.0 2.988194574801229 3
0009 0005 1710055012649 91.125 -67.0 3.0127382674073995 3
0009 0001 1710055012649 -81.375 -69.5 0.3436116964863836 3
0009 0015 1710055012649 -13.0 -57.0 5.638913376267617 3
0009 0014 1710055012650 11.5625 -73.5 4.405592822807561 3
0009 0006 1710055012650 0.0 -73.5 4.718524903536232 3
0009 0013 1710055012651 -21.125 -57.0 5.93343768754166 3
0009 0008 1710055012651 -52.0625 -70.0 0.9019807032767571 3
0009 0010 1710055012651 42.3125 -65.5 0.15339807878856412 3
0009 0000 1710055012652 -19.5 -60.0 3.0495538063166547 3
0009 0015 1710055012652 45.5625 -57.0 5.540738605842936 3
0009 0012 1710055012652 -19.5 -57.0 5.313709449235861 3
0009 0004 1710055012653 -55.3125 -65.0 5.792311455056181 3
0009 0005 1710055012654 35.75 -68.0 3.1231848841351653 3
0009 0001 1710055012654 35.75 -71.0 0.07976700097005335 3
0009 0006 1710055012909 5.4375 -73.5 4.865787059173254 3
0009 0014 1710055012909 2.4375 -73.5 4.657165672020807 3
0009 0013 1710055012910 -3.25 -57.0 5.853670686571607 3
0009 0010 1710055012910 -13.0 -65.5 0.2761165418194154 3
0009 0012 1710055012910 -32.5 -57.0 5.350524988145116 3
0009 0004 1710055012911 -16.25 -65.0 5.786175531904639 3
0009 0015 1710055012911 -29.25 -57.0 5.675728915176872 3
0009 0000 1710055012911 6.5 -60.5 3.000466421104314 3
0009 0008 1710055012911 -146.4375 -69.5 0.705631162427395 3
0009 0005 1710055012912 -91.125 -68.5 3.1906800388021335 3
0009 0001 1710055012912 130.1875 -70.5 6.240233845118788 3
0009 0006 1710055012912 1.1875 -73.5 1.761009944492716 3
0009 0014 1710055012913 -9.75 -73.5 4.700117134081604 3
0009 0008 1710055012913 81.375 -69.5 0.5399612373357456 3
0009 0010 1710055012914 13.0 -65.0 0.25157284921324513 3
0009 0004 1710055012914 -61.8125 -65.5 5.927301764390117 3
0009 0000 1710055012914 6.5 -60.5 3.0250101137104846 3
0009 0005 1710055012915 71.5625 -68.5 2.9268353432858034 3
0009 0013 1710055012915 17.0625 -56.5 5.822991070813893 3
0009 0012 1710055012915 -26.0 -56.5 5.344389064993574 3
0009 0001 1710055012916 74.8125 -71.0 0.09817477042468103 3
0009 0015 1710055012916 -19.5 -57.0 5.620505606812989 3
0009 0014 1710055012936 7.875 -74.0 4.509903516383785 3
0009 0006 1710055012936 0.5625 -73.5 1.846912868614312 3
0009 0013 1710055013131 -34.9375 -56.5 5.927301764390117 3
0009 0001 1710055013132 -32.5 -71.0 0.3129320807286708 3
0009 0010 1710055013132 -52.0625 -64.0 0.28225246497095796 3
0009 0015 1710055013132 -42.3125 -57.0 5.663457068873787 3
0009 0008 1710055013133 104.125 -70.0 0.5460971604872883 3
0009 0000 1710055013133 -13.0 -60.0 3.067961575771282 3
0009 0012 1710055013133 19.5 -56.5 5.246214294568893 3
0009 0005 1710055013134 133.4375 -69.0 2.8777479580734626 3
0009 0004 1710055013134 -26.0 -65.0 5.853670686571607 3
0009 0006 1710055013134 -6.6875 -73.0 1.8285050991596843 3
0009 0014 1710055013134 -3.3125 -74.5 4.681709364626977 3
0009 0000 1710055013135 -9.75 -60.5 3.0066023442558567 3
0009 0010 1710055013136 -61.8125 -64.5 0.34974761963792617 3
0009 0012 1710055013136 -13.0 -57.0 5.289165756629691 3
0009 0008 1710055013136 -16.25 -70.5 0.6504078540635119 3
0009 0013 1710055013136 -17.0625 -56.5 5.859806609723149 3
0009 0005 1710055013137 -74.8125 -68.5 3.1784081924990484 3
0009 0015 1710055013137 -6.5 -57.0 5.620505606812989 3
0009 0001 1710055013137 -71.5625 -72.0 0.32520392703175593 3
0009 0004 1710055013138 19.5 -65.0 5.773903685601553 3
0009 0006 1710055013187 9.125 -73.0 4.92714629068868 3
0009 0014 1710055013359 -2.4375 -74.5 1.5401167110371838 3
0009 0004 1710055013359 -16.25 -65.5 5.767767762450011 3
0009 0008 1710055013360 117.125 -69.5 0.5399612373357456 3
0009 0001 1710055013360 -22.75 -70.0 0.1902136176978195 3
0009 0010 1710055013360 -9.75 -64.0 0.2699806186678728 3
0009 0013 1710055013361 -3.25 -57.0 5.841398840268521 3
0009 0015 1710055013361 13.0 -57.0 5.577554144752192 3
0009 0000 1710055013361 -9.75 -60.0 3.0066023442558567 3
0009 0005 1710055013361 -19.5 -68.5 3.018874190558942 3
0009 0012 1710055013362 -6.5 -56.5 5.289165756629691 3
0009 0014 1710055013362 -3.0 -74.5 4.485359823777615 3
0009 0006 1710055013362 -0.5625 -73.5 1.6812429435226628 3
0009 0012 1710055013364 -29.25 -57.0 5.325981295538946 3
0009 0013 1710055013364 13.8125 -56.5 5.853670686571607 3
0009 0010 1710055013365 -29.25 -64.0 0.25770877236478773 3
0009 0005 1710055013365 -97.625 -68.5 3.2029518851052186 3
0009 0008 1710055013365 -22.75 -69.5 0.705631162427395 3
0009 0001 1710055013365 13.0 -71.0 0.1043106935762236 3
0009 0000 1710055013366 -55.3125 -60.0 3.018874190558942 3
0009 0004 1710055013366 22.75 -65.0 5.663457068873787 3
0009 0015 1710055013366 -6.5 -57.0 5.595961914206819 3
0009 0006 1710055013436 8.5 -73.5 1.718058482431918 3
0009 0014 1710055013436 -7.3125 -74.0 4.651029748869264 3
0009 0015 1710055013583 -16.25 -57.0 5.620505606812989 3
0009 0005 1710055013583 26.0 -67.5 3.06182565261974 3
0009 0004 1710055013584 -9.75 -66.0 5.675728915176872 3
0009 0013 1710055013584 13.8125 -56.5 5.816855147662351 3
0009 0012 1710055013584 -45.5625 -56.5 5.307573526084319 3
0009 0001 1710055013585 -32.5 -69.5 0.2270291566070749 3
0009 0000 1710055013585 52.0625 -60.0 2.8532042654672924 3
0009 0008 1710055013585 -68.3125 -69.5 0.6933593161243098 3
0009 0010 1710055013585 -22.75 -64.0 0.30066023442558565 3
0009 0014 1710055013586 -10.375 -73.5 4.638757902566179 3
0009 0006 1710055013586 4.5625 -73.0 4.718524903536232 3
0009 0015 1710055013586 0.0 -57.0 5.5714182216006485 3
0009 0010 1710055013587 -74.8125 -63.5 0.34974761963792617 3
0009 0012 1710055013588 13.0 -57.0 5.240078371417351 3
0009 0004 1710055013588 -65.0625 -66.0 5.7616318392984684 3
0009 0008 1710055013588 9.75 -69.0 0.619728238305799 3
0009 0013 1710055013588 -3.25 -57.0 5.835262917116979 3
0009 0001 1710055013589 152.9375 -71.0 6.086835766330224 3
0009 0000 1710055013589 3.25 -59.5 2.8654761117703775 3
0009 0005 1710055013589 16.25 -68.0 3.031146036862027 3
0009 0014 1710055013693 -3.625 -73.5 4.558990901596125 3
0009 0006 1710055013693 -0.25 -73.5 4.724660826687775 3
0009 0015 1710055013812 6.5 -57.0 5.602097837358362 3
0009 0012 1710055013812 -6.5 -57.0 5.2339424482658075 3
0009 0000 1710055013813 3.25 -59.5 2.804116880254952 3
0009 0010 1710055013813 81.375 -64.5 0.07976700097005335 3
0009 0005 1710055013813 -139.9375 -68.0 3.1906800388021335 3
0009 0001 1710055013813 39.0 -70.0 0.11044661672776616 3
0009 0004 1710055013814 -6.5 -65.5 5.71868037723767 3
0009 0008 1710055013814 -13.0 -69.0 0.6381360077604268 3
0009 0013 1710055013814 -7.3125 -57.0 5.841398840268521 3
0009 0014 1710055013815 -17.6875 -73.0 4.706253057233147 3
0009 0006 1710055013815 2.125 -73.5 4.675573441475434 3
0009 0012 1710055013815 -29.25 -56.5 5.3198453723874035 3
0009 0013 1710055013816 -32.5 -56.5 5.884350302329319 3
0009 0010 1710055013816 -3.25 -64.0 0.16566992509164924 3
0009 0008 1710055013817 100.875 -68.0 0.46019423636569234 3
0009 0000 1710055013817 13.0 -59.5 2.773437264497239 3
0009 0004 1710055013817 22.75 -65.5 5.5714182216006485 3
0009 0005 1710055013817 117.125 -68.5 2.773437264497239 3
0009 0015 1710055013818 -9.75 -57.0 5.559146375297564 3
0009 0001 1710055013818 -26.0 -71.5 0.02454369260617026 3
0009 0014 1710055013951 11.5625 -73.5 4.608078286808466 3
0009 0006 1710055013951 -2.125 -73.5 4.743068596142402 3
