0001 0015 1711700848723 13.0 -58.5 0.47860200582032003 16
0001 0014 1711700848724 16.25 -63.5 5.8475347634200645 16
0001 0004 1711700848724 45.5625 -59.5 2.2948352586769194 16
0001 0006 1711700848725 -32.5 -63.5 3.485204350076177 16
0001 0005 1711700848725 -32.5 -66.5 3.693825737228624 16
0001 0008 1711700848726 16.25 -61.5 0.6504078540635119 16
0001 0009 1711700848726 0.0 -60.5 5.700272607783043 16
0001 0007 1711700848726 14.0 -73.5 1.9082721001297376 16
0001 0014 1711700848727 -52.0625 -63.5 5.841398840268521 16
0001 0006 1711700848727 0.0 -63.5 3.4177091954092087 16
0001 0004 1711700848728 -26.0 -59.0 2.380738182798515 16
0001 0015 1711700848728 -6.5 -58.5 0.5154175447295755 16
0001 0008 1711700848728 52.0625 -62.0 0.6013204688511713 16
0001 0009 1711700848728 -35.75 -60.5 5.786175531904639 16
0001 0005 1711700848729 42.3125 -66.0 3.5588354278946874 16
0001 0007 1711700848730 -12.1875 -73.5 5.270757987175063 16
0001 0000 1711700849022 -7.4375 -76.0 1.5707963267948966 16
0001 0008 1711700849022 -38.1875 -62.5 0.7424467013366504 16
0001 0005 1711700849023 19.5 -66.0 3.5833791205008576 16
0001 0009 1711700849023 -3.25 -60.0 5.730952223540755 16
0001 0004 1711700849023 29.25 -59.5 2.3071071049800045 16
0001 0006 1711700849024 -39.0 -63.5 3.5036121195308043 16
0001 0014 1711700849024 -52.0625 -64.0 5.792311455056181 16
0001 0015 1711700849024 6.5 -58.0 0.47860200582032003 16
0001 0007 1711700849025 -10.9375 -73.5 2.1598449493429825 16
0001 0000 1711700849025 4.5625 -76.0 1.423534171157875 16
0001 0008 1711700849025 61.8125 -63.0 0.6013204688511713 16
0001 0005 1711700849026 -104.125 -66.0 3.767456815047135 16
0001 0015 1711700849026 26.0 -58.0 0.5031456984264903 16
0001 0004 1711700849027 -3.25 -59.0 2.380738182798515 16
0001 0014 1711700849027 71.5625 -64.0 5.638913376267617 16
0001 0009 1711700849027 -16.25 -60.5 5.816855147662351 16
0001 0006 1711700849027 26.0 -64.0 3.393165502803038 16
0001 0007 1711700849065 11.5625 -74.0 1.9941750242513334 16
0001 0000 1711700849265 -2.125 -77.0 1.2210487071569704 16
0001 0008 1711700849265 27.625 -63.0 0.6258641614573416 16
0001 0006 1711700849265 -35.75 -64.5 3.442252888015379 16
0001 0004 1711700849265 -19.5 -59.5 2.442097414313941 16
0001 0015 1711700849266 13.0 -58.5 0.5031456984264903 16
0001 0005 1711700849266 -159.5 -66.0 3.8840393549264434 16
0001 0009 1711700849266 -16.25 -61.0 5.8045833013592665 16
0001 0014 1711700849267 9.75 -64.0 5.706408530934585 16
0001 0007 1711700849267 12.1875 -74.0 1.9819031779482483 16
0001 0000 1711700849267 -0.8125 -77.0 1.1719613219446299 16
0001 0015 1711700849268 19.5 -58.0 0.4479223900626072 16
0001 0004 1711700849268 26.0 -59.0 2.3623304133438876 16
0001 0008 1711700849269 48.8125 -62.5 0.619728238305799 16
0001 0014 1711700849269 -3.25 -64.0 5.755495916146925 16
0001 0005 1711700849269 -58.5625 -66.0 3.693825737228624 16
0001 0006 1711700849270 39.0 -64.0 3.380893656499953 16
0001 0009 1711700849270 42.3125 -60.5 5.71868037723767 16
0001 0007 1711700849317 -0.5625 -73.5 5.203262832508095 16
0001 0006 1711700849538 -3.25 -64.0 3.4054373491061236 16
0001 0014 1711700849538 -39.0 -64.0 5.755495916146925 16
0001 0004 1711700849538 29.25 -59.0 2.399145952253143 16
0001 0008 1711700849539 -13.8125 -62.5 0.7363107781851077 16
0001 0005 1711700849539 -104.125 -65.5 3.822680123411018 16
0001 0015 1711700849539 22.75 -58.0 0.47860200582032003 16
0001 0009 1711700849540 42.3125 -60.5 5.737088146692298 16
0001 0007 1711700849540 -3.625 -74.0 5.154175447295755 16
0001 0009 1711700849540 0.0 -60.5 5.773903685601553 16
0001 0004 1711700849541 26.0 -59.0 2.3930100291016 16
0001 0006 1711700849541 42.3125 -63.0 3.356349963893783 16
0001 0015 1711700849542 -19.5 -58.0 0.5583690067903734 16
0001 0008 1711700849543 7.3125 -63.0 0.7117670855789375 16
0001 0014 1711700849543 -19.5 -64.5 5.681864838328415 16
0001 0005 1711700849543 -22.75 -66.0 3.663146121470911 16
0001 0007 1711700849543 -1.1875 -74.0 2.184388641949153 16
0001 0004 1711700849762 -3.25 -59.0 2.4605051837685683 16
0001 0008 1711700849762 10.5625 -63.0 0.7424467013366504 16
0001 0015 1711700849762 3.25 -58.0 0.5092816215780329 16
0001 0005 1711700849763 -32.5 -66.0 3.724505352986337 16
0001 0009 1711700849763 -6.5 -60.5 5.798447378207723 16
0001 0006 1711700849763 61.8125 -64.0 3.3318062712876126 16
0001 0014 1711700849764 22.75 -64.0 5.730952223540755 16
0001 0007 1711700849764 20.125 -74.0 1.932815792735908 16
0001 0008 1711700849764 17.0625 -62.0 0.6933593161243098 16
0001 0015 1711700849765 0.0 -58.0 0.5154175447295755 16
0001 0004 1711700849765 39.0 -59.5 2.405281875404685 16
0001 0014 1711700849765 -35.75 -64.0 5.767767762450011 16
0001 0005 1711700849766 -6.5 -66.5 3.7122335066832517 16
0001 0009 1711700849766 22.75 -61.0 5.755495916146925 16
0001 0006 1711700849766 26.0 -64.0 3.3379421944391554 16
0001 0007 1711700849766 -9.125 -74.5 2.1353012567368124 16
0001 0006 1711700849987 6.5 -64.5 3.3624858870453256 16
0001 0015 1711700849987 9.75 -58.5 0.48473792897186263 16
0001 0009 1711700849987 19.5 -60.5 5.712544454086128 16
0001 0004 1711700849988 6.5 -59.5 2.411417798556228 16
0001 0014 1711700849988 13.0 -64.0 5.7616318392984684 16
0001 0008 1711700849988 -27.625 -62.5 0.7853981633974483 16
0001 0005 1711700849989 -19.5 -66.0 3.6815538909255388 16
0001 0007 1711700849989 -9.125 -74.0 2.073942025221387 16
0001 0009 1711700849989 -9.75 -60.5 5.792311455056181 16
0001 0014 1711700849990 42.3125 -64.0 5.681864838328415 16
0001 0006 1711700849990 -45.5625 -63.5 3.442252888015379 16
0001 0015 1711700849990 19.5 -58.0 0.5031456984264903 16
0001 0004 1711700849991 -9.75 -59.5 2.405281875404685 16
0001 0008 1711700849991 -13.8125 -63.0 0.760854470791278 16
0001 0005 1711700849991 -32.5 -66.0 3.730641276137879 16
0001 0007 1711700849991 16.4375 -74.0 4.994641445355648 16
0001 0006 1711700850211 -42.3125 -63.5 3.399301425954581 16
0001 0009 1711700850211 35.75 -60.5 5.706408530934585 16
0001 0014 1711700850211 52.0625 -64.0 5.6143696836614465 16
0001 0008 1711700850212 3.25 -62.5 0.7117670855789375 16
0001 0015 1711700850212 -9.75 -58.0 0.5399612373357456 16
0001 0005 1711700850212 107.375 -66.0 3.5588354278946874 16
0001 0004 1711700850213 22.75 -59.5 2.36846633649543 16
0001 0007 1711700850213 3.625 -74.0 5.123495831538041 16
0001 0009 1711700850213 -13.0 -61.0 5.767767762450011 16
0001 0008 1711700850214 -38.1875 -63.0 0.705631162427395 16
0001 0015 1711700850214 16.25 -58.0 0.5031456984264903 16
0001 0005 1711700850215 42.3125 -66.0 3.5711072741977725 16
0001 0006 1711700850215 -3.25 -64.5 3.399301425954581 16
0001 0004 1711700850215 3.25 -59.0 2.405281875404685 16
0001 0014 1711700850216 -6.5 -63.5 5.792311455056181 16
0001 0007 1711700850216 9.75 -74.0 5.129631754689584 16
0001 0009 1711700850316 -22.75 -61.0 5.780039608753096 16
0001 0004 1711700850316 19.5 -60.0 2.36846633649543 16
0001 0008 1711700850317 35.75 -62.0 0.619728238305799 16
0001 0015 1711700850317 9.75 -58.5 0.47860200582032003 16
0001 0005 1711700850317 9.75 -66.0 3.6386024288647407 16
0001 0006 1711700850317 32.5 -64.0 3.3011266555298997 16
0001 0014 1711700850318 -9.75 -64.0 5.755495916146925 16
0001 0007 1711700850542 -7.875 -74.0 5.203262832508095 16
0001 0006 1711700850542 26.0 -64.0 3.3011266555298997 16
0001 0009 1711700850542 -35.75 -60.5 5.792311455056181 16
0001 0014 1711700850542 -32.5 -63.5 5.859806609723149 16
0001 0015 1711700850543 -22.75 -58.5 0.5583690067903734 16
0001 0008 1711700850543 45.5625 -62.0 0.619728238305799 16
0001 0004 1711700850543 22.75 -59.0 2.3316507975861747 16
0001 0005 1711700850544 55.3125 -66.0 3.5158839658338894 16
0001 0007 1711700850544 2.4375 -74.0 5.135767677841127 16
0001 0000 1711700850544 -2.875 -77.5 1.030835089459151 16
0001 0008 1711700850545 -13.8125 -62.5 0.6258641614573416 16
0001 0006 1711700850545 9.75 -63.5 3.2949907323783574 16
0001 0014 1711700850546 39.0 -63.5 5.620505606812989 16
0001 0005 1711700850546 29.25 -66.0 3.552699504743145 16
0001 0009 1711700850546 -58.5625 -60.0 5.66959299202533 16
0001 0015 1711700850546 13.0 -58.0 0.47860200582032003 16
0001 0004 1711700850547 13.0 -59.0 2.3193789512830896 16
0001 0007 1711700850816 7.875 -74.0 1.9880391010997909 16
0001 0000 1711700850816 -2.6875 -77.0 1.2517283229146832 16
0001 0014 1711700850816 22.75 -64.0 5.6941366846315 16
0001 0005 1711700850817 -71.5625 -66.0 3.5772431973493153 16
0001 0006 1711700850817 78.0625 -64.0 3.2090878082567613 16
0001 0008 1711700850817 3.25 -62.5 0.6135923151542565 16
0001 0015 1711700850817 6.5 -58.0 0.47860200582032003 16
0001 0004 1711700850818 -16.25 -59.5 2.3746022596469727 16
0001 0009 1711700850818 -45.5625 -60.5 5.64504929941916 16
0001 0007 1711700850818 21.9375 -74.5 1.9266798695843652 16
0001 0000 1711700850819 3.625 -77.5 4.295146206079795 16
0001 0006 1711700850969 22.75 -64.0 3.3195344249845276 16
0001 0005 1711700850969 58.5625 -65.5 3.56497135104623 16
0001 0014 1711700850969 -16.25 -63.5 5.7616318392984684 16
0001 0015 1711700850969 -6.5 -58.0 0.5092816215780329 16
0001 0009 1711700850970 13.0 -60.0 5.485515297479052 16
0001 0008 1711700850970 -13.0 -62.0 0.5951845456996288 16
0001 0004 1711700850970 26.0 -59.5 2.2948352586769194 16
0001 0007 1711700850971 -1.8125 -74.0 2.0371264863121317 16
0001 0000 1711700850971 9.4375 -78.0 1.1903690913992575 16
0001 0015 1711700850972 13.0 -58.0 0.46019423636569234 16
0001 0006 1711700850972 0.0 -64.0 3.227495577711389 16
0001 0004 1711700850973 -19.5 -59.0 2.399145952253143 16
0001 0009 1711700850973 29.25 -60.0 5.497787143782138 16
0001 0005 1711700850974 42.3125 -65.5 3.485204350076177 16
0001 0008 1711700850974 38.1875 -62.0 0.5154175447295755 16
0001 0014 1711700850974 48.8125 -63.5 5.6143696836614465 16
0001 0007 1711700851065 15.8125 -75.0 1.9205439464328227 16
0001 0000 1711700851065 -7.0 -77.5 1.2578642460662257 16
0001 0008 1711700851202 -21.125 -62.0 0.6135923151542565 16
0001 0006 1711700851202 -39.0 -64.5 3.3870295796514958 16
0001 0015 1711700851202 26.0 -58.5 0.4724660826687775 16
0001 0005 1711700851202 6.5 -65.5 3.5281558121369745 16
0001 0004 1711700851203 42.3125 -59.0 2.3009711818284617 16
0001 0009 1711700851203 -3.25 -60.5 5.546874528994478 16
0001 0014 1711700851203 -26.0 -63.5 5.8045833013592665 16
0001 0007 1711700851204 14.625 -74.0 5.049864753719531 16
0001 0000 1711700851204 7.625 -77.0 4.289010282928253 16
0001 0009 1711700851204 -6.5 -60.0 5.565282298449106 16
0001 0005 1711700851205 6.5 -66.0 3.5465635815916023 16
0001 0008 1711700851205 19.5 -62.5 0.5645049299419159 16
0001 0015 1711700851206 -22.75 -58.5 0.5154175447295755 16
0001 0004 1711700851206 32.5 -59.5 2.313243028131547 16
0001 0014 1711700851206 32.5 -64.0 5.7616318392984684 16
0001 0006 1711700851207 -78.0625 -63.5 3.3502140407422405 16
0001 0007 1711700851315 -4.875 -74.5 1.9819031779482483 16
0001 0000 1711700851316 3.0 -77.0 4.473087977474529 16
0001 0015 1711700851444 -32.5 -58.0 0.521553467881118 16
0001 0005 1711700851444 16.25 -66.0 3.522019888985432 16
0001 0004 1711700851445 9.75 -59.5 2.36846633649543 16
0001 0009 1711700851445 -9.75 -60.5 5.553010452146021 16
0001 0006 1711700851445 32.5 -64.0 3.2213596545598464 16
0001 0014 1711700851445 -22.75 -63.5 5.7616318392984684 16
0001 0008 1711700851446 38.1875 -62.0 0.5583690067903734 16
0001 0007 1711700851446 1.8125 -74.0 5.111223985234957 16
0001 0000 1711700851446 0.875 -77.0 1.2087768608538851 16
0001 0006 1711700851447 19.5 -64.0 3.2765829629237295 16
0001 0009 1711700851447 -39.0 -60.5 5.595961914206819 16
0001 0004 1711700851447 26.0 -59.0 2.3316507975861747 16
0001 0014 1711700851448 6.5 -63.0 5.706408530934585 16
0001 0005 1711700851448 81.375 -65.0 3.4177091954092087 16
0001 0008 1711700851449 24.375 -62.0 0.5951845456996288 16
0001 0015 1711700851449 19.5 -58.5 0.4724660826687775 16
0001 0007 1711700851565 0.5625 -74.5 1.9880391010997909 16
0001 0000 1711700851566 1.8125 -76.5 4.399456899656019 16
0001 0015 1711700851689 -6.5 -58.0 0.5154175447295755 16
0001 0009 1711700851689 26.0 -60.0 5.485515297479052 16
0001 0008 1711700851690 -34.9375 -62.0 0.6320000846088841 16
0001 0004 1711700851691 3.25 -59.0 2.356194490192345 16
0001 0014 1711700851691 9.75 -64.0 5.737088146692298 16
0001 0005 1711700851691 -45.5625 -65.5 3.5895150436524004 16
0001 0006 1711700851692 22.75 -64.0 3.227495577711389 16
0001 0007 1711700851692 19.5 -74.5 1.9512235621905356 16
0001 0000 1711700851692 -1.1875 -77.5 1.3437671701878218 16
0001 0009 1711700851693 9.75 -60.0 5.5100589900852235 16
0001 0014 1711700851693 -29.25 -63.5 5.810719224510809 16
0001 0008 1711700851693 -21.125 -62.0 0.619728238305799 16
0001 0005 1711700851694 -45.5625 -66.0 3.6079228131070282 16
0001 0006 1711700851694 -22.75 -64.0 3.2581751934691017 16
0001 0004 1711700851694 16.25 -59.5 2.356194490192345 16
0001 0015 1711700851695 9.75 -58.0 0.5154175447295755 16
0001 0007 1711700851816 0.0 -74.5 2.012582793705961 16
0001 0000 1711700851816 1.1875 -76.5 4.356505437595221 16
0001 0004 1711700851816 -13.0 -59.5 2.3930100291016 16
0001 0009 1711700851817 6.5 -60.0 5.583690067903734 16
0001 0008 1711700851817 -10.5625 -62.5 0.5767767762450011 16
0001 0005 1711700851817 3.25 -65.5 3.552699504743145 16
0001 0014 1711700851818 -52.0625 -63.5 5.810719224510809 16
0001 0015 1711700851818 0.0 -58.0 0.5092816215780329 16
0001 0006 1711700851818 -13.0 -63.5 3.3011266555298997 16
0001 0007 1711700852062 7.875 -74.5 1.9205439464328227 16
0001 0000 1711700852062 -12.8125 -77.0 1.3989904785517047 16
0001 0009 1711700852062 -13.0 -60.0 5.534602682691394 16
0001 0006 1711700852063 19.5 -64.5 3.2520392703175593 16
0001 0005 1711700852063 -19.5 -65.5 3.509748042682347 16
0001 0004 1711700852063 -35.75 -59.0 2.435961491162398 16
0001 0014 1711700852064 -16.25 -63.5 5.798447378207723 16
0001 0015 1711700852064 0.0 -58.0 0.5031456984264903 16
0001 0008 1711700852064 17.0625 -61.5 0.521553467881118 16
0001 0007 1711700852065 9.75 -74.5 1.88986433067511 16
0001 0000 1711700852065 2.6875 -76.5 1.2087768608538851 16
0001 0006 1711700852065 -61.8125 -64.0 3.3440781175906977 16
0001 0009 1711700852066 -3.25 -60.5 5.546874528994478 16
0001 0005 1711700852066 0.0 -65.5 3.6263305825616556 16
0001 0004 1711700852067 -16.25 -59.5 2.399145952253143 16
0001 0008 1711700852067 -7.3125 -61.5 0.6013204688511713 16
0001 0015 1711700852067 -13.0 -58.5 0.5276893910326605 16
0001 0014 1711700852067 61.8125 -63.5 5.6143696836614465 16
0001 0007 1711700852304 12.8125 -74.5 5.062136600022616 16
0001 0000 1711700852305 2.4375 -77.0 4.28287435977671 16
0001 0005 1711700852305 -26.0 -66.0 3.552699504743145 16
0001 0006 1711700852305 61.8125 -63.5 3.2090878082567613 16
0001 0009 1711700852305 -6.5 -60.0 5.497787143782138 16
0001 0008 1711700852306 45.5625 -62.0 0.521553467881118 16
0001 0004 1711700852306 -3.25 -59.5 2.3930100291016 16
0001 0014 1711700852306 39.0 -63.5 5.66959299202533 16
0001 0015 1711700852307 -13.0 -58.0 0.5154175447295755 16
0001 0007 1711700852308 1.8125 -74.0 5.105088062083414 16
0001 0000 1711700852308 2.4375 -77.0 1.1106020904292042 16
0001 0014 1711700852308 -32.5 -63.5 5.810719224510809 16
0001 0005 1711700852309 6.5 -65.5 3.5895150436524004 16
0001 0009 1711700852309 -74.8125 -60.0 5.675728915176872 16
0001 0008 1711700852309 7.3125 -62.5 0.6135923151542565 16
0001 0015 1711700852309 32.5 -58.0 0.47860200582032003 16
0001 0004 1711700852310 -61.8125 -59.5 2.5157284921324514 16
0001 0006 1711700852310 -13.0 -64.0 3.2949907323783574 16
0001 0007 1711700852567 0.5625 -74.0 5.092816215780329 16
0001 0000 1711700852567 -13.0625 -77.5 1.2762720155208536 16
0001 0004 1711700852567 32.5 -59.5 2.3930100291016 16
0001 0014 1711700852567 42.3125 -64.0 5.700272607783043 16
0001 0015 1711700852568 6.5 -58.0 0.47860200582032003 16
0001 0008 1711700852568 16.25 -62.0 0.5399612373357456 16
0001 0006 1711700852569 -32.5 -63.5 3.3379421944391554 16
0001 0009 1711700852569 -6.5 -60.0 5.553010452146021 16
0001 0005 1711700852569 68.3125 -66.0 3.479068426924634 16
0001 0007 1711700852570 4.25 -74.0 5.013049214810275 16
0001 0000 1711700852752 1.5625 -77.0 0.5829126993965437 16
0001 0009 1711700852752 13.0 -60.0 5.540738605842936 16
0001 0004 1711700852752 -13.0 -59.5 2.497320722677824 16
0001 0008 1711700852752 30.875 -62.0 0.5276893910326605 16
0001 0015 1711700852753 13.0 -58.0 0.4663301595172349 16
0001 0005 1711700852753 3.25 -66.0 3.6201946594101133 16
0001 0006 1711700852753 -3.25 -63.5 3.3318062712876126 16
0001 0014 1711700852754 -19.5 -64.0 5.780039608753096 16
0001 0007 1711700852754 1.8125 -74.0 5.086680292628786 16
0001 0014 1711700852754 87.875 -64.0 5.589825991055276 16
0001 0005 1711700852755 65.0625 -65.5 3.485204350076177 16
0001 0006 1711700852755 -42.3125 -64.0 3.3195344249845276 16
0001 0008 1711700852756 29.25 -62.5 0.5951845456996288 16
0001 0009 1711700852756 -32.5 -60.5 5.626641529964532 16
0001 0004 1711700852756 9.75 -59.5 2.4175537217077703 16
0001 0015 1711700852757 16.25 -58.0 0.48473792897186263 16
0001 0007 1711700852815 -21.9375 -74.0 5.221670601962723 16
0001 0008 1711700853006 27.625 -62.5 0.5951845456996288 16
0001 0006 1711700853006 -42.3125 -64.0 3.399301425954581 16
0001 0005 1711700853006 26.0 -65.5 3.56497135104623 16
0001 0009 1711700853007 -29.25 -60.5 5.6573211457222445 16
0001 0015 1711700853007 19.5 -58.5 0.4724660826687775 16
0001 0014 1711700853007 26.0 -63.5 5.724816300389213 16
0001 0004 1711700853008 -32.5 -59.5 2.497320722677824 16
0001 0007 1711700853008 -5.4375 -74.0 5.184855063053467 16
0001 0004 1711700853008 3.25 -59.5 2.435961491162398 16
0001 0015 1711700853008 -6.5 -58.5 0.4970097752749477 16
0001 0009 1711700853009 -9.75 -60.0 5.595961914206819 16
0001 0014 1711700853009 16.25 -63.5 5.743224069843841 16
0001 0008 1711700853010 13.0 -62.0 0.5583690067903734 16
0001 0005 1711700853010 58.5625 -65.5 3.522019888985432 16
0001 0006 1711700853011 -22.75 -64.0 3.368621810196868 16
0001 0007 1711700853011 4.25 -74.0 1.9757672547967058 16
0001 0015 1711700853232 35.75 -58.0 0.4479223900626072 16
0001 0009 1711700853232 -52.0625 -60.5 5.66959299202533 16
0001 0008 1711700853233 27.625 -62.5 0.5951845456996288 16
0001 0004 1711700853233 16.25 -59.5 2.386874105950058 16
0001 0014 1711700853233 -84.625 -63.5 5.884350302329319 16
0001 0005 1711700853233 -39.0 -66.0 3.650874275167826 16
0001 0006 1711700853234 -16.25 -64.0 3.380893656499953 16
0001 0007 1711700853234 4.875 -74.0 1.932815792735908 16
0001 0015 1711700853234 -9.75 -58.0 0.521553467881118 16
0001 0009 1711700853235 -3.25 -60.5 5.602097837358362 16
0001 0014 1711700853235 3.25 -63.5 5.767767762450011 16
0001 0004 1711700853235 3.25 -59.5 2.429825568010856 16
0001 0006 1711700853235 -55.3125 -64.0 3.4054373491061236 16
0001 0008 1711700853236 62.625 -62.0 0.5829126993965437 16
0001 0005 1711700853236 -61.8125 -65.5 3.6447383520162835 16
0001 0007 1711700853236 22.5625 -74.0 1.8960002538266525 16
0001 0004 1711700853463 3.25 -59.5 2.405281875404685 16
0001 0014 1711700853463 39.0 -63.5 5.651185222570702 16
0001 0006 1711700853463 -29.25 -64.0 3.368621810196868 16
0001 0005 1711700853463 -65.0625 -65.5 3.706097583531709 16
0001 0008 1711700853464 38.1875 -62.5 0.5583690067903734 16
0001 0009 1711700853464 -22.75 -60.0 5.589825991055276 16
0001 0015 1711700853464 6.5 -58.5 0.4908738521234052 16
0001 0007 1711700853465 0.0 -74.0 5.184855063053467 16
0001 0009 1711700853465 -55.3125 -60.5 5.589825991055276 16
0001 0008 1711700853465 35.75 -62.0 0.5522330836388308 16
0001 0015 1711700853465 -9.75 -58.0 0.4970097752749477 16
0001 0005 1711700853466 -29.25 -65.5 3.6201946594101133 16
0001 0006 1711700853466 -22.75 -64.0 3.3870295796514958 16
0001 0004 1711700853466 -29.25 -59.5 2.423689644859313 16
0001 0014 1711700853467 -78.0625 -63.0 5.8659425328746915 16
0001 0007 1711700853467 12.1875 -74.0 5.092816215780329 16
0001 0006 1711700853565 19.5 -64.0 3.3318062712876126 16
0001 0005 1711700853566 -45.5625 -65.5 3.5956509668039427 16
0001 0014 1711700853566 22.75 -63.5 5.706408530934585 16
0001 0008 1711700853566 -3.25 -62.0 0.5645049299419159 16
0001 0009 1711700853566 -19.5 -60.5 5.583690067903734 16
0001 0004 1711700853567 -42.3125 -59.5 2.454369260617026 16
0001 0015 1711700853567 29.25 -58.0 0.4356505437595221 16
