0001 0005 1711435721512 -6.5 -59.5 2.779573187648782 2
0001 0014 1711435721519 58.5625 -69.5 2.350058567040802 2
0001 0009 1711435721520 -65.0625 -67.5 5.3198453723874035 2
0001 0015 1711435721520 -9.75 -60.5 4.663301595172349 2
0001 0004 1711435721521 39.0 -70.5 1.8775924843720249 2
0001 0001 1711435721521 -104.125 -72.0 2.1598449493429825 2
0001 0006 1711435721522 -156.1875 -75.5 5.448699758569798 2
0001 0014 1711435721522 152.9375 -69.5 2.2580197197676637 2
0001 0004 1711435721523 52.0625 -71.5 1.8346410223112268 2
0001 0009 1711435721523 -6.5 -68.0 5.221670601962723 2
0001 0015 1711435721524 9.75 -60.5 4.626486056263094 2
0001 0006 1711435721524 -29.25 -74.5 5.166447293598839 2
0001 0005 1711435721525 3.25 -60.0 2.791845033951867 2
0001 0015 1711435721710 -26.0 -60.5 4.693981210930062 2
0001 0001 1711435721711 -266.875 -74.0 2.386874105950058 2
0001 0005 1711435721712 19.5 -60.0 2.724349879284899 2
0001 0004 1711435721713 52.0625 -71.0 1.8100973297050567 2
0001 0009 1711435721714 -208.3125 -67.5 5.448699758569798 2
0001 0014 1711435721715 -65.0625 -70.0 2.6384469551633027 2
0001 0006 1711435721716 61.0 -75.0 1.8775924843720249 2
0001 0004 1711435721717 -3.25 -70.5 1.9880391010997909 2
0001 0015 1711435721718 19.5 -60.0 4.614214209960009 2
0001 0009 1711435721719 68.3125 -67.5 5.031456984264903 2
0001 0005 1711435721720 13.0 -60.0 2.791845033951867 2
0001 0014 1711435721721 91.125 -71.5 2.3930100291016 2
0001 0001 1711435721724 -270.125 -73.0 2.399145952253143 2
0001 0006 1711435721725 -179.0 -73.0 5.50392306693368 2
0001 0014 1711435721726 159.5 -69.5 2.1905245651006955 2
0001 0004 1711435721727 84.625 -70.0 1.8837284075235674 2
0001 0006 1711435721728 -257.125 -73.5 5.473243451175968 2
0001 0009 1711435721729 -19.5 -67.0 5.160311370447297 2
0001 0015 1711435721730 26.0 -60.5 4.638757902566179 2
0001 0005 1711435721731 -3.25 -59.5 2.7979809571034093 2
0001 0001 1711435721732 45.5625 -72.5 1.932815792735908 2
0001 0014 1711435721967 87.875 -70.5 2.2396119503130363 2
0001 0005 1711435721968 -29.25 -60.0 2.834796496012665 2
0001 0009 1711435721969 -78.0625 -68.0 5.270757987175063 2
0001 0015 1711435721970 -35.75 -60.5 4.718524903536232 2
0001 0001 1711435721971 -74.8125 -72.5 2.12916533358527 2
0001 0004 1711435721972 -211.5625 -70.0 2.2886993355253766 2
0001 0006 1711435721973 488.25 -72.5 4.558990901596125 2
0001 0015 1711435721974 19.5 -61.0 4.6448938257177215 2
0001 0005 1711435721987 19.5 -60.0 2.767301341345697 2
0001 0001 1711435721988 126.9375 -74.0 1.88986433067511 2
0001 0014 1711435721989 -159.5 -71.0 2.6691265709210157 2
0001 0004 1711435721990 -48.8125 -72.5 2.098485717827557 2
0001 0009 1711435721991 42.3125 -68.5 5.111223985234957 2
0001 0006 1711435721992 -237.5625 -74.5 5.436427912266712 2
0001 0014 1711435722215 -58.5625 -69.5 2.4911847995262812 2
0001 0015 1711435722216 -35.75 -60.5 4.76147636559703 2
0001 0009 1711435722217 -100.875 -68.0 5.246214294568893 2
0001 0004 1711435722218 117.125 -71.5 1.8285050991596843 2
0001 0005 1711435722219 -29.25 -60.0 2.8409324191642074 2
0001 0001 1711435722220 -16.25 -73.0 2.1905245651006955 2
0001 0006 1711435722221 -17.6875 -76.0 2.073942025221387 2
0001 0005 1711435722222 0.0 -60.0 2.82252464970958 2
0001 0009 1711435722222 -42.3125 -67.5 5.264622064023521 2
0001 0015 1711435722223 6.5 -60.5 4.657165672020807 2
0001 0004 1711435722224 65.0625 -72.5 1.9144080232812801 2
0001 0001 1711435722225 3.25 -73.0 2.1353012567368124 2
0001 0014 1711435722226 -9.75 -69.5 2.5157284921324514 2
0001 0006 1711435722456 37.375 -75.5 1.8837284075235674 2
0001 0015 1711435722457 16.25 -60.5 4.638757902566179 2
0001 0004 1711435722458 198.5625 -72.0 1.607611865704152 2
0001 0005 1711435722459 13.0 -60.5 2.773437264497239 2
0001 0009 1711435722459 0.0 -67.5 5.203262832508095 2
0001 0014 1711435722460 -22.75 -71.0 2.5341362615870793 2
0001 0001 1711435722461 6.5 -74.0 2.086213871524472 2
0001 0006 1711435722462 22.75 -76.0 5.316777410811632 2
0001 0005 1711435722463 -16.25 -60.5 2.816388726558037 2
0001 0004 1711435722464 65.0625 -70.5 1.8837284075235674 2
0001 0015 1711435722464 -42.3125 -60.5 4.749204519293945 2
0001 0009 1711435722465 35.75 -67.0 5.123495831538041 2
0001 0014 1711435722466 -78.0625 -70.5 2.6384469551633027 2
0001 0001 1711435722467 68.3125 -73.5 2.012582793705961 2
0001 0006 1711435722707 -6.0625 -76.0 5.098952138931871 2
0001 0014 1711435722707 -6.5 -70.0 2.5034566458293663 2
0001 0009 1711435722708 0.0 -68.0 5.129631754689584 2
0001 0005 1711435722709 22.75 -60.0 2.7857091108003242 2
0001 0001 1711435722710 -58.5625 -73.0 2.141437179888355 2
0001 0015 1711435722711 0.0 -60.5 4.693981210930062 2
0001 0004 1711435722712 -188.75 -71.5 2.282563412373834 2
0001 0006 1711435722713 227.8125 -74.5 4.7307967498393175 2
0001 0006 1711435722713 -8.5 -76.0 2.000310947402876 2
0001 0014 1711435722715 -68.3125 -70.5 2.5341362615870793 2
0001 0005 1711435722715 39.0 -60.5 2.748893571891069 2
0001 0015 1711435722716 -61.8125 -61.0 4.767612288748572 2
0001 0004 1711435722717 29.25 -72.0 1.9634954084936207 2
0001 0009 1711435722718 -113.875 -67.5 5.289165756629691 2
0001 0001 1711435722719 -146.4375 -74.5 2.2150682577068657 2
0001 0006 1711435722720 24.375 -76.0 5.019185137961818 2
0001 0009 1711435722975 -91.125 -67.5 5.424156065963627 2
0001 0014 1711435722975 -71.5625 -70.5 2.5464081078901644 2
0001 0005 1711435722976 -26.0 -60.0 2.8532042654672924 2
0001 0015 1711435722977 -52.0625 -60.5 4.749204519293945 2
0001 0004 1711435722978 -104.125 -71.0 2.1353012567368124 2
0001 0001 1711435722979 -221.3125 -73.5 2.405281875404685 2
0001 0006 1711435722979 10.9375 -76.5 5.135767677841127 2
0001 0004 1711435722980 52.0625 -72.0 1.9082721001297376 2
0001 0001 1711435722981 -81.375 -73.5 2.1966604882522383 2
0001 0015 1711435722982 42.3125 -60.5 4.608078286808466 2
0001 0009 1711435722983 -65.0625 -67.5 5.258486140871978 2
0001 0005 1711435722984 9.75 -60.0 2.8102528034064944 2
0001 0014 1711435722985 -6.5 -70.5 2.405281875404685 2
0001 0006 1711435722986 9.75 -76.0 2.012582793705961 2
0001 0015 1711435723225 -22.75 -61.0 4.718524903536232 2
0001 0014 1711435723225 -87.875 -70.0 2.6445828783148455 2
0001 0009 1711435723226 -35.75 -67.5 5.209398755659637 2
0001 0005 1711435723227 32.5 -60.0 2.7550294950426117 2
0001 0001 1711435723228 159.5 -72.5 1.8162332528565992 2
0001 0004 1711435723228 -29.25 -70.5 2.061670178918302 2
0001 0006 1711435723229 -14.0 -76.0 1.902136176978195 2
0001 0001 1711435723230 -169.25 -73.0 2.2886993355253766 2
0001 0006 1711435723231 205.0625 -74.0 4.890330751779424 2
0001 0009 1711435723231 -68.3125 -67.0 5.332117218690489 2
0001 0014 1711435723232 -91.125 -70.5 2.5954954931025047 2
0001 0015 1711435723233 -78.0625 -60.5 4.81056375080937 2
0001 0004 1711435723233 -32.5 -70.5 1.9512235621905356 2
0001 0005 1711435723234 -16.25 -60.0 2.8102528034064944 2
0001 0004 1711435723464 65.0625 -71.0 1.902136176978195 2
0001 0001 1711435723465 16.25 -72.5 2.055534255766759 2
0001 0015 1711435723466 -16.25 -60.5 4.706253057233147 2
0001 0009 1711435723467 45.5625 -68.0 5.141903600992669 2
0001 0014 1711435723467 9.75 -70.0 2.448233337465483 2
0001 0005 1711435723468 39.0 -60.0 2.742757648739526 2
0001 0006 1711435723469 -17.6875 -76.0 5.295301679781233 2
0001 0005 1711435723470 13.0 -60.0 2.767301341345697 2
0001 0004 1711435723471 -13.0 -71.0 1.9205439464328227 2
0001 0006 1711435723471 -315.6875 -74.5 5.418020142812084 2
0001 0015 1711435723472 -16.25 -60.0 4.706253057233147 2
0001 0001 1711435723473 -42.3125 -73.0 2.1659808724945253 2
0001 0014 1711435723473 211.5625 -70.5 2.116893487282185 2
0001 0009 1711435723474 -13.0 -67.5 5.178719139901925 2
0001 0001 1711435723715 -84.625 -74.0 2.1475731030398975 2
0001 0015 1711435723715 -29.25 -60.5 4.693981210930062 2
0001 0009 1711435723716 107.375 -67.5 5.178719139901925 2
0001 0005 1711435723717 6.5 -60.0 2.7857091108003242 2
0001 0014 1711435723718 29.25 -71.5 2.380738182798515 2
0001 0004 1711435723718 74.8125 -71.5 1.88986433067511 2
0001 0006 1711435723719 -7.875 -76.0 5.209398755659637 2
0001 0015 1711435723720 3.25 -60.5 4.681709364626977 2
0001 0004 1711435723721 -42.3125 -70.5 1.9696313316451632 2
0001 0005 1711435723721 -22.75 -60.0 2.8286605728611223 2
0001 0001 1711435723721 -143.1875 -73.0 2.3193789512830896 2
0001 0014 1711435723722 48.8125 -71.0 2.3439226438892597 2
0001 0009 1711435723723 -13.0 -67.5 5.295301679781233 2
0001 0006 1711435723723 11.5625 -76.0 5.129631754689584 2
0001 0005 1711435723964 52.0625 -60.0 2.705942109830271 2
0001 0001 1711435723965 6.5 -72.0 2.270291566070749 2
0001 0009 1711435723965 -107.375 -68.5 5.442563835418255 2
0001 0015 1711435723966 22.75 -60.5 4.620350133111551 2
0001 0004 1711435723967 -19.5 -71.0 1.9144080232812801 2
0001 0014 1711435723967 0.0 -70.5 2.4605051837685683 2
0001 0006 1711435723968 -9.75 -76.0 5.105088062083414 2
0001 0015 1711435723969 9.75 -60.5 4.651029748869264 2
0001 0004 1711435723969 -146.4375 -71.0 2.3009711818284617 2
0001 0005 1711435723970 19.5 -60.0 2.773437264497239 2
0001 0014 1711435723971 19.5 -70.5 2.564815877344792 2
0001 0009 1711435723971 -107.375 -68.0 5.418020142812084 2
0001 0001 1711435723972 179.0 -73.5 1.8530487917658545 2
0001 0006 1711435723972 -23.5625 -75.5 5.325981295538946 2
0001 0009 1711435724214 39.0 -68.5 5.197126909356553 2
0001 0014 1711435724215 91.125 -70.0 2.4175537217077703 2
0001 0005 1711435724215 9.75 -60.0 2.7550294950426117 2
0001 0015 1711435724216 -9.75 -60.5 4.718524903536232 2
0001 0004 1711435724217 6.5 -70.5 2.1905245651006955 2
0001 0001 1711435724218 39.0 -73.0 2.018718716857504 2
0001 0006 1711435724218 -146.4375 -74.5 5.013049214810275 2
0001 0015 1711435724219 9.75 -60.5 4.657165672020807 2
0001 0014 1711435724220 104.125 -69.5 2.411417798556228 2
0001 0004 1711435724220 74.8125 -71.0 1.761009944492716 2
0001 0005 1711435724221 65.0625 -60.0 2.724349879284899 2
0001 0009 1711435724222 -55.3125 -67.5 5.295301679781233 2
0001 0001 1711435724222 -15.4375 -74.5 5.4671075280244255 2
0001 0006 1711435724223 -3.0 -76.5 5.006913291658733 2
0001 0004 1711435724455 61.8125 -70.5 1.859184714917397 2
0001 0005 1711435724456 6.5 -60.0 2.804116880254952 2
0001 0001 1711435724457 -107.375 -74.0 2.1598449493429825 2
0001 0009 1711435724457 13.0 -68.0 5.148039524144211 2
0001 0006 1711435724458 211.5625 -73.5 5.019185137961818 2
0001 0014 1711435724459 126.9375 -70.5 2.2457478734645786 2
0001 0015 1711435724459 13.0 -60.5 4.663301595172349 2
0001 0015 1711435724460 -39.0 -60.5 4.724660826687775 2
0001 0009 1711435724461 -42.3125 -67.5 5.313709449235861 2
0001 0005 1711435724461 -16.25 -60.0 2.773437264497239 2
0001 0004 1711435724462 81.375 -71.0 2.024854640009046 2
0001 0014 1711435724462 -42.3125 -70.5 2.5770877236478773 2
0001 0001 1711435724463 -136.6875 -73.5 2.3193789512830896 2
0001 0006 1711435724464 4.0625 -75.5 5.295301679781233 2
0001 0004 1711435724714 195.25 -71.0 1.846912868614312 2
0001 0005 1711435724715 -6.5 -60.5 2.791845033951867 2
0001 0014 1711435724715 -52.0625 -70.0 2.552544031041707 2
0001 0015 1711435724716 3.25 -60.0 4.657165672020807 2
0001 0009 1711435724717 -78.0625 -67.5 5.381204603902829 2
0001 0001 1711435724717 120.4375 -74.0 1.9696313316451632 2
0001 0006 1711435724718 52.0625 -75.0 5.0958841773561 2
0001 0009 1711435724718 39.0 -68.0 5.135767677841127 2
0001 0004 1711435724720 71.5625 -71.5 2.061670178918302 2
0001 0005 1711435724720 16.25 -60.0 2.7857091108003242 2
0001 0014 1711435724721 74.8125 -70.5 2.2764274892222915 2
0001 0015 1711435724722 26.0 -60.5 4.6448938257177215 2
0001 0001 1711435724722 71.5625 -74.0 1.9757672547967058 2
0001 0006 1711435724723 -31.125 -76.0 5.21553467881118 2
0001 0015 1711435724964 -19.5 -61.0 4.700117134081604 2
0001 0009 1711435724964 6.5 -68.0 5.295301679781233 2
0001 0005 1711435724965 26.0 -60.0 2.767301341345697 2
0001 0004 1711435724966 104.125 -70.0 1.8530487917658545 2
0001 0014 1711435724966 120.4375 -70.0 2.3071071049800045 2
0001 0001 1711435724967 -71.5625 -73.0 2.2396119503130363 2
0001 0006 1711435724968 13.8125 -75.0 1.9849711395240197 2
0001 0015 1711435724968 -29.25 -60.5 4.71238898038469 2
0001 0005 1711435724969 0.0 -60.0 2.8286605728611223 2
0001 0014 1711435724970 188.75 -69.5 2.2212041808584084 2
0001 0001 1711435724970 -511.0 -73.0 2.7120780329818137 2
0001 0009 1711435724971 -61.8125 -68.0 5.393476450205914 2
0001 0004 1711435724971 6.5 -71.0 2.012582793705961 2
0001 0006 1711435724972 9.75 -74.5 4.933282213840222 2
0001 0004 1711435725214 -42.3125 -70.5 2.110757564130642 2
0001 0014 1711435725214 81.375 -70.0 2.3009711818284617 2
0001 0015 1711435725215 19.5 -61.0 4.657165672020807 2
0001 0005 1711435725216 6.5 -60.0 2.816388726558037 2
0001 0009 1711435725216 -71.5625 -68.0 5.350524988145116 2
0001 0001 1711435725217 48.0 -75.0 1.9052041385539664 2
0001 0006 1711435725217 -35.75 -75.0 5.126563793113813 2
0001 0004 1711435725218 -123.6875 -71.0 2.2027964114037806 2
0001 0015 1711435725219 -16.25 -60.5 4.700117134081604 2
0001 0005 1711435725219 -29.25 -60.0 2.84706834231575 2
0001 0009 1711435725220 -13.0 -67.5 5.240078371417351 2
0001 0014 1711435725221 58.5625 -71.0 2.356194490192345 2
0001 0006 1711435725222 -156.1875 -73.5 5.338253141842031 2
0001 0001 1711435725222 123.6875 -73.5 2.1353012567368124 2
0001 0015 1711435725448 22.75 -61.0 4.663301595172349 2
0001 0005 1711435725449 19.5 -60.5 2.791845033951867 2
0001 0009 1711435725449 -58.5625 -68.5 5.289165756629691 2
0001 0014 1711435725450 -48.8125 -70.0 2.60776733940559 2
0001 0006 1711435725451 188.75 -73.0 4.9394181369917645 2
0001 0004 1711435725452 107.375 -71.0 1.8162332528565992 2
0001 0001 1711435725452 -16.25 -73.0 2.2580197197676637 2
0001 0015 1711435725453 3.25 -60.5 4.669437518323892 2
0001 0005 1711435725454 22.75 -60.5 2.761165418194154 2
0001 0009 1711435725454 -35.75 -68.0 5.209398755659637 2
0001 0014 1711435725455 146.4375 -70.0 2.2457478734645786 2
0001 0006 1711435725456 -325.5 -74.0 5.448699758569798 2
0001 0004 1711435725456 -61.8125 -69.5 2.184388641949153 2
0001 0001 1711435725457 94.375 -72.5 2.024854640009046 2
0001 0009 1711435725461 -16.25 -68.0 5.270757987175063 2
0001 0015 1711435725461 -22.75 -60.0 4.693981210930062 2
0001 0014 1711435725462 84.625 -70.0 2.380738182798515 2
0001 0004 1711435725463 -117.125 -70.0 2.2641556429192065 2
0001 0005 1711435725463 22.75 -60.0 2.779573187648782 2
0001 0006 1711435725464 6.5 -74.0 5.209398755659637 2
0001 0001 1711435725465 78.9375 -75.0 2.073942025221387 2
0001 0015 1711435725714 -9.75 -60.5 4.681709364626977 2
0001 0005 1711435725715 0.0 -60.0 2.7857091108003242 2
0001 0009 1711435725716 104.125 -68.0 5.135767677841127 2
0001 0004 1711435725716 133.4375 -70.5 1.88986433067511 2
0001 0014 1711435725717 87.875 -70.0 2.442097414313941 2
0001 0006 1711435725718 -139.9375 -75.0 5.283029833478148 2
0001 0001 1711435725718 43.9375 -75.0 2.1138255257064134 2
0001 0009 1711435725719 9.75 -68.5 5.209398755659637 2
0001 0014 1711435725719 9.75 -70.0 2.3071071049800045 2
0001 0015 1711435725720 6.5 -60.5 4.700117134081604 2
0001 0005 1711435725720 13.0 -59.5 2.773437264497239 2
0001 0004 1711435725721 253.875 -70.0 1.7794177139473437 2
0001 0006 1711435725722 -68.3125 -75.0 5.105088062083414 2
0001 0001 1711435725723 -54.5 -75.5 5.3842725654786 2
0001 0005 1711435725964 9.75 -60.5 2.804116880254952 2
0001 0009 1711435725964 -65.0625 -68.0 5.240078371417351 2
0001 0015 1711435725965 -13.0 -60.5 4.6878452877785195 2
0001 0014 1711435725965 -221.3125 -70.0 2.8654761117703775 2
0001 0004 1711435725966 61.8125 -71.0 1.9696313316451632 2
0001 0006 1711435725966 244.125 -73.5 5.289165756629691 2
0001 0001 1711435725967 16.25 -74.0 2.0064468705544187 2
0001 0015 1711435725967 -39.0 -60.5 4.71238898038469 2
0001 0014 1711435725968 39.0 -69.5 2.2764274892222915 2
0001 0005 1711435725968 39.0 -60.0 2.767301341345697 2
0001 0001 1711435725969 413.375 -74.5 1.4726215563702154 2
0001 0009 1711435725970 52.0625 -68.0 5.178719139901925 2
0001 0006 1711435725970 -341.75 -75.0 5.632777453116074 2
0001 0004 1711435725970 22.75 -70.5 2.0371264863121317 2
0001 0005 1711435726213 -6.5 -60.0 2.8286605728611223 2
0001 0004 1711435726214 78.0625 -70.5 1.9389517158874505 2
0001 0014 1711435726214 130.1875 -70.0 2.386874105950058 2
0001 0009 1711435726215 -107.375 -68.0 5.399612373357457 2
0001 0015 1711435726215 -35.75 -60.5 4.718524903536232 2
0001 0006 1711435726216 -78.0625 -75.5 4.95168998329485 2
0001 0001 1711435726216 83.8125 -75.5 5.141903600992669 2
0001 0014 1711435726217 16.25 -70.0 2.380738182798515 2
0001 0009 1711435726218 -9.75 -68.5 5.21553467881118 2
0001 0015 1711435726218 0.0 -60.5 4.663301595172349 2
0001 0005 1711435726219 39.0 -60.0 2.736621725587984 2
0001 0004 1711435726219 65.0625 -70.5 1.9634954084936207 2
0001 0001 1711435726220 -32.5 -75.0 2.095417756251786 2
0001 0006 1711435726220 20.3125 -75.5 2.089281833100243 2
