0001 0007 1711701853696 19.5 -59.5 1.7732817907958012 18
0001 0008 1711701853696 -27.625 -60.0 1.9205439464328227 18
0001 0015 1711701853697 48.8125 -62.5 0.20248546400090464 18
0001 0006 1711701853697 29.25 -62.0 6.14819499784565 18
0001 0001 1711701853698 0.0 -57.5 5.878214379177777 18
0001 0009 1711701853698 -3.25 -51.0 5.45483568172134 18
0001 0004 1711701853699 45.5625 -64.5 0.4540583132141498 18
0001 0011 1711701853699 -26.0 -59.0 5.66959299202533 18
0001 0010 1711701853700 -42.3125 -65.0 4.313553975534423 18
0001 0005 1711701853703 -7.3125 -73.5 5.663457068873787 18
0001 0014 1711701853705 -5.5625 -74.0 5.4671075280244255 18
0001 0006 1711701853705 -13.0 -61.5 0.030679615757712823 18
0001 0007 1711701853706 26.0 -59.0 1.718058482431918 18
0001 0001 1711701853706 -19.5 -58.0 5.5100589900852235 18
0001 0011 1711701853707 9.75 -59.5 5.602097837358362 18
0001 0008 1711701853707 35.75 -60.5 1.5585244804918115 18
0001 0009 1711701853708 6.5 -50.5 5.350524988145116 18
0001 0015 1711701853708 32.5 -62.5 0.30066023442558565 18
0001 0005 1711701853709 -42.3125 -71.5 5.50392306693368 18
0001 0004 1711701853709 -26.0 -64.0 0.44178646691106466 18
0001 0010 1711701853710 -35.75 -64.5 4.301282129231338 18
0001 0014 1711701853931 1.125 -74.5 5.283029833478148 18
0001 0007 1711701853931 13.0 -59.0 1.7794177139473437 18
0001 0004 1711701853931 22.75 -64.5 0.30679615757712825 18
0001 0008 1711701853932 -3.25 -60.0 1.576932249946439 18
0001 0015 1711701853932 -6.5 -62.5 0.32520392703175593 18
0001 0005 1711701853932 -100.875 -72.0 5.675728915176872 18
0001 0011 1711701853933 3.25 -59.0 5.651185222570702 18
0001 0010 1711701853934 -58.5625 -64.5 4.3933209765044765 18
0001 0009 1711701853934 -16.25 -51.0 5.405748296509 18
0001 0006 1711701853934 29.25 -62.0 6.227961998815704 18
0001 0001 1711701853935 9.75 -58.0 5.350524988145116 18
0001 0014 1711701853935 -2.125 -74.0 2.227340104009951 18
0001 0008 1711701853936 -6.5 -60.5 1.607611865704152 18
0001 0004 1711701853937 -48.8125 -64.0 0.36815538909255385 18
0001 0006 1711701853937 -16.25 -61.5 0.018407769454627694 18
0001 0015 1711701853937 74.8125 -62.0 0.21475731030398976 18
0001 0001 1711701853938 52.0625 -58.0 5.338253141842031 18
0001 0009 1711701853938 -19.5 -51.0 5.405748296509 18
0001 0010 1711701853938 -81.375 -64.5 4.381049130201391 18
0001 0005 1711701853939 9.75 -70.0 5.589825991055276 18
0001 0007 1711701853939 9.75 -59.0 1.8960002538266525 18
0001 0011 1711701853940 6.5 -59.0 5.688000761479957 18
0001 0014 1711701854172 4.875 -74.5 5.221670601962723 18
0001 0009 1711701854173 -19.5 -51.0 5.43029198911517 18
0001 0006 1711701854173 42.3125 -62.0 6.19728238305799 18
0001 0001 1711701854173 -9.75 -58.5 5.5100589900852235 18
0001 0008 1711701854173 -10.5625 -60.5 1.607611865704152 18
0001 0004 1711701854174 74.8125 -64.0 0.1902136176978195 18
0001 0005 1711701854174 71.5625 -70.5 5.583690067903734 18
0001 0007 1711701854175 9.75 -59.0 1.8960002538266525 18
0001 0010 1711701854175 104.125 -64.5 4.172427743048944 18
0001 0011 1711701854175 22.75 -59.5 5.675728915176872 18
0001 0015 1711701854176 19.5 -62.0 0.3865631585471816 18
0001 0014 1711701854176 -1.5625 -74.5 2.1782527187976104 18
0001 0015 1711701854176 91.125 -62.0 0.25770877236478773 18
0001 0008 1711701854177 52.0625 -60.0 1.5707963267948966 18
0001 0001 1711701854177 -32.5 -58.0 5.608233760509904 18
0001 0010 1711701854177 -52.0625 -64.0 4.313553975534423 18
0001 0009 1711701854178 -16.25 -51.0 5.436427912266712 18
0001 0007 1711701854178 6.5 -59.0 1.9389517158874505 18
0001 0004 1711701854178 35.75 -64.0 0.32520392703175593 18
0001 0011 1711701854179 13.0 -59.5 5.66959299202533 18
0001 0006 1711701854179 22.75 -61.5 6.240233845118788 18
0001 0005 1711701854179 39.0 -71.0 5.816855147662351 18
0001 0014 1711701854281 -1.9375 -74.0 2.2396119503130363 18
0001 0010 1711701854407 -65.0625 -65.0 4.362641360746763 18
0001 0005 1711701854408 -39.0 -71.5 5.632777453116074 18
0001 0006 1711701854408 0.0 -62.0 6.270913460876501 18
0001 0001 1711701854408 19.5 -58.0 5.595961914206819 18
0001 0007 1711701854409 26.0 -59.0 1.8960002538266525 18
0001 0011 1711701854409 -61.8125 -59.5 5.7616318392984684 18
0001 0015 1711701854409 26.0 -62.5 0.3374757733348411 18
0001 0009 1711701854410 -22.75 -51.0 5.436427912266712 18
0001 0004 1711701854410 29.25 -63.0 0.34974761963792617 18
0001 0008 1711701854410 38.1875 -60.0 1.6382914814618648 18
0001 0014 1711701854411 0.9375 -74.5 5.424156065963627 18
0001 0010 1711701854412 -74.8125 -65.0 4.3503695144436785 18
0001 0007 1711701854413 39.0 -59.0 1.902136176978195 18
0001 0005 1711701854413 -84.625 -71.0 5.93343768754166 18
0001 0004 1711701854413 35.75 -64.5 0.4724660826687775 18
0001 0009 1711701854414 -9.75 -51.0 5.436427912266712 18
0001 0001 1711701854414 0.0 -57.5 5.681864838328415 18
0001 0011 1711701854414 9.75 -59.5 5.724816300389213 18
0001 0008 1711701854415 6.5 -60.0 1.718058482431918 18
0001 0006 1711701854415 13.0 -62.0 0.01227184630308513 18
0001 0015 1711701854415 16.25 -63.0 0.3865631585471816 18
0001 0014 1711701854525 2.125 -74.5 5.2768939103266055 18
0001 0005 1711701854642 -185.5 -70.5 6.129787228391022 18
0001 0006 1711701854643 -9.75 -62.0 0.04295146206079795 18
0001 0009 1711701854643 -13.0 -51.0 5.442563835418255 18
0001 0004 1711701854643 -6.5 -64.0 0.5460971604872883 18
0001 0010 1711701854644 -110.625 -64.5 4.442408361716817 18
0001 0008 1711701854644 -7.3125 -60.0 1.761009944492716 18
0001 0007 1711701854644 32.5 -59.0 1.9573594853420782 18
0001 0011 1711701854645 -9.75 -59.5 5.780039608753096 18
0001 0015 1711701854645 -16.25 -63.0 0.39269908169872414 18
0001 0001 1711701854645 9.75 -58.0 5.6941366846315 18
0001 0014 1711701854646 4.375 -74.5 2.1046216409791 18
0001 0006 1711701854646 -9.75 -62.0 0.07976700097005335 18
0001 0010 1711701854647 -19.5 -65.0 4.368777283898306 18
0001 0011 1711701854647 -35.75 -59.5 5.786175531904639 18
0001 0009 1711701854648 -13.0 -51.5 5.4671075280244255 18
0001 0007 1711701854648 3.25 -59.0 2.0493983326152168 18
0001 0005 1711701854649 -94.375 -71.0 5.982525072754001 18
0001 0004 1711701854649 35.75 -64.0 0.5154175447295755 18
0001 0001 1711701854649 0.0 -57.5 5.737088146692298 18
0001 0008 1711701854650 -7.3125 -60.0 1.7978254834019713 18
0001 0015 1711701854650 6.5 -62.5 0.32520392703175593 18
0001 0009 1711701854771 -22.75 -51.0 5.5100589900852235 18
0001 0007 1711701854772 32.5 -59.0 2.043262409463674 18
0001 0001 1711701854772 -22.75 -57.5 5.792311455056181 18
0001 0005 1711701854772 -84.625 -70.5 6.240233845118788 18
0001 0010 1711701854773 -224.5625 -65.0 4.577398671050753 18
0001 0008 1711701854773 34.9375 -59.5 1.761009944492716 18
0001 0011 1711701854773 -16.25 -59.0 5.878214379177777 18
0001 0006 1711701854774 -3.25 -62.0 0.04295146206079795 18
0001 0015 1711701854774 39.0 -63.0 0.3190680038802134 18
0001 0004 1711701854774 -71.5625 -64.5 0.7179030087304801 18
0001 0001 1711701854981 26.0 -57.5 5.798447378207723 18
0001 0009 1711701854981 -13.0 -51.0 5.522330836388308 18
0001 0004 1711701854982 26.0 -64.0 0.6565437772150544 18
0001 0006 1711701854982 22.75 -62.0 6.270913460876501 18
0001 0005 1711701854982 -22.75 -70.0 6.056156150572511 18
0001 0011 1711701854983 -9.75 -59.5 5.835262917116979 18
0001 0007 1711701854983 26.0 -58.5 2.073942025221387 18
0001 0015 1711701854983 48.8125 -63.0 0.2945243112740431 18
0001 0010 1711701854984 48.8125 -65.5 4.23378697456437 18
0001 0008 1711701854984 32.5 -60.0 1.8039614065535141 18
0001 0005 1711701854984 -35.75 -70.0 6.1850105367549055 18
0001 0007 1711701854985 35.75 -58.5 2.073942025221387 18
0001 0001 1711701854986 29.25 -57.5 5.810719224510809 18
0001 0015 1711701854986 45.5625 -62.5 0.3129320807286708 18
0001 0011 1711701854987 0.0 -59.5 5.829126993965437 18
0001 0006 1711701854987 -19.5 -61.5 0.1349903093339364 18
0001 0009 1711701854987 -16.25 -51.5 5.546874528994478 18
0001 0008 1711701854988 34.9375 -60.0 1.8285050991596843 18
0001 0004 1711701854988 52.0625 -64.5 0.6320000846088841 18
0001 0010 1711701854988 -45.5625 -64.5 4.356505437595221 18
0001 0004 1711701855213 -16.25 -64.0 0.7240389318820226 18
0001 0011 1711701855213 -9.75 -60.0 5.872078456026235 18
0001 0005 1711701855213 94.375 -70.0 5.964117303299373 18
0001 0009 1711701855214 -19.5 -51.0 5.553010452146021 18
0001 0006 1711701855214 -9.75 -61.5 0.07976700097005335 18
0001 0007 1711701855214 3.25 -58.5 2.1230294104337273 18
0001 0001 1711701855215 -26.0 -57.5 5.9518454569962875 18
0001 0010 1711701855215 -30.875 -65.0 4.374913207049849 18
0001 0008 1711701855215 -9.75 -60.0 1.8960002538266525 18
0001 0015 1711701855216 26.0 -62.5 0.36815538909255385 18
0001 0008 1711701855216 41.5 -60.0 1.8775924843720249 18
0001 0007 1711701855216 -16.25 -58.5 2.1905245651006955 18
0001 0006 1711701855217 -29.25 -61.5 0.04908738521234052 18
0001 0011 1711701855217 26.0 -59.5 5.822991070813893 18
0001 0015 1711701855217 42.3125 -63.0 0.2761165418194154 18
0001 0004 1711701855218 55.3125 -64.5 0.6688156235181395 18
0001 0009 1711701855218 -29.25 -51.5 5.626641529964532 18
0001 0001 1711701855218 -3.25 -57.5 6.092971689481767 18
0001 0005 1711701855219 -149.6875 -70.5 0.1902136176978195 18
0001 0010 1711701855219 22.75 -66.5 4.23378697456437 18
0001 0011 1711701855449 3.25 -59.5 5.921165841238575 18
0001 0005 1711701855449 120.4375 -72.5 5.988660995905543 18
0001 0010 1711701855450 19.5 -67.0 4.227651051412827 18
0001 0004 1711701855450 0.0 -64.0 1.0799224746714913 18
0001 0001 1711701855450 13.0 -57.0 0.2454369260617026 18
0001 0009 1711701855451 -19.5 -51.5 5.878214379177777 18
0001 0006 1711701855451 29.25 -61.5 6.105243535784852 18
0001 0008 1711701855451 27.625 -61.5 2.3193789512830896 18
0001 0007 1711701855452 22.75 -59.0 2.0923497946760143 18
0001 0015 1711701855452 -22.75 -62.5 0.30066023442558565 18
0001 0004 1711701855452 19.5 -62.5 1.380582709097077 18
0001 0006 1711701855453 -16.25 -61.0 0.006135923151542565 18
0001 0005 1711701855453 292.9375 -72.0 6.031612457966341 18
0001 0011 1711701855453 -13.0 -60.0 6.080699843178682 18
0001 0007 1711701855454 39.0 -59.5 2.270291566070749 18
0001 0009 1711701855454 6.5 -52.0 0.07976700097005335 18
0001 0008 1711701855454 -26.0 -63.0 3.2213596545598464 18
0001 0001 1711701855455 32.5 -56.0 1.2946797849754812 18
0001 0015 1711701855455 26.0 -63.0 0.22089323345553233 18
0001 0010 1711701855455 -180.625 -71.0 3.9822141253511245 18
0001 0007 1711701855687 45.5625 -60.5 2.6813984172241008 18
0001 0001 1711701855687 -9.75 -55.5 3.000466421104314 18
0001 0005 1711701855688 -19.5 -70.0 1.0615147052168636 18
0001 0009 1711701855688 -13.0 -51.5 0.9817477042468103 18
0001 0011 1711701855688 39.0 -61.0 6.166602767300278 18
0001 0008 1711701855689 -59.375 -64.0 4.344233591292136 18
0001 0004 1711701855689 -6.5 -62.0 1.5892040962495242 18
0001 0015 1711701855690 -6.5 -64.0 0.1349903093339364 18
0001 0006 1711701855690 -29.25 -60.5 0.1227184630308513 18
0001 0010 1711701855690 0.0 -75.0 2.448233337465483 18
0001 0014 1711701855691 6.0625 -74.0 1.6014759425526093 18
0001 0015 1711701855691 58.5625 -65.0 0.06135923151542565 18
0001 0001 1711701855691 -13.0 -53.5 0.22089323345553233 18
0001 0009 1711701855692 13.0 -53.0 2.521864415283994 18
0001 0008 1711701855692 -55.3125 -65.0 5.620505606812989 18
0001 0004 1711701855692 22.75 -62.0 2.834796496012665 18
0001 0011 1711701855693 22.75 -62.5 1.2578642460662257 18
0001 0006 1711701855693 13.0 -58.0 1.1658253987930873 18
0001 0007 1711701855693 16.25 -61.5 4.25833066717054 18
0001 0014 1711701855694 -58.5625 -69.0 4.638757902566179 18
0001 0005 1711701855694 -169.25 -72.0 3.6754179677739964 18
0001 0015 1711701855906 -6.5 -69.5 6.2463697682703305 18
0001 0009 1711701855906 19.5 -53.0 4.473087977474529 18
0001 0007 1711701855906 13.0 -60.0 6.031612457966341 18
0001 0010 1711701855907 -81.375 -67.5 5.448699758569798 18
0001 0005 1711701855907 81.375 -65.5 5.6143696836614465 18
0001 0014 1711701855907 -55.3125 -65.5 4.381049130201391 18
0001 0001 1711701855907 -6.5 -53.0 2.834796496012665 18
0001 0004 1711701855908 -13.0 -63.0 5.964117303299373 18
0001 0006 1711701855908 3.25 -58.0 3.160000423044421 18
0001 0011 1711701855909 26.0 -63.5 3.1354567304382504 18
0001 0008 1711701855909 0.0 -65.0 1.2640001692177683 18
0001 0013 1711701855909 -18.25 -78.5 6.105243535784852 18
0001 0015 1711701855909 -22.75 -69.0 6.154330920997192 18
0001 0008 1711701855910 -65.875 -66.5 3.3502140407422405 18
0001 0014 1711701855910 -45.5625 -63.5 4.522175362686871 18
0001 0001 1711701855911 0.0 -55.5 5.45483568172134 18
0001 0004 1711701855911 -32.5 -59.0 2.5770877236478773 18
0001 0010 1711701855911 -13.0 -63.0 1.7671458676442586 18
0001 0011 1711701855912 -19.5 -60.5 5.393476450205914 18
0001 0007 1711701855912 39.0 -60.5 1.7732817907958012 18
0001 0009 1711701855912 16.25 -56.5 1.748738098189631 18
0001 0006 1711701855913 -19.5 -60.0 5.50392306693368 18
0001 0005 1711701855913 3.25 -64.5 1.576932249946439 18
0001 0012 1711701856016 1.1875 -75.5 0.5645049299419159 18
0001 0001 1711701856141 32.5 -51.5 1.3621749396424494 18
0001 0008 1711701856142 16.25 -66.0 0.705631162427395 18
0001 0005 1711701856142 -39.0 -61.5 3.5833791205008576 18
0001 0014 1711701856142 3.25 -63.0 4.632621979414636 18
0001 0007 1711701856143 26.0 -61.0 5.700272607783043 18
0001 0009 1711701856143 0.0 -50.0 4.289010282928253 18
0001 0015 1711701856143 48.8125 -64.0 5.872078456026235 18
0001 0006 1711701856144 -32.5 -61.0 4.129476280988146 18
0001 0004 1711701856144 48.8125 -60.0 4.957825906446392 18
0001 0011 1711701856144 45.5625 -60.5 1.8346410223112268 18
0001 0012 1711701856145 -130.1875 -72.0 3.6324665057131984 18
0001 0010 1711701856145 -13.0 -62.0 4.319689898685965 18
0001 0008 1711701856147 -26.0 -65.0 2.4175537217077703 18
0001 0010 1711701856147 26.0 -60.5 5.638913376267617 18
0001 0011 1711701856147 -16.25 -58.0 4.651029748869264 18
0001 0005 1711701856148 16.25 -58.5 4.632621979414636 18
0001 0015 1711701856148 -3.25 -60.0 5.780039608753096 18
0001 0006 1711701856148 -16.25 -56.0 5.688000761479957 18
0001 0001 1711701856149 0.0 -50.0 2.1475731030398975 18
0001 0013 1711701856149 -6.5 -61.5 3.393165502803038 18
0001 0009 1711701856149 0.0 -54.5 6.154330920997192 18
0001 0007 1711701856150 9.75 -56.0 1.4910293258248433 18
0001 0012 1711701856150 -19.5 -62.0 6.135923151542564 18
0001 0004 1711701856150 -16.25 -62.5 1.7548740213411735 18
0001 0014 1711701856151 97.625 -67.5 4.577398671050753 18
0001 0009 1711701856286 -22.75 -59.0 0.9817477042468103 18
0001 0006 1711701856287 -16.25 -56.0 0.39269908169872414 18
0001 0008 1711701856287 52.0625 -65.5 2.9759227284981438 18
0001 0007 1711701856287 -35.75 -55.5 2.5770877236478773 18
0001 0012 1711701856288 29.25 -62.5 0.1595340019401067 18
0001 0004 1711701856288 -9.75 -60.0 2.6445828783148455 18
0001 0001 1711701856288 6.5 -50.5 2.1966604882522383 18
0001 0011 1711701856289 0.0 -53.5 5.9518454569962875 18
0001 0013 1711701856289 22.75 -51.0 5.190990986205009 18
0001 0014 1711701856289 -48.8125 -70.0 4.387185053352934 18
0001 0015 1711701856290 -19.5 -57.5 5.47937937432751 18
0001 0010 1711701856290 -3.25 -59.5 1.4726215563702154 18
0001 0005 1711701856290 19.5 -60.0 5.301437602932776 18
0001 0006 1711701856493 0.0 -57.0 0.8528933180644165 18
0001 0012 1711701856493 22.75 -60.0 0.521553467881118 18
0001 0011 1711701856494 3.25 -53.5 0.18407769454627693 18
0001 0013 1711701856494 -45.5625 -52.5 5.706408530934585 18
0001 0007 1711701856494 -6.5 -56.5 3.1661363461959633 18
0001 0005 1711701856495 0.0 -61.5 5.853670686571607 18
0001 0008 1711701856495 35.75 -65.5 3.3624858870453256 18
0001 0004 1711701856495 -35.75 -59.0 2.9206994201342606 18
0001 0009 1711701856496 61.8125 -62.0 1.325359400733194 18
0001 0010 1711701856496 6.5 -57.0 2.055534255766759 18
0001 0001 1711701856496 0.0 -50.5 2.1475731030398975 18
0001 0015 1711701856497 3.25 -57.5 5.50392306693368 18
0001 0014 1711701856497 -22.75 -66.0 4.031301510563465 18
0001 0007 1711701856497 13.0 -57.0 3.6815538909255388 18
0001 0006 1711701856498 32.5 -56.5 1.3192234775816514 18
0001 0015 1711701856498 3.25 -57.0 5.5714182216006485 18
0001 0014 1711701856498 0.0 -66.5 3.8840393549264434 18
0001 0009 1711701856499 52.0625 -62.0 1.6014759425526093 18
0001 0005 1711701856499 -68.3125 -63.0 0.07363107781851078 18
0001 0011 1711701856499 13.0 -53.0 0.5829126993965437 18
0001 0004 1711701856499 26.0 -58.5 3.018874190558942 18
0001 0008 1711701856500 30.875 -65.5 3.706097583531709 18
0001 0013 1711701856500 16.25 -53.5 6.270913460876501 18
0001 0001 1711701856500 6.5 -50.5 2.0800779483729293 18
0001 0010 1711701856501 -26.0 -58.0 2.5832236467994196 18
0001 0012 1711701856501 9.75 -59.5 0.619728238305799 18
0001 0007 1711701856726 -9.75 -56.5 4.025165587411922 18
0001 0012 1711701856726 13.0 -60.0 0.6688156235181395 18
0001 0001 1711701856726 19.5 -51.0 1.9941750242513334 18
0001 0010 1711701856727 -9.75 -57.5 2.859340188618835 18
0001 0004 1711701856727 16.25 -58.0 3.104777114680538 18
0001 0015 1711701856727 -3.25 -57.0 5.577554144752192 18
0001 0005 1711701856728 -19.5 -64.0 0.22089323345553233 18
0001 0006 1711701856728 -22.75 -57.0 1.6444274046134073 18
0001 0009 1711701856728 19.5 -60.0 2.043262409463674 18
0001 0008 1711701856729 -76.4375 -65.5 4.031301510563465 18
0001 0011 1711701856729 -3.25 -52.5 0.6872233929727672 18
0001 0013 1711701856729 13.0 -55.5 0.34974761963792617 18
0001 0014 1711701856729 -42.3125 -65.5 3.9638063558964967 18
0001 0001 1711701856730 -9.75 -51.0 2.0800779483729293 18
0001 0011 1711701856730 -9.75 -52.0 0.7363107781851077 18
0001 0015 1711701856730 16.25 -56.5 5.553010452146021 18
0001 0010 1711701856731 29.25 -57.5 3.0066023442558567 18
0001 0007 1711701856731 -3.25 -56.5 4.215379205109742 18
0001 0009 1711701856731 -3.25 -59.0 2.2580197197676637 18
0001 0006 1711701856732 13.0 -57.0 1.8162332528565992 18
0001 0012 1711701856732 48.8125 -59.0 0.803805932852076 18
0001 0008 1711701856732 94.375 -65.0 3.8840393549264434 18
0001 0013 1711701856733 32.5 -55.5 0.3190680038802134 18
0001 0005 1711701856733 29.25 -64.0 0.6688156235181395 18
0001 0014 1711701856733 -32.5 -64.5 3.9085830475326135 18
0001 0004 1711701856734 -16.25 -57.5 3.3318062712876126 18
0001 0004 1711701856950 3.25 -56.5 3.399301425954581 18
0001 0010 1711701856950 3.25 -58.0 3.2949907323783574 18
0001 0013 1711701856951 32.5 -55.5 0.5031456984264903 18
0001 0009 1711701856951 -22.75 -59.0 2.429825568010856 18
0001 0015 1711701856951 -42.3125 -56.5 5.712544454086128 18
0001 0006 1711701856952 68.3125 -57.0 2.012582793705961 18
0001 0001 1711701856952 -13.0 -51.0 2.1537090261914402 18
0001 0011 1711701856952 -22.75 -52.0 0.8713010875190442 18
0001 0012 1711701856953 0.0 -59.0 0.9633399347921826 18
0001 0007 1711701856953 -3.25 -57.0 4.3503695144436785 18
0001 0014 1711701856953 19.5 -64.5 3.877903431774901 18
0001 0005 1711701856954 42.3125 -64.0 0.5522330836388308 18
0001 0008 1711701856954 17.0625 -64.0 4.1601558967458585 18
0001 0004 1711701856954 -22.75 -56.0 3.5895150436524004 18
0001 0007 1711701856955 3.25 -56.5 4.448544284868359 18
0001 0001 1711701856955 3.25 -51.5 2.1659808724945253 18
0001 0010 1711701856955 -16.25 -57.5 3.56497135104623 18
0001 0015 1711701856956 0.0 -57.0 5.700272607783043 18
0001 0011 1711701856956 19.5 -51.5 0.9326603190344698 18
0001 0008 1711701856956 -13.0 -63.0 4.374913207049849 18
0001 0006 1711701856957 -19.5 -58.0 2.411417798556228 18
0001 0012 1711701856957 -6.5 -59.0 1.0615147052168636 18
0001 0013 1711701856957 -9.75 -55.5 0.6749515466696822 18
0001 0009 1711701856958 0.0 -58.5 2.5034566458293663 18
0001 0005 1711701856958 22.75 -65.0 0.7179030087304801 18
0001 0014 1711701856958 -58.5625 -64.5 3.859495662320273 18
0001 0010 1711701857193 19.5 -57.5 3.5711072741977725 18
0001 0007 1711701857194 13.0 -57.0 4.405592822807561 18
0001 0001 1711701857194 3.25 -51.5 2.2886993355253766 18
0001 0009 1711701857194 -6.5 -58.5 2.5954954931025047 18
0001 0004 1711701857195 6.5 -56.0 3.6999616603801666 18
0001 0006 1711701857195 26.0 -57.5 2.5341362615870793 18
0001 0005 1711701857195 16.25 -64.0 0.6688156235181395 18
0001 0015 1711701857196 6.5 -57.0 5.730952223540755 18
0001 0012 1711701857196 39.0 -59.0 1.0185632431560658 18
0001 0013 1711701857196 0.0 -56.0 0.7363107781851077 18
0001 0014 1711701857196 -22.75 -64.5 3.9392626632903265 18
0001 0011 1711701857197 -6.5 -51.0 1.012427320004523 18
0001 0008 1711701857197 -100.875 -63.0 4.552854978444583 18
0001 0006 1711701857197 -6.5 -58.0 2.693670263527186 18
0001 0009 1711701857198 -3.25 -59.0 2.5341362615870793 18
0001 0013 1711701857198 -16.25 -56.0 0.7792622402459057 18
0001 0012 1711701857198 -3.25 -58.5 1.1044661672776617 18
0001 0011 1711701857199 3.25 -51.5 1.0062913968529805 18
0001 0005 1711701857199 -68.3125 -64.5 0.8528933180644165 18
0001 0014 1711701857199 16.25 -64.0 3.8963112012295285 18
0001 0015 1711701857200 0.0 -57.0 5.737088146692298 18
0001 0008 1711701857200 17.0625 -63.0 4.448544284868359 18
0001 0007 1711701857200 -3.25 -57.0 4.374913207049849 18
0001 0010 1711701857201 16.25 -58.0 3.706097583531709 18
0001 0004 1711701857201 -3.25 -56.0 3.785864584501762 18
0001 0001 1711701857201 -9.75 -51.5 2.448233337465483 18
0001 0001 1711701857431 -6.5 -51.0 2.466641106920111 18
0001 0013 1711701857431 -19.5 -55.5 0.803805932852076 18
0001 0004 1711701857432 -29.25 -56.0 3.877903431774901 18
0001 0007 1711701857432 -22.75 -57.0 4.466952054322987 18
0001 0008 1711701857432 -73.1875 -63.0 4.6448938257177215 18
0001 0006 1711701857433 -22.75 -58.0 2.767301341345697 18
0001 0009 1711701857433 45.5625 -60.0 2.380738182798515 18
0001 0015 1711701857433 9.75 -57.0 5.755495916146925 18
0001 0005 1711701857434 0.0 -65.5 0.7669903939428205 18
0001 0014 1711701857434 22.75 -64.0 3.9576704327449543 18
0001 0010 1711701857434 -35.75 -58.0 3.8288160465625602 18
0001 0011 1711701857435 13.0 -51.5 1.055378782065321 18
0001 0012 1711701857435 -39.0 -58.5 1.2026409377023426 18
0001 0008 1711701857435 -10.5625 -63.5 4.589670517353839 18
0001 0011 1711701857436 13.0 -51.5 1.055378782065321 18
0001 0012 1711701857436 -9.75 -58.5 1.5278448647340985 18
0001 0009 1711701857436 3.25 -61.0 2.141437179888355 18
0001 0001 1711701857437 -3.25 -51.0 2.478912953223196 18
0001 0013 1711701857437 -35.75 -55.0 1.012427320004523 18
0001 0015 1711701857437 13.0 -57.0 5.743224069843841 18
0001 0014 1711701857438 -55.3125 -64.5 4.074252972624263 18
0001 0006 1711701857438 16.25 -58.0 2.761165418194154 18
0001 0005 1711701857438 39.0 -65.5 0.7117670855789375 18
0001 0007 1711701857439 -29.25 -57.5 4.485359823777615 18
0001 0010 1711701857439 -6.5 -58.0 3.8963112012295285 18
0001 0004 1711701857439 9.75 -56.0 3.877903431774901 18
0001 0001 1711701857653 -26.0 -51.0 2.4911847995262812 18
0001 0015 1711701857654 9.75 -57.0 5.724816300389213 18
0001 0011 1711701857654 -6.5 -51.5 1.0737865515199487 18
0001 0014 1711701857655 -42.3125 -65.0 4.04357335686655 18
0001 0007 1711701857655 -3.25 -57.5 4.381049130201391 18
0001 0004 1711701857655 -13.0 -56.0 3.9208548938356986 18
0001 0013 1711701857656 -3.25 -55.0 0.9694758579437253 18
0001 0006 1711701857656 -19.5 -58.0 2.890019804376548 18
0001 0008 1711701857656 -13.0 -63.5 4.626486056263094 18
0001 0010 1711701857657 -3.25 -57.5 3.9147189706841563 18
0001 0012 1711701857657 32.5 -58.5 1.5155730184310134 18
0001 0009 1711701857657 19.5 -61.5 2.055534255766759 18
0001 0005 1711701857658 55.3125 -65.0 0.521553467881118 18
0001 0007 1711701857658 0.0 -57.5 4.3503695144436785 18
0001 0006 1711701857658 19.5 -58.0 2.8532042654672924 18
0001 0004 1711701857659 -19.5 -56.0 3.9147189706841563 18
0001 0012 1711701857659 19.5 -59.0 1.552388557340269 18
0001 0008 1711701857659 -3.25 -63.5 4.595806440505381 18
0001 0005 1711701857660 42.3125 -65.0 0.5522330836388308 18
0001 0013 1711701857660 19.5 -55.0 0.9387962421860124 18
0001 0011 1711701857660 16.25 -51.5 1.0615147052168636 18
0001 0001 1711701857661 -29.25 -51.0 2.423689644859313 18
0001 0009 1711701857661 13.0 -62.0 2.086213871524472 18
0001 0014 1711701857661 -26.0 -64.0 4.04357335686655 18
0001 0015 1711701857662 0.0 -57.0 5.749359992995383 18
0001 0010 1711701857662 -3.25 -58.0 3.9453985864418692 18
0001 0015 1711701857778 26.0 -57.5 5.688000761479957 18
0001 0001 1711701857778 -9.75 -51.0 2.3746022596469727 18
0001 0011 1711701857778 19.5 -51.5 1.0185632431560658 18
0001 0009 1711701857779 -78.0625 -62.0 2.1782527187976104 18
0001 0008 1711701857779 19.5 -63.5 4.430136515413731 18
0001 0013 1711701857779 16.25 -55.0 0.9387962421860124 18
0001 0012 1711701857780 -9.75 -59.0 1.5953400194010667 18
0001 0010 1711701857780 9.75 -58.0 3.933126740138784 18
0001 0007 1711701857780 -19.5 -57.5 4.405592822807561 18
0001 0004 1711701857781 -22.75 -56.0 3.902447124381071 18
0001 0006 1711701857781 22.75 -58.0 2.8532042654672924 18
0001 0014 1711701857781 26.0 -65.0 3.8963112012295285 18
0001 0005 1711701857782 35.75 -65.0 0.6320000846088841 18
0001 0014 1711701857993 35.75 -64.5 3.8533597391687304 18
0001 0008 1711701857994 -42.3125 -63.5 4.528311285838413 18
0001 0005 1711701857994 26.0 -64.5 0.5767767762450011 18
0001 0001 1711701857994 3.25 -51.0 2.3009711818284617 18
0001 0004 1711701857995 -39.0 -56.0 3.877903431774901 18
0001 0015 1711701857995 -3.25 -57.0 5.767767762450011 18
0001 0010 1711701857995 -9.75 -58.0 3.9208548938356986 18
0001 0009 1711701857996 -13.0 -62.5 1.9880391010997909 18
0001 0012 1711701857996 16.25 -58.5 1.552388557340269 18
0001 0013 1711701857996 13.0 -55.0 0.9387962421860124 18
0001 0011 1711701857997 -6.5 -51.5 1.030835089459151 18
0001 0006 1711701857997 19.5 -58.0 2.773437264497239 18
0001 0007 1711701857997 6.5 -57.0 4.313553975534423 18
0001 0006 1711701857998 16.25 -58.0 2.7550294950426117 18
0001 0014 1711701857998 3.25 -64.5 3.9760782021995817 18
0001 0011 1711701857998 -13.0 -51.5 1.0246991663076084 18
0001 0009 1711701857999 22.75 -62.0 2.0064468705544187 18
0001 0013 1711701857999 9.75 -55.0 0.9265243958829272 18
0001 0001 1711701857999 3.25 -51.0 2.2580197197676637 18
0001 0010 1711701858000 -32.5 -58.0 3.902447124381071 18
0001 0015 1711701858000 39.0 -57.0 5.663457068873787 18
0001 0004 1711701858000 6.5 -56.0 3.736777199289422 18
0001 0007 1711701858001 16.25 -57.5 4.295146206079795 18
0001 0005 1711701858002 81.375 -64.5 0.4049709280018093 18
0001 0012 1711701858003 -32.5 -59.0 1.6014759425526093 18
0001 0008 1711701858004 -61.8125 -63.5 4.4976316700806995 18
0001 0006 1711701858223 -9.75 -57.5 2.724349879284899 18
0001 0015 1711701858223 -13.0 -57.0 5.755495916146925 18
0001 0012 1711701858223 35.75 -59.0 1.4910293258248433 18
0001 0014 1711701858224 -9.75 -64.5 3.9638063558964967 18
0001 0001 1711701858224 0.0 -51.0 2.172116795646068 18
0001 0005 1711701858224 13.0 -64.0 0.380427235395639 18
0001 0013 1711701858225 6.5 -55.0 0.9142525495798421 18
0001 0010 1711701858225 32.5 -57.5 3.749049045592507 18
0001 0004 1711701858225 3.25 -56.0 3.706097583531709 18
0001 0007 1711701858226 3.25 -57.5 4.23378697456437 18
0001 0008 1711701858226 -13.8125 -63.5 4.362641360746763 18
0001 0011 1711701858226 0.0 -51.5 0.9572040116406401 18
0001 0009 1711701858226 -39.0 -62.0 2.030990563160589 18
0001 0014 1711701858227 -16.25 -64.5 3.9392626632903265 18
0001 0007 1711701858227 9.75 -57.5 4.129476280988146 18
0001 0004 1711701858227 -9.75 -56.0 3.6754179677739964 18
0001 0009 1711701858228 16.25 -62.0 1.9266798695843652 18
0001 0011 1711701858228 -9.75 -52.0 0.9081166264282996 18
0001 0001 1711701858228 3.25 -50.5 2.098485717827557 18
0001 0008 1711701858229 -3.25 -63.5 4.264466590322082 18
0001 0010 1711701858229 -32.5 -57.5 3.8288160465625602 18
0001 0012 1711701858229 32.5 -59.0 1.5033011721279284 18
0001 0005 1711701858230 -55.3125 -64.0 0.3988350048502667 18
0001 0013 1711701858230 16.25 -55.0 0.8222137023067037 18
0001 0006 1711701858230 26.0 -57.5 2.60776733940559 18
0001 0015 1711701858231 9.75 -57.0 5.688000761479957 18
0001 0009 1711701858457 42.3125 -62.0 1.8223691760081417 18
0001 0004 1711701858458 6.5 -56.0 3.56497135104623 18
0001 0012 1711701858458 26.0 -59.0 1.4664856332186729 18
0001 0011 1711701858458 -16.25 -52.0 0.8651651643675016 18
0001 0013 1711701858459 -6.5 -55.5 0.803805932852076 18
0001 0007 1711701858459 -16.25 -57.5 4.080388895775806 18
0001 0001 1711701858459 3.25 -50.5 2.0064468705544187 18
0001 0006 1711701858460 -19.5 -58.0 2.5832236467994196 18
0001 0015 1711701858460 -16.25 -57.0 5.700272607783043 18
0001 0014 1711701858460 -68.3125 -65.5 3.9576704327449543 18
0001 0010 1711701858460 13.0 -57.5 3.6324665057131984 18
0001 0005 1711701858461 29.25 -64.0 0.1227184630308513 18
0001 0008 1711701858461 -48.8125 -64.0 4.221515128261284 18
0001 0005 1711701858461 -19.5 -63.0 0.1043106935762236 18
0001 0013 1711701858462 3.25 -55.0 0.6994952392758523 18
0001 0015 1711701858462 -3.25 -57.0 5.6573211457222445 18
0001 0009 1711701858462 146.4375 -61.5 1.6137477888556946 18
0001 0011 1711701858463 3.25 -52.5 0.760854470791278 18
0001 0012 1711701858463 16.25 -58.0 1.423534171157875 18
0001 0006 1711701858463 -19.5 -57.5 2.466641106920111 18
0001 0001 1711701858464 -6.5 -50.5 1.9205439464328227 18
0001 0008 1711701858464 -22.75 -64.0 4.0987966652304335 18
0001 0004 1711701858464 6.5 -56.5 3.448388811166921 18
0001 0014 1711701858465 -48.8125 -65.0 4.000621894805752 18
0001 0007 1711701858466 3.25 -58.0 3.9208548938356986 18
0001 0010 1711701858466 -3.25 -57.0 3.5465635815916023 18
