0001 0010 1711701556296 -32.5 -64.5 3.4054373491061236 18
0001 0011 1711701556304 26.0 -52.0 1.9941750242513334 18
0001 0009 1711701556304 0.0 -54.5 3.0372819600135696 18
0001 0008 1711701556305 -35.75 -58.5 4.988505522204105 18
0001 0015 1711701556305 29.25 -61.5 0.4479223900626072 18
0001 0007 1711701556319 3.25 -57.5 5.93343768754166 18
0001 0014 1711701556319 39.0 -67.0 5.651185222570702 18
0001 0004 1711701556320 13.0 -56.5 3.0127382674073995 18
0001 0006 1711701556320 16.25 -59.0 1.2762720155208536 18
0001 0005 1711701556321 -22.75 -58.5 3.479068426924634 18
0001 0001 1711701556321 -13.0 -58.0 3.5158839658338894 18
0001 0003 1711701556322 -5.4375 -78.5 5.062136600022616 18
0001 0011 1711701556322 -3.25 -52.5 2.067806102069844 18
0001 0007 1711701556323 19.5 -57.5 5.927301764390117 18
0001 0004 1711701556323 -22.75 -57.0 3.0802334220743677 18
0001 0006 1711701556324 58.5625 -58.5 1.2517283229146832 18
0001 0008 1711701556324 22.75 -58.0 4.945554060143307 18
0001 0015 1711701556325 48.8125 -62.0 0.4540583132141498 18
0001 0009 1711701556325 3.25 -54.5 3.0250101137104846 18
0001 0005 1711701556326 -6.5 -59.0 3.472932503773092 18
0001 0001 1711701556326 0.0 -58.5 3.5281558121369745 18
0001 0010 1711701556327 9.75 -64.5 3.442252888015379 18
0001 0014 1711701556328 -32.5 -67.0 5.8045833013592665 18
0001 0003 1711701556377 -50.625 -78.5 5.166447293598839 18
0001 0014 1711701556378 78.0625 -67.0 5.724816300389213 18
0001 0010 1711701556379 -68.3125 -65.0 3.56497135104623 18
0001 0001 1711701556380 -9.75 -58.5 3.5036121195308043 18
0001 0011 1711701556381 9.75 -52.5 2.1046216409791 18
0001 0015 1711701556382 58.5625 -61.5 0.4356505437595221 18
0001 0007 1711701556383 -16.25 -57.5 6.019340611663256 18
0001 0005 1711701556384 -3.25 -59.0 3.522019888985432 18
0001 0004 1711701556385 -29.25 -57.5 3.147728576741336 18
0001 0009 1711701556386 0.0 -55.0 3.0372819600135696 18
0001 0006 1711701556387 -9.75 -58.5 1.3744467859455345 18
0001 0008 1711701556389 -39.0 -58.5 5.006913291658733 18
0001 0003 1711701556627 3.0 -79.0 4.908738521234052 18
0001 0014 1711701556628 -58.5625 -67.5 5.780039608753096 18
0001 0005 1711701556629 0.0 -58.5 3.54042765844006 18
0001 0007 1711701556630 29.25 -57.0 5.976389149602458 18
0001 0015 1711701556630 0.0 -62.5 0.5767767762450011 18
0001 0008 1711701556631 -27.625 -58.0 5.019185137961818 18
0001 0010 1711701556632 -81.375 -64.5 3.6386024288647407 18
0001 0011 1711701556633 13.0 -52.5 2.172116795646068 18
0001 0006 1711701556634 22.75 -59.0 1.282407938672396 18
0001 0001 1711701556634 -29.25 -58.0 3.5036121195308043 18
0001 0009 1711701556635 13.0 -55.0 3.067961575771282 18
0001 0004 1711701556636 -13.0 -57.5 3.2213596545598464 18
0001 0003 1711701556637 -14.3125 -79.0 5.209398755659637 18
0001 0004 1711701556845 -39.0 -57.0 3.3502140407422405 18
0001 0010 1711701556846 0.0 -64.5 3.6017868899554855 18
0001 0007 1711701556847 -6.5 -57.0 6.062292073724054 18
0001 0011 1711701556847 19.5 -53.0 2.2457478734645786 18
0001 0005 1711701556848 -13.0 -59.0 3.5895150436524004 18
0001 0006 1711701556849 58.5625 -59.0 1.2762720155208536 18
0001 0008 1711701556850 -3.25 -58.0 4.963961829597935 18
0001 0015 1711701556863 29.25 -62.0 0.5031456984264903 18
0001 0009 1711701556865 -32.5 -55.0 3.147728576741336 18
0001 0001 1711701556866 -13.0 -58.0 3.4606606574700063 18
0001 0014 1711701556866 6.5 -67.5 5.786175531904639 18
0001 0014 1711701556867 -71.5625 -67.5 5.8045833013592665 18
0001 0010 1711701556868 -32.5 -64.5 3.693825737228624 18
0001 0008 1711701556869 -38.1875 -58.5 5.037592907416445 18
0001 0004 1711701556870 -22.75 -57.0 3.3870295796514958 18
0001 0005 1711701556871 -19.5 -59.0 3.6386024288647407 18
0001 0006 1711701556872 13.0 -58.5 1.380582709097077 18
0001 0011 1711701556873 16.25 -53.5 2.282563412373834 18
0001 0015 1711701556873 32.5 -62.5 0.48473792897186263 18
0001 0007 1711701556874 13.0 -57.0 6.086835766330224 18
0001 0001 1711701556875 -9.75 -58.0 3.448388811166921 18
0001 0009 1711701556876 -16.25 -55.5 3.153864499892878 18
0001 0008 1711701557071 -41.5 -59.0 5.031456984264903 18
0001 0007 1711701557071 22.75 -57.5 6.086835766330224 18
0001 0010 1711701557072 -22.75 -64.0 3.706097583531709 18
0001 0011 1711701557073 9.75 -53.0 2.337786720737717 18
0001 0004 1711701557074 -6.5 -56.5 3.399301425954581 18
0001 0001 1711701557075 -26.0 -58.0 3.4913402732277192 18
0001 0005 1711701557076 -3.25 -58.0 3.6324665057131984 18
0001 0014 1711701557077 -110.625 -67.5 5.9088939949354895 18
0001 0009 1711701557077 -22.75 -55.5 3.2029518851052186 18
0001 0006 1711701557078 29.25 -58.5 1.3437671701878218 18
0001 0015 1711701557079 -6.5 -62.5 0.5645049299419159 18
0001 0010 1711701557080 -29.25 -65.0 3.736777199289422 18
0001 0009 1711701557081 0.0 -55.5 3.160000423044421 18
0001 0011 1711701557082 -6.5 -53.0 2.36846633649543 18
0001 0006 1711701557083 55.3125 -58.5 1.2885438618239387 18
0001 0005 1711701557083 -19.5 -58.5 3.6386024288647407 18
0001 0004 1711701557084 6.5 -56.5 3.3624858870453256 18
0001 0008 1711701557085 -3.25 -59.0 4.97623367590102 18
0001 0015 1711701557086 78.0625 -62.5 0.4663301595172349 18
0001 0014 1711701557087 -19.5 -67.0 5.6941366846315 18
0001 0001 1711701557088 6.5 -58.0 3.522019888985432 18
0001 0007 1711701557089 13.0 -57.5 6.111379458936394 18
0001 0010 1711701557307 -120.4375 -64.5 3.8533597391687304 18
0001 0006 1711701557308 32.5 -59.0 1.3560390164909069 18
0001 0014 1711701557308 -78.0625 -66.5 5.964117303299373 18
0001 0001 1711701557309 -6.5 -58.0 3.5281558121369745 18
0001 0011 1711701557311 -13.0 -53.0 2.313243028131547 18
0001 0015 1711701557311 39.0 -62.0 0.5031456984264903 18
0001 0008 1711701557312 -39.0 -58.5 5.080544369477243 18
0001 0005 1711701557313 -16.25 -59.0 3.650874275167826 18
0001 0007 1711701557314 -9.75 -57.5 6.154330920997192 18
0001 0004 1711701557315 -6.5 -57.0 3.411573272257666 18
0001 0009 1711701557316 -22.75 -55.0 3.1906800388021335 18
0001 0008 1711701557317 24.375 -59.0 4.9823695990525625 18
0001 0015 1711701557317 52.0625 -62.5 0.4540583132141498 18
0001 0009 1711701557318 -42.3125 -55.0 3.2336315008629315 18
0001 0001 1711701557319 -9.75 -58.0 3.56497135104623 18
0001 0006 1711701557320 19.5 -58.5 1.3867186322486196 18
0001 0011 1711701557321 0.0 -53.5 2.2886993355253766 18
0001 0007 1711701557321 3.25 -57.0 6.0991076126333095 18
0001 0014 1711701557322 71.5625 -67.5 5.64504929941916 18
0001 0005 1711701557323 -22.75 -58.5 3.650874275167826 18
0001 0010 1711701557336 -65.0625 -63.5 3.761320891895592 18
0001 0004 1711701557338 -19.5 -57.0 3.3870295796514958 18
0001 0014 1711701557540 -52.0625 -68.0 5.730952223540755 18
0001 0010 1711701557540 -45.5625 -64.0 3.6386024288647407 18
0001 0008 1711701557541 -30.875 -59.0 5.031456984264903 18
0001 0007 1711701557542 22.75 -57.5 6.086835766330224 18
0001 0011 1711701557543 45.5625 -53.0 2.2027964114037806 18
0001 0009 1711701557543 9.75 -55.0 3.1661363461959633 18
0001 0004 1711701557544 -29.25 -57.0 3.4054373491061236 18
0001 0001 1711701557545 -13.0 -58.0 3.6263305825616556 18
0001 0005 1711701557546 9.75 -58.5 3.6140587362585705 18
0001 0006 1711701557547 0.0 -59.0 1.380582709097077 18
0001 0015 1711701557547 9.75 -62.5 0.5031456984264903 18
0001 0011 1711701557548 13.0 -52.5 2.1659808724945253 18
0001 0015 1711701557549 45.5625 -62.5 0.48473792897186263 18
0001 0007 1711701557550 -13.0 -57.5 6.135923151542564 18
0001 0014 1711701557550 -84.625 -67.0 5.921165841238575 18
0001 0009 1711701557551 -13.0 -55.0 3.2090878082567613 18
0001 0001 1711701557552 6.5 -58.0 3.718369429834794 18
0001 0005 1711701557552 -13.0 -58.5 3.650874275167826 18
0001 0010 1711701557553 -130.1875 -64.0 3.54042765844006 18
0001 0006 1711701557554 35.75 -58.5 1.3130875544301088 18
0001 0004 1711701557554 -39.0 -57.5 3.429981041712294 18
0001 0008 1711701557555 16.25 -59.0 5.019185137961818 18
0001 0014 1711701557766 -166.0 -67.5 5.964117303299373 18
0001 0001 1711701557767 -22.75 -58.5 4.1601558967458585 18
0001 0007 1711701557767 -13.0 -57.5 6.129787228391022 18
0001 0004 1711701557768 -9.75 -57.0 3.479068426924634 18
0001 0006 1711701557769 35.75 -58.5 1.3069516312785663 18
0001 0005 1711701557769 -22.75 -59.5 3.718369429834794 18
0001 0011 1711701557770 3.25 -52.5 1.945087639038993 18
0001 0008 1711701557770 -16.25 -59.0 5.295301679781233 18
0001 0015 1711701557771 42.3125 -62.0 0.4663301595172349 18
0001 0009 1711701557772 -16.25 -54.5 3.2949907323783574 18
0001 0010 1711701557772 13.0 -65.5 3.06182565261974 18
0001 0009 1711701557773 -26.0 -53.0 3.454524734318464 18
0001 0015 1711701557774 35.75 -63.0 0.36815538909255385 18
0001 0014 1711701557774 45.5625 -67.5 5.651185222570702 18
0001 0008 1711701557775 59.375 -59.0 5.534602682691394 18
0001 0004 1711701557776 3.25 -58.0 3.6570101983193686 18
0001 0007 1711701557776 -32.5 -58.0 6.17273869045182 18
0001 0011 1711701557777 6.5 -53.5 1.3621749396424494 18
0001 0001 1711701557778 -16.25 -59.0 5.049864753719531 18
0001 0005 1711701557779 -45.5625 -59.5 3.9638063558964967 18
0001 0006 1711701557779 39.0 -58.5 1.3069516312785663 18
0001 0010 1711701557780 35.75 -66.0 2.9084275738311756 18
0001 0001 1711701557991 39.0 -61.0 6.0991076126333095 18
0001 0010 1711701557992 -152.9375 -68.0 3.0127382674073995 18
0001 0011 1711701557992 42.3125 -56.5 0.8528933180644165 18
0001 0004 1711701557993 -13.0 -59.0 4.086524818927348 18
0001 0008 1711701557994 61.8125 -59.0 6.178874613603362 18
0001 0006 1711701557994 13.0 -59.0 1.423534171157875 18
0001 0009 1711701557995 -16.25 -52.0 3.6876898140770815 18
0001 0005 1711701557996 -48.8125 -59.0 4.411728745959104 18
0001 0014 1711701557997 6.5 -66.5 5.602097837358362 18
0001 0015 1711701557997 71.5625 -63.5 0.2454369260617026 18
0001 0007 1711701558012 -19.5 -59.0 6.105243535784852 18
0001 0010 1711701558012 -48.8125 -69.5 2.325514874434632 18
0001 0005 1711701558013 -32.5 -61.0 4.921010367537137 18
0001 0008 1711701558014 16.25 -60.0 0.8713010875190442 18
0001 0004 1711701558014 -19.5 -59.0 4.534447208989955 18
0001 0009 1711701558015 -9.75 -51.5 3.9085830475326135 18
0001 0001 1711701558016 13.0 -61.5 1.7548740213411735 18
0001 0006 1711701558016 6.5 -59.0 1.6751070203711202 18
0001 0015 1711701558017 42.3125 -63.5 6.215690152512618 18
0001 0007 1711701558018 35.75 -59.5 6.086835766330224 18
0001 0011 1711701558018 -6.5 -64.0 0.6933593161243098 18
0001 0014 1711701558019 -39.0 -64.5 5.773903685601553 18
0001 0008 1711701558126 13.8125 -61.5 1.8653206380689396 18
0001 0006 1711701558127 22.75 -59.5 2.6875343403756435 18
0001 0004 1711701558127 13.0 -59.0 5.166447293598839 18
0001 0007 1711701558128 22.75 -59.0 1.0799224746714913 18
0001 0001 1711701558129 -39.0 -56.0 4.798291904506286 18
0001 0009 1711701558129 -16.25 -52.0 4.95168998329485 18
0001 0014 1711701558130 68.3125 -64.5 6.215690152512618 18
0001 0011 1711701558131 9.75 -66.5 0.7915340865489908 18
0001 0015 1711701558131 0.0 -63.0 5.559146375297564 18
0001 0005 1711701558132 0.0 -63.5 6.22182607566416 18
0001 0010 1711701558133 58.5625 -71.5 2.6323110320117604 18
0001 0007 1711701558362 0.0 -57.5 3.1661363461959633 18
0001 0004 1711701558362 -87.875 -66.0 1.423534171157875 18
0001 0014 1711701558363 -74.8125 -65.0 0.006135923151542565 18
0001 0005 1711701558364 120.4375 -65.0 1.533980787885641 18
0001 0009 1711701558365 -16.25 -56.0 0.4111068511533518 18
0001 0011 1711701558366 -16.25 -63.0 3.724505352986337 18
0001 0006 1711701558367 19.5 -58.5 4.289010282928253 18
0001 0008 1711701558367 32.5 -61.5 3.730641276137879 18
0001 0001 1711701558368 16.25 -53.5 0.5276893910326605 18
0001 0015 1711701558369 -26.0 -61.0 5.534602682691394 18
0001 0003 1711701558369 7.3125 -78.0 1.368310862793992 18
0001 0010 1711701558370 1.8125 -71.0 5.982525072754001 18
0001 0006 1711701558372 68.3125 -64.5 1.0369710126106935 18
0001 0001 1711701558373 -16.25 -55.5 2.9268353432858034 18
0001 0010 1711701558373 55.3125 -62.5 4.442408361716817 18
0001 0013 1711701558374 39.0 -69.5 2.5770877236478773 18
0001 0009 1711701558375 -16.25 -58.5 4.614214209960009 18
0001 0014 1711701558375 -65.0625 -65.0 6.258641614573416 18
0001 0015 1711701558376 6.5 -60.0 5.835262917116979 18
0001 0011 1711701558377 42.3125 -62.0 2.0064468705544187 18
0001 0004 1711701558377 -3.25 -57.5 5.780039608753096 18
0001 0007 1711701558378 -3.25 -56.5 0.07976700097005335 18
0001 0008 1711701558379 21.125 -66.5 0.09817477042468103 18
0001 0012 1711701558379 328.75 -74.0 5.031456984264903 18
0001 0005 1711701558603 6.6875 -72.0 4.988505522204105 18
0001 0005 1711701558604 -6.5 -61.5 3.0250101137104846 18
0001 0006 1711701558604 26.0 -56.5 5.031456984264903 18
0001 0011 1711701558605 -52.0625 -59.5 5.1725832167503825 18
0001 0001 1711701558606 3.25 -52.0 5.491651220630596 18
0001 0009 1711701558606 13.0 -52.0 0.5829126993965437 18
0001 0004 1711701558607 0.0 -57.5 2.030990563160589 18
0001 0007 1711701558608 -74.8125 -57.5 3.227495577711389 18
0001 0010 1711701558608 -16.25 -59.5 0.9203884727313847 18
0001 0013 1711701558609 55.3125 -62.5 4.405592822807561 18
0001 0014 1711701558610 -16.25 -67.0 6.14819499784565 18
0001 0012 1711701558610 6.5 -59.0 1.2946797849754812 18
0001 0015 1711701558611 -13.0 -60.0 0.1227184630308513 18
0001 0008 1711701558612 -55.3125 -61.5 3.9453985864418692 18
0001 0007 1711701558612 19.5 -57.5 5.3198453723874035 18
0001 0004 1711701558614 0.0 -57.0 4.693981210930062 18
0001 0009 1711701558614 -13.0 -54.0 3.160000423044421 18
0001 0013 1711701558615 29.25 -63.0 4.6448938257177215 18
0001 0011 1711701558616 -19.5 -53.5 0.8835729338221293 18
0001 0012 1711701558616 -22.75 -57.5 2.5034566458293663 18
0001 0001 1711701558617 -6.5 -52.0 0.07976700097005335 18
0001 0010 1711701558618 13.0 -58.0 2.6998061866787286 18
0001 0006 1711701558618 32.5 -60.5 0.7363107781851077 18
0001 0015 1711701558619 13.0 -59.5 0.5829126993965437 18
0001 0005 1711701558621 -9.75 -59.0 4.0987966652304335 18
0001 0008 1711701558621 24.375 -61.0 5.313709449235861 18
0001 0014 1711701558842 -1.1875 -71.5 5.835262917116979 18
0001 0012 1711701558843 29.25 -58.0 3.055689729468197 18
0001 0015 1711701558843 9.75 -60.0 1.0246991663076084 18
0001 0009 1711701558844 -39.0 -52.5 4.822835597112456 18
0001 0013 1711701558845 3.25 -61.5 0.5522330836388308 18
0001 0004 1711701558845 9.75 -53.5 5.522330836388308 18
0001 0011 1711701558846 16.25 -51.0 1.8714565612204823 18
0001 0007 1711701558846 -9.75 -57.5 0.4356505437595221 18
0001 0005 1711701558847 0.0 -59.0 4.509903516383785 18
0001 0001 1711701558848 -3.25 -52.0 0.25157284921324513 18
0001 0006 1711701558849 3.25 -66.0 2.3193789512830896 18
0001 0010 1711701558849 0.0 -56.0 3.877903431774901 18
0001 0008 1711701558850 -41.5 -64.0 6.166602767300278 18
0001 0014 1711701558850 -16.4375 -73.0 5.589825991055276 18
0001 0009 1711701558851 -16.25 -54.5 4.822835597112456 18
0001 0011 1711701558851 3.25 -51.5 2.675262494072558 18
0001 0015 1711701558852 26.0 -59.0 1.2333205534600555 18
0001 0005 1711701558853 -29.25 -59.0 4.95168998329485 18
0001 0013 1711701558853 0.0 -60.5 1.3560390164909069 18
0001 0008 1711701558854 48.8125 -64.5 0.09203884727313846 18
0001 0001 1711701558854 3.25 -52.5 6.258641614573416 18
0001 0012 1711701558855 -9.75 -58.5 3.2213596545598464 18
0001 0004 1711701558856 -16.25 -53.0 5.810719224510809 18
0001 0007 1711701558856 -3.25 -56.0 1.0492428589137786 18
0001 0010 1711701558857 -13.0 -54.5 4.454680208019902 18
0001 0006 1711701558857 -74.8125 -69.5 3.442252888015379 18
0001 0004 1711701559124 0.0 -52.5 5.896622148632405 18
0001 0015 1711701559125 16.25 -58.5 1.282407938672396 18
0001 0013 1711701559125 65.0625 -60.5 1.9880391010997909 18
0001 0010 1711701559126 -16.25 -54.5 4.933282213840222 18
0001 0005 1711701559126 19.5 -59.0 4.994641445355648 18
0001 0011 1711701559127 3.25 -53.0 3.147728576741336 18
0001 0007 1711701559127 3.25 -55.5 1.4603497100671303 18
0001 0012 1711701559128 26.0 -60.0 3.6324665057131984 18
0001 0001 1711701559128 3.25 -52.0 5.810719224510809 18
0001 0009 1711701559129 -42.3125 -55.0 5.019185137961818 18
0001 0008 1711701559129 0.0 -62.5 0.4111068511533518 18
0001 0006 1711701559130 81.375 -68.5 3.5588354278946874 18
0001 0006 1711701559336 -52.0625 -68.0 3.6140587362585705 18
0001 0009 1711701559337 0.0 -56.5 4.847379289718626 18
0001 0013 1711701559337 52.0625 -59.5 2.055534255766759 18
0001 0011 1711701559338 9.75 -52.5 3.227495577711389 18
0001 0010 1711701559338 -32.5 -54.5 5.037592907416445 18
0001 0012 1711701559339 0.0 -60.5 3.497476196379262 18
0001 0001 1711701559339 -22.75 -52.5 5.589825991055276 18
0001 0005 1711701559340 55.3125 -59.0 4.914874444385594 18
0001 0004 1711701559340 -6.5 -52.5 5.743224069843841 18
0001 0015 1711701559341 -3.25 -58.5 1.2578642460662257 18
0001 0007 1711701559342 9.75 -55.0 1.4971652489763858 18
0001 0008 1711701559342 -29.25 -63.0 0.3865631585471816 18
0001 0015 1711701559343 29.25 -58.5 1.2087768608538851 18
0001 0011 1711701559344 -16.25 -52.5 3.4054373491061236 18
0001 0005 1711701559344 -9.75 -58.5 5.062136600022616 18
0001 0001 1711701559345 -32.5 -52.0 5.436427912266712 18
0001 0012 1711701559345 -3.25 -60.5 3.5772431973493153 18
0001 0008 1711701559346 13.0 -62.5 0.23930100291016002 18
0001 0009 1711701559346 32.5 -59.0 4.669437518323892 18
0001 0007 1711701559347 -9.75 -55.5 1.5830681730979816 18
0001 0004 1711701559348 -16.25 -53.0 5.638913376267617 18
0001 0006 1711701559348 -29.25 -67.5 3.522019888985432 18
0001 0013 1711701559349 26.0 -59.5 2.141437179888355 18
0001 0010 1711701559349 6.5 -54.5 5.123495831538041 18
0001 0004 1711701559566 22.75 -53.0 5.522330836388308 18
0001 0001 1711701559566 -3.25 -52.0 5.270757987175063 18
0001 0011 1711701559567 9.75 -52.5 3.497476196379262 18
0001 0008 1711701559567 -55.3125 -63.0 0.34974761963792617 18
0001 0010 1711701559568 13.0 -54.5 5.111223985234957 18
0001 0015 1711701559568 29.25 -58.5 1.1780972450961724 18
0001 0009 1711701559569 0.0 -60.5 4.71238898038469 18
0001 0005 1711701559569 16.25 -58.5 5.135767677841127 18
0001 0007 1711701559570 9.75 -54.5 1.718058482431918 18
0001 0013 1711701559571 71.5625 -59.5 2.098485717827557 18
0001 0006 1711701559571 -71.5625 -68.0 3.5588354278946874 18
0001 0012 1711701559572 35.75 -61.0 3.5465635815916023 18
0001 0011 1711701559572 13.0 -52.5 3.5711072741977725 18
0001 0015 1711701559573 22.75 -58.0 1.184233168247715 18
0001 0013 1711701559573 -13.0 -59.5 2.2948352586769194 18
0001 0012 1711701559574 -32.5 -61.5 3.6876898140770815 18
0001 0007 1711701559574 -9.75 -54.0 1.8530487917658545 18
0001 0009 1711701559575 9.75 -61.5 4.767612288748572 18
0001 0006 1711701559575 -13.0 -69.0 3.466796580621549 18
0001 0005 1711701559576 35.75 -59.0 5.209398755659637 18
0001 0001 1711701559576 -29.25 -52.0 5.166447293598839 18
0001 0010 1711701559577 13.0 -54.5 5.209398755659637 18
0001 0004 1711701559577 16.25 -53.0 5.516194913236766 18
0001 0008 1711701559578 30.875 -62.0 0.25770877236478773 18
0001 0011 1711701559791 6.5 -53.0 3.6324665057131984 18
0001 0004 1711701559791 -26.0 -53.0 5.589825991055276 18
0001 0005 1711701559792 45.5625 -58.5 5.190990986205009 18
0001 0015 1711701559792 -6.5 -58.0 1.227184630308513 18
0001 0007 1711701559793 9.75 -54.0 1.8714565612204823 18
0001 0010 1711701559793 0.0 -54.5 5.2768939103266055 18
0001 0013 1711701559794 -6.5 -59.0 2.3623304133438876 18
0001 0001 1711701559794 -29.25 -52.0 5.098952138931871 18
0001 0012 1711701559795 -19.5 -61.5 3.7429131224409646 18
0001 0006 1711701559795 19.5 -68.0 3.6079228131070282 18
0001 0008 1711701559796 -21.125 -63.0 0.380427235395639 18
0001 0009 1711701559796 -6.5 -62.5 4.76147636559703 18
0001 0004 1711701559797 -32.5 -53.0 5.602097837358362 18
0001 0012 1711701559798 -22.75 -61.5 3.749049045592507 18
0001 0011 1711701559799 3.25 -53.0 3.650874275167826 18
0001 0010 1711701559799 -9.75 -54.5 5.313709449235861 18
0001 0007 1711701559800 3.25 -54.0 1.9082721001297376 18
0001 0009 1711701559800 9.75 -62.5 4.700117134081604 18
0001 0008 1711701559801 9.75 -62.5 0.3129320807286708 18
0001 0001 1711701559802 6.5 -52.0 5.019185137961818 18
0001 0005 1711701559802 -19.5 -58.5 5.264622064023521 18
0001 0015 1711701559803 -6.5 -58.0 1.2455923997631406 18
0001 0013 1711701559804 45.5625 -59.0 2.2580197197676637 18
0001 0006 1711701559804 -26.0 -68.0 3.5895150436524004 18
0001 0010 1711701560032 -6.5 -54.5 5.307573526084319 18
0001 0006 1711701560032 -55.3125 -67.5 3.6754179677739964 18
0001 0005 1711701560033 6.5 -58.0 5.2339424482658075 18
0001 0004 1711701560033 -6.5 -52.5 5.6143696836614465 18
0001 0009 1711701560034 -48.8125 -62.5 4.724660826687775 18
0001 0013 1711701560035 9.75 -59.0 2.356194490192345 18
0001 0011 1711701560035 9.75 -53.0 3.5833791205008576 18
0001 0012 1711701560036 3.25 -61.0 3.718369429834794 18
0001 0001 1711701560036 -22.75 -52.0 5.043728830567988 18
0001 0015 1711701560037 0.0 -58.0 1.2333205534600555 18
0001 0007 1711701560038 3.25 -54.5 1.8530487917658545 18
0001 0008 1711701560038 62.625 -63.0 0.23316507975861744 18
0001 0004 1711701560039 -3.25 -52.5 5.5714182216006485 18
0001 0011 1711701560040 3.25 -52.5 3.8533597391687304 18
0001 0007 1711701560040 -16.25 -54.0 1.8775924843720249 18
0001 0005 1711701560041 -29.25 -58.0 5.338253141842031 18
0001 0009 1711701560041 -35.75 -62.0 4.01902966426038 18
0001 0001 1711701560042 9.75 -51.5 5.264622064023521 18
0001 0013 1711701560042 -13.0 -58.5 2.6445828783148455 18
0001 0010 1711701560043 -13.0 -55.0 5.411884219660542 18
0001 0006 1711701560043 104.125 -68.5 3.6079228131070282 18
0001 0015 1711701560044 -13.0 -58.0 1.2578642460662257 18
0001 0012 1711701560051 22.75 -60.5 4.190835512503572 18
0001 0008 1711701560052 -74.8125 -63.0 0.3620194659410113 18
0001 0013 1711701560260 19.5 -58.0 2.5464081078901644 18
0001 0004 1711701560260 -29.25 -53.0 5.5714182216006485 18
0001 0012 1711701560261 -29.25 -60.5 4.252194744018997 18
0001 0007 1711701560261 16.25 -54.5 1.8039614065535141 18
0001 0010 1711701560262 -32.5 -54.5 5.442563835418255 18
0001 0008 1711701560262 -35.75 -62.5 0.34974761963792617 18
0001 0001 1711701560263 13.0 -52.0 5.21553467881118 18
0001 0005 1711701560264 13.0 -58.5 5.295301679781233 18
0001 0011 1711701560264 3.25 -53.0 3.834951969714103 18
0001 0015 1711701560265 9.75 -58.0 1.227184630308513 18
0001 0006 1711701560265 55.3125 -69.0 3.6079228131070282 18
0001 0009 1711701560266 29.25 -63.0 3.890175278077986 18
0001 0013 1711701560266 9.75 -58.0 2.5402721847386216 18
0001 0001 1711701560267 -29.25 -52.0 5.264622064023521 18
0001 0011 1711701560267 0.0 -52.5 3.816544200259475 18
0001 0004 1711701560268 -13.0 -53.0 5.50392306693368 18
0001 0007 1711701560268 3.25 -54.5 1.8162332528565992 18
0001 0005 1711701560269 -13.0 -58.0 5.338253141842031 18
0001 0012 1711701560269 13.0 -60.5 4.221515128261284 18
0001 0015 1711701560270 29.25 -58.0 1.1965050145508 18
0001 0010 1711701560271 13.0 -54.5 5.332117218690489 18
0001 0009 1711701560271 -42.3125 -62.5 3.9944859716542096 18
0001 0008 1711701560272 6.5 -62.5 0.2270291566070749 18
0001 0006 1711701560272 -55.3125 -68.5 3.6876898140770815 18
0001 0013 1711701560373 0.0 -58.0 2.5341362615870793 18
0001 0012 1711701560374 -19.5 -60.5 4.172427743048944 18
0001 0008 1711701560374 22.75 -63.0 0.14112623248547898 18
0001 0007 1711701560374 6.5 -54.5 1.761009944492716 18
0001 0010 1711701560375 -3.25 -54.5 5.307573526084319 18
0001 0001 1711701560375 -26.0 -51.5 5.221670601962723 18
0001 0011 1711701560376 -22.75 -52.5 3.822680123411018 18
0001 0004 1711701560376 -22.75 -53.0 5.45483568172134 18
0001 0005 1711701560377 -39.0 -57.5 5.307573526084319 18
0001 0015 1711701560377 6.5 -58.0 1.239456476611598 18
0001 0009 1711701560377 -22.75 -62.0 3.9453985864418692 18
0001 0006 1711701560378 123.6875 -68.0 3.32567034813607 18
0001 0009 1711701560598 -26.0 -61.5 3.9576704327449543 18
0001 0007 1711701560598 0.0 -54.5 1.748738098189631 18
0001 0004 1711701560599 0.0 -52.5 5.3627968344482015 18
0001 0001 1711701560599 -22.75 -52.0 5.1725832167503825 18
0001 0010 1711701560600 -3.25 -54.0 5.283029833478148 18
0001 0015 1711701560600 16.25 -58.0 1.2087768608538851 18
0001 0008 1711701560600 22.75 -62.0 0.0674951546669682 18
0001 0005 1711701560601 26.0 -58.0 5.1725832167503825 18
0001 0012 1711701560601 -6.5 -60.5 4.123340357836604 18
0001 0011 1711701560602 -13.0 -52.5 3.77972866135022 18
0001 0013 1711701560602 -6.5 -58.5 2.4911847995262812 18
0001 0006 1711701560603 9.75 -68.5 3.509748042682347 18
0001 0007 1711701560603 0.0 -54.5 1.7241944055834606 18
0001 0013 1711701560603 32.5 -58.5 2.4175537217077703 18
0001 0010 1711701560604 -3.25 -54.0 5.246214294568893 18
0001 0008 1711701560604 -35.75 -63.0 0.1349903093339364 18
0001 0015 1711701560605 3.25 -58.0 1.2026409377023426 18
0001 0001 1711701560605 0.0 -52.0 5.092816215780329 18
0001 0005 1711701560606 -58.5625 -58.0 5.301437602932776 18
0001 0012 1711701560606 -9.75 -60.5 4.1172044346850605 18
0001 0011 1711701560606 -6.5 -52.5 3.706097583531709 18
0001 0009 1711701560607 -26.0 -61.0 3.9638063558964967 18
0001 0004 1711701560607 19.5 -52.5 5.283029833478148 18
0001 0006 1711701560608 -65.0625 -67.5 3.5036121195308043 18
0001 0005 1711701560830 -26.0 -57.5 5.184855063053467 18
0001 0007 1711701560831 -16.25 -55.0 1.6935147898257479 18
0001 0008 1711701560831 -29.25 -62.5 0.09203884727313846 18
0001 0009 1711701560832 -6.5 -61.0 3.8717675086233583 18
0001 0015 1711701560832 -3.25 -58.0 1.1903690913992575 18
0001 0010 1711701560832 -6.5 -54.0 5.178719139901925 18
0001 0011 1711701560833 0.0 -52.5 3.6692820446224537 18
0001 0012 1711701560833 -32.5 -60.5 4.135612204139688 18
0001 0013 1711701560834 13.0 -58.5 2.399145952253143 18
0001 0001 1711701560834 -13.0 -52.0 5.086680292628786 18
0001 0004 1711701560835 -22.75 -52.5 5.270757987175063 18
0001 0006 1711701560835 45.5625 -68.0 3.1906800388021335 18
0001 0006 1711701560836 39.0 -68.0 3.0250101137104846 18
0001 0015 1711701560837 19.5 -58.0 1.1719613219446299 18
0001 0004 1711701560837 3.25 -52.5 5.1725832167503825 18
0001 0012 1711701560838 -42.3125 -60.0 4.1172044346850605 18
0001 0010 1711701560838 -13.0 -54.0 5.098952138931871 18
0001 0005 1711701560838 -13.0 -58.0 5.062136600022616 18
0001 0013 1711701560839 35.75 -58.5 2.313243028131547 18
0001 0008 1711701560839 -22.75 -63.0 0.030679615757712823 18
0001 0007 1711701560840 -6.5 -55.0 1.607611865704152 18
0001 0009 1711701560840 6.5 -61.0 3.816544200259475 18
0001 0001 1711701560840 -19.5 -52.0 5.043728830567988 18
0001 0011 1711701560841 -3.25 -52.0 3.6201946594101133 18
0001 0013 1711701561060 3.25 -58.5 2.356194490192345 18
0001 0010 1711701561061 19.5 -54.0 5.013049214810275 18
0001 0007 1711701561061 -29.25 -55.0 1.6260196351587797 18
0001 0012 1711701561062 52.0625 -60.0 3.9638063558964967 18
0001 0001 1711701561062 -19.5 -52.5 4.9823695990525625 18
0001 0015 1711701561062 19.5 -58.0 1.1351457830353744 18
0001 0008 1711701561063 -52.0625 -62.0 0.018407769454627694 18
0001 0009 1711701561063 -16.25 -60.0 3.9085830475326135 18
0001 0005 1711701561064 -13.0 -57.5 5.031456984264903 18
0001 0011 1711701561065 3.25 -52.5 3.552699504743145 18
0001 0004 1711701561065 -3.25 -52.5 5.111223985234957 18
0001 0006 1711701561065 -45.5625 -67.5 3.1354567304382504 18
0001 0011 1711701561066 -6.5 -52.5 3.5158839658338894 18
0001 0001 1711701561066 -3.25 -52.5 4.908738521234052 18
0001 0012 1711701561067 -13.0 -60.0 4.0128937411088375 18
0001 0006 1711701561067 -26.0 -68.0 3.0925052683774528 18
0001 0009 1711701561068 -29.25 -59.0 3.9638063558964967 18
0001 0015 1711701561068 -3.25 -58.0 1.1658253987930873 18
0001 0004 1711701561068 -19.5 -52.5 5.092816215780329 18
0001 0008 1711701561069 -39.0 -62.5 6.22182607566416 18
0001 0013 1711701561069 35.75 -58.5 2.2396119503130363 18
0001 0010 1711701561070 6.5 -54.0 4.970097752749477 18
0001 0005 1711701561070 9.75 -57.5 4.933282213840222 18
0001 0007 1711701561070 29.25 -55.5 1.4848934026733007 18
