0001 0011 1711613199537 6.5 -53.5 0.2699806186678728 15
0001 0007 1711613199538 -6.5 -64.5 4.755340442445488 15
0001 0006 1711613199539 16.25 -62.5 1.6382914814618648 15
0001 0007 1711613199539 9.75 -64.0 4.755340442445488 15
0001 0010 1711613199541 9.75 -56.0 3.859495662320273 15
0001 0005 1711613199541 -22.75 -60.5 3.1661363461959633 15
0001 0012 1711613199542 -22.75 -67.5 5.66959299202533 15
0001 0015 1711613199542 -29.25 -57.5 3.5158839658338894 15
0001 0006 1711613199543 19.5 -62.5 1.564660403643354 15
0001 0009 1711613199544 -22.75 -57.5 2.2150682577068657 15
0001 0011 1711613199545 22.75 -54.0 0.2638446955163303 15
0001 0001 1711613199546 -26.8125 -75.0 5.755495916146925 15
0001 0015 1711613199546 6.5 -57.5 3.448388811166921 15
0001 0009 1711613199547 0.0 -58.0 2.2212041808584084 15
0001 0007 1711613199547 -16.25 -63.5 4.828971520263998 15
0001 0005 1711613199548 -26.0 -60.5 3.2029518851052186 15
0001 0011 1711613199549 6.5 -54.0 0.30066023442558565 15
0001 0010 1711613199549 -19.5 -56.0 3.8840393549264434 15
0001 0006 1711613199550 16.25 -61.5 1.6137477888556946 15
0001 0012 1711613199550 16.25 -67.5 5.66959299202533 15
0001 0001 1711613199772 -5.4375 -76.0 5.773903685601553 15
0001 0015 1711613199772 -13.0 -57.5 3.472932503773092 15
0001 0009 1711613199773 48.8125 -58.0 2.2089323345553233 15
0001 0010 1711613199774 -9.75 -56.0 3.8963112012295285 15
0001 0007 1711613199774 -6.5 -63.5 4.8351074434155406 15
0001 0012 1711613199775 -42.3125 -68.0 5.755495916146925 15
0001 0011 1711613199775 0.0 -54.0 0.3190680038802134 15
0001 0006 1711613199776 -22.75 -62.5 1.705786636128833 15
0001 0005 1711613199777 13.0 -60.5 3.1661363461959633 15
0001 0001 1711613199777 2.4375 -76.0 5.8475347634200645 15
0001 0006 1711613199778 71.5625 -62.0 1.5462526341887264 15
0001 0015 1711613199778 6.5 -58.0 3.485204350076177 15
0001 0007 1711613199780 -35.75 -63.5 4.792155981354743 15
0001 0010 1711613199780 6.5 -56.0 3.8840393549264434 15
0001 0009 1711613199781 -13.0 -58.0 2.3009711818284617 15
0001 0011 1711613199782 9.75 -53.5 0.30679615757712825 15
0001 0005 1711613199782 -22.75 -60.5 3.184544115650591 15
0001 0012 1711613199783 39.0 -67.5 5.7616318392984684 15
0001 0001 1711613199800 20.125 -75.5 5.927301764390117 15
0001 0009 1711613200006 3.25 -58.5 2.2948352586769194 15
0001 0005 1711613200006 -61.8125 -60.5 3.2765829629237295 15
0001 0011 1711613200007 -13.0 -54.0 0.3313398501832985 15
0001 0007 1711613200007 39.0 -63.5 4.718524903536232 15
0001 0012 1711613200008 -71.5625 -67.0 5.890486225480862 15
0001 0006 1711613200008 32.5 -62.5 1.6505633277649499 15
0001 0010 1711613200009 16.25 -56.0 3.859495662320273 15
0001 0015 1711613200009 6.5 -57.0 3.479068426924634 15
0001 0001 1711613200010 -18.25 -76.0 6.050020227420969 15
0001 0012 1711613200011 -32.5 -67.5 5.681864838328415 15
0001 0005 1711613200011 -61.8125 -60.5 3.2704470397721868 15
0001 0007 1711613200012 -42.3125 -63.5 4.865787059173254 15
0001 0010 1711613200013 -16.25 -56.0 3.9147189706841563 15
0001 0011 1711613200013 -3.25 -53.5 0.3190680038802134 15
0001 0009 1711613200014 -32.5 -58.0 2.350058567040802 15
0001 0015 1711613200015 -16.25 -57.0 3.5158839658338894 15
0001 0006 1711613200015 35.75 -62.5 1.6689710972195777 15
0001 0001 1711613200050 -4.25 -76.5 5.927301764390117 15
0001 0012 1711613200232 16.25 -67.5 5.700272607783043 15
0001 0011 1711613200233 -3.25 -54.0 0.3129320807286708 15
0001 0007 1711613200233 26.0 -64.0 4.73693267299086 15
0001 0009 1711613200234 6.5 -58.5 2.2886993355253766 15
0001 0010 1711613200234 0.0 -56.5 3.8840393549264434 15
0001 0006 1711613200235 52.0625 -62.0 1.5707963267948966 15
0001 0015 1711613200235 -58.5625 -58.0 3.5772431973493153 15
0001 0005 1711613200236 3.25 -60.5 3.1906800388021335 15
0001 0001 1711613200237 42.6875 -76.0 5.8045833013592665 15
0001 0007 1711613200237 -91.125 -63.5 5.00077736850719 15
0001 0010 1711613200238 -6.5 -56.0 3.8963112012295285 15
0001 0011 1711613200238 0.0 -54.0 0.3313398501832985 15
0001 0009 1711613200240 22.75 -58.0 2.1966604882522383 15
0001 0006 1711613200240 6.5 -62.5 1.607611865704152 15
0001 0015 1711613200241 0.0 -57.5 3.472932503773092 15
0001 0005 1711613200242 -9.75 -60.5 3.1784081924990484 15
0001 0012 1711613200257 -68.3125 -68.0 5.810719224510809 15
0001 0001 1711613200310 15.8125 -76.5 5.786175531904639 15
0001 0006 1711613200461 -45.5625 -62.5 1.6996507129772904 15
0001 0009 1711613200461 6.5 -58.0 2.227340104009951 15
0001 0012 1711613200462 -16.25 -67.5 5.632777453116074 15
0001 0007 1711613200462 -91.125 -63.5 4.921010367537137 15
0001 0010 1711613200463 -22.75 -56.0 3.8840393549264434 15
0001 0011 1711613200463 3.25 -54.0 0.3129320807286708 15
0001 0005 1711613200464 -3.25 -60.0 3.1784081924990484 15
0001 0015 1711613200464 -6.5 -57.5 3.5036121195308043 15
0001 0001 1711613200465 18.875 -76.0 2.5034566458293663 15
0001 0006 1711613200465 26.0 -62.5 1.6382914814618648 15
0001 0009 1711613200466 -26.0 -57.5 2.2457478734645786 15
0001 0011 1711613200466 0.0 -54.0 0.28838838812250056 15
0001 0005 1711613200467 -42.3125 -60.5 3.184544115650591 15
0001 0010 1711613200468 6.5 -56.0 3.847223816017188 15
0001 0015 1711613200469 16.25 -58.0 3.479068426924634 15
0001 0007 1711613200469 42.3125 -64.0 4.718524903536232 15
0001 0012 1711613200470 0.0 -67.5 5.595961914206819 15
0001 0001 1711613200562 -12.8125 -76.0 6.013204688511713 15
0001 0012 1711613200690 -19.5 -68.0 5.749359992995383 15
0001 0010 1711613200690 -19.5 -56.0 3.8717675086233583 15
0001 0005 1711613200691 -65.0625 -60.5 3.2520392703175593 15
0001 0007 1711613200691 -26.0 -63.5 4.865787059173254 15
0001 0009 1711613200692 -19.5 -58.0 2.1966604882522383 15
0001 0006 1711613200692 58.5625 -62.5 1.564660403643354 15
0001 0015 1711613200693 -35.75 -57.5 3.552699504743145 15
0001 0011 1711613200693 13.0 -54.0 0.30679615757712825 15
0001 0001 1711613200694 -17.0625 -76.0 2.736621725587984 15
0001 0007 1711613200694 -22.75 -64.0 4.884194828627882 15
0001 0011 1711613200695 -19.5 -54.0 0.32520392703175593 15
0001 0010 1711613200695 -6.5 -56.0 3.865631585471816 15
0001 0006 1711613200696 -6.5 -63.0 1.6689710972195777 15
0001 0005 1711613200697 -26.0 -60.5 3.184544115650591 15
0001 0009 1711613200697 -13.0 -57.5 2.1659808724945253 15
0001 0012 1711613200698 -42.3125 -67.5 5.798447378207723 15
0001 0015 1711613200698 -6.5 -57.5 3.4913402732277192 15
0001 0001 1711613200810 22.5625 -76.0 5.749359992995383 15
0001 0011 1711613200811 -6.5 -54.0 0.2945243112740431 15
0001 0007 1711613200811 0.0 -64.0 4.841243366567084 15
0001 0010 1711613200815 -39.0 -56.0 3.8963112012295285 15
0001 0015 1711613200816 9.75 -57.5 3.4606606574700063 15
0001 0009 1711613200816 -39.0 -57.5 2.227340104009951 15
0001 0005 1711613200817 -6.5 -61.0 3.153864499892878 15
0001 0006 1711613200818 39.0 -63.0 1.6014759425526093 15
0001 0012 1711613200818 29.25 -67.0 5.767767762450011 15
0001 0001 1711613201038 -19.5 -77.0 5.890486225480862 15
0001 0006 1711613201039 29.25 -62.5 1.6566992509164924 15
0001 0009 1711613201040 -3.25 -57.5 2.1475731030398975 15
0001 0005 1711613201041 22.75 -60.5 3.098641191528995 15
0001 0011 1711613201041 29.25 -54.0 0.2699806186678728 15
0001 0012 1711613201042 -84.625 -67.5 5.853670686571607 15
0001 0007 1711613201043 13.0 -63.5 4.724660826687775 15
0001 0015 1711613201044 29.25 -57.5 3.454524734318464 15
0001 0010 1711613201044 -29.25 -56.0 3.890175278077986 15
0001 0001 1711613201044 -7.875 -76.5 2.6691265709210157 15
0001 0011 1711613201045 16.25 -54.0 0.2699806186678728 15
0001 0010 1711613201046 -35.75 -56.0 3.8963112012295285 15
0001 0015 1711613201047 19.5 -57.5 3.479068426924634 15
0001 0009 1711613201047 -6.5 -57.5 2.184388641949153 15
0001 0012 1711613201048 22.75 -68.0 5.608233760509904 15
0001 0005 1711613201048 26.0 -60.5 3.129320807286708 15
0001 0006 1711613201049 52.0625 -63.0 1.5953400194010667 15
0001 0007 1711613201049 -81.375 -64.0 4.945554060143307 15
0001 0001 1711613201272 1.1875 -76.5 5.994796919057086 15
0001 0005 1711613201273 16.25 -60.5 3.160000423044421 15
0001 0009 1711613201273 29.25 -57.5 2.141437179888355 15
0001 0011 1711613201274 -6.5 -54.0 0.28838838812250056 15
0001 0006 1711613201274 6.5 -62.5 1.6812429435226628 15
0001 0007 1711613201274 -35.75 -63.5 4.865787059173254 15
0001 0010 1711613201275 13.0 -56.0 3.8410878928656453 15
0001 0012 1711613201275 -68.3125 -67.5 5.786175531904639 15
0001 0015 1711613201276 -22.75 -57.5 3.485204350076177 15
0001 0001 1711613201276 2.4375 -77.0 5.853670686571607 15
0001 0007 1711613201276 -61.8125 -64.0 5.013049214810275 15
0001 0009 1711613201277 -9.75 -58.0 2.2334760271614935 15
0001 0011 1711613201277 0.0 -54.0 0.28838838812250056 15
0001 0010 1711613201278 -3.25 -56.5 3.822680123411018 15
0001 0012 1711613201278 -78.0625 -67.0 5.786175531904639 15
0001 0015 1711613201278 13.0 -58.0 3.4177091954092087 15
0001 0005 1711613201279 -32.5 -60.5 3.485204350076177 15
0001 0006 1711613201279 87.875 -63.0 1.4848934026733007 15
0001 0009 1711613201486 19.5 -57.0 2.2457478734645786 15
0001 0010 1711613201487 -19.5 -57.0 3.761320891895592 15
0001 0007 1711613201487 26.0 -64.5 5.074408446325701 15
0001 0011 1711613201488 -6.5 -54.5 0.14726215563702155 15
0001 0006 1711613201488 -29.25 -64.0 1.5278448647340985 15
0001 0012 1711613201488 -113.875 -65.5 5.71868037723767 15
0001 0015 1711613201489 -9.75 -57.5 3.356349963893783 15
0001 0005 1711613201489 9.75 -61.0 4.0558452031696355 15
0001 0006 1711613201490 3.25 -65.5 1.4603497100671303 15
0001 0009 1711613201490 -3.25 -57.5 2.2518837966161214 15
0001 0005 1711613201491 -71.5625 -61.5 5.301437602932776 15
0001 0011 1711613201491 6.5 -57.0 0.07363107781851078 15
0001 0010 1711613201491 -13.0 -59.0 3.6201946594101133 15
0001 0015 1711613201492 9.75 -57.0 3.2888548092268146 15
0001 0012 1711613201492 -68.3125 -64.0 5.878214379177777 15
0001 0007 1711613201493 35.75 -65.0 5.921165841238575 15
0001 0001 1711613201737 -0.4375 -77.0 4.651029748869264 15
0001 0011 1711613201737 9.75 -59.5 5.988660995905543 15
0001 0007 1711613201737 19.5 -63.5 6.2034183062095325 15
0001 0012 1711613201738 -45.5625 -65.5 0.006135923151542565 15
0001 0005 1711613201738 29.25 -63.5 0.619728238305799 15
0001 0006 1711613201739 22.75 -65.0 1.3314953238847365 15
0001 0009 1711613201740 13.0 -54.0 2.024854640009046 15
0001 0010 1711613201740 -6.5 -61.0 3.767456815047135 15
0001 0015 1711613201741 9.75 -57.0 3.4177091954092087 15
0001 0001 1711613201741 123.6875 -74.0 4.933282213840222 15
0001 0000 1711613201741 -9.125 -77.5 4.81056375080937 15
0001 0006 1711613201742 78.0625 -66.5 1.6873788666742053 15
0001 0005 1711613201742 -55.3125 -66.5 1.282407938672396 15
0001 0015 1711613201743 -9.75 -58.0 3.724505352986337 15
0001 0011 1711613201743 42.3125 -64.5 5.853670686571607 15
0001 0002 1711613201744 -27.625 -69.0 1.6873788666742053 15
0001 0001 1711613201744 -201.8125 -72.5 1.705786636128833 15
0001 0007 1711613201744 22.75 -64.5 6.227961998815704 15
0001 0010 1711613201745 32.5 -66.5 3.6815538909255388 15
0001 0009 1711613201745 32.5 -54.5 1.3928545554001621 15
0001 0012 1711613201746 48.8125 -67.0 5.964117303299373 15
0001 0004 1711613201746 -48.8125 -65.0 3.834951969714103 15
0001 0008 1711613201800 5.0 -68.5 4.657165672020807 15
0001 0000 1711613202050 0.4375 -72.0 0.5890486225480862 15
0001 0015 1711613202051 -9.75 -58.0 3.663146121470911 15
0001 0009 1711613202051 32.5 -59.0 1.1596894756415448 15
0001 0007 1711613202051 35.75 -66.5 5.945709533844745 15
0001 0004 1711613202052 -19.5 -65.0 4.847379289718626 15
0001 0008 1711613202052 3.25 -62.5 4.362641360746763 15
0001 0000 1711613202053 9.75 -69.0 3.5465635815916023 15
0001 0005 1711613202053 0.0 -70.0 0.1595340019401067 15
0001 0008 1711613202054 -39.0 -59.5 4.816699673960914 15
0001 0009 1711613202055 29.25 -62.5 1.0676506283684062 15
0001 0015 1711613202055 -39.0 -58.5 3.6999616603801666 15
0001 0005 1711613202056 13.0 -68.5 0.3129320807286708 15
0001 0004 1711613202056 -126.9375 -68.0 6.191146459906448 15
0001 0008 1711613202301 -17.0625 -57.5 4.957825906446392 15
0001 0009 1711613202301 78.0625 -63.5 1.0676506283684062 15
0001 0015 1711613202302 13.0 -58.5 3.5956509668039427 15
0001 0005 1711613202302 -13.0 -65.5 1.0676506283684062 15
0001 0004 1711613202302 -94.375 -68.5 0.07976700097005335 15
0001 0005 1711613202303 -29.25 -64.0 1.2578642460662257 15
0001 0008 1711613202303 7.3125 -57.0 5.013049214810275 15
0001 0009 1711613202304 -58.5625 -65.5 1.4051264017032472 15
0001 0004 1711613202304 22.75 -68.0 0.018407769454627694 15
0001 0015 1711613202305 -19.5 -58.5 3.6386024288647407 15
0001 0007 1711613202551 -1.75 -73.0 4.792155981354743 15
0001 0004 1711613202551 -35.75 -67.5 0.1718058482431918 15
0001 0015 1711613202551 -19.5 -58.0 3.6386024288647407 15
0001 0008 1711613202551 -41.5 -57.0 5.117359908386499 15
0001 0009 1711613202552 19.5 -65.0 1.3314953238847365 15
0001 0005 1711613202552 9.75 -64.0 1.2333205534600555 15
0001 0007 1711613202553 -0.4375 -72.5 4.718524903536232 15
0001 0005 1711613202553 -16.25 -64.0 1.1719613219446299 15
0001 0015 1711613202553 -29.25 -58.0 3.6447383520162835 15
0001 0004 1711613202554 -3.25 -67.5 0.18407769454627693 15
0001 0008 1711613202554 10.5625 -57.0 4.97623367590102 15
0001 0009 1711613202555 13.0 -65.0 1.3314953238847365 15
0001 0007 1711613202800 -0.4375 -72.5 4.669437518323892 15
0001 0009 1711613202800 -35.75 -64.0 1.380582709097077 15
0001 0008 1711613202802 3.25 -57.0 5.019185137961818 15
0001 0015 1711613202802 9.75 -58.0 3.5772431973493153 15
0001 0004 1711613202802 -22.75 -68.0 0.20248546400090464 15
0001 0005 1711613202803 -32.5 -64.0 1.1167380135807468 15
0001 0004 1711613202803 -71.5625 -67.0 0.25157284921324513 15
0001 0015 1711613202804 19.5 -58.0 3.5895150436524004 15
0001 0009 1711613202804 -58.5625 -64.0 1.4603497100671303 15
0001 0008 1711613202804 -21.125 -57.0 5.080544369477243 15
0001 0005 1711613202805 22.75 -64.5 0.9633399347921826 15
0001 0009 1711613203060 61.8125 -65.0 1.1719613219446299 15
0001 0004 1711613203061 84.625 -67.0 0.11044661672776616 15
0001 0008 1711613203061 0.0 -57.0 5.0253210611133605 15
0001 0005 1711613203062 13.0 -64.0 0.9510680884890975 15
0001 0015 1711613203062 -16.25 -58.0 3.6140587362585705 15
0001 0004 1711613203062 0.0 -67.0 0.25157284921324513 15
0001 0005 1711613203063 19.5 -64.0 0.9510680884890975 15
0001 0008 1711613203063 0.0 -57.0 5.043728830567988 15
0001 0009 1711613203064 22.75 -65.0 1.1290098598838318 15
0001 0015 1711613203064 -39.0 -58.0 3.6447383520162835 15
0001 0008 1711613203065 -17.0625 -57.0 5.098952138931871 15
0001 0004 1711613203065 -52.0625 -67.5 0.3865631585471816 15
0001 0015 1711613203066 32.5 -58.5 3.5465635815916023 15
0001 0005 1711613203066 52.0625 -64.0 0.8897088569736719 15
0001 0009 1711613203067 9.75 -65.0 1.1903690913992575 15
0001 0015 1711613203301 3.25 -58.0 3.56497135104623 15
0001 0008 1711613203301 -3.25 -57.0 5.264622064023521 15
0001 0009 1711613203301 -39.0 -64.5 1.000155473701438 15
0001 0004 1711613203302 -22.75 -68.0 6.160466844148735 15
0001 0005 1711613203302 65.0625 -63.5 0.9265243958829272 15
0001 0007 1711613203302 -1.75 -73.0 4.442408361716817 15
0001 0005 1711613203302 48.8125 -64.0 0.8774370106705868 15
0001 0015 1711613203303 -26.0 -58.0 3.6263305825616556 15
0001 0004 1711613203303 39.0 -67.5 6.019340611663256 15
0001 0009 1711613203303 0.0 -65.0 0.9756117810952678 15
0001 0008 1711613203304 -10.5625 -57.5 5.289165756629691 15
0001 0007 1711613203550 -1.4375 -73.0 4.516039439535327 15
0001 0009 1711613203550 3.25 -64.0 0.9572040116406401 15
0001 0015 1711613203550 -16.25 -58.0 3.5833791205008576 15
0001 0008 1711613203551 -29.25 -57.0 5.307573526084319 15
0001 0005 1711613203551 13.0 -64.0 0.9817477042468103 15
0001 0004 1711613203551 -9.75 -66.5 6.086835766330224 15
0001 0007 1711613203552 4.0 -72.5 4.276738436625168 15
0001 0015 1711613203552 0.0 -58.0 3.5895150436524004 15
0001 0009 1711613203552 166.0 -65.0 0.7669903939428205 15
0001 0004 1711613203553 32.5 -67.0 5.994796919057086 15
0001 0008 1711613203553 0.0 -57.5 5.283029833478148 15
0001 0005 1711613203554 39.0 -64.0 0.8958447801252144 15
0001 0008 1711613203800 13.0 -57.5 5.2339424482658075 15
0001 0015 1711613203800 -16.25 -58.0 3.5895150436524004 15
0001 0009 1711613203800 19.5 -65.0 0.9019807032767571 15
0001 0004 1711613203801 -61.8125 -67.0 6.14819499784565 15
0001 0005 1711613203801 -26.0 -63.5 0.9878836273983529 15
0001 0007 1711613203801 1.0625 -73.0 1.1351457830353744 15
0001 0004 1711613203802 -74.8125 -66.5 6.2034183062095325 15
0001 0008 1711613203802 3.25 -57.5 5.264622064023521 15
0001 0009 1711613203803 -52.0625 -64.5 1.0492428589137786 15
0001 0015 1711613203804 16.25 -58.0 3.5342917352885173 15
0001 0005 1711613203804 22.75 -64.5 0.9203884727313847 15
0001 0007 1711613204050 2.875 -72.5 4.1601558967458585 15
0001 0005 1711613204050 -19.5 -64.0 0.9633399347921826 15
0001 0015 1711613204051 -6.5 -58.0 3.5895150436524004 15
0001 0009 1711613204051 32.5 -64.5 0.8713010875190442 15
0001 0008 1711613204051 -19.5 -57.0 5.258486140871978 15
0001 0004 1711613204052 -55.3125 -67.0 6.092971689481767 15
0001 0007 1711613204052 -1.75 -73.0 4.387185053352934 15
0001 0009 1711613204052 -19.5 -64.5 1.000155473701438 15
0001 0008 1711613204053 -10.5625 -57.0 5.227806525114265 15
0001 0005 1711613204053 16.25 -63.5 0.9203884727313847 15
0001 0015 1711613204053 -32.5 -58.0 3.6324665057131984 15
0001 0004 1711613204054 139.9375 -67.0 5.8659425328746915 15
0001 0007 1711613204298 1.0625 -73.0 1.0737865515199487 15
0001 0004 1711613204298 42.3125 -67.0 6.025476534814799 15
0001 0005 1711613204298 29.25 -64.0 0.8958447801252144 15
0001 0015 1711613204299 16.25 -58.5 3.5588354278946874 15
0001 0008 1711613204299 13.8125 -57.0 5.209398755659637 15
0001 0009 1711613204299 9.75 -65.0 0.8651651643675016 15
0001 0007 1711613204300 0.8125 -72.5 1.214912784005428 15
0001 0015 1711613204300 6.5 -58.0 3.5895150436524004 15
0001 0008 1711613204300 0.0 -57.5 5.240078371417351 15
0001 0005 1711613204301 48.8125 -64.0 0.8774370106705868 15
0001 0004 1711613204301 94.375 -67.5 5.915029918087033 15
0001 0009 1711613204301 -58.5625 -64.0 0.9633399347921826 15
