0001 0008 1711435898674 74.8125 -67.0 5.424156065963627 3
0001 0009 1711435898683 26.0 -59.5 0.607456392002714 3
0001 0015 1711435898684 -9.75 -56.0 4.295146206079795 3
0001 0004 1711435898684 -110.625 -68.5 4.706253057233147 3
0001 0005 1711435898685 45.5625 -65.5 1.8223691760081417 3
0001 0006 1711435898685 16.4375 -76.0 5.307573526084319 3
0001 0001 1711435898686 25.625 -76.5 1.8346410223112268 3
0001 0009 1711435898686 6.5 -59.5 0.6135923151542565 3
0001 0008 1711435898687 -27.625 -66.5 5.43029198911517 3
0001 0015 1711435898687 -19.5 -56.0 4.368777283898306 3
0001 0005 1711435898688 -78.0625 -65.5 2.0923497946760143 3
0001 0004 1711435898688 -16.25 -69.0 4.491495746929157 3
0001 0001 1711435898688 -7.3125 -76.0 5.1725832167503825 3
0001 0006 1711435898689 -25.625 -76.5 5.45483568172134 3
0001 0015 1711435898892 9.75 -56.0 4.313553975534423 3
0001 0004 1711435898893 -130.1875 -68.0 4.71238898038469 3
0001 0009 1711435898894 19.5 -59.5 0.6320000846088841 3
0001 0005 1711435898895 -55.3125 -65.5 1.9696313316451632 3
0001 0008 1711435898896 87.0625 -67.0 5.295301679781233 3
0001 0001 1711435898897 12.1875 -76.5 1.846912868614312 3
0001 0006 1711435898898 -6.6875 -76.0 5.497787143782138 3
0001 0009 1711435898899 55.3125 -59.5 0.5460971604872883 3
0001 0004 1711435898900 78.0625 -68.5 4.399456899656019 3
0001 0015 1711435898901 -6.5 -56.0 4.338097668140593 3
0001 0008 1711435898902 -100.875 -67.5 5.540738605842936 3
0001 0005 1711435898903 71.5625 -65.0 1.7548740213411735 3
0001 0001 1711435898905 -4.25 -76.0 1.9757672547967058 3
0001 0006 1711435898906 -1.8125 -76.5 2.270291566070749 3
0001 0008 1711435899142 -55.3125 -67.5 5.473243451175968 3
0001 0015 1711435899143 -9.75 -56.0 4.338097668140593 3
0001 0009 1711435899143 29.25 -59.5 0.5645049299419159 3
0001 0005 1711435899144 -74.8125 -65.5 1.945087639038993 3
0001 0004 1711435899145 -214.8125 -68.5 4.859651136021712 3
0001 0006 1711435899147 3.0 -76.5 5.227806525114265 3
0001 0001 1711435899147 3.625 -76.5 1.8285050991596843 3
0001 0015 1711435899149 -13.0 -56.0 4.344233591292136 3
0001 0008 1711435899150 121.25 -67.0 5.240078371417351 3
0001 0004 1711435899151 16.25 -68.5 4.479223900626073 3
0001 0009 1711435899152 -29.25 -59.5 0.6504078540635119 3
0001 0005 1711435899153 78.0625 -66.0 1.7671458676442586 3
0001 0001 1711435899153 10.9375 -76.5 1.8407769454627694 3
0001 0006 1711435899154 14.0 -76.0 5.2768939103266055 3
0001 0005 1711435899391 13.0 -66.0 1.8285050991596843 3
0001 0015 1711435899392 -6.5 -56.0 4.344233591292136 3
0001 0008 1711435899393 34.9375 -67.0 5.313709449235861 3
0001 0004 1711435899394 -136.6875 -69.0 4.657165672020807 3
0001 0009 1711435899395 26.0 -59.5 0.6135923151542565 3
0001 0006 1711435899395 38.4375 -76.5 2.12916533358527 3
0001 0001 1711435899396 -8.5 -76.5 1.846912868614312 3
0001 0015 1711435899397 -3.25 -56.0 4.331961744989051 3
0001 0004 1711435899398 -175.75 -69.0 4.7307967498393175 3
0001 0005 1711435899399 3.25 -66.5 1.8714565612204823 3
0001 0008 1711435899400 13.0 -68.0 5.387340527054372 3
0001 0009 1711435899401 26.0 -59.5 0.6381360077604268 3
0001 0001 1711435899402 14.0 -76.5 1.736466251886546 3
0001 0006 1711435899403 20.125 -76.5 5.283029833478148 3
0001 0004 1711435899642 -42.3125 -68.5 4.516039439535327 3
0001 0005 1711435899643 26.0 -66.0 1.8346410223112268 3
0001 0015 1711435899644 -13.0 -56.0 4.344233591292136 3
0001 0008 1711435899645 -10.5625 -68.0 5.43029198911517 3
0001 0009 1711435899646 22.75 -59.5 0.6258641614573416 3
0001 0006 1711435899647 10.9375 -76.5 5.307573526084319 3
0001 0001 1711435899648 10.9375 -76.5 1.8837284075235674 3
0001 0008 1711435899649 -41.5 -68.5 5.460971604872882 3
0001 0015 1711435899649 6.5 -56.0 4.3074180523828804 3
0001 0004 1711435899650 -35.75 -68.5 4.442408361716817 3
0001 0009 1711435899651 22.75 -60.0 0.6504078540635119 3
0001 0005 1711435899652 -16.25 -65.5 1.945087639038993 3
0001 0001 1711435899653 -33.3125 -76.5 5.1204278699622705 3
0001 0006 1711435899653 14.625 -76.5 2.1659808724945253 3
0001 0009 1711435899892 22.75 -59.5 0.8099418560036186 3
0001 0015 1711435899892 -32.5 -56.5 4.319689898685965 3
0001 0005 1711435899893 35.75 -68.5 2.0371264863121317 3
0001 0004 1711435899894 -126.9375 -67.0 4.614214209960009 3
0001 0006 1711435899895 78.9375 -75.0 2.0586022173425302 3
0001 0001 1711435899896 3.25 -75.0 5.706408530934585 3
0001 0008 1711435899897 -6.25 -71.5 4.3503695144436785 3
0001 0007 1711435899898 1.1875 -71.5 0.8344855486097889 3
0001 0014 1711435899898 2.4375 -70.5 5.074408446325701 3
0001 0007 1711435899899 42.3125 -61.0 1.0983302441261191 3
0001 0014 1711435899900 39.0 -66.0 5.227806525114265 3
0001 0015 1711435899901 6.5 -58.5 3.6876898140770815 3
0001 0008 1711435899902 38.1875 -65.0 1.8530487917658545 3
0001 0005 1711435899903 3.25 -65.0 3.104777114680538 3
0001 0001 1711435899904 133.4375 -72.5 5.154175447295755 3
0001 0009 1711435900082 2.125 -64.0 3.442252888015379 3
0001 0004 1711435900083 -3.0 -76.0 6.105243535784852 3
0001 0006 1711435900084 -1.5 -77.0 0.380427235395639 3
0001 0010 1711435900084 0.0 -63.5 3.5465635815916023 3
0001 0006 1711435900085 -179.0 -70.0 4.7860200582032 3
0001 0009 1711435900086 9.75 -53.0 5.915029918087033 3
0001 0001 1711435900087 -100.875 -68.5 2.804116880254952 3
0001 0004 1711435900087 -175.75 -71.0 3.761320891895592 3
0001 0014 1711435900089 0.0 -62.0 4.608078286808466 3
0001 0015 1711435900090 -26.0 -59.5 3.693825737228624 3
0001 0011 1711435900090 9.75 -60.5 3.11091303783208 3
0001 0005 1711435900091 -1.1875 -71.5 1.2455923997631406 3
0001 0000 1711435900092 3.9375 -76.5 4.945554060143307 3
0001 0007 1711435900093 -1.5 -71.5 6.191146459906448 3
0001 0008 1711435900094 -4.375 -71.5 0.8651651643675016 3
0001 0001 1711435900094 -42.3125 -67.0 6.154330920997192 3
0001 0015 1711435900095 -42.3125 -60.5 3.3870295796514958 3
0001 0014 1711435900096 -26.0 -64.5 3.2397674240144743 3
0001 0004 1711435900097 -22.75 -64.5 0.5154175447295755 3
0001 0011 1711435900098 81.375 -67.5 5.651185222570702 3
0001 0010 1711435900099 -26.0 -59.5 3.7429131224409646 3
0001 0009 1711435900099 13.0 -62.0 6.14819499784565 3
0001 0007 1711435900100 -26.0 -70.0 0.6933593161243098 3
0001 0006 1711435900101 -195.25 -70.5 3.0250101137104846 3
0001 0005 1711435900140 -3.0 -70.5 1.6996507129772904 3
0001 0000 1711435900140 -3.9375 -79.0 0.01227184630308513 3
0001 0008 1711435900340 -2.25 -72.5 4.914874444385594 3
0001 0005 1711435900340 -13.0 -58.5 5.221670601962723 3
0001 0014 1711435900341 19.5 -66.5 2.2457478734645786 3
0001 0009 1711435900342 22.75 -62.5 0.6688156235181395 3
0001 0015 1711435900343 45.5625 -62.5 2.1537090261914402 3
0001 0010 1711435900343 16.25 -60.0 6.092971689481767 3
0001 0000 1711435900344 -107.375 -74.0 1.5155730184310134 3
0001 0001 1711435900345 -84.625 -69.5 0.6320000846088841 3
0001 0008 1711435900346 -3.25 -69.0 4.767612288748572 3
0001 0007 1711435900346 -143.1875 -70.5 3.8717675086233583 3
0001 0004 1711435900347 -0.5625 -74.5 0.02454369260617026 3
0001 0011 1711435900348 -0.5625 -73.5 0.3436116964863836 3
0001 0006 1711435900350 7.625 -72.5 1.2087768608538851 3
0001 0011 1711435900351 19.5 -66.5 3.485204350076177 3
0001 0005 1711435900352 -48.8125 -63.0 4.957825906446392 3
0001 0015 1711435900353 -26.0 -64.5 1.0062913968529805 3
0001 0014 1711435900353 -6.5 -65.5 0.39269908169872414 3
0001 0004 1711435900354 -3.25 -68.5 5.5100589900852235 3
0001 0006 1711435900355 87.875 -66.5 1.7978254834019713 3
0001 0010 1711435900355 3.25 -56.0 4.06811704947272 3
0001 0009 1711435900356 -152.9375 -66.5 3.104777114680538 3
0001 0001 1711435900357 35.75 -64.5 0.1718058482431918 3
0001 0007 1711435900357 -13.0 -70.0 6.1850105367549055 3
0001 0008 1711435900358 -263.625 -72.0 4.23378697456437 3
0001 0015 1711435900569 -19.5 -66.5 0.1043106935762236 3
0001 0012 1711435900570 -13.0 -69.0 4.473087977474529 3
0001 0006 1711435900570 -152.9375 -67.5 2.6691265709210157 3
0001 0005 1711435900571 -13.0 -64.0 4.853515212870168 3
0001 0010 1711435900572 26.0 -56.0 5.295301679781233 3
0001 0004 1711435900572 32.5 -70.0 5.786175531904639 3
0001 0013 1711435900573 29.25 -66.5 1.2210487071569704 3
0001 0001 1711435900574 -35.75 -65.5 5.062136600022616 3
0001 0014 1711435900575 -16.25 -66.0 5.295301679781233 3
0001 0007 1711435900575 48.8125 -66.5 0.4970097752749477 3
0001 0011 1711435900576 -45.5625 -65.0 4.276738436625168 3
0001 0012 1711435900589 6.5 -60.0 0.2086213871524472 3
0001 0015 1711435900590 -55.3125 -66.5 6.1850105367549055 3
0001 0014 1711435900591 -6.5 -66.5 4.908738521234052 3
0001 0005 1711435900591 -22.75 -62.5 4.638757902566179 3
0001 0010 1711435900592 6.5 -57.5 6.074563920027139 3
0001 0001 1711435900593 -172.5 -67.5 4.01902966426038 3
0001 0011 1711435900593 -16.25 -63.5 3.9453985864418692 3
0001 0013 1711435900594 -32.5 -64.0 1.8530487917658545 3
0001 0007 1711435900595 -42.3125 -65.0 0.7915340865489908 3
0001 0004 1711435900595 97.625 -69.5 6.19728238305799 3
0001 0006 1711435900596 -45.5625 -69.0 2.8777479580734626 3
0001 0007 1711435900791 13.0 -64.5 0.9326603190344698 3
0001 0012 1711435900791 29.25 -59.5 0.3313398501832985 3
0001 0001 1711435900792 26.0 -67.5 3.141592653589793 3
0001 0006 1711435900793 3.25 -70.0 3.0066023442558567 3
0001 0005 1711435900793 -16.25 -62.0 4.546719055293041 3
0001 0010 1711435900794 -26.0 -58.5 0.06135923151542565 3
0001 0011 1711435900794 -9.75 -63.5 3.7429131224409646 3
0001 0013 1711435900795 -26.0 -65.0 1.9144080232812801 3
0001 0004 1711435900796 0.0 -68.5 0.3865631585471816 3
0001 0014 1711435900797 71.5625 -66.5 4.804427827657828 3
0001 0015 1711435900798 29.25 -66.0 6.135923151542564 3
0001 0015 1711435900798 -9.75 -66.5 0.09203884727313846 3
0001 0011 1711435900799 -58.5625 -64.0 3.8533597391687304 3
0001 0010 1711435900800 -9.75 -59.0 0.19634954084936207 3
0001 0012 1711435900800 6.5 -58.0 1.2026409377023426 3
0001 0006 1711435900801 55.3125 -69.5 2.9943304979527716 3
0001 0004 1711435900802 87.875 -69.0 0.2454369260617026 3
0001 0007 1711435900802 130.1875 -65.0 0.7792622402459057 3
0001 0005 1711435900803 9.75 -62.0 4.424000592262189 3
0001 0001 1711435900804 26.0 -67.0 3.1354567304382504 3
0001 0014 1711435900804 32.5 -66.0 4.914874444385594 3
0001 0013 1711435900805 -152.9375 -66.5 2.6568547246179306 3
0001 0015 1711435901020 -26.0 -66.0 0.18407769454627693 3
0001 0004 1711435901021 -29.25 -68.0 0.4172427743048944 3
0001 0005 1711435901021 -45.5625 -61.5 4.466952054322987 3
0001 0012 1711435901022 13.0 -58.5 1.4910293258248433 3
0001 0011 1711435901022 -22.75 -63.5 3.9699422790480394 3
0001 0006 1711435901023 -65.0625 -71.5 3.1906800388021335 3
0001 0007 1711435901024 58.5625 -66.0 0.9019807032767571 3
0001 0010 1711435901024 3.25 -59.0 0.39269908169872414 3
0001 0013 1711435901025 -6.5 -67.0 2.6261751088602177 3
0001 0014 1711435901026 65.0625 -66.5 5.080544369477243 3
0001 0001 1711435901027 29.25 -68.0 3.172272269347506 3
0001 0010 1711435901027 16.25 -59.5 0.380427235395639 3
0001 0007 1711435901028 -6.5 -66.5 0.9081166264282996 3
0001 0012 1711435901029 3.25 -57.5 1.7241944055834606 3
0001 0006 1711435901029 -6.5 -71.0 3.067961575771282 3
0001 0005 1711435901030 -9.75 -61.5 4.442408361716817 3
0001 0015 1711435901031 104.125 -66.0 6.264777537724958 3
0001 0001 1711435901032 -61.8125 -67.5 3.11091303783208 3
0001 0011 1711435901032 -45.5625 -63.5 3.9638063558964967 3
0001 0013 1711435901033 -152.9375 -67.0 3.2029518851052186 3
0001 0004 1711435901034 -26.0 -69.5 0.3620194659410113 3
0001 0014 1711435901034 -55.3125 -66.5 5.325981295538946 3
0001 0013 1711435901141 -52.0625 -67.0 3.031146036862027 3
0001 0007 1711435901141 -52.0625 -66.0 1.0921943209745766 3
0001 0005 1711435901142 -16.25 -61.0 4.4976316700806995 3
0001 0014 1711435901142 -3.25 -66.0 5.203262832508095 3
0001 0010 1711435901143 9.75 -59.5 0.4479223900626072 3
0001 0015 1711435901144 39.0 -66.0 0.1718058482431918 3
0001 0012 1711435901144 -22.75 -57.5 1.8100973297050567 3
0001 0001 1711435901145 -71.5625 -68.0 3.06182565261974 3
0001 0004 1711435901146 52.0625 -69.0 0.2638446955163303 3
0001 0011 1711435901146 -16.25 -64.5 3.988350048502667 3
0001 0006 1711435901361 -7.3125 -74.0 6.14819499784565 3
0001 0012 1711435901362 -19.5 -57.5 1.7916895602504288 3
0001 0001 1711435901363 19.5 -67.5 2.736621725587984 3
0001 0007 1711435901363 -104.125 -67.5 1.2885438618239387 3
0001 0005 1711435901364 48.8125 -62.0 4.473087977474529 3
0001 0010 1711435901365 -29.25 -59.5 0.48473792897186263 3
0001 0013 1711435901365 -58.5625 -67.0 3.215223731408304 3
0001 0011 1711435901366 -68.3125 -63.5 4.123340357836604 3
0001 0014 1711435901366 -42.3125 -66.5 5.295301679781233 3
0001 0015 1711435901367 -9.75 -66.0 0.2454369260617026 3
0001 0004 1711435901368 91.125 -68.5 0.14112623248547898 3
0001 0012 1711435901368 32.5 -57.5 1.6751070203711202 3
0001 0010 1711435901370 32.5 -60.0 0.32520392703175593 3
0001 0004 1711435901371 -9.75 -69.5 0.23930100291016002 3
0001 0005 1711435901371 -22.75 -62.0 4.503767593232243 3
0001 0007 1711435901372 94.375 -67.0 1.043106935762236 3
0001 0013 1711435901373 -16.25 -66.0 3.184544115650591 3
0001 0001 1711435901373 -149.6875 -67.5 2.804116880254952 3
0001 0011 1711435901374 -52.0625 -63.5 3.9822141253511245 3
0001 0015 1711435901375 29.25 -66.0 0.1902136176978195 3
0001 0014 1711435901375 35.75 -65.5 5.258486140871978 3
0001 0012 1711435901584 -16.25 -57.5 1.7241944055834606 3
0001 0015 1711435901585 13.0 -66.5 0.25157284921324513 3
0001 0014 1711435901586 65.0625 -66.5 5.111223985234957 3
0001 0001 1711435901586 -74.8125 -67.0 2.650718801466388 3
0001 0013 1711435901587 0.0 -66.5 3.067961575771282 3
0001 0010 1711435901588 -45.5625 -59.5 0.3313398501832985 3
0001 0011 1711435901588 -35.75 -63.5 3.9085830475326135 3
0001 0005 1711435901589 -9.75 -61.5 4.374913207049849 3
0001 0004 1711435901590 35.75 -67.5 0.09817477042468103 3
0001 0007 1711435901590 22.75 -66.5 0.9940195505498954 3
0001 0011 1711435901591 19.5 -63.5 3.724505352986337 3
0001 0014 1711435901592 52.0625 -66.0 5.190990986205009 3
0001 0004 1711435901592 133.4375 -68.5 6.080699843178682 3
0001 0015 1711435901593 -19.5 -66.5 0.28225246497095796 3
0001 0001 1711435901593 -9.75 -68.0 2.5954954931025047 3
0001 0010 1711435901594 -26.0 -59.5 0.28838838812250056 3
0001 0012 1711435901595 -22.75 -57.0 1.736466251886546 3
0001 0005 1711435901595 -48.8125 -61.5 4.411728745959104 3
0001 0013 1711435901596 -87.875 -65.5 3.172272269347506 3
0001 0007 1711435901597 74.8125 -66.0 0.8467573949128739 3
0001 0015 1711435901813 91.125 -66.5 0.1349903093339364 3
0001 0010 1711435901813 -6.5 -59.5 0.2454369260617026 3
0001 0012 1711435901814 19.5 -57.0 1.6444274046134073 3
0001 0011 1711435901815 0.0 -63.0 3.7429131224409646 3
0001 0013 1711435901815 -16.25 -66.0 3.0372819600135696 3
0001 0001 1711435901816 55.3125 -67.5 2.5280003384355365 3
0001 0005 1711435901816 -9.75 -61.5 4.295146206079795 3
0001 0014 1711435901817 -19.5 -66.0 5.289165756629691 3
0001 0007 1711435901818 3.25 -66.0 0.7792622402459057 3
0001 0004 1711435901819 9.75 -69.5 0.02454369260617026 3
0001 0013 1711435901820 -71.5625 -65.0 3.11091303783208 3
0001 0010 1711435901820 39.0 -59.0 0.14112623248547898 3
0001 0004 1711435901821 169.25 -68.5 6.0991076126333095 3
0001 0011 1711435901821 -3.25 -62.5 3.730641276137879 3
0001 0015 1711435901822 -26.0 -66.0 0.30066023442558565 3
0001 0001 1711435901823 29.25 -68.0 2.521864415283994 3
0001 0012 1711435901823 13.0 -56.5 1.6505633277649499 3
0001 0005 1711435901824 -19.5 -61.0 4.270602513473625 3
0001 0007 1711435901824 55.3125 -66.0 0.6013204688511713 3
0001 0014 1711435901825 13.0 -66.0 5.160311370447297 3
0001 0004 1711435902039 6.5 -68.0 0.07363107781851078 3
0001 0007 1711435902039 58.5625 -67.0 0.6320000846088841 3
0001 0015 1711435902040 55.3125 -66.5 0.16566992509164924 3
0001 0014 1711435902040 -39.0 -66.0 5.350524988145116 3
0001 0010 1711435902041 -6.5 -59.5 0.21475731030398976 3
0001 0013 1711435902041 68.3125 -65.5 2.8838838812250054 3
0001 0001 1711435902042 -3.25 -67.0 2.6813984172241008 3
0001 0005 1711435902042 -26.0 -61.5 4.319689898685965 3
0001 0011 1711435902043 -19.5 -62.5 3.706097583531709 3
0001 0012 1711435902043 -3.25 -56.5 1.7426021750380885 3
0001 0010 1711435902044 16.25 -59.5 0.2454369260617026 3
0001 0012 1711435902044 22.75 -56.5 1.718058482431918 3
0001 0001 1711435902045 -9.75 -67.5 2.8286605728611223 3
0001 0015 1711435902046 -16.25 -65.5 0.23930100291016002 3
0001 0013 1711435902046 -26.0 -65.5 3.0066023442558567 3
0001 0005 1711435902047 -19.5 -61.5 4.399456899656019 3
0001 0011 1711435902047 -22.75 -62.5 3.8288160465625602 3
0001 0007 1711435902048 -35.75 -67.0 0.9265243958829272 3
0001 0004 1711435902048 61.8125 -69.0 6.252505691421874 3
0001 0014 1711435902049 -107.375 -65.5 5.424156065963627 3
0001 0004 1711435902277 84.625 -68.0 6.191146459906448 3
0001 0013 1711435902278 -45.5625 -65.0 3.129320807286708 3
0001 0007 1711435902278 -35.75 -66.0 0.9510680884890975 3
0001 0012 1711435902279 26.0 -56.5 1.7794177139473437 3
0001 0015 1711435902279 -6.5 -66.5 0.25770877236478773 3
0001 0005 1711435902280 -52.0625 -61.5 4.460816131171445 3
0001 0011 1711435902281 -13.0 -63.0 3.877903431774901 3
0001 0001 1711435902281 -113.875 -67.5 2.9697868053466014 3
0001 0010 1711435902282 13.0 -59.5 0.28838838812250056 3
0001 0014 1711435902282 6.5 -65.5 5.313709449235861 3
0001 0005 1711435902283 -32.5 -61.5 4.491495746929157 3
0001 0013 1711435902283 -113.875 -64.5 3.6017868899554855 3
0001 0015 1711435902284 65.0625 -66.5 0.23316507975861744 3
0001 0007 1711435902284 9.75 -65.5 1.2333205534600555 3
0001 0004 1711435902285 68.3125 -68.5 0.30679615757712825 3
0001 0010 1711435902285 3.25 -59.0 0.5399612373357456 3
0001 0012 1711435902286 3.25 -56.0 2.2027964114037806 3
0001 0001 1711435902286 113.875 -67.0 2.6875343403756435 3
0001 0011 1711435902288 -26.0 -62.0 3.9944859716542096 3
0001 0014 1711435902288 -29.25 -65.0 5.381204603902829 3
0001 0015 1711435902504 -6.5 -65.5 0.23930100291016002 3
0001 0007 1711435902505 16.25 -66.0 1.1903690913992575 3
0001 0013 1711435902505 39.0 -65.0 3.3870295796514958 3
0001 0010 1711435902506 -19.5 -59.5 0.619728238305799 3
0001 0005 1711435902506 -32.5 -62.0 4.528311285838413 3
0001 0012 1711435902507 42.3125 -56.5 2.2212041808584084 3
0001 0001 1711435902507 -61.8125 -67.5 3.098641191528995 3
0001 0004 1711435902508 -81.375 -68.0 0.6933593161243098 3
0001 0014 1711435902508 65.0625 -65.5 5.154175447295755 3
0001 0011 1711435902509 19.5 -62.5 3.933126740138784 3
0001 0013 1711435902509 29.25 -65.5 3.5036121195308043 3
0001 0005 1711435902510 -16.25 -61.5 4.571262747899211 3
0001 0011 1711435902510 32.5 -62.0 4.01902966426038 3
0001 0012 1711435902511 6.5 -56.0 2.3071071049800045 3
0001 0010 1711435902511 29.25 -59.5 0.6504078540635119 3
0001 0004 1711435902512 22.75 -69.0 0.5951845456996288 3
0001 0001 1711435902512 -71.5625 -69.0 3.1784081924990484 3
0001 0014 1711435902513 48.8125 -65.5 5.178719139901925 3
0001 0007 1711435902513 94.375 -66.5 1.1290098598838318 3
0001 0015 1711435902514 6.5 -65.0 0.28838838812250056 3
0001 0014 1711435902649 3.25 -65.5 5.3627968344482015 3
0001 0011 1711435902649 6.5 -62.0 4.09266074207889 3
0001 0012 1711435902650 6.5 -56.0 2.36846633649543 3
0001 0007 1711435902650 -26.0 -67.5 1.2333205534600555 3
0001 0015 1711435902651 19.5 -66.0 0.21475731030398976 3
0001 0010 1711435902651 0.0 -60.0 0.7853981633974483 3
0001 0013 1711435902652 58.5625 -65.5 3.466796580621549 3
0001 0005 1711435902653 -71.5625 -62.5 4.681709364626977 3
0001 0004 1711435902653 117.125 -69.0 0.5829126993965437 3
0001 0001 1711435902654 -19.5 -67.0 3.2643111166206444 3
0001 0014 1711435902840 -55.3125 -65.0 5.43029198911517 3
0001 0011 1711435902840 -26.0 -62.5 4.2031073588066565 3
0001 0005 1711435902841 -16.25 -62.5 4.706253057233147 3
0001 0015 1711435902841 -3.25 -65.5 0.36815538909255385 3
0001 0012 1711435902842 -9.75 -56.0 2.466641106920111 3
0001 0010 1711435902842 9.75 -60.0 0.8467573949128739 3
0001 0007 1711435902843 61.8125 -66.5 1.4542137869155878 3
0001 0013 1711435902843 -81.375 -66.0 3.693825737228624 3
0001 0004 1711435902844 -74.8125 -68.5 0.8344855486097889 3
0001 0001 1711435902844 -97.625 -67.0 3.5711072741977725 3
0001 0013 1711435902845 -3.25 -65.5 3.650874275167826 3
0001 0011 1711435902845 -16.25 -62.5 4.28287435977671 3
0001 0001 1711435902847 -39.0 -68.0 3.56497135104623 3
0001 0007 1711435902848 -104.125 -66.5 1.6566992509164924 3
0001 0012 1711435902848 6.5 -56.0 2.4911847995262812 3
0001 0010 1711435902849 -3.25 -59.5 0.9633399347921826 3
0001 0005 1711435902850 22.75 -62.5 4.743068596142402 3
0001 0015 1711435902851 -35.75 -65.0 0.39269908169872414 3
0001 0014 1711435902852 22.75 -65.5 5.473243451175968 3
0001 0004 1711435902853 -3.25 -68.5 0.8283496254582462 3
0001 0015 1711435903064 26.0 -65.0 0.3374757733348411 3
0001 0013 1711435903065 6.5 -66.0 3.749049045592507 3
0001 0001 1711435903065 71.5625 -67.5 3.6447383520162835 3
0001 0007 1711435903065 -133.4375 -67.0 1.7855536370988863 3
0001 0010 1711435903066 61.8125 -59.5 0.9265243958829272 3
0001 0014 1711435903066 26.0 -65.5 5.381204603902829 3
0001 0011 1711435903067 35.75 -62.5 4.23378697456437 3
0001 0012 1711435903067 9.75 -56.0 2.5157284921324514 3
0001 0005 1711435903068 19.5 -63.0 4.816699673960914 3
0001 0004 1711435903068 -3.25 -67.5 0.9572040116406401 3
0001 0005 1711435903069 16.25 -63.0 4.914874444385594 3
0001 0015 1711435903076 22.75 -65.0 0.35588354278946877 3
0001 0011 1711435903077 -29.25 -62.5 4.430136515413731 3
0001 0013 1711435903077 48.8125 -66.0 3.724505352986337 3
0001 0014 1711435903078 -32.5 -65.0 5.516194913236766 3
0001 0012 1711435903079 13.0 -55.5 2.552544031041707 3
0001 0010 1711435903079 22.75 -59.5 1.043106935762236 3
0001 0007 1711435903080 29.25 -67.5 1.552388557340269 3
0001 0004 1711435903080 -39.0 -69.0 1.1167380135807468 3
0001 0001 1711435903081 32.5 -67.5 3.80427235395639 3
0001 0010 1711435903289 9.75 -59.5 1.1044661672776617 3
0001 0015 1711435903290 9.75 -65.5 0.3620194659410113 3
0001 0014 1711435903290 -42.3125 -65.0 5.5100589900852235 3
0001 0001 1711435903291 -104.125 -67.5 4.1417481272912315 3
0001 0012 1711435903291 19.5 -55.5 2.5832236467994196 3
0001 0013 1711435903292 -39.0 -66.0 3.902447124381071 3
0001 0005 1711435903292 -42.3125 -63.0 5.098952138931871 3
0001 0011 1711435903293 -35.75 -63.0 4.509903516383785 3
0001 0007 1711435903293 48.8125 -67.5 1.4910293258248433 3
0001 0004 1711435903294 6.5 -68.0 0.9326603190344698 3
0001 0001 1711435903294 -35.75 -67.5 4.01902966426038 3
0001 0005 1711435903295 -3.25 -63.0 5.037592907416445 3
0001 0004 1711435903295 19.5 -68.5 1.0369710126106935 3
0001 0012 1711435903296 16.25 -55.5 2.6261751088602177 3
0001 0015 1711435903296 84.625 -66.0 0.2454369260617026 3
0001 0010 1711435903296 13.0 -59.5 1.1351457830353744 3
0001 0011 1711435903297 26.0 -63.0 4.381049130201391 3
0001 0007 1711435903297 -71.5625 -66.5 1.7732817907958012 3
0001 0014 1711435903298 42.3125 -65.0 5.393476450205914 3
0001 0013 1711435903298 16.25 -66.0 3.730641276137879 3
