0001 0004 1711435922365 87.875 -69.5 5.460971604872882 3
0001 0015 1711435922365 -6.5 -56.0 4.387185053352934 3
0001 0005 1711435922366 58.5625 -70.0 2.2580197197676637 3
0001 0014 1711435922366 -2.4375 -73.0 5.098952138931871 3
0001 0001 1711435922367 18.875 -77.0 5.970253226450915 3
0001 0006 1711435922367 -7.875 -76.5 6.019340611663256 3
0001 0008 1711435922367 -1.75 -72.0 6.12365130523948 3
0001 0015 1711435922368 6.5 -56.0 4.387185053352934 3
0001 0009 1711435922368 -3.25 -58.0 1.1167380135807468 3
0001 0005 1711435922368 16.25 -70.0 2.399145952253143 3
0001 0004 1711435922369 -113.875 -70.5 5.792311455056181 3
0001 0014 1711435922369 3.0 -73.5 1.9389517158874505 3
0001 0001 1711435922370 -4.25 -76.5 6.240233845118788 3
0001 0006 1711435922370 22.5625 -76.5 5.945709533844745 3
0001 0015 1711435922615 16.25 -56.0 4.362641360746763 3
0001 0004 1711435922615 -3.25 -71.5 5.553010452146021 3
0001 0009 1711435922616 9.75 -58.5 1.055378782065321 3
0001 0005 1711435922616 152.9375 -68.5 2.1537090261914402 3
0001 0001 1711435922616 -6.5 -74.5 3.2949907323783574 3
0001 0006 1711435922617 12.8125 -76.5 5.982525072754001 3
0001 0014 1711435922865 0.875 -73.5 5.019185137961818 3
0001 0015 1711435922865 -13.0 -56.0 4.417864669110647 3
0001 0004 1711435922866 81.375 -70.5 5.350524988145116 3
0001 0009 1711435922866 9.75 -58.5 1.0369710126106935 3
0001 0005 1711435922866 -32.5 -68.5 2.4727770300716534 3
0001 0006 1711435922867 -9.125 -76.5 6.135923151542564 3
0001 0001 1711435922867 -12.8125 -76.5 5.976389149602458 3
0001 0008 1711435923117 2.6875 -72.0 6.056156150572511 3
0001 0014 1711435923117 -1.125 -74.0 5.105088062083414 3
0001 0009 1711435923118 29.25 -58.5 0.9694758579437253 3
0001 0005 1711435923118 -58.5625 -68.5 2.4605051837685683 3
0001 0015 1711435923119 0.0 -56.0 4.399456899656019 3
0001 0004 1711435923119 87.875 -71.0 5.283029833478148 3
0001 0006 1711435923119 4.25 -76.5 5.988660995905543 3
0001 0001 1711435923120 -12.1875 -76.5 6.025476534814799 3
0001 0014 1711435923120 -0.9375 -74.0 5.197126909356553 3
0001 0005 1711435923120 -94.375 -68.5 2.5709518004963345 3
0001 0015 1711435923121 -32.5 -56.0 4.411728745959104 3
0001 0009 1711435923121 26.0 -58.5 1.012427320004523 3
0001 0004 1711435923121 -100.875 -70.5 5.688000761479957 3
0001 0006 1711435923365 -5.4375 -76.5 6.111379458936394 3
0001 0001 1711435923366 12.8125 -77.0 6.025476534814799 3
0001 0014 1711435923366 0.0 -74.0 5.031456984264903 3
0001 0015 1711435923366 9.75 -56.0 4.368777283898306 3
0001 0004 1711435923367 -91.125 -71.5 5.559146375297564 3
0001 0005 1711435923367 16.25 -68.5 2.270291566070749 3
0001 0009 1711435923367 0.0 -58.5 1.043106935762236 3
0001 0001 1711435923368 -10.9375 -77.0 6.031612457966341 3
0001 0006 1711435923368 -3.625 -76.5 5.872078456026235 3
0001 0014 1711435923616 -2.875 -74.0 5.074408446325701 3
0001 0005 1711435923616 -152.9375 -68.5 2.693670263527186 3
0001 0004 1711435923616 19.5 -70.5 5.47937937432751 3
0001 0009 1711435923617 22.75 -58.5 0.9572040116406401 3
0001 0015 1711435923617 -3.25 -55.5 4.399456899656019 3
0001 0001 1711435923618 14.625 -77.0 2.84706834231575 3
0001 0006 1711435923618 12.1875 -77.0 5.927301764390117 3
0001 0014 1711435923618 -2.125 -74.0 5.166447293598839 3
0001 0005 1711435923619 -65.0625 -69.0 2.3623304133438876 3
0001 0009 1711435923619 -9.75 -58.5 0.9756117810952678 3
0001 0015 1711435923619 -32.5 -56.0 4.417864669110647 3
0001 0004 1711435923619 -113.875 -71.0 5.540738605842936 3
0001 0006 1711435923620 -4.875 -76.0 6.007068765360171 3
0001 0001 1711435923620 -11.5625 -77.5 2.82252464970958 3
0001 0014 1711435923865 0.625 -74.0 4.963961829597935 3
0001 0005 1711435923865 81.375 -68.5 2.1353012567368124 3
0001 0015 1711435923866 3.25 -56.0 4.368777283898306 3
0001 0009 1711435923866 -19.5 -58.5 0.9817477042468103 3
0001 0004 1711435923866 -107.375 -70.5 5.6941366846315 3
0001 0006 1711435923867 -0.5625 -76.5 5.976389149602458 3
0001 0001 1711435923867 7.875 -77.5 5.681864838328415 3
0001 0004 1711435923867 -65.0625 -69.5 5.405748296509 3
0001 0006 1711435923867 162.75 -72.0 5.638913376267617 3
0001 0009 1711435923868 42.3125 -58.5 1.1290098598838318 3
0001 0015 1711435923868 13.0 -56.5 4.289010282928253 3
0001 0001 1711435923868 28.4375 -74.5 3.663146121470911 3
0001 0007 1711435923869 -1.1875 -70.5 1.88986433067511 3
0001 0005 1711435924071 1.8125 -71.0 1.0737865515199487 3
0001 0005 1711435924071 52.0625 -64.0 4.09266074207889 3
0001 0014 1711435924071 -58.5625 -64.0 5.927301764390117 3
0001 0015 1711435924071 3.25 -60.5 3.80427235395639 3
0001 0007 1711435924072 26.0 -62.0 2.2886993355253766 3
0001 0008 1711435924072 -107.375 -67.0 1.6137477888556946 3
0001 0001 1711435924072 -143.1875 -73.0 0.4970097752749477 3
0001 0009 1711435924073 10.5625 -66.0 0.5276893910326605 3
0001 0004 1711435924073 -4.25 -73.5 0.9265243958829272 3
0001 0006 1711435924073 -3.1875 -72.0 1.7548740213411735 3
0001 0011 1711435924074 35.75 -57.5 3.7429131224409646 3
0001 0006 1711435924074 -6.5 -67.0 5.798447378207723 3
0001 0005 1711435924074 52.0625 -64.5 2.7857091108003242 3
0001 0015 1711435924075 -58.5625 -62.0 3.4177091954092087 3
0001 0009 1711435924075 16.25 -60.0 5.074408446325701 3
0001 0014 1711435924075 -29.25 -61.0 4.577398671050753 3
0001 0001 1711435924076 -211.5625 -74.0 4.190835512503572 3
0001 0007 1711435924114 55.3125 -72.0 5.734020185116527 3
0001 0008 1711435924115 0.5625 -71.0 0.7915340865489908 3
0001 0004 1711435924319 3.3125 -68.0 4.601942363656923 3
0001 0010 1711435924320 2.5625 -61.0 0.4479223900626072 3
0001 0006 1711435924320 9.75 -65.0 3.9638063558964967 3
0001 0001 1711435924321 205.0625 -68.5 5.062136600022616 3
0001 0010 1711435924321 9.75 -57.5 4.595806440505381 3
0001 0005 1711435924321 -22.75 -61.5 0.44178646691106466 3
0001 0009 1711435924322 -19.5 -62.5 0.07363107781851078 3
0001 0014 1711435924322 32.5 -61.0 3.454524734318464 3
0001 0015 1711435924322 -3.25 -62.5 2.7550294950426117 3
0001 0011 1711435924323 78.0625 -67.0 2.5341362615870793 3
0001 0007 1711435924323 6.6875 -71.5 6.135923151542564 3
0001 0008 1711435924323 -3.1875 -72.0 5.092816215780329 3
0001 0004 1711435924324 0.0 -70.0 0.06135923151542565 3
0001 0009 1711435924325 16.25 -66.5 4.479223900626073 3
0001 0008 1711435924325 -128.5625 -68.0 5.565282298449106 3
0001 0004 1711435924325 39.0 -68.5 6.191146459906448 3
0001 0010 1711435924325 32.5 -62.0 2.2641556429192065 3
0001 0015 1711435924326 -61.8125 -63.0 1.2701360923693108 3
0001 0001 1711435924326 48.8125 -71.5 5.810719224510809 3
0001 0005 1711435924326 -55.3125 -62.5 0.1349903093339364 3
0001 0014 1711435924327 -32.5 -63.0 2.2457478734645786 3
0001 0006 1711435924327 9.75 -70.5 1.423534171157875 3
0001 0011 1711435924327 -143.1875 -71.5 1.8714565612204823 3
0001 0007 1711435924560 -1.1875 -72.5 1.380582709097077 3
0001 0013 1711435924561 1.75 -72.0 1.8530487917658545 3
0001 0005 1711435924561 -65.0625 -69.0 0.380427235395639 3
0001 0013 1711435924561 -61.8125 -67.5 2.116893487282185 3
0001 0015 1711435924561 68.3125 -66.5 6.056156150572511 3
0001 0010 1711435924562 16.25 -61.0 4.871922982324796 3
0001 0009 1711435924562 55.3125 -68.0 4.718524903536232 3
0001 0014 1711435924562 -87.875 -67.0 0.5706408530934585 3
0001 0007 1711435924563 16.25 -66.5 1.7241944055834606 3
0001 0006 1711435924563 -68.3125 -68.5 2.6445828783148455 3
0001 0011 1711435924563 6.5 -66.5 4.71238898038469 3
0001 0001 1711435924564 -35.75 -70.0 4.7307967498393175 3
0001 0004 1711435924564 -110.625 -70.0 6.080699843178682 3
0001 0013 1711435924564 74.8125 -64.0 1.7241944055834606 3
0001 0004 1711435924564 39.0 -69.0 0.23316507975861744 3
0001 0012 1711435924565 94.375 -68.0 4.424000592262189 3
0001 0014 1711435924565 -19.5 -67.0 6.240233845118788 3
0001 0007 1711435924565 -19.5 -66.5 2.024854640009046 3
0001 0011 1711435924566 117.125 -68.0 4.344233591292136 3
0001 0010 1711435924566 -55.3125 -66.0 5.93343768754166 3
0001 0006 1711435924566 -149.6875 -71.0 2.8532042654672924 3
0001 0001 1711435924567 -139.9375 -73.5 2.9145634969827183 3
0001 0005 1711435924567 0.0 -66.5 5.602097837358362 3
0001 0015 1711435924567 -22.75 -67.0 5.66959299202533 3
0001 0007 1711435924785 126.9375 -65.5 1.5892040962495242 3
0001 0005 1711435924785 91.125 -65.0 5.019185137961818 3
0001 0011 1711435924785 48.8125 -64.0 3.650874275167826 3
0001 0013 1711435924785 65.0625 -66.0 2.350058567040802 3
0001 0014 1711435924786 3.25 -67.5 6.031612457966341 3
0001 0012 1711435924786 -22.75 -58.5 0.7363107781851077 3
0001 0015 1711435924786 0.0 -67.0 5.810719224510809 3
0001 0004 1711435924787 -87.875 -66.5 0.7547185476397354 3
0001 0010 1711435924787 42.3125 -66.0 6.234097921967246 3
0001 0001 1711435924788 -32.5 -74.5 2.5954954931025047 3
0001 0010 1711435924788 19.5 -66.0 0.3620194659410113 3
0001 0004 1711435924788 -91.125 -67.0 0.8713010875190442 3
0001 0005 1711435924789 -32.5 -64.5 4.945554060143307 3
0001 0012 1711435924789 0.0 -57.0 1.3437671701878218 3
0001 0001 1711435924789 130.1875 -72.5 2.1782527187976104 3
0001 0011 1711435924790 -9.75 -63.5 3.356349963893783 3
0001 0013 1711435924790 -91.125 -66.5 3.147728576741336 3
0001 0007 1711435924790 -45.5625 -66.0 1.6935147898257479 3
0001 0015 1711435924790 -97.625 -66.0 6.117515382087937 3
0001 0014 1711435924791 -35.75 -67.0 6.264777537724958 3
0001 0005 1711435925010 74.8125 -65.0 4.822835597112456 3
0001 0011 1711435925011 -29.25 -64.0 3.5342917352885173 3
0001 0012 1711435925011 -22.75 -57.5 1.4542137869155878 3
0001 0007 1711435925011 42.3125 -66.0 1.5585244804918115 3
0001 0015 1711435925011 -19.5 -67.5 6.074563920027139 3
0001 0004 1711435925012 45.5625 -66.0 0.6504078540635119 3
0001 0014 1711435925012 3.25 -67.0 6.270913460876501 3
0001 0001 1711435925012 32.5 -71.0 2.1966604882522383 3
0001 0013 1711435925013 32.5 -66.0 3.0250101137104846 3
0001 0010 1711435925013 39.0 -65.0 0.39269908169872414 3
0001 0010 1711435925013 -84.625 -66.0 0.6442719309119693 3
0001 0007 1711435925014 -107.375 -67.0 1.8407769454627694 3
0001 0013 1711435925014 9.75 -66.0 3.160000423044421 3
0001 0012 1711435925014 3.25 -57.5 1.4542137869155878 3
0001 0001 1711435925014 -188.75 -70.5 2.6568547246179306 3
0001 0004 1711435925015 42.3125 -66.5 0.6933593161243098 3
0001 0014 1711435925015 19.5 -67.5 6.209554229361076 3
0001 0015 1711435925015 -22.75 -66.5 6.056156150572511 3
0001 0005 1711435925016 -71.5625 -65.5 5.2339424482658075 3
0001 0011 1711435925016 -22.75 -64.0 3.5772431973493153 3
0001 0004 1711435925232 -55.3125 -67.5 0.8344855486097889 3
0001 0013 1711435925232 -19.5 -67.0 3.1231848841351653 3
0001 0001 1711435925232 6.5 -71.0 2.736621725587984 3
0001 0005 1711435925232 -6.5 -66.0 5.240078371417351 3
0001 0007 1711435925233 -58.5625 -66.5 1.7916895602504288 3
0001 0012 1711435925233 -13.0 -57.5 1.509437095279471 3
0001 0014 1711435925233 -26.0 -67.5 0.0 3
0001 0015 1711435925234 -32.5 -66.5 6.013204688511713 3
0001 0011 1711435925234 39.0 -64.0 3.368621810196868 3
0001 0010 1711435925234 -55.3125 -65.0 0.6135923151542565 3
0001 0010 1711435925234 35.75 -65.5 0.5460971604872883 3
0001 0014 1711435925235 -22.75 -67.5 6.252505691421874 3
0001 0011 1711435925235 -29.25 -64.0 3.552699504743145 3
0001 0001 1711435925235 29.25 -70.5 2.742757648739526 3
0001 0015 1711435925236 -29.25 -66.5 6.019340611663256 3
0001 0012 1711435925236 22.75 -57.5 1.521708941582556 3
0001 0013 1711435925236 -48.8125 -66.5 3.2949907323783574 3
0001 0004 1711435925237 29.25 -67.0 0.7240389318820226 3
0001 0005 1711435925237 9.75 -66.0 5.3198453723874035 3
0001 0007 1711435925237 -19.5 -67.5 1.88986433067511 3
0001 0001 1711435925365 117.125 -70.0 2.662990647769473 3
0001 0010 1711435925365 -84.625 -65.0 0.7363107781851077 3
0001 0004 1711435925365 29.25 -67.0 0.7792622402459057 3
0001 0011 1711435925365 6.5 -63.5 3.5465635815916023 3
0001 0013 1711435925366 -52.0625 -66.5 3.2827188860752723 3
0001 0015 1711435925366 -58.5625 -67.0 6.117515382087937 3
0001 0012 1711435925367 -26.0 -57.0 1.7303303287350031 3
0001 0005 1711435925367 -78.0625 -65.5 5.350524988145116 3
0001 0014 1711435925367 -84.625 -67.5 0.0859029241215959 3
0001 0007 1711435925368 -81.375 -68.0 1.8530487917658545 3
0001 0005 1711435925568 -84.625 -65.5 5.387340527054372 3
0001 0010 1711435925568 -39.0 -65.0 0.6994952392758523 3
0001 0013 1711435925568 -13.0 -66.5 3.3440781175906977 3
0001 0004 1711435925568 -78.0625 -67.5 0.9940195505498954 3
0001 0012 1711435925569 13.0 -56.5 1.748738098189631 3
0001 0007 1711435925569 -78.0625 -67.5 1.8837284075235674 3
0001 0001 1711435925569 -16.25 -69.5 2.779573187648782 3
0001 0014 1711435925570 -52.0625 -67.5 0.04908738521234052 3
0001 0011 1711435925570 0.0 -63.5 3.5833791205008576 3
0001 0015 1711435925570 -74.8125 -66.0 6.111379458936394 3
0001 0007 1711435925571 71.5625 -67.5 1.6321555583103222 3
0001 0013 1711435925571 26.0 -66.0 3.3195344249845276 3
0001 0012 1711435925572 -55.3125 -57.0 1.9144080232812801 3
0001 0014 1711435925572 -35.75 -68.0 0.09203884727313846 3
0001 0001 1711435925572 48.8125 -70.0 2.6691265709210157 3
0001 0015 1711435925572 -55.3125 -66.5 6.074563920027139 3
0001 0004 1711435925573 61.8125 -66.5 0.7363107781851077 3
0001 0010 1711435925573 -152.9375 -65.0 0.8222137023067037 3
0001 0011 1711435925573 68.3125 -64.5 3.7429131224409646 3
0001 0005 1711435925574 -68.3125 -65.5 5.375068680751287 3
0001 0014 1711435925799 -159.5 -67.0 0.25770877236478773 3
0001 0007 1711435925799 -48.8125 -67.5 1.8346410223112268 3
0001 0015 1711435925799 3.25 -66.5 6.056156150572511 3
0001 0004 1711435925799 -91.125 -66.5 1.0185632431560658 3
0001 0013 1711435925800 6.5 -66.5 3.448388811166921 3
0001 0011 1711435925800 -61.8125 -64.5 3.933126740138784 3
0001 0012 1711435925800 -6.5 -56.5 1.8653206380689396 3
0001 0005 1711435925801 -22.75 -65.5 5.258486140871978 3
0001 0001 1711435925801 -91.125 -70.5 3.0372819600135696 3
0001 0010 1711435925801 -13.0 -65.0 0.7424467013366504 3
0001 0007 1711435925802 -16.25 -67.0 1.8407769454627694 3
0001 0014 1711435925802 -26.0 -67.5 0.1902136176978195 3
0001 0005 1711435925802 -146.4375 -65.5 5.5714182216006485 3
0001 0015 1711435925802 58.5625 -66.5 5.988660995905543 3
0001 0011 1711435925803 -6.5 -64.0 4.006757817957295 3
0001 0012 1711435925803 -9.75 -56.5 1.902136176978195 3
0001 0004 1711435925803 -156.1875 -66.5 1.1351457830353744 3
0001 0001 1711435925804 48.8125 -71.5 2.9943304979527716 3
0001 0013 1711435925804 -13.0 -66.0 3.5342917352885173 3
0001 0010 1711435925804 -19.5 -65.0 0.7915340865489908 3
0001 0005 1711435926027 -74.8125 -65.5 5.442563835418255 3
0001 0012 1711435926027 -29.25 -56.0 1.9144080232812801 3
0001 0001 1711435926028 -55.3125 -69.5 3.2397674240144743 3
0001 0011 1711435926028 55.3125 -64.5 3.933126740138784 3
0001 0007 1711435926028 3.25 -67.5 1.8346410223112268 3
0001 0015 1711435926028 3.25 -67.0 6.074563920027139 3
0001 0010 1711435926029 16.25 -64.5 0.803805932852076 3
0001 0013 1711435926030 -58.5625 -66.5 3.6263305825616556 3
0001 0004 1711435926030 55.3125 -68.0 0.8283496254582462 3
0001 0014 1711435926030 -35.75 -68.5 0.21475731030398976 3
0001 0012 1711435926030 -29.25 -56.5 2.337786720737717 3
0001 0005 1711435926031 -81.375 -66.0 5.4671075280244255 3
0001 0004 1711435926031 -13.0 -66.5 1.214912784005428 3
0001 0001 1711435926031 156.1875 -71.0 2.834796496012665 3
0001 0014 1711435926032 0.0 -65.0 5.6573211457222445 3
0001 0010 1711435926032 0.0 -64.0 1.0062913968529805 3
0001 0007 1711435926032 71.5625 -67.5 2.0371264863121317 3
0001 0011 1711435926033 -65.0625 -63.5 4.331961744989051 3
0001 0015 1711435926033 -52.0625 -66.5 6.105243535784852 3
0001 0013 1711435926033 0.0 -66.0 3.890175278077986 3
0001 0012 1711435926249 -9.75 -56.0 2.2886993355253766 3
0001 0013 1711435926249 42.3125 -66.5 3.80427235395639 3
0001 0014 1711435926249 -81.375 -65.0 5.792311455056181 3
0001 0001 1711435926250 91.125 -69.5 3.074097498922825 3
0001 0015 1711435926250 -84.625 -67.0 6.1850105367549055 3
0001 0010 1711435926250 65.0625 -64.0 0.9019807032767571 3
0001 0007 1711435926250 126.9375 -68.5 1.8775924843720249 3
0001 0004 1711435926251 71.5625 -67.5 0.9756117810952678 3
0001 0011 1711435926251 -13.0 -64.0 4.221515128261284 3
0001 0005 1711435926251 -29.25 -66.0 5.399612373357457 3
0001 0001 1711435926252 0.0 -71.0 3.215223731408304 3
0001 0015 1711435926252 0.0 -66.5 6.111379458936394 3
0001 0014 1711435926252 13.0 -65.0 5.602097837358362 3
0001 0010 1711435926253 71.5625 -64.0 0.9081166264282996 3
0001 0007 1711435926253 113.875 -69.0 1.859184714917397 3
0001 0005 1711435926253 45.5625 -65.5 5.2768939103266055 3
0001 0012 1711435926253 35.75 -56.5 2.270291566070749 3
0001 0013 1711435926254 -3.25 -66.0 3.7981364308048478 3
0001 0004 1711435926254 32.5 -67.0 1.055378782065321 3
0001 0011 1711435926254 -13.0 -63.5 4.196971435655114 3
0001 0007 1711435926375 29.25 -67.0 1.9941750242513334 3
0001 0004 1711435926375 65.0625 -67.0 1.0983302441261191 3
0001 0015 1711435926376 -6.5 -65.5 6.0991076126333095 3
0001 0001 1711435926376 81.375 -69.5 3.1354567304382504 3
0001 0005 1711435926376 -113.875 -65.5 5.4671075280244255 3
0001 0011 1711435926377 9.75 -63.0 4.129476280988146 3
0001 0013 1711435926377 -52.0625 -65.5 3.933126740138784 3
0001 0012 1711435926377 -22.75 -56.5 2.3746022596469727 3
0001 0010 1711435926377 -3.25 -64.0 1.0062913968529805 3
0001 0014 1711435926378 52.0625 -65.0 5.6143696836614465 3
0001 0011 1711435926585 -107.375 -63.5 4.313553975534423 3
0001 0013 1711435926586 52.0625 -66.5 3.730641276137879 3
0001 0001 1711435926586 -32.5 -71.0 3.2459033471660166 3
0001 0012 1711435926586 3.25 -56.5 2.350058567040802 3
0001 0005 1711435926587 -97.625 -65.5 5.368932757599744 3
0001 0010 1711435926587 -3.25 -64.0 1.012427320004523 3
0001 0014 1711435926587 -26.0 -65.0 5.798447378207723 3
0001 0015 1711435926587 48.8125 -67.0 6.062292073724054 3
0001 0007 1711435926588 -45.5625 -67.5 2.073942025221387 3
0001 0004 1711435926588 52.0625 -68.0 1.086058397823034 3
0001 0005 1711435926588 61.8125 -65.5 5.240078371417351 3
0001 0015 1711435926589 -13.0 -67.0 6.0991076126333095 3
0001 0012 1711435926589 6.5 -56.0 2.337786720737717 3
0001 0011 1711435926590 -22.75 -63.5 4.196971435655114 3
0001 0014 1711435926591 3.25 -64.5 5.66959299202533 3
0001 0010 1711435926591 22.75 -64.5 1.012427320004523 3
0001 0004 1711435926591 22.75 -66.5 1.1044661672776617 3
0001 0013 1711435926591 16.25 -66.5 3.8840393549264434 3
0001 0007 1711435926592 19.5 -67.0 1.8837284075235674 3
0001 0001 1711435926592 97.625 -70.5 3.000466421104314 3
0001 0009 1711435926845 -6.625 -77.5 1.1167380135807468 3
0001 0004 1711435926845 0.0 -67.5 1.0615147052168636 3
0001 0014 1711435926846 -84.625 -65.0 5.8475347634200645 3
0001 0012 1711435926846 9.75 -56.5 2.3009711818284617 3
0001 0001 1711435926846 -32.5 -70.5 3.356349963893783 3
0001 0010 1711435926847 -16.25 -64.0 1.055378782065321 3
0001 0015 1711435926847 -55.3125 -66.0 6.19728238305799 3
0001 0005 1711435926847 -35.75 -65.5 5.258486140871978 3
0001 0007 1711435926847 -48.8125 -67.0 1.9757672547967058 3
0001 0011 1711435926848 13.0 -63.0 4.0987966652304335 3
0001 0013 1711435926848 -133.4375 -65.5 4.037437433715008 3
0001 0009 1711435926848 5.1875 -78.5 0.662679700366597 3
0001 0007 1711435926849 -123.6875 -68.0 2.184388641949153 3
0001 0005 1711435926849 3.25 -65.5 5.368932757599744 3
0001 0014 1711435926849 -29.25 -65.0 5.712544454086128 3
0001 0012 1711435926850 -32.5 -56.5 2.380738182798515 3
0001 0011 1711435926850 13.0 -63.5 4.06811704947272 3
0001 0015 1711435926850 -19.5 -66.0 6.037748381117884 3
0001 0010 1711435926850 -19.5 -64.0 1.0185632431560658 3
0001 0013 1711435926851 -61.8125 -65.5 3.834951969714103 3
0001 0004 1711435926851 -6.5 -68.0 1.086058397823034 3
0001 0001 1711435926852 45.5625 -70.5 3.3072625786814425 3
0001 0009 1711435927088 -3.625 -77.5 0.7915340865489908 3
0001 0011 1711435927088 -94.375 -63.5 4.28287435977671 3
0001 0010 1711435927088 -9.75 -64.5 1.012427320004523 3
0001 0013 1711435927089 -9.75 -65.5 3.792000507653305 3
0001 0015 1711435927089 -35.75 -66.5 6.105243535784852 3
0001 0014 1711435927089 68.3125 -65.5 5.516194913236766 3
0001 0001 1711435927090 -22.75 -69.5 3.454524734318464 3
0001 0012 1711435927090 3.25 -56.5 2.3439226438892597 3
0001 0005 1711435927090 -133.4375 -65.5 5.448699758569798 3
0001 0007 1711435927091 -32.5 -68.0 1.9512235621905356 3
0001 0004 1711435927091 26.0 -67.0 1.055378782065321 3
0001 0009 1711435927091 8.1875 -78.5 0.5706408530934585 3
0001 0013 1711435927091 -52.0625 -66.0 3.785864584501762 3
0001 0012 1711435927092 16.25 -56.5 2.313243028131547 3
0001 0014 1711435927092 13.0 -65.0 5.675728915176872 3
0001 0010 1711435927092 -71.5625 -64.5 1.1719613219446299 3
0001 0011 1711435927093 -13.0 -64.0 4.104932588381976 3
0001 0005 1711435927093 107.375 -65.5 5.111223985234957 3
0001 0015 1711435927093 65.0625 -66.0 5.957981380147831 3
0001 0007 1711435927094 -32.5 -68.5 1.9696313316451632 3
0001 0004 1711435927094 -55.3125 -66.5 1.2578642460662257 3
0001 0001 1711435927094 65.0625 -71.5 3.3011266555298997 3
