0000 0015 1710579111857 -29.25 -68.0 3.718369429834794 20
0000 0012 1710579111857 -84.625 -68.0 2.030990563160589 20
0000 0014 1710579111857 -3.25 -60.5 0.6810874698212247 20
0000 0015 1710579111858 -6.5 -68.0 3.773592738198677 20
0000 0005 1710579111858 61.8125 -64.5 2.8409324191642074 20
0000 0001 1710579111859 9.75 -67.0 0.09203884727313846 20
0000 0007 1710579111859 74.8125 -70.5 3.834951969714103 20
0000 0009 1710579111859 -0.5625 -73.0 5.307573526084319 20
0000 0015 1710579111860 -45.5625 -68.5 3.8288160465625602 20
0000 0014 1710579111860 26.0 -60.0 0.6504078540635119 20
0000 0012 1710579111861 -9.75 -68.0 2.030990563160589 20
0000 0005 1710579111861 -35.75 -65.5 2.9575149590435164 20
0000 0007 1710579111861 104.125 -72.5 3.736777199289422 20
0000 0001 1710579111861 -35.75 -67.5 0.09817477042468103 20
0000 0009 1710579111862 -12.9375 -73.0 5.381204603902829 20
0000 0015 1710579112107 -55.3125 -67.0 3.7429131224409646 20
0000 0012 1710579112107 29.25 -67.5 1.859184714917397 20
0000 0014 1710579112108 48.8125 -60.0 0.5890486225480862 20
0000 0005 1710579112108 -16.25 -65.5 2.8838838812250054 20
0000 0001 1710579112108 -42.3125 -67.5 0.03681553890925539 20
0000 0007 1710579112109 35.75 -70.5 3.9453985864418692 20
0000 0009 1710579112109 3.9375 -72.5 5.21553467881118 20
0000 0001 1710579112109 13.0 -67.5 0.02454369260617026 20
0000 0012 1710579112110 -55.3125 -68.0 2.012582793705961 20
0000 0005 1710579112110 65.0625 -66.0 2.82252464970958 20
0000 0015 1710579112110 -84.625 -67.5 3.816544200259475 20
0000 0007 1710579112111 -52.0625 -71.0 3.9147189706841563 20
0000 0014 1710579112111 6.5 -60.5 0.6994952392758523 20
0000 0009 1710579112111 5.1875 -72.5 5.258486140871978 20
0000 0015 1710579112347 -61.8125 -67.5 3.8288160465625602 20
0000 0012 1710579112347 32.5 -67.5 1.945087639038993 20
0000 0001 1710579112348 -35.75 -67.0 6.264777537724958 20
0000 0005 1710579112348 -39.0 -65.5 2.9636508821950587 20
0000 0014 1710579112348 -26.0 -60.0 0.7301748550335652 20
0000 0007 1710579112349 -13.0 -70.5 3.9453985864418692 20
0000 0009 1710579112349 12.8125 -73.0 1.9757672547967058 20
0000 0001 1710579112349 -3.25 -67.0 0.018407769454627694 20
0000 0012 1710579112350 -74.8125 -67.0 2.0800779483729293 20
0000 0014 1710579112350 -26.0 -60.5 0.7547185476397354 20
0000 0007 1710579112350 -19.5 -71.5 3.9208548938356986 20
0000 0015 1710579112351 9.75 -68.0 3.706097583531709 20
0000 0005 1710579112352 21.125 -65.5 2.8654761117703775 20
0000 0009 1710579112352 -3.1875 -72.0 5.295301679781233 20
0000 0014 1710579112597 -22.75 -60.0 0.7117670855789375 20
0000 0007 1710579112597 104.125 -71.0 3.822680123411018 20
0000 0005 1710579112598 52.0625 -66.0 2.7857091108003242 20
0000 0001 1710579112598 -22.75 -67.5 0.04908738521234052 20
0000 0015 1710579112598 172.5 -68.5 3.442252888015379 20
0000 0012 1710579112599 -39.0 -68.0 2.043262409463674 20
0000 0009 1710579112599 -3.0 -72.5 2.1659808724945253 20
0000 0001 1710579112599 0.0 -67.5 0.03681553890925539 20
0000 0014 1710579112600 19.5 -60.0 0.705631162427395 20
0000 0007 1710579112600 84.625 -70.5 3.761320891895592 20
0000 0005 1710579112600 48.8125 -66.0 2.84706834231575 20
0000 0015 1710579112601 -32.5 -67.0 3.792000507653305 20
0000 0012 1710579112601 -65.0625 -67.5 2.0923497946760143 20
0000 0009 1710579112601 -11.125 -72.0 5.5100589900852235 20
0000 0001 1710579112829 -6.5 -66.5 0.1227184630308513 20
0000 0005 1710579112829 -3.25 -65.5 2.9268353432858034 20
0000 0007 1710579112829 58.5625 -71.0 3.706097583531709 20
0000 0012 1710579112829 -81.375 -67.5 2.1353012567368124 20
0000 0014 1710579112830 -9.75 -60.0 0.7301748550335652 20
0000 0015 1710579112830 123.6875 -67.5 3.485204350076177 20
0000 0009 1710579112830 -4.25 -72.0 5.399612373357457 20
0000 0015 1710579112831 0.0 -67.0 3.718369429834794 20
0000 0005 1710579112831 32.5 -66.0 2.8102528034064944 20
0000 0001 1710579112831 -9.75 -68.0 0.35588354278946877 20
0000 0014 1710579112832 -78.0625 -60.0 0.8222137023067037 20
0000 0012 1710579112832 136.6875 -67.5 1.7855536370988863 20
0000 0007 1710579112832 -55.3125 -69.5 4.049709280018092 20
0000 0009 1710579112833 -0.5625 -72.0 5.368932757599744 20
0000 0001 1710579112833 -32.5 -68.0 0.4356505437595221 20
0000 0014 1710579112833 26.0 -60.5 0.6504078540635119 20
0000 0005 1710579112834 135.0625 -65.0 2.6016314162540475 20
0000 0007 1710579112834 -143.1875 -69.5 4.09266074207889 20
0000 0012 1710579112834 -126.9375 -67.5 2.043262409463674 20
0000 0015 1710579112835 -32.5 -68.0 3.7551849687440497 20
0000 0009 1710579113097 7.125 -71.5 5.3627968344482015 20
0000 0015 1710579113097 19.5 -67.0 3.6876898140770815 20
0000 0014 1710579113097 16.25 -60.0 0.6810874698212247 20
0000 0005 1710579113097 84.625 -65.5 2.742757648739526 20
0000 0001 1710579113098 -133.4375 -68.5 0.4908738521234052 20
0000 0012 1710579113098 -22.75 -67.5 2.012582793705961 20
0000 0007 1710579113098 110.625 -70.0 3.792000507653305 20
0000 0009 1710579113099 -6.5 -72.0 5.381204603902829 20
0000 0014 1710579113099 -13.0 -60.0 0.7424467013366504 20
0000 0007 1710579113099 3.25 -69.0 4.000621894805752 20
0000 0001 1710579113100 117.125 -67.5 0.1349903093339364 20
0000 0005 1710579113101 -29.25 -66.0 2.9697868053466014 20
0000 0015 1710579113101 97.625 -66.5 3.5588354278946874 20
0000 0012 1710579113101 -48.8125 -68.0 2.043262409463674 20
0000 0009 1710579113102 -7.3125 -72.5 2.2334760271614935 20
0000 0007 1710579113337 -179.0 -68.0 4.387185053352934 20
0000 0014 1710579113338 22.75 -60.0 0.6688156235181395 20
0000 0001 1710579113338 45.5625 -68.5 0.2270291566070749 20
0000 0005 1710579113338 78.0625 -65.5 2.718213956133356 20
0000 0012 1710579113339 -84.625 -67.5 2.0493983326152168 20
0000 0015 1710579113339 -9.75 -67.5 3.718369429834794 20
0000 0009 1710579113339 -10.375 -72.5 5.301437602932776 20
0000 0007 1710579113340 -13.0 -69.5 4.0987966652304335 20
0000 0015 1710579113340 -52.0625 -68.0 3.730641276137879 20
0000 0014 1710579113340 -29.25 -60.0 0.7669903939428205 20
0000 0001 1710579113341 -9.75 -69.0 0.30679615757712825 20
0000 0005 1710579113341 -17.0625 -66.0 2.791845033951867 20
0000 0012 1710579113341 71.5625 -68.0 1.8530487917658545 20
0000 0009 1710579113342 -12.9375 -73.0 5.332117218690489 20
0000 0014 1710579113597 13.0 -59.5 0.7363107781851077 20
0000 0007 1710579113597 -81.375 -69.0 4.2031073588066565 20
0000 0012 1710579113597 -29.25 -68.0 2.067806102069844 20
0000 0005 1710579113598 142.375 -66.0 2.442097414313941 20
0000 0015 1710579113598 32.5 -68.5 3.6815538909255388 20
0000 0001 1710579113598 -0.4375 -78.0 5.307573526084319 20
0000 0014 1710579113599 26.0 -59.5 0.7853981633974483 20
0000 0012 1710579113599 -22.75 -67.5 2.172116795646068 20
0000 0015 1710579113599 -74.8125 -67.0 3.9576704327449543 20
0000 0005 1710579113600 -107.375 -66.5 2.945243112740431 20
0000 0007 1710579113600 71.5625 -69.5 3.77972866135022 20
0000 0008 1710579113600 9.75 -71.5 5.516194913236766 20
0000 0014 1710579113847 9.75 -59.5 0.8406214717613314 20
0000 0008 1710579113847 16.25 -67.0 2.779573187648782 20
0000 0015 1710579113847 -39.0 -68.0 3.77972866135022 20
0000 0007 1710579113848 52.0625 -71.0 2.380738182798515 20
0000 0012 1710579113848 52.0625 -67.5 2.2027964114037806 20
0000 0005 1710579113848 -121.25 -70.0 3.098641191528995 20
0000 0009 1710579113849 17.0625 -71.5 5.197126909356553 20
0000 0015 1710579113849 13.0 -69.0 3.6754179677739964 20
0000 0008 1710579113849 -16.25 -65.5 3.466796580621549 20
0000 0014 1710579113850 -19.5 -60.0 0.7976700097005334 20
0000 0009 1710579113850 -149.6875 -69.5 5.64504929941916 20
0000 0007 1710579113850 65.0625 -67.5 2.509592568980909 20
0000 0012 1710579113851 65.0625 -66.5 2.270291566070749 20
0000 0000 1710579113851 -18.25 -75.0 4.601942363656923 20
0000 0004 1710579113980 0.8125 -74.0 0.11658253987930872 20
0000 0009 1710579113980 41.5 -70.0 6.062292073724054 20
0000 0015 1710579113981 32.5 -68.0 3.5158839658338894 20
0000 0008 1710579113981 -61.8125 -61.5 4.675573441475434 20
0000 0014 1710579113981 -9.75 -60.0 0.9940195505498954 20
0000 0011 1710579113982 -42.3125 -73.0 5.301437602932776 20
0000 0007 1710579113982 6.5 -64.5 2.8532042654672924 20
0000 0004 1710579113982 -78.0625 -71.5 3.3011266555298997 20
0000 0000 1710579113983 120.4375 -73.0 5.712544454086128 20
0000 0012 1710579113983 68.3125 -64.5 2.405281875404685 20
0000 0009 1710579113983 -62.625 -69.0 0.8897088569736719 20
0000 0015 1710579113984 -6.5 -67.0 3.479068426924634 20
0000 0000 1710579113984 73.1875 -72.5 1.2885438618239387 20
0000 0004 1710579113984 -16.25 -71.5 3.6201946594101133 20
0000 0012 1710579113985 -87.875 -65.5 2.454369260617026 20
0000 0008 1710579113985 -42.3125 -59.5 5.792311455056181 20
0000 0014 1710579113985 9.75 -58.5 1.4848934026733007 20
0000 0007 1710579113985 -26.0 -67.5 3.0127382674073995 20
0000 0010 1710579114096 19.5 -74.5 1.3437671701878218 20
0000 0005 1710579114097 1.5 -76.5 0.6320000846088841 20
0000 0013 1710579114097 -3.375 -75.5 1.6566992509164924 20
0000 0003 1710579114097 0.625 -76.5 5.166447293598839 20
0000 0010 1710579114253 126.9375 -70.0 4.7860200582032 20
0000 0005 1710579114253 48.8125 -70.5 4.01902966426038 20
0000 0007 1710579114253 -13.0 -67.0 3.890175278077986 20
0000 0008 1710579114253 -9.75 -57.5 1.0246991663076084 20
0000 0012 1710579114254 81.375 -65.0 1.7855536370988863 20
0000 0009 1710579114254 -152.9375 -69.5 2.270291566070749 20
0000 0014 1710579114254 -13.0 -58.5 1.6873788666742053 20
0000 0000 1710579114255 24.375 -71.5 3.6140587362585705 20
0000 0015 1710579114255 -39.0 -65.0 3.56497135104623 20
0000 0003 1710579114255 -68.3125 -73.0 5.8045833013592665 20
0000 0004 1710579114256 1.1875 -74.5 2.497320722677824 20
0000 0013 1710579114256 1.1875 -75.5 4.675573441475434 20
0000 0014 1710579114257 3.25 -58.5 1.5585244804918115 20
0000 0005 1710579114257 16.25 -68.0 5.313709449235861 20
0000 0000 1710579114258 3.25 -72.0 5.632777453116074 20
0000 0007 1710579114258 78.0625 -67.0 4.552854978444583 20
0000 0013 1710579114258 -61.8125 -73.0 1.3560390164909069 20
0000 0008 1710579114259 -19.5 -55.5 2.6200391857086753 20
0000 0015 1710579114259 -32.5 -64.5 3.816544200259475 20
0000 0012 1710579114259 -22.75 -66.5 1.6566992509164924 20
0000 0003 1710579114259 22.75 -72.5 1.282407938672396 20
0000 0004 1710579114347 -17.0625 -74.5 0.11044661672776616 20
0000 0008 1710579114485 6.5 -55.0 3.706097583531709 20
0000 0007 1710579114485 81.375 -70.0 4.841243366567084 20
0000 0015 1710579114485 -3.25 -65.0 3.9822141253511245 20
0000 0012 1710579114486 91.125 -66.0 1.2210487071569704 20
0000 0014 1710579114486 0.0 -58.0 1.6689710972195777 20
0000 0000 1710579114486 -52.0625 -72.5 1.4664856332186729 20
0000 0003 1710579114487 292.9375 -72.5 3.153864499892878 20
0000 0005 1710579114487 -26.0 -71.5 0.3865631585471816 20
0000 0013 1710579114487 -55.3125 -70.0 1.0799224746714913 20
0000 0014 1710579114487 -19.5 -58.0 1.8407769454627694 20
0000 0008 1710579114489 -22.75 -56.5 4.865787059173254 20
0000 0015 1710579114489 29.25 -66.0 3.8288160465625602 20
0000 0003 1710579114490 -123.6875 -70.0 5.5284667595398505 20
0000 0012 1710579114490 -9.75 -64.5 1.6505633277649499 20
0000 0000 1710579114490 -65.0625 -73.5 3.018874190558942 20
0000 0005 1710579114491 -34.9375 -71.5 1.239456476611598 20
0000 0013 1710579114491 45.5625 -72.5 0.7363107781851077 20
0000 0008 1710579114715 13.0 -58.0 5.786175531904639 20
0000 0015 1710579114715 -6.5 -64.5 3.890175278077986 20
0000 0005 1710579114715 191.1875 -70.5 1.5953400194010667 20
0000 0003 1710579114715 -71.5625 -69.0 6.2034183062095325 20
0000 0012 1710579114716 26.0 -65.5 2.0923497946760143 20
0000 0014 1710579114716 16.25 -58.0 1.8346410223112268 20
0000 0000 1710579114716 -133.4375 -72.0 5.006913291658733 20
0000 0013 1710579114717 2.4375 -75.0 0.2638446955163303 20
0000 0008 1710579114717 0.0 -59.0 0.6688156235181395 20
0000 0012 1710579114717 131.8125 -70.5 2.1659808724945253 20
0000 0003 1710579114718 6.5 -71.0 0.8897088569736719 20
0000 0000 1710579114718 -114.6875 -74.0 5.93343768754166 20
0000 0014 1710579114718 16.25 -58.0 2.000310947402876 20
0000 0015 1710579114719 -3.25 -64.5 4.154019973594316 20
0000 0013 1710579114719 -247.375 -72.5 0.6320000846088841 20
0000 0005 1710579114719 110.625 -67.5 2.4911847995262812 20
0000 0007 1710579114846 -11.5625 -76.0 2.1537090261914402 20
0000 0007 1710579114846 -19.5 -70.0 2.012582793705961 20
0000 0014 1710579114847 13.0 -58.0 2.0800779483729293 20
0000 0005 1710579114847 0.0 -65.0 3.313398501832985 20
0000 0015 1710579114847 3.25 -68.5 4.411728745959104 20
0000 0003 1710579114847 169.25 -73.0 2.012582793705961 20
0000 0008 1710579114848 42.3125 -59.5 1.5707963267948966 20
0000 0013 1710579114848 52.0625 -72.5 0.6135923151542565 20
0000 0000 1710579115096 -2.5625 -75.5 1.1290098598838318 20
0000 0012 1710579115097 1.5625 -75.0 0.4970097752749477 20
0000 0014 1710579115097 55.3125 -59.0 1.9819031779482483 20
0000 0007 1710579115097 97.625 -67.5 2.0371264863121317 20
0000 0013 1710579115097 -279.9375 -73.5 1.5462526341887264 20
0000 0008 1710579115098 42.3125 -60.5 2.564815877344792 20
0000 0005 1710579115098 -78.0625 -64.5 3.8963112012295285 20
0000 0012 1710579115098 29.25 -72.5 0.34974761963792617 20
0000 0003 1710579115099 175.75 -71.0 3.5895150436524004 20
0000 0000 1710579115099 1.1875 -75.5 5.485515297479052 20
0000 0015 1710579115337 -1.25 -71.0 0.9756117810952678 20
0000 0003 1710579115338 -65.0625 -70.0 5.3627968344482015 20
0000 0014 1710579115338 -48.8125 -58.5 2.0064468705544187 20
0000 0012 1710579115338 35.75 -69.5 0.6135923151542565 20
0000 0008 1710579115339 -19.5 -66.5 4.865787059173254 20
0000 0005 1710579115339 39.0 -64.0 4.902602598082509 20
0000 0007 1710579115339 -39.0 -72.5 2.2212041808584084 20
0000 0000 1710579115588 1.25 -76.0 1.8530487917658545 20
0000 0015 1710579115588 -1.75 -70.5 4.957825906446392 20
0000 0006 1710579115588 -8.4375 -76.0 0.18407769454627693 20
0000 0007 1710579115588 91.125 -67.0 2.3439226438892597 20
0000 0005 1710579115589 -61.8125 -64.0 0.01227184630308513 20
0000 0014 1710579115589 -45.5625 -57.0 2.1598449493429825 20
0000 0012 1710579115589 113.875 -71.5 0.4663301595172349 20
0000 0015 1710579115590 3.625 -70.0 2.1475731030398975 20
0000 0003 1710579115590 19.5 -77.0 6.013204688511713 20
0000 0013 1710579115590 -10.375 -77.0 6.056156150572511 20
0000 0006 1710579115591 -1.25 -75.5 5.835262917116979 20
0000 0007 1710579115591 29.25 -64.5 3.6017868899554855 20
0000 0014 1710579115592 9.75 -57.0 2.141437179888355 20
0000 0005 1710579115592 74.8125 -63.0 0.3620194659410113 20
0000 0012 1710579115592 113.875 -71.0 0.4908738521234052 20
0000 0003 1710579115593 14.0 -77.5 0.0674951546669682 20
0000 0006 1710579115593 6.6875 -75.5 5.4671075280244255 20
0000 0013 1710579115593 1.8125 -76.0 6.062292073724054 20
0000 0015 1710579115847 -4.5625 -70.5 2.1598449493429825 20
0000 0005 1710579115847 35.75 -62.5 0.3129320807286708 20
0000 0007 1710579115847 -35.75 -64.0 3.4054373491061236 20
0000 0014 1710579115847 42.3125 -57.0 2.000310947402876 20
0000 0012 1710579115848 -61.8125 -71.0 0.48473792897186263 20
0000 0003 1710579115848 4.0625 -75.5 5.881282340753549 20
0000 0006 1710579115848 4.875 -74.5 5.2339424482658075 20
0000 0013 1710579115849 13.375 -76.5 5.976389149602458 20
0000 0008 1710579116106 -2.875 -74.0 5.332117218690489 20
0000 0000 1710579116315 8.0 -77.0 1.4542137869155878 20
0000 0012 1710579116315 58.5625 -71.5 0.3436116964863836 20
0000 0005 1710579116316 -19.5 -60.5 0.3374757733348411 20
0000 0007 1710579116316 -52.0625 -61.5 3.5158839658338894 20
0000 0003 1710579116316 133.4375 -73.0 5.436427912266712 20
0000 0014 1710579116317 -26.0 -57.0 2.043262409463674 20
0000 0008 1710579116317 -87.875 -70.0 5.589825991055276 20
0000 0006 1710579116317 -8.125 -74.0 5.71868037723767 20
0000 0000 1710579116317 3.25 -76.5 1.564660403643354 20
0000 0006 1710579116318 91.125 -72.0 5.688000761479957 20
0000 0005 1710579116318 27.625 -60.0 0.2699806186678728 20
0000 0014 1710579116318 19.5 -57.0 1.9389517158874505 20
0000 0008 1710579116320 -81.375 -69.5 5.5714182216006485 20
0000 0007 1710579116320 3.25 -61.0 3.423845118560751 20
0000 0012 1710579116320 -91.125 -72.5 0.6994952392758523 20
0000 0003 1710579116321 -91.125 -73.5 5.577554144752192 20
