0000 0015 1710579222205 3.25 -68.5 3.356349963893783 20
0000 0007 1710579222206 13.0 -65.0 4.123340357836604 20
0000 0005 1710579222206 104.125 -69.0 3.3011266555298997 20
0000 0007 1710579222206 -78.0625 -64.5 4.196971435655114 20
0000 0014 1710579222207 19.5 -58.5 5.6143696836614465 20
0000 0001 1710579222207 74.8125 -67.0 5.853670686571607 20
0000 0005 1710579222208 93.5625 -69.0 3.3440781175906977 20
0000 0012 1710579222208 -9.75 -66.5 2.6813984172241008 20
0000 0015 1710579222208 4.25 -70.0 0.1595340019401067 20
0000 0001 1710579222209 29.25 -67.0 5.982525072754001 20
0000 0007 1710579222209 29.25 -64.0 4.0987966652304335 20
0000 0012 1710579222210 -52.0625 -66.0 2.7120780329818137 20
0000 0014 1710579222210 3.25 -58.5 5.675728915176872 20
0000 0005 1710579222210 -90.3125 -70.5 3.5342917352885173 20
0000 0015 1710579222455 -1.1875 -70.5 0.19634954084936207 20
0000 0001 1710579222456 -198.5625 -67.5 6.240233845118788 20
0000 0014 1710579222456 19.5 -59.0 5.66959299202533 20
0000 0012 1710579222456 9.75 -66.5 2.7550294950426117 20
0000 0007 1710579222457 6.5 -64.0 4.074252972624263 20
0000 0005 1710579222457 -81.375 -69.5 3.5281558121369745 20
0000 0015 1710579222457 -2.4375 -70.0 0.16566992509164924 20
0000 0001 1710579222458 -100.875 -67.5 6.191146459906448 20
0000 0012 1710579222458 29.25 -65.5 2.6323110320117604 20
0000 0014 1710579222458 45.5625 -59.0 5.595961914206819 20
0000 0007 1710579222458 -26.0 -64.0 4.215379205109742 20
0000 0005 1710579222460 94.375 -69.5 3.411573272257666 20
0000 0015 1710579222460 7.875 -70.0 0.14726215563702155 20
0000 0007 1710579222706 -26.0 -64.5 4.246058820867455 20
0000 0014 1710579222706 3.25 -59.0 5.712544454086128 20
0000 0012 1710579222706 -13.0 -66.5 2.693670263527186 20
0000 0001 1710579222707 -13.0 -67.5 5.982525072754001 20
0000 0005 1710579222707 -13.8125 -69.5 3.4913402732277192 20
0000 0015 1710579222707 9.75 -70.5 0.12885438618239387 20
0000 0012 1710579222708 22.75 -66.5 2.6445828783148455 20
0000 0001 1710579222708 -3.25 -68.0 5.853670686571607 20
0000 0007 1710579222708 -16.25 -64.5 4.2092432819582 20
0000 0014 1710579222708 0.0 -59.0 5.681864838328415 20
0000 0005 1710579222709 52.0625 -70.5 3.436116964863836 20
0000 0015 1710579222956 -5.4375 -70.5 0.20248546400090464 20
0000 0014 1710579222956 -3.25 -59.0 5.712544454086128 20
0000 0007 1710579222956 -16.25 -64.0 4.190835512503572 20
0000 0001 1710579222957 45.5625 -67.5 5.8659425328746915 20
0000 0012 1710579222957 -6.5 -66.0 2.650718801466388 20
0000 0005 1710579222957 21.125 -69.5 3.411573272257666 20
0000 0015 1710579222958 8.5 -70.0 0.14112623248547898 20
0000 0014 1710579222958 22.75 -59.0 5.688000761479957 20
0000 0005 1710579222958 -27.625 -70.5 3.3379421944391554 20
0000 0007 1710579222959 -52.0625 -64.5 4.246058820867455 20
0000 0012 1710579222959 -120.4375 -66.0 2.8777479580734626 20
0000 0001 1710579222959 35.75 -67.5 5.970253226450915 20
0000 0015 1710579222960 3.0 -70.0 0.14112623248547898 20
0000 0014 1710579223205 -45.5625 -59.0 5.786175531904639 20
0000 0005 1710579223205 48.8125 -70.0 3.3379421944391554 20
0000 0001 1710579223205 -68.3125 -67.5 6.019340611663256 20
0000 0007 1710579223206 6.5 -64.5 4.135612204139688 20
0000 0012 1710579223206 9.75 -66.0 2.6384469551633027 20
0000 0015 1710579223206 1.1875 -70.0 0.1718058482431918 20
0000 0001 1710579223207 52.0625 -67.5 5.915029918087033 20
0000 0005 1710579223207 68.3125 -68.5 3.3440781175906977 20
0000 0007 1710579223207 -13.0 -64.0 4.166291819897402 20
0000 0014 1710579223208 0.0 -59.0 5.706408530934585 20
0000 0012 1710579223208 0.0 -66.0 2.6568547246179306 20
0000 0015 1710579223208 -4.25 -70.0 0.17794177139473438 20
0000 0005 1710579223455 21.125 -69.5 3.485204350076177 20
0000 0012 1710579223455 71.5625 -66.0 2.6691265709210157 20
0000 0007 1710579223456 9.75 -64.5 4.184699589352029 20
0000 0014 1710579223456 -26.0 -59.0 5.743224069843841 20
0000 0001 1710579223456 -97.625 -67.5 6.111379458936394 20
0000 0015 1710579223456 -0.5625 -70.0 0.1718058482431918 20
0000 0012 1710579223457 52.0625 -66.0 2.761165418194154 20
0000 0007 1710579223457 29.25 -64.0 4.1417481272912315 20
0000 0001 1710579223457 -84.625 -67.5 6.013204688511713 20
0000 0014 1710579223458 -32.5 -59.0 5.743224069843841 20
0000 0005 1710579223458 170.0625 -69.5 3.227495577711389 20
0000 0015 1710579223458 1.8125 -70.0 0.19634954084936207 20
0000 0007 1710579223705 -13.0 -64.5 4.2092432819582 20
0000 0012 1710579223705 -48.8125 -66.0 2.748893571891069 20
0000 0001 1710579223706 -3.25 -68.0 5.9088939949354895 20
0000 0014 1710579223707 22.75 -59.0 5.700272607783043 20
0000 0005 1710579223707 -74.8125 -69.5 3.5772431973493153 20
0000 0015 1710579223707 -5.4375 -70.0 0.18407769454627693 20
0000 0001 1710579223708 -52.0625 -68.0 6.037748381117884 20
0000 0014 1710579223708 -6.5 -59.0 5.706408530934585 20
0000 0012 1710579223708 -42.3125 -67.0 2.761165418194154 20
0000 0007 1710579223708 52.0625 -64.5 4.09266074207889 20
0000 0005 1710579223709 45.5625 -69.0 3.32567034813607 20
0000 0015 1710579223709 -7.875 -70.0 0.22089323345553233 20
0000 0007 1710579223956 35.75 -64.0 4.129476280988146 20
0000 0014 1710579223956 -29.25 -59.0 5.798447378207723 20
0000 0005 1710579223956 48.8125 -69.0 3.055689729468197 20
0000 0012 1710579223956 13.0 -66.5 2.724349879284899 20
0000 0015 1710579223957 10.375 -70.0 0.21475731030398976 20
0000 0007 1710579223957 91.125 -63.5 4.129476280988146 20
0000 0012 1710579223957 107.375 -66.5 2.6384469551633027 20
0000 0014 1710579223958 48.8125 -59.0 5.767767762450011 20
0000 0005 1710579223958 52.0625 -68.5 2.8286605728611223 20
0000 0015 1710579223958 -8.9375 -69.5 6.181942575179134 20
0000 0005 1710579223959 61.8125 -69.0 2.2948352586769194 20
0000 0007 1710579223959 35.75 -65.0 4.123340357836604 20
0000 0014 1710579223960 -22.75 -59.5 6.2463697682703305 20
0000 0012 1710579223960 -65.0625 -66.0 3.2029518851052186 20
0000 0015 1710579223960 26.0 -67.5 3.0127382674073995 20
0000 0008 1710579224199 1.5 -70.0 5.289165756629691 20
0000 0009 1710579224199 3.5625 -73.0 1.6198837120072371 20
0000 0008 1710579224200 -68.3125 -67.5 2.5586799541932495 20
0000 0005 1710579224200 -73.1875 -71.5 2.9329712664373457 20
0000 0012 1710579224200 6.5 -64.5 3.3072625786814425 20
0000 0014 1710579224200 26.0 -59.0 0.28838838812250056 20
0000 0007 1710579224201 -13.0 -67.5 3.448388811166921 20
0000 0015 1710579224201 -19.5 -68.0 2.9268353432858034 20
0000 0009 1710579224201 0.5625 -72.0 5.031456984264903 20
0000 0003 1710579224202 -1.8125 -77.5 4.411728745959104 20
0000 0014 1710579224202 -9.75 -60.0 0.5706408530934585 20
0000 0007 1710579224202 -16.25 -66.0 3.2397674240144743 20
0000 0015 1710579224203 -29.25 -67.5 3.074097498922825 20
0000 0012 1710579224203 29.25 -64.5 3.215223731408304 20
0000 0008 1710579224203 -16.25 -66.0 3.479068426924634 20
0000 0009 1710579224204 104.125 -71.0 5.049864753719531 20
0000 0000 1710579224456 -14.625 -73.5 4.828971520263998 20
0000 0008 1710579224456 3.25 -61.5 4.577398671050753 20
0000 0007 1710579224456 48.8125 -64.0 3.1354567304382504 20
0000 0009 1710579224457 139.125 -71.5 5.853670686571607 20
0000 0014 1710579224457 22.75 -59.5 0.8467573949128739 20
0000 0000 1710579224457 65.0625 -71.5 5.994796919057086 20
0000 0015 1710579224457 74.8125 -66.5 3.098641191528995 20
0000 0012 1710579224458 3.25 -65.0 3.399301425954581 20
0000 0008 1710579224458 -39.0 -59.0 5.620505606812989 20
0000 0015 1710579224458 3.25 -66.0 3.2029518851052186 20
0000 0014 1710579224459 -16.25 -58.5 1.1780972450961724 20
0000 0007 1710579224459 -3.25 -62.0 3.5895150436524004 20
0000 0009 1710579224459 -13.8125 -71.0 0.4908738521234052 20
0000 0000 1710579224460 -100.875 -71.5 1.325359400733194 20
0000 0012 1710579224460 -65.0625 -66.0 3.018874190558942 20
0000 0010 1710579224699 2.4375 -74.5 1.8714565612204823 20
0000 0003 1710579224699 -0.4375 -77.5 1.3744467859455345 20
0000 0005 1710579224700 -0.4375 -72.5 0.5890486225480862 20
0000 0005 1710579224700 35.75 -69.5 3.822680123411018 20
0000 0012 1710579224700 -29.25 -65.0 2.6445828783148455 20
0000 0014 1710579224701 22.75 -59.0 1.141281706186917 20
0000 0015 1710579224701 19.5 -65.5 3.442252888015379 20
0000 0009 1710579224701 -3.25 -72.0 1.2885438618239387 20
0000 0008 1710579224702 -19.5 -57.0 0.9326603190344698 20
0000 0007 1710579224702 26.0 -60.0 4.23378697456437 20
0000 0003 1710579224702 -393.8125 -74.0 5.184855063053467 20
0000 0000 1710579224702 -6.5 -72.5 3.472932503773092 20
0000 0010 1710579224703 -12.1875 -73.0 2.1659808724945253 20
0000 0014 1710579224703 13.0 -58.0 1.2701360923693108 20
0000 0007 1710579224703 26.0 -60.5 4.718524903536232 20
0000 0012 1710579224704 13.0 -68.0 1.9696313316451632 20
0000 0005 1710579224704 79.75 -66.5 4.135612204139688 20
0000 0008 1710579224704 26.0 -55.5 2.0923497946760143 20
0000 0003 1710579224705 9.75 -72.0 0.8467573949128739 20
0000 0015 1710579224705 -52.0625 -65.0 3.785864584501762 20
0000 0000 1710579224705 48.8125 -71.5 5.062136600022616 20
0000 0004 1710579224705 -305.9375 -72.5 5.043728830567988 20
0000 0013 1710579224928 6.25 -75.5 4.0558452031696355 20
0000 0007 1710579224929 26.0 -62.5 4.963961829597935 20
0000 0012 1710579224929 -35.75 -67.5 1.337631247036279 20
0000 0014 1710579224929 29.25 -58.0 1.5462526341887264 20
0000 0000 1710579224929 83.0 -72.0 0.6135923151542565 20
0000 0008 1710579224930 -3.25 -55.5 3.313398501832985 20
0000 0005 1710579224930 -74.8125 -68.5 5.105088062083414 20
0000 0003 1710579224930 -123.6875 -72.5 3.000466421104314 20
0000 0015 1710579224930 -32.5 -65.0 3.773592738198677 20
0000 0013 1710579224931 -97.625 -72.0 0.9510680884890975 20
0000 0004 1710579224931 -28.625 -77.0 1.9941750242513334 20
0000 0007 1710579224931 -42.3125 -66.0 5.307573526084319 20
0000 0005 1710579224932 26.0 -70.0 5.712544454086128 20
0000 0000 1710579224932 76.4375 -73.0 2.1230294104337273 20
0000 0015 1710579224932 13.0 -65.5 3.5036121195308043 20
0000 0012 1710579224933 -52.0625 -66.0 1.9634954084936207 20
0000 0003 1710579224933 -107.375 -71.5 4.466952054322987 20
0000 0008 1710579224933 9.75 -56.5 4.368777283898306 20
0000 0014 1710579224934 -39.0 -57.5 1.8775924843720249 20
0000 0014 1710579225215 0.0 -58.5 1.718058482431918 20
0000 0007 1710579225215 94.375 -67.0 4.896466674930966 20
0000 0005 1710579225216 48.8125 -70.0 0.21475731030398976 20
0000 0008 1710579225216 6.5 -58.0 5.3198453723874035 20
0000 0015 1710579225216 61.8125 -64.0 3.2336315008629315 20
0000 0012 1710579225216 35.75 -67.0 2.423689644859313 20
0000 0003 1710579225217 -61.8125 -69.5 5.626641529964532 20
0000 0000 1710579225217 0.0 -72.5 3.8533597391687304 20
0000 0014 1710579225217 26.0 -58.5 1.5278448647340985 20
0000 0015 1710579225218 -26.0 -63.0 3.5465635815916023 20
0000 0003 1710579225218 159.5 -72.0 6.215690152512618 20
0000 0008 1710579225218 19.5 -59.0 0.1043106935762236 20
0000 0005 1710579225219 139.9375 -69.5 1.012427320004523 20
0000 0007 1710579225219 -19.5 -66.5 3.847223816017188 20
0000 0000 1710579225220 -166.0 -72.5 5.246214294568893 20
0000 0013 1710579225397 -6.125 -75.5 0.521553467881118 20
0000 0015 1710579225398 -65.0625 -65.0 3.8410878928656453 20
0000 0014 1710579225398 16.25 -58.5 1.5707963267948966 20
0000 0008 1710579225398 35.75 -59.0 1.239456476611598 20
0000 0007 1710579225399 0.0 -65.0 3.2581751934691017 20
0000 0005 1710579225399 39.0 -67.0 1.932815792735908 20
0000 0003 1710579225399 -146.4375 -73.5 1.8407769454627694 20
0000 0000 1710579225399 -6.5 -73.5 0.1227184630308513 20
0000 0013 1710579225400 28.0625 -75.5 0.521553467881118 20
0000 0007 1710579225400 52.0625 -66.5 3.3502140407422405 20
0000 0008 1710579225400 -3.25 -60.0 2.350058567040802 20
0000 0012 1710579225401 22.75 -72.0 0.1043106935762236 20
0000 0014 1710579225401 -3.25 -59.5 1.5953400194010667 20
0000 0015 1710579225401 3.25 -68.0 3.497476196379262 20
0000 0005 1710579225402 117.125 -67.0 2.6445828783148455 20
0000 0003 1710579225402 48.8125 -73.0 3.11091303783208 20
0000 0012 1710579225454 0.8125 -73.5 0.08283496254582462 20
0000 0000 1710579225454 21.9375 -74.5 1.586136134673753 20
0000 0007 1710579225717 -104.125 -67.5 3.706097583531709 20
0000 0005 1710579225717 91.125 -67.0 3.2336315008629315 20
0000 0015 1710579225717 -45.5625 -66.5 3.1906800388021335 20
0000 0014 1710579225717 19.5 -60.0 1.4787574795217582 20
0000 0008 1710579225718 16.25 -63.0 3.5158839658338894 20
0000 0012 1710579225718 -90.3125 -72.0 0.1349903093339364 20
0000 0003 1710579225718 -29.25 -72.5 4.215379205109742 20
0000 0005 1710579225719 -139.125 -69.0 4.509903516383785 20
0000 0008 1710579225719 81.375 -66.5 4.239922897715912 20
0000 0014 1710579225719 26.0 -59.0 1.4296700943094176 20
0000 0003 1710579225720 -65.0625 -72.0 4.706253057233147 20
0000 0015 1710579225720 55.3125 -66.0 3.104777114680538 20
0000 0012 1710579225720 -234.3125 -72.5 0.36815538909255385 20
0000 0000 1710579225721 -191.1875 -74.0 2.8102528034064944 20
0000 0005 1710579225965 39.0 -67.5 4.657165672020807 20
0000 0015 1710579225965 -16.25 -65.0 3.227495577711389 20
0000 0014 1710579225966 16.25 -59.0 1.3499030933393643 20
0000 0003 1710579225966 -120.4375 -71.0 5.473243451175968 20
0000 0012 1710579225966 253.875 -74.0 5.577554144752192 20
0000 0000 1710579225967 28.0625 -76.5 0.14726215563702155 20
0000 0007 1710579225967 3.25 -64.5 3.6201946594101133 20
0000 0014 1710579225967 26.0 -59.0 1.2578642460662257 20
0000 0012 1710579225968 -195.25 -72.0 5.71868037723767 20
0000 0005 1710579225968 -39.0 -60.5 4.9823695990525625 20
0000 0015 1710579225968 -97.625 -66.0 3.9638063558964967 20
0000 0003 1710579225968 52.0625 -73.5 5.129631754689584 20
0000 0000 1710579225969 -20.125 -76.5 3.706097583531709 20
0000 0015 1710579226211 -42.3125 -64.5 4.1417481272912315 20
0000 0005 1710579226211 -42.3125 -59.5 5.295301679781233 20
0000 0007 1710579226212 -3.25 -60.5 3.031146036862027 20
0000 0014 1710579226212 48.8125 -59.0 1.0983302441261191 20
0000 0012 1710579226212 -3.25 -72.5 5.418020142812084 20
0000 0003 1710579226213 -104.125 -72.0 5.227806525114265 20
0000 0000 1710579226214 4.5625 -76.5 3.6754179677739964 20
0000 0005 1710579226214 -13.0 -59.0 5.5284667595398505 20
0000 0012 1710579226214 183.875 -71.5 5.2768939103266055 20
0000 0003 1710579226215 -192.0 -72.0 5.608233760509904 20
0000 0015 1710579226215 42.3125 -65.5 3.8717675086233583 20
0000 0007 1710579226215 -32.5 -61.5 3.54042765844006 20
0000 0014 1710579226216 35.75 -58.5 1.1290098598838318 20
0000 0000 1710579226216 -3.0 -76.0 0.4908738521234052 20
0000 0003 1710579226216 19.5 -71.5 4.865787059173254 20
0000 0007 1710579226216 52.0625 -61.5 2.8838838812250054 20
0000 0014 1710579226217 9.75 -58.5 1.1965050145508 20
0000 0015 1710579226217 -29.25 -65.0 4.061981126321178 20
0000 0005 1710579226217 -32.5 -59.5 5.595961914206819 20
0000 0012 1710579226218 -10.5625 -72.0 5.283029833478148 20
0000 0000 1710579226455 -1.8125 -75.5 3.5956509668039427 20
0000 0015 1710579226456 -26.0 -64.5 4.006757817957295 20
0000 0014 1710579226456 22.75 -58.5 1.1780972450961724 20
0000 0005 1710579226456 -42.3125 -59.0 5.448699758569798 20
0000 0012 1710579226457 35.75 -72.0 5.540738605842936 20
0000 0007 1710579226457 -32.5 -61.0 3.3011266555298997 20
0000 0003 1710579226457 -61.8125 -71.0 4.9394181369917645 20
0000 0000 1710579226457 -36.5625 -74.5 0.40803888957758055 20
0000 0014 1710579226458 22.75 -58.5 1.1719613219446299 20
0000 0007 1710579226458 -19.5 -60.5 3.074097498922825 20
0000 0005 1710579226458 9.75 -58.5 5.43029198911517 20
0000 0015 1710579226459 -29.25 -65.5 4.04357335686655 20
0000 0012 1710579226459 65.0625 -72.5 5.5714182216006485 20
0000 0003 1710579226459 13.0 -71.0 5.019185137961818 20
0000 0000 1710579226706 -30.875 -74.5 0.31600004230444206 20
0000 0007 1710579226706 19.5 -61.0 3.067961575771282 20
0000 0014 1710579226706 29.25 -58.5 1.184233168247715 20
0000 0005 1710579226706 -35.75 -59.0 5.47937937432751 20
0000 0015 1710579226707 -35.75 -64.5 4.086524818927348 20
0000 0003 1710579226707 -71.5625 -72.0 5.0253210611133605 20
0000 0012 1710579226707 -169.25 -70.5 5.675728915176872 20
0000 0000 1710579226708 71.5625 -71.5 3.4054373491061236 20
0000 0003 1710579226708 -3.25 -71.5 5.074408446325701 20
0000 0005 1710579226708 -13.0 -58.5 5.460971604872882 20
0000 0015 1710579226708 65.0625 -65.5 3.834951969714103 20
0000 0007 1710579226709 16.25 -60.0 3.0372819600135696 20
0000 0014 1710579226709 29.25 -58.0 1.184233168247715 20
0000 0012 1710579226709 -121.25 -72.0 5.749359992995383 20
0000 0000 1710579226951 -15.4375 -74.5 0.24850488763747386 20
0000 0005 1710579226952 -65.0625 -58.5 5.546874528994478 20
0000 0007 1710579226952 35.75 -60.0 3.031146036862027 20
0000 0003 1710579226952 -221.3125 -71.5 5.080544369477243 20
0000 0015 1710579226952 13.0 -65.0 3.8840393549264434 20
0000 0014 1710579226953 9.75 -58.5 1.1719613219446299 20
0000 0012 1710579226953 237.5625 -72.0 4.9394181369917645 20
0000 0000 1710579226953 1.625 -74.0 0.23316507975861744 20
0000 0014 1710579226954 39.0 -58.5 1.0983302441261191 20
0000 0007 1710579226954 0.0 -60.0 3.11091303783208 20
0000 0003 1710579226954 -81.375 -70.5 4.97623367590102 20
0000 0015 1710579226955 -58.5625 -65.5 3.9760782021995817 20
0000 0005 1710579226955 13.8125 -58.5 5.45483568172134 20
0000 0012 1710579226956 -61.8125 -73.5 5.626641529964532 20
0000 0000 1710579226956 10.5625 -74.5 3.368621810196868 20
