0001 0008 1711358925858 19.5 -60.5 1.043106935762236 18
0001 0011 1711358925859 -29.25 -64.0 3.429981041712294 18
0001 0010 1711358925859 -74.8125 -65.0 3.890175278077986 18
0001 0015 1711358925860 81.375 -66.0 2.8102528034064944 18
0001 0005 1711358925861 -3.25 -58.5 5.5284667595398505 18
0001 0007 1711358925861 -13.0 -58.5 3.9699422790480394 18
0001 0003 1711358925861 -143.1875 -71.0 5.227806525114265 18
0001 0014 1711358925862 48.8125 -62.0 5.841398840268521 18
0001 0000 1711358925862 -68.3125 -70.5 3.1968159619536762 18
0001 0004 1711358925862 3.625 -73.5 0.28838838812250056 18
0001 0001 1711358925863 2.4375 -76.0 5.8659425328746915 18
0001 0009 1711358926109 -3.375 -77.5 5.3627968344482015 18
0001 0014 1711358926109 -29.25 -62.5 5.890486225480862 18
0001 0005 1711358926110 6.5 -58.5 5.5100589900852235 18
0001 0003 1711358926110 126.9375 -69.5 4.884194828627882 18
0001 0008 1711358926110 29.25 -60.5 1.0492428589137786 18
0001 0007 1711358926111 -19.5 -59.0 3.988350048502667 18
0001 0000 1711358926111 -100.875 -70.0 3.184544115650591 18
0001 0015 1711358926111 -35.75 -65.5 3.08636934522591 18
0001 0011 1711358926111 45.5625 -64.5 3.2397674240144743 18
0001 0010 1711358926112 6.5 -64.5 3.749049045592507 18
0001 0001 1711358926112 260.375 -73.5 5.411884219660542 18
0001 0004 1711358926112 0.0 -73.5 0.25770877236478773 18
0001 0009 1711358926294 6.8125 -78.0 5.0682725231741586 18
0001 0003 1711358926294 -55.3125 -70.5 5.074408446325701 18
0001 0005 1711358926295 -3.25 -59.0 5.485515297479052 18
0001 0008 1711358926295 45.5625 -60.0 0.9878836273983529 18
0001 0015 1711358926295 -78.0625 -66.0 3.067961575771282 18
0001 0007 1711358926296 -19.5 -59.5 3.988350048502667 18
0001 0014 1711358926296 35.75 -62.0 5.810719224510809 18
0001 0011 1711358926296 -26.0 -64.0 3.393165502803038 18
0001 0010 1711358926297 26.0 -65.5 3.7122335066832517 18
0001 0001 1711358926297 -185.5 -74.0 6.191146459906448 18
0001 0000 1711358926297 -94.375 -71.0 3.215223731408304 18
0001 0004 1711358926297 -6.0625 -74.0 3.411573272257666 18
0001 0009 1711358926298 3.6875 -77.5 5.178719139901925 18
0001 0008 1711358926299 3.25 -60.5 1.0737865515199487 18
0001 0005 1711358926299 -52.0625 -58.5 5.626641529964532 18
0001 0015 1711358926299 91.125 -66.5 2.8102528034064944 18
0001 0010 1711358926299 -19.5 -64.5 3.730641276137879 18
0001 0014 1711358926300 -13.0 -62.0 5.890486225480862 18
0001 0011 1711358926300 -9.75 -64.0 3.356349963893783 18
0001 0007 1711358926300 -13.0 -59.0 4.006757817957295 18
0001 0003 1711358926301 -32.5 -70.0 5.049864753719531 18
0001 0000 1711358926301 -13.0 -70.5 3.074097498922825 18
0001 0001 1711358926358 75.625 -75.0 5.783107570328867 18
0001 0004 1711358926359 -11.5625 -74.0 0.3313398501832985 18
0001 0009 1711358926558 5.5625 -77.5 5.197126909356553 18
0001 0011 1711358926558 32.5 -64.0 3.2888548092268146 18
0001 0005 1711358926558 -35.75 -59.0 5.595961914206819 18
0001 0003 1711358926558 -152.9375 -71.0 5.190990986205009 18
0001 0014 1711358926559 29.25 -62.0 5.841398840268521 18
0001 0000 1711358926559 -133.4375 -71.5 3.4606606574700063 18
0001 0010 1711358926560 -16.25 -64.5 3.6324665057131984 18
0001 0007 1711358926560 -6.5 -58.5 4.0128937411088375 18
0001 0008 1711358926560 3.25 -61.0 1.0921943209745766 18
0001 0015 1711358926561 -68.3125 -66.0 3.147728576741336 18
0001 0001 1711358926561 -16.25 -74.0 5.994796919057086 18
0001 0004 1711358926561 1.8125 -74.0 0.20248546400090464 18
0001 0009 1711358926562 -6.0 -77.5 5.5284667595398505 18
0001 0010 1711358926563 19.5 -64.5 3.6447383520162835 18
0001 0015 1711358926563 -81.375 -67.0 3.11091303783208 18
0001 0011 1711358926563 -48.8125 -64.5 3.3379421944391554 18
0001 0008 1711358926563 -6.5 -60.5 1.0983302441261191 18
0001 0005 1711358926564 19.5 -58.5 5.534602682691394 18
0001 0014 1711358926564 -3.25 -62.0 5.884350302329319 18
0001 0007 1711358926564 -29.25 -59.0 4.025165587411922 18
0001 0000 1711358926565 -29.25 -71.5 3.2520392703175593 18
0001 0003 1711358926565 -19.5 -70.0 5.117359908386499 18
0001 0001 1711358926565 195.25 -74.5 5.577554144752192 18
0001 0004 1711358926609 -4.875 -73.5 0.2454369260617026 18
0001 0009 1711358926814 3.125 -77.5 5.092816215780329 18
0001 0005 1711358926814 -19.5 -58.5 5.595961914206819 18
0001 0007 1711358926815 -13.0 -59.0 4.000621894805752 18
0001 0015 1711358926815 42.3125 -67.0 2.9145634969827183 18
0001 0000 1711358926815 -91.125 -73.0 3.2581751934691017 18
0001 0011 1711358926815 -45.5625 -64.5 3.4054373491061236 18
0001 0008 1711358926816 10.5625 -61.0 1.0921943209745766 18
0001 0003 1711358926816 45.5625 -70.5 5.00077736850719 18
0001 0014 1711358926816 -61.8125 -62.0 5.9518454569962875 18
0001 0001 1711358926817 29.25 -75.0 5.838330878692751 18
0001 0004 1711358926817 11.5625 -73.5 3.368621810196868 18
0001 0009 1711358926817 6.125 -78.0 5.049864753719531 18
0001 0010 1711358926818 -42.3125 -64.5 3.6999616603801666 18
0001 0001 1711358926818 -136.6875 -73.5 6.092971689481767 18
0001 0008 1711358926819 -13.8125 -61.0 1.086058397823034 18
0001 0007 1711358926819 -22.75 -59.0 3.9944859716542096 18
0001 0005 1711358926819 -19.5 -58.5 5.602097837358362 18
0001 0015 1711358926820 0.0 -66.5 3.018874190558942 18
0001 0011 1711358926820 -9.75 -65.0 3.2888548092268146 18
0001 0014 1711358926820 22.75 -62.0 5.8659425328746915 18
0001 0003 1711358926821 104.125 -72.5 4.847379289718626 18
0001 0000 1711358926821 -136.6875 -73.0 3.2643111166206444 18
0001 0004 1711358926858 7.3125 -73.5 0.14112623248547898 18
0001 0009 1711358927077 6.125 -77.5 4.988505522204105 18
0001 0015 1711358927078 117.125 -66.5 2.82252464970958 18
0001 0003 1711358927078 42.3125 -71.5 5.019185137961818 18
0001 0011 1711358927078 35.75 -64.5 3.3440781175906977 18
0001 0007 1711358927079 -16.25 -59.0 4.006757817957295 18
0001 0014 1711358927079 16.25 -62.0 5.841398840268521 18
0001 0005 1711358927079 9.75 -58.5 5.559146375297564 18
0001 0008 1711358927080 -16.25 -61.0 1.1228739367322893 18
0001 0010 1711358927080 -26.0 -64.5 3.6570101983193686 18
0001 0000 1711358927081 -9.75 -71.5 3.184544115650591 18
0001 0001 1711358927081 -52.0625 -73.0 5.988660995905543 18
0001 0004 1711358927081 9.125 -73.0 0.15339807878856412 18
0001 0009 1711358927082 3.875 -77.5 5.258486140871978 18
0001 0005 1711358927083 -26.0 -58.5 5.675728915176872 18
0001 0003 1711358927083 117.125 -71.5 4.9823695990525625 18
0001 0000 1711358927083 -58.5625 -72.5 3.509748042682347 18
0001 0011 1711358927084 35.75 -65.5 3.227495577711389 18
0001 0007 1711358927084 -9.75 -59.0 3.9760782021995817 18
0001 0008 1711358927084 87.0625 -62.5 0.9633399347921826 18
0001 0010 1711358927084 22.75 -65.0 3.485204350076177 18
0001 0015 1711358927085 42.3125 -65.5 2.9145634969827183 18
0001 0014 1711358927085 -71.5625 -62.5 6.007068765360171 18
0001 0001 1711358927085 65.0625 -73.5 6.000932842208628 18
0001 0004 1711358927108 -14.0 -73.5 3.380893656499953 18
0001 0009 1711358927341 0.875 -78.5 2.0923497946760143 18
0001 0010 1711358927341 -71.5625 -65.5 3.6017868899554855 18
0001 0015 1711358927342 13.0 -67.0 2.736621725587984 18
0001 0007 1711358927342 -3.25 -59.0 3.9638063558964967 18
0001 0003 1711358927342 48.8125 -71.0 5.577554144752192 18
0001 0011 1711358927343 29.25 -66.0 3.117048960983623 18
0001 0014 1711358927343 -52.0625 -63.0 6.007068765360171 18
0001 0005 1711358927343 -22.75 -58.5 6.074563920027139 18
0001 0008 1711358927343 7.3125 -65.0 1.1535535524900022 18
0001 0001 1711358927344 -120.4375 -74.0 0.5829126993965437 18
0001 0000 1711358927344 87.875 -71.5 3.7551849687440497 18
0001 0009 1711358927344 -21.3125 -77.5 5.816855147662351 18
0001 0004 1711358927345 20.125 -72.5 0.5092816215780329 18
0001 0011 1711358927345 -16.25 -67.5 3.1231848841351653 18
0001 0014 1711358927346 16.25 -65.0 5.534602682691394 18
0001 0005 1711358927346 -3.25 -57.5 0.25770877236478773 18
0001 0010 1711358927346 -42.3125 -65.5 3.8410878928656453 18
0001 0007 1711358927347 -13.0 -58.5 4.04357335686655 18
0001 0008 1711358927347 -6.5 -66.5 1.6689710972195777 18
0001 0003 1711358927347 9.75 -72.5 6.135923151542564 18
0001 0000 1711358927347 -81.375 -73.0 4.914874444385594 18
0001 0001 1711358927348 214.8125 -72.0 1.4664856332186729 18
0001 0009 1711358927600 -5.4375 -77.0 6.007068765360171 18
0001 0010 1711358927601 68.3125 -65.5 4.06811704947272 18
0001 0011 1711358927601 32.5 -68.0 3.2888548092268146 18
0001 0009 1711358927601 16.25 -75.0 3.54042765844006 18
0001 0000 1711358927602 -39.0 -72.0 6.080699843178682 18
0001 0007 1711358927602 -29.25 -57.5 4.184699589352029 18
0001 0005 1711358927602 -6.5 -56.0 1.2087768608538851 18
0001 0001 1711358927602 -130.1875 -71.5 4.049709280018092 18
0001 0014 1711358927603 5.4375 -73.0 5.595961914206819 18
0001 0003 1711358927603 -14.0 -79.0 0.018407769454627694 18
0001 0005 1711358927604 0.0 -55.5 2.5341362615870793 18
0001 0010 1711358927604 6.5 -67.0 4.614214209960009 18
0001 0014 1711358927605 192.0 -69.5 1.9941750242513334 18
0001 0011 1711358927605 -87.875 -69.0 4.104932588381976 18
0001 0009 1711358927605 113.875 -72.0 4.509903516383785 18
0001 0007 1711358927606 -35.75 -58.0 4.767612288748572 18
0001 0008 1711358927606 6.5 -67.0 1.9757672547967058 18
0001 0001 1711358927606 78.0625 -69.5 0.02454369260617026 18
0001 0004 1711358927606 136.6875 -69.0 2.8838838812250054 18
0001 0003 1711358927859 24.375 -76.0 4.779884135051658 18
0001 0000 1711358927859 10.9375 -76.5 5.66959299202533 18
0001 0011 1711358927860 87.875 -71.0 4.503767593232243 18
0001 0009 1711358927860 -3.25 -64.5 1.1780972450961724 18
0001 0010 1711358927860 -52.0625 -65.5 5.620505606812989 18
0001 0005 1711358927861 -6.5 -59.5 4.681709364626977 18
0001 0008 1711358927861 35.75 -68.0 3.32567034813607 18
0001 0007 1711358927861 42.3125 -65.0 1.141281706186917 18
0001 0014 1711358927861 107.375 -68.0 2.12916533358527 18
0001 0001 1711358927862 107.375 -68.0 2.3439226438892597 18
0001 0004 1711358927862 -32.5 -62.0 4.442408361716817 18
0001 0003 1711358927862 14.625 -76.5 0.14726215563702155 18
0001 0000 1711358927863 -18.875 -79.0 1.7548740213411735 18
0001 0015 1711358927863 5.75 -74.5 1.4051264017032472 18
0001 0006 1711358927863 4.6875 -74.5 0.6749515466696822 18
0001 0007 1711358928024 -19.5 -63.5 5.332117218690489 18
0001 0009 1711358928024 22.75 -60.0 4.411728745959104 18
0001 0005 1711358928024 6.5 -62.5 1.7794177139473437 18
0001 0001 1711358928025 16.25 -69.5 4.706253057233147 18
0001 0011 1711358928025 -87.875 -65.5 2.5893595699509624 18
0001 0004 1711358928025 100.875 -66.0 4.816699673960914 18
0001 0010 1711358928025 -35.75 -61.0 3.1231848841351653 18
0001 0014 1711358928026 35.75 -69.0 2.411417798556228 18
0001 0006 1711358928026 126.9375 -70.0 0.7792622402459057 18
0001 0015 1711358928026 -38.25 -72.0 1.8530487917658545 18
0001 0000 1711358928026 15.25 -77.0 1.0737865515199487 18
0001 0008 1711358928027 7.625 -73.0 0.4295146206079795 18
0001 0013 1711358928027 -11.6875 -77.0 6.1850105367549055 18
0001 0008 1711358928027 26.0 -65.5 4.2031073588066565 18
0001 0011 1711358928028 -16.25 -67.5 3.479068426924634 18
0001 0004 1711358928028 -68.3125 -68.0 0.34974761963792617 18
0001 0015 1711358928028 19.5 -68.0 6.111379458936394 18
0001 0005 1711358928028 -19.5 -54.5 4.356505437595221 18
0001 0007 1711358928029 61.8125 -60.5 2.5280003384355365 18
0001 0010 1711358928029 61.8125 -67.0 1.3192234775816514 18
0001 0001 1711358928029 9.75 -70.5 0.4172427743048944 18
0001 0012 1711358928109 6.6875 -75.0 6.129787228391022 18
0001 0013 1711358928109 5.4375 -76.0 5.325981295538946 18
0001 0009 1711358928109 3.0 -69.0 6.264777537724958 18
0001 0003 1711358928109 1.1875 -78.5 4.565126824747668 18
0001 0006 1711358928110 2.5625 -75.0 4.1417481272912315 18
0001 0014 1711358928306 1.75 -73.5 5.724816300389213 18
0001 0001 1711358928306 84.625 -70.5 6.22182607566416 18
0001 0006 1711358928306 237.5625 -71.0 1.3437671701878218 18
0001 0007 1711358928306 29.25 -59.0 4.356505437595221 18
0001 0012 1711358928307 13.0 -65.0 1.3314953238847365 18
0001 0009 1711358928307 -22.75 -57.5 4.92714629068868 18
0001 0005 1711358928307 -9.75 -55.0 5.190990986205009 18
0001 0008 1711358928307 -6.5 -68.0 5.626641529964532 18
0001 0010 1711358928308 -35.75 -63.0 4.09266074207889 18
0001 0004 1711358928308 -39.0 -66.0 1.141281706186917 18
0001 0015 1711358928308 -32.5 -61.5 0.4908738521234052 18
0001 0011 1711358928309 16.25 -67.0 1.1535535524900022 18
0001 0013 1711358928310 29.25 -68.0 5.976389149602458 18
0001 0003 1711358928310 -36.5625 -78.0 5.049864753719531 18
0001 0009 1711358928310 -45.5625 -59.5 5.111223985234957 18
0001 0010 1711358928311 0.0 -62.5 4.368777283898306 18
0001 0007 1711358928311 -9.75 -59.0 5.013049214810275 18
0001 0006 1711358928311 45.5625 -70.5 2.6445828783148455 18
0001 0012 1711358928311 48.8125 -59.0 0.4663301595172349 18
0001 0004 1711358928312 -32.5 -68.0 1.761009944492716 18
0001 0001 1711358928312 -201.8125 -73.0 6.092971689481767 18
0001 0015 1711358928312 -32.5 -61.0 0.39269908169872414 18
0001 0005 1711358928312 -26.0 -56.0 5.442563835418255 18
0001 0011 1711358928313 68.3125 -66.5 2.5893595699509624 18
0001 0013 1711358928313 -55.3125 -65.0 6.086835766330224 18
0001 0008 1711358928313 152.9375 -69.0 5.915029918087033 18
0001 0003 1711358928358 6.6875 -77.5 1.4173982480063325 18
0001 0000 1711358928359 -1.8125 -79.0 1.41126232485479 18
0001 0012 1711358928564 16.25 -57.0 1.055378782065321 18
0001 0001 1711358928564 -322.25 -72.5 6.013204688511713 18
0001 0004 1711358928564 87.875 -69.0 1.6812429435226628 18
0001 0005 1711358928565 -9.75 -56.0 5.45483568172134 18
0001 0009 1711358928565 -58.5625 -59.5 5.21553467881118 18
0001 0013 1711358928565 0.0 -65.0 0.04295146206079795 18
0001 0010 1711358928566 -9.75 -61.5 4.6448938257177215 18
0001 0015 1711358928566 22.75 -61.0 0.30066023442558565 18
0001 0008 1711358928566 21.125 -70.0 6.215690152512618 18
0001 0007 1711358928566 29.25 -59.5 5.307573526084319 18
0001 0011 1711358928567 9.75 -67.5 3.043417883165112 18
0001 0006 1711358928567 -45.5625 -69.5 3.3747577333484107 18
0001 0000 1711358928567 29.25 -78.0 4.270602513473625 18
0001 0003 1711358928568 -7.875 -77.0 4.442408361716817 18
0001 0007 1711358928568 0.0 -59.5 5.522330836388308 18
0001 0012 1711358928568 -16.25 -57.0 1.2885438618239387 18
0001 0009 1711358928568 32.5 -60.5 5.160311370447297 18
0001 0015 1711358928569 26.0 -61.5 0.3190680038802134 18
0001 0010 1711358928569 -16.25 -60.5 5.0253210611133605 18
0001 0011 1711358928569 -65.0625 -67.5 3.2397674240144743 18
0001 0008 1711358928570 170.0625 -69.0 6.068427996875596 18
0001 0013 1711358928571 22.75 -64.5 0.1595340019401067 18
0001 0006 1711358928571 -6.5 -70.5 3.380893656499953 18
0001 0004 1711358928571 45.5625 -68.5 1.748738098189631 18
0001 0005 1711358928572 -61.8125 -56.0 5.553010452146021 18
0001 0001 1711358928572 -149.6875 -73.0 5.485515297479052 18
0001 0003 1711358928608 -3.0 -77.0 1.3130875544301088 18
0001 0000 1711358928818 -9.75 -78.5 1.3437671701878218 18
0001 0004 1711358928818 9.75 -68.5 1.6444274046134073 18
0001 0012 1711358928818 22.75 -56.5 1.2026409377023426 18
0001 0010 1711358928819 0.0 -60.0 5.049864753719531 18
0001 0007 1711358928819 -16.25 -59.0 5.632777453116074 18
0001 0008 1711358928819 -91.125 -70.0 0.11658253987930872 18
0001 0015 1711358928820 22.75 -61.0 0.28225246497095796 18
0001 0005 1711358928820 9.75 -56.0 5.47937937432751 18
0001 0009 1711358928820 6.5 -61.0 5.080544369477243 18
0001 0011 1711358928820 -45.5625 -67.5 3.018874190558942 18
0001 0006 1711358928821 9.75 -71.5 3.442252888015379 18
0001 0013 1711358928821 55.3125 -64.0 0.1227184630308513 18
0001 0001 1711358928821 -71.5625 -72.5 5.313709449235861 18
0001 0003 1711358928822 13.375 -77.0 4.338097668140593 18
0001 0000 1711358928822 7.3125 -79.0 1.3008157081270237 18
0001 0007 1711358928822 -6.5 -58.5 5.632777453116074 18
0001 0009 1711358928822 -22.75 -61.0 4.994641445355648 18
0001 0004 1711358928823 -166.0 -68.5 1.8714565612204823 18
0001 0005 1711358928823 -39.0 -55.5 5.608233760509904 18
0001 0010 1711358928823 22.75 -60.0 5.166447293598839 18
0001 0015 1711358928824 3.25 -61.5 0.23930100291016002 18
0001 0012 1711358928824 3.25 -57.0 1.1965050145508 18
0001 0001 1711358928824 -113.875 -75.0 5.393476450205914 18
0001 0013 1711358928824 -9.75 -64.5 0.23316507975861744 18
0001 0008 1711358928825 -58.5625 -69.5 6.129787228391022 18
0001 0011 1711358928825 -6.5 -68.0 3.0127382674073995 18
0001 0006 1711358928826 -234.3125 -69.5 3.816544200259475 18
0001 0003 1711358929009 5.75 -78.5 4.3933209765044765 18
0001 0000 1711358929009 -4.875 -78.5 4.473087977474529 18
0001 0011 1711358929009 -6.5 -67.5 3.1231848841351653 18
0001 0005 1711358929009 -29.25 -55.5 5.565282298449106 18
0001 0012 1711358929010 6.5 -57.0 1.227184630308513 18
0001 0007 1711358929010 -3.25 -59.0 5.64504929941916 18
0001 0006 1711358929010 -94.375 -70.5 3.6692820446224537 18
0001 0004 1711358929011 133.4375 -69.0 1.4296700943094176 18
0001 0015 1711358929011 -9.75 -61.5 0.3436116964863836 18
0001 0009 1711358929011 13.0 -61.0 4.994641445355648 18
0001 0008 1711358929012 -94.375 -69.5 0.01227184630308513 18
0001 0010 1711358929012 -52.0625 -60.0 5.350524988145116 18
0001 0013 1711358929012 9.75 -64.5 0.34974761963792617 18
0001 0001 1711358929012 -126.9375 -73.0 5.589825991055276 18
0001 0003 1711358929013 -10.9375 -77.0 1.3437671701878218 18
0001 0000 1711358929013 -6.0625 -79.0 4.4362724385652745 18
0001 0011 1711358929110 97.625 -67.5 3.0372819600135696 18
0001 0013 1711358929110 -3.25 -64.5 0.4172427743048944 18
0001 0015 1711358929110 3.25 -61.0 0.34974761963792617 18
0001 0010 1711358929111 19.5 -60.0 5.240078371417351 18
0001 0009 1711358929111 -6.5 -61.5 4.9823695990525625 18
0001 0008 1711358929111 30.875 -70.0 6.154330920997192 18
0001 0007 1711358929111 -26.0 -59.5 5.681864838328415 18
0001 0006 1711358929112 -113.875 -69.5 3.7551849687440497 18
0001 0012 1711358929112 -3.25 -57.0 1.325359400733194 18
0001 0004 1711358929112 32.5 -69.0 1.5585244804918115 18
0001 0005 1711358929113 -19.5 -55.5 5.546874528994478 18
0001 0001 1711358929113 -139.9375 -73.0 5.608233760509904 18
0001 0003 1711358929244 9.75 -76.5 4.3933209765044765 18
0001 0000 1711358929244 -16.4375 -79.0 4.129476280988146 18
0001 0005 1711358929244 -19.5 -55.5 5.595961914206819 18
0001 0015 1711358929245 -19.5 -61.0 0.34974761963792617 18
0001 0010 1711358929245 81.375 -59.5 5.190990986205009 18
0001 0009 1711358929245 -32.5 -61.0 5.062136600022616 18
0001 0007 1711358929246 13.0 -59.0 5.688000761479957 18
0001 0013 1711358929246 3.25 -65.0 0.4908738521234052 18
0001 0012 1711358929246 26.0 -56.5 1.2762720155208536 18
0001 0011 1711358929246 35.75 -66.5 3.11091303783208 18
0001 0008 1711358929247 -13.8125 -69.5 0.02454369260617026 18
0001 0001 1711358929247 104.125 -72.0 5.178719139901925 18
0001 0004 1711358929247 35.75 -69.5 1.509437095279471 18
0001 0006 1711358929248 52.0625 -70.0 3.902447124381071 18
0001 0000 1711358929248 -17.6875 -79.0 1.2210487071569704 18
0001 0003 1711358929248 33.5625 -77.0 4.479223900626073 18
0001 0013 1711358929359 39.0 -65.0 0.4479223900626072 18
0001 0015 1711358929359 0.0 -61.5 0.35588354278946877 18
0001 0004 1711358929359 -152.9375 -70.0 1.9205439464328227 18
0001 0008 1711358929359 -48.8125 -69.5 0.018407769454627694 18
0001 0001 1711358929360 0.0 -72.0 5.448699758569798 18
0001 0006 1711358929360 -107.375 -70.0 4.01902966426038 18
0001 0012 1711358929360 26.0 -56.5 1.2946797849754812 18
0001 0010 1711358929361 -35.75 -59.5 5.442563835418255 18
0001 0005 1711358929361 -16.25 -55.5 5.6143696836614465 18
0001 0007 1711358929361 -32.5 -59.0 5.7616318392984684 18
0001 0011 1711358929361 6.5 -67.5 3.2213596545598464 18
0001 0009 1711358929362 48.8125 -61.0 4.890330751779424 18
0001 0003 1711358929500 -6.6875 -77.0 4.344233591292136 18
0001 0000 1711358929500 -6.0625 -78.0 4.362641360746763 18
0001 0005 1711358929501 -13.0 -55.5 5.583690067903734 18
0001 0013 1711358929501 -32.5 -64.0 1.0492428589137786 18
0001 0010 1711358929501 -32.5 -59.5 5.792311455056181 18
0001 0007 1711358929501 -39.0 -59.0 5.749359992995383 18
0001 0009 1711358929502 32.5 -61.0 5.307573526084319 18
0001 0011 1711358929502 133.4375 -67.0 3.4054373491061236 18
0001 0012 1711358929502 -19.5 -56.0 1.6996507129772904 18
0001 0001 1711358929503 104.125 -71.0 5.184855063053467 18
0001 0008 1711358929504 26.0 -69.5 6.12365130523948 18
0001 0015 1711358929504 -9.75 -61.5 0.380427235395639 18
0001 0003 1711358929504 -68.3125 -74.0 4.601942363656923 18
0001 0006 1711358929505 -58.5625 -69.5 3.9453985864418692 18
0001 0004 1711358929505 42.3125 -68.5 1.6014759425526093 18
0001 0000 1711358929505 37.8125 -78.5 4.123340357836604 18
0001 0007 1711358929609 48.8125 -59.0 5.546874528994478 18
0001 0012 1711358929609 6.5 -56.5 1.6444274046134073 18
0001 0005 1711358929609 -32.5 -55.5 5.516194913236766 18
0001 0015 1711358929609 39.0 -61.0 0.30679615757712825 18
0001 0011 1711358929610 -6.5 -67.0 3.5588354278946874 18
0001 0009 1711358929610 22.75 -61.5 5.338253141842031 18
0001 0008 1711358929610 -83.0 -69.0 0.04908738521234052 18
0001 0010 1711358929611 -26.0 -59.0 5.884350302329319 18
0001 0001 1711358929611 6.5 -73.0 5.5100589900852235 18
0001 0013 1711358929611 39.0 -64.0 0.9694758579437253 18
0001 0004 1711358929611 -74.8125 -68.5 1.8346410223112268 18
0001 0006 1711358929612 -55.3125 -71.0 3.9392626632903265 18
0001 0003 1711358929750 12.8125 -77.0 4.411728745959104 18
0001 0000 1711358929750 52.4375 -78.0 4.2092432819582 18
0001 0004 1711358929750 -55.3125 -69.0 1.8039614065535141 18
0001 0015 1711358929751 -22.75 -61.5 0.3374757733348411 18
0001 0012 1711358929751 16.25 -56.5 1.564660403643354 18
0001 0006 1711358929751 58.5625 -70.5 3.6570101983193686 18
0001 0008 1711358929751 -10.5625 -69.0 6.1420590746941075 18
0001 0010 1711358929752 -35.75 -59.0 5.970253226450915 18
0001 0007 1711358929752 6.5 -59.0 5.577554144752192 18
0001 0001 1711358929752 237.5625 -70.5 5.178719139901925 18
0001 0005 1711358929753 6.5 -55.5 5.418020142812084 18
0001 0009 1711358929753 -45.5625 -61.0 5.460971604872882 18
0001 0011 1711358929753 -16.25 -67.0 3.448388811166921 18
0001 0013 1711358929754 19.5 -63.5 0.9694758579437253 18
0001 0003 1711358929754 13.375 -77.0 1.2210487071569704 18
0001 0000 1711358929754 -12.1875 -78.5 1.1106020904292042 18
0001 0008 1711358929859 90.3125 -68.5 6.056156150572511 18
0001 0012 1711358929859 9.75 -57.0 1.5401167110371838 18
0001 0011 1711358929859 39.0 -67.0 3.3870295796514958 18
0001 0010 1711358929860 -22.75 -59.0 5.964117303299373 18
0001 0001 1711358929860 172.5 -72.5 5.258486140871978 18
0001 0009 1711358929860 -3.25 -61.0 5.381204603902829 18
0001 0007 1711358929860 -19.5 -59.0 5.583690067903734 18
0001 0004 1711358929861 139.9375 -68.5 1.2762720155208536 18
0001 0013 1711358929861 13.0 -63.5 1.0983302441261191 18
0001 0006 1711358929861 -13.0 -71.0 3.749049045592507 18
0001 0005 1711358929862 -29.25 -55.5 5.4671075280244255 18
0001 0015 1711358929862 16.25 -61.5 0.3190680038802134 18
0001 0003 1711358930025 25.0 -77.0 4.344233591292136 18
0001 0000 1711358930025 20.75 -78.5 1.0492428589137786 18
0001 0009 1711358930025 -6.5 -61.0 5.43029198911517 18
0001 0007 1711358930026 6.5 -59.0 5.577554144752192 18
0001 0008 1711358930026 87.0625 -69.0 6.000932842208628 18
0001 0010 1711358930026 -22.75 -59.5 5.915029918087033 18
0001 0001 1711358930027 -182.25 -72.5 5.93343768754166 18
0001 0006 1711358930027 -71.5625 -70.5 3.8840393549264434 18
0001 0015 1711358930027 22.75 -61.0 0.3190680038802134 18
0001 0005 1711358930027 -3.25 -55.5 5.442563835418255 18
0001 0013 1711358930028 48.8125 -64.0 0.9817477042468103 18
0001 0004 1711358930028 -97.625 -68.5 1.6689710972195777 18
0001 0012 1711358930029 -13.0 -56.5 1.576932249946439 18
0001 0011 1711358930029 6.5 -68.0 3.5833791205008576 18
0001 0003 1711358930029 -26.1875 -76.0 4.749204519293945 18
0001 0000 1711358930029 4.25 -78.0 4.325825821837508 18
0001 0013 1711358930119 6.5 -63.5 0.9940195505498954 18
0001 0006 1711358930119 -299.4375 -70.0 4.264466590322082 18
0001 0015 1711358930119 19.5 -61.0 0.28838838812250056 18
0001 0012 1711358930120 0.0 -56.5 1.576932249946439 18
0001 0011 1711358930120 48.8125 -67.5 3.429981041712294 18
0001 0005 1711358930120 -9.75 -56.0 5.448699758569798 18
0001 0008 1711358930121 -104.125 -69.0 6.117515382087937 18
0001 0001 1711358930121 -87.875 -71.0 5.45483568172134 18
0001 0010 1711358930121 3.25 -59.5 5.878214379177777 18
0001 0004 1711358930121 94.375 -69.0 1.3621749396424494 18
0001 0007 1711358930122 -29.25 -59.0 5.6941366846315 18
0001 0009 1711358930122 19.5 -61.0 5.4671075280244255 18
0001 0000 1711358930280 -6.6875 -78.5 4.325825821837508 18
0001 0003 1711358930280 23.75 -76.5 4.473087977474529 18
0001 0007 1711358930280 -19.5 -59.0 5.66959299202533 18
0001 0009 1711358930281 -22.75 -60.5 5.559146375297564 18
0001 0015 1711358930281 9.75 -61.5 0.28838838812250056 18
0001 0001 1711358930281 -159.5 -71.0 5.6573211457222445 18
0001 0011 1711358930282 0.0 -67.0 3.5833791205008576 18
0001 0012 1711358930282 9.75 -56.5 1.5892040962495242 18
0001 0010 1711358930282 -29.25 -59.5 5.982525072754001 18
0001 0005 1711358930282 0.0 -55.5 5.405748296509 18
0001 0013 1711358930283 107.375 -63.0 0.859029241215959 18
0001 0008 1711358930283 -19.5 -69.0 6.086835766330224 18
0001 0004 1711358930284 71.5625 -69.5 1.4726215563702154 18
0001 0006 1711358930284 -16.25 -70.5 3.6815538909255388 18
0001 0000 1711358930284 11.5625 -78.5 4.178563666200486 18
0001 0003 1711358930284 12.8125 -76.5 4.509903516383785 18
0001 0008 1711358930494 13.0 -69.5 6.000932842208628 18
0001 0007 1711358930494 3.25 -59.0 5.589825991055276 18
0001 0005 1711358930494 -9.75 -55.5 5.399612373357457 18
0001 0013 1711358930495 -58.5625 -63.5 1.1290098598838318 18
0001 0012 1711358930496 -16.25 -56.5 1.6751070203711202 18
0001 0015 1711358930496 -6.5 -61.0 0.32520392703175593 18
0001 0010 1711358930496 13.0 -60.0 5.93343768754166 18
0001 0011 1711358930497 -32.5 -67.0 3.5711072741977725 18
0001 0001 1711358930497 65.0625 -71.0 5.4671075280244255 18
0001 0009 1711358930497 -48.8125 -61.0 5.589825991055276 18
0001 0006 1711358930497 -139.9375 -69.5 4.074252972624263 18
0001 0004 1711358930498 -94.375 -69.5 1.7916895602504288 18
0001 0003 1711358930498 -30.5 -76.5 4.693981210930062 18
0001 0000 1711358930498 -13.375 -78.0 4.1601558967458585 18
0001 0013 1711358930498 0.0 -63.0 1.0983302441261191 18
0001 0011 1711358930499 -42.3125 -67.0 3.650874275167826 18
0001 0012 1711358930499 3.25 -56.0 1.6873788666742053 18
0001 0001 1711358930499 -139.9375 -71.0 5.9088939949354895 18
0001 0005 1711358930500 -3.25 -55.5 5.399612373357457 18
0001 0008 1711358930500 76.4375 -68.5 6.013204688511713 18
0001 0009 1711358930500 -26.0 -61.0 5.608233760509904 18
0001 0015 1711358930500 29.25 -61.5 0.23316507975861744 18
0001 0006 1711358930501 19.5 -71.0 3.767456815047135 18
0001 0007 1711358930501 -3.25 -58.5 5.608233760509904 18
0001 0004 1711358930502 -6.5 -68.5 1.7916895602504288 18
0001 0010 1711358930502 9.75 -60.0 6.031612457966341 18
0001 0000 1711358930618 25.0 -78.5 4.178563666200486 18
0001 0003 1711358930618 7.625 -77.0 4.4362724385652745 18
