0000 0012 1710405171269 13.0 -53.5 5.595961914206819 12
0000 0011 1710405171270 -6.5 -55.5 3.5465635815916023 12
0000 0005 1710405171270 29.25 -56.5 0.4049709280018093 12
0000 0007 1710405171270 16.25 -56.5 2.184388641949153 12
0000 0000 1710405171271 -41.5 -64.0 1.4296700943094176 12
0000 0004 1710405171271 32.5 -62.0 2.3071071049800045 12
0000 0008 1710405171271 -16.25 -58.0 4.945554060143307 12
0000 0009 1710405171272 10.5625 -57.5 2.000310947402876 12
0000 0003 1710405171272 -13.0 -64.0 4.080388895775806 12
0000 0013 1710405171272 -68.3125 -65.5 6.068427996875596 12
0000 0015 1710405171273 130.1875 -66.5 0.5031456984264903 12
0000 0010 1710405171274 -9.75 -64.5 1.846912868614312 12
0000 0006 1710405171274 -208.3125 -71.5 0.11044661672776616 12
0000 0002 1710405171274 -22.5625 -78.0 0.4049709280018093 12
0000 0009 1710405171275 -30.875 -58.0 1.8775924843720249 12
0000 0012 1710405171275 13.0 -59.5 4.620350133111551 12
0000 0008 1710405171275 13.0 -57.5 4.933282213840222 12
0000 0013 1710405171275 3.25 -61.0 3.466796580621549 12
0000 0015 1710405171276 -3.25 -62.5 0.9878836273983529 12
0000 0005 1710405171276 13.8125 -55.0 0.4908738521234052 12
0000 0004 1710405171276 -6.5 -61.0 1.9144080232812801 12
0000 0000 1710405171277 59.375 -63.5 1.2762720155208536 12
0000 0003 1710405171277 -61.8125 -64.5 4.1172044346850605 12
0000 0007 1710405171277 -9.75 -58.5 2.3930100291016 12
0000 0010 1710405171278 29.25 -64.0 5.822991070813893 12
0000 0002 1710405171382 14.625 -77.0 0.4049709280018093 12
0000 0006 1710405171383 25.625 -73.5 0.030679615757712823 12
0000 0011 1710405171383 3.9375 -76.0 5.332117218690489 12
0000 0008 1710405171527 -13.0 -58.0 4.902602598082509 12
0000 0010 1710405171527 -39.0 -63.5 1.5953400194010667 12
0000 0007 1710405171527 0.0 -58.5 2.3193789512830896 12
0000 0012 1710405171527 -48.8125 -59.0 5.129631754689584 12
0000 0009 1710405171528 17.0625 -58.0 2.024854640009046 12
0000 0004 1710405171528 32.5 -65.0 1.423534171157875 12
0000 0000 1710405171528 59.375 -64.5 1.1965050145508 12
0000 0003 1710405171529 -58.5625 -64.0 4.172427743048944 12
0000 0005 1710405171529 0.0 -55.5 0.3620194659410113 12
0000 0015 1710405171529 -22.75 -57.0 3.5895150436524004 12
0000 0006 1710405171529 123.6875 -70.5 1.2455923997631406 12
0000 0002 1710405171530 -4.25 -77.0 0.4908738521234052 12
0000 0011 1710405171531 -7.3125 -76.5 5.9518454569962875 12
0000 0015 1710405171531 -3.25 -58.0 2.675262494072558 12
0000 0005 1710405171531 29.25 -56.5 0.4479223900626072 12
0000 0007 1710405171531 22.75 -58.0 1.932815792735908 12
0000 0000 1710405171532 -79.75 -64.0 1.7303303287350031 12
0000 0013 1710405171532 52.0625 -60.0 5.031456984264903 12
0000 0012 1710405171532 -27.625 -59.5 5.148039524144211 12
0000 0004 1710405171533 9.75 -60.0 2.270291566070749 12
0000 0008 1710405171533 6.5 -59.0 5.0253210611133605 12
0000 0003 1710405171533 -29.25 -64.0 4.221515128261284 12
0000 0006 1710405171533 113.875 -69.5 0.8713010875190442 12
0000 0011 1710405171534 -61.8125 -71.5 2.350058567040802 12
0000 0009 1710405171534 21.125 -59.5 1.846912868614312 12
0000 0010 1710405171535 42.3125 -63.0 1.8162332528565992 12
0000 0002 1710405171632 -4.875 -76.5 0.4479223900626072 12
0000 0005 1710405171765 42.3125 -56.5 0.6504078540635119 12
0000 0007 1710405171765 19.5 -58.0 1.902136176978195 12
0000 0012 1710405171765 13.8125 -57.0 0.04295146206079795 12
0000 0010 1710405171765 -55.3125 -63.5 1.9144080232812801 12
0000 0006 1710405171766 74.8125 -70.0 2.018718716857504 12
0000 0000 1710405171766 -26.0 -65.5 1.6996507129772904 12
0000 0011 1710405171766 9.75 -57.5 3.3195344249845276 12
0000 0015 1710405171767 81.375 -70.5 4.1417481272912315 12
0000 0003 1710405171767 -22.75 -65.0 4.331961744989051 12
0000 0013 1710405171767 16.25 -62.5 2.7979809571034093 12
0000 0008 1710405171767 -39.0 -60.0 5.062136600022616 12
0000 0009 1710405171768 30.875 -59.5 2.356194490192345 12
0000 0004 1710405171768 6.5 -60.5 2.1537090261914402 12
0000 0002 1710405171768 9.75 -77.0 0.17794177139473438 12
0000 0015 1710405171769 45.5625 -65.0 0.6749515466696822 12
0000 0011 1710405171769 -9.75 -55.0 3.4054373491061236 12
0000 0003 1710405171769 -19.5 -65.0 4.546719055293041 12
0000 0010 1710405171770 3.25 -65.5 2.4175537217077703 12
0000 0008 1710405171770 -26.0 -59.5 5.092816215780329 12
0000 0005 1710405171770 -13.0 -57.5 0.8651651643675016 12
0000 0000 1710405171770 -100.875 -65.0 1.9144080232812801 12
0000 0007 1710405171771 16.25 -57.5 2.3009711818284617 12
0000 0012 1710405171771 7.3125 -54.5 0.06135923151542565 12
0000 0004 1710405171771 9.75 -63.0 2.423689644859313 12
0000 0013 1710405171772 26.0 -64.5 1.4910293258248433 12
0000 0009 1710405171772 -74.8125 -60.0 2.5402721847386216 12
0000 0006 1710405171773 -91.125 -69.5 2.030990563160589 12
0000 0002 1710405171883 10.9375 -77.5 0.25770877236478773 12
0000 0014 1710405171883 -3.6875 -74.5 1.6260196351587797 12
0000 0012 1710405172022 9.75 -60.0 4.411728745959104 12
0000 0009 1710405172022 -13.8125 -61.5 1.9696313316451632 12
0000 0007 1710405172023 13.0 -55.5 3.043417883165112 12
0000 0013 1710405172023 -13.0 -66.5 0.0674951546669682 12
0000 0005 1710405172023 -19.5 -59.0 1.4480778637640452 12
0000 0015 1710405172023 100.875 -66.5 0.4479223900626072 12
0000 0000 1710405172024 13.0 -65.0 1.7119225592803755 12
0000 0014 1710405172024 130.1875 -70.0 1.4664856332186729 12
0000 0003 1710405172024 -39.0 -64.0 4.589670517353839 12
0000 0008 1710405172025 -6.5 -60.0 4.779884135051658 12
0000 0011 1710405172025 -6.5 -59.0 2.8777479580734626 12
0000 0004 1710405172025 16.25 -63.0 2.5464081078901644 12
0000 0010 1710405172026 6.0625 -74.5 0.25157284921324513 12
0000 0002 1710405172026 -9.125 -76.5 0.6135923151542565 12
0000 0003 1710405172026 -39.0 -64.5 4.381049130201391 12
0000 0000 1710405172026 100.875 -64.5 1.521708941582556 12
0000 0007 1710405172027 -32.5 -54.5 4.166291819897402 12
0000 0012 1710405172027 -21.125 -62.0 1.761009944492716 12
0000 0009 1710405172027 -38.1875 -60.0 2.4175537217077703 12
0000 0008 1710405172028 -29.25 -59.0 4.902602598082509 12
0000 0015 1710405172028 81.375 -67.0 0.20248546400090464 12
0000 0004 1710405172028 13.0 -65.0 2.6568547246179306 12
0000 0005 1710405172028 35.75 -56.0 1.423534171157875 12
0000 0011 1710405172029 29.25 -61.5 2.9268353432858034 12
0000 0006 1710405172030 -19.5 -70.0 0.9756117810952678 12
0000 0013 1710405172133 -6.6875 -73.0 6.215690152512618 12
0000 0010 1710405172133 6.6875 -74.0 5.878214379177777 12
0000 0002 1710405172133 5.4375 -76.5 0.6135923151542565 12
0000 0014 1710405172134 -1.8125 -71.5 4.841243366567084 12
0000 0003 1710405172276 19.5 -64.0 4.190835512503572 12
0000 0011 1710405172277 -16.25 -61.5 2.730485802436441 12
0000 0008 1710405172277 -3.25 -57.5 5.123495831538041 12
0000 0007 1710405172277 -35.75 -54.5 3.8410878928656453 12
0000 0015 1710405172277 -6.5 -66.0 0.35588354278946877 12
0000 0009 1710405172278 -62.625 -59.5 2.3316507975861747 12
0000 0004 1710405172278 -3.25 -64.5 2.6384469551633027 12
0000 0010 1710405172278 84.625 -66.5 0.9878836273983529 12
0000 0012 1710405172279 -13.8125 -59.0 3.3379421944391554 12
0000 0000 1710405172279 65.0625 -64.5 1.4726215563702154 12
0000 0006 1710405172279 81.375 -70.5 1.6689710972195777 12
0000 0005 1710405172279 35.75 -55.5 1.2762720155208536 12
0000 0014 1710405172280 94.375 -70.0 0.3374757733348411 12
0000 0013 1710405172280 0.0 -63.0 0.6872233929727672 12
0000 0002 1710405172280 12.1875 -76.5 0.5706408530934585 12
0000 0012 1710405172281 13.0 -54.5 6.056156150572511 12
0000 0003 1710405172281 9.75 -64.0 4.123340357836604 12
0000 0007 1710405172281 29.25 -56.0 2.2089323345553233 12
0000 0015 1710405172282 9.75 -64.5 0.42337869745643697 12
0000 0013 1710405172282 55.3125 -67.0 0.8160777791551611 12
0000 0004 1710405172282 16.25 -62.5 2.7979809571034093 12
0000 0010 1710405172282 -104.125 -64.0 3.6140587362585705 12
0000 0005 1710405172283 6.5 -57.0 0.5645049299419159 12
0000 0008 1710405172283 -26.0 -59.0 5.258486140871978 12
0000 0011 1710405172284 -29.25 -59.5 2.662990647769473 12
0000 0006 1710405172284 -16.25 -68.5 3.724505352986337 12
0000 0000 1710405172284 55.3125 -65.0 1.3989904785517047 12
0000 0009 1710405172285 27.625 -59.5 2.405281875404685 12
0000 0002 1710405172382 6.0625 -76.0 0.5583690067903734 12
0000 0011 1710405172531 -19.5 -58.0 3.5036121195308043 12
0000 0007 1710405172531 35.75 -59.0 0.521553467881118 12
0000 0008 1710405172532 -6.5 -58.0 5.21553467881118 12
0000 0009 1710405172532 10.5625 -60.5 2.1598449493429825 12
0000 0000 1710405172532 -21.125 -64.0 1.6321555583103222 12
0000 0004 1710405172532 -3.25 -59.5 2.675262494072558 12
0000 0003 1710405172533 0.0 -64.5 4.23378697456437 12
0000 0006 1710405172533 -19.5 -64.5 4.0987966652304335 12
0000 0010 1710405172533 -9.75 -63.0 2.184388641949153 12
0000 0012 1710405172534 3.25 -58.0 5.086680292628786 12
0000 0005 1710405172534 0.0 -58.5 0.2086213871524472 12
0000 0015 1710405172535 -279.9375 -71.5 4.9394181369917645 12
0000 0002 1710405172535 50.4375 -75.5 0.4049709280018093 12
0000 0013 1710405172536 10.9375 -68.0 0.6258641614573416 12
0000 0010 1710405172536 45.5625 -64.0 0.11658253987930872 12
0000 0006 1710405172536 -35.75 -63.5 3.9699422790480394 12
0000 0000 1710405172536 27.625 -63.5 1.4173982480063325 12
0000 0015 1710405172537 3.25 -60.0 1.9819031779482483 12
0000 0007 1710405172537 3.25 -60.0 0.8774370106705868 12
0000 0011 1710405172537 29.25 -72.0 2.718213956133356 12
0000 0004 1710405172538 9.75 -57.0 2.172116795646068 12
0000 0003 1710405172538 -61.8125 -64.5 4.09266074207889 12
0000 0005 1710405172538 6.5 -58.0 0.20248546400090464 12
0000 0013 1710405172539 -13.0 -60.5 4.663301595172349 12
0000 0009 1710405172539 -10.5625 -59.5 1.6566992509164924 12
0000 0012 1710405172540 3.25 -58.0 4.264466590322082 12
0000 0008 1710405172540 -19.5 -59.0 4.779884135051658 12
0000 0002 1710405172632 23.75 -76.5 0.19634954084936207 12
0000 0009 1710405172795 24.375 -59.0 2.086213871524472 12
0000 0010 1710405172795 -22.75 -64.5 1.5953400194010667 12
0000 0004 1710405172795 16.25 -59.5 2.172116795646068 12
0000 0000 1710405172796 -7.3125 -63.5 1.325359400733194 12
0000 0005 1710405172796 -9.75 -56.5 0.3436116964863836 12
0000 0012 1710405172796 26.0 -58.5 5.117359908386499 12
0000 0008 1710405172796 -6.5 -56.5 5.080544369477243 12
0000 0003 1710405172797 -32.5 -64.0 3.9760782021995817 12
0000 0007 1710405172797 19.5 -57.5 2.7550294950426117 12
0000 0013 1710405172797 -29.25 -64.5 5.105088062083414 12
0000 0015 1710405172798 6.5 -58.0 2.9206994201342606 12
0000 0006 1710405172798 113.875 -68.0 2.2948352586769194 12
0000 0011 1710405172798 -152.9375 -71.5 2.8777479580734626 12
0000 0002 1710405172798 -1.1875 -76.5 0.5399612373357456 12
0000 0011 1710405172799 -81.375 -65.5 2.141437179888355 12
0000 0008 1710405172799 -19.5 -59.0 4.859651136021712 12
0000 0009 1710405172799 21.125 -59.0 1.859184714917397 12
0000 0007 1710405172800 -16.25 -56.0 2.748893571891069 12
0000 0012 1710405172800 -3.25 -59.5 5.381204603902829 12
0000 0013 1710405172800 -55.3125 -59.5 3.5342917352885173 12
0000 0005 1710405172800 3.25 -55.0 0.42337869745643697 12
0000 0006 1710405172801 -3.25 -69.0 2.2580197197676637 12
0000 0003 1710405172801 -58.5625 -64.5 4.006757817957295 12
0000 0000 1710405172802 22.75 -64.0 1.0983302441261191 12
0000 0004 1710405172803 -52.0625 -59.0 2.116893487282185 12
0000 0010 1710405172803 42.3125 -65.5 0.8222137023067037 12
0000 0015 1710405172804 6.5 -64.0 0.35588354278946877 12
0000 0002 1710405172885 -1.8125 -76.5 0.19634954084936207 12
0000 0000 1710405173025 -45.5625 -64.0 1.2578642460662257 12
0000 0007 1710405173025 -9.75 -58.0 2.2334760271614935 12
0000 0012 1710405173026 -13.8125 -53.0 4.558990901596125 12
0000 0005 1710405173026 -9.75 -56.0 0.4111068511533518 12
0000 0008 1710405173027 -22.75 -59.5 4.933282213840222 12
0000 0004 1710405173027 94.375 -62.0 2.0064468705544187 12
0000 0009 1710405173027 -24.375 -58.5 2.055534255766759 12
0000 0011 1710405173028 -29.25 -54.5 3.3747577333484107 12
0000 0010 1710405173028 0.0 -68.0 1.055378782065321 12
0000 0015 1710405173028 52.0625 -66.5 1.0737865515199487 12
0000 0006 1710405173029 -65.0625 -70.0 2.5586799541932495 12
0000 0013 1710405173029 32.5 -63.5 2.067806102069844 12
0000 0003 1710405173029 -61.8125 -65.5 4.104932588381976 12
0000 0002 1710405173029 117.125 -74.0 0.1595340019401067 12
0000 0005 1710405173030 0.0 -58.5 0.5890486225480862 12
0000 0010 1710405173030 -19.5 -66.0 1.1658253987930873 12
0000 0015 1710405173030 104.125 -63.5 0.4295146206079795 12
0000 0000 1710405173031 -13.8125 -63.5 1.6566992509164924 12
0000 0011 1710405173031 -19.5 -54.0 2.4727770300716534 12
0000 0004 1710405173132 29.25 -60.0 2.9022916506796332 12
0000 0007 1710405173133 52.0625 -57.5 1.6751070203711202 12
0000 0012 1710405173133 27.625 -63.0 4.663301595172349 12
0000 0013 1710405173133 9.75 -63.0 1.1596894756415448 12
0000 0009 1710405173133 38.1875 -59.5 1.6137477888556946 12
0000 0003 1710405173134 -6.5 -64.5 4.289010282928253 12
0000 0008 1710405173134 9.75 -58.5 4.767612288748572 12
0000 0006 1710405173134 -3.25 -68.5 2.564815877344792 12
0000 0002 1710405173135 17.0625 -75.5 0.27304858024364415 12
0000 0014 1710405173192 1.4375 -72.0 1.6137477888556946 12
0000 0011 1710405173192 71.5625 -57.5 2.2089323345553233 12
0000 0004 1710405173193 22.75 -60.0 2.3193789512830896 12
0000 0008 1710405173193 -22.75 -58.5 4.454680208019902 12
0000 0009 1710405173193 7.3125 -59.0 1.1228739367322893 12
0000 0006 1710405173193 -13.0 -66.5 4.104932588381976 12
0000 0015 1710405173194 26.0 -65.0 0.5522330836388308 12
0000 0003 1710405173194 -107.375 -64.5 4.454680208019902 12
0000 0007 1710405173194 6.5 -55.5 1.9082721001297376 12
0000 0005 1710405173195 -6.5 -58.0 0.6872233929727672 12
0000 0012 1710405173195 3.25 -62.0 5.853670686571607 12
0000 0000 1710405173195 -45.5625 -63.5 1.7916895602504288 12
0000 0013 1710405173196 179.0 -69.0 5.945709533844745 12
0000 0014 1710405173196 257.125 -70.0 1.564660403643354 12
0000 0010 1710405173196 -123.6875 -74.5 4.724660826687775 12
0000 0002 1710405173197 33.3125 -75.0 0.25770877236478773 12
0000 0005 1710405173383 16.25 -57.5 0.4663301595172349 12
0000 0004 1710405173383 -26.0 -59.5 2.5280003384355365 12
0000 0008 1710405173383 6.5 -57.5 4.466952054322987 12
0000 0007 1710405173383 -3.25 -55.5 2.429825568010856 12
0000 0011 1710405173384 -3.25 -59.0 2.9697868053466014 12
0000 0003 1710405173384 -29.25 -65.0 4.154019973594316 12
0000 0012 1710405173384 -42.3125 -64.0 0.23930100291016002 12
0000 0009 1710405173385 10.5625 -57.5 1.564660403643354 12
0000 0010 1710405173385 -16.25 -72.5 4.509903516383785 12
0000 0013 1710405173385 71.5625 -69.5 0.05522330836388308 12
0000 0006 1710405173386 71.5625 -67.0 3.1661363461959633 12
0000 0002 1710405173386 104.125 -72.5 0.1902136176978195 12
0000 0000 1710405173387 -13.8125 -65.0 1.2578642460662257 12
0000 0015 1710405173387 19.5 -66.0 0.3313398501832985 12
0000 0014 1710405173387 -3.0 -73.0 1.1535535524900022 12
0000 0008 1710405173560 -16.25 -58.0 4.362641360746763 12
0000 0013 1710405173561 48.8125 -60.0 1.3621749396424494 12
0000 0003 1710405173561 -65.0625 -64.5 3.9760782021995817 12
0000 0011 1710405173561 6.5 -56.0 2.5402721847386216 12
0000 0005 1710405173562 -6.5 -57.0 0.6504078540635119 12
0000 0007 1710405173562 16.25 -55.5 2.5954954931025047 12
0000 0010 1710405173562 -45.5625 -67.0 0.21475731030398976 12
0000 0015 1710405173562 32.5 -64.5 0.1718058482431918 12
0000 0006 1710405173563 -16.25 -68.5 1.8653206380689396 12
0000 0012 1710405173563 55.3125 -57.5 1.1596894756415448 12
0000 0000 1710405173563 59.375 -65.5 0.8467573949128739 12
0000 0009 1710405173564 -27.625 -59.0 1.1596894756415448 12
0000 0004 1710405173564 0.0 -60.5 2.6323110320117604 12
0000 0002 1710405173564 -19.5 -77.0 0.1902136176978195 12
0000 0010 1710405173564 87.875 -64.0 1.3744467859455345 12
0000 0011 1710405173565 6.5 -53.5 2.662990647769473 12
0000 0012 1710405173565 -21.125 -55.0 4.528311285838413 12
0000 0009 1710405173565 10.5625 -58.5 1.3130875544301088 12
0000 0006 1710405173566 16.25 -69.5 2.356194490192345 12
0000 0005 1710405173566 -9.75 -57.5 6.22182607566416 12
0000 0008 1710405173566 42.3125 -59.5 4.399456899656019 12
0000 0004 1710405173566 -9.75 -60.0 2.8838838812250054 12
0000 0015 1710405173567 -9.75 -65.0 0.4356505437595221 12
0000 0000 1710405173567 -10.5625 -66.5 0.8467573949128739 12
0000 0007 1710405173568 35.75 -58.0 1.564660403643354 12
0000 0003 1710405173568 42.3125 -65.0 3.552699504743145 12
0000 0002 1710405173568 341.75 -73.5 6.19728238305799 12
0000 0013 1710405173812 0.9375 -71.0 5.47937937432751 12
0000 0009 1710405173813 -10.5625 -58.0 0.8897088569736719 12
0000 0003 1710405173813 -19.5 -65.5 3.466796580621549 12
0000 0008 1710405173813 -6.5 -59.5 4.0987966652304335 12
0000 0010 1710405173813 9.75 -62.5 5.013049214810275 12
0000 0011 1710405173814 42.3125 -68.5 0.42337869745643697 12
0000 0012 1710405173814 -35.75 -64.0 2.2641556429192065 12
0000 0006 1710405173814 3.25 -65.0 2.773437264497239 12
0000 0005 1710405173815 -6.5 -57.5 5.915029918087033 12
0000 0000 1710405173815 3.25 -65.5 0.7915340865489908 12
0000 0015 1710405173815 -39.0 -66.0 5.712544454086128 12
0000 0013 1710405173815 45.5625 -63.5 2.675262494072558 12
0000 0004 1710405173816 0.0 -58.0 2.325514874434632 12
0000 0007 1710405173816 -6.5 -60.0 0.20248546400090464 12
0000 0007 1710405173816 16.25 -60.5 6.0991076126333095 12
0000 0013 1710405173817 6.5 -62.0 3.77972866135022 12
0000 0012 1710405173818 -7.3125 -60.5 4.172427743048944 12
0000 0015 1710405173818 6.5 -59.0 1.5707963267948966 12
0000 0000 1710405173818 34.9375 -65.0 0.8344855486097889 12
0000 0003 1710405173819 -81.375 -65.5 3.7551849687440497 12
0000 0009 1710405173819 45.5625 -58.5 0.8283496254582462 12
0000 0008 1710405173819 -26.0 -58.5 4.129476280988146 12
0000 0006 1710405173819 19.5 -65.0 2.6016314162540475 12
0000 0004 1710405173820 -9.75 -57.5 2.086213871524472 12
0000 0010 1710405173820 29.25 -63.0 0.1595340019401067 12
0000 0005 1710405173820 9.75 -58.5 5.730952223540755 12
0000 0002 1710405173883 12.1875 -75.5 0.1718058482431918 12
0000 0011 1710405174087 -2.125 -75.0 4.595806440505381 12
0000 0007 1710405174088 22.75 -60.0 0.6013204688511713 12
0000 0012 1710405174088 -52.0625 -62.0 4.601942363656923 12
0000 0003 1710405174088 -19.5 -65.0 3.7122335066832517 12
0000 0005 1710405174088 -29.25 -57.5 6.056156150572511 12
0000 0008 1710405174089 -16.25 -58.0 4.196971435655114 12
0000 0004 1710405174089 0.0 -57.5 2.0064468705544187 12
0000 0000 1710405174089 27.625 -65.0 0.7976700097005334 12
0000 0015 1710405174090 35.75 -60.0 0.8651651643675016 12
0000 0009 1710405174090 -17.0625 -58.5 1.055378782065321 12
0000 0010 1710405174090 6.5 -62.5 0.47860200582032003 12
0000 0006 1710405174090 -16.25 -65.0 2.2641556429192065 12
0000 0013 1710405174091 -32.5 -61.0 3.2213596545598464 12
0000 0011 1710405174091 20.75 -71.0 1.1995729761265714 12
0000 0002 1710405174091 -9.125 -76.5 6.154330920997192 12
0000 0009 1710405174092 10.5625 -59.5 0.9081166264282996 12
0000 0003 1710405174092 -32.5 -65.0 3.7122335066832517 12
0000 0004 1710405174092 19.5 -58.5 2.030990563160589 12
0000 0005 1710405174092 -9.75 -56.5 6.270913460876501 12
0000 0000 1710405174093 22.75 -64.5 0.9817477042468103 12
0000 0012 1710405174093 -13.0 -57.0 4.246058820867455 12
0000 0011 1710405174093 9.75 -56.5 2.60776733940559 12
0000 0010 1710405174094 -26.0 -65.0 6.270913460876501 12
0000 0007 1710405174094 61.8125 -59.0 1.509437095279471 12
0000 0013 1710405174095 0.0 -63.0 1.214912784005428 12
0000 0008 1710405174095 -3.25 -61.0 4.0128937411088375 12
0000 0015 1710405174095 0.0 -66.5 1.030835089459151 12
0000 0002 1710405174137 -17.6875 -76.5 6.117515382087937 12
0000 0011 1710405174349 -9.75 -54.5 2.742757648739526 12
0000 0004 1710405174349 -19.5 -61.0 2.1659808724945253 12
0000 0000 1710405174349 9.75 -64.0 1.4787574795217582 12
0000 0006 1710405174349 68.3125 -68.0 0.5031456984264903 12
0000 0005 1710405174350 3.25 -56.5 0.23930100291016002 12
0000 0015 1710405174350 0.0 -63.5 0.20248546400090464 12
0000 0010 1710405174350 -6.5 -65.5 0.34974761963792617 12
0000 0012 1710405174350 13.8125 -53.0 2.773437264497239 12
0000 0003 1710405174351 6.5 -65.0 3.9760782021995817 12
0000 0009 1710405174352 -7.3125 -58.0 1.055378782065321 12
0000 0007 1710405174352 0.0 -58.0 1.736466251886546 12
0000 0008 1710405174352 -6.5 -59.5 4.190835512503572 12
0000 0013 1710405174353 2.4375 -70.0 0.7271068934577939 12
0000 0002 1710405174353 -2.4375 -76.5 0.3374757733348411 12
0000 0014 1710405174353 4.5625 -73.5 4.608078286808466 12
0000 0006 1710405174353 48.8125 -67.5 0.705631162427395 12
0000 0003 1710405174354 -3.25 -64.5 4.2092432819582 12
0000 0007 1710405174354 -13.0 -54.5 1.8285050991596843 12
0000 0011 1710405174354 -9.75 -58.0 1.2455923997631406 12
0000 0013 1710405174355 26.0 -60.0 1.5155730184310134 12
0000 0008 1710405174355 -13.0 -60.0 3.9699422790480394 12
0000 0005 1710405174355 9.75 -57.5 0.5706408530934585 12
0000 0004 1710405174356 32.5 -59.5 2.073942025221387 12
0000 0012 1710405174356 156.1875 -68.5 1.227184630308513 12
0000 0009 1710405174357 41.5 -60.5 0.28225246497095796 12
0000 0015 1710405174357 39.0 -62.5 6.1850105367549055 12
0000 0000 1710405174357 30.875 -63.0 1.6566992509164924 12
0000 0010 1710405174357 -58.5625 -72.0 3.8410878928656453 12
0000 0014 1710405174617 1.625 -72.5 3.442252888015379 12
0000 0002 1710405174617 3.0 -76.0 0.07363107781851078 12
0000 0005 1710405174618 9.75 -56.5 0.4172427743048944 12
0000 0000 1710405174618 87.0625 -65.0 1.423534171157875 12
0000 0009 1710405174618 3.25 -59.5 0.7179030087304801 12
0000 0015 1710405174618 -16.25 -65.5 6.154330920997192 12
0000 0011 1710405174619 9.75 -59.5 1.8100973297050567 12
0000 0007 1710405174619 -3.25 -55.0 3.0495538063166547 12
0000 0003 1710405174619 -19.5 -64.5 4.356505437595221 12
0000 0008 1710405174620 -16.25 -57.0 4.184699589352029 12
0000 0006 1710405174620 -9.75 -68.5 2.073942025221387 12
0000 0012 1710405174620 -3.25 -58.5 1.2517283229146832 12
0000 0004 1710405174621 26.0 -59.0 1.7671458676442586 12
0000 0010 1710405174621 -71.5625 -71.5 3.6079228131070282 12
0000 0002 1710405174621 -29.25 -74.0 0.18407769454627693 12
0000 0014 1710405174621 -2.25 -71.5 6.068427996875596 12
0000 0013 1710405174622 0.9375 -68.5 0.09817477042468103 12
0000 0000 1710405174759 59.375 -64.0 1.2762720155208536 12
0000 0008 1710405174760 -3.25 -57.0 4.399456899656019 12
0000 0012 1710405174760 48.8125 -60.0 1.4480778637640452 12
0000 0011 1710405174760 -6.5 -60.0 1.2762720155208536 12
0000 0015 1710405174760 -6.5 -62.5 6.031612457966341 12
0000 0006 1710405174761 120.4375 -67.5 1.2087768608538851 12
0000 0005 1710405174761 -3.25 -56.5 0.6258641614573416 12
0000 0009 1710405174761 10.5625 -59.0 0.8283496254582462 12
0000 0007 1710405174762 0.0 -55.5 2.3193789512830896 12
0000 0014 1710405174762 185.5 -71.0 5.049864753719531 12
0000 0003 1710405174762 -13.0 -64.5 4.0987966652304335 12
0000 0004 1710405174762 -3.25 -59.0 2.2580197197676637 12
0000 0013 1710405174763 -16.25 -67.0 0.619728238305799 12
0000 0002 1710405174763 47.1875 -75.5 6.1942144214822195 12
0000 0010 1710405174764 30.0625 -67.5 5.9518454569962875 12
0000 0004 1710405174764 -22.75 -61.5 2.448233337465483 12
0000 0005 1710405174764 6.5 -56.0 0.42337869745643697 12
0000 0012 1710405174765 0.0 -53.0 4.890330751779424 12
0000 0008 1710405174765 0.0 -58.0 4.104932588381976 12
0000 0009 1710405174765 7.3125 -57.5 1.3192234775816514 12
0000 0000 1710405174766 -13.0 -65.0 0.7301748550335652 12
0000 0007 1710405174766 35.75 -56.0 2.043262409463674 12
0000 0011 1710405174766 -19.5 -58.0 2.552544031041707 12
0000 0015 1710405174766 -3.25 -63.5 0.02454369260617026 12
0000 0006 1710405174767 107.375 -73.0 6.234097921967246 12
0000 0010 1710405174767 0.0 -64.0 1.2455923997631406 12
0000 0003 1710405174768 -22.75 -65.0 3.736777199289422 12
0000 0013 1710405174768 -84.625 -68.0 0.28838838812250056 12
0000 0002 1710405174882 3.625 -77.0 6.234097921967246 12
0000 0015 1710405174882 9.75 -66.5 5.7616318392984684 12
0000 0007 1710405174883 35.75 -57.0 1.7548740213411735 12
0000 0005 1710405174883 -9.75 -56.0 6.264777537724958 12
0000 0013 1710405174883 9.75 -66.0 2.1966604882522383 12
0000 0011 1710405174884 -3.25 -56.0 2.024854640009046 12
0000 0004 1710405174884 19.5 -58.0 1.9880391010997909 12
0000 0009 1710405174884 -13.8125 -58.5 0.7424467013366504 12
0000 0008 1710405174884 3.25 -59.0 3.9515345095934116 12
0000 0012 1710405174885 17.0625 -62.5 2.6139032625571326 12
0000 0010 1710405174885 55.3125 -62.5 6.019340611663256 12
0000 0003 1710405174885 26.0 -65.5 3.479068426924634 12
0000 0000 1710405174886 6.5 -65.0 0.5399612373357456 12
0000 0006 1710405174886 -39.0 -69.0 0.47860200582032003 12
0000 0002 1710405175132 -6.0625 -76.0 6.215690152512618 12
0000 0008 1710405175133 19.5 -57.5 4.086524818927348 12
0000 0011 1710405175133 -13.0 -66.5 0.9878836273983529 12
0000 0003 1710405175133 -68.3125 -65.0 3.6386024288647407 12
0000 0004 1710405175133 -32.5 -61.0 1.6382914814618648 12
0000 0009 1710405175134 17.0625 -56.5 0.9142525495798421 12
0000 0015 1710405175134 19.5 -58.0 2.1537090261914402 12
0000 0010 1710405175134 -26.0 -62.5 6.178874613603362 12
0000 0012 1710405175135 21.125 -60.5 4.4976316700806995 12
0000 0013 1710405175135 -19.5 -62.5 4.914874444385594 12
0000 0000 1710405175135 55.3125 -65.0 0.3313398501832985 12
0000 0007 1710405175136 3.25 -59.0 1.5953400194010667 12
0000 0005 1710405175136 3.25 -56.0 6.0991076126333095 12
0000 0006 1710405175136 -84.625 -67.0 0.9878836273983529 12
0000 0002 1710405175136 3.0 -76.5 6.17273869045182 12
0000 0011 1710405175276 -61.8125 -66.5 0.7731263170943632 12
0000 0000 1710405175276 58.5625 -66.0 0.46019423636569234 12
0000 0012 1710405175276 -42.3125 -60.5 4.546719055293041 12
0000 0009 1710405175276 -6.5 -57.0 0.944932165337555 12
0000 0003 1710405175277 -19.5 -65.0 3.8410878928656453 12
0000 0004 1710405175278 9.75 -58.0 1.7241944055834606 12
0000 0013 1710405175278 6.5 -61.5 3.1231848841351653 12
0000 0008 1710405175278 -9.75 -57.5 4.227651051412827 12
0000 0015 1710405175278 16.25 -59.0 1.141281706186917 12
0000 0007 1710405175279 42.3125 -59.5 0.8897088569736719 12
0000 0010 1710405175279 -16.25 -64.0 6.270913460876501 12
0000 0005 1710405175279 9.75 -57.5 6.252505691421874 12
0000 0006 1710405175280 -48.8125 -70.5 6.277049384028044 12
0000 0002 1710405175280 26.1875 -76.5 5.921165841238575 12
0000 0011 1710405175280 26.0 -55.5 2.356194490192345 12
0000 0003 1710405175280 -91.125 -65.5 3.8288160465625602 12
0000 0009 1710405175281 -3.25 -58.0 0.9265243958829272 12
0000 0006 1710405175281 143.1875 -72.5 5.957981380147831 12
0000 0008 1710405175281 -13.0 -62.0 3.792000507653305 12
0000 0013 1710405175282 45.5625 -62.5 1.2762720155208536 12
0000 0012 1710405175282 -21.125 -58.5 4.6448938257177215 12
0000 0007 1710405175282 29.25 -59.0 1.0921943209745766 12
0000 0004 1710405175282 45.5625 -61.0 1.6935147898257479 12
0000 0010 1710405175283 16.25 -64.0 6.227961998815704 12
0000 0005 1710405175283 -9.75 -57.5 0.03681553890925539 12
0000 0015 1710405175284 78.0625 -68.5 1.4603497100671303 12
0000 0000 1710405175284 27.625 -65.5 0.4908738521234052 12
0000 0002 1710405175382 -19.5 -77.5 5.957981380147831 12
0000 0012 1710405175533 0.0 -51.5 3.5711072741977725 12
0000 0007 1710405175533 0.0 -57.5 1.7303303287350031 12
0000 0010 1710405175533 45.5625 -64.0 0.9572040116406401 12
0000 0008 1710405175533 6.5 -61.0 3.9515345095934116 12
0000 0011 1710405175534 -13.0 -59.5 2.2641556429192065 12
0000 0013 1710405175534 13.0 -64.0 1.1351457830353744 12
0000 0009 1710405175534 13.8125 -57.5 1.4971652489763858 12
0000 0004 1710405175535 19.5 -65.0 1.8960002538266525 12
0000 0015 1710405175535 22.75 -63.5 0.07976700097005335 12
0000 0000 1710405175535 -65.875 -64.5 1.1228739367322893 12
0000 0003 1710405175536 -35.75 -66.0 4.006757817957295 12
0000 0005 1710405175536 32.5 -58.5 0.11044661672776616 12
0000 0006 1710405175536 15.25 -74.0 5.43029198911517 12
0000 0002 1710405175537 -3.0 -76.5 0.25770877236478773 12
0000 0008 1710405175537 -19.5 -60.0 3.877903431774901 12
0000 0000 1710405175537 48.8125 -64.5 1.086058397823034 12
0000 0007 1710405175538 9.75 -55.5 1.6321555583103222 12
0000 0006 1710405175538 -6.5 -69.0 0.6258641614573416 12
0000 0011 1710405175538 9.75 -60.5 1.0921943209745766 12
0000 0003 1710405175538 -6.5 -65.0 4.074252972624263 12
0000 0013 1710405175539 13.0 -61.5 1.3989904785517047 12
0000 0005 1710405175539 0.0 -59.5 0.4724660826687775 12
0000 0009 1710405175539 3.25 -58.5 1.1167380135807468 12
0000 0015 1710405175540 -48.8125 -63.0 0.04908738521234052 12
0000 0012 1710405175540 30.875 -59.5 2.8286605728611223 12
0000 0004 1710405175540 58.5625 -62.5 2.1782527187976104 12
0000 0002 1710405175541 6.5 -73.5 0.1349903093339364 12
0000 0010 1710405175632 0.0 -74.5 1.576932249946439 12
0000 0012 1710405175786 -7.3125 -60.5 0.705631162427395 12
0000 0005 1710405175786 -9.75 -57.5 0.44178646691106466 12
0000 0007 1710405175786 -13.0 -55.5 2.399145952253143 12
0000 0003 1710405175786 16.25 -65.0 4.147884050442774 12
0000 0011 1710405175787 22.75 -59.0 2.024854640009046 12
0000 0009 1710405175787 0.0 -58.5 1.3314953238847365 12
0000 0015 1710405175787 -45.5625 -65.0 6.1850105367549055 12
0000 0008 1710405175788 -42.3125 -59.5 4.0558452031696355 12
0000 0000 1710405175788 48.8125 -64.5 1.0799224746714913 12
0000 0004 1710405175788 -149.6875 -65.5 2.098485717827557 12
0000 0006 1710405175788 100.875 -71.0 0.9265243958829272 12
0000 0010 1710405175789 -172.5 -71.5 4.7860200582032 12
0000 0002 1710405175789 -83.8125 -75.0 0.3313398501832985 12
0000 0013 1710405175789 -3.375 -72.5 0.18407769454627693 12
0000 0008 1710405175790 -6.5 -56.5 4.743068596142402 12
0000 0004 1710405175790 45.5625 -64.5 2.1353012567368124 12
0000 0013 1710405175791 -91.125 -68.0 0.36815538909255385 12
0000 0007 1710405175791 -29.25 -55.5 2.5893595699509624 12
0000 0015 1710405175791 -32.5 -64.0 6.264777537724958 12
0000 0000 1710405175791 13.0 -64.5 1.0737865515199487 12
0000 0005 1710405175791 9.75 -57.5 0.7915340865489908 12
0000 0009 1710405175792 17.0625 -57.0 1.8530487917658545 12
0000 0012 1710405175792 -6.5 -63.0 3.9453985864418692 12
0000 0006 1710405175792 -52.0625 -71.0 0.18407769454627693 12
0000 0011 1710405175793 19.5 -60.5 2.0923497946760143 12
0000 0014 1710405175793 -9.75 -70.5 6.135923151542564 12
0000 0003 1710405175793 -152.9375 -64.5 4.454680208019902 12
0000 0010 1710405175885 -18.6875 -73.5 5.264622064023521 12
0000 0002 1710405175886 -18.875 -76.5 0.18407769454627693 12
0000 0015 1710405176057 0.0 -63.0 6.129787228391022 12
0000 0005 1710405176057 26.0 -57.0 0.5460971604872883 12
0000 0007 1710405176058 26.0 -56.0 2.3193789512830896 12
0000 0009 1710405176058 13.8125 -58.5 1.7916895602504288 12
0000 0000 1710405176058 30.875 -65.0 0.9694758579437253 12
0000 0006 1710405176059 -68.3125 -72.0 5.442563835418255 12
0000 0008 1710405176059 -13.0 -59.5 4.503767593232243 12
0000 0011 1710405176059 -45.5625 -59.5 2.356194490192345 12
0000 0012 1710405176059 -10.5625 -54.5 5.8475347634200645 12
0000 0004 1710405176060 0.0 -64.5 2.466641106920111 12
0000 0010 1710405176060 6.5 -64.5 2.2457478734645786 12
0000 0013 1710405176060 -13.0 -61.5 1.8346410223112268 12
0000 0003 1710405176060 61.8125 -65.0 3.988350048502667 12
0000 0002 1710405176061 -0.5625 -77.5 0.18407769454627693 12
0000 0005 1710405176061 -35.75 -57.0 0.3374757733348411 12
0000 0003 1710405176061 -13.0 -65.0 4.000621894805752 12
0000 0009 1710405176062 55.3125 -57.5 1.88986433067511 12
0000 0004 1710405176062 13.0 -63.5 2.405281875404685 12
0000 0008 1710405176062 0.0 -58.5 4.669437518323892 12
0000 0011 1710405176062 -9.75 -60.5 2.4911847995262812 12
0000 0000 1710405176063 9.75 -63.5 1.227184630308513 12
0000 0010 1710405176063 9.75 -64.0 1.0676506283684062 12
0000 0012 1710405176064 -24.375 -54.5 4.828971520263998 12
0000 0013 1710405176064 126.9375 -68.5 1.1903690913992575 12
0000 0007 1710405176065 29.25 -58.0 1.6014759425526093 12
0000 0006 1710405176133 -20.3125 -73.5 5.988660995905543 12
0000 0015 1710405176133 6.0625 -73.0 5.313709449235861 12
0000 0002 1710405176134 -18.875 -76.5 0.28838838812250056 12
