0000 0004 1710405014968 45.5625 -69.0 2.6691265709210157 12
0000 0009 1710405014976 -21.125 -58.0 4.123340357836604 12
0000 0012 1710405014977 -29.25 -55.0 2.7550294950426117 12
0000 0010 1710405014977 -26.0 -63.5 3.6324665057131984 12
0000 0007 1710405014978 48.8125 -60.5 1.9819031779482483 12
0000 0005 1710405014978 22.75 -62.5 2.5709518004963345 12
0000 0003 1710405014979 32.5 -63.5 1.3069516312785663 12
0000 0008 1710405014979 -39.0 -62.0 0.4172427743048944 12
0000 0000 1710405014980 -59.375 -67.0 3.129320807286708 12
0000 0015 1710405014980 48.8125 -63.0 2.6875343403756435 12
0000 0011 1710405014981 0.0 -59.0 5.270757987175063 12
0000 0013 1710405014981 -3.25 -64.5 4.76147636559703 12
0000 0002 1710405014982 6.5 -75.5 5.684932799904186 12
0000 0006 1710405014982 7.3125 -73.0 0.1227184630308513 12
0000 0014 1710405014982 3.375 -73.0 5.6941366846315 12
0000 0001 1710405014983 7.75 -78.0 0.7669903939428205 12
0000 0003 1710405015033 113.875 -66.5 0.4663301595172349 12
0000 0011 1710405015034 45.5625 -59.5 5.227806525114265 12
0000 0007 1710405015035 19.5 -59.5 2.6200391857086753 12
0000 0004 1710405015036 6.5 -67.0 6.19728238305799 12
0000 0009 1710405015037 3.25 -56.0 3.56497135104623 12
0000 0006 1710405015038 -52.0625 -64.5 3.454524734318464 12
0000 0005 1710405015039 -71.5625 -63.0 2.2027964114037806 12
0000 0000 1710405015040 -69.125 -64.5 2.6691265709210157 12
0000 0013 1710405015041 -16.25 -62.5 5.295301679781233 12
0000 0012 1710405015042 -7.3125 -61.0 0.0 12
0000 0010 1710405015043 0.0 -62.5 3.3379421944391554 12
0000 0015 1710405015044 -52.0625 -65.0 1.8714565612204823 12
0000 0008 1710405015046 9.75 -61.5 0.11658253987930872 12
0000 0002 1710405015047 7.3125 -74.0 3.227495577711389 12
0000 0014 1710405015048 3.0 -73.5 6.074563920027139 12
0000 0002 1710405015207 -9.75 -71.5 3.055689729468197 12
0000 0000 1710405015208 -41.5 -66.5 2.423689644859313 12
0000 0009 1710405015209 -30.875 -54.0 3.2704470397721868 12
0000 0006 1710405015210 6.5 -63.5 5.5100589900852235 12
0000 0007 1710405015212 48.8125 -63.5 1.8837284075235674 12
0000 0005 1710405015213 -13.0 -64.5 1.5892040962495242 12
0000 0003 1710405015214 35.75 -66.0 0.3436116964863836 12
0000 0012 1710405015215 13.0 -60.5 0.23316507975861744 12
0000 0010 1710405015216 -39.0 -62.5 2.662990647769473 12
0000 0008 1710405015217 29.25 -61.5 6.074563920027139 12
0000 0015 1710405015218 13.0 -58.5 5.47937937432751 12
0000 0014 1710405015219 0.0 -70.5 0.25770877236478773 12
0000 0013 1710405015220 -16.25 -67.0 1.846912868614312 12
0000 0004 1710405015222 -45.5625 -69.5 5.221670601962723 12
0000 0002 1710405015222 -52.0625 -69.5 3.6263305825616556 12
0000 0009 1710405015223 -17.0625 -52.5 3.479068426924634 12
0000 0015 1710405015224 16.25 -59.0 6.037748381117884 12
0000 0004 1710405015225 32.5 -62.5 5.553010452146021 12
0000 0003 1710405015226 26.0 -64.0 1.0062913968529805 12
0000 0006 1710405015227 55.3125 -65.0 0.36815538909255385 12
0000 0010 1710405015228 -13.0 -63.5 3.5036121195308043 12
0000 0000 1710405015229 29.25 -65.0 3.000466421104314 12
0000 0008 1710405015230 35.75 -60.0 0.5522330836388308 12
0000 0012 1710405015231 -42.3125 -57.0 1.7671458676442586 12
0000 0007 1710405015233 48.8125 -67.0 1.2946797849754812 12
0000 0005 1710405015234 90.3125 -64.0 1.5462526341887264 12
0000 0013 1710405015280 1.8125 -70.0 1.141281706186917 12
0000 0000 1710405015441 83.0 -66.5 2.767301341345697 12
0000 0012 1710405015442 21.125 -58.0 1.1965050145508 12
0000 0008 1710405015443 29.25 -62.5 0.48473792897186263 12
0000 0004 1710405015444 -16.25 -60.0 5.816855147662351 12
0000 0013 1710405015445 -78.0625 -63.5 5.688000761479957 12
0000 0005 1710405015446 -71.5625 -66.0 1.6751070203711202 12
0000 0007 1710405015447 65.0625 -68.0 0.8651651643675016 12
0000 0010 1710405015448 -22.75 -62.0 3.6876898140770815 12
0000 0015 1710405015449 -32.5 -60.0 3.9576704327449543 12
0000 0003 1710405015450 -52.0625 -63.5 1.2946797849754812 12
0000 0009 1710405015451 -30.875 -56.0 3.5281558121369745 12
0000 0006 1710405015451 39.0 -64.0 5.332117218690489 12
0000 0011 1710405015452 -42.3125 -72.0 2.9084275738311756 12
0000 0002 1710405015453 -52.0625 -71.5 3.3072625786814425 12
0000 0005 1710405015454 3.25 -65.0 2.086213871524472 12
0000 0012 1710405015455 -10.5625 -52.5 1.6444274046134073 12
0000 0009 1710405015456 -10.5625 -57.0 4.3074180523828804 12
0000 0007 1710405015456 6.5 -59.0 2.9206994201342606 12
0000 0003 1710405015458 61.8125 -64.0 0.9817477042468103 12
0000 0010 1710405015459 -6.5 -64.5 2.988194574801229 12
0000 0000 1710405015460 -48.8125 -66.0 2.9268353432858034 12
0000 0013 1710405015461 71.5625 -63.0 4.558990901596125 12
0000 0011 1710405015462 9.75 -55.5 5.111223985234957 12
0000 0006 1710405015463 26.0 -65.0 4.166291819897402 12
0000 0008 1710405015465 -3.25 -62.0 0.4724660826687775 12
0000 0015 1710405015466 -58.5625 -68.5 4.2092432819582 12
0000 0002 1710405015467 -139.9375 -73.0 2.6200391857086753 12
0000 0004 1710405015530 2.6875 -72.5 0.760854470791278 12
0000 0010 1710405015680 -16.25 -65.0 3.7981364308048478 12
0000 0007 1710405015681 -52.0625 -60.5 4.466952054322987 12
0000 0012 1710405015682 27.625 -55.5 2.325514874434632 12
0000 0005 1710405015683 78.0625 -62.0 3.2949907323783574 12
0000 0013 1710405015683 -240.875 -68.5 4.8351074434155406 12
0000 0000 1710405015684 -9.75 -65.0 3.1906800388021335 12
0000 0003 1710405015685 0.0 -63.0 1.4971652489763858 12
0000 0015 1710405015686 9.75 -65.5 3.509748042682347 12
0000 0009 1710405015687 -52.0625 -58.0 4.325825821837508 12
0000 0011 1710405015688 -16.25 -57.0 4.289010282928253 12
0000 0008 1710405015688 52.0625 -61.0 0.6749515466696822 12
0000 0004 1710405015689 -94.375 -67.5 2.564815877344792 12
0000 0002 1710405015690 279.9375 -72.5 1.8960002538266525 12
0000 0008 1710405015691 6.5 -60.5 0.3374757733348411 12
0000 0013 1710405015692 -22.75 -62.5 4.3933209765044765 12
0000 0010 1710405015693 71.5625 -66.5 2.1966604882522383 12
0000 0000 1710405015694 3.25 -64.0 2.8777479580734626 12
0000 0004 1710405015695 9.75 -67.0 2.184388641949153 12
0000 0003 1710405015696 -35.75 -65.0 1.0185632431560658 12
0000 0011 1710405015697 0.0 -61.0 3.2888548092268146 12
0000 0014 1710405015698 -29.25 -65.0 3.718369429834794 12
0000 0015 1710405015698 68.3125 -64.5 3.5342917352885173 12
0000 0012 1710405015700 52.0625 -60.0 0.6258641614573416 12
0000 0009 1710405015701 -45.5625 -60.0 3.442252888015379 12
0000 0007 1710405015704 -61.8125 -64.0 3.933126740138784 12
0000 0005 1710405015704 -26.0 -65.5 2.9084275738311756 12
0000 0002 1710405015780 -0.5625 -77.0 1.9941750242513334 12
0000 0014 1710405015938 68.3125 -70.5 5.301437602932776 12
0000 0011 1710405015939 6.5 -63.5 5.074408446325701 12
0000 0005 1710405015940 -9.75 -62.0 3.4054373491061236 12
0000 0012 1710405015940 3.25 -59.0 5.411884219660542 12
0000 0004 1710405015941 6.5 -67.0 2.0371264863121317 12
0000 0007 1710405015942 -91.125 -60.5 5.019185137961818 12
0000 0013 1710405015943 -185.5 -71.0 3.4177091954092087 12
0000 0009 1710405015944 -10.5625 -56.5 4.289010282928253 12
0000 0008 1710405015944 6.5 -59.5 0.37429131224409645 12
0000 0015 1710405015945 29.25 -67.0 3.497476196379262 12
0000 0000 1710405015946 45.5625 -64.0 2.9636508821950587 12
0000 0003 1710405015947 -35.75 -66.5 0.9265243958829272 12
0000 0002 1710405015948 72.375 -75.0 2.2764274892222915 12
0000 0010 1710405015949 -0.9375 -71.0 5.21553467881118 12
0000 0009 1710405015950 0.0 -53.5 4.417864669110647 12
0000 0005 1710405015951 16.25 -60.5 2.9513790358919736 12
0000 0008 1710405015952 3.25 -57.0 0.9142525495798421 12
0000 0000 1710405015952 -27.625 -63.5 3.3870295796514958 12
0000 0007 1710405015953 -19.5 -57.5 4.828971520263998 12
0000 0014 1710405015954 -52.0625 -63.5 4.583534594202296 12
0000 0011 1710405015954 58.5625 -63.5 5.0253210611133605 12
0000 0015 1710405015955 -35.75 -66.5 3.650874275167826 12
0000 0012 1710405015956 3.25 -68.0 3.472932503773092 12
0000 0010 1710405015957 35.75 -67.0 2.2457478734645786 12
0000 0003 1710405015958 -42.3125 -65.0 1.1658253987930873 12
0000 0002 1710405016030 -23.5625 -75.0 5.743224069843841 12
0000 0006 1710405016031 10.9375 -74.5 1.7119225592803755 12
0000 0013 1710405016219 2.25 -69.0 1.3314953238847365 12
0000 0000 1710405016220 21.125 -64.5 2.779573187648782 12
0000 0007 1710405016221 -9.75 -56.5 3.9760782021995817 12
0000 0003 1710405016222 -13.0 -67.0 0.7485826244881929 12
0000 0012 1710405016222 -21.125 -57.5 3.9085830475326135 12
0000 0010 1710405016223 -68.3125 -66.0 3.356349963893783 12
0000 0013 1710405016224 -9.75 -68.0 4.933282213840222 12
0000 0009 1710405016225 -17.0625 -57.5 3.7981364308048478 12
0000 0008 1710405016225 -13.0 -60.0 0.5706408530934585 12
0000 0006 1710405016226 -45.5625 -70.5 3.730641276137879 12
0000 0015 1710405016228 -55.3125 -65.0 3.442252888015379 12
0000 0011 1710405016228 -16.25 -58.5 5.534602682691394 12
0000 0005 1710405016229 0.0 -61.0 1.9144080232812801 12
0000 0002 1710405016230 -0.5625 -77.5 5.835262917116979 12
0000 0014 1710405016230 10.875 -75.0 5.681864838328415 12
0000 0006 1710405016231 65.0625 -66.5 3.522019888985432 12
0000 0008 1710405016232 0.0 -61.0 0.48473792897186263 12
0000 0015 1710405016233 -87.875 -71.0 5.681864838328415 12
0000 0013 1710405016234 -22.75 -62.0 3.7122335066832517 12
0000 0000 1710405016235 -48.8125 -64.5 3.08636934522591 12
0000 0007 1710405016236 48.8125 -58.0 2.742757648739526 12
0000 0003 1710405016237 84.625 -66.5 0.5706408530934585 12
0000 0009 1710405016238 -62.625 -56.5 4.0128937411088375 12
0000 0005 1710405016238 71.5625 -61.5 1.4664856332186729 12
0000 0011 1710405016240 -19.5 -58.5 5.442563835418255 12
0000 0012 1710405016241 -61.8125 -60.5 1.3867186322486196 12
0000 0010 1710405016242 -68.3125 -63.0 3.6570101983193686 12
0000 0002 1710405016279 39.0625 -75.5 0.07056311624273949 12
0000 0004 1710405016375 2.4375 -75.0 5.767767762450011 12
0000 0014 1710405016376 1.25 -73.0 0.28225246497095796 12
0000 0004 1710405016377 -100.875 -70.5 5.7616318392984684 12
0000 0014 1710405016377 -61.8125 -71.0 0.5522330836388308 12
0000 0013 1710405016378 6.5 -62.5 0.8897088569736719 12
0000 0000 1710405016379 21.125 -65.5 2.8961557275280905 12
0000 0010 1710405016379 9.75 -61.5 2.662990647769473 12
0000 0015 1710405016380 3.25 -58.0 5.123495831538041 12
0000 0007 1710405016381 45.5625 -60.0 2.067806102069844 12
0000 0005 1710405016381 10.5625 -62.0 1.5707963267948966 12
0000 0006 1710405016382 -58.5625 -66.0 6.17273869045182 12
0000 0012 1710405016383 -107.375 -62.0 1.0676506283684062 12
0000 0008 1710405016383 -32.5 -62.0 0.21475731030398976 12
0000 0009 1710405016384 -3.25 -54.0 3.6386024288647407 12
0000 0003 1710405016385 94.375 -66.0 0.5951845456996288 12
0000 0002 1710405016385 29.25 -71.5 3.6447383520162835 12
0000 0007 1710405016530 -3.25 -59.5 2.5341362615870793 12
0000 0009 1710405016531 -52.0625 -54.0 3.8963112012295285 12
0000 0002 1710405016532 -107.375 -71.5 4.178563666200486 12
0000 0010 1710405016532 45.5625 -61.5 4.129476280988146 12
0000 0004 1710405016533 -32.5 -60.0 0.3865631585471816 12
0000 0012 1710405016534 9.75 -57.5 1.9880391010997909 12
0000 0015 1710405016535 0.0 -59.0 5.859806609723149 12
0000 0005 1710405016535 -19.5 -63.5 1.88986433067511 12
0000 0013 1710405016536 32.5 -65.5 1.4664856332186729 12
0000 0008 1710405016537 0.0 -61.0 0.7179030087304801 12
0000 0003 1710405016537 -19.5 -64.0 1.1903690913992575 12
0000 0000 1710405016538 -13.8125 -65.5 3.4177091954092087 12
0000 0014 1710405016539 -2.4375 -72.5 0.4724660826687775 12
0000 0006 1710405016746 3.375 -74.0 1.932815792735908 12
0000 0012 1710405016747 3.25 -57.5 2.116893487282185 12
0000 0004 1710405016747 -6.5 -56.5 0.6258641614573416 12
0000 0000 1710405016748 -17.0625 -67.5 3.2888548092268146 12
0000 0003 1710405016749 9.75 -64.0 1.3560390164909069 12
0000 0010 1710405016750 9.75 -62.0 4.221515128261284 12
0000 0013 1710405016750 0.0 -60.0 5.350524988145116 12
0000 0005 1710405016751 -17.0625 -61.5 2.6568547246179306 12
0000 0006 1710405016751 19.5 -69.0 1.6689710972195777 12
0000 0008 1710405016752 68.3125 -63.5 0.5031456984264903 12
0000 0002 1710405016753 29.25 -71.0 3.454524734318464 12
0000 0007 1710405016754 -22.75 -58.0 3.5281558121369745 12
0000 0015 1710405016755 3.25 -62.5 3.3011266555298997 12
0000 0009 1710405016755 0.0 -57.0 3.8840393549264434 12
0000 0011 1710405016756 -0.8125 -66.5 4.4362724385652745 12
0000 0004 1710405016757 -19.5 -60.5 0.04295146206079795 12
0000 0003 1710405016758 58.5625 -63.0 1.3744467859455345 12
0000 0012 1710405016759 6.5 -52.0 2.399145952253143 12
0000 0013 1710405016759 -130.1875 -64.5 5.448699758569798 12
0000 0005 1710405016760 22.75 -58.0 3.736777199289422 12
0000 0006 1710405016761 3.25 -64.0 5.546874528994478 12
0000 0011 1710405016761 16.25 -57.5 0.2454369260617026 12
0000 0008 1710405016762 29.25 -63.0 0.8528933180644165 12
0000 0015 1710405016763 -16.25 -67.5 3.3440781175906977 12
0000 0010 1710405016764 45.5625 -66.0 3.2090878082567613 12
0000 0007 1710405016765 39.0 -59.0 5.123495831538041 12
0000 0009 1710405016766 -61.8125 -58.0 4.890330751779424 12
0000 0000 1710405016767 -55.3125 -67.0 3.6570101983193686 12
0000 0013 1710405016994 71.5625 -65.5 4.037437433715008 12
0000 0011 1710405016994 16.25 -60.0 5.982525072754001 12
0000 0008 1710405016995 0.0 -61.5 1.1106020904292042 12
0000 0015 1710405016995 74.8125 -64.5 3.031146036862027 12
0000 0005 1710405016996 6.5 -58.0 4.460816131171445 12
0000 0000 1710405016997 -29.25 -66.5 3.9392626632903265 12
0000 0003 1710405016998 65.0625 -63.5 1.6935147898257479 12
0000 0007 1710405016998 -48.8125 -60.0 0.09817477042468103 12
0000 0012 1710405016999 -6.5 -59.0 6.22182607566416 12
0000 0009 1710405017000 -32.5 -60.5 4.227651051412827 12
0000 0014 1710405017001 74.8125 -66.0 3.9085830475326135 12
0000 0004 1710405017002 -2.4375 -71.0 5.835262917116979 12
0000 0010 1710405017003 -2.4375 -74.0 5.5100589900852235 12
0000 0003 1710405017004 -26.0 -63.5 2.0064468705544187 12
0000 0009 1710405017004 0.0 -59.0 4.049709280018092 12
0000 0014 1710405017005 -146.4375 -65.5 5.798447378207723 12
0000 0013 1710405017006 -45.5625 -63.5 4.558990901596125 12
0000 0008 1710405017007 -26.0 -61.0 0.9510680884890975 12
0000 0011 1710405017007 -52.0625 -63.0 5.8475347634200645 12
0000 0015 1710405017008 39.0 -66.0 3.356349963893783 12
0000 0012 1710405017012 6.5 -59.0 6.037748381117884 12
0000 0007 1710405017013 32.5 -58.0 1.2578642460662257 12
0000 0000 1710405017013 -107.375 -64.5 4.319689898685965 12
0000 0005 1710405017014 -17.0625 -59.0 4.970097752749477 12
0000 0010 1710405017015 87.875 -70.5 2.270291566070749 12
0000 0006 1710405017030 -37.375 -73.5 5.243146332993121 12
0000 0005 1710405017244 -3.25 -58.5 5.111223985234957 12
0000 0015 1710405017245 48.8125 -66.0 3.2581751934691017 12
0000 0011 1710405017245 -13.0 -63.5 6.166602767300278 12
0000 0007 1710405017246 19.5 -57.0 1.8285050991596843 12
0000 0012 1710405017247 3.25 -60.0 6.086835766330224 12
0000 0013 1710405017247 110.625 -70.0 2.6998061866787286 12
0000 0003 1710405017248 -19.5 -65.0 1.705786636128833 12
0000 0000 1710405017249 -16.25 -64.5 4.1417481272912315 12
0000 0014 1710405017249 35.75 -67.5 5.448699758569798 12
0000 0008 1710405017250 6.5 -56.5 1.8775924843720249 12
0000 0009 1710405017250 -52.0625 -56.5 5.0253210611133605 12
0000 0010 1710405017251 -74.8125 -70.0 3.018874190558942 12
0000 0006 1710405017251 2.875 -75.5 0.8222137023067037 12
0000 0010 1710405017252 -9.75 -61.5 4.73693267299086 12
0000 0013 1710405017252 -68.3125 -64.5 4.196971435655114 12
0000 0012 1710405017253 3.25 -58.0 5.896622148632405 12
0000 0011 1710405017254 -61.8125 -64.0 6.129787228391022 12
0000 0005 1710405017254 3.25 -58.0 4.362641360746763 12
0000 0014 1710405017255 42.3125 -68.0 4.080388895775806 12
0000 0000 1710405017255 -30.875 -64.0 3.736777199289422 12
0000 0008 1710405017256 32.5 -59.0 1.1719613219446299 12
0000 0009 1710405017257 -17.0625 -57.0 4.779884135051658 12
0000 0003 1710405017258 52.0625 -67.0 0.9326603190344698 12
0000 0007 1710405017259 22.75 -57.5 1.043106935762236 12
0000 0015 1710405017260 -35.75 -65.5 3.1906800388021335 12
0000 0006 1710405017261 61.8125 -71.5 1.6689710972195777 12
0000 0004 1710405017481 7.3125 -79.0 4.994641445355648 12
0000 0015 1710405017482 -45.5625 -65.5 3.3195344249845276 12
0000 0003 1710405017482 -71.5625 -65.5 1.1044661672776617 12
0000 0007 1710405017483 -52.0625 -55.5 5.117359908386499 12
0000 0000 1710405017483 -16.25 -65.0 3.9269908169872414 12
0000 0005 1710405017484 -42.3125 -59.5 3.1354567304382504 12
0000 0012 1710405017484 0.0 -53.5 2.5586799541932495 12
0000 0009 1710405017485 -48.8125 -56.5 4.933282213840222 12
0000 0011 1710405017485 0.0 -59.0 0.3436116964863836 12
0000 0010 1710405017486 -45.5625 -61.5 4.853515212870168 12
0000 0013 1710405017487 -22.75 -62.5 6.0991076126333095 12
0000 0008 1710405017487 9.75 -61.0 1.3130875544301088 12
0000 0004 1710405017488 0.0 -73.0 5.246214294568893 12
0000 0006 1710405017488 6.5 -66.5 4.693981210930062 12
0000 0002 1710405017489 -1.1875 -75.5 4.037437433715008 12
0000 0015 1710405017489 -32.5 -69.0 1.3314953238847365 12
0000 0010 1710405017490 6.5 -63.5 3.153864499892878 12
0000 0000 1710405017490 19.5 -65.0 4.295146206079795 12
0000 0006 1710405017491 172.5 -71.5 2.2396119503130363 12
0000 0003 1710405017491 9.75 -63.5 1.2210487071569704 12
0000 0002 1710405017492 16.25 -69.0 4.466952054322987 12
0000 0008 1710405017492 -19.5 -61.5 1.4173982480063325 12
0000 0007 1710405017493 52.0625 -57.0 2.761165418194154 12
0000 0011 1710405017493 -136.6875 -67.5 5.540738605842936 12
0000 0009 1710405017494 -27.625 -55.0 4.424000592262189 12
0000 0012 1710405017495 -21.125 -56.5 1.8653206380689396 12
0000 0005 1710405017495 -9.75 -59.5 1.9634954084936207 12
0000 0013 1710405017496 61.8125 -65.0 5.497787143782138 12
0000 0004 1710405017496 78.0625 -69.5 5.749359992995383 12
0000 0014 1710405017728 -1.4375 -75.0 1.1167380135807468 12
0000 0008 1710405017728 -45.5625 -61.0 0.7669903939428205 12
0000 0002 1710405017729 -159.5 -70.5 4.963961829597935 12
0000 0010 1710405017729 0.0 -65.5 3.7122335066832517 12
0000 0015 1710405017730 -39.0 -58.5 4.908738521234052 12
0000 0007 1710405017730 -9.75 -59.5 1.0983302441261191 12
0000 0009 1710405017731 7.3125 -52.5 4.491495746929157 12
0000 0000 1710405017732 -104.125 -65.0 4.601942363656923 12
0000 0012 1710405017732 13.0 -60.0 1.576932249946439 12
0000 0004 1710405017733 32.5 -65.5 1.0369710126106935 12
0000 0003 1710405017734 65.0625 -63.5 1.2210487071569704 12
0000 0013 1710405017735 78.0625 -62.0 2.141437179888355 12
0000 0005 1710405017736 16.25 -62.0 1.8285050991596843 12
0000 0006 1710405017737 6.5 -63.5 1.4848934026733007 12
0000 0014 1710405017737 -3.0 -73.0 4.399456899656019 12
0000 0000 1710405017738 -87.0625 -65.0 4.669437518323892 12
0000 0005 1710405017739 -13.0 -63.0 2.411417798556228 12
0000 0004 1710405017739 71.5625 -61.5 1.2701360923693108 12
0000 0012 1710405017740 -3.25 -58.5 2.3316507975861747 12
0000 0002 1710405017741 -29.25 -69.5 4.963961829597935 12
0000 0003 1710405017742 52.0625 -62.5 1.6137477888556946 12
0000 0010 1710405017742 -32.5 -65.0 4.8351074434155406 12
0000 0013 1710405017743 48.8125 -64.5 1.6444274046134073 12
0000 0015 1710405017743 -48.8125 -59.0 5.553010452146021 12
0000 0009 1710405017744 -24.375 -53.0 4.755340442445488 12
0000 0008 1710405017744 32.5 -60.0 1.5278448647340985 12
0000 0006 1710405017745 16.25 -67.5 0.7853981633974483 12
0000 0007 1710405017745 13.0 -61.5 0.6749515466696822 12
0000 0004 1710405017960 19.5 -62.0 0.1349903093339364 12
0000 0015 1710405017960 -32.5 -60.5 4.25833066717054 12
0000 0010 1710405017961 -35.75 -62.0 4.76147636559703 12
0000 0002 1710405017962 -35.75 -71.5 4.516039439535327 12
0000 0009 1710405017962 7.3125 -56.0 4.479223900626073 12
0000 0012 1710405017963 17.0625 -59.5 2.2212041808584084 12
0000 0007 1710405017963 -32.5 -59.0 2.3009711818284617 12
0000 0005 1710405017964 16.25 -64.0 2.5709518004963345 12
0000 0003 1710405017965 45.5625 -63.0 1.576932249946439 12
0000 0011 1710405017965 -104.125 -70.5 4.798291904506286 12
0000 0008 1710405017965 3.25 -61.5 1.6689710972195777 12
0000 0006 1710405017966 -52.0625 -65.0 1.4480778637640452 12
0000 0013 1710405017966 19.5 -60.5 5.878214379177777 12
0000 0000 1710405017967 -87.875 -65.5 4.558990901596125 12
0000 0009 1710405017968 -48.8125 -56.0 5.436427912266712 12
0000 0006 1710405017969 29.25 -62.5 5.681864838328415 12
0000 0011 1710405017969 -35.75 -58.5 0.2761165418194154 12
0000 0013 1710405017970 -68.3125 -61.0 5.111223985234957 12
0000 0007 1710405017970 -26.0 -59.0 4.28287435977671 12
0000 0015 1710405017971 81.375 -68.0 4.755340442445488 12
0000 0008 1710405017971 22.75 -60.5 1.761009944492716 12
0000 0012 1710405017972 17.0625 -54.0 2.890019804376548 12
0000 0000 1710405017973 -30.875 -65.5 4.589670517353839 12
0000 0004 1710405017973 -9.75 -67.5 6.135923151542564 12
0000 0005 1710405017974 29.25 -61.0 3.718369429834794 12
0000 0010 1710405017974 16.25 -66.5 2.988194574801229 12
0000 0003 1710405017975 32.5 -63.0 1.8346410223112268 12
0000 0002 1710405018030 6.6875 -77.5 3.6017868899554855 12
0000 0014 1710405018224 -0.8125 -72.5 0.6442719309119693 12
0000 0011 1710405018225 -26.0 -60.5 0.030679615757712823 12
0000 0008 1710405018225 32.5 -60.5 1.846912868614312 12
0000 0013 1710405018226 -123.6875 -66.0 5.190990986205009 12
0000 0005 1710405018226 26.0 -58.5 4.491495746929157 12
0000 0009 1710405018227 -10.5625 -58.0 4.871922982324796 12
0000 0012 1710405018227 10.5625 -58.5 0.5767767762450011 12
0000 0014 1710405018228 74.8125 -65.5 4.0987966652304335 12
0000 0010 1710405018229 19.5 -71.5 2.945243112740431 12
0000 0015 1710405018229 -13.0 -65.5 4.430136515413731 12
0000 0000 1710405018230 7.3125 -65.5 4.540583132141498 12
0000 0007 1710405018235 32.5 -60.5 5.988660995905543 12
0000 0003 1710405018235 126.9375 -62.5 2.172116795646068 12
0000 0002 1710405018236 13.375 -77.0 0.0674951546669682 12
0000 0006 1710405018236 -7.875 -76.0 0.3620194659410113 12
0000 0011 1710405018237 29.25 -61.0 5.964117303299373 12
0000 0005 1710405018237 3.25 -60.0 4.651029748869264 12
0000 0007 1710405018238 6.5 -59.5 0.5399612373357456 12
0000 0009 1710405018239 -45.5625 -57.0 5.246214294568893 12
0000 0006 1710405018239 -39.0 -70.0 0.8467573949128739 12
0000 0012 1710405018240 7.3125 -54.5 1.055378782065321 12
0000 0008 1710405018240 16.25 -60.0 1.7794177139473437 12
0000 0013 1710405018241 -16.25 -66.0 4.921010367537137 12
0000 0015 1710405018242 143.1875 -68.0 4.246058820867455 12
0000 0010 1710405018243 -74.8125 -72.5 3.067961575771282 12
0000 0000 1710405018243 -48.8125 -66.5 4.706253057233147 12
0000 0003 1710405018244 19.5 -63.5 2.350058567040802 12
0000 0002 1710405018278 0.0 -77.0 0.09817477042468103 12
0000 0011 1710405018467 16.25 -60.0 0.21475731030398976 12
0000 0009 1710405018468 -38.1875 -55.5 5.786175531904639 12
0000 0005 1710405018468 -42.3125 -60.0 5.21553467881118 12
0000 0012 1710405018468 10.5625 -52.0 1.423534171157875 12
0000 0008 1710405018469 6.5 -56.5 2.521864415283994 12
0000 0007 1710405018469 19.5 -58.5 1.4787574795217582 12
0000 0013 1710405018470 -100.875 -69.0 4.000621894805752 12
0000 0003 1710405018470 -9.75 -64.0 2.442097414313941 12
0000 0000 1710405018471 3.25 -65.5 4.540583132141498 12
0000 0015 1710405018471 -100.875 -70.0 4.1172044346850605 12
0000 0010 1710405018471 29.25 -73.0 2.9820586516496865 12
0000 0006 1710405018472 3.3125 -76.5 0.7485826244881929 12
0000 0002 1710405018472 7.625 -79.0 0.1227184630308513 12
0000 0011 1710405018473 6.5 -64.5 5.884350302329319 12
0000 0009 1710405018473 -55.3125 -56.0 5.798447378207723 12
0000 0006 1710405018474 26.0 -71.0 2.718213956133356 12
0000 0010 1710405018474 188.75 -68.0 2.8286605728611223 12
0000 0013 1710405018475 -175.75 -71.0 4.0987966652304335 12
0000 0008 1710405018475 22.75 -58.0 2.1046216409791 12
0000 0005 1710405018475 -9.75 -58.5 4.706253057233147 12
0000 0014 1710405018476 -22.75 -61.5 5.405748296509 12
0000 0007 1710405018476 39.0 -58.0 1.325359400733194 12
0000 0015 1710405018477 -120.4375 -68.5 4.565126824747668 12
0000 0003 1710405018477 -123.6875 -63.5 2.2764274892222915 12
0000 0012 1710405018478 21.125 -66.0 3.380893656499953 12
0000 0000 1710405018478 -38.1875 -65.5 4.313553975534423 12
0000 0002 1710405018528 7.3125 -78.5 3.724505352986337 12
0000 0001 1710405018707 -2.4375 -78.5 4.92714629068868 12
0000 0000 1710405018707 45.5625 -65.5 3.724505352986337 12
0000 0008 1710405018708 13.0 -60.5 1.4542137869155878 12
0000 0003 1710405018708 -58.5625 -66.0 1.4603497100671303 12
0000 0012 1710405018709 -34.9375 -55.5 4.1601558967458585 12
0000 0007 1710405018709 -35.75 -59.0 5.829126993965437 12
0000 0009 1710405018710 -34.9375 -57.0 5.368932757599744 12
0000 0004 1710405018710 0.0 -61.5 1.239456476611598 12
0000 0010 1710405018711 -22.75 -65.0 6.2034183062095325 12
0000 0005 1710405018711 3.25 -61.0 3.485204350076177 12
0000 0015 1710405018711 52.0625 -66.5 4.01902966426038 12
0000 0006 1710405018712 -6.5 -65.5 4.693981210930062 12
0000 0013 1710405018712 -19.5 -65.5 5.835262917116979 12
0000 0011 1710405018713 84.625 -68.5 5.45483568172134 12
0000 0002 1710405018713 -4.875 -77.5 4.724660826687775 12
0000 0001 1710405018713 0.125 -78.0 4.865787059173254 12
0000 0015 1710405018779 -55.3125 -67.0 2.478912953223196 12
0000 0010 1710405018780 16.25 -63.0 5.724816300389213 12
0000 0004 1710405018780 16.25 -65.5 0.6504078540635119 12
0000 0009 1710405018781 -30.875 -55.5 4.865787059173254 12
0000 0012 1710405018781 79.75 -69.0 1.1474176293384597 12
0000 0005 1710405018782 -35.75 -63.0 2.270291566070749 12
0000 0007 1710405018782 16.25 -59.0 3.6692820446224537 12
0000 0006 1710405018782 13.0 -62.0 5.240078371417351 12
0000 0011 1710405018783 -52.0625 -65.5 5.45483568172134 12
0000 0000 1710405018783 -52.0625 -66.0 3.8717675086233583 12
0000 0008 1710405018784 55.3125 -60.0 1.043106935762236 12
0000 0003 1710405018785 6.5 -67.0 0.9510680884890975 12
0000 0013 1710405018785 32.5 -63.0 5.197126909356553 12
0000 0002 1710405018786 61.8125 -75.0 4.795223942930514 12
0000 0012 1710405018971 -17.0625 -59.0 1.6751070203711202 12
0000 0015 1710405018971 -22.75 -60.5 0.4356505437595221 12
0000 0000 1710405018971 0.0 -66.0 3.9699422790480394 12
0000 0009 1710405018972 -13.8125 -53.5 4.509903516383785 12
0000 0013 1710405018972 35.75 -62.5 2.399145952253143 12
0000 0002 1710405018973 -162.75 -71.0 4.970097752749477 12
0000 0005 1710405018973 39.0 -61.5 1.6873788666742053 12
0000 0008 1710405018974 16.25 -61.0 0.9694758579437253 12
0000 0014 1710405018974 58.5625 -70.0 1.6873788666742053 12
0000 0006 1710405018974 32.5 -65.0 0.9326603190344698 12
0000 0004 1710405018975 58.5625 -71.0 0.2945243112740431 12
0000 0007 1710405018975 29.25 -60.5 2.086213871524472 12
0000 0010 1710405018976 -94.375 -63.0 5.626641529964532 12
0000 0003 1710405018976 9.75 -65.0 1.141281706186917 12
0000 0000 1710405018977 3.25 -65.0 4.558990901596125 12
0000 0009 1710405018977 -13.8125 -53.5 4.847379289718626 12
0000 0002 1710405018977 -78.0625 -71.0 4.92714629068868 12
0000 0015 1710405018978 45.5625 -58.5 1.2517283229146832 12
0000 0012 1710405018978 59.375 -58.0 2.356194490192345 12
0000 0005 1710405018979 -6.5 -64.0 1.5585244804918115 12
0000 0008 1710405018979 3.25 -58.5 2.000310947402876 12
0000 0007 1710405018980 0.0 -63.5 0.4724660826687775 12
0000 0003 1710405018980 6.5 -63.5 1.6751070203711202 12
0000 0014 1710405018981 61.8125 -69.5 1.3621749396424494 12
0000 0013 1710405018983 16.25 -66.5 1.8285050991596843 12
0000 0010 1710405018984 3.25 -64.0 0.06135923151542565 12
0000 0004 1710405018984 55.3125 -66.5 0.5767767762450011 12
0000 0006 1710405019212 -3.25 -74.0 1.9819031779482483 12
0000 0004 1710405019212 35.75 -65.5 0.4356505437595221 12
0000 0013 1710405019212 0.0 -62.0 0.6994952392758523 12
0000 0010 1710405019213 -45.5625 -62.5 0.12885438618239387 12
0000 0003 1710405019213 -35.75 -62.0 1.9634954084936207 12
0000 0015 1710405019214 -71.5625 -61.0 5.737088146692298 12
0000 0009 1710405019214 -48.8125 -56.0 4.92714629068868 12
0000 0005 1710405019214 68.3125 -64.0 2.2518837966161214 12
0000 0008 1710405019215 -9.75 -60.5 1.8100973297050567 12
0000 0007 1710405019215 -48.8125 -61.0 0.944932165337555 12
0000 0012 1710405019216 0.0 -57.5 2.172116795646068 12
0000 0002 1710405019217 19.5 -70.5 4.571262747899211 12
0000 0000 1710405019217 -34.9375 -65.5 4.779884135051658 12
0000 0011 1710405019218 -74.8125 -73.0 5.098952138931871 12
0000 0006 1710405019219 19.5 -67.0 1.337631247036279 12
0000 0009 1710405019219 -38.1875 -57.5 5.00077736850719 12
0000 0004 1710405019220 -104.125 -72.0 0.14112623248547898 12
0000 0000 1710405019220 -139.125 -65.5 4.73693267299086 12
0000 0006 1710405019221 -9.75 -60.5 0.02454369260617026 12
0000 0012 1710405019221 -10.5625 -54.0 2.0923497946760143 12
0000 0010 1710405019222 -126.9375 -64.5 5.424156065963627 12
0000 0005 1710405019222 3.25 -61.5 3.5465635815916023 12
0000 0003 1710405019223 19.5 -62.0 1.9941750242513334 12
0000 0011 1710405019223 -32.5 -58.5 0.1349903093339364 12
0000 0015 1710405019223 -143.1875 -69.5 0.5645049299419159 12
0000 0008 1710405019224 -9.75 -62.5 1.5892040962495242 12
0000 0013 1710405019224 -107.375 -65.0 5.043728830567988 12
0000 0007 1710405019225 -9.75 -59.5 4.000621894805752 12
0000 0002 1710405019280 11.5625 -77.0 0.3129320807286708 12
0000 0007 1710405019484 22.75 -56.5 1.3744467859455345 12
0000 0003 1710405019485 9.75 -62.5 2.834796496012665 12
0000 0000 1710405019485 62.625 -64.5 4.945554060143307 12
0000 0010 1710405019486 19.5 -65.5 5.246214294568893 12
0000 0009 1710405019489 0.0 -60.5 5.258486140871978 12
0000 0008 1710405019490 110.625 -61.5 1.6566992509164924 12
0000 0011 1710405019491 0.0 -60.5 0.04908738521234052 12
0000 0005 1710405019491 -52.0625 -57.5 5.1725832167503825 12
0000 0006 1710405019491 -65.0625 -68.0 3.6447383520162835 12
0000 0013 1710405019492 -58.5625 -65.5 4.847379289718626 12
0000 0015 1710405019492 107.375 -65.5 4.111068511533518 12
0000 0002 1710405019493 -22.5625 -77.5 0.16566992509164924 12
0000 0012 1710405019493 0.5625 -68.0 2.779573187648782 12
0000 0014 1710405019494 -1.1875 -65.5 1.1903690913992575 12
0000 0003 1710405019494 6.5 -63.5 3.160000423044421 12
0000 0008 1710405019495 -22.75 -61.0 1.718058482431918 12
0000 0007 1710405019495 -6.5 -56.0 2.337786720737717 12
0000 0000 1710405019495 -13.0 -65.0 5.129631754689584 12
0000 0011 1710405019496 -42.3125 -62.0 5.608233760509904 12
0000 0009 1710405019496 16.25 -61.0 4.571262747899211 12
0000 0013 1710405019500 -78.0625 -71.5 3.215223731408304 12
0000 0005 1710405019501 -58.5625 -57.5 5.6941366846315 12
0000 0012 1710405019502 -52.0625 -65.0 4.387185053352934 12
0000 0015 1710405019503 -123.6875 -67.5 4.669437518323892 12
0000 0014 1710405019505 52.0625 -65.0 4.896466674930966 12
0000 0006 1710405019506 -29.25 -70.5 3.2643111166206444 12
0000 0010 1710405019519 13.375 -76.5 1.282407938672396 12
0000 0002 1710405019743 1.5 -79.5 6.160466844148735 12
0000 0008 1710405019743 -9.75 -59.5 2.0064468705544187 12
0000 0007 1710405019744 26.0 -55.5 2.5464081078901644 12
0000 0003 1710405019744 -19.5 -63.0 3.0495538063166547 12
0000 0005 1710405019744 -13.0 -58.0 5.64504929941916 12
0000 0012 1710405019745 3.25 -57.5 0.1902136176978195 12
0000 0009 1710405019745 -24.375 -59.0 4.933282213840222 12
0000 0000 1710405019745 -35.75 -65.5 5.062136600022616 12
0000 0013 1710405019746 35.75 -66.5 4.1601558967458585 12
0000 0011 1710405019746 -19.5 -62.5 5.93343768754166 12
0000 0015 1710405019747 -35.75 -69.5 4.2092432819582 12
0000 0010 1710405019747 -195.25 -74.5 1.5830681730979816 12
0000 0014 1710405019748 -1.8125 -72.5 5.049864753719531 12
0000 0002 1710405019748 8.8125 -79.5 6.062292073724054 12
0000 0006 1710405019748 -0.125 -73.5 1.5462526341887264 12
0000 0003 1710405019749 42.3125 -63.0 2.675262494072558 12
0000 0010 1710405019749 0.0 -71.5 2.0493983326152168 12
0000 0012 1710405019750 17.0625 -61.5 1.3130875544301088 12
0000 0014 1710405019750 45.5625 -63.5 4.147884050442774 12
0000 0007 1710405019750 13.0 -55.5 1.662835174068035 12
0000 0005 1710405019751 -7.3125 -57.0 5.148039524144211 12
0000 0011 1710405019751 -3.25 -64.0 5.411884219660542 12
0000 0015 1710405019752 26.0 -68.0 4.215379205109742 12
0000 0006 1710405019752 -9.75 -71.5 2.012582793705961 12
0000 0013 1710405019753 -68.3125 -67.5 3.9638063558964967 12
0000 0000 1710405019754 -39.0 -65.5 4.7307967498393175 12
0000 0008 1710405019754 16.25 -59.0 1.8039614065535141 12
0000 0009 1710405019755 -52.0625 -59.0 4.95168998329485 12
