0000 0007 1710405025764 -3.25 -60.5 6.050020227420969 12
0000 0010 1710405025765 3.25 -64.0 0.0674951546669682 12
0000 0003 1710405025765 22.75 -63.5 2.9759227284981438 12
0000 0004 1710405025766 26.0 -61.5 0.9633399347921826 12
0000 0015 1710405025767 -146.4375 -66.5 4.970097752749477 12
0000 0008 1710405025767 -45.5625 -61.5 3.3195344249845276 12
0000 0012 1710405025768 6.5 -63.0 3.479068426924634 12
0000 0006 1710405025768 -29.25 -66.0 5.8475347634200645 12
0000 0013 1710405025769 87.875 -61.5 1.380582709097077 12
0000 0009 1710405025769 21.125 -59.5 0.006135923151542565 12
0000 0011 1710405025771 65.0625 -62.5 5.878214379177777 12
0000 0005 1710405025771 -35.75 -58.0 4.773748211900116 12
0000 0000 1710405025771 38.1875 -66.0 5.47937937432751 12
0000 0005 1710405025772 9.75 -56.5 5.105088062083414 12
0000 0006 1710405025772 -35.75 -65.5 0.0 12
0000 0009 1710405025772 0.0 -59.5 0.4356505437595221 12
0000 0008 1710405025773 16.25 -62.0 3.393165502803038 12
0000 0004 1710405025773 29.25 -61.0 1.055378782065321 12
0000 0015 1710405025774 -55.3125 -65.0 6.007068765360171 12
0000 0012 1710405025774 -9.75 -55.5 4.1172044346850605 12
0000 0000 1710405025775 17.0625 -65.5 5.970253226450915 12
0000 0011 1710405025775 -26.0 -57.0 1.7303303287350031 12
0000 0010 1710405025775 0.0 -65.0 0.2761165418194154 12
0000 0003 1710405025776 52.0625 -63.5 3.4913402732277192 12
0000 0007 1710405025776 29.25 -61.5 5.767767762450011 12
0000 0013 1710405025777 -39.0 -70.0 6.277049384028044 12
0000 0002 1710405025889 -1.8125 -79.0 4.571262747899211 12
0000 0005 1710405026011 3.25 -59.0 5.031456984264903 12
0000 0011 1710405026011 16.25 -60.0 0.2761165418194154 12
0000 0008 1710405026012 13.0 -61.5 3.2397674240144743 12
0000 0014 1710405026012 55.3125 -65.5 4.571262747899211 12
0000 0013 1710405026012 22.75 -66.0 5.749359992995383 12
0000 0007 1710405026013 -3.25 -60.5 5.485515297479052 12
0000 0006 1710405026013 91.125 -67.5 6.080699843178682 12
0000 0015 1710405026014 -65.0625 -64.5 6.043884304269426 12
0000 0004 1710405026014 -9.75 -59.0 1.1535535524900022 12
0000 0003 1710405026015 22.75 -63.5 3.6079228131070282 12
0000 0012 1710405026015 10.5625 -60.5 1.9757672547967058 12
0000 0000 1710405026015 -59.375 -65.5 5.994796919057086 12
0000 0009 1710405026017 21.125 -60.0 6.166602767300278 12
0000 0010 1710405026017 -139.9375 -72.5 4.460816131171445 12
0000 0002 1710405026018 -21.9375 -78.5 1.9512235621905356 12
0000 0009 1710405026018 41.5 -59.5 0.3620194659410113 12
0000 0005 1710405026019 -61.8125 -60.5 5.626641529964532 12
0000 0011 1710405026019 35.75 -65.0 0.760854470791278 12
0000 0007 1710405026019 6.5 -61.0 0.9510680884890975 12
0000 0006 1710405026020 -6.5 -66.5 4.743068596142402 12
0000 0003 1710405026021 22.75 -65.0 3.442252888015379 12
0000 0000 1710405026021 -34.9375 -66.0 5.798447378207723 12
0000 0012 1710405026021 27.625 -55.5 1.4358060174609601 12
0000 0004 1710405026021 26.0 -61.5 1.1719613219446299 12
0000 0015 1710405026022 6.5 -66.0 5.964117303299373 12
0000 0008 1710405026022 13.0 -60.5 2.8409324191642074 12
0000 0010 1710405026023 -78.0625 -71.0 4.147884050442774 12
0000 0002 1710405026128 -9.75 -77.5 5.301437602932776 12
0000 0010 1710405026255 208.3125 -69.0 3.8533597391687304 12
0000 0012 1710405026255 6.5 -54.0 1.6996507129772904 12
0000 0009 1710405026255 10.5625 -58.5 0.7976700097005334 12
0000 0008 1710405026256 3.25 -56.5 3.5833791205008576 12
0000 0011 1710405026256 13.0 -61.0 1.1535535524900022 12
0000 0004 1710405026256 -13.0 -60.5 1.4296700943094176 12
0000 0007 1710405026257 3.25 -56.5 2.1659808724945253 12
0000 0003 1710405026257 -19.5 -65.0 3.5833791205008576 12
0000 0005 1710405026258 -6.5 -57.5 5.786175531904639 12
0000 0015 1710405026258 61.8125 -67.5 5.700272607783043 12
0000 0006 1710405026258 -13.0 -65.5 5.154175447295755 12
0000 0000 1710405026259 52.0625 -65.0 5.780039608753096 12
0000 0002 1710405026259 -6.0625 -79.0 5.522330836388308 12
0000 0009 1710405026260 -52.0625 -58.0 0.3190680038802134 12
0000 0011 1710405026260 39.0 -63.5 0.6013204688511713 12
0000 0006 1710405026260 6.5 -65.5 6.007068765360171 12
0000 0007 1710405026261 -3.25 -57.0 1.8714565612204823 12
0000 0015 1710405026261 -113.875 -65.5 6.092971689481767 12
0000 0000 1710405026262 -3.25 -65.5 5.565282298449106 12
0000 0014 1710405026262 -65.0625 -64.5 5.301437602932776 12
0000 0008 1710405026263 -3.25 -60.0 3.2520392703175593 12
0000 0010 1710405026263 -52.0625 -69.0 4.902602598082509 12
0000 0013 1710405026264 -32.5 -69.5 5.835262917116979 12
0000 0004 1710405026265 26.0 -58.0 1.6382914814618648 12
0000 0005 1710405026268 -6.5 -57.5 5.2768939103266055 12
0000 0003 1710405026268 -45.5625 -66.0 3.3011266555298997 12
0000 0012 1710405026269 13.0 -61.5 1.9205439464328227 12
0000 0002 1710405026378 15.25 -78.0 5.350524988145116 12
0000 0004 1710405026379 -32.5 -57.0 2.073942025221387 12
0000 0003 1710405026379 22.75 -65.0 2.890019804376548 12
0000 0012 1710405026379 -19.5 -54.5 5.013049214810275 12
0000 0013 1710405026380 -19.5 -63.5 1.1780972450961724 12
0000 0007 1710405026380 -65.0625 -60.0 0.05522330836388308 12
0000 0009 1710405026380 -3.25 -59.5 0.4540583132141498 12
0000 0010 1710405026381 48.8125 -63.0 1.184233168247715 12
0000 0008 1710405026381 19.5 -61.5 3.380893656499953 12
0000 0006 1710405026382 9.75 -67.0 0.01227184630308513 12
0000 0005 1710405026382 -10.5625 -60.5 4.626486056263094 12
0000 0000 1710405026382 -104.125 -65.0 5.829126993965437 12
0000 0015 1710405026383 -29.25 -63.5 5.792311455056181 12
0000 0011 1710405026383 3.25 -61.5 0.12885438618239387 12
0000 0002 1710405026540 49.4375 -78.5 5.356660911296659 12
0000 0014 1710405026540 -4.6875 -75.0 1.8407769454627694 12
0000 0010 1710405026540 -3.25 -62.5 1.0246991663076084 12
0000 0005 1710405026541 13.0 -59.0 4.362641360746763 12
0000 0004 1710405026541 -6.5 -61.5 0.9940195505498954 12
0000 0013 1710405026542 45.5625 -67.5 5.283029833478148 12
0000 0012 1710405026542 -30.875 -58.5 4.0987966652304335 12
0000 0015 1710405026542 39.0 -68.0 2.1905245651006955 12
0000 0009 1710405026543 -55.3125 -60.5 0.30066023442558565 12
0000 0006 1710405026543 35.75 -64.5 0.4724660826687775 12
0000 0007 1710405026543 3.25 -58.5 4.417864669110647 12
0000 0000 1710405026544 -58.5625 -63.5 5.957981380147831 12
0000 0008 1710405026544 9.75 -61.0 3.411573272257666 12
0000 0011 1710405026545 -45.5625 -64.0 0.09817477042468103 12
0000 0003 1710405026545 -19.5 -64.5 2.9697868053466014 12
0000 0002 1710405026545 54.3125 -77.0 5.037592907416445 12
0000 0006 1710405026756 0.0 -62.0 0.34974761963792617 12
0000 0013 1710405026757 0.0 -60.0 2.7120780329818137 12
0000 0004 1710405026757 32.5 -68.5 0.09203884727313846 12
0000 0012 1710405026757 30.875 -60.5 3.000466421104314 12
0000 0010 1710405026758 -29.25 -64.0 0.14726215563702155 12
0000 0000 1710405026758 -159.5 -65.0 5.835262917116979 12
0000 0008 1710405026759 -9.75 -60.5 2.7979809571034093 12
0000 0015 1710405026759 26.0 -59.5 1.1658253987930873 12
0000 0005 1710405026759 9.75 -59.5 4.424000592262189 12
0000 0007 1710405026760 3.25 -59.5 4.025165587411922 12
0000 0009 1710405026760 -41.5 -57.0 6.135923151542564 12
0000 0003 1710405026761 52.0625 -63.5 2.6445828783148455 12
0000 0002 1710405026761 4.875 -77.0 4.97623367590102 12
0000 0003 1710405026761 52.0625 -63.5 2.773437264497239 12
0000 0008 1710405026762 -29.25 -58.5 3.368621810196868 12
0000 0006 1710405026762 45.5625 -65.5 0.1595340019401067 12
0000 0007 1710405026762 -81.375 -61.0 5.448699758569798 12
0000 0015 1710405026763 9.75 -57.0 2.791845033951867 12
0000 0012 1710405026763 35.75 -60.0 4.23378697456437 12
0000 0005 1710405026781 22.75 -60.5 4.28287435977671 12
0000 0009 1710405026781 -17.0625 -56.0 0.17794177139473438 12
0000 0000 1710405026782 -111.4375 -65.0 5.896622148632405 12
0000 0010 1710405026782 19.5 -64.5 0.3190680038802134 12
0000 0004 1710405026782 -26.0 -63.0 1.0615147052168636 12
0000 0002 1710405026878 -3.0 -78.0 5.473243451175968 12
0000 0013 1710405026878 1.1875 -73.0 0.9081166264282996 12
0000 0009 1710405027007 -17.0625 -57.0 0.1718058482431918 12
0000 0005 1710405027008 -9.75 -58.5 4.749204519293945 12
0000 0000 1710405027008 55.3125 -66.0 5.448699758569798 12
0000 0015 1710405027008 0.0 -59.5 1.3621749396424494 12
0000 0004 1710405027009 100.875 -62.5 1.1903690913992575 12
0000 0012 1710405027009 -24.375 -61.5 3.9638063558964967 12
0000 0013 1710405027009 -19.5 -59.5 2.7550294950426117 12
0000 0008 1710405027010 -29.25 -60.0 3.4054373491061236 12
0000 0006 1710405027010 -19.5 -69.5 4.368777283898306 12
0000 0007 1710405027011 45.5625 -60.5 0.4663301595172349 12
0000 0003 1710405027011 19.5 -63.5 2.9268353432858034 12
0000 0010 1710405027011 61.8125 -66.0 0.6810874698212247 12
0000 0011 1710405027012 55.3125 -74.0 0.039883500485026674 12
0000 0002 1710405027012 7.3125 -78.5 4.755340442445488 12
0000 0003 1710405027013 42.3125 -64.0 2.9575149590435164 12
0000 0000 1710405027013 -21.125 -65.5 5.632777453116074 12
0000 0005 1710405027013 -32.5 -57.0 5.00077736850719 12
0000 0006 1710405027014 -19.5 -65.5 5.8045833013592665 12
0000 0009 1710405027014 -17.0625 -59.5 0.5338253141842031 12
0000 0007 1710405027015 -45.5625 -60.5 0.2945243112740431 12
0000 0008 1710405027015 26.0 -62.5 3.0925052683774528 12
0000 0011 1710405027015 -52.0625 -57.5 1.337631247036279 12
0000 0013 1710405027016 0.0 -63.5 0.6504078540635119 12
0000 0012 1710405027016 19.5 -57.0 4.847379289718626 12
0000 0004 1710405027018 -16.25 -64.0 0.8222137023067037 12
0000 0010 1710405027018 48.8125 -66.0 1.3437671701878218 12
0000 0015 1710405027019 -6.5 -68.0 1.0492428589137786 12
0000 0010 1710405027272 -16.25 -65.5 1.8100973297050567 12
0000 0000 1710405027272 -10.5625 -63.5 5.884350302329319 12
0000 0005 1710405027272 -29.25 -59.0 5.252350217720435 12
0000 0012 1710405027273 9.75 -58.0 5.994796919057086 12
0000 0004 1710405027273 -55.3125 -60.5 1.0492428589137786 12
0000 0008 1710405027273 45.5625 -61.5 3.3624858870453256 12
0000 0009 1710405027274 -27.625 -60.5 0.5031456984264903 12
0000 0007 1710405027274 52.0625 -61.0 4.988505522204105 12
0000 0003 1710405027275 22.75 -63.5 3.3379421944391554 12
0000 0011 1710405027275 32.5 -57.5 1.184233168247715 12
0000 0013 1710405027275 -74.8125 -66.0 5.577554144752192 12
0000 0006 1710405027276 -3.25 -66.0 5.884350302329319 12
0000 0015 1710405027276 9.75 -65.0 5.737088146692298 12
0000 0011 1710405027276 26.0 -60.0 1.1535535524900022 12
0000 0014 1710405027277 -39.0 -68.5 5.197126909356553 12
0000 0007 1710405027277 -6.5 -61.0 0.4172427743048944 12
0000 0000 1710405027278 55.3125 -65.0 5.473243451175968 12
0000 0012 1710405027278 68.3125 -70.0 5.497787143782138 12
0000 0015 1710405027278 -52.0625 -65.0 5.976389149602458 12
0000 0003 1710405027279 -74.8125 -64.5 3.3624858870453256 12
0000 0004 1710405027279 -26.0 -63.0 0.7301748550335652 12
0000 0009 1710405027279 -52.0625 -60.5 0.25157284921324513 12
0000 0005 1710405027280 -13.0 -60.5 5.436427912266712 12
0000 0008 1710405027280 19.5 -61.5 2.859340188618835 12
0000 0006 1710405027281 -16.25 -67.5 5.21553467881118 12
0000 0013 1710405027281 -71.5625 -70.0 5.227806525114265 12
0000 0010 1710405027378 -0.25 -74.5 0.7976700097005334 12
0000 0002 1710405027378 -7.3125 -79.0 4.693981210930062 12
0000 0011 1710405027523 9.75 -63.5 0.9265243958829272 12
0000 0004 1710405027523 35.75 -63.0 0.9019807032767571 12
0000 0005 1710405027523 3.25 -57.0 5.792311455056181 12
0000 0009 1710405027524 10.5625 -60.0 0.14726215563702155 12
0000 0006 1710405027524 -179.0 -66.5 5.154175447295755 12
0000 0012 1710405027524 -19.5 -56.0 1.3437671701878218 12
0000 0010 1710405027525 32.5 -72.0 3.9576704327449543 12
0000 0007 1710405027525 -9.75 -55.5 2.779573187648782 12
0000 0008 1710405027525 -13.0 -59.0 3.104777114680538 12
0000 0003 1710405027526 74.8125 -66.0 3.11091303783208 12
0000 0000 1710405027526 41.5 -65.5 5.338253141842031 12
0000 0015 1710405027527 6.5 -67.5 5.706408530934585 12
0000 0002 1710405027527 14.0 -78.0 4.81056375080937 12
0000 0014 1710405027527 -0.25 -70.5 5.325981295538946 12
0000 0011 1710405027528 19.5 -65.5 0.28838838812250056 12
0000 0008 1710405027528 -13.0 -58.0 3.0372819600135696 12
0000 0005 1710405027529 0.0 -55.0 5.64504929941916 12
0000 0009 1710405027529 -3.25 -58.0 6.277049384028044 12
0000 0004 1710405027529 -13.0 -61.0 1.3499030933393643 12
0000 0007 1710405027530 45.5625 -55.0 2.8961557275280905 12
0000 0015 1710405027530 -84.625 -65.0 5.872078456026235 12
0000 0014 1710405027530 6.5 -64.5 4.988505522204105 12
0000 0006 1710405027531 78.0625 -67.0 4.491495746929157 12
0000 0000 1710405027531 -34.9375 -65.5 5.184855063053467 12
0000 0003 1710405027532 -45.5625 -66.5 2.834796496012665 12
0000 0010 1710405027638 61.8125 -69.5 2.84706834231575 12
0000 0002 1710405027638 -7.875 -78.0 5.148039524144211 12
0000 0012 1710405027639 -4.6875 -67.0 0.07363107781851078 12
0000 0012 1710405027792 -7.3125 -55.5 4.632621979414636 12
0000 0007 1710405027793 -52.0625 -58.5 0.7669903939428205 12
0000 0004 1710405027793 -13.0 -59.0 1.761009944492716 12
0000 0005 1710405027793 0.0 -58.0 4.503767593232243 12
0000 0000 1710405027794 69.125 -64.0 4.933282213840222 12
0000 0009 1710405027794 13.0 -59.0 6.117515382087937 12
0000 0013 1710405027795 22.75 -63.0 0.7363107781851077 12
0000 0010 1710405027795 -9.75 -63.0 6.227961998815704 12
0000 0011 1710405027795 3.25 -66.5 6.105243535784852 12
0000 0006 1710405027796 -71.5625 -66.5 5.424156065963627 12
0000 0003 1710405027796 22.75 -66.5 2.2580197197676637 12
0000 0008 1710405027796 -19.5 -62.0 3.184544115650591 12
0000 0015 1710405027797 -71.5625 -63.5 5.448699758569798 12
0000 0002 1710405027797 -1.8125 -79.5 1.902136176978195 12
0000 0014 1710405027797 7.3125 -75.0 0.8835729338221293 12
0000 0009 1710405027798 30.875 -59.5 6.019340611663256 12
0000 0011 1710405027798 -42.3125 -64.0 0.6933593161243098 12
0000 0003 1710405027799 32.5 -65.0 2.0493983326152168 12
0000 0000 1710405027799 -78.0625 -65.0 5.258486140871978 12
0000 0008 1710405027799 22.75 -62.0 3.2090878082567613 12
0000 0012 1710405027800 81.375 -64.5 2.2457478734645786 12
0000 0004 1710405027800 -9.75 -63.0 0.9203884727313847 12
0000 0007 1710405027800 26.0 -58.0 3.0127382674073995 12
0000 0010 1710405027801 -22.75 -63.5 0.28225246497095796 12
0000 0015 1710405027802 19.5 -68.0 1.0737865515199487 12
0000 0005 1710405027802 3.25 -60.5 2.662990647769473 12
0000 0006 1710405027802 -45.5625 -61.5 0.3988350048502667 12
0000 0013 1710405027887 42.3125 -71.5 4.822835597112456 12
0000 0002 1710405027887 9.75 -77.0 4.755340442445488 12
0000 0015 1710405028036 -48.8125 -62.5 5.724816300389213 12
0000 0009 1710405028036 -24.375 -57.5 5.209398755659637 12
0000 0003 1710405028036 48.8125 -64.5 1.9757672547967058 12
0000 0008 1710405028037 9.75 -61.5 2.509592568980909 12
0000 0012 1710405028037 10.5625 -62.0 1.7119225592803755 12
0000 0013 1710405028037 3.25 -61.5 2.073942025221387 12
0000 0004 1710405028038 -74.8125 -64.0 0.5767767762450011 12
0000 0007 1710405028038 -19.5 -57.0 2.270291566070749 12
0000 0005 1710405028039 16.25 -61.5 2.6384469551633027 12
0000 0006 1710405028039 -32.5 -61.0 0.36815538909255385 12
0000 0010 1710405028039 -3.25 -65.0 5.620505606812989 12
0000 0000 1710405028040 81.375 -66.5 4.749204519293945 12
0000 0011 1710405028040 29.875 -77.0 4.252194744018997 12
0000 0002 1710405028040 9.125 -77.5 4.338097668140593 12
0000 0008 1710405028041 0.0 -60.5 2.521864415283994 12
0000 0014 1710405028041 104.125 -71.0 3.074097498922825 12
0000 0007 1710405028042 -26.0 -59.0 3.9515345095934116 12
0000 0003 1710405028042 -35.75 -63.0 2.1905245651006955 12
0000 0005 1710405028042 -3.25 -61.0 3.472932503773092 12
0000 0015 1710405028043 0.0 -57.0 2.313243028131547 12
0000 0009 1710405028043 -45.5625 -56.0 5.638913376267617 12
0000 0006 1710405028043 -146.4375 -63.5 0.23930100291016002 12
0000 0012 1710405028044 19.5 -62.5 3.129320807286708 12
0000 0010 1710405028044 22.75 -65.5 5.197126909356553 12
0000 0000 1710405028045 -120.4375 -67.0 4.779884135051658 12
0000 0004 1710405028045 19.5 -66.0 0.5583690067903734 12
0000 0002 1710405028127 43.9375 -77.5 1.214912784005428 12
0000 0013 1710405028289 1.4375 -69.0 0.15339807878856412 12
0000 0012 1710405028289 26.0 -59.5 2.736621725587984 12
0000 0000 1710405028290 -41.5 -66.0 4.749204519293945 12
0000 0004 1710405028290 26.0 -66.0 0.44178646691106466 12
0000 0005 1710405028290 3.25 -58.5 4.025165587411922 12
0000 0015 1710405028291 -32.5 -58.5 1.607611865704152 12
0000 0007 1710405028291 -55.3125 -61.0 6.277049384028044 12
0000 0008 1710405028291 39.0 -61.0 2.816388726558037 12
0000 0009 1710405028292 -79.75 -57.0 5.737088146692298 12
0000 0010 1710405028292 -58.5625 -66.0 5.589825991055276 12
0000 0003 1710405028292 52.0625 -63.0 2.0371264863121317 12
0000 0013 1710405028293 3.25 -62.5 2.693670263527186 12
0000 0006 1710405028293 -7.3125 -75.5 0.6994952392758523 12
0000 0002 1710405028294 -0.25 -79.0 0.607456392002714 12
0000 0003 1710405028294 32.5 -62.5 1.9819031779482483 12
0000 0013 1710405028294 -16.25 -62.0 1.0799224746714913 12
0000 0000 1710405028295 -139.125 -66.5 4.540583132141498 12
0000 0007 1710405028295 0.0 -59.0 5.939573610693203 12
0000 0008 1710405028295 -9.75 -62.0 2.6875343403756435 12
0000 0015 1710405028296 13.0 -66.5 3.399301425954581 12
0000 0009 1710405028296 -26.0 -58.5 5.6143696836614465 12
0000 0005 1710405028296 -3.25 -58.5 4.0128937411088375 12
0000 0011 1710405028297 -3.25 -60.0 0.7179030087304801 12
0000 0006 1710405028297 19.5 -69.5 4.773748211900116 12
0000 0012 1710405028298 48.8125 -59.0 2.6261751088602177 12
0000 0010 1710405028298 -9.75 -66.0 5.638913376267617 12
0000 0004 1710405028377 -0.5625 -71.5 0.47860200582032003 12
0000 0002 1710405028377 1.5 -78.5 0.4724660826687775 12
0000 0003 1710405028552 61.8125 -64.0 2.1230294104337273 12
0000 0008 1710405028552 -3.25 -62.0 2.7979809571034093 12
0000 0000 1710405028553 -3.25 -64.5 4.6448938257177215 12
0000 0011 1710405028553 9.75 -55.0 1.141281706186917 12
0000 0006 1710405028553 -65.0625 -66.5 4.945554060143307 12
0000 0007 1710405028554 -32.5 -59.5 5.853670686571607 12
0000 0004 1710405028554 -6.5 -64.5 0.9694758579437253 12
0000 0012 1710405028555 -3.25 -56.0 2.435961491162398 12
0000 0015 1710405028555 -68.3125 -64.0 5.43029198911517 12
0000 0009 1710405028555 -21.125 -58.5 5.706408530934585 12
0000 0005 1710405028556 6.5 -59.0 4.589670517353839 12
0000 0010 1710405028556 -32.5 -67.5 6.117515382087937 12
0000 0002 1710405028556 -16.625 -79.5 0.8528933180644165 12
0000 0013 1710405028557 -1.5 -70.0 4.792155981354743 12
0000 0003 1710405028557 -42.3125 -64.5 2.386874105950058 12
0000 0000 1710405028558 17.0625 -64.5 4.356505437595221 12
0000 0008 1710405028558 -3.25 -61.5 2.429825568010856 12
0000 0009 1710405028558 -48.8125 -59.5 5.135767677841127 12
0000 0011 1710405028559 -6.5 -58.0 6.252505691421874 12
0000 0005 1710405028559 -6.5 -59.5 4.828971520263998 12
0000 0007 1710405028559 0.0 -58.0 1.012427320004523 12
0000 0012 1710405028560 -13.0 -62.5 1.552388557340269 12
0000 0010 1710405028560 -3.25 -63.5 4.123340357836604 12
0000 0004 1710405028561 16.25 -61.0 0.9142525495798421 12
0000 0015 1710405028562 -81.375 -65.5 5.540738605842936 12
0000 0013 1710405028562 -35.75 -65.0 4.933282213840222 12
0000 0006 1710405028562 19.5 -64.5 5.387340527054372 12
0000 0014 1710405028563 81.375 -65.0 4.454680208019902 12
0000 0002 1710405028627 -6.6875 -77.5 4.154019973594316 12
0000 0013 1710405028796 61.8125 -68.5 4.09266074207889 12
0000 0012 1710405028796 7.3125 -56.0 0.7915340865489908 12
0000 0006 1710405028797 -65.0625 -65.5 5.546874528994478 12
0000 0009 1710405028797 -34.9375 -57.0 5.375068680751287 12
0000 0010 1710405028797 279.9375 -72.0 0.9510680884890975 12
0000 0005 1710405028798 -13.0 -57.5 4.853515212870168 12
0000 0011 1710405028798 -32.5 -58.5 0.6872233929727672 12
0000 0015 1710405028799 -104.125 -68.0 5.086680292628786 12
0000 0003 1710405028799 3.25 -66.5 2.380738182798515 12
0000 0007 1710405028799 26.0 -57.0 1.3867186322486196 12
0000 0008 1710405028800 -3.25 -60.5 2.2764274892222915 12
0000 0004 1710405028800 -32.5 -60.0 0.7424467013366504 12
0000 0000 1710405028801 149.6875 -65.0 4.344233591292136 12
0000 0002 1710405028801 -12.8125 -77.0 4.430136515413731 12
0000 0007 1710405028801 29.25 -59.5 0.5767767762450011 12
0000 0005 1710405028802 17.0625 -58.0 4.589670517353839 12
0000 0006 1710405028802 -52.0625 -65.0 5.056000676871073 12
0000 0012 1710405028802 -10.5625 -55.5 0.7117670855789375 12
0000 0004 1710405028803 3.25 -63.5 0.9326603190344698 12
0000 0015 1710405028803 120.4375 -68.5 4.767612288748572 12
0000 0003 1710405028803 16.25 -66.5 2.411417798556228 12
0000 0008 1710405028804 22.75 -56.5 2.5341362615870793 12
0000 0011 1710405028804 -26.0 -57.0 0.37429131224409645 12
0000 0009 1710405028805 -30.875 -56.5 5.491651220630596 12
0000 0010 1710405028805 19.5 -67.0 2.024854640009046 12
0000 0000 1710405028806 -45.5625 -65.5 4.706253057233147 12
0000 0002 1710405028877 -6.0625 -78.0 1.0492428589137786 12
0000 0013 1710405029039 2.6875 -74.0 2.000310947402876 12
0000 0007 1710405029040 -16.25 -57.5 4.4362724385652745 12
0000 0003 1710405029040 -65.0625 -66.0 1.7732817907958012 12
0000 0012 1710405029040 32.5 -61.5 5.66959299202533 12
0000 0008 1710405029041 -13.0 -60.0 2.313243028131547 12
0000 0006 1710405029041 -16.25 -66.0 4.73693267299086 12
0000 0011 1710405029042 3.25 -55.0 5.706408530934585 12
0000 0014 1710405029042 -16.25 -63.5 3.9453985864418692 12
0000 0009 1710405029042 16.25 -58.0 5.056000676871073 12
0000 0015 1710405029043 32.5 -65.5 4.890330751779424 12
0000 0005 1710405029043 27.625 -62.5 2.9759227284981438 12
0000 0010 1710405029043 -29.25 -60.5 4.97623367590102 12
0000 0000 1710405029045 16.25 -66.5 4.184699589352029 12
0000 0004 1710405029045 13.0 -62.5 1.1596894756415448 12
0000 0013 1710405029046 110.625 -70.0 5.546874528994478 12
0000 0007 1710405029046 -6.5 -58.0 3.810408277107933 12
0000 0011 1710405029046 -19.5 -55.5 0.3620194659410113 12
0000 0012 1710405029047 10.5625 -57.0 2.6568547246179306 12
0000 0006 1710405029047 32.5 -67.0 4.81056375080937 12
0000 0003 1710405029047 68.3125 -67.0 1.5892040962495242 12
0000 0009 1710405029048 -55.3125 -60.0 5.608233760509904 12
0000 0005 1710405029048 48.8125 -63.0 2.448233337465483 12
0000 0013 1710405029049 -107.375 -66.5 0.25770877236478773 12
0000 0015 1710405029049 48.8125 -65.0 5.013049214810275 12
0000 0010 1710405029050 -74.8125 -65.0 6.14819499784565 12
0000 0000 1710405029050 87.0625 -65.5 4.295146206079795 12
0000 0008 1710405029051 -3.25 -61.0 2.6445828783148455 12
0000 0004 1710405029051 -19.5 -60.0 1.6444274046134073 12
0000 0011 1710405029273 -13.0 -58.5 0.8222137023067037 12
0000 0005 1710405029273 19.5 -61.0 2.761165418194154 12
0000 0013 1710405029274 42.3125 -65.5 4.196971435655114 12
0000 0003 1710405029274 26.0 -65.0 1.8407769454627694 12
0000 0004 1710405029275 -74.8125 -67.0 0.8651651643675016 12
0000 0007 1710405029275 13.0 -58.0 3.834951969714103 12
0000 0010 1710405029276 52.0625 -64.0 4.7307967498393175 12
0000 0006 1710405029276 29.25 -62.5 5.559146375297564 12
0000 0008 1710405029277 74.8125 -61.0 2.8716120349219203 12
0000 0015 1710405029277 87.875 -68.0 1.4419419406125027 12
0000 0000 1710405029277 39.0 -65.5 4.841243366567084 12
0000 0012 1710405029278 38.1875 -68.5 4.963961829597935 12
0000 0009 1710405029278 -62.625 -60.0 5.399612373357457 12
0000 0002 1710405029279 -11.5625 -77.0 4.822835597112456 12
0000 0003 1710405029279 26.0 -63.5 2.1353012567368124 12
0000 0006 1710405029279 -52.0625 -61.5 5.730952223540755 12
0000 0005 1710405029280 0.0 -59.5 3.6570101983193686 12
0000 0008 1710405029280 -39.0 -61.5 2.5586799541932495 12
0000 0007 1710405029281 3.25 -59.5 3.9208548938356986 12
0000 0015 1710405029281 -3.25 -60.5 5.295301679781233 12
0000 0013 1710405029281 39.0 -62.5 1.8714565612204823 12
0000 0009 1710405029282 -34.9375 -56.5 4.921010367537137 12
0000 0012 1710405029282 -125.3125 -63.0 0.47860200582032003 12
0000 0010 1710405029282 81.375 -63.5 3.2520392703175593 12
0000 0000 1710405029283 -69.125 -65.0 5.062136600022616 12
0000 0004 1710405029283 -58.5625 -67.0 0.1902136176978195 12
0000 0002 1710405029378 25.625 -77.5 4.2092432819582 12
0000 0014 1710405029378 0.25 -74.0 2.0064468705544187 12
0000 0000 1710405029548 -22.75 -66.0 5.129631754689584 12
0000 0005 1710405029548 0.0 -59.5 4.031301510563465 12
0000 0015 1710405029549 29.25 -58.5 1.521708941582556 12
0000 0010 1710405029549 52.0625 -65.0 4.037437433715008 12
0000 0006 1710405029549 -13.0 -64.0 5.970253226450915 12
0000 0009 1710405029550 -48.8125 -56.0 5.522330836388308 12
0000 0004 1710405029550 -104.125 -67.5 0.5276893910326605 12
0000 0012 1710405029550 -7.3125 -63.5 1.6014759425526093 12
0000 0007 1710405029551 29.25 -61.0 5.074408446325701 12
0000 0008 1710405029551 39.0 -59.0 2.791845033951867 12
0000 0003 1710405029551 29.25 -62.0 2.5770877236478773 12
0000 0002 1710405029551 -18.875 -78.0 4.663301595172349 12
0000 0013 1710405029552 0.0 -70.5 0.3190680038802134 12
0000 0010 1710405029552 39.0 -65.0 5.405748296509 12
0000 0015 1710405029552 0.0 -60.0 0.30679615757712825 12
0000 0007 1710405029553 35.75 -61.5 6.22182607566416 12
0000 0013 1710405029553 -45.5625 -60.5 2.4727770300716534 12
0000 0003 1710405029553 3.25 -62.0 2.7857091108003242 12
0000 0005 1710405029554 29.25 -58.5 4.3074180523828804 12
0000 0008 1710405029554 -9.75 -61.5 2.5034566458293663 12
0000 0009 1710405029554 -55.3125 -57.0 5.442563835418255 12
0000 0012 1710405029555 7.3125 -60.5 2.0371264863121317 12
0000 0000 1710405029555 -83.0 -65.5 5.240078371417351 12
0000 0004 1710405029555 84.625 -70.0 6.135923151542564 12
0000 0011 1710405029628 1.8125 -75.5 5.620505606812989 12
0000 0006 1710405029628 -1.8125 -74.0 4.344233591292136 12
0000 0002 1710405029628 12.8125 -78.5 1.1719613219446299 12
0000 0008 1710405029794 3.25 -62.5 2.521864415283994 12
0000 0000 1710405029794 52.0625 -66.0 5.209398755659637 12
0000 0009 1710405029795 -3.25 -57.5 5.780039608753096 12
0000 0011 1710405029795 42.3125 -60.0 0.6749515466696822 12
0000 0004 1710405029795 6.5 -67.5 0.5583690067903734 12
0000 0005 1710405029796 -3.25 -58.0 4.466952054322987 12
0000 0006 1710405029796 29.25 -67.0 5.221670601962723 12
0000 0007 1710405029796 3.25 -60.5 6.019340611663256 12
0000 0003 1710405029797 22.75 -63.0 2.5464081078901644 12
0000 0013 1710405029797 52.0625 -62.5 5.724816300389213 12
0000 0012 1710405029797 39.0 -56.5 2.6445828783148455 12
0000 0010 1710405029798 113.875 -66.0 5.313709449235861 12
0000 0015 1710405029799 55.3125 -68.0 1.4051264017032472 12
0000 0002 1710405029799 -12.1875 -78.0 4.718524903536232 12
0000 0010 1710405029799 58.5625 -65.5 6.154330920997192 12
0000 0011 1710405029800 29.25 -56.0 1.0799224746714913 12
0000 0004 1710405029800 3.25 -60.5 0.9633399347921826 12
0000 0000 1710405029800 13.8125 -64.0 5.712544454086128 12
0000 0012 1710405029801 -3.25 -57.5 3.9944859716542096 12
0000 0005 1710405029801 -9.75 -59.0 4.73693267299086 12
0000 0006 1710405029801 -22.75 -64.5 5.896622148632405 12
0000 0003 1710405029802 6.5 -64.0 2.945243112740431 12
0000 0015 1710405029802 -48.8125 -64.0 5.8659425328746915 12
0000 0007 1710405029802 39.0 -60.0 5.399612373357457 12
0000 0009 1710405029803 3.25 -59.0 5.964117303299373 12
0000 0008 1710405029803 29.25 -61.5 2.8409324191642074 12
0000 0013 1710405029804 6.5 -64.5 0.5031456984264903 12
0000 0002 1710405029877 -32.9375 -78.5 4.890330751779424 12
0000 0014 1710405029877 3.1875 -71.0 6.191146459906448 12
0000 0007 1710405030044 35.75 -60.5 6.252505691421874 12
0000 0011 1710405030044 3.25 -58.0 0.3190680038802134 12
0000 0004 1710405030044 45.5625 -58.5 1.1290098598838318 12
0000 0009 1710405030044 -7.3125 -59.0 5.71868037723767 12
0000 0010 1710405030045 -19.5 -62.0 5.405748296509 12
0000 0003 1710405030045 16.25 -64.5 3.0127382674073995 12
0000 0000 1710405030045 -26.0 -64.5 5.688000761479957 12
0000 0013 1710405030046 42.3125 -61.5 0.6135923151542565 12
0000 0006 1710405030046 -13.0 -66.0 6.12365130523948 12
0000 0008 1710405030046 16.25 -61.5 2.60776733940559 12
0000 0005 1710405030047 9.75 -59.5 4.908738521234052 12
0000 0014 1710405030047 -45.5625 -66.0 4.460816131171445 12
0000 0015 1710405030047 6.5 -66.0 6.117515382087937 12
0000 0012 1710405030048 34.9375 -68.0 3.5281558121369745 12
0000 0002 1710405030048 -36.0 -78.0 1.8960002538266525 12
0000 0009 1710405030048 38.1875 -58.0 6.215690152512618 12
0000 0003 1710405030049 -130.1875 -65.0 3.423845118560751 12
0000 0011 1710405030049 19.5 -58.5 1.1903690913992575 12
0000 0007 1710405030049 -16.25 -58.0 1.4787574795217582 12
0000 0004 1710405030050 16.25 -60.0 1.141281706186917 12
0000 0012 1710405030050 24.375 -56.0 1.337631247036279 12
0000 0015 1710405030050 42.3125 -70.0 5.749359992995383 12
0000 0005 1710405030051 -16.25 -58.0 5.227806525114265 12
0000 0006 1710405030051 -13.0 -64.0 5.9518454569962875 12
0000 0000 1710405030052 55.3125 -64.5 5.681864838328415 12
0000 0008 1710405030052 0.0 -59.5 2.9513790358919736 12
0000 0013 1710405030053 -94.375 -71.0 3.5588354278946874 12
0000 0010 1710405030053 -172.5 -72.5 4.466952054322987 12
0000 0002 1710405030127 41.5 -78.0 5.00077736850719 12
0000 0006 1710405030297 13.0 -65.5 5.681864838328415 12
0000 0007 1710405030297 55.3125 -57.5 1.5401167110371838 12
0000 0008 1710405030298 -9.75 -56.5 3.429981041712294 12
0000 0005 1710405030298 26.0 -57.0 5.160311370447297 12
0000 0004 1710405030298 26.0 -60.0 1.4787574795217582 12
0000 0009 1710405030299 0.0 -57.0 0.2638446955163303 12
0000 0003 1710405030299 -16.25 -65.0 3.074097498922825 12
0000 0011 1710405030299 -16.25 -59.5 0.7240389318820226 12
0000 0000 1710405030300 32.5 -64.0 5.577554144752192 12
0000 0010 1710405030300 120.4375 -71.5 4.252194744018997 12
0000 0012 1710405030300 87.875 -63.0 0.39269908169872414 12
0000 0015 1710405030300 9.75 -69.5 5.988660995905543 12
0000 0002 1710405030301 -32.3125 -78.5 5.332117218690489 12
0000 0013 1710405030301 1.9375 -70.5 2.061670178918302 12
0000 0008 1710405030301 3.25 -59.5 3.000466421104314 12
0000 0011 1710405030302 29.25 -58.0 0.2638446955163303 12
0000 0003 1710405030302 -52.0625 -65.5 2.650718801466388 12
0000 0010 1710405030302 -6.5 -58.5 0.1595340019401067 12
0000 0014 1710405030303 -19.5 -65.0 3.877903431774901 12
0000 0007 1710405030303 0.0 -59.0 0.30679615757712825 12
0000 0005 1710405030303 -16.25 -59.0 4.454680208019902 12
0000 0013 1710405030304 3.25 -65.0 5.743224069843841 12
0000 0012 1710405030305 -19.5 -57.0 5.884350302329319 12
0000 0006 1710405030305 -13.0 -64.5 5.45483568172134 12
0000 0004 1710405030306 -16.25 -59.0 1.7855536370988863 12
0000 0009 1710405030306 -45.5625 -59.0 6.12365130523948 12
0000 0015 1710405030306 -110.625 -65.5 5.589825991055276 12
0000 0000 1710405030307 -21.125 -64.0 5.387340527054372 12
0000 0002 1710405030377 15.25 -78.0 5.289165756629691 12
0000 0008 1710405030536 19.5 -60.5 2.9084275738311756 12
0000 0009 1710405030536 -27.625 -59.5 6.258641614573416 12
0000 0012 1710405030536 -3.25 -55.5 3.8963112012295285 12
0000 0007 1710405030537 16.25 -59.5 4.963961829597935 12
0000 0013 1710405030537 39.0 -61.0 0.34974761963792617 12
0000 0015 1710405030537 26.0 -66.0 5.988660995905543 12
0000 0006 1710405030538 81.375 -64.5 0.17794177139473438 12
0000 0010 1710405030538 13.0 -62.5 0.3620194659410113 12
0000 0005 1710405030538 -3.25 -59.5 3.902447124381071 12
0000 0011 1710405030538 16.25 -59.0 0.0674951546669682 12
0000 0004 1710405030539 -3.25 -57.5 1.4542137869155878 12
0000 0000 1710405030539 29.25 -64.0 5.295301679781233 12
0000 0003 1710405030539 52.0625 -64.5 2.2580197197676637 12
0000 0002 1710405030540 -13.375 -78.0 5.2339424482658075 12
0000 0012 1710405030540 -21.125 -72.0 0.006135923151542565 12
0000 0000 1710405030540 -52.0625 -65.0 5.3627968344482015 12
0000 0004 1710405030541 -16.25 -63.5 6.160466844148735 12
0000 0008 1710405030541 16.25 -60.0 2.650718801466388 12
0000 0011 1710405030541 94.375 -71.0 5.037592907416445 12
0000 0010 1710405030542 -78.0625 -62.0 5.123495831538041 12
0000 0013 1710405030542 -19.5 -66.5 1.521708941582556 12
0000 0003 1710405030542 -26.0 -63.5 2.448233337465483 12
0000 0007 1710405030543 -19.5 -58.5 3.761320891895592 12
0000 0009 1710405030543 -3.25 -57.5 5.602097837358362 12
0000 0015 1710405030544 -6.5 -62.5 4.933282213840222 12
0000 0006 1710405030544 16.25 -62.0 0.35588354278946877 12
0000 0005 1710405030544 -13.0 -60.5 3.4606606574700063 12
0000 0012 1710405030624 3.25 -70.0 0.8130098175793898 12
0000 0002 1710405030624 -3.0 -77.0 4.749204519293945 12
