0000 0000 1711094618357 4.375 -75.5 5.939573610693203 19
0000 0012 1711094618357 -9.75 -67.5 4.71238898038469 19
0000 0004 1711094618357 0.0 -69.5 1.8714565612204823 19
0000 0005 1711094618358 -65.0625 -67.5 4.552854978444583 19
0000 0014 1711094618358 58.5625 -66.5 2.761165418194154 19
0000 0003 1711094618358 39.0 -69.0 0.44178646691106466 19
0000 0008 1711094618359 -83.0 -66.5 1.7241944055834606 19
0000 0010 1711094618359 38.1875 -69.0 0.44178646691106466 19
0000 0011 1711094618359 -16.25 -72.5 0.30679615757712825 19
0000 0006 1711094618360 9.75 -74.0 1.3499030933393643 19
0000 0009 1711094618360 -2.6875 -78.5 6.252505691421874 19
0000 0000 1711094618509 -1.75 -75.5 6.080699843178682 19
0000 0004 1711094618510 -26.0 -69.0 1.932815792735908 19
0000 0010 1711094618510 87.875 -68.5 0.48473792897186263 19
0000 0008 1711094618510 41.5 -66.5 1.4971652489763858 19
0000 0012 1711094618511 -58.5625 -67.0 4.755340442445488 19
0000 0005 1711094618511 -16.25 -67.0 4.4976316700806995 19
0000 0003 1711094618511 65.0625 -68.5 0.4663301595172349 19
0000 0014 1711094618511 26.0 -67.5 2.7120780329818137 19
0000 0011 1711094618512 -149.6875 -72.5 0.46019423636569234 19
0000 0006 1711094618512 -2.4375 -74.5 1.3867186322486196 19
0000 0009 1711094618512 -2.4375 -78.5 6.154330920997192 19
0000 0000 1711094618513 0.625 -75.5 5.988660995905543 19
0000 0012 1711094618513 -35.75 -67.0 4.632621979414636 19
0000 0004 1711094618514 3.25 -69.5 1.846912868614312 19
0000 0005 1711094618515 -3.25 -67.0 4.473087977474529 19
0000 0003 1711094618515 58.5625 -67.5 0.2945243112740431 19
0000 0014 1711094618515 13.0 -66.5 2.816388726558037 19
0000 0008 1711094618516 17.0625 -67.5 1.576932249946439 19
0000 0010 1711094618516 135.0625 -70.0 0.39269908169872414 19
0000 0006 1711094618607 -22.5625 -75.0 1.380582709097077 19
0000 0009 1711094618607 12.1875 -79.0 6.050020227420969 19
0000 0003 1711094618790 -58.5625 -68.0 0.6013204688511713 19
0000 0004 1711094618790 -58.5625 -69.0 1.9757672547967058 19
0000 0005 1711094618791 -42.3125 -66.5 4.565126824747668 19
0000 0014 1711094618791 -52.0625 -66.5 2.7979809571034093 19
0000 0010 1711094618791 24.375 -70.0 0.380427235395639 19
0000 0012 1711094618791 -139.9375 -67.5 4.651029748869264 19
0000 0008 1711094618792 -55.3125 -66.0 1.6382914814618648 19
0000 0011 1711094618792 -136.6875 -72.0 0.5645049299419159 19
0000 0006 1711094618792 -8.5 -74.5 1.41126232485479 19
0000 0009 1711094618793 6.6875 -78.0 6.135923151542564 19
0000 0004 1711094618793 296.1875 -68.0 1.1719613219446299 19
0000 0010 1711094618793 55.3125 -70.0 0.3865631585471816 19
0000 0014 1711094618794 13.0 -67.0 2.8532042654672924 19
0000 0005 1711094618794 -71.5625 -67.5 4.540583132141498 19
0000 0008 1711094618794 52.0625 -67.0 1.4726215563702154 19
0000 0012 1711094618795 -74.8125 -67.0 4.7307967498393175 19
0000 0003 1711094618795 -52.0625 -68.5 0.6872233929727672 19
0000 0011 1711094618857 29.25 -74.0 0.2791845033951867 19
0000 0006 1711094618857 -12.8125 -74.5 1.3499030933393643 19
0000 0009 1711094618857 6.0625 -78.0 6.270913460876501 19
0000 0004 1711094619046 -61.8125 -68.5 1.8714565612204823 19
0000 0010 1711094619046 107.375 -69.0 0.30679615757712825 19
0000 0005 1711094619047 22.75 -67.5 4.509903516383785 19
0000 0012 1711094619047 -136.6875 -67.0 4.7307967498393175 19
0000 0008 1711094619047 34.9375 -66.5 1.5707963267948966 19
0000 0003 1711094619048 130.1875 -68.0 0.4356505437595221 19
0000 0014 1711094619048 107.375 -66.5 2.5280003384355365 19
0000 0011 1711094619048 36.5625 -74.0 0.2270291566070749 19
0000 0006 1711094619048 -1.1875 -75.0 1.3560390164909069 19
0000 0009 1711094619049 -0.25 -78.0 0.018407769454627694 19
0000 0008 1711094619049 145.625 -67.0 1.4051264017032472 19
0000 0010 1711094619049 107.375 -70.5 0.3313398501832985 19
0000 0003 1711094619050 3.25 -67.0 0.5092816215780329 19
0000 0004 1711094619050 -52.0625 -68.5 1.9696313316451632 19
0000 0005 1711094619051 48.8125 -68.0 4.356505437595221 19
0000 0014 1711094619051 -32.5 -67.5 2.816388726558037 19
0000 0012 1711094619051 32.5 -67.0 4.552854978444583 19
0000 0011 1711094619051 78.0625 -72.0 0.20248546400090464 19
0000 0006 1711094619111 -1.1875 -75.0 1.3989904785517047 19
0000 0009 1711094619111 7.875 -77.5 0.1349903093339364 19
0000 0010 1711094619306 266.875 -70.0 0.16566992509164924 19
0000 0008 1711094619307 -62.625 -67.0 1.6812429435226628 19
0000 0012 1711094619307 52.0625 -68.0 4.589670517353839 19
0000 0003 1711094619307 -104.125 -67.5 0.6504078540635119 19
0000 0004 1711094619307 71.5625 -69.5 1.736466251886546 19
0000 0005 1711094619308 68.3125 -67.0 4.424000592262189 19
0000 0014 1711094619308 26.0 -66.5 2.8961557275280905 19
0000 0011 1711094619308 33.3125 -73.5 0.1932815792735908 19
0000 0009 1711094619309 -1.1875 -76.5 0.11044661672776616 19
0000 0006 1711094619309 0.5625 -74.5 4.577398671050753 19
0000 0003 1711094619309 16.25 -67.5 0.4663301595172349 19
0000 0004 1711094619310 120.4375 -69.5 1.6873788666742053 19
0000 0010 1711094619310 42.3125 -71.0 0.4172427743048944 19
0000 0008 1711094619311 76.4375 -66.5 1.4726215563702154 19
0000 0012 1711094619311 19.5 -68.0 4.614214209960009 19
0000 0005 1711094619311 -26.0 -68.0 4.473087977474529 19
0000 0011 1711094619312 9.75 -73.0 0.3865631585471816 19
0000 0014 1711094619312 58.5625 -67.0 2.7857091108003242 19
0000 0006 1711094619357 -3.625 -75.0 4.571262747899211 19
0000 0009 1711094619357 -2.4375 -76.0 0.1718058482431918 19
0000 0003 1711094619606 52.0625 -67.0 0.4908738521234052 19
0000 0008 1711094619607 84.625 -67.5 1.4726215563702154 19
0000 0014 1711094619607 -3.25 -66.5 2.9206994201342606 19
0000 0004 1711094619607 84.625 -68.5 1.7548740213411735 19
0000 0005 1711094619608 -3.25 -67.5 4.583534594202296 19
0000 0010 1711094619608 27.625 -70.0 0.4172427743048944 19
0000 0011 1711094619608 117.125 -73.5 0.14726215563702155 19
0000 0012 1711094619608 -74.8125 -67.0 4.755340442445488 19
0000 0009 1711094619609 -21.125 -75.5 0.13192234775816514 19
0000 0006 1711094619609 -15.25 -74.5 1.3499030933393643 19
0000 0003 1711094619742 -22.75 -67.5 0.5645049299419159 19
0000 0005 1711094619742 -16.25 -68.0 4.503767593232243 19
0000 0010 1711094619743 24.375 -68.5 0.4724660826687775 19
0000 0012 1711094619743 -172.5 -67.5 4.816699673960914 19
0000 0004 1711094619743 68.3125 -69.5 1.6566992509164924 19
0000 0014 1711094619744 -6.5 -66.0 2.8532042654672924 19
0000 0011 1711094619744 65.0625 -71.0 0.36815538909255385 19
0000 0008 1711094619744 74.8125 -67.5 1.5401167110371838 19
0000 0009 1711094619744 -17.875 -75.5 0.14112623248547898 19
0000 0006 1711094619745 21.3125 -74.5 4.411728745959104 19
0000 0008 1711094619745 3.25 -66.5 1.607611865704152 19
0000 0012 1711094619745 -185.5 -67.5 4.884194828627882 19
0000 0003 1711094619746 3.25 -68.0 0.5829126993965437 19
0000 0005 1711094619746 35.75 -68.0 4.448544284868359 19
0000 0014 1711094619747 6.5 -67.0 2.834796496012665 19
0000 0010 1711094619747 211.5625 -70.0 0.11044661672776616 19
0000 0004 1711094619747 -78.0625 -68.5 1.902136176978195 19
0000 0009 1711094619748 -78.0625 -75.0 3.2765829629237295 19
0000 0011 1711094619748 -84.625 -74.5 0.47860200582032003 19
0000 0006 1711094619856 5.4375 -75.0 1.380582709097077 19
0000 0003 1711094620001 -65.0625 -68.0 0.5706408530934585 19
0000 0005 1711094620001 -74.8125 -67.5 4.6448938257177215 19
0000 0008 1711094620001 111.4375 -66.5 1.5033011721279284 19
0000 0012 1711094620002 19.5 -68.0 4.528311285838413 19
0000 0014 1711094620002 -78.0625 -67.0 3.0372819600135696 19
0000 0004 1711094620002 123.6875 -70.0 1.6935147898257479 19
0000 0011 1711094620003 13.0 -72.5 0.4479223900626072 19
0000 0010 1711094620003 52.0625 -70.0 0.2699806186678728 19
0000 0009 1711094620003 32.5 -75.0 0.0521553467881118 19
0000 0006 1711094620004 5.4375 -75.0 1.4542137869155878 19
0000 0008 1711094620004 22.75 -66.5 1.5278448647340985 19
0000 0012 1711094620004 -61.8125 -67.0 4.700117134081604 19
0000 0014 1711094620005 74.8125 -66.5 2.7120780329818137 19
0000 0010 1711094620005 62.625 -69.5 0.39269908169872414 19
0000 0003 1711094620006 120.4375 -67.5 0.4049709280018093 19
0000 0005 1711094620006 -74.8125 -67.5 4.632621979414636 19
0000 0004 1711094620006 -39.0 -69.0 1.9082721001297376 19
0000 0011 1711094620007 143.1875 -72.0 0.1595340019401067 19
0000 0009 1711094620007 -19.5 -74.0 3.442252888015379 19
0000 0006 1711094620113 4.25 -75.0 1.3989904785517047 19
0000 0012 1711094620262 113.875 -67.0 4.430136515413731 19
0000 0011 1711094620262 -205.0625 -73.5 0.6872233929727672 19
0000 0010 1711094620263 52.0625 -71.0 0.3129320807286708 19
0000 0004 1711094620263 3.25 -69.5 1.902136176978195 19
0000 0005 1711094620263 -61.8125 -67.5 4.491495746929157 19
0000 0008 1711094620263 -79.75 -66.0 1.6689710972195777 19
0000 0014 1711094620264 -3.25 -67.0 2.804116880254952 19
0000 0003 1711094620264 113.875 -67.5 0.4111068511533518 19
0000 0009 1711094620264 2.4375 -74.5 0.17487380981896308 19
0000 0006 1711094620265 -3.625 -74.5 4.565126824747668 19
0000 0000 1711094620265 -0.625 -75.5 6.154330920997192 19
0000 0003 1711094620265 52.0625 -68.0 0.47860200582032003 19
0000 0010 1711094620266 0.0 -71.0 0.23930100291016002 19
0000 0005 1711094620266 -107.375 -68.5 4.626486056263094 19
0000 0004 1711094620266 9.75 -69.0 1.8162332528565992 19
0000 0008 1711094620267 22.75 -67.0 1.4664856332186729 19
0000 0012 1711094620267 -107.375 -68.0 4.755340442445488 19
0000 0014 1711094620267 -19.5 -67.5 2.82252464970958 19
0000 0011 1711094620268 48.8125 -72.5 0.30066023442558565 19
0000 0009 1711094620356 9.75 -74.0 0.2239611950313036 19
0000 0006 1711094620357 -21.9375 -74.5 1.4787574795217582 19
0000 0000 1711094620537 -1.75 -75.0 6.277049384028044 19
0000 0012 1711094620537 -9.75 -67.0 4.583534594202296 19
0000 0004 1711094620537 104.125 -69.5 1.6873788666742053 19
0000 0003 1711094620538 -9.75 -67.0 0.47860200582032003 19
0000 0008 1711094620538 136.6875 -67.0 1.4664856332186729 19
0000 0014 1711094620538 52.0625 -67.0 2.705942109830271 19
0000 0005 1711094620539 42.3125 -67.5 4.319689898685965 19
0000 0010 1711094620539 104.125 -71.0 0.36815538909255385 19
0000 0011 1711094620539 45.5625 -73.5 0.3313398501832985 19
0000 0009 1711094620540 9.75 -75.5 0.2086213871524472 19
0000 0006 1711094620540 10.9375 -75.0 4.503767593232243 19
0000 0000 1711094620540 -1.5625 -75.0 6.19728238305799 19
0000 0012 1711094620541 -22.75 -67.5 4.651029748869264 19
0000 0011 1711094620541 -55.3125 -72.5 0.48473792897186263 19
0000 0008 1711094620541 -48.8125 -66.0 1.6014759425526093 19
0000 0003 1711094620542 84.625 -68.0 0.4049709280018093 19
0000 0004 1711094620542 -45.5625 -68.5 1.9696313316451632 19
0000 0014 1711094620542 -22.75 -67.5 2.7857091108003242 19
0000 0005 1711094620543 -71.5625 -68.0 4.491495746929157 19
0000 0010 1711094620543 71.5625 -70.5 0.3129320807286708 19
0000 0009 1711094620608 -2.4375 -76.5 0.09817477042468103 19
0000 0006 1711094620608 -11.5625 -74.5 1.423534171157875 19
0000 0000 1711094620829 0.125 -75.0 6.0991076126333095 19
0000 0003 1711094620829 -48.8125 -67.0 0.6442719309119693 19
0000 0004 1711094620829 39.0 -69.5 1.8162332528565992 19
0000 0012 1711094620830 -139.9375 -67.5 4.792155981354743 19
0000 0014 1711094620830 3.25 -68.5 2.82252464970958 19
0000 0008 1711094620830 114.6875 -67.0 1.41126232485479 19
0000 0005 1711094620831 -81.375 -67.0 4.577398671050753 19
0000 0011 1711094620831 -71.5625 -72.5 0.5399612373357456 19
0000 0010 1711094620832 97.625 -70.0 0.3129320807286708 19
0000 0006 1711094620832 15.25 -74.5 4.466952054322987 19
0000 0009 1711094620832 -6.6875 -77.0 0.2086213871524472 19
0000 0000 1711094620833 4.5625 -75.5 5.982525072754001 19
0000 0003 1711094620833 45.5625 -67.0 0.5399612373357456 19
0000 0004 1711094620834 -68.3125 -68.5 1.9512235621905356 19
0000 0008 1711094620834 26.0 -67.0 1.5953400194010667 19
0000 0014 1711094620834 -113.875 -66.5 2.9575149590435164 19
0000 0012 1711094620835 -55.3125 -67.0 4.749204519293945 19
0000 0005 1711094620835 0.0 -67.5 4.509903516383785 19
0000 0010 1711094620835 55.3125 -70.0 0.4049709280018093 19
0000 0011 1711094621106 6.0625 -74.0 0.34974761963792617 19
0000 0006 1711094621107 10.9375 -74.5 1.3867186322486196 19
0000 0009 1711094621107 -18.875 -77.5 0.006135923151542565 19
0000 0000 1711094621107 -5.0 -75.5 6.14819499784565 19
0000 0012 1711094621108 -159.5 -67.5 4.743068596142402 19
0000 0010 1711094621108 -74.8125 -69.0 0.5645049299419159 19
0000 0004 1711094621108 39.0 -69.0 1.8775924843720249 19
0000 0008 1711094621108 62.625 -66.5 1.5278448647340985 19
0000 0005 1711094621109 -58.5625 -67.5 4.509903516383785 19
0000 0003 1711094621109 107.375 -68.0 0.4970097752749477 19
0000 0014 1711094621109 -45.5625 -68.0 2.8102528034064944 19
0000 0011 1711094621110 81.375 -73.5 3.3379421944391554 19
0000 0006 1711094621110 -15.8125 -74.5 4.503767593232243 19
0000 0009 1711094621110 25.625 -78.0 6.037748381117884 19
0000 0000 1711094621111 2.875 -75.5 6.019340611663256 19
0000 0008 1711094621288 48.8125 -66.5 1.509437095279471 19
0000 0004 1711094621288 -16.25 -68.0 1.859184714917397 19
0000 0012 1711094621289 -120.4375 -67.0 4.853515212870168 19
0000 0014 1711094621289 3.25 -66.5 2.859340188618835 19
0000 0003 1711094621289 -19.5 -68.0 0.662679700366597 19
0000 0010 1711094621289 -17.0625 -69.5 0.4908738521234052 19
0000 0005 1711094621290 -94.375 -67.5 4.620350133111551 19
0000 0011 1711094621290 -19.5 -72.0 0.521553467881118 19
0000 0006 1711094621290 -12.1875 -74.5 1.4971652489763858 19
0000 0009 1711094621291 4.875 -78.5 6.227961998815704 19
0000 0000 1711094621291 1.5625 -75.0 5.976389149602458 19
0000 0005 1711094621291 61.8125 -67.5 4.338097668140593 19
0000 0012 1711094621292 -16.25 -66.5 4.706253057233147 19
0000 0008 1711094621292 90.3125 -67.5 1.4480778637640452 19
0000 0004 1711094621292 26.0 -69.0 1.8039614065535141 19
0000 0010 1711094621292 114.6875 -69.0 0.25770877236478773 19
0000 0003 1711094621293 71.5625 -68.5 0.521553467881118 19
0000 0014 1711094621293 -61.8125 -67.0 2.8777479580734626 19
0000 0011 1711094621293 -94.375 -72.5 0.3129320807286708 19
0000 0006 1711094621360 17.0625 -74.5 1.368310862793992 19
0000 0009 1711094621360 10.625 -79.0 6.22182607566416 19
0000 0000 1711094621562 -2.25 -75.5 6.160466844148735 19
0000 0014 1711094621562 26.0 -67.0 2.693670263527186 19
0000 0005 1711094621562 -74.8125 -67.5 4.479223900626073 19
0000 0004 1711094621562 -65.0625 -69.0 1.8775924843720249 19
0000 0008 1711094621563 93.5625 -66.0 1.4480778637640452 19
0000 0010 1711094621563 225.375 -69.0 0.25770877236478773 19
0000 0011 1711094621563 45.5625 -72.5 0.4049709280018093 19
0000 0003 1711094621564 -9.75 -67.0 0.5276893910326605 19
0000 0012 1711094621564 -32.5 -66.5 4.651029748869264 19
0000 0006 1711094621564 10.9375 -74.0 1.4051264017032472 19
0000 0009 1711094621564 15.8125 -78.5 6.043884304269426 19
0000 0000 1711094621565 0.625 -76.0 6.007068765360171 19
0000 0008 1711094621566 21.125 -67.0 1.3744467859455345 19
0000 0003 1711094621566 -113.875 -69.0 0.6810874698212247 19
0000 0010 1711094621566 100.875 -69.5 0.4111068511533518 19
0000 0004 1711094621566 -48.8125 -68.5 1.8960002538266525 19
0000 0014 1711094621567 -58.5625 -67.0 2.9145634969827183 19
0000 0005 1711094621567 26.0 -67.0 4.4362724385652745 19
0000 0012 1711094621567 -97.625 -68.0 4.792155981354743 19
0000 0011 1711094621568 166.0 -73.0 0.07976700097005335 19
0000 0006 1711094621606 18.25 -74.5 1.3621749396424494 19
0000 0009 1711094621839 -7.875 -78.5 6.129787228391022 19
0000 0000 1711094621840 -2.5625 -75.5 6.12365130523948 19
0000 0010 1711094621840 -3.25 -69.5 0.4356505437595221 19
0000 0008 1711094621840 69.125 -66.5 1.4971652489763858 19
0000 0003 1711094621840 68.3125 -68.5 0.4540583132141498 19
0000 0011 1711094621841 61.8125 -72.0 0.30066023442558565 19
0000 0014 1711094621841 65.0625 -66.5 2.6568547246179306 19
0000 0004 1711094621841 100.875 -69.5 1.718058482431918 19
0000 0012 1711094621842 -65.0625 -67.5 4.7307967498393175 19
0000 0005 1711094621842 -130.1875 -68.0 4.638757902566179 19
0000 0006 1711094621842 11.5625 -74.5 4.454680208019902 19
0000 0009 1711094621842 7.875 -77.5 3.104777114680538 19
0000 0000 1711094621843 1.9375 -75.5 6.154330920997192 19
0000 0012 1711094621843 6.5 -67.0 4.663301595172349 19
0000 0005 1711094621844 68.3125 -67.5 4.276738436625168 19
0000 0003 1711094621844 -9.75 -68.5 0.5829126993965437 19
0000 0014 1711094621844 52.0625 -67.5 2.6813984172241008 19
0000 0010 1711094621845 58.5625 -69.0 0.3865631585471816 19
0000 0008 1711094621845 7.3125 -67.0 1.5278448647340985 19
0000 0004 1711094621845 9.75 -69.0 1.846912868614312 19
0000 0011 1711094621845 87.875 -72.5 0.17794177139473438 19
0000 0006 1711094622117 3.0 -75.0 4.577398671050753 19
0000 0009 1711094622117 -7.875 -77.5 0.04908738521234052 19
0000 0000 1711094622117 4.375 -75.0 6.068427996875596 19
0000 0004 1711094622118 208.3125 -68.5 1.533980787885641 19
0000 0014 1711094622118 -26.0 -67.0 2.9145634969827183 19
0000 0008 1711094622118 -26.0 -67.0 1.5462526341887264 19
0000 0003 1711094622119 -6.5 -68.0 0.5031456984264903 19
0000 0012 1711094622119 -42.3125 -67.0 4.718524903536232 19
0000 0010 1711094622119 -32.5 -68.5 0.5031456984264903 19
0000 0005 1711094622120 19.5 -68.0 4.4362724385652745 19
0000 0011 1711094622120 -2.4375 -73.5 0.303728196001357 19
0000 0006 1711094622121 -5.4375 -74.5 4.491495746929157 19
0000 0009 1711094622121 -6.0625 -77.0 0.01227184630308513 19
0000 0000 1711094622121 0.25 -75.0 6.270913460876501 19
0000 0004 1711094622300 91.125 -69.0 1.6935147898257479 19
0000 0008 1711094622300 -27.625 -66.5 1.6137477888556946 19
0000 0010 1711094622301 -29.25 -69.5 0.607456392002714 19
0000 0003 1711094622301 -26.0 -68.0 0.619728238305799 19
0000 0014 1711094622301 52.0625 -67.5 2.767301341345697 19
0000 0005 1711094622301 -78.0625 -67.5 4.509903516383785 19
0000 0012 1711094622302 -113.875 -67.0 4.8351074434155406 19
0000 0011 1711094622302 -78.0625 -73.0 0.46019423636569234 19
0000 0006 1711094622302 -9.75 -74.5 4.583534594202296 19
0000 0009 1711094622303 17.0625 -76.0 6.277049384028044 19
0000 0000 1711094622303 3.6875 -75.0 6.17273869045182 19
0000 0010 1711094622303 -16.25 -69.5 0.42337869745643697 19
0000 0004 1711094622303 55.3125 -69.5 1.7916895602504288 19
0000 0014 1711094622304 -52.0625 -67.5 2.8532042654672924 19
0000 0008 1711094622304 -17.0625 -66.5 1.5401167110371838 19
0000 0003 1711094622304 -16.25 -67.0 0.5276893910326605 19
0000 0012 1711094622305 19.5 -67.5 4.6878452877785195 19
0000 0005 1711094622305 55.3125 -67.0 4.331961744989051 19
0000 0011 1711094622356 -12.1875 -74.0 0.28225246497095796 19
0000 0009 1711094622357 -58.5625 -74.5 0.14726215563702155 19
0000 0006 1711094622357 11.5625 -74.5 1.3008157081270237 19
0000 0000 1711094622599 -0.625 -75.0 6.1850105367549055 19
0000 0005 1711094622600 0.0 -68.0 4.552854978444583 19
0000 0003 1711094622600 -16.25 -66.5 0.5460971604872883 19
0000 0010 1711094622600 69.125 -69.5 0.34974761963792617 19
0000 0012 1711094622600 -123.6875 -67.0 4.853515212870168 19
0000 0014 1711094622601 94.375 -67.0 2.6261751088602177 19
0000 0011 1711094622601 117.125 -72.0 0.28225246497095796 19
0000 0008 1711094622601 -24.375 -66.0 1.533980787885641 19
0000 0004 1711094622602 133.4375 -69.0 1.6689710972195777 19
0000 0006 1711094622602 5.4375 -74.5 1.380582709097077 19
0000 0009 1711094622602 14.625 -76.0 6.270913460876501 19
0000 0000 1711094622603 -0.625 -74.5 6.19728238305799 19
0000 0005 1711094622603 -6.5 -68.0 4.552854978444583 19
0000 0010 1711094622604 -91.125 -69.5 0.619728238305799 19
0000 0011 1711094622604 198.5625 -73.0 0.06135923151542565 19
0000 0014 1711094622604 22.75 -67.0 2.8532042654672924 19
0000 0008 1711094622604 24.375 -67.5 1.5033011721279284 19
0000 0003 1711094622605 -9.75 -68.0 0.5829126993965437 19
0000 0012 1711094622605 91.125 -68.0 4.522175362686871 19
0000 0004 1711094622605 120.4375 -69.0 1.6505633277649499 19
0000 0009 1711094622606 84.625 -73.0 3.2520392703175593 19
0000 0006 1711094622856 -1.8125 -74.5 1.4173982480063325 19
0000 0000 1711094622856 0.125 -75.0 6.14819499784565 19
0000 0012 1711094622857 -45.5625 -68.5 4.651029748869264 19
0000 0008 1711094622857 13.0 -66.5 1.5585244804918115 19
0000 0005 1711094622857 29.25 -67.5 4.485359823777615 19
0000 0010 1711094622857 62.625 -70.5 0.30066023442558565 19
0000 0004 1711094622858 -6.5 -70.0 1.846912868614312 19
0000 0014 1711094622859 26.0 -67.0 2.705942109830271 19
0000 0011 1711094622859 65.0625 -72.0 0.23930100291016002 19
0000 0003 1711094622859 -39.0 -68.0 0.619728238305799 19
0000 0009 1711094622859 92.75 -75.0 0.01227184630308513 19
0000 0006 1711094622860 -14.0 -74.5 1.368310862793992 19
0000 0000 1711094623105 -5.6875 -75.0 0.07363107781851078 19
0000 0010 1711094623105 100.875 -69.5 0.3190680038802134 19
0000 0012 1711094623106 -104.125 -67.5 4.675573441475434 19
0000 0014 1711094623106 97.625 -67.0 2.6384469551633027 19
0000 0004 1711094623106 -48.8125 -68.5 1.902136176978195 19
0000 0005 1711094623106 71.5625 -67.0 4.356505437595221 19
0000 0008 1711094623107 48.8125 -66.0 1.4664856332186729 19
0000 0011 1711094623107 39.0 -72.5 0.3313398501832985 19
0000 0003 1711094623107 74.8125 -67.5 0.4663301595172349 19
0000 0009 1711094623108 41.5 -74.5 0.1227184630308513 19
0000 0006 1711094623108 12.1875 -74.5 4.516039439535327 19
