0009 0015 1710135004128 -26.0 -57.0 5.8475347634200645 17
0009 0003 1710135004129 4.25 -77.0 0.8651651643675016 17
0009 0015 1710135004129 29.25 -57.0 5.773903685601553 17
0009 0003 1710135004129 15.25 -77.0 0.6013204688511713 17
0009 0015 1710135004130 -32.5 -57.0 5.859806609723149 17
0009 0003 1710135004130 -4.25 -77.5 0.6933593161243098 17
0009 0015 1710135004379 -26.0 -57.0 5.841398840268521 17
0009 0003 1710135004379 44.5 -77.0 0.28225246497095796 17
0009 0015 1710135004379 13.0 -57.0 5.792311455056181 17
0009 0003 1710135004380 -25.0 -77.0 0.7485826244881929 17
0009 0015 1710135004629 0.0 -57.0 5.798447378207723 17
0009 0003 1710135004629 7.875 -77.5 0.5276893910326605 17
0009 0015 1710135004629 0.0 -57.0 5.792311455056181 17
0009 0003 1710135004629 7.875 -77.5 0.619728238305799 17
0009 0015 1710135004630 -16.25 -57.0 5.816855147662351 17
0009 0003 1710135004879 10.0625 -78.0 0.6749515466696822 17
0009 0015 1710135004879 -6.5 -57.5 5.829126993965437 17
0009 0003 1710135004880 -15.8125 -77.5 0.7976700097005334 17
0009 0015 1710135004880 13.0 -57.0 5.810719224510809 17
0009 0003 1710135004880 18.875 -77.5 0.5890486225480862 17
0009 0015 1710135005129 -6.5 -57.5 5.810719224510809 17
0009 0003 1710135005129 30.5 -77.0 0.5522330836388308 17
0009 0015 1710135005129 22.75 -57.0 5.773903685601553 17
0009 0003 1710135005130 -20.125 -77.0 0.7915340865489908 17
0009 0015 1710135005130 -6.5 -57.0 5.872078456026235 17
0009 0003 1710135005130 -113.875 -74.0 0.9572040116406401 17
0009 0004 1710135005379 2.4375 -74.5 4.301282129231338 17
0009 0015 1710135005379 -29.25 -57.5 6.031612457966341 17
0009 0003 1710135005380 97.625 -74.0 1.0983302441261191 17
0009 0004 1710135005380 -3.25 -73.0 1.4266021327336462 17
0009 0002 1710135005380 14.3125 -79.0 1.8223691760081417 17
0009 0003 1710135005381 -91.125 -71.0 2.1353012567368124 17
0009 0015 1710135005382 -22.75 -57.5 6.240233845118788 17
0009 0004 1710135005382 39.0 -67.0 1.6751070203711202 17
0009 0002 1710135005382 2.4375 -78.0 5.436427912266712 17
0009 0004 1710135005637 3.25 -64.0 1.7548740213411735 17
0009 0003 1710135005637 -117.125 -70.5 3.399301425954581 17
0009 0015 1710135005638 19.5 -57.5 6.209554229361076 17
0009 0006 1710135005638 64.25 -70.5 4.878058905476339 17
0009 0002 1710135005638 23.4375 -78.0 5.43029198911517 17
0009 0003 1710135005639 -58.5625 -67.0 4.0128937411088375 17
0009 0002 1710135005639 263.625 -74.0 1.8346410223112268 17
0009 0007 1710135005639 -55.3125 -72.0 3.399301425954581 17
0009 0004 1710135005639 3.25 -67.5 2.5157284921324514 17
0009 0015 1710135005640 -19.5 -57.0 0.25157284921324513 17
0009 0006 1710135005640 -55.3125 -62.5 1.7303303287350031 17
0009 0003 1710135005640 113.875 -70.0 3.5158839658338894 17
0009 0007 1710135005641 -13.8125 -66.5 3.454524734318464 17
0009 0015 1710135005641 -3.25 -56.0 0.1595340019401067 17
0009 0006 1710135005642 58.5625 -61.0 1.5401167110371838 17
0009 0004 1710135005642 -4.875 -72.5 1.911340061705509 17
0009 0002 1710135005879 -4.5625 -77.0 2.2089323345553233 17
0009 0012 1710135005879 1.5625 -74.5 2.2027964114037806 17
0009 0006 1710135005880 -172.5 -68.5 2.552544031041707 17
0009 0015 1710135005880 -16.25 -56.0 0.14112623248547898 17
0009 0007 1710135005880 -30.875 -69.0 3.479068426924634 17
0009 0004 1710135005880 6.5 -62.5 5.810719224510809 17
0009 0012 1710135005881 -0.5625 -72.0 5.129631754689584 17
0009 0008 1710135005881 5.625 -72.0 5.43029198911517 17
0009 0000 1710135005881 1.8125 -72.0 0.7915340865489908 17
0009 0005 1710135006019 -104.125 -67.0 1.9389517158874505 17
0009 0004 1710135006020 19.5 -59.0 5.00077736850719 17
0009 0012 1710135006020 9.75 -70.5 4.853515212870168 17
0009 0015 1710135006020 -26.0 -56.0 0.1595340019401067 17
0009 0000 1710135006020 42.3125 -66.0 0.12885438618239387 17
0009 0008 1710135006021 -39.0 -66.5 5.368932757599744 17
0009 0007 1710135006021 -7.875 -74.5 5.964117303299373 17
0009 0006 1710135006021 -6.0625 -74.0 5.074408446325701 17
0009 0015 1710135006022 -3.25 -56.0 6.277049384028044 17
0009 0000 1710135006022 65.0625 -64.5 5.344389064993574 17
0009 0008 1710135006022 166.0 -67.0 4.4362724385652745 17
0009 0012 1710135006023 42.3125 -67.5 4.509903516383785 17
0009 0006 1710135006023 -65.0625 -70.5 5.209398755659637 17
0009 0004 1710135006024 22.75 -60.0 4.442408361716817 17
0009 0005 1710135006024 -19.5 -64.5 1.8039614065535141 17
0009 0007 1710135006025 29.25 -72.5 4.638757902566179 17
0009 0013 1710135006129 31.125 -78.0 5.638913376267617 17
0009 0015 1710135006129 0.0 -56.0 6.240233845118788 17
0009 0000 1710135006129 113.875 -65.0 3.6999616603801666 17
0009 0004 1710135006129 -48.8125 -62.5 4.147884050442774 17
0009 0012 1710135006130 26.0 -68.0 4.454680208019902 17
0009 0005 1710135006130 -104.125 -63.0 1.7916895602504288 17
0009 0006 1710135006130 -84.625 -68.0 5.559146375297564 17
0009 0008 1710135006131 16.25 -72.5 3.448388811166921 17
0009 0007 1710135006131 -135.0625 -69.5 0.4908738521234052 17
0009 0005 1710135006355 -32.5 -61.0 1.3437671701878218 17
0009 0012 1710135006356 45.5625 -68.0 4.651029748869264 17
0009 0000 1710135006356 0.0 -62.0 2.2027964114037806 17
0009 0007 1710135006356 177.375 -68.0 5.8475347634200645 17
0009 0004 1710135006357 16.25 -64.0 3.5895150436524004 17
0009 0006 1710135006357 26.0 -68.0 5.368932757599744 17
0009 0015 1710135006357 -3.25 -56.0 0.006135923151542565 17
0009 0008 1710135006357 -263.625 -74.0 2.521864415283994 17
0009 0006 1710135006358 48.8125 -68.0 5.203262832508095 17
0009 0004 1710135006358 78.0625 -65.0 3.215223731408304 17
0009 0012 1710135006358 -84.625 -68.5 4.773748211900116 17
0009 0015 1710135006359 -3.25 -55.5 0.05522330836388308 17
0009 0005 1710135006359 -3.25 -61.5 0.8651651643675016 17
0009 0007 1710135006360 83.0 -67.0 5.577554144752192 17
0009 0000 1710135006360 16.25 -61.0 1.325359400733194 17
0009 0008 1710135006360 -351.5 -73.5 2.2212041808584084 17
0009 0012 1710135006567 52.0625 -68.0 4.657165672020807 17
0009 0004 1710135006567 35.75 -65.5 2.8409324191642074 17
0009 0006 1710135006568 0.0 -68.0 4.92714629068868 17
0009 0000 1710135006568 -9.75 -61.0 0.8713010875190442 17
0009 0008 1710135006568 -143.1875 -72.5 1.4971652489763858 17
0009 0005 1710135006569 -32.5 -62.0 0.46019423636569234 17
0009 0015 1710135006569 -19.5 -56.0 0.09203884727313846 17
0009 0007 1710135006569 -76.4375 -67.0 5.651185222570702 17
0009 0005 1710135006569 16.25 -63.0 6.215690152512618 17
0009 0006 1710135006570 -65.0625 -68.0 4.755340442445488 17
0009 0000 1710135006570 22.75 -60.5 0.4479223900626072 17
0009 0015 1710135006570 -22.75 -55.5 0.09203884727313846 17
0009 0012 1710135006571 -65.0625 -67.5 4.97623367590102 17
0009 0007 1710135006571 -55.3125 -67.0 5.491651220630596 17
0009 0004 1710135006571 -6.5 -64.0 2.2764274892222915 17
0009 0008 1710135006571 1.625 -75.5 1.1995729761265714 17
0009 0005 1710135006783 -6.5 -62.5 5.970253226450915 17
0009 0007 1710135006783 -65.875 -67.5 5.375068680751287 17
0009 0008 1710135006783 -130.1875 -75.0 1.1903690913992575 17
0009 0004 1710135006784 9.75 -62.5 1.6935147898257479 17
0009 0015 1710135006784 -29.25 -55.5 0.1227184630308513 17
0009 0000 1710135006784 -13.0 -61.0 0.20248546400090464 17
0009 0012 1710135006785 -39.0 -68.0 4.914874444385594 17
0009 0006 1710135006785 13.0 -67.0 4.000621894805752 17
0009 0012 1710135006785 -68.3125 -68.5 4.828971520263998 17
0009 0007 1710135006786 -73.1875 -67.0 5.47937937432751 17
0009 0015 1710135006786 0.0 -55.5 0.07363107781851078 17
0009 0000 1710135006786 -19.5 -62.0 0.01227184630308513 17
0009 0005 1710135006786 -68.3125 -63.5 5.816855147662351 17
0009 0006 1710135006787 48.8125 -67.5 3.77972866135022 17
0009 0004 1710135006787 58.5625 -62.5 1.1290098598838318 17
0009 0008 1710135006787 11.5625 -76.5 1.0737865515199487 17
0009 0012 1710135006878 0.0 -68.5 4.779884135051658 17
0009 0015 1710135006878 3.25 -56.0 0.09817477042468103 17
0009 0006 1710135006879 113.875 -68.5 3.7429131224409646 17
0009 0007 1710135006879 -38.1875 -67.0 5.332117218690489 17
0009 0005 1710135006879 -71.5625 -63.5 5.595961914206819 17
0009 0004 1710135006880 68.3125 -63.0 1.1167380135807468 17
0009 0000 1710135006880 6.5 -61.0 6.092971689481767 17
0009 0008 1710135007067 -5.4375 -76.0 1.2333205534600555 17
0009 0007 1710135007067 7.3125 -66.5 5.307573526084319 17
0009 0012 1710135007067 3.25 -68.0 4.71238898038469 17
0009 0015 1710135007068 -26.0 -55.5 0.16566992509164924 17
0009 0000 1710135007068 -16.25 -61.0 5.976389149602458 17
0009 0005 1710135007068 65.0625 -63.5 5.190990986205009 17
0009 0004 1710135007069 -3.25 -63.5 1.2946797849754812 17
0009 0006 1710135007069 -139.9375 -67.5 4.3933209765044765 17
0009 0008 1710135007069 21.9375 -76.0 0.944932165337555 17
0009 0007 1710135007070 -225.375 -67.0 5.632777453116074 17
0009 0005 1710135007070 -74.8125 -63.5 5.289165756629691 17
0009 0015 1710135007070 0.0 -55.5 0.15339807878856412 17
0009 0006 1710135007071 -3.25 -68.5 4.319689898685965 17
0009 0000 1710135007071 16.25 -61.0 5.859806609723149 17
0009 0004 1710135007071 -39.0 -63.5 1.3008157081270237 17
0009 0012 1710135007072 -39.0 -68.5 4.681709364626977 17
0009 0008 1710135007138 7.3125 -76.0 1.0492428589137786 17
0009 0006 1710135007313 52.0625 -69.0 4.252194744018997 17
0009 0015 1710135007313 6.5 -56.0 0.16566992509164924 17
0009 0004 1710135007314 6.5 -63.0 1.1903690913992575 17
0009 0007 1710135007314 -45.5625 -68.0 5.375068680751287 17
0009 0000 1710135007315 -29.25 -62.5 5.890486225480862 17
0009 0005 1710135007315 -71.5625 -63.5 5.203262832508095 17
0009 0012 1710135007315 42.3125 -68.0 4.638757902566179 17
0009 0008 1710135007316 15.8125 -76.0 1.0492428589137786 17
0009 0000 1710135007316 -9.75 -61.5 5.853670686571607 17
0009 0007 1710135007316 -41.5 -68.0 5.350524988145116 17
0009 0015 1710135007317 -9.75 -56.0 0.2086213871524472 17
0009 0006 1710135007317 29.25 -68.5 4.196971435655114 17
0009 0012 1710135007318 16.25 -68.5 4.595806440505381 17
0009 0004 1710135007318 -22.75 -63.0 1.1719613219446299 17
0009 0005 1710135007318 -39.0 -63.0 5.160311370447297 17
0009 0008 1710135007318 6.6875 -76.0 1.000155473701438 17
0009 0004 1710135007519 13.0 -63.5 1.1106020904292042 17
0009 0005 1710135007519 -55.3125 -63.5 5.270757987175063 17
0009 0007 1710135007519 -48.8125 -69.0 5.307573526084319 17
0009 0012 1710135007520 100.875 -69.0 4.657165672020807 17
0009 0006 1710135007520 65.0625 -68.5 4.25833066717054 17
0009 0015 1710135007520 -26.0 -56.0 0.21475731030398976 17
0009 0000 1710135007521 -61.8125 -62.0 5.957981380147831 17
0009 0008 1710135007521 -0.5625 -76.0 1.1351457830353744 17
0009 0007 1710135007521 -41.5 -67.0 5.307573526084319 17
0009 0004 1710135007522 -35.75 -63.5 1.214912784005428 17
0009 0015 1710135007522 0.0 -56.0 0.1902136176978195 17
0009 0006 1710135007522 -16.25 -67.5 4.338097668140593 17
0009 0005 1710135007522 -117.125 -63.5 5.418020142812084 17
0009 0000 1710135007523 -16.25 -61.5 5.939573610693203 17
0009 0012 1710135007523 19.5 -68.5 4.779884135051658 17
0009 0008 1710135007523 11.5625 -75.5 1.086058397823034 17
0009 0006 1710135007629 130.1875 -69.0 4.09266074207889 17
0009 0015 1710135007629 -35.75 -56.0 0.2454369260617026 17
0009 0005 1710135007629 -16.25 -63.5 5.307573526084319 17
0009 0004 1710135007629 52.0625 -63.5 1.1658253987930873 17
0009 0012 1710135007630 3.25 -68.5 4.908738521234052 17
0009 0000 1710135007630 9.75 -61.5 5.939573610693203 17
0009 0007 1710135007630 -21.125 -68.0 5.184855063053467 17
0009 0008 1710135007631 4.25 -75.5 1.1903690913992575 17
0009 0009 1710135007832 -1.75 -74.5 0.5399612373357456 17
0009 0000 1710135007833 -29.25 -62.0 6.086835766330224 17
0009 0005 1710135007833 -26.0 -63.5 5.307573526084319 17
0009 0012 1710135007833 -166.0 -68.0 4.994641445355648 17
0009 0004 1710135007834 26.0 -63.0 1.2578642460662257 17
0009 0015 1710135007834 -9.75 -56.0 0.1718058482431918 17
0009 0007 1710135007834 83.0 -67.5 5.221670601962723 17
0009 0006 1710135007835 -123.6875 -68.0 4.295146206079795 17
0009 0009 1710135007835 -1.9375 -74.5 0.6013204688511713 17
0009 0015 1710135007836 9.75 -55.5 0.1595340019401067 17
0009 0007 1710135007836 41.5 -68.0 5.148039524144211 17
0009 0005 1710135007836 -45.5625 -63.5 5.393476450205914 17
0009 0006 1710135007837 -35.75 -68.0 4.270602513473625 17
0009 0004 1710135007837 71.5625 -63.5 1.1596894756415448 17
0009 0000 1710135007838 -13.0 -61.5 6.129787228391022 17
0009 0012 1710135007838 -58.5625 -69.0 4.92714629068868 17
0009 0008 1710135007838 91.125 -72.5 1.2455923997631406 17
0009 0009 1710135008054 2.4375 -75.0 0.4908738521234052 17
0009 0004 1710135008054 45.5625 -63.5 1.1474176293384597 17
0009 0005 1710135008054 -6.5 -63.5 5.350524988145116 17
0009 0006 1710135008055 0.0 -68.5 4.25833066717054 17
0009 0007 1710135008055 180.625 -68.0 5.117359908386499 17
0009 0000 1710135008055 -35.75 -61.5 6.12365130523948 17
0009 0012 1710135008055 29.25 -68.5 4.804427827657828 17
0009 0015 1710135008056 -19.5 -56.0 0.1718058482431918 17
0009 0009 1710135008056 -3.5625 -75.0 0.6810874698212247 17
0009 0012 1710135008056 -6.5 -68.5 4.749204519293945 17
0009 0000 1710135008057 -26.0 -61.0 6.111379458936394 17
0009 0015 1710135008057 -3.25 -56.0 0.17794177139473438 17
0009 0004 1710135008057 -22.75 -63.0 1.3008157081270237 17
0009 0005 1710135008057 -16.25 -63.5 5.368932757599744 17
0009 0006 1710135008058 -22.75 -68.0 4.264466590322082 17
0009 0007 1710135008058 -76.4375 -68.0 5.424156065963627 17
0009 0008 1710135008058 152.9375 -74.5 0.8713010875190442 17
0009 0009 1710135008278 2.0 -75.0 0.521553467881118 17
0009 0015 1710135008278 -9.75 -56.0 0.19634954084936207 17
0009 0006 1710135008278 -107.375 -68.0 4.399456899656019 17
0009 0004 1710135008279 16.25 -63.0 1.227184630308513 17
0009 0007 1710135008279 10.5625 -68.5 5.350524988145116 17
0009 0012 1710135008279 39.0 -68.0 4.7860200582032 17
0009 0000 1710135008280 45.5625 -61.5 6.037748381117884 17
0009 0005 1710135008280 -6.5 -63.0 5.399612373357457 17
0009 0008 1710135008280 91.125 -73.0 0.8222137023067037 17
0009 0009 1710135008281 0.625 -75.0 0.47860200582032003 17
0009 0007 1710135008281 38.1875 -68.5 5.289165756629691 17
0009 0012 1710135008281 -61.8125 -69.0 4.896466674930966 17
0009 0000 1710135008281 19.5 -61.5 6.092971689481767 17
0009 0015 1710135008282 0.0 -56.0 0.18407769454627693 17
0009 0005 1710135008282 9.75 -63.5 5.332117218690489 17
0009 0004 1710135008282 45.5625 -63.5 1.2455923997631406 17
0009 0006 1710135008283 -16.25 -68.0 4.313553975534423 17
0009 0008 1710135008283 35.75 -74.0 1.1658253987930873 17
0009 0009 1710135008378 -1.125 -75.0 0.5890486225480862 17
0009 0015 1710135008503 -19.5 -56.0 0.2086213871524472 17
0009 0012 1710135008504 -100.875 -68.5 4.81056375080937 17
0009 0006 1710135008504 9.75 -68.0 4.215379205109742 17
0009 0004 1710135008504 19.5 -63.0 1.239456476611598 17
0009 0007 1710135008504 -59.375 -67.5 5.307573526084319 17
0009 0000 1710135008505 -29.25 -61.5 6.178874613603362 17
0009 0005 1710135008505 45.5625 -63.5 5.313709449235861 17
0009 0008 1710135008505 39.875 -75.0 4.230719012988598 17
0009 0009 1710135008506 -1.75 -75.5 0.619728238305799 17
0009 0015 1710135008506 -19.5 -56.0 0.21475731030398976 17
0009 0007 1710135008506 -45.5625 -69.5 5.387340527054372 17
0009 0004 1710135008506 91.125 -63.0 1.1719613219446299 17
0009 0000 1710135008507 -26.0 -61.5 6.19728238305799 17
0009 0006 1710135008507 -42.3125 -68.0 4.23378697456437 17
0009 0012 1710135008508 -29.25 -68.5 4.669437518323892 17
0009 0005 1710135008508 -78.0625 -63.5 5.4671075280244255 17
0009 0008 1710135008508 -335.25 -72.5 1.6444274046134073 17
0009 0009 1710135008628 -3.8125 -75.0 0.6810874698212247 17
0009 0012 1710135008629 -139.9375 -69.0 4.945554060143307 17
0009 0005 1710135008629 35.75 -64.0 5.350524988145116 17
0009 0000 1710135008629 -19.5 -61.5 6.209554229361076 17
0009 0004 1710135008630 -29.25 -63.0 1.3437671701878218 17
0009 0015 1710135008630 9.75 -56.0 0.18407769454627693 17
0009 0006 1710135008630 39.0 -68.0 4.270602513473625 17
0009 0007 1710135008630 -87.0625 -68.5 5.399612373357457 17
0009 0008 1710135008631 -97.625 -72.5 1.5155730184310134 17
0009 0009 1710135008837 -0.25 -75.0 0.5829126993965437 17
0009 0005 1710135008837 -3.25 -63.5 5.424156065963627 17
0009 0015 1710135008837 -13.0 -56.0 0.20248546400090464 17
0009 0012 1710135008838 -133.4375 -68.0 5.013049214810275 17
0009 0006 1710135008838 -29.25 -68.5 4.301282129231338 17
0009 0000 1710135008838 -13.0 -61.5 6.22182607566416 17
0009 0007 1710135008839 30.875 -68.0 5.344389064993574 17
0009 0004 1710135008839 32.5 -63.5 1.2517283229146832 17
0009 0008 1710135008839 -39.0 -73.0 1.2640001692177683 17
0009 0009 1710135008839 -1.125 -75.0 0.5460971604872883 17
0009 0007 1710135008840 -27.625 -67.5 5.3627968344482015 17
0009 0000 1710135008840 3.25 -61.5 6.2034183062095325 17
0009 0005 1710135008841 13.0 -63.5 5.424156065963627 17
0009 0015 1710135008841 9.75 -56.0 0.18407769454627693 17
0009 0004 1710135008841 39.0 -63.0 1.2578642460662257 17
0009 0012 1710135008841 58.5625 -68.0 4.718524903536232 17
0009 0006 1710135008842 3.25 -67.5 4.215379205109742 17
0009 0008 1710135008874 17.0625 -74.5 1.2026409377023426 17
