0000 0010 1710751616905 35.75 -67.0 5.399612373357457 7
0000 0009 1710751616905 -21.125 -58.5 2.6016314162540475 7
0000 0012 1710751616906 6.5 -57.0 4.485359823777615 7
0000 0004 1710751616906 -22.75 -62.5 5.485515297479052 7
0000 0013 1710751616907 -22.75 -64.5 2.6998061866787286 7
0000 0005 1710751616907 128.5625 -68.0 5.6941366846315 7
0000 0001 1710751616907 29.25 -65.5 4.417864669110647 7
0000 0006 1710751616908 1.625 -74.0 5.295301679781233 7
0000 0000 1710751616908 0.0 -74.0 0.5031456984264903 7
0000 0011 1710751616908 5.4375 -74.5 4.387185053352934 7
0000 0012 1710751617030 -48.8125 -57.0 4.614214209960009 7
0000 0005 1710751617030 195.25 -68.5 5.608233760509904 7
0000 0010 1710751617030 29.25 -66.0 5.5714182216006485 7
0000 0013 1710751617031 -26.0 -65.5 2.6998061866787286 7
0000 0009 1710751617031 38.1875 -59.0 2.6998061866787286 7
0000 0004 1710751617031 -42.3125 -62.0 5.66959299202533 7
0000 0001 1710751617032 74.8125 -65.5 4.338097668140593 7
0000 0006 1710751617033 4.875 -74.5 2.386874105950058 7
0000 0011 1710751617033 7.3125 -74.0 4.460816131171445 7
0000 0000 1710751617033 -5.75 -73.5 0.6013204688511713 7
0000 0012 1710751617034 -26.0 -57.5 4.669437518323892 7
0000 0005 1710751617034 45.5625 -69.0 5.853670686571607 7
0000 0010 1710751617034 -22.75 -66.0 5.816855147662351 7
0000 0009 1710751617035 -38.1875 -59.5 2.9268353432858034 7
0000 0013 1710751617035 -45.5625 -64.5 2.761165418194154 7
0000 0004 1710751617035 26.0 -62.0 5.8659425328746915 7
0000 0001 1710751617036 13.0 -65.5 4.595806440505381 7
0000 0000 1710751617155 -3.0 -74.0 0.6810874698212247 7
0000 0011 1710751617155 26.8125 -74.5 1.3867186322486196 7
0000 0006 1710751617155 1.5625 -76.5 5.7616318392984684 7
0000 0005 1710751617270 -94.375 -69.5 6.092971689481767 7
0000 0013 1710751617271 16.25 -65.0 2.718213956133356 7
0000 0004 1710751617271 71.5625 -61.5 6.037748381117884 7
0000 0001 1710751617271 13.0 -65.0 4.651029748869264 7
0000 0009 1710751617273 -10.5625 -60.0 3.098641191528995 7
0000 0010 1710751617273 32.5 -66.0 6.019340611663256 7
0000 0012 1710751617273 -19.5 -58.0 4.700117134081604 7
0000 0011 1710751617273 12.1875 -74.0 4.743068596142402 7
0000 0000 1710751617274 13.6875 -73.5 0.662679700366597 7
0000 0009 1710751617274 -6.5 -60.0 3.215223731408304 7
0000 0005 1710751617274 -38.1875 -70.0 6.013204688511713 7
0000 0013 1710751617275 22.75 -64.5 2.693670263527186 7
0000 0012 1710751617275 -6.5 -58.0 4.7307967498393175 7
0000 0010 1710751617276 71.5625 -65.5 6.1850105367549055 7
0000 0004 1710751617276 42.3125 -62.0 6.1850105367549055 7
0000 0001 1710751617276 -22.75 -66.5 4.804427827657828 7
0000 0011 1710751617404 -10.9375 -74.0 1.8653206380689396 7
0000 0010 1710751617404 -29.25 -66.0 0.32520392703175593 7
0000 0009 1710751617404 -13.8125 -60.0 3.368621810196868 7
0000 0012 1710751617405 -19.5 -58.5 5.019185137961818 7
0000 0001 1710751617405 -107.375 -65.5 5.031456984264903 7
0000 0004 1710751617405 13.0 -62.5 6.264777537724958 7
0000 0013 1710751617406 16.25 -65.5 2.6813984172241008 7
0000 0005 1710751617406 -59.375 -70.0 6.019340611663256 7
0000 0010 1710751617654 39.0 -67.5 0.3313398501832985 7
0000 0005 1710751617655 7.3125 -69.5 5.9518454569962875 7
0000 0009 1710751617655 -55.3125 -60.0 3.32567034813607 7
0000 0001 1710751617655 32.5 -66.0 4.853515212870168 7
0000 0004 1710751617655 48.8125 -62.0 6.277049384028044 7
0000 0012 1710751617656 -3.25 -60.5 5.246214294568893 7
0000 0013 1710751617656 -3.25 -66.5 2.7857091108003242 7
0000 0009 1710751617656 -10.5625 -60.5 3.153864499892878 7
0000 0001 1710751617657 -104.125 -65.5 5.0253210611133605 7
0000 0004 1710751617657 -26.0 -62.0 0.23930100291016002 7
0000 0005 1710751617657 48.8125 -68.5 6.013204688511713 7
0000 0010 1710751617658 91.125 -66.5 0.11044661672776616 7
0000 0012 1710751617658 -16.25 -59.0 4.994641445355648 7
0000 0013 1710751617659 58.5625 -66.5 2.6445828783148455 7
0000 0011 1710751617834 11.875 -74.5 4.546719055293041 7
0000 0009 1710751617834 10.5625 -60.0 2.9697868053466014 7
0000 0012 1710751617834 -32.5 -58.5 4.7860200582032 7
0000 0005 1710751617834 -76.4375 -70.0 6.252505691421874 7
0000 0004 1710751617835 -26.0 -62.0 0.22089323345553233 7
0000 0001 1710751617835 26.0 -66.5 4.822835597112456 7
0000 0010 1710751617835 91.125 -65.5 5.957981380147831 7
0000 0013 1710751617836 -42.3125 -66.5 2.767301341345697 7
0000 0011 1710751617836 -0.5625 -75.0 0.9817477042468103 7
0000 0009 1710751617836 -24.375 -59.5 2.82252464970958 7
0000 0004 1710751617837 -19.5 -62.0 0.0674951546669682 7
0000 0010 1710751617837 29.25 -66.5 5.706408530934585 7
0000 0013 1710751617837 13.0 -66.5 2.6568547246179306 7
0000 0012 1710751617838 22.75 -58.0 4.552854978444583 7
0000 0001 1710751617838 -117.125 -66.0 5.006913291658733 7
0000 0005 1710751617838 -41.5 -71.0 6.17273869045182 7
0000 0011 1710751617904 -1.1875 -74.5 0.9265243958829272 7
0000 0001 1710751618074 3.25 -67.5 4.828971520263998 7
0000 0005 1710751618074 -59.375 -72.5 6.227961998815704 7
0000 0013 1710751618075 71.5625 -66.5 2.5893595699509624 7
0000 0010 1710751618075 39.0 -66.5 5.4671075280244255 7
0000 0004 1710751618075 100.875 -62.5 5.8475347634200645 7
0000 0009 1710751618076 -7.3125 -59.0 2.761165418194154 7
0000 0012 1710751618076 10.5625 -57.5 4.546719055293041 7
0000 0011 1710751618076 3.625 -73.5 0.8835729338221293 7
0000 0006 1710751618077 1.8125 -74.0 2.3439226438892597 7
0000 0011 1710751618078 -87.875 -72.5 4.01902966426038 7
0000 0010 1710751618078 0.0 -68.5 5.767767762450011 7
0000 0012 1710751618079 16.25 -58.0 4.577398671050753 7
0000 0004 1710751618079 61.8125 -64.5 5.399612373357457 7
0000 0009 1710751618080 13.8125 -59.0 2.8838838812250054 7
0000 0001 1710751618080 -110.625 -69.0 5.117359908386499 7
0000 0013 1710751618080 58.5625 -66.5 2.442097414313941 7
0000 0010 1710751618405 -48.8125 -69.0 0.0 7
0000 0009 1710751618406 0.0 -58.5 3.0372819600135696 7
0000 0013 1710751618406 -84.625 -66.0 1.9757672547967058 7
0000 0012 1710751618406 6.5 -59.0 4.884194828627882 7
0000 0004 1710751618406 -58.5625 -67.5 5.227806525114265 7
0000 0014 1710751618407 38.25 -72.0 5.945709533844745 7
0000 0007 1710751618407 30.875 -73.5 5.641981337843388 7
0000 0010 1710751618407 84.625 -70.0 6.12365130523948 7
0000 0012 1710751618408 -121.25 -64.5 5.184855063053467 7
0000 0009 1710751618408 0.0 -58.0 3.5281558121369745 7
0000 0013 1710751618408 100.875 -67.5 1.6014759425526093 7
0000 0005 1710751618409 232.6875 -70.5 0.2699806186678728 7
0000 0004 1710751618409 -3.625 -72.5 5.810719224510809 7
0000 0006 1710751618409 -1.4375 -74.0 2.227340104009951 7
0000 0009 1710751618655 -17.0625 -57.5 4.681709364626977 7
0000 0006 1710751618655 84.625 -68.5 3.117048960983623 7
0000 0005 1710751618655 -29.25 -66.0 0.14112623248547898 7
0000 0012 1710751618656 -29.25 -63.0 4.957825906446392 7
0000 0015 1710751618656 13.0 -63.5 0.28225246497095796 7
0000 0010 1710751618656 -104.125 -72.0 1.1167380135807468 7
0000 0004 1710751618657 1.75 -73.5 4.2092432819582 7
0000 0009 1710751618657 -7.3125 -58.5 5.767767762450011 7
0000 0005 1710751618657 -22.75 -64.5 5.712544454086128 7
0000 0006 1710751618657 -19.5 -63.5 4.896466674930966 7
0000 0012 1710751618658 -90.3125 -65.0 5.160311370447297 7
0000 0010 1710751618658 -133.4375 -72.0 2.675262494072558 7
0000 0004 1710751618658 61.8125 -67.5 1.0737865515199487 7
0000 0009 1710751618788 45.5625 -60.5 0.7669903939428205 7
0000 0004 1710751618788 -81.375 -69.5 1.902136176978195 7
0000 0005 1710751618789 -87.875 -63.5 5.473243451175968 7
0000 0010 1710751618789 -48.8125 -65.5 3.423845118560751 7
0000 0006 1710751618789 3.25 -66.0 0.2454369260617026 7
0000 0012 1710751618790 -10.5625 -70.5 4.773748211900116 7
0000 0002 1710751618790 4.875 -74.0 1.6505633277649499 7
0000 0014 1710751618790 6.0625 -74.0 6.013204688511713 7
0000 0001 1710751618791 -8.5 -71.0 4.2092432819582 7
0000 0013 1710751618791 9.125 -76.5 2.3193789512830896 7
0000 0000 1710751618791 1.5625 -75.0 1.9144080232812801 7
0000 0005 1710751618792 -42.3125 -67.5 5.418020142812084 7
0000 0006 1710751618792 -13.0 -59.5 0.7424467013366504 7
0000 0009 1710751618792 -73.1875 -62.0 4.700117134081604 7
0000 0010 1710751618793 -55.3125 -61.5 5.246214294568893 7
0000 0015 1710751618793 -55.3125 -67.5 5.344389064993574 7
0000 0000 1710751618904 6.0625 -74.0 5.577554144752192 7
0000 0004 1710751618904 5.1875 -74.0 5.565282298449106 7
0000 0006 1710751619040 19.5 -67.0 3.6140587362585705 7
0000 0010 1710751619041 35.75 -64.0 1.3560390164909069 7
0000 0009 1710751619041 7.3125 -56.0 1.1719613219446299 7
0000 0015 1710751619041 -42.3125 -60.5 4.994641445355648 7
0000 0000 1710751619042 41.5 -70.0 1.2455923997631406 7
0000 0004 1710751619042 -117.125 -72.5 3.0372819600135696 7
0000 0005 1710751619042 5.4375 -74.5 5.098952138931871 7
0000 0011 1710751619044 19.5 -73.5 1.368310862793992 7
0000 0002 1710751619044 -0.25 -70.0 4.601942363656923 7
0000 0001 1710751619044 5.4375 -72.0 2.172116795646068 7
0000 0004 1710751619045 -45.5625 -71.5 5.737088146692298 7
0000 0002 1710751619045 9.75 -63.0 5.338253141842031 7
0000 0006 1710751619046 13.0 -70.0 2.4175537217077703 7
0000 0010 1710751619046 42.3125 -62.0 0.5031456984264903 7
0000 0015 1710751619046 45.5625 -66.5 4.485359823777615 7
0000 0009 1710751619047 -45.5625 -61.0 4.933282213840222 7
0000 0001 1710751619047 78.0625 -69.5 1.1965050145508 7
0000 0012 1710751619153 -34.125 -71.0 1.4664856332186729 7
0000 0005 1710751619154 -0.9375 -72.5 6.12365130523948 7
0000 0008 1710751619316 -68.3125 -64.0 0.30679615757712825 7
0000 0002 1710751619316 87.875 -71.0 0.9142525495798421 7
0000 0010 1710751619317 16.25 -62.5 4.325825821837508 7
0000 0014 1710751619317 32.5 -64.5 1.3867186322486196 7
0000 0004 1710751619317 -39.0 -66.0 2.60776733940559 7
0000 0015 1710751619317 74.8125 -69.5 5.227806525114265 7
0000 0001 1710751619318 58.5625 -65.0 4.295146206079795 7
0000 0006 1710751619318 -13.0 -70.5 0.04908738521234052 7
0000 0005 1710751619318 -4.6875 -72.0 1.0062913968529805 7
0000 0007 1710751619319 8.5 -75.0 1.1535535524900022 7
0000 0009 1710751619319 3.5625 -70.5 4.080388895775806 7
0000 0001 1710751619319 3.125 -70.5 0.07976700097005335 7
0000 0006 1710751619320 74.8125 -66.0 2.4605051837685683 7
0000 0004 1710751619320 48.8125 -65.5 2.662990647769473 7
0000 0008 1710751619321 16.25 -60.0 4.252194744018997 7
0000 0007 1710751619321 -139.9375 -67.5 5.595961914206819 7
0000 0010 1710751619321 42.3125 -65.0 3.153864499892878 7
0000 0001 1710751619322 -32.5 -67.5 3.865631585471816 7
0000 0013 1710751619413 -4.875 -69.5 1.4419419406125027 7
0000 0015 1710751619414 4.875 -68.0 4.963961829597935 7
0000 0014 1710751619414 4.375 -69.0 6.2463697682703305 7
0000 0001 1710751619579 29.25 -69.0 5.675728915176872 7
0000 0010 1710751619580 26.0 -63.0 5.595961914206819 7
0000 0008 1710751619580 9.75 -60.5 0.4724660826687775 7
0000 0006 1710751619580 -16.25 -68.0 2.9513790358919736 7
0000 0014 1710751619581 -16.25 -69.5 0.803805932852076 7
0000 0012 1710751619581 9.75 -59.0 3.11091303783208 7
0000 0013 1710751619581 -107.375 -71.5 1.9512235621905356 7
0000 0007 1710751619582 4.0625 -69.5 4.1172044346850605 7
0000 0003 1710751619582 -3.1875 -74.0 0.3313398501832985 7
0000 0006 1710751619582 286.4375 -69.0 1.6812429435226628 7
0000 0010 1710751619583 -117.125 -68.0 2.8102528034064944 7
0000 0008 1710751619583 -26.0 -55.5 4.921010367537137 7
0000 0012 1710751619584 -29.25 -63.5 1.000155473701438 7
0000 0009 1710751619584 -7.3125 -65.5 3.749049045592507 7
0000 0005 1710751619584 55.3125 -70.0 0.36815538909255385 7
0000 0001 1710751619585 20.3125 -71.5 5.997864880632857 7
0000 0011 1710751619663 3.625 -72.0 5.902758071783947 7
0000 0003 1710751619850 -0.625 -73.5 1.3744467859455345 7
0000 0007 1710751619851 -4.1875 -74.0 4.608078286808466 7
0000 0003 1710751619851 -84.625 -66.5 1.9757672547967058 7
0000 0008 1710751619851 9.75 -60.0 2.8716120349219203 7
0000 0010 1710751619852 0.0 -63.5 0.9019807032767571 7
0000 0011 1710751619852 -48.8125 -65.5 1.662835174068035 7
0000 0001 1710751619852 42.3125 -68.0 2.2334760271614935 7
0000 0012 1710751619853 -24.375 -64.0 5.148039524144211 7
0000 0007 1710751619853 5.0 -73.5 1.0369710126106935 7
0000 0009 1710751619853 -3.5 -71.5 1.6444274046134073 7
0000 0005 1710751619853 -0.625 -69.5 3.3624858870453256 7
0000 0006 1710751619855 -0.75 -74.0 4.3074180523828804 7
0000 0000 1710751619856 0.4375 -74.5 1.4296700943094176 7
0000 0004 1710751619856 -1.125 -65.0 1.2455923997631406 7
0000 0010 1710751619856 19.5 -64.0 0.47860200582032003 7
0000 0004 1710751619857 16.25 -64.0 0.8774370106705868 7
0000 0001 1710751619857 74.8125 -66.0 2.2948352586769194 7
0000 0008 1710751619857 42.3125 -61.0 2.9022916506796332 7
0000 0003 1710751619858 68.3125 -67.5 1.4971652489763858 7
0000 0007 1710751619858 -42.3125 -68.0 4.0987966652304335 7
0000 0005 1710751619858 0.0 -65.5 0.1902136176978195 7
0000 0009 1710751619904 21.125 -70.0 6.231029960391474 7
0000 0014 1710751619904 6.5 -70.0 5.442563835418255 7
0000 0011 1710751619904 66.6875 -71.5 5.3720007191755155 7
0000 0012 1710751620001 5.3125 -69.0 6.22182607566416 7
0000 0000 1710751620001 1.9375 -74.5 4.8351074434155406 7
0000 0006 1710751620001 2.6875 -70.5 5.4671075280244255 7
0000 0009 1710751620002 13.8125 -58.5 1.5278448647340985 7
0000 0006 1710751620002 45.5625 -68.5 2.9943304979527716 7
0000 0003 1710751620002 68.3125 -66.5 5.8659425328746915 7
0000 0008 1710751620003 -22.75 -59.0 1.88986433067511 7
0000 0014 1710751620003 -146.4375 -68.5 2.509592568980909 7
0000 0001 1710751620003 -58.5625 -65.0 3.411573272257666 7
0000 0010 1710751620004 32.5 -67.5 5.197126909356553 7
0000 0004 1710751620004 -117.125 -69.0 3.933126740138784 7
0000 0012 1710751620005 -84.625 -67.5 5.283029833478148 7
0000 0011 1710751620006 9.75 -68.5 2.2212041808584084 7
0000 0007 1710751620006 -65.0625 -65.5 3.1354567304382504 7
0000 0000 1710751620006 21.125 -72.5 5.862874571298921 7
0000 0005 1710751620007 17.0625 -72.5 6.169670728876048 7
0000 0015 1710751620154 4.5625 -68.0 1.6566992509164924 7
0000 0007 1710751620155 -48.8125 -63.5 0.4356505437595221 7
0000 0009 1710751620155 -13.8125 -54.0 4.945554060143307 7
0000 0005 1710751620155 19.5 -65.0 3.3440781175906977 7
0000 0015 1710751620156 29.25 -67.5 2.834796496012665 7
0000 0014 1710751620156 9.75 -69.0 2.012582793705961 7
0000 0004 1710751620156 42.3125 -71.5 5.190990986205009 7
0000 0008 1710751620157 -3.25 -64.0 6.12365130523948 7
0000 0003 1710751620157 107.375 -72.0 3.902447124381071 7
0000 0001 1710751620157 3.25 -66.0 1.3744467859455345 7
0000 0011 1710751620157 6.5 -64.5 6.154330920997192 7
0000 0010 1710751620158 97.625 -73.0 0.07976700097005335 7
0000 0006 1710751620158 19.5 -64.0 5.553010452146021 7
0000 0012 1710751620364 11.875 -74.0 5.47937937432751 7
0000 0007 1710751620364 -42.3125 -69.0 3.988350048502667 7
0000 0001 1710751620364 -19.5 -61.0 5.160311370447297 7
0000 0004 1710751620365 -22.75 -60.0 2.3930100291016 7
0000 0005 1710751620365 -35.75 -63.0 5.166447293598839 7
0000 0011 1710751620365 74.8125 -69.0 2.466641106920111 7
0000 0006 1710751620365 -9.75 -67.0 4.460816131171445 7
0000 0000 1710751620366 -211.5625 -71.0 4.828971520263998 7
0000 0002 1710751620366 -45.5625 -70.0 3.3318062712876126 7
0000 0015 1710751620366 6.5 -63.5 5.553010452146021 7
0000 0009 1710751620367 17.0625 -60.0 2.1659808724945253 7
0000 0014 1710751620367 3.625 -73.5 5.209398755659637 7
0000 0010 1710751620367 -0.4375 -77.5 4.963961829597935 7
0000 0008 1710751620368 1.75 -68.5 0.8651651643675016 7
0000 0009 1710751620368 -13.8125 -58.5 5.344389064993574 7
0000 0008 1710751620368 -6.5 -65.0 1.5155730184310134 7
0000 0001 1710751620370 58.5625 -65.0 2.0064468705544187 7
0000 0004 1710751620370 35.75 -60.5 1.6198837120072371 7
0000 0015 1710751620370 -120.4375 -63.5 4.571262747899211 7
0000 0006 1710751620370 32.5 -59.5 1.3192234775816514 7
0000 0011 1710751620371 74.8125 -68.5 5.1725832167503825 7
0000 0007 1710751620371 42.3125 -66.0 5.890486225480862 7
0000 0005 1710751620371 41.5 -62.5 4.166291819897402 7
0000 0000 1710751620372 205.0625 -72.0 1.3928545554001621 7
0000 0014 1710751620404 3.0 -73.0 5.056000676871073 7
0000 0010 1710751620614 -0.25 -76.5 4.479223900626073 7
0000 0002 1710751620615 -1.25 -69.0 5.608233760509904 7
0000 0008 1710751620615 22.75 -62.5 5.123495831538041 7
0000 0010 1710751620615 61.8125 -72.0 4.841243366567084 7
0000 0004 1710751620615 -97.625 -68.0 5.810719224510809 7
0000 0009 1710751620616 48.8125 -57.5 2.730485802436441 7
0000 0005 1710751620616 -55.3125 -64.5 1.3437671701878218 7
0000 0002 1710751620616 -45.5625 -66.0 5.957981380147831 7
0000 0006 1710751620617 68.3125 -70.0 5.1725832167503825 7
0000 0000 1710751620617 93.5625 -73.0 6.080699843178682 7
0000 0001 1710751620617 -58.5625 -64.5 0.8344855486097889 7
0000 0015 1710751620618 -16.25 -69.5 1.1167380135807468 7
0000 0011 1710751620618 -68.3125 -71.0 3.6999616603801666 7
0000 0003 1710751620619 -19.5 -78.0 5.148039524144211 7
0000 0013 1710751620619 -1.5 -74.0 4.509903516383785 7
0000 0007 1710751620619 -2.25 -71.0 1.6873788666742053 7
0000 0014 1710751620620 2.5625 -74.0 0.803805932852076 7
0000 0001 1710751620654 107.375 -64.5 4.23378697456437 7
0000 0011 1710751620654 -16.25 -66.5 1.5830681730979816 7
0000 0006 1710751620655 -16.25 -59.0 3.4054373491061236 7
0000 0008 1710751620655 39.0 -63.0 4.749204519293945 7
0000 0004 1710751620655 0.0 -61.0 3.730641276137879 7
0000 0007 1710751620656 -107.375 -71.5 2.024854640009046 7
0000 0005 1710751620656 111.4375 -69.0 5.184855063053467 7
0000 0014 1710751620656 39.0 -71.0 4.528311285838413 7
0000 0010 1710751620657 81.375 -64.5 1.6873788666742053 7
0000 0009 1710751620657 7.3125 -58.0 1.88986433067511 7
0000 0015 1710751620657 -26.0 -65.5 3.423845118560751 7
0000 0013 1710751620658 3.25 -72.0 4.878058905476339 7
0000 0014 1710751620658 33.3125 -72.0 1.7119225592803755 7
0000 0000 1710751620820 8.5 -75.0 0.46019423636569234 7
0000 0002 1710751620821 1.8125 -72.0 0.6381360077604268 7
0000 0015 1710751620821 -13.0 -62.5 4.651029748869264 7
0000 0008 1710751620821 16.25 -55.5 3.8533597391687304 7
0000 0001 1710751620821 -26.0 -61.0 4.301282129231338 7
0000 0002 1710751620822 6.5 -63.5 2.12916533358527 7
0000 0006 1710751620822 -16.25 -64.5 5.375068680751287 7
0000 0004 1710751620822 16.25 -59.5 2.1659808724945253 7
0000 0011 1710751620823 -71.5625 -69.5 1.9144080232812801 7
0000 0010 1710751620823 13.0 -61.0 1.0369710126106935 7
0000 0000 1710751620823 -41.5 -68.0 3.902447124381071 7
0000 0014 1710751620824 -6.5 -68.5 4.755340442445488 7
0000 0009 1710751620824 38.1875 -66.5 2.061670178918302 7
0000 0005 1710751620824 -1.625 -71.0 6.037748381117884 7
0000 0007 1710751620825 5.4375 -72.5 1.055378782065321 7
0000 0012 1710751620825 3.1875 -73.5 1.1965050145508 7
0000 0013 1710751620825 -0.25 -72.5 6.062292073724054 7
0000 0006 1710751620904 3.25 -62.0 0.05522330836388308 7
0000 0004 1710751620905 0.0 -58.0 2.60776733940559 7
0000 0005 1710751620905 -22.75 -65.5 3.466796580621549 7
0000 0001 1710751620907 -74.8125 -63.0 2.6813984172241008 7
0000 0009 1710751620907 -21.125 -58.0 0.2454369260617026 7
0000 0013 1710751620907 0.0 -65.0 3.650874275167826 7
0000 0008 1710751620908 9.75 -53.5 0.7424467013366504 7
0000 0010 1710751620908 48.8125 -62.5 5.252350217720435 7
0000 0007 1710751620908 3.25 -64.5 0.4356505437595221 7
0000 0011 1710751620908 3.25 -63.5 0.16566992509164924 7
0000 0000 1710751620909 -52.0625 -69.0 2.5280003384355365 7
0000 0003 1710751620909 -68.3125 -68.5 4.552854978444583 7
0000 0012 1710751620909 -7.3125 -64.0 3.9576704327449543 7
0000 0015 1710751620910 -94.375 -63.0 4.988505522204105 7
0000 0008 1710751621137 9.75 -58.0 3.7551849687440497 7
0000 0005 1710751621137 -13.0 -61.0 2.030990563160589 7
0000 0009 1710751621138 -7.3125 -61.5 2.3746022596469727 7
0000 0012 1710751621138 16.25 -58.0 3.313398501832985 7
0000 0003 1710751621138 78.0625 -68.5 0.662679700366597 7
0000 0007 1710751621138 -6.5 -65.5 1.1228739367322893 7
0000 0000 1710751621139 -79.75 -67.5 5.301437602932776 7
0000 0011 1710751621139 65.0625 -68.0 3.749049045592507 7
0000 0015 1710751621139 -71.5625 -62.0 4.76147636559703 7
0000 0006 1710751621140 26.0 -65.5 2.5770877236478773 7
0000 0001 1710751621140 -55.3125 -60.0 0.1902136176978195 7
0000 0013 1710751621140 -6.5 -64.0 4.442408361716817 7
0000 0004 1710751621141 -3.25 -64.0 1.4051264017032472 7
0000 0010 1710751621141 35.75 -65.5 1.9757672547967058 7
0000 0002 1710751621141 6.4375 -78.0 5.160311370447297 7
0000 0009 1710751621142 -27.625 -55.5 5.6573211457222445 7
0000 0001 1710751621142 9.75 -61.0 3.6140587362585705 7
0000 0005 1710751621142 -93.5625 -71.0 5.878214379177777 7
0000 0011 1710751621143 -68.3125 -64.0 5.5714182216006485 7
0000 0013 1710751621143 6.5 -66.5 5.675728915176872 7
0000 0015 1710751621143 -68.3125 -66.0 4.841243366567084 7
0000 0008 1710751621144 -9.75 -53.5 0.8467573949128739 7
0000 0012 1710751621144 173.3125 -65.0 4.289010282928253 7
0000 0003 1710751621144 -104.125 -67.5 5.8045833013592665 7
0000 0006 1710751621145 91.125 -72.0 3.2581751934691017 7
0000 0010 1710751621145 52.0625 -65.0 4.779884135051658 7
0000 0000 1710751621146 -48.8125 -68.0 2.2518837966161214 7
0000 0014 1710751621146 39.0 -65.5 4.319689898685965 7
0000 0007 1710751621153 32.5 -67.0 3.334874232863384 7
0000 0002 1710751621263 1.1875 -74.5 1.3744467859455345 7
0000 0012 1710751621263 -16.25 -61.0 1.8653206380689396 7
0000 0013 1710751621264 -78.0625 -66.0 0.8897088569736719 7
0000 0004 1710751621264 -78.0625 -67.0 0.5399612373357456 7
0000 0015 1710751621265 26.0 -68.0 5.2339424482658075 7
0000 0014 1710751621265 -16.25 -63.5 3.1661363461959633 7
0000 0007 1710751621265 -26.0 -61.0 4.466952054322987 7
0000 0003 1710751621265 42.3125 -65.5 3.454524734318464 7
0000 0010 1710751621266 -22.75 -63.0 1.4910293258248433 7
0000 0001 1710751621266 32.5 -61.5 1.1167380135807468 7
0000 0008 1710751621266 -6.5 -55.5 4.804427827657828 7
0000 0011 1710751621267 19.5 -65.0 1.4358060174609601 7
0000 0009 1710751621267 7.3125 -55.5 2.791845033951867 7
0000 0002 1710751621267 68.3125 -72.0 1.030835089459151 7
0000 0005 1710751621268 -9.75 -61.5 4.270602513473625 7
0000 0000 1710751621269 -55.3125 -67.5 6.092971689481767 7
0000 0007 1710751621404 9.75 -64.5 1.0185632431560658 7
0000 0001 1710751621404 -6.5 -59.5 4.963961829597935 7
0000 0008 1710751621405 32.5 -54.0 1.7794177139473437 7
0000 0013 1710751621405 156.1875 -67.5 1.4051264017032472 7
0000 0000 1710751621405 38.1875 -65.5 3.0802334220743677 7
0000 0003 1710751621406 -3.25 -64.5 0.5522330836388308 7
0000 0010 1710751621406 -19.5 -60.5 4.01902966426038 7
0000 0009 1710751621406 -3.25 -56.5 5.5714182216006485 7
0000 0011 1710751621407 -13.0 -70.0 3.6447383520162835 7
0000 0005 1710751621407 9.75 -67.0 1.141281706186917 7
0000 0014 1710751621407 22.75 -67.5 3.1906800388021335 7
0000 0002 1710751621408 19.5 -75.5 1.7088545977046044 7
0000 0012 1710751621408 -6.6875 -72.0 1.2087768608538851 7
0000 0004 1710751621563 -0.9375 -69.0 1.0615147052168636 7
0000 0007 1710751621563 -9.75 -64.0 3.8288160465625602 7
0000 0006 1710751621563 0.0 -68.5 0.8099418560036186 7
0000 0003 1710751621564 -16.25 -62.0 5.688000761479957 7
0000 0000 1710751621564 -10.5625 -67.0 1.5953400194010667 7
0000 0009 1710751621564 6.5 -57.5 3.436116964863836 7
0000 0004 1710751621564 -29.25 -69.0 1.846912868614312 7
0000 0001 1710751621565 -32.5 -58.5 3.56497135104623 7
0000 0012 1710751621565 -78.0625 -73.0 0.8774370106705868 7
0000 0002 1710751621565 81.375 -73.0 2.386874105950058 7
0000 0008 1710751621566 3.25 -54.5 0.5522330836388308 7
0000 0010 1710751621566 65.0625 -63.0 2.9697868053466014 7
0000 0005 1710751621566 35.75 -61.0 3.54042765844006 7
0000 0014 1710751621567 35.75 -71.5 0.7301748550335652 7
0000 0013 1710751621567 0.0 -70.0 0.7363107781851077 7
0000 0011 1710751621567 0.25 -71.5 2.8777479580734626 7
0000 0001 1710751621650 42.3125 -58.0 2.1598449493429825 7
0000 0008 1710751621650 6.5 -53.5 4.859651136021712 7
0000 0005 1710751621651 -55.3125 -59.5 4.847379289718626 7
0000 0006 1710751621651 -35.75 -66.5 5.203262832508095 7
0000 0012 1710751621651 -9.75 -59.0 5.006913291658733 7
0000 0014 1710751621652 9.75 -69.5 1.4848934026733007 7
0000 0007 1710751621652 26.0 -60.0 5.325981295538946 7
0000 0004 1710751621652 13.0 -65.5 2.1475731030398975 7
0000 0000 1710751621653 73.1875 -63.5 1.0676506283684062 7
0000 0010 1710751621653 52.0625 -65.0 2.3439226438892597 7
0000 0013 1710751621653 13.0 -63.5 3.724505352986337 7
0000 0015 1710751621654 -55.3125 -68.0 4.2031073588066565 7
0000 0009 1710751621654 -13.8125 -52.5 1.8223691760081417 7
0000 0011 1710751621654 -29.25 -69.0 5.540738605842936 7
0000 0003 1710751621655 -61.8125 -60.5 5.086680292628786 7
