0000 0004 1710745142388 68.3125 -70.5 0.1349903093339364 19
0000 0014 1710745142388 0.0 -61.5 2.8286605728611223 19
0000 0001 1710745142389 61.8125 -66.0 4.669437518323892 19
0000 0012 1710745142389 -58.5625 -59.5 4.792155981354743 19
0000 0010 1710745142390 -42.3125 -67.5 0.4479223900626072 19
0000 0005 1710745142390 13.0 -65.0 1.1719613219446299 19
0000 0009 1710745142390 17.0625 -70.5 3.859495662320273 19
0000 0006 1710745142391 -78.0625 -64.5 2.84706834231575 19
0000 0011 1710745142391 -58.5625 -69.5 3.454524734318464 19
0000 0007 1710745142391 -29.25 -67.0 6.117515382087937 19
0000 0011 1710745142392 6.5 -69.0 3.356349963893783 19
0000 0012 1710745142392 -16.25 -60.0 4.718524903536232 19
0000 0014 1710745142393 -55.3125 -62.0 2.8961557275280905 19
0000 0009 1710745142393 -17.0625 -71.0 3.6999616603801666 19
0000 0006 1710745142393 9.75 -64.5 2.767301341345697 19
0000 0007 1710745142394 13.0 -67.5 5.988660995905543 19
0000 0001 1710745142394 0.0 -65.5 4.651029748869264 19
0000 0004 1710745142394 107.375 -71.5 6.234097921967246 19
0000 0005 1710745142395 110.625 -65.5 1.055378782065321 19
0000 0010 1710745142395 -22.75 -67.5 0.35588354278946877 19
0000 0007 1710745142612 117.125 -67.0 5.816855147662351 19
0000 0005 1710745142612 26.0 -65.5 1.1903690913992575 19
0000 0001 1710745142612 -100.875 -66.0 4.878058905476339 19
0000 0014 1710745142612 9.75 -61.5 2.7979809571034093 19
0000 0012 1710745142613 35.75 -60.0 4.663301595172349 19
0000 0009 1710745142613 -55.3125 -71.0 3.8963112012295285 19
0000 0011 1710745142613 -234.3125 -68.5 3.761320891895592 19
0000 0004 1710745142614 113.875 -73.0 6.209554229361076 19
0000 0010 1710745142614 -3.25 -67.5 0.380427235395639 19
0000 0006 1710745142614 0.0 -64.5 2.773437264497239 19
0000 0014 1710745142615 42.3125 -62.0 2.748893571891069 19
0000 0004 1710745142615 -78.0625 -72.0 0.25770877236478773 19
0000 0001 1710745142616 -6.5 -65.0 4.73693267299086 19
0000 0010 1710745142616 58.5625 -67.5 0.32520392703175593 19
0000 0011 1710745142616 -3.25 -69.5 3.3379421944391554 19
0000 0005 1710745142617 55.3125 -65.0 1.1596894756415448 19
0000 0007 1710745142617 48.8125 -68.0 6.043884304269426 19
0000 0006 1710745142617 -16.25 -64.5 2.804116880254952 19
0000 0012 1710745142618 -35.75 -60.0 4.743068596142402 19
0000 0009 1710745142618 -41.5 -71.0 3.7122335066832517 19
0000 0004 1710745142670 4.0625 -72.0 0.15339807878856412 19
0000 0012 1710745142836 -35.75 -60.0 4.743068596142402 19
0000 0006 1710745142837 29.25 -65.0 2.730485802436441 19
0000 0007 1710745142838 22.75 -67.5 5.939573610693203 19
0000 0011 1710745142838 81.375 -70.0 3.2765829629237295 19
0000 0001 1710745142838 42.3125 -66.0 4.700117134081604 19
0000 0014 1710745142838 -52.0625 -62.5 2.9084275738311756 19
0000 0005 1710745142839 55.3125 -65.5 1.1290098598838318 19
0000 0010 1710745142839 52.0625 -68.5 0.30679615757712825 19
0000 0009 1710745142839 -188.75 -71.0 4.1172044346850605 19
0000 0004 1710745142840 27.625 -72.5 3.2520392703175593 19
0000 0007 1710745142840 -29.25 -67.0 5.976389149602458 19
0000 0005 1710745142840 110.625 -65.0 1.0799224746714913 19
0000 0011 1710745142841 3.25 -68.5 3.423845118560751 19
0000 0012 1710745142842 -35.75 -60.0 4.76147636559703 19
0000 0014 1710745142842 -16.25 -62.0 2.8716120349219203 19
0000 0010 1710745142842 22.75 -67.5 0.30679615757712825 19
0000 0006 1710745142843 26.0 -64.5 2.761165418194154 19
0000 0001 1710745142843 -117.125 -66.0 4.859651136021712 19
0000 0009 1710745142843 -39.0 -70.0 3.847223816017188 19
0000 0004 1710745142909 -32.5 -72.0 3.2765829629237295 19
0000 0009 1710745143060 -97.625 -71.0 3.988350048502667 19
0000 0007 1710745143060 -81.375 -67.0 6.068427996875596 19
0000 0005 1710745143061 19.5 -65.5 1.2026409377023426 19
0000 0014 1710745143061 0.0 -61.5 2.8654761117703775 19
0000 0006 1710745143061 39.0 -65.0 2.724349879284899 19
0000 0012 1710745143062 -7.3125 -60.0 4.71238898038469 19
0000 0011 1710745143062 -81.375 -69.5 3.5036121195308043 19
0000 0001 1710745143062 -19.5 -66.0 4.853515212870168 19
0000 0010 1710745143063 169.25 -68.5 0.09203884727313846 19
0000 0004 1710745143063 -30.0625 -72.0 3.2581751934691017 19
0000 0011 1710745143063 120.4375 -69.0 3.1661363461959633 19
0000 0001 1710745143064 22.75 -66.5 4.73693267299086 19
0000 0006 1710745143064 9.75 -64.5 2.736621725587984 19
0000 0012 1710745143065 -48.8125 -60.0 4.755340442445488 19
0000 0014 1710745143065 19.5 -62.5 2.8409324191642074 19
0000 0005 1710745143065 -3.25 -65.5 1.239456476611598 19
0000 0010 1710745143066 32.5 -67.0 0.3436116964863836 19
0000 0007 1710745143066 6.5 -67.0 5.957981380147831 19
0000 0009 1710745143066 -13.0 -71.5 3.80427235395639 19
0000 0004 1710745143150 0.5625 -73.0 0.14726215563702155 19
0000 0009 1710745143287 -52.0625 -71.5 3.6201946594101133 19
0000 0012 1710745143287 -32.5 -60.0 4.749204519293945 19
0000 0010 1710745143288 -22.75 -67.5 0.37429131224409645 19
0000 0005 1710745143288 -6.5 -65.5 1.2701360923693108 19
0000 0011 1710745143288 -71.5625 -70.5 3.497476196379262 19
0000 0014 1710745143289 87.875 -62.0 2.736621725587984 19
0000 0001 1710745143289 -35.75 -66.0 4.755340442445488 19
0000 0007 1710745143289 -68.3125 -67.0 6.191146459906448 19
0000 0006 1710745143290 45.5625 -65.0 2.736621725587984 19
0000 0004 1710745143290 4.25 -72.5 0.1902136176978195 19
0000 0007 1710745143290 39.0 -67.0 5.945709533844745 19
0000 0009 1710745143291 0.0 -71.5 4.0558452031696355 19
0000 0012 1710745143292 -9.75 -60.0 4.724660826687775 19
0000 0006 1710745143292 -19.5 -64.5 2.84706834231575 19
0000 0005 1710745143293 74.8125 -65.0 1.1106020904292042 19
0000 0014 1710745143293 9.75 -62.0 2.834796496012665 19
0000 0011 1710745143293 -87.875 -70.5 3.5772431973493153 19
0000 0010 1710745143294 -81.375 -67.5 0.48473792897186263 19
0000 0001 1710745143294 9.75 -66.0 4.651029748869264 19
0000 0004 1710745143411 9.125 -73.0 0.07363107781851078 19
0000 0012 1710745143411 -16.25 -60.0 4.681709364626977 19
0000 0005 1710745143411 58.5625 -65.0 1.1596894756415448 19
0000 0011 1710745143411 45.5625 -70.0 3.4054373491061236 19
0000 0009 1710745143412 -34.9375 -71.0 3.810408277107933 19
0000 0014 1710745143412 13.0 -62.0 2.834796496012665 19
0000 0007 1710745143412 -9.75 -67.5 5.970253226450915 19
0000 0001 1710745143413 -74.8125 -66.5 4.76147636559703 19
0000 0006 1710745143413 0.0 -64.0 2.730485802436441 19
0000 0010 1710745143413 -42.3125 -68.0 0.4663301595172349 19
0000 0004 1710745143632 -2.4375 -73.5 0.12885438618239387 19
0000 0007 1710745143632 -61.8125 -68.0 6.135923151542564 19
0000 0006 1710745143632 -91.125 -64.5 2.8532042654672924 19
0000 0009 1710745143632 97.625 -71.5 3.749049045592507 19
0000 0012 1710745143633 0.0 -60.0 4.675573441475434 19
0000 0005 1710745143633 -39.0 -65.5 1.2762720155208536 19
0000 0014 1710745143633 -3.25 -62.0 2.84706834231575 19
0000 0001 1710745143634 6.5 -66.0 4.71238898038469 19
0000 0010 1710745143634 87.875 -68.5 0.25770877236478773 19
0000 0011 1710745143634 -78.0625 -70.0 3.5772431973493153 19
0000 0004 1710745143634 -8.5 -73.0 0.1718058482431918 19
0000 0006 1710745143635 -68.3125 -64.5 2.8532042654672924 19
0000 0012 1710745143636 -6.5 -60.0 4.675573441475434 19
0000 0007 1710745143636 -61.8125 -68.5 6.209554229361076 19
0000 0014 1710745143636 -6.5 -62.5 2.82252464970958 19
0000 0001 1710745143636 -55.3125 -66.0 4.773748211900116 19
0000 0011 1710745143637 -29.25 -69.5 3.3440781175906977 19
0000 0005 1710745143637 -13.0 -65.0 1.2333205534600555 19
0000 0010 1710745143637 19.5 -67.0 0.35588354278946877 19
0000 0009 1710745143638 -201.8125 -71.0 4.080388895775806 19
0000 0004 1710745143863 3.625 -73.0 0.1349903093339364 19
0000 0006 1710745143863 0.0 -65.0 2.804116880254952 19
0000 0007 1710745143864 -9.75 -67.5 6.000932842208628 19
0000 0012 1710745143864 -6.5 -60.0 4.6878452877785195 19
0000 0011 1710745143864 52.0625 -69.5 3.184544115650591 19
0000 0014 1710745143865 -16.25 -62.0 2.890019804376548 19
0000 0010 1710745143865 -9.75 -68.0 0.380427235395639 19
0000 0005 1710745143865 32.5 -65.5 1.1719613219446299 19
0000 0001 1710745143866 -149.6875 -66.0 4.884194828627882 19
0000 0009 1710745143867 -76.4375 -71.0 3.8717675086233583 19
0000 0004 1710745143867 0.0 -72.5 0.1227184630308513 19
0000 0010 1710745143867 78.0625 -67.5 0.2761165418194154 19
0000 0011 1710745143868 -19.5 -69.5 3.3011266555298997 19
0000 0001 1710745143868 -35.75 -65.5 4.798291904506286 19
0000 0014 1710745143868 -55.3125 -62.0 2.9022916506796332 19
0000 0006 1710745143869 74.8125 -64.5 2.675262494072558 19
0000 0005 1710745143869 29.25 -65.5 1.239456476611598 19
0000 0007 1710745143869 74.8125 -67.5 5.939573610693203 19
0000 0012 1710745143870 -30.875 -60.0 4.73693267299086 19
0000 0009 1710745143870 -42.3125 -71.0 3.890175278077986 19
0000 0004 1710745143918 6.0625 -73.0 0.1718058482431918 19
0000 0012 1710745144099 26.0 -59.5 4.657165672020807 19
0000 0006 1710745144099 -26.0 -65.0 2.8286605728611223 19
0000 0010 1710745144099 13.0 -67.0 0.36815538909255385 19
0000 0005 1710745144099 45.5625 -65.5 1.1106020904292042 19
0000 0001 1710745144100 -78.0625 -65.5 4.779884135051658 19
0000 0011 1710745144100 -100.875 -69.0 3.5833791205008576 19
0000 0009 1710745144100 38.1875 -70.5 3.80427235395639 19
0000 0014 1710745144101 39.0 -62.5 2.8102528034064944 19
0000 0007 1710745144101 192.0 -68.0 5.724816300389213 19
0000 0004 1710745144101 61.8125 -72.0 3.113980999407852 19
0000 0007 1710745144102 -42.3125 -67.5 6.037748381117884 19
0000 0006 1710745144102 84.625 -65.0 2.650718801466388 19
0000 0014 1710745144103 -45.5625 -61.5 2.8961557275280905 19
0000 0012 1710745144103 3.25 -59.5 4.663301595172349 19
0000 0005 1710745144103 -9.75 -66.0 1.2701360923693108 19
0000 0001 1710745144104 -6.5 -66.0 4.755340442445488 19
0000 0010 1710745144104 133.4375 -67.5 0.1718058482431918 19
0000 0009 1710745144104 -79.75 -71.0 3.8963112012295285 19
0000 0004 1710745144105 -3.25 -70.5 0.07363107781851078 19
0000 0011 1710745144105 -22.75 -69.0 3.399301425954581 19
0000 0011 1710745144320 -45.5625 -69.5 3.411573272257666 19
0000 0010 1710745144321 26.0 -67.0 0.35588354278946877 19
0000 0001 1710745144321 -16.25 -66.0 4.798291904506286 19
0000 0007 1710745144321 29.25 -67.0 5.982525072754001 19
0000 0014 1710745144322 -29.25 -62.0 2.890019804376548 19
0000 0009 1710745144322 -214.8125 -70.5 4.049709280018092 19
0000 0005 1710745144322 39.0 -65.5 1.1106020904292042 19
0000 0012 1710745144323 -29.25 -59.5 4.71238898038469 19
0000 0006 1710745144323 52.0625 -64.5 2.650718801466388 19
0000 0004 1710745144323 -136.6875 -71.0 0.28838838812250056 19
0000 0005 1710745144323 39.0 -65.5 1.1535535524900022 19
0000 0007 1710745144324 -19.5 -67.5 6.019340611663256 19
0000 0009 1710745144324 107.375 -71.0 3.6999616603801666 19
0000 0014 1710745144324 -13.0 -61.5 2.773437264497239 19
0000 0006 1710745144325 32.5 -65.0 2.6813984172241008 19
0000 0011 1710745144325 9.75 -69.0 3.2520392703175593 19
0000 0012 1710745144325 -9.75 -60.0 4.71238898038469 19
0000 0001 1710745144326 -87.875 -66.0 4.865787059173254 19
0000 0004 1710745144326 87.875 -72.0 6.12365130523948 19
0000 0010 1710745144327 52.0625 -68.0 0.3190680038802134 19
0000 0014 1710745144541 19.5 -62.0 2.8286605728611223 19
0000 0006 1710745144541 -39.0 -65.0 2.8286605728611223 19
0000 0009 1710745144541 -55.3125 -70.0 3.859495662320273 19
0000 0007 1710745144541 -81.375 -67.0 6.111379458936394 19
0000 0001 1710745144542 -61.8125 -65.5 4.743068596142402 19
0000 0010 1710745144542 78.0625 -67.5 0.2761165418194154 19
0000 0012 1710745144542 -3.25 -60.0 4.657165672020807 19
0000 0005 1710745144543 107.375 -65.5 1.043106935762236 19
0000 0011 1710745144543 3.25 -68.5 3.4177091954092087 19
0000 0004 1710745144543 30.0625 -72.0 0.08897088569736719 19
0000 0004 1710745144544 13.0 -71.0 0.04908738521234052 19
0000 0011 1710745144544 -94.375 -68.5 3.3318062712876126 19
0000 0007 1710745144544 -6.5 -67.0 6.031612457966341 19
0000 0012 1710745144544 39.0 -60.0 4.601942363656923 19
0000 0006 1710745144545 110.625 -64.0 2.5280003384355365 19
0000 0014 1710745144545 13.0 -61.5 2.82252464970958 19
0000 0001 1710745144545 -13.0 -65.0 4.743068596142402 19
0000 0005 1710745144546 16.25 -65.5 1.1596894756415448 19
0000 0010 1710745144546 -26.0 -67.5 0.39269908169872414 19
0000 0009 1710745144546 -139.125 -71.5 3.834951969714103 19
0000 0005 1710745144660 78.0625 -65.5 1.0737865515199487 19
0000 0001 1710745144660 3.25 -66.5 4.718524903536232 19
0000 0007 1710745144661 -42.3125 -67.5 6.14819499784565 19
0000 0004 1710745144661 0.0 -71.0 0.030679615757712823 19
0000 0011 1710745144661 -65.0625 -69.5 3.4606606574700063 19
0000 0012 1710745144662 -3.25 -60.5 4.675573441475434 19
0000 0010 1710745144662 39.0 -67.5 0.3190680038802134 19
0000 0006 1710745144662 9.75 -65.5 2.6813984172241008 19
0000 0014 1710745144663 -3.25 -62.0 2.8777479580734626 19
0000 0009 1710745144663 -24.375 -70.0 3.767456815047135 19
0000 0012 1710745144874 -84.625 -59.5 4.853515212870168 19
0000 0007 1710745144874 -120.4375 -68.0 6.191146459906448 19
0000 0009 1710745144874 10.5625 -70.5 3.6201946594101133 19
0000 0006 1710745144875 29.25 -64.5 2.6261751088602177 19
0000 0014 1710745144875 6.5 -61.5 2.8286605728611223 19
0000 0005 1710745144875 126.9375 -65.0 1.055378782065321 19
0000 0010 1710745144875 42.3125 -68.5 0.28225246497095796 19
0000 0001 1710745144876 -91.125 -65.5 4.871922982324796 19
0000 0011 1710745144877 -94.375 -69.0 3.5158839658338894 19
0000 0004 1710745144877 22.75 -72.0 0.28225246497095796 19
0000 0012 1710745144877 -16.25 -59.5 4.718524903536232 19
0000 0014 1710745144877 16.25 -62.5 2.8286605728611223 19
0000 0001 1710745144878 6.5 -65.5 4.743068596142402 19
0000 0004 1710745144878 -13.0 -71.0 0.0674951546669682 19
0000 0011 1710745144879 26.0 -69.5 3.2888548092268146 19
0000 0010 1710745144879 110.625 -67.5 0.2454369260617026 19
0000 0005 1710745144879 65.0625 -65.5 1.0799224746714913 19
0000 0006 1710745144880 45.5625 -64.5 2.6813984172241008 19
0000 0009 1710745144881 45.5625 -70.5 3.761320891895592 19
0000 0007 1710745144881 -9.75 -68.0 6.074563920027139 19
0000 0014 1710745145096 -16.25 -62.0 2.8409324191642074 19
0000 0007 1710745145096 35.75 -67.5 6.025476534814799 19
0000 0001 1710745145096 -91.125 -66.0 4.878058905476339 19
0000 0012 1710745145097 -65.0625 -59.5 4.749204519293945 19
0000 0005 1710745145097 -48.8125 -65.0 1.2210487071569704 19
0000 0004 1710745145097 -68.3125 -71.5 0.1902136176978195 19
0000 0006 1710745145098 65.0625 -64.5 2.6691265709210157 19
0000 0011 1710745145098 0.0 -69.0 3.423845118560751 19
0000 0010 1710745145098 55.3125 -67.5 0.3374757733348411 19
0000 0009 1710745145098 149.6875 -69.5 3.650874275167826 19
0000 0012 1710745145099 -69.125 -59.5 4.779884135051658 19
0000 0006 1710745145099 117.125 -65.0 2.5770877236478773 19
0000 0005 1710745145099 -9.75 -65.0 1.214912784005428 19
0000 0010 1710745145100 -78.0625 -67.5 0.48473792897186263 19
0000 0014 1710745145100 9.75 -62.0 2.82252464970958 19
0000 0001 1710745145100 -146.4375 -66.0 4.871922982324796 19
0000 0007 1710745145101 -45.5625 -67.0 6.086835766330224 19
0000 0011 1710745145101 -78.0625 -69.0 3.3747577333484107 19
0000 0004 1710745145101 39.0 -72.5 0.23930100291016002 19
0000 0010 1710745145316 -45.5625 -67.0 0.44178646691106466 19
0000 0001 1710745145316 -52.0625 -66.5 4.804427827657828 19
0000 0012 1710745145317 13.0 -60.0 4.669437518323892 19
0000 0005 1710745145317 58.5625 -65.5 1.1044661672776617 19
0000 0009 1710745145317 -170.0625 -70.0 3.9147189706841563 19
0000 0011 1710745145318 -65.0625 -69.0 3.3870295796514958 19
0000 0014 1710745145318 39.0 -61.5 2.779573187648782 19
0000 0007 1710745145318 -97.625 -67.5 6.17273869045182 19
0000 0006 1710745145318 35.75 -64.0 2.650718801466388 19
0000 0004 1710745145319 -48.8125 -70.0 0.1043106935762236 19
0000 0010 1710745145319 32.5 -67.5 0.37429131224409645 19
0000 0006 1710745145319 58.5625 -64.5 2.718213956133356 19
0000 0012 1710745145320 -35.75 -59.5 4.767612288748572 19
0000 0007 1710745145320 -22.75 -67.5 6.025476534814799 19
0000 0009 1710745145320 -38.1875 -71.5 3.9269908169872414 19
0000 0001 1710745145321 -55.3125 -65.5 4.792155981354743 19
0000 0014 1710745145321 -22.75 -62.0 2.9145634969827183 19
0000 0004 1710745145321 -22.75 -71.0 6.227961998815704 19
0000 0005 1710745145322 0.0 -65.5 1.1780972450961724 19
0000 0011 1710745145322 6.5 -68.5 3.3747577333484107 19
0000 0004 1710745145536 61.8125 -71.0 6.092971689481767 19
0000 0014 1710745145536 52.0625 -62.0 2.7857091108003242 19
0000 0006 1710745145536 -16.25 -64.0 2.7550294950426117 19
0000 0011 1710745145537 -55.3125 -69.0 3.5036121195308043 19
0000 0012 1710745145538 -21.125 -60.0 4.6878452877785195 19
0000 0001 1710745145538 -6.5 -66.0 4.718524903536232 19
0000 0005 1710745145538 -52.0625 -65.5 1.2946797849754812 19
0000 0010 1710745145539 39.0 -67.5 0.380427235395639 19
0000 0007 1710745145539 -22.75 -67.5 6.086835766330224 19
0000 0009 1710745145539 149.6875 -71.0 3.5342917352885173 19
0000 0005 1710745145540 29.25 -64.5 1.141281706186917 19
0000 0006 1710745145540 -9.75 -64.5 2.767301341345697 19
0000 0007 1710745145540 -39.0 -68.0 6.019340611663256 19
0000 0014 1710745145541 22.75 -62.5 2.804116880254952 19
0000 0011 1710745145541 6.5 -68.5 3.3440781175906977 19
0000 0012 1710745145541 0.0 -59.5 4.71238898038469 19
0000 0001 1710745145542 -48.8125 -66.0 4.792155981354743 19
0000 0010 1710745145542 3.25 -67.5 0.3190680038802134 19
0000 0009 1710745145542 218.0625 -70.0 3.5036121195308043 19
0000 0004 1710745145543 -55.3125 -71.5 0.11044661672776616 19
0000 0011 1710745145664 -9.75 -68.5 3.380893656499953 19
0000 0001 1710745145664 -39.0 -65.5 4.804427827657828 19
0000 0014 1710745145665 -22.75 -62.0 2.8777479580734626 19
0000 0004 1710745145665 221.3125 -71.0 5.988660995905543 19
0000 0009 1710745145665 -69.125 -69.5 3.810408277107933 19
0000 0010 1710745145666 -48.8125 -67.5 0.39269908169872414 19
0000 0007 1710745145666 -26.0 -67.0 6.154330920997192 19
0000 0012 1710745145666 -16.25 -59.5 4.700117134081604 19
0000 0006 1710745145666 35.75 -64.5 2.650718801466388 19
0000 0005 1710745145667 -16.25 -65.0 1.214912784005428 19
0000 0012 1710745145870 -48.8125 -59.5 4.773748211900116 19
0000 0004 1710745145870 -52.0625 -71.0 0.18407769454627693 19
0000 0005 1710745145870 74.8125 -64.5 1.1106020904292042 19
0000 0011 1710745145871 -107.375 -69.5 3.509748042682347 19
0000 0010 1710745145871 -6.5 -67.0 0.4295146206079795 19
0000 0006 1710745145871 -55.3125 -64.0 2.8532042654672924 19
0000 0007 1710745145871 22.75 -67.0 6.025476534814799 19
0000 0014 1710745145872 -3.25 -62.0 2.8532042654672924 19
0000 0001 1710745145872 -32.5 -65.5 4.718524903536232 19
0000 0009 1710745145872 -276.625 -71.0 4.2031073588066565 19
0000 0014 1710745145873 -22.75 -62.0 2.82252464970958 19
0000 0001 1710745145873 48.8125 -66.0 4.724660826687775 19
0000 0009 1710745145874 -170.0625 -70.0 3.9515345095934116 19
0000 0012 1710745145874 -35.75 -60.0 4.743068596142402 19
0000 0006 1710745145874 26.0 -65.0 2.730485802436441 19
0000 0005 1710745145875 -16.25 -65.0 1.184233168247715 19
0000 0011 1710745145875 -182.25 -68.5 3.6999616603801666 19
0000 0004 1710745145875 -133.4375 -71.5 0.3190680038802134 19
0000 0007 1710745145876 -39.0 -67.5 6.1420590746941075 19
0000 0010 1710745145876 71.5625 -68.0 0.2699806186678728 19
0000 0010 1710745146103 0.0 -67.0 0.37429131224409645 19
0000 0005 1710745146103 71.5625 -65.0 1.1167380135807468 19
0000 0014 1710745146104 -91.125 -62.0 2.8961557275280905 19
0000 0007 1710745146105 -22.75 -67.5 6.056156150572511 19
0000 0009 1710745146105 -231.0625 -71.0 4.190835512503572 19
0000 0006 1710745146106 16.25 -64.5 2.761165418194154 19
0000 0012 1710745146106 -52.0625 -60.0 4.718524903536232 19
0000 0001 1710745146106 9.75 -66.0 4.71238898038469 19
0000 0011 1710745146106 35.75 -69.0 3.436116964863836 19
0000 0004 1710745146107 -16.25 -71.5 0.09203884727313846 19
0000 0007 1710745146107 22.75 -68.0 5.939573610693203 19
0000 0011 1710745146108 -146.4375 -68.5 3.9515345095934116 19
0000 0010 1710745146108 26.0 -67.0 0.3313398501832985 19
0000 0001 1710745146108 71.5625 -66.0 4.675573441475434 19
0000 0012 1710745146109 -32.5 -60.0 4.718524903536232 19
0000 0014 1710745146109 -22.75 -62.5 2.8838838812250054 19
0000 0009 1710745146109 -45.5625 -71.0 3.9453985864418692 19
0000 0005 1710745146109 71.5625 -65.0 1.1228739367322893 19
0000 0006 1710745146110 45.5625 -64.5 2.675262494072558 19
0000 0004 1710745146110 -133.4375 -71.5 0.15339807878856412 19
0000 0011 1710745146324 0.0 -69.0 3.6999616603801666 19
0000 0014 1710745146324 -22.75 -62.0 2.890019804376548 19
0000 0010 1710745146324 74.8125 -68.0 0.2945243112740431 19
0000 0001 1710745146325 71.5625 -66.0 4.632621979414636 19
0000 0012 1710745146325 -34.9375 -60.0 4.7307967498393175 19
0000 0007 1710745146325 9.75 -67.0 5.902758071783947 19
0000 0006 1710745146326 19.5 -64.5 2.6691265709210157 19
0000 0004 1710745146326 -48.8125 -71.0 0.20248546400090464 19
0000 0005 1710745146326 -55.3125 -65.0 1.3314953238847365 19
0000 0009 1710745146327 -65.875 -71.5 3.816544200259475 19
0000 0001 1710745146327 -3.25 -65.5 4.76147636559703 19
0000 0006 1710745146327 -32.5 -65.0 2.8102528034064944 19
0000 0011 1710745146328 -133.4375 -70.0 3.847223816017188 19
0000 0005 1710745146328 71.5625 -65.5 1.086058397823034 19
0000 0004 1710745146328 -65.0625 -71.5 0.04295146206079795 19
0000 0014 1710745146328 3.25 -62.0 2.7857091108003242 19
0000 0009 1710745146329 -159.5 -70.5 3.9392626632903265 19
0000 0007 1710745146329 120.4375 -67.0 5.798447378207723 19
0000 0012 1710745146329 -26.0 -60.0 4.6878452877785195 19
0000 0010 1710745146330 91.125 -67.5 0.19634954084936207 19
0000 0012 1710745146551 -16.25 -59.5 4.706253057233147 19
0000 0004 1710745146551 -39.0 -72.5 0.1227184630308513 19
0000 0005 1710745146551 45.5625 -65.5 1.1658253987930873 19
0000 0007 1710745146552 -29.25 -67.0 6.068427996875596 19
0000 0001 1710745146552 3.25 -66.0 4.7307967498393175 19
0000 0006 1710745146552 45.5625 -65.0 2.662990647769473 19
0000 0014 1710745146553 -3.25 -62.0 2.8532042654672924 19
0000 0009 1710745146553 197.6875 -72.0 3.4177091954092087 19
0000 0010 1710745146553 6.5 -67.5 0.3436116964863836 19
0000 0011 1710745146554 -74.8125 -69.0 3.859495662320273 19
0000 0014 1710745146554 42.3125 -61.5 2.7857091108003242 19
0000 0012 1710745146554 -3.25 -60.0 4.638757902566179 19
0000 0001 1710745146555 -26.0 -66.0 4.755340442445488 19
0000 0005 1710745146555 38.1875 -65.5 1.1780972450961724 19
0000 0004 1710745146556 -48.8125 -71.5 0.0674951546669682 19
0000 0006 1710745146556 -39.0 -64.0 2.7979809571034093 19
0000 0010 1710745146557 6.5 -66.5 0.3313398501832985 19
0000 0011 1710745146557 -3.25 -69.0 3.718369429834794 19
0000 0007 1710745146557 -48.8125 -67.5 6.031612457966341 19
0000 0009 1710745146558 121.25 -71.0 3.6815538909255388 19
0000 0011 1710745146667 -26.0 -70.0 3.693825737228624 19
0000 0009 1710745146667 -45.5625 -72.0 3.8288160465625602 19
0000 0006 1710745146668 29.25 -64.5 2.736621725587984 19
0000 0007 1710745146668 -58.5625 -67.0 5.994796919057086 19
0000 0010 1710745146668 -19.5 -67.5 0.32520392703175593 19
0000 0005 1710745146669 35.75 -65.0 1.0799224746714913 19
0000 0001 1710745146669 -120.4375 -65.5 4.970097752749477 19
0000 0012 1710745146669 -26.0 -59.5 4.706253057233147 19
0000 0014 1710745146670 -45.5625 -62.0 2.9391071895888885 19
0000 0004 1710745146670 169.25 -70.0 6.166602767300278 19
0000 0004 1710745146881 3.25 -71.5 0.1349903093339364 19
0000 0011 1710745146882 -29.25 -69.5 3.7122335066832517 19
0000 0010 1710745146882 94.375 -68.0 0.20248546400090464 19
0000 0007 1710745146882 -29.25 -67.5 6.0991076126333095 19
0000 0006 1710745146883 81.375 -65.0 2.5954954931025047 19
0000 0009 1710745146883 -27.625 -70.5 3.810408277107933 19
0000 0001 1710745146883 32.5 -66.0 4.651029748869264 19
0000 0014 1710745146884 16.25 -62.0 2.804116880254952 19
0000 0012 1710745146884 -16.25 -60.0 4.693981210930062 19
0000 0005 1710745146884 32.5 -65.0 1.1290098598838318 19
0000 0001 1710745146884 45.5625 -66.0 4.700117134081604 19
0000 0007 1710745146885 39.0 -67.5 5.915029918087033 19
0000 0005 1710745146886 68.3125 -65.0 1.1044661672776617 19
0000 0014 1710745146886 78.0625 -62.0 2.693670263527186 19
0000 0004 1710745146886 9.75 -71.5 0.18407769454627693 19
0000 0012 1710745146886 3.25 -60.0 4.651029748869264 19
0000 0010 1710745146887 -13.0 -68.0 0.39269908169872414 19
0000 0011 1710745146887 -84.625 -68.5 3.773592738198677 19
0000 0009 1710745146887 -187.125 -72.0 3.933126740138784 19
0000 0006 1710745146888 -9.75 -65.0 2.730485802436441 19
0000 0005 1710745147107 41.5 -65.5 1.0921943209745766 19
0000 0010 1710745147107 -32.5 -67.5 0.4049709280018093 19
0000 0011 1710745147108 -9.75 -69.5 3.6815538909255388 19
0000 0007 1710745147108 16.25 -67.5 5.9518454569962875 19
0000 0001 1710745147108 -22.75 -65.5 4.76147636559703 19
0000 0012 1710745147108 3.25 -60.0 4.675573441475434 19
0000 0014 1710745147109 39.0 -62.0 2.773437264497239 19
0000 0006 1710745147109 29.25 -64.5 2.693670263527186 19
0000 0009 1710745147109 -281.5625 -71.0 3.9699422790480394 19
0000 0004 1710745147110 149.6875 -71.0 6.1850105367549055 19
0000 0010 1710745147110 84.625 -68.5 0.25770877236478773 19
0000 0006 1710745147110 -55.3125 -65.0 2.9391071895888885 19
0000 0014 1710745147111 -22.75 -62.0 2.804116880254952 19
0000 0005 1710745147112 38.1875 -65.0 1.1535535524900022 19
0000 0012 1710745147112 -16.25 -60.0 4.675573441475434 19
0000 0001 1710745147112 -16.25 -65.5 4.755340442445488 19
0000 0004 1710745147113 71.5625 -70.0 0.03681553890925539 19
0000 0007 1710745147113 9.75 -67.5 5.982525072754001 19
0000 0009 1710745147113 10.5625 -71.0 3.8410878928656453 19
0000 0011 1710745147114 -78.0625 -69.0 3.816544200259475 19
