0000 0005 1711013311710 142.375 -72.0 1.8960002538266525 16
0000 0014 1711013311711 9.75 -66.0 2.442097414313941 16
0000 0002 1711013311711 10.9375 -77.0 5.927301764390117 16
0000 0005 1711013311712 -432.875 -71.5 2.6445828783148455 16
0000 0014 1711013311713 -39.0 -66.5 2.3623304133438876 16
0000 0002 1711013311960 16.4375 -76.5 5.921165841238575 16
0000 0005 1711013311960 22.75 -72.0 2.012582793705961 16
0000 0014 1711013311961 -130.1875 -67.0 2.6568547246179306 16
0000 0002 1711013311961 -11.5625 -76.5 6.068427996875596 16
0000 0005 1711013311961 -169.25 -72.0 2.3930100291016 16
0000 0014 1711013311962 -6.5 -66.5 2.399145952253143 16
0000 0002 1711013312211 21.9375 -77.0 5.896622148632405 16
0000 0008 1711013312211 -0.125 -74.5 4.049709280018092 16
0000 0008 1711013312212 0.125 -74.0 4.06811704947272 16
0000 0008 1711013312212 0.25 -74.0 0.8651651643675016 16
0000 0008 1711013312213 -5.1875 -74.0 4.154019973594316 16
0000 0008 1711013312213 -6.125 -74.5 4.184699589352029 16
0000 0008 1711013312214 -0.25 -74.5 4.215379205109742 16
0000 0008 1711013312215 5.1875 -74.0 3.9453985864418692 16
0000 0008 1711013312215 3.6875 -74.5 4.09266074207889 16
0000 0005 1711013312216 -341.75 -71.5 2.6323110320117604 16
0000 0014 1711013312216 -48.8125 -66.5 2.442097414313941 16
0000 0002 1711013312217 143.1875 -75.5 5.927301764390117 16
0000 0005 1711013312460 131.8125 -72.0 1.8960002538266525 16
0000 0014 1711013312461 35.75 -66.5 2.270291566070749 16
0000 0002 1711013312461 14.625 -76.5 6.007068765360171 16
0000 0008 1711013312462 0.125 -74.0 4.086524818927348 16
0000 0014 1711013312462 35.75 -66.0 2.3439226438892597 16
0000 0005 1711013312463 -19.5 -72.5 2.3071071049800045 16
0000 0002 1711013312464 11.5625 -76.5 6.031612457966341 16
0000 0008 1711013312712 2.6875 -74.0 4.080388895775806 16
0000 0014 1711013312712 3.25 -67.0 2.380738182798515 16
0000 0005 1711013312713 35.75 -71.5 1.9757672547967058 16
0000 0002 1711013312713 23.5625 -75.5 6.215690152512618 16
0000 0008 1711013312714 -2.25 -74.0 4.276738436625168 16
0000 0005 1711013312714 156.1875 -71.5 2.0064468705544187 16
0000 0014 1711013312714 -52.0625 -66.5 2.423689644859313 16
0000 0002 1711013312715 97.625 -73.5 6.007068765360171 16
0000 0008 1711013312960 -6.4375 -74.0 4.325825821837508 16
0000 0014 1711013312960 104.125 -66.5 2.1659808724945253 16
0000 0005 1711013312961 -221.3125 -71.5 2.521864415283994 16
0000 0002 1711013312967 52.0625 -74.5 5.988660995905543 16
0000 0008 1711013312968 0.8125 -74.0 4.172427743048944 16
0000 0014 1711013312968 3.25 -66.5 2.3193789512830896 16
0000 0005 1711013312969 78.0625 -72.5 2.098485717827557 16
0000 0002 1711013312969 -29.25 -76.5 6.105243535784852 16
0000 0008 1711013313210 0.25 -74.0 4.190835512503572 16
0000 0014 1711013313213 39.0 -66.0 2.3193789512830896 16
0000 0005 1711013313214 234.3125 -70.5 1.8714565612204823 16
0000 0002 1711013313214 -6.0625 -77.0 6.025476534814799 16
0000 0008 1711013313360 -0.25 -74.0 4.270602513473625 16
0000 0008 1711013313360 1.9375 -74.0 4.221515128261284 16
0000 0008 1711013313360 -1.25 -73.5 4.190835512503572 16
0000 0008 1711013313361 0.125 -74.5 4.111068511533518 16
0000 0008 1711013313361 -0.125 -74.0 4.086524818927348 16
0000 0008 1711013313362 -0.625 -74.0 4.154019973594316 16
0000 0008 1711013313363 0.625 -74.0 4.074252972624263 16
0000 0008 1711013313363 4.1875 -74.0 4.129476280988146 16
0000 0008 1711013313364 0.0 -74.0 4.154019973594316 16
0000 0008 1711013313364 -1.25 -74.0 4.0558452031696355 16
0000 0008 1711013313365 0.4375 -74.0 4.0987966652304335 16
0000 0008 1711013313365 0.9375 -74.0 4.190835512503572 16
0000 0008 1711013313366 2.875 -74.0 4.147884050442774 16
0000 0008 1711013313366 0.25 -74.0 4.190835512503572 16
0000 0008 1711013313366 -2.125 -74.0 4.252194744018997 16
0000 0008 1711013313367 -3.875 -74.0 4.23378697456437 16
0000 0008 1711013313367 3.875 -74.0 4.104932588381976 16
0000 0008 1711013313368 -0.8125 -74.5 4.154019973594316 16
0000 0008 1711013313369 0.625 -74.0 4.1417481272912315 16
0000 0008 1711013313370 0.0 -74.0 4.09266074207889 16
0000 0008 1711013313370 0.8125 -74.0 4.1417481272912315 16
0000 0008 1711013313371 2.4375 -74.0 4.0128937411088375 16
0000 0008 1711013313371 -1.9375 -74.0 4.190835512503572 16
0000 0008 1711013313371 -3.875 -74.0 4.184699589352029 16
0000 0008 1711013313372 -1.5625 -74.0 4.123340357836604 16
0000 0008 1711013313372 -0.625 -74.0 4.184699589352029 16
0000 0008 1711013313460 -1.75 -74.0 4.196971435655114 16
0000 0005 1711013313461 -192.0 -71.0 2.2948352586769194 16
0000 0014 1711013313461 -35.75 -66.0 2.405281875404685 16
0000 0002 1711013313462 41.5 -76.0 6.126719266815251 16
0000 0008 1711013313462 -5.3125 -74.5 1.012427320004523 16
0000 0005 1711013313710 97.625 -71.5 2.012582793705961 16
0000 0014 1711013313710 -42.3125 -66.5 2.442097414313941 16
0000 0008 1711013313711 4.375 -74.0 4.06811704947272 16
0000 0014 1711013313711 68.3125 -66.5 2.356194490192345 16
0000 0005 1711013313711 -71.5625 -70.5 2.2886993355253766 16
0000 0002 1711013313712 51.25 -75.5 5.921165841238575 16
0000 0008 1711013313960 1.75 -74.5 3.9638063558964967 16
0000 0014 1711013313960 -61.8125 -66.0 2.380738182798515 16
0000 0002 1711013313961 -234.3125 -72.0 0.1902136176978195 16
0000 0005 1711013313961 -146.4375 -72.0 2.3071071049800045 16
0000 0008 1711013313962 -9.75 -74.5 4.086524818927348 16
0000 0014 1711013313962 -87.875 -67.0 2.5341362615870793 16
0000 0005 1711013313963 194.4375 -71.5 1.859184714917397 16
0000 0002 1711013314210 9.75 -75.0 6.17273869045182 16
0000 0008 1711013314210 0.25 -74.5 0.8344855486097889 16
0000 0005 1711013314211 -65.0625 -72.0 2.3930100291016 16
0000 0014 1711013314211 -32.5 -66.5 2.380738182798515 16
0000 0002 1711013314211 -7.875 -76.5 6.056156150572511 16
0000 0008 1711013314460 2.4375 -74.0 4.074252972624263 16
0000 0005 1711013314460 74.8125 -72.5 1.9144080232812801 16
0000 0014 1711013314461 -9.75 -66.5 2.3071071049800045 16
0000 0002 1711013314461 3.0 -77.0 6.043884304269426 16
0000 0008 1711013314462 0.125 -74.0 4.000621894805752 16
0000 0014 1711013314709 22.75 -67.0 2.399145952253143 16
0000 0005 1711013314710 -195.25 -72.0 2.435961491162398 16
0000 0002 1711013314710 7.875 -77.0 6.105243535784852 16
0000 0008 1711013314711 2.875 -74.0 4.037437433715008 16
0000 0014 1711013314711 -3.25 -66.5 2.380738182798515 16
0000 0005 1711013314712 -270.9375 -71.5 2.442097414313941 16
0000 0002 1711013314712 1.8125 -76.5 5.964117303299373 16
0000 0008 1711013314959 -0.9375 -74.0 3.9453985864418692 16
0000 0014 1711013314960 81.375 -67.0 2.2089323345553233 16
0000 0005 1711013314960 173.3125 -71.5 1.7916895602504288 16
0000 0002 1711013314961 -7.875 -77.0 6.000932842208628 16
0000 0008 1711013314961 0.625 -74.0 4.049709280018092 16
0000 0014 1711013315210 -91.125 -67.0 2.4911847995262812 16
0000 0005 1711013315210 87.0625 -72.0 2.000310947402876 16
0000 0002 1711013315210 2.4375 -77.0 6.086835766330224 16
0000 0008 1711013315211 -2.5625 -74.0 4.049709280018092 16
0000 0005 1711013315211 78.0625 -72.0 1.9757672547967058 16
0000 0014 1711013315212 -55.3125 -66.5 2.435961491162398 16
0000 0002 1711013315212 15.25 -76.5 5.970253226450915 16
0000 0008 1711013315460 -2.125 -74.0 4.031301510563465 16
0000 0014 1711013315460 0.0 -66.0 2.3071071049800045 16
0000 0005 1711013315460 -97.625 -71.5 2.2396119503130363 16
0000 0002 1711013315461 9.75 -76.5 6.013204688511713 16
0000 0008 1711013315461 2.125 -74.0 3.933126740138784 16
0000 0014 1711013315462 -48.8125 -66.5 2.429825568010856 16
0000 0005 1711013315462 110.625 -72.5 1.2455923997631406 16
0000 0002 1711013315462 6.0625 -76.5 6.013204688511713 16
0000 0008 1711013315710 0.0 -74.0 4.006757817957295 16
0000 0005 1711013315711 208.3125 -71.0 1.3560390164909069 16
0000 0014 1711013315711 6.5 -65.5 2.3623304133438876 16
0000 0002 1711013315712 3.625 -76.5 5.976389149602458 16
0000 0008 1711013315712 1.25 -74.0 3.8717675086233583 16
0000 0005 1711013315712 185.5 -72.0 1.2640001692177683 16
0000 0014 1711013315713 -52.0625 -66.0 2.380738182798515 16
0000 0002 1711013315713 39.0 -74.0 6.080699843178682 16
0000 0008 1711013315960 0.9375 -74.0 3.9269908169872414 16
0000 0005 1711013315960 191.1875 -72.0 1.214912784005428 16
0000 0014 1711013315960 -16.25 -66.5 2.386874105950058 16
0000 0002 1711013315961 179.0 -74.5 5.884350302329319 16
0000 0008 1711013315961 2.25 -74.0 4.0128937411088375 16
0000 0005 1711013315962 -19.5 -71.0 1.4848934026733007 16
0000 0014 1711013315962 3.25 -66.5 2.466641106920111 16
0000 0002 1711013315962 1.8125 -77.0 6.062292073724054 16
0000 0008 1711013316210 -3.375 -74.0 0.9265243958829272 16
0000 0005 1711013316210 237.5625 -71.0 1.3008157081270237 16
0000 0014 1711013316211 29.25 -65.5 2.282563412373834 16
0000 0002 1711013316211 -25.0 -77.0 6.013204688511713 16
0000 0008 1711013316212 -4.375 -74.0 4.006757817957295 16
0000 0014 1711013316212 -61.8125 -66.0 2.386874105950058 16
0000 0005 1711013316212 -406.875 -72.5 2.116893487282185 16
0000 0002 1711013316213 39.625 -77.0 5.71868037723767 16
0000 0008 1711013316455 1.4375 -74.0 3.877903431774901 16
0000 0014 1711013316455 26.0 -66.5 2.3193789512830896 16
0000 0005 1711013316456 48.8125 -71.0 1.368310862793992 16
0000 0002 1711013316456 156.1875 -75.5 5.970253226450915 16
0000 0008 1711013316457 -1.5625 -74.0 3.9208548938356986 16
0000 0005 1711013316457 -68.3125 -71.5 1.8223691760081417 16
0000 0014 1711013316457 58.5625 -66.0 2.2334760271614935 16
0000 0002 1711013316458 6.0625 -76.5 5.994796919057086 16
