0001 0005 1711161995876 -32.5 -71.0 5.497787143782138 3
0001 0001 1711161995877 -71.5625 -67.0 5.957981380147831 3
0001 0007 1711161995877 22.75 -69.5 5.970253226450915 3
0001 0004 1711161995877 -58.5625 -70.5 5.184855063053467 3
0001 0015 1711161995878 61.8125 -70.5 1.6873788666742053 3
0001 0005 1711161995878 192.0 -71.5 5.209398755659637 3
0001 0004 1711161995878 78.0625 -70.5 5.037592907416445 3
0001 0001 1711161995879 9.75 -67.5 5.9088939949354895 3
0001 0007 1711161995879 39.0 -68.5 6.056156150572511 3
0001 0015 1711161995879 100.875 -70.0 1.3989904785517047 3
0001 0005 1711161995881 -185.5 -71.5 5.6941366846315 3
0001 0007 1711161995881 110.625 -68.5 5.921165841238575 3
0001 0001 1711161995881 -26.0 -68.0 5.988660995905543 3
0001 0015 1711161995882 172.5 -70.0 1.5462526341887264 3
0001 0004 1711161995882 -152.9375 -69.5 5.356660911296659 3
0001 0007 1711161996126 113.875 -69.0 5.902758071783947 3
0001 0015 1711161996127 84.625 -70.5 1.6444274046134073 3
0001 0004 1711161996127 45.5625 -70.5 5.0682725231741586 3
0001 0001 1711161996127 -26.0 -68.0 5.976389149602458 3
0001 0005 1711161996128 -0.8125 -73.5 2.107689602554871 3
0001 0015 1711161996128 58.5625 -71.0 1.6935147898257479 3
0001 0007 1711161996128 74.8125 -69.5 6.074563920027139 3
0001 0001 1711161996128 29.25 -67.5 5.884350302329319 3
0001 0004 1711161996129 -55.3125 -69.0 5.129631754689584 3
0001 0005 1711161996129 13.375 -74.0 5.190990986205009 3
0001 0005 1711161996376 -91.125 -71.5 5.553010452146021 3
0001 0007 1711161996377 84.625 -69.5 5.927301764390117 3
0001 0004 1711161996377 -68.3125 -70.5 5.105088062083414 3
0001 0015 1711161996377 117.125 -70.5 1.5401167110371838 3
0001 0001 1711161996378 58.5625 -68.0 5.902758071783947 3
0001 0015 1711161996378 -100.875 -70.0 1.9205439464328227 3
0001 0007 1711161996378 61.8125 -69.0 5.957981380147831 3
0001 0001 1711161996378 39.0 -68.5 5.890486225480862 3
0001 0005 1711161996379 -110.625 -72.5 5.50392306693368 3
0001 0004 1711161996379 -22.75 -70.5 5.037592907416445 3
0001 0015 1711161996626 224.5625 -70.0 1.41126232485479 3
0001 0007 1711161996626 -91.125 -69.5 6.227961998815704 3
0001 0005 1711161996626 -52.0625 -72.0 5.460971604872882 3
0001 0001 1711161996627 -3.25 -68.5 5.988660995905543 3
0001 0004 1711161996627 -113.875 -70.0 5.332117218690489 3
0001 0015 1711161996627 26.0 -70.5 1.7426021750380885 3
0001 0004 1711161996628 -201.8125 -70.5 5.4671075280244255 3
0001 0001 1711161996628 -45.5625 -67.5 6.080699843178682 3
0001 0007 1711161996628 91.125 -70.0 5.945709533844745 3
0001 0005 1711161996628 -87.875 -71.5 5.45483568172134 3
0001 0001 1711161996629 -78.0625 -67.5 6.17273869045182 3
0001 0004 1711161996629 -42.3125 -70.5 5.031456984264903 3
0001 0007 1711161996630 3.25 -70.0 6.043884304269426 3
0001 0015 1711161996630 -39.0 -71.0 1.8960002538266525 3
0001 0005 1711161996630 -52.0625 -71.5 5.553010452146021 3
0001 0004 1711161996886 45.5625 -71.0 5.006913291658733 3
0001 0001 1711161996887 -22.75 -66.5 6.2034183062095325 3
0001 0005 1711161996887 -84.625 -72.0 5.5100589900852235 3
0001 0015 1711161996887 -74.8125 -70.5 1.8653206380689396 3
0001 0007 1711161996888 97.625 -69.0 6.025476534814799 3
0001 0007 1711161996888 45.5625 -69.0 5.982525072754001 3
0001 0005 1711161996888 9.75 -71.0 5.295301679781233 3
0001 0004 1711161996889 -97.625 -70.0 5.092816215780329 3
0001 0001 1711161996889 6.5 -68.0 5.976389149602458 3
0001 0015 1711161996889 -139.9375 -68.5 1.9880391010997909 3
0001 0007 1711161997126 -9.75 -70.0 6.117515382087937 3
0001 0015 1711161997126 -146.4375 -70.0 1.9634954084936207 3
0001 0004 1711161997127 110.625 -70.0 4.700117134081604 3
0001 0001 1711161997127 26.0 -68.0 5.93343768754166 3
0001 0005 1711161997127 126.9375 -70.0 5.221670601962723 3
0001 0007 1711161997127 -201.8125 -69.0 0.02454369260617026 3
0001 0001 1711161997128 61.8125 -68.0 5.957981380147831 3
0001 0015 1711161997128 78.0625 -70.5 1.6812429435226628 3
0001 0004 1711161997128 32.5 -71.0 4.95168998329485 3
0001 0005 1711161997129 3.25 -70.5 5.43029198911517 3
0001 0015 1711161997376 6.5 -70.0 1.8285050991596843 3
0001 0001 1711161997376 65.0625 -68.0 5.890486225480862 3
0001 0004 1711161997377 58.5625 -70.0 4.945554060143307 3
0001 0005 1711161997377 -29.25 -71.5 5.5284667595398505 3
0001 0007 1711161997377 -32.5 -69.0 6.080699843178682 3
0001 0007 1711161997378 -192.0 -69.0 0.04908738521234052 3
0001 0015 1711161997378 48.8125 -70.0 1.7303303287350031 3
0001 0001 1711161997378 48.8125 -68.0 6.000932842208628 3
0001 0004 1711161997379 -68.3125 -70.0 5.252350217720435 3
0001 0005 1711161997379 19.5 -72.0 5.4671075280244255 3
0001 0005 1711161997379 -13.0 -72.0 5.381204603902829 3
0001 0015 1711161997380 -52.0625 -70.0 1.7794177139473437 3
0001 0007 1711161997380 16.25 -69.0 6.117515382087937 3
0001 0001 1711161997381 -22.75 -68.0 6.050020227420969 3
0001 0004 1711161997381 -6.5 -69.5 5.221670601962723 3
0001 0007 1711161997626 -6.5 -70.5 6.252505691421874 3
0001 0015 1711161997627 94.375 -70.0 1.7548740213411735 3
0001 0001 1711161997627 61.8125 -67.5 5.957981380147831 3
0001 0004 1711161997627 22.75 -68.0 5.4671075280244255 3
0001 0004 1711161997628 -35.75 -67.0 5.66959299202533 3
0001 0001 1711161997628 -29.25 -68.0 0.12885438618239387 3
0001 0015 1711161997628 42.3125 -69.0 2.018718716857504 3
0001 0007 1711161997628 -55.3125 -72.5 0.18407769454627693 3
0001 0007 1711161997874 -22.75 -66.5 2.6998061866787286 3
0001 0005 1711161997875 65.0625 -69.0 3.074097498922825 3
0001 0015 1711161997875 3.25 -67.5 2.116893487282185 3
0001 0001 1711161997875 120.4375 -66.5 1.761009944492716 3
0001 0004 1711161997876 16.25 -65.0 5.915029918087033 3
0001 0006 1711161997876 3.0 -76.5 5.841398840268521 3
0001 0008 1711161997876 2.875 -80.0 1.055378782065321 3
0001 0014 1711161997877 1.75 -73.0 0.6565437772150544 3
0001 0001 1711161997877 -26.0 -59.5 4.921010367537137 3
0001 0005 1711161997877 0.0 -61.5 3.56497135104623 3
0001 0007 1711161997877 -19.5 -59.0 3.2397674240144743 3
0001 0014 1711161997878 -113.875 -69.0 4.270602513473625 3
0001 0009 1711161997879 21.9375 -74.5 1.1504855909142309 3
0001 0004 1711161997879 25.625 -74.0 2.1230294104337273 3
0001 0006 1711161997879 -2.125 -74.5 5.945709533844745 3
0001 0015 1711161997879 0.0 -73.5 0.4295146206079795 3
0001 0012 1711161998081 3.3125 -77.5 4.614214209960009 3
0001 0004 1711161998082 29.25 -62.5 2.742757648739526 3
0001 0012 1711161998082 -71.5625 -74.5 5.013049214810275 3
0001 0007 1711161998082 -3.25 -59.5 3.399301425954581 3
0001 0015 1711161998082 -6.5 -69.5 4.595806440505381 3
0001 0014 1711161998083 -6.5 -62.5 4.724660826687775 3
0001 0001 1711161998083 29.25 -60.0 2.141437179888355 3
0001 0009 1711161998083 1.8125 -72.5 5.822991070813893 3
0001 0006 1711161998084 -8.5 -73.5 6.031612457966341 3
0001 0001 1711161998084 -48.8125 -61.5 3.877903431774901 3
0001 0014 1711161998084 -22.75 -60.5 4.620350133111551 3
0001 0004 1711161998085 22.75 -68.5 5.755495916146925 3
0001 0005 1711161998085 -26.0 -59.0 6.000932842208628 3
0001 0015 1711161998085 -19.5 -61.5 5.5100589900852235 3
0001 0009 1711161998085 -58.5625 -69.0 5.663457068873787 3
0001 0007 1711161998086 -9.75 -56.0 1.736466251886546 3
0001 0006 1711161998086 -58.5625 -67.5 4.540583132141498 3
0001 0012 1711161998086 74.8125 -69.5 4.749204519293945 3
0001 0013 1711161998087 -149.6875 -73.0 6.209554229361076 3
0001 0008 1711161998126 -0.5625 -77.5 4.221515128261284 3
0001 0011 1711161998365 -0.25 -76.0 5.301437602932776 3
0001 0010 1711161998366 1.125 -74.0 4.7860200582032 3
0001 0005 1711161998366 16.25 -63.5 0.1043106935762236 3
0001 0004 1711161998366 6.5 -67.5 1.0799224746714913 3
0001 0006 1711161998366 -201.8125 -71.0 2.2334760271614935 3
0001 0015 1711161998367 6.5 -57.5 5.577554144752192 3
0001 0014 1711161998367 -26.0 -61.0 4.411728745959104 3
0001 0012 1711161998367 22.75 -62.5 5.6941366846315 3
0001 0007 1711161998368 3.25 -61.5 3.429981041712294 3
0001 0011 1711161998368 -32.5 -66.5 3.6386024288647407 3
0001 0013 1711161998368 -39.0 -68.0 5.589825991055276 3
0001 0001 1711161998369 -9.75 -65.0 2.6261751088602177 3
0001 0009 1711161998370 100.875 -66.5 4.921010367537137 3
0001 0010 1711161998370 26.0 -71.5 2.5280003384355365 3
0001 0008 1711161998371 10.375 -77.0 5.45483568172134 3
0001 0009 1711161998371 -13.0 -62.5 5.50392306693368 3
0001 0012 1711161998372 -3.25 -66.0 5.240078371417351 3
0001 0010 1711161998372 -94.375 -65.0 4.491495746929157 3
0001 0011 1711161998372 78.0625 -70.0 5.184855063053467 3
0001 0007 1711161998372 -52.0625 -64.5 4.196971435655114 3
0001 0013 1711161998373 26.0 -58.5 0.9203884727313847 3
0001 0015 1711161998373 -13.0 -55.5 5.6143696836614465 3
0001 0005 1711161998373 94.375 -63.5 0.030679615757712823 3
0001 0001 1711161998374 71.5625 -68.5 1.0737865515199487 3
0001 0006 1711161998374 -94.375 -71.0 3.2336315008629315 3
0001 0014 1711161998374 26.0 -63.5 4.601942363656923 3
0001 0008 1711161998375 9.75 -75.5 6.135923151542564 3
0001 0004 1711161998608 3.5625 -74.5 1.3130875544301088 3
0001 0010 1711161998608 -26.0 -60.5 4.73693267299086 3
0001 0009 1711161998609 100.875 -66.0 4.669437518323892 3
0001 0013 1711161998609 0.0 -57.5 1.5033011721279284 3
0001 0005 1711161998609 45.5625 -60.0 5.589825991055276 3
0001 0015 1711161998609 9.75 -55.0 5.540738605842936 3
0001 0001 1711161998610 32.5 -70.0 0.16566992509164924 3
0001 0007 1711161998610 -81.375 -64.0 3.043417883165112 3
0001 0014 1711161998610 48.8125 -65.0 4.583534594202296 3
0001 0008 1711161998611 333.625 -74.5 5.295301679781233 3
0001 0006 1711161998611 45.5625 -71.5 2.3316507975861747 3
0001 0012 1711161998611 6.5 -68.0 5.50392306693368 3
0001 0011 1711161998612 211.5625 -72.0 5.915029918087033 3
0001 0004 1711161998612 2.4375 -73.0 4.583534594202296 3
0001 0006 1711161998612 26.0 -69.5 1.552388557340269 3
0001 0007 1711161998613 22.75 -63.5 1.2026409377023426 3
0001 0012 1711161998613 3.25 -68.5 4.81056375080937 3
0001 0013 1711161998613 -3.25 -57.0 1.5278448647340985 3
0001 0014 1711161998613 -19.5 -65.5 4.632621979414636 3
0001 0009 1711161998614 78.0625 -65.0 4.81056375080937 3
0001 0010 1711161998614 22.75 -63.5 4.356505437595221 3
0001 0001 1711161998614 55.3125 -69.0 5.964117303299373 3
0001 0015 1711161998615 -32.5 -54.0 5.47937937432751 3
0001 0005 1711161998615 -52.0625 -58.0 4.902602598082509 3
0001 0011 1711161998616 29.25 -73.5 6.2463697682703305 3
0001 0004 1711161998625 -17.0625 -71.5 4.304350090807109 3
0001 0008 1711161998848 11.6875 -78.0 4.933282213840222 3
0001 0011 1711161998848 -192.0 -71.5 0.23930100291016002 3
0001 0015 1711161998848 -3.25 -54.5 5.5100589900852235 3
0001 0004 1711161998849 0.0 -69.0 2.1475731030398975 3
0001 0009 1711161998849 -94.375 -64.0 5.197126909356553 3
0001 0006 1711161998849 52.0625 -71.0 0.5583690067903734 3
0001 0013 1711161998850 -16.25 -56.5 1.5401167110371838 3
0001 0007 1711161998850 45.5625 -62.5 0.7424467013366504 3
0001 0012 1711161998850 32.5 -69.0 4.608078286808466 3
0001 0005 1711161998850 -3.25 -57.0 4.626486056263094 3
0001 0014 1711161998851 -9.75 -66.0 4.485359823777615 3
0001 0001 1711161998851 -78.0625 -69.5 5.853670686571607 3
0001 0010 1711161998851 -71.5625 -65.0 4.632621979414636 3
0001 0008 1711161998852 -12.3125 -78.0 5.411884219660542 3
0001 0013 1711161998852 -22.75 -56.0 1.6751070203711202 3
0001 0007 1711161998852 0.0 -61.5 0.5522330836388308 3
0001 0009 1711161998853 -6.5 -65.0 4.902602598082509 3
0001 0006 1711161998853 9.75 -71.5 0.5706408530934585 3
0001 0012 1711161998853 -97.625 -69.0 4.8351074434155406 3
0001 0015 1711161998853 3.25 -54.5 5.485515297479052 3
0001 0001 1711161998854 48.8125 -69.0 5.485515297479052 3
0001 0011 1711161998854 -120.4375 -72.0 6.086835766330224 3
0001 0010 1711161998854 -19.5 -65.0 4.6878452877785195 3
0001 0005 1711161998855 0.0 -56.5 4.460816131171445 3
0001 0004 1711161998855 74.8125 -66.0 2.000310947402876 3
0001 0014 1711161998856 -6.5 -66.5 4.608078286808466 3
0001 0008 1711161999098 -6.5 -79.0 1.859184714917397 3
0001 0013 1711161999098 48.8125 -55.5 1.6751070203711202 3
0001 0005 1711161999098 16.25 -56.5 4.522175362686871 3
0001 0015 1711161999099 -6.5 -54.5 5.5284667595398505 3
0001 0007 1711161999099 19.5 -62.0 1.3008157081270237 3
0001 0010 1711161999099 -68.3125 -64.0 4.92714629068868 3
0001 0001 1711161999100 9.75 -68.5 5.270757987175063 3
0001 0009 1711161999100 -68.3125 -64.5 4.957825906446392 3
0001 0012 1711161999100 13.0 -69.5 4.6448938257177215 3
0001 0004 1711161999101 55.3125 -66.5 1.3130875544301088 3
0001 0014 1711161999101 35.75 -67.5 4.651029748869264 3
0001 0011 1711161999101 -87.875 -73.0 0.2454369260617026 3
0001 0008 1711161999101 -16.875 -78.5 5.098952138931871 3
0001 0006 1711161999102 -3.875 -75.0 2.141437179888355 3
0001 0012 1711161999102 -91.125 -69.0 4.804427827657828 3
0001 0001 1711161999102 9.75 -66.5 5.080544369477243 3
0001 0010 1711161999103 9.75 -63.0 4.816699673960914 3
0001 0015 1711161999104 -9.75 -54.5 5.50392306693368 3
0001 0013 1711161999104 6.5 -55.5 1.8100973297050567 3
0001 0007 1711161999104 -45.5625 -63.0 2.423689644859313 3
0001 0014 1711161999105 -55.3125 -66.0 4.614214209960009 3
0001 0005 1711161999105 -13.0 -58.5 4.749204519293945 3
0001 0009 1711161999105 39.0 -63.5 4.970097752749477 3
0001 0004 1711161999105 136.6875 -69.0 1.1290098598838318 3
0001 0011 1711161999106 -32.5 -73.0 0.16566992509164924 3
0001 0006 1711161999106 -87.875 -72.0 2.2150682577068657 3
0001 0008 1711161999129 -18.25 -78.0 1.8285050991596843 3
0001 0012 1711161999376 -16.25 -68.0 4.632621979414636 3
0001 0010 1711161999376 -52.0625 -62.0 4.921010367537137 3
0001 0013 1711161999376 22.75 -56.0 1.8837284075235674 3
0001 0005 1711161999377 -68.3125 -58.5 4.76147636559703 3
0001 0015 1711161999377 0.0 -54.5 5.546874528994478 3
0001 0007 1711161999377 9.75 -64.5 2.7550294950426117 3
0001 0001 1711161999377 -42.3125 -67.5 4.933282213840222 3
0001 0006 1711161999378 -55.3125 -72.0 2.5893595699509624 3
0001 0014 1711161999378 35.75 -66.5 4.595806440505381 3
0001 0009 1711161999378 52.0625 -63.0 4.749204519293945 3
0001 0011 1711161999379 -3.25 -72.5 0.30679615757712825 3
0001 0008 1711161999379 -20.75 -78.0 4.73693267299086 3
0001 0001 1711161999549 -39.0 -67.5 4.718524903536232 3
0001 0009 1711161999549 -13.0 -64.0 4.651029748869264 3
0001 0007 1711161999551 42.3125 -64.0 2.1353012567368124 3
0001 0014 1711161999551 -45.5625 -66.5 4.669437518323892 3
0001 0015 1711161999551 -9.75 -54.5 5.516194913236766 3
0001 0005 1711161999552 -39.0 -58.0 4.626486056263094 3
0001 0006 1711161999552 -130.1875 -72.5 2.9022916506796332 3
0001 0012 1711161999552 -84.625 -68.0 4.718524903536232 3
0001 0013 1711161999552 -9.75 -55.5 1.9144080232812801 3
0001 0010 1711161999553 -68.3125 -62.5 4.957825906446392 3
0001 0011 1711161999553 -42.3125 -70.5 0.2454369260617026 3
0001 0008 1711161999553 -33.5625 -78.5 1.705786636128833 3
0001 0015 1711161999554 -42.3125 -54.5 5.602097837358362 3
0001 0012 1711161999554 94.375 -68.5 4.902602598082509 3
0001 0005 1711161999554 16.25 -57.0 4.411728745959104 3
0001 0014 1711161999554 -74.8125 -66.0 4.95168998329485 3
0001 0011 1711161999555 104.125 -72.0 6.007068765360171 3
0001 0013 1711161999555 6.5 -55.0 2.1537090261914402 3
0001 0009 1711161999555 6.5 -65.0 4.338097668140593 3
0001 0007 1711161999556 -3.25 -63.5 1.2701360923693108 3
0001 0010 1711161999556 -22.75 -62.5 4.651029748869264 3
0001 0001 1711161999556 -65.0625 -68.5 4.724660826687775 3
0001 0004 1711161999627 -1.1875 -72.5 3.749049045592507 3
0001 0008 1711161999627 10.9375 -78.0 4.620350133111551 3
0001 0006 1711161999802 2.5625 -75.5 2.399145952253143 3
0001 0014 1711161999803 29.25 -66.5 4.847379289718626 3
0001 0007 1711161999803 0.0 -62.5 0.9572040116406401 3
0001 0005 1711161999803 0.0 -56.0 4.264466590322082 3
0001 0009 1711161999803 -29.25 -70.5 3.5833791205008576 3
0001 0015 1711161999804 -35.75 -54.0 5.50392306693368 3
0001 0010 1711161999804 55.3125 -63.0 4.528311285838413 3
0001 0011 1711161999804 -97.625 -71.5 6.092971689481767 3
0001 0013 1711161999805 -3.25 -55.0 1.9757672547967058 3
0001 0012 1711161999805 13.0 -67.0 5.092816215780329 3
0001 0004 1711161999805 71.5625 -71.0 0.32520392703175593 3
0001 0001 1711161999806 -35.75 -68.5 4.528311285838413 3
0001 0006 1711161999807 -14.625 -74.5 5.534602682691394 3
0001 0008 1711161999807 1.9375 -78.0 4.466952054322987 3
0001 0013 1711161999808 -3.25 -55.0 1.8653206380689396 3
0001 0010 1711161999808 -42.3125 -63.0 4.460816131171445 3
0001 0001 1711161999808 -3.25 -68.5 4.3503695144436785 3
0001 0015 1711161999809 -6.5 -53.5 5.399612373357457 3
0001 0005 1711161999809 -22.75 -56.0 4.356505437595221 3
0001 0007 1711161999809 -29.25 -62.0 1.368310862793992 3
0001 0009 1711161999809 -65.0625 -70.0 3.3624858870453256 3
0001 0011 1711161999810 3.25 -72.0 5.595961914206819 3
0001 0014 1711161999810 -42.3125 -67.0 4.95168998329485 3
0001 0012 1711161999810 -71.5625 -67.0 5.062136600022616 3
0001 0004 1711161999811 3.25 -72.0 0.0674951546669682 3
0001 0006 1711161999811 211.5625 -72.5 1.3744467859455345 3
0001 0008 1711161999882 33.25 -78.5 4.411728745959104 3
0001 0005 1711162000044 22.75 -56.0 4.301282129231338 3
0001 0009 1711162000044 -74.8125 -69.5 3.479068426924634 3
0001 0001 1711162000044 -3.25 -68.0 4.399456899656019 3
0001 0011 1711162000044 -22.75 -72.0 5.737088146692298 3
0001 0013 1711162000045 -19.5 -55.5 1.8162332528565992 3
0001 0007 1711162000045 16.25 -62.0 1.5707963267948966 3
0001 0015 1711162000045 -22.75 -53.0 5.399612373357457 3
0001 0014 1711162000046 0.0 -67.5 4.841243366567084 3
0001 0010 1711162000046 -6.5 -62.5 4.276738436625168 3
0001 0004 1711162000046 26.0 -72.0 6.166602767300278 3
0001 0006 1711162000047 35.75 -70.5 1.6382914814618648 3
0001 0012 1711162000047 -35.75 -67.0 4.76147636559703 3
0001 0008 1711162000047 -0.5625 -77.5 1.227184630308513 3
0001 0009 1711162000048 45.5625 -70.5 3.2029518851052186 3
0001 0015 1711162000048 -19.5 -53.0 5.399612373357457 3
0001 0005 1711162000048 0.0 -56.0 4.3933209765044765 3
0001 0007 1711162000048 39.0 -62.0 1.6444274046134073 3
0001 0004 1711162000049 26.0 -70.5 0.1349903093339364 3
0001 0012 1711162000049 -13.0 -67.0 4.583534594202296 3
0001 0010 1711162000049 -13.0 -62.5 4.252194744018997 3
0001 0013 1711162000050 3.25 -55.0 1.736466251886546 3
0001 0014 1711162000050 -42.3125 -67.0 4.9823695990525625 3
0001 0001 1711162000050 9.75 -68.5 4.417864669110647 3
0001 0011 1711162000051 -39.0 -72.5 5.626641529964532 3
0001 0006 1711162000051 156.1875 -72.0 1.2087768608538851 3
0001 0008 1711162000128 0.5625 -78.0 1.2210487071569704 3
0001 0007 1711162000292 16.25 -61.5 1.7303303287350031 3
0001 0011 1711162000292 -120.4375 -72.0 5.724816300389213 3
0001 0015 1711162000293 -13.0 -53.0 5.375068680751287 3
0001 0009 1711162000293 -97.625 -71.5 3.2213596545598464 3
0001 0013 1711162000293 9.75 -55.0 1.7916895602504288 3
0001 0005 1711162000293 -6.5 -55.5 4.442408361716817 3
0001 0014 1711162000294 -45.5625 -67.0 4.914874444385594 3
0001 0001 1711162000294 26.0 -66.5 4.338097668140593 3
0001 0012 1711162000294 -19.5 -67.5 4.663301595172349 3
0001 0010 1711162000295 19.5 -63.0 4.154019973594316 3
0001 0006 1711162000295 100.875 -73.0 1.1903690913992575 3
0001 0004 1711162000295 6.5 -68.5 0.18407769454627693 3
0001 0008 1711162000295 -29.25 -77.5 4.7307967498393175 3
0001 0014 1711162000296 3.25 -66.5 4.828971520263998 3
0001 0013 1711162000296 13.0 -55.0 1.7671458676442586 3
0001 0011 1711162000296 55.3125 -70.0 5.381204603902829 3
0001 0007 1711162000297 13.0 -61.5 1.748738098189631 3
0001 0005 1711162000297 19.5 -56.0 4.4362724385652745 3
0001 0010 1711162000297 -9.75 -63.5 4.2031073588066565 3
0001 0009 1711162000298 32.5 -70.0 3.1968159619536762 3
0001 0015 1711162000298 -32.5 -53.5 5.411884219660542 3
0001 0012 1711162000299 48.8125 -67.5 4.657165672020807 3
0001 0004 1711162000299 -9.75 -68.5 0.2761165418194154 3
0001 0001 1711162000299 -48.8125 -67.5 4.399456899656019 3
0001 0006 1711162000385 -16.4375 -75.0 4.669437518323892 3
0001 0008 1711162000385 3.9375 -77.5 1.2455923997631406 3
0001 0012 1711162000541 -65.0625 -66.5 4.841243366567084 3
0001 0010 1711162000541 19.5 -63.5 4.147884050442774 3
0001 0004 1711162000541 -52.0625 -68.5 0.4479223900626072 3
0001 0014 1711162000542 0.0 -67.5 4.73693267299086 3
0001 0015 1711162000542 16.25 -53.5 5.350524988145116 3
0001 0011 1711162000542 -192.0 -73.0 6.031612457966341 3
0001 0001 1711162000542 -13.0 -68.0 4.331961744989051 3
0001 0007 1711162000543 -35.75 -62.0 1.8960002538266525 3
0001 0013 1711162000543 -9.75 -55.0 1.9205439464328227 3
0001 0005 1711162000543 -32.5 -56.0 4.516039439535327 3
0001 0009 1711162000544 -117.125 -69.0 3.5036121195308043 3
0001 0006 1711162000544 26.0 -72.5 1.3867186322486196 3
0001 0008 1711162000544 -1.9375 -77.5 4.595806440505381 3
0001 0009 1711162000545 -130.1875 -70.0 3.6815538909255388 3
0001 0010 1711162000545 -52.0625 -63.0 4.319689898685965 3
0001 0005 1711162000545 9.75 -56.0 4.491495746929157 3
0001 0001 1711162000545 55.3125 -68.5 4.3503695144436785 3
0001 0007 1711162000546 26.0 -61.5 1.8714565612204823 3
0001 0012 1711162000546 100.875 -66.5 4.743068596142402 3
0001 0004 1711162000546 -32.5 -68.5 0.3988350048502667 3
0001 0013 1711162000547 0.0 -55.0 1.9266798695843652 3
0001 0014 1711162000547 -126.9375 -67.0 4.884194828627882 3
0001 0015 1711162000547 0.0 -53.5 5.381204603902829 3
0001 0011 1711162000548 45.5625 -72.0 5.822991070813893 3
0001 0006 1711162000548 123.6875 -72.0 1.1106020904292042 3
0001 0008 1711162000621 8.5 -77.5 1.3867186322486196 3
