0000 0014 1710232028483 -139.9375 -72.0 3.0066023442558567 16
0000 0014 1710232028490 -71.5625 -72.0 3.160000423044421 16
0000 0014 1710232028688 22.75 -72.0 2.9943304979527716 16
0000 0014 1710232028689 35.75 -72.0 3.0372819600135696 16
0000 0014 1710232028938 130.1875 -72.0 2.675262494072558 16
0000 0014 1710232028939 39.0 -72.0 2.8409324191642074 16
0000 0004 1710232029189 -27.9375 -78.0 1.4173982480063325 16
0000 0014 1710232029190 68.3125 -71.5 2.6445828783148455 16
0000 0014 1710232029191 68.3125 -71.5 2.82252464970958 16
0000 0006 1710232029192 -1.8125 -73.5 1.000155473701438 16
0000 0014 1710232029448 29.25 -72.5 2.8532042654672924 16
0000 0006 1710232029449 3.0 -74.0 4.25833066717054 16
0000 0014 1710232029450 9.75 -73.0 3.0250101137104846 16
0000 0014 1710232029451 23.5625 -74.0 6.154330920997192 16
0000 0014 1710232029452 -1.8125 -75.0 6.227961998815704 16
0000 0014 1710232029687 -14.625 -75.5 0.09203884727313846 16
0000 0014 1710232029688 -12.8125 -75.0 0.006135923151542565 16
0000 0014 1710232029938 -5.4375 -75.0 6.252505691421874 16
0000 0014 1710232029939 13.375 -75.0 6.14819499784565 16
0000 0014 1710232030197 -6.6875 -75.0 0.0859029241215959 16
0000 0014 1710232030198 1.8125 -74.5 6.270913460876501 16
0000 0014 1710232030438 -14.625 -75.0 0.09203884727313846 16
0000 0014 1710232030439 -172.5 -73.0 3.380893656499953 16
0000 0014 1710232030440 36.5625 -74.0 6.191146459906448 16
0000 0014 1710232030441 -81.375 -73.0 3.1968159619536762 16
0000 0014 1710232030688 -24.375 -74.0 6.1942144214822195 16
0000 0014 1710232030689 87.875 -71.5 2.9636508821950587 16
0000 0014 1710232030938 -45.5625 -72.5 3.2459033471660166 16
0000 0014 1710232030940 322.25 -72.0 2.5464081078901644 16
0000 0014 1710232030941 -149.6875 -73.0 3.3379421944391554 16
0000 0014 1710232031187 -100.875 -72.0 3.098641191528995 16
0000 0014 1710232031188 -22.75 -71.5 3.06182565261974 16
0000 0014 1710232031437 65.0625 -71.5 2.804116880254952 16
0000 0014 1710232031438 -100.875 -72.0 2.8532042654672924 16
0000 0004 1710232031439 1.75 -78.0 1.4603497100671303 16
0000 0014 1710232031441 52.0625 -72.5 2.7120780329818137 16
0000 0004 1710232031687 -3.875 -78.0 1.4603497100671303 16
0000 0014 1710232031688 -91.125 -73.0 3.055689729468197 16
0000 0004 1710232031689 2.125 -78.0 1.3989904785517047 16
0000 0014 1710232031938 65.0625 -73.5 2.9145634969827183 16
0000 0014 1710232031939 192.0 -74.0 2.6445828783148455 16
0000 0014 1710232031939 -104.125 -72.5 2.9759227284981438 16
0000 0014 1710232032187 221.3125 -72.0 2.6200391857086753 16
0000 0014 1710232032188 146.4375 -72.0 2.6384469551633027 16
0000 0014 1710232032437 -29.25 -72.5 3.043417883165112 16
0000 0014 1710232032438 -71.5625 -74.0 6.12365130523948 16
0000 0014 1710232032439 136.6875 -73.0 2.82252464970958 16
0000 0014 1710232032687 68.3125 -73.5 2.868544073346149 16
0000 0014 1710232032688 3.25 -72.5 2.773437264497239 16
0000 0014 1710232032936 -201.8125 -73.5 3.32567034813607 16
0000 0014 1710232032937 341.75 -72.5 2.454369260617026 16
0000 0014 1710232033187 -253.875 -72.5 3.442252888015379 16
0000 0014 1710232033188 81.375 -73.0 2.801048918679181 16
0000 0014 1710232033189 -61.8125 -71.5 3.2827188860752723 16
