0001 0004 1711610824538 -3.25 -71.5 1.141281706186917 11
0001 0001 1711610824539 -6.5 -70.5 3.2704470397721868 11
0001 0010 1711610824539 78.0625 -69.5 6.209554229361076 11
0001 0015 1711610824540 -6.5 -67.5 0.46019423636569234 11
0001 0011 1711610824541 9.125 -75.5 4.963961829597935 11
0001 0013 1711610824541 3.6875 -77.5 1.8407769454627694 11
0001 0005 1711610824542 26.0 -64.5 1.9082721001297376 11
0001 0010 1711610824542 136.6875 -69.0 5.982525072754001 11
0001 0012 1711610824542 -19.5 -64.5 0.8222137023067037 11
0001 0004 1711610824543 -68.3125 -70.5 0.9572040116406401 11
0001 0011 1711610824543 -6.5 -68.0 6.013204688511713 11
0001 0001 1711610824544 78.0625 -71.0 2.9022916506796332 11
0001 0015 1711610824544 42.3125 -63.5 4.558990901596125 11
0001 0013 1711610824544 42.3125 -68.5 0.7547185476397354 11
0001 0007 1711610824734 6.0 -77.0 0.48473792897186263 11
0001 0013 1711610824734 -84.625 -72.0 0.5338253141842031 11
0001 0011 1711610824735 -3.25 -61.0 3.5158839658338894 11
0001 0005 1711610824735 -6.5 -66.5 1.282407938672396 11
0001 0015 1711610824735 39.0 -57.5 3.1906800388021335 11
0001 0001 1711610824735 -104.125 -73.0 2.5402721847386216 11
0001 0012 1711610824736 3.25 -67.0 0.619728238305799 11
0001 0004 1711610824736 -32.5 -70.5 0.35588354278946877 11
0001 0010 1711610824736 28.4375 -72.5 1.2547962844904545 11
0001 0012 1711610824737 61.8125 -64.5 1.607611865704152 11
0001 0015 1711610824737 19.5 -58.0 1.705786636128833 11
0001 0006 1711610824737 42.3125 -69.0 4.841243366567084 11
0001 0001 1711610824738 -143.1875 -71.0 2.767301341345697 11
0001 0010 1711610824738 68.3125 -62.5 0.9817477042468103 11
0001 0011 1711610824739 35.75 -64.5 3.5711072741977725 11
0001 0004 1711610824739 2.125 -72.0 5.019185137961818 11
0001 0008 1711610824798 -3.875 -78.0 6.166602767300278 11
0001 0011 1711610824798 45.5625 -64.5 2.3746022596469727 11
0001 0015 1711610824799 9.75 -60.5 1.1719613219446299 11
0001 0010 1711610824799 -74.8125 -65.5 1.0185632431560658 11
0001 0001 1711610824799 -48.8125 -71.0 2.6875343403756435 11
0001 0008 1711610825039 1.3125 -75.0 0.5276893910326605 11
0001 0004 1711610825040 0.5625 -72.5 6.0991076126333095 11
0001 0011 1711610825040 -35.75 -58.5 3.1354567304382504 11
0001 0008 1711610825040 9.75 -69.5 4.884194828627882 11
0001 0015 1711610825041 22.75 -58.0 1.761009944492716 11
0001 0010 1711610825041 -9.75 -62.5 5.411884219660542 11
0001 0004 1711610825041 -6.5 -61.5 1.3069516312785663 11
0001 0001 1711610825041 35.75 -71.5 3.0802334220743677 11
0001 0014 1711610825042 0.25 -73.5 1.0185632431560658 11
0001 0015 1711610825042 29.25 -62.0 1.5953400194010667 11
0001 0004 1711610825042 16.25 -65.0 0.7976700097005334 11
0001 0010 1711610825044 -19.5 -60.5 4.313553975534423 11
0001 0011 1711610825044 -26.0 -58.0 4.289010282928253 11
0001 0014 1711610825045 45.5625 -69.0 4.104932588381976 11
0001 0001 1711610825045 13.0 -71.5 3.472932503773092 11
0001 0010 1711610825299 -9.75 -61.0 4.405592822807561 11
0001 0004 1711610825299 61.8125 -66.0 0.8651651643675016 11
0001 0015 1711610825300 -39.0 -61.5 1.552388557340269 11
0001 0011 1711610825300 -3.25 -57.5 4.184699589352029 11
0001 0001 1711610825300 224.5625 -73.5 3.2949907323783574 11
0001 0013 1711610825301 -5.3125 -72.0 5.982525072754001 11
0001 0014 1711610825301 -0.9375 -70.0 1.718058482431918 11
0001 0004 1711610825301 35.75 -62.0 0.9203884727313847 11
0001 0001 1711610825301 107.375 -71.5 3.4054373491061236 11
0001 0013 1711610825302 -6.5 -66.0 6.252505691421874 11
0001 0010 1711610825302 -52.0625 -62.5 0.06135923151542565 11
0001 0015 1711610825302 13.0 -62.0 1.3989904785517047 11
0001 0011 1711610825303 35.75 -60.5 3.466796580621549 11
0001 0014 1711610825303 -32.5 -64.5 4.749204519293945 11
0001 0011 1711610825538 9.75 -63.5 3.890175278077986 11
0001 0015 1711610825538 3.25 -64.0 1.5278448647340985 11
0001 0010 1711610825539 58.5625 -66.5 0.9265243958829272 11
0001 0013 1711610825539 3.25 -62.0 5.031456984264903 11
0001 0001 1711610825539 113.875 -70.0 3.067961575771282 11
0001 0009 1711610825540 -2.6875 -77.0 5.964117303299373 11
0001 0005 1711610825540 -1.75 -68.5 6.2034183062095325 11
0001 0010 1711610825540 16.25 -62.0 1.1719613219446299 11
0001 0011 1711610825541 -32.5 -62.5 3.5036121195308043 11
0001 0005 1711610825541 58.5625 -65.0 2.5832236467994196 11
0001 0015 1711610825541 48.8125 -68.5 0.619728238305799 11
0001 0001 1711610825542 -107.375 -71.5 3.4913402732277192 11
0001 0006 1711610825740 8.5 -75.5 1.0921943209745766 11
0001 0007 1711610825741 -6.6875 -68.5 0.09817477042468103 11
0001 0007 1711610825741 -16.25 -64.5 5.565282298449106 11
0001 0012 1711610825741 32.5 -68.5 6.264777537724958 11
0001 0015 1711610825742 6.5 -63.0 4.871922982324796 11
0001 0011 1711610825742 -13.0 -61.0 2.1230294104337273 11
0001 0005 1711610825742 -42.3125 -60.0 3.129320807286708 11
0001 0004 1711610825743 16.25 -66.5 0.5645049299419159 11
0001 0010 1711610825743 -205.0625 -71.5 0.7363107781851077 11
0001 0001 1711610825743 -32.5 -73.5 3.356349963893783 11
0001 0004 1711610825744 84.625 -70.0 1.8775924843720249 11
0001 0010 1711610825744 0.0 -68.0 0.7547185476397354 11
0001 0011 1711610825745 16.25 -64.5 1.5033011721279284 11
0001 0015 1711610825746 48.8125 -60.0 0.5645049299419159 11
0001 0012 1711610825746 -26.0 -64.0 1.368310862793992 11
0001 0001 1711610825746 -74.8125 -72.5 3.466796580621549 11
0001 0005 1711610825797 0.5625 -74.0 5.853670686571607 11
0001 0011 1711610826038 29.25 -68.5 2.0800779483729293 11
0001 0010 1711610826038 94.375 -70.0 0.6749515466696822 11
0001 0012 1711610826039 -35.75 -63.5 1.5707963267948966 11
0001 0004 1711610826039 117.125 -68.0 2.6261751088602177 11
0001 0005 1711610826039 175.75 -66.5 2.2457478734645786 11
0001 0001 1711610826040 -110.625 -72.0 4.2092432819582 11
0001 0015 1711610826040 -5.4375 -72.5 4.430136515413731 11
0001 0005 1711610826040 65.0625 -65.0 2.270291566070749 11
0001 0015 1711610826041 78.0625 -68.0 1.5830681730979816 11
0001 0010 1711610826041 -94.375 -70.5 0.5399612373357456 11
0001 0012 1711610826041 3.25 -65.5 1.945087639038993 11
0001 0004 1711610826042 -22.75 -70.0 2.9329712664373457 11
0001 0001 1711610826042 -175.75 -71.0 4.460816131171445 11
0001 0011 1711610826043 3.9375 -73.0 5.240078371417351 11
0001 0012 1711610826259 68.3125 -65.0 1.1167380135807468 11
0001 0005 1711610826259 -175.75 -70.5 2.6875343403756435 11
0001 0001 1711610826260 -39.0 -70.5 4.381049130201391 11
0001 0010 1711610826260 16.25 -68.5 1.0369710126106935 11
0001 0011 1711610826260 -71.5625 -67.0 2.2457478734645786 11
0001 0015 1711610826261 -29.25 -66.0 2.3316507975861747 11
0001 0004 1711610826261 48.8125 -67.5 3.0250101137104846 11
0001 0011 1711610826261 16.25 -63.5 1.9634954084936207 11
0001 0015 1711610826261 -52.0625 -69.5 5.442563835418255 11
0001 0004 1711610826262 81.375 -65.5 2.6384469551633027 11
0001 0013 1711610826262 -6.5 -70.0 1.1351457830353744 11
0001 0001 1711610826262 -3.25 -69.0 3.9760782021995817 11
0001 0012 1711610826263 -45.5625 -67.0 0.8835729338221293 11
0001 0010 1711610826263 -26.0 -68.5 0.6258641614573416 11
0001 0005 1711610826263 0.5625 -68.5 2.325514874434632 11
0001 0007 1711610826264 8.5 -77.5 4.963961829597935 11
0001 0015 1711610826456 9.75 -58.5 3.153864499892878 11
0001 0011 1711610826456 0.0 -58.5 5.209398755659637 11
0001 0006 1711610826457 117.125 -73.5 0.8713010875190442 11
0001 0010 1711610826457 22.75 -69.0 2.018718716857504 11
0001 0005 1711610826457 22.75 -63.0 3.7122335066832517 11
0001 0004 1711610826458 97.625 -67.0 1.6689710972195777 11
0001 0001 1711610826458 -68.3125 -71.0 3.730641276137879 11
0001 0013 1711610826459 -6.0625 -77.0 4.614214209960009 11
0001 0002 1711610826459 27.4375 -77.5 5.859806609723149 11
0001 0012 1711610826460 16.4375 -73.0 5.829126993965437 11
0001 0009 1711610826460 -7.0 -79.0 0.25770877236478773 11
0001 0011 1711610826460 -13.0 -59.0 4.04357335686655 11
0001 0015 1711610826460 -74.8125 -65.0 0.9081166264282996 11
0001 0010 1711610826461 32.5 -62.5 1.8162332528565992 11
0001 0004 1711610826461 -3.25 -66.0 2.724349879284899 11
0001 0001 1711610826461 91.125 -70.0 3.552699504743145 11
0001 0012 1711610826538 -8.5 -77.5 0.4111068511533518 11
0001 0014 1711610826786 -61.8125 -62.5 4.804427827657828 11
0001 0015 1711610826787 0.0 -59.0 1.7916895602504288 11
0001 0004 1711610826787 100.875 -70.0 3.730641276137879 11
0001 0008 1711610826787 -9.75 -72.0 5.111223985234957 11
0001 0011 1711610826788 29.25 -62.0 3.792000507653305 11
0001 0010 1711610826788 9.75 -63.0 0.7853981633974483 11
0001 0001 1711610826788 -68.3125 -70.0 3.706097583531709 11
0001 0015 1711610826788 13.0 -59.5 2.0493983326152168 11
0001 0001 1711610826789 -74.8125 -71.0 3.8963112012295285 11
0001 0011 1711610826789 9.75 -56.5 4.405592822807561 11
0001 0004 1711610826789 -58.5625 -67.0 2.0493983326152168 11
0001 0010 1711610826790 3.25 -61.5 5.675728915176872 11
0001 0014 1711610826791 -2.4375 -69.0 5.098952138931871 11
0001 0004 1711610826791 -110.625 -70.0 2.791845033951867 11
0001 0010 1711610826791 -42.3125 -61.0 4.970097752749477 11
0001 0011 1711610826791 -6.5 -59.0 5.123495831538041 11
0001 0015 1711610826792 22.75 -60.5 1.214912784005428 11
0001 0014 1711610826792 -13.0 -67.0 5.056000676871073 11
0001 0013 1711610826792 29.25 -68.0 1.0062913968529805 11
0001 0001 1711610826793 78.0625 -71.0 3.442252888015379 11
0001 0015 1711610827049 -32.5 -63.0 1.043106935762236 11
0001 0011 1711610827049 13.0 -56.5 4.184699589352029 11
0001 0004 1711610827049 -71.5625 -65.5 1.9819031779482483 11
0001 0013 1711610827050 -52.0625 -67.0 5.8475347634200645 11
0001 0010 1711610827050 -19.5 -62.5 5.859806609723149 11
0001 0001 1711610827050 -84.625 -72.0 3.3747577333484107 11
0001 0014 1711610827051 -2.875 -70.5 5.841398840268521 11
0001 0013 1711610827051 -35.75 -67.0 6.227961998815704 11
0001 0011 1711610827051 -42.3125 -61.5 4.276738436625168 11
0001 0010 1711610827052 35.75 -64.0 0.7547185476397354 11
0001 0015 1711610827052 -6.5 -63.5 1.239456476611598 11
0001 0004 1711610827052 45.5625 -68.0 1.9819031779482483 11
0001 0001 1711610827052 71.5625 -69.0 2.767301341345697 11
0001 0012 1711610827300 -3.9375 -75.0 4.853515212870168 11
0001 0001 1711610827300 52.0625 -69.5 2.509592568980909 11
0001 0010 1711610827300 52.0625 -65.5 1.2333205534600555 11
0001 0015 1711610827301 16.25 -62.5 1.1965050145508 11
0001 0013 1711610827301 -52.0625 -63.0 4.95168998329485 11
0001 0005 1711610827301 -32.5 -67.0 3.5895150436524004 11
0001 0011 1711610827302 22.75 -64.5 3.6754179677739964 11
0001 0006 1711610827302 -5.9375 -77.0 1.552388557340269 11
0001 0015 1711610827302 26.0 -65.0 0.7669903939428205 11
0001 0010 1711610827303 -16.25 -67.5 1.214912784005428 11
0001 0011 1711610827303 -19.5 -62.0 2.5586799541932495 11
0001 0005 1711610827303 -91.125 -66.5 0.12885438618239387 11
0001 0001 1711610827304 52.0625 -70.5 2.7979809571034093 11
0001 0007 1711610827304 -2.4375 -69.5 4.878058905476339 11
0001 0001 1711610827539 22.75 -71.5 3.0495538063166547 11
0001 0007 1711610827539 22.75 -67.0 0.21475731030398976 11
0001 0011 1711610827540 22.75 -67.5 0.6504078540635119 11
0001 0012 1711610827540 -42.3125 -70.0 5.64504929941916 11
0001 0015 1711610827540 -19.5 -63.5 5.780039608753096 11
0001 0010 1711610827541 -100.875 -70.0 0.7731263170943632 11
0001 0004 1711610827541 -107.375 -68.5 1.7303303287350031 11
0001 0005 1711610827541 -22.75 -62.0 1.5401167110371838 11
0001 0011 1711610827542 22.75 -69.0 0.3865631585471816 11
0001 0010 1711610827542 130.1875 -67.0 1.0921943209745766 11
0001 0015 1711610827542 3.25 -59.5 0.8528933180644165 11
0001 0012 1711610827542 -19.5 -65.0 0.9694758579437253 11
0001 0004 1711610827543 91.125 -72.0 1.9880391010997909 11
0001 0001 1711610827543 35.75 -68.5 3.6570101983193686 11
0001 0005 1711610827543 -19.5 -69.5 2.718213956133356 11
0001 0007 1711610827699 -1.5625 -73.5 4.822835597112456 11
0001 0004 1711610827699 107.375 -71.5 2.60776733940559 11
0001 0010 1711610827699 -26.0 -70.0 0.859029241215959 11
0001 0001 1711610827699 -61.8125 -70.0 3.834951969714103 11
0001 0005 1711610827700 -9.75 -64.0 1.932815792735908 11
0001 0012 1711610827700 58.5625 -66.5 1.2517283229146832 11
0001 0007 1711610827700 26.0 -70.0 4.473087977474529 11
0001 0009 1711610827701 4.5625 -77.5 5.111223985234957 11
0001 0011 1711610827701 1.4375 -78.0 5.540738605842936 11
0001 0001 1711610827701 45.5625 -69.5 3.6201946594101133 11
0001 0004 1711610827702 48.8125 -71.0 2.773437264497239 11
0001 0012 1711610827702 26.0 -66.5 1.2026409377023426 11
0001 0005 1711610827702 19.5 -64.0 1.6382914814618648 11
0001 0015 1711610827703 -29.25 -72.5 3.2459033471660166 11
0001 0010 1711610827703 94.375 -69.5 0.8099418560036186 11
0001 0009 1711610827703 -74.8125 -74.5 2.36846633649543 11
0001 0011 1711610827704 120.4375 -75.0 5.399612373357457 11
0001 0009 1711610827800 7.3125 -74.0 2.3071071049800045 11
0001 0013 1711610827800 -25.625 -76.0 5.056000676871073 11
0001 0013 1711610827999 -58.5625 -70.0 2.386874105950058 11
0001 0004 1711610827999 149.6875 -68.5 2.337786720737717 11
0001 0001 1711610827999 55.3125 -69.0 3.4054373491061236 11
0001 0012 1711610827999 19.5 -67.0 0.9940195505498954 11
0001 0010 1711610828000 -91.125 -67.5 1.012427320004523 11
0001 0011 1711610828000 32.5 -63.0 0.5460971604872883 11
0001 0015 1711610828000 100.875 -68.5 5.258486140871978 11
0001 0005 1711610828001 0.5625 -71.0 3.9085830475326135 11
0001 0001 1711610828001 22.75 -71.0 3.215223731408304 11
0001 0011 1711610828001 -22.75 -60.0 4.577398671050753 11
0001 0015 1711610828001 0.0 -58.5 3.80427235395639 11
0001 0004 1711610828002 16.25 -68.0 1.607611865704152 11
0001 0010 1711610828002 -35.75 -69.5 1.718058482431918 11
0001 0005 1711610828003 -22.75 -60.0 1.846912868614312 11
0001 0012 1711610828003 195.25 -70.0 0.44178646691106466 11
0001 0006 1711610828003 -0.875 -72.0 6.154330920997192 11
0001 0009 1711610828004 -4.5625 -77.0 4.172427743048944 11
0001 0001 1711610828280 42.3125 -70.0 3.184544115650591 11
0001 0015 1711610828280 -35.75 -63.5 1.6505633277649499 11
0001 0009 1711610828280 13.0 -72.5 3.9822141253511245 11
0001 0011 1711610828281 0.0 -61.5 3.2827188860752723 11
0001 0010 1711610828281 19.5 -61.0 0.7731263170943632 11
0001 0006 1711610828281 -52.0625 -65.0 5.737088146692298 11
0001 0004 1711610828282 55.3125 -66.0 3.160000423044421 11
0001 0005 1711610828282 30.0625 -71.5 5.7094764925103565 11
0001 0011 1711610828282 29.25 -61.0 4.111068511533518 11
0001 0010 1711610828283 71.5625 -65.5 1.41126232485479 11
0001 0001 1711610828283 52.0625 -69.5 3.3502140407422405 11
0001 0015 1711610828283 3.25 -59.5 2.030990563160589 11
0001 0004 1711610828283 120.4375 -69.5 0.11044661672776616 11
0001 0008 1711610828284 -121.25 -73.0 4.295146206079795 11
0001 0014 1711610828284 -3.25 -69.5 0.8651651643675016 11
0001 0010 1711610828284 32.5 -64.0 0.6135923151542565 11
0001 0011 1711610828285 -3.25 -57.0 4.196971435655114 11
0001 0001 1711610828285 -113.875 -69.5 3.7981364308048478 11
0001 0015 1711610828285 22.75 -58.0 2.3071071049800045 11
0001 0004 1711610828286 65.0625 -62.0 1.736466251886546 11
0001 0014 1711610828539 -2.4375 -72.0 1.7978254834019713 11
0001 0004 1711610828539 61.8125 -67.0 1.552388557340269 11
0001 0015 1711610828539 -22.75 -61.5 1.4419419406125027 11
0001 0001 1711610828540 -100.875 -71.5 3.448388811166921 11
0001 0010 1711610828540 -19.5 -62.0 5.921165841238575 11
0001 0011 1711610828540 13.0 -56.5 5.037592907416445 11
0001 0014 1711610828540 -68.3125 -67.0 5.080544369477243 11
0001 0013 1711610828541 0.0 -72.0 3.5895150436524004 11
0001 0004 1711610828541 55.3125 -69.5 1.6444274046134073 11
0001 0015 1711610828541 52.0625 -60.5 1.3069516312785663 11
0001 0011 1711610828542 -26.0 -56.0 5.086680292628786 11
0001 0014 1711610828543 -182.25 -69.5 5.154175447295755 11
0001 0010 1711610828543 6.5 -62.0 5.651185222570702 11
0001 0001 1711610828543 -19.5 -73.0 3.423845118560751 11
0001 0013 1711610828544 -97.625 -69.5 0.2699806186678728 11
0001 0001 1711610828799 -78.0625 -70.5 3.423845118560751 11
0001 0015 1711610828799 16.25 -61.5 1.705786636128833 11
0001 0004 1711610828799 16.25 -63.0 1.2946797849754812 11
0001 0013 1711610828800 74.8125 -67.0 5.436427912266712 11
0001 0010 1711610828800 42.3125 -63.5 0.42337869745643697 11
0001 0011 1711610828800 0.0 -58.0 4.221515128261284 11
0001 0004 1711610828800 -6.5 -67.5 2.0493983326152168 11
0001 0015 1711610828801 19.5 -62.0 1.3744467859455345 11
0001 0010 1711610828801 48.8125 -64.5 0.9878836273983529 11
0001 0001 1711610828801 3.25 -70.5 2.791845033951867 11
0001 0013 1711610828802 -19.5 -63.0 5.4671075280244255 11
0001 0011 1711610828802 -26.0 -63.5 4.381049130201391 11
0001 0012 1711610828802 7.3125 -72.0 0.7547185476397354 11
0001 0010 1711610828968 81.375 -64.5 1.1903690913992575 11
0001 0013 1711610828968 55.3125 -64.0 4.473087977474529 11
0001 0015 1711610828969 0.0 -63.0 1.2946797849754812 11
0001 0005 1711610828969 -61.8125 -66.0 3.098641191528995 11
0001 0011 1711610828969 13.0 -63.0 3.2643111166206444 11
0001 0001 1711610828970 234.3125 -71.5 2.5341362615870793 11
0001 0006 1711610828970 31.6875 -75.0 6.280117345603815 11
0001 0007 1711610828970 -3.625 -66.0 1.2640001692177683 11
0001 0004 1711610828970 0.8125 -73.0 2.9206994201342606 11
0001 0012 1711610828971 4.5625 -74.5 1.705786636128833 11
0001 0015 1711610828971 -48.8125 -65.0 2.380738182798515 11
0001 0005 1711610828971 0.0 -58.5 2.9084275738311756 11
0001 0004 1711610828972 -48.8125 -70.0 6.2034183062095325 11
0001 0010 1711610828972 -58.5625 -70.0 1.6137477888556946 11
0001 0011 1711610828972 -42.3125 -66.5 1.337631247036279 11
0001 0007 1711610828973 -156.1875 -69.0 3.736777199289422 11
0001 0012 1711610828973 29.25 -72.0 5.006913291658733 11
0001 0001 1711610828973 29.25 -71.5 3.104777114680538 11
0001 0004 1711610829243 192.0 -71.0 0.5276893910326605 11
0001 0007 1711610829243 -61.8125 -68.0 3.9576704327449543 11
0001 0011 1711610829243 -48.8125 -68.5 0.6504078540635119 11
0001 0012 1711610829244 13.0 -67.5 0.030679615757712823 11
0001 0010 1711610829244 45.5625 -67.0 0.46019423636569234 11
0001 0001 1711610829244 19.5 -68.5 3.32567034813607 11
0001 0015 1711610829245 -8.5 -73.0 5.780039608753096 11
0001 0005 1711610829245 -1.1875 -72.0 5.939573610693203 11
0001 0004 1711610829245 -3.25 -70.0 2.043262409463674 11
0001 0001 1711610829246 -65.0625 -71.0 3.761320891895592 11
0001 0015 1711610829246 16.25 -58.5 1.4051264017032472 11
0001 0005 1711610829246 -9.75 -63.0 1.9573594853420782 11
0001 0010 1711610829247 -22.75 -66.5 1.0369710126106935 11
0001 0012 1711610829247 0.0 -64.5 0.5767767762450011 11
0001 0007 1711610829248 0.0 -71.0 4.902602598082509 11
0001 0011 1711610829248 -4.375 -76.0 5.706408530934585 11
