0001 0010 1711610798639 35.75 -62.5 2.36846633649543 11
0001 0006 1711610798659 -29.25 -68.0 3.5158839658338894 11
0001 0014 1711610798659 -13.0 -63.0 5.062136600022616 11
0001 0005 1711610798660 201.8125 -71.0 5.976389149602458 11
0001 0004 1711610798660 -123.6875 -68.0 1.662835174068035 11
0001 0015 1711610798661 16.25 -64.0 2.6384469551633027 11
0001 0011 1711610798661 -48.8125 -66.0 4.908738521234052 11
0001 0001 1711610798662 -192.0 -70.0 4.313553975534423 11
0001 0008 1711610798662 123.6875 -72.0 5.344389064993574 11
0001 0015 1711610798663 -29.25 -60.5 3.9822141253511245 11
0001 0004 1711610798663 -39.0 -64.0 5.927301764390117 11
0001 0014 1711610798664 -32.5 -70.0 5.3198453723874035 11
0001 0010 1711610798664 68.3125 -60.5 0.5092816215780329 11
0001 0008 1711610798665 29.25 -70.0 0.8897088569736719 11
0001 0011 1711610798665 6.5 -60.5 0.03681553890925539 11
0001 0001 1711610798665 18.6875 -73.5 4.1601558967458585 11
0001 0013 1711610798718 39.0 -63.0 2.9820586516496865 11
0001 0010 1711610798719 -13.0 -59.0 0.1902136176978195 11
0001 0015 1711610798720 -35.75 -61.0 3.5833791205008576 11
0001 0014 1711610798722 13.0 -65.0 5.6573211457222445 11
0001 0011 1711610798723 45.5625 -62.0 0.9694758579437253 11
0001 0001 1711610798945 15.8125 -75.5 4.154019973594316 11
0001 0004 1711610798946 -6.0 -75.0 4.994641445355648 11
0001 0001 1711610798947 -250.625 -72.5 4.651029748869264 11
0001 0010 1711610798948 35.75 -61.0 0.619728238305799 11
0001 0011 1711610798949 19.5 -59.0 0.7424467013366504 11
0001 0014 1711610798950 -9.75 -67.0 5.884350302329319 11
0001 0013 1711610798953 81.375 -66.0 2.6691265709210157 11
0001 0015 1711610798954 29.25 -63.0 2.8838838812250054 11
0001 0004 1711610798955 12.8125 -74.0 4.3503695144436785 11
0001 0014 1711610798957 -84.625 -64.5 6.019340611663256 11
0001 0010 1711610798958 -16.25 -61.0 1.9512235621905356 11
0001 0015 1711610798959 -22.75 -61.0 2.8777479580734626 11
0001 0004 1711610798960 156.1875 -68.0 4.516039439535327 11
0001 0013 1711610798961 29.25 -66.0 1.5278448647340985 11
0001 0011 1711610798962 6.5 -67.0 0.4295146206079795 11
0001 0001 1711610798963 -78.0625 -70.5 4.331961744989051 11
0001 0008 1711610799197 -10.375 -72.5 1.184233168247715 11
0001 0012 1711610799198 -0.9375 -75.5 5.0682725231741586 11
0001 0011 1711610799199 68.3125 -67.0 4.871922982324796 11
0001 0010 1711610799200 65.0625 -66.0 2.184388641949153 11
0001 0005 1711610799201 -9.75 -67.0 0.19634954084936207 11
0001 0014 1711610799202 26.0 -64.5 0.9081166264282996 11
0001 0015 1711610799203 -26.0 -62.5 2.9022916506796332 11
0001 0001 1711610799204 58.5625 -69.5 3.749049045592507 11
0001 0013 1711610799205 6.5 -67.0 0.4111068511533518 11
0001 0004 1711610799206 -136.6875 -69.5 6.14819499784565 11
0001 0009 1711610799207 -18.25 -75.0 4.681709364626977 11
0001 0004 1711610799208 -3.375 -71.5 4.080388895775806 11
0001 0007 1711610799212 -2.3125 -70.0 0.3865631585471816 11
0001 0006 1711610799212 3.25 -74.0 5.283029833478148 11
0001 0015 1711610799213 -74.8125 -66.5 3.8963112012295285 11
0001 0009 1711610799214 16.25 -69.0 4.693981210930062 11
0001 0001 1711610799215 16.25 -69.0 3.1784081924990484 11
0001 0005 1711610799216 97.625 -65.0 0.3129320807286708 11
0001 0011 1711610799217 6.5 -59.5 3.0802334220743677 11
0001 0006 1711610799218 -3.25 -72.5 5.93343768754166 11
0001 0010 1711610799219 3.25 -66.5 1.859184714917397 11
0001 0007 1711610799220 28.4375 -72.5 0.4111068511533518 11
0001 0004 1711610799461 3.0 -76.5 0.07976700097005335 11
0001 0013 1711610799462 3.6875 -77.5 1.3928545554001621 11
0001 0010 1711610799463 48.8125 -67.5 0.9756117810952678 11
0001 0011 1711610799464 97.625 -67.0 1.718058482431918 11
0001 0015 1711610799465 117.125 -65.5 0.5829126993965437 11
0001 0007 1711610799466 -78.0625 -67.0 0.4540583132141498 11
0001 0005 1711610799467 81.375 -65.0 6.074563920027139 11
0001 0001 1711610799467 22.75 -68.5 3.485204350076177 11
0001 0009 1711610799468 2.4375 -73.0 6.034680419542112 11
0001 0012 1711610799469 1.1875 -73.5 0.17794177139473438 11
0001 0004 1711610799470 1.9375 -76.0 0.25157284921324513 11
0001 0007 1711610799471 65.0625 -66.0 2.9820586516496865 11
0001 0001 1711610799473 -13.0 -69.0 3.6201946594101133 11
0001 0010 1711610799473 68.3125 -67.0 1.0921943209745766 11
0001 0005 1711610799474 -61.8125 -64.5 5.491651220630596 11
0001 0004 1711610799475 120.4375 -71.0 3.650874275167826 11
0001 0014 1711610799476 -319.0 -70.5 4.743068596142402 11
0001 0015 1711610799711 10.375 -69.0 1.8653206380689396 11
0001 0011 1711610799712 -5.4375 -75.5 0.36815538909255385 11
0001 0002 1711610799712 1.1875 -74.0 1.4971652489763858 11
0001 0005 1711610799713 9.75 -64.5 5.393476450205914 11
0001 0010 1711610799714 -3.25 -66.0 1.2026409377023426 11
0001 0007 1711610799715 -42.3125 -66.5 2.4911847995262812 11
0001 0014 1711610799716 -107.375 -71.0 4.442408361716817 11
0001 0015 1711610799717 172.5 -70.0 1.2885438618239387 11
0001 0004 1711610799718 26.0 -70.0 3.8288160465625602 11
0001 0001 1711610799719 22.75 -68.0 3.423845118560751 11
0001 0009 1711610799719 -29.25 -71.0 3.147728576741336 11
0001 0011 1711610799720 133.4375 -72.5 5.921165841238575 11
0001 0002 1711610799721 -3.0 -73.5 1.521708941582556 11
0001 0011 1711610799722 26.0 -66.0 0.5460971604872883 11
0001 0012 1711610799724 35.75 -72.5 0.4540583132141498 11
0001 0004 1711610799724 100.875 -69.0 3.6386024288647407 11
0001 0001 1711610799725 35.75 -68.0 3.1661363461959633 11
0001 0015 1711610799726 58.5625 -62.5 1.4358060174609601 11
0001 0005 1711610799727 -3.25 -63.0 5.473243451175968 11
0001 0010 1711610799728 13.0 -66.0 1.4051264017032472 11
0001 0006 1711610799966 -19.5 -77.5 0.7117670855789375 11
0001 0002 1711610799967 3.9375 -73.5 4.485359823777615 11
0001 0005 1711610799967 71.5625 -64.5 5.522330836388308 11
0001 0004 1711610799968 0.0 -71.0 3.865631585471816 11
0001 0011 1711610799969 -6.5 -60.0 2.6998061866787286 11
0001 0010 1711610799970 149.6875 -70.0 0.9940195505498954 11
0001 0001 1711610799971 -152.9375 -68.0 3.000466421104314 11
0001 0015 1711610799971 6.5 -56.0 5.049864753719531 11
0001 0002 1711610799972 5.4375 -75.0 0.5522330836388308 11
0001 0009 1711610799973 -3.0 -72.0 2.061670178918302 11
0001 0012 1711610799974 -1.8125 -68.5 5.0682725231741586 11
0001 0006 1711610799974 -10.9375 -74.5 4.221515128261284 11
0001 0005 1711610799975 -6.5 -63.5 5.798447378207723 11
0001 0009 1711610799976 -123.6875 -69.5 4.7307967498393175 11
0001 0015 1711610799977 117.125 -64.0 2.2641556429192065 11
0001 0004 1711610799977 61.8125 -70.0 3.5342917352885173 11
0001 0012 1711610799978 -68.3125 -68.5 4.4362724385652745 11
0001 0011 1711610799979 0.0 -60.5 3.865631585471816 11
0001 0006 1711610799980 9.75 -62.0 0.21475731030398976 11
0001 0010 1711610799980 -9.75 -62.0 2.3009711818284617 11
0001 0001 1711610799981 9.75 -69.0 2.730485802436441 11
0001 0010 1711610800219 6.5 -65.0 2.2027964114037806 11
0001 0015 1711610800219 58.5625 -62.5 1.0246991663076084 11
0001 0004 1711610800220 94.375 -67.0 1.1658253987930873 11
0001 0011 1711610800221 -48.8125 -62.0 3.466796580621549 11
0001 0001 1711610800222 -185.5 -67.5 3.718369429834794 11
0001 0014 1711610800223 32.5 -65.0 4.28287435977671 11
0001 0013 1711610800223 11.5625 -75.0 0.44178646691106466 11
0001 0008 1711610800225 4.875 -74.5 4.859651136021712 11
0001 0011 1711610800226 -55.3125 -58.0 4.405592822807561 11
0001 0001 1711610800227 -61.8125 -70.5 3.77972866135022 11
0001 0015 1711610800228 26.0 -62.0 2.110757564130642 11
0001 0008 1711610800228 -173.3125 -71.0 0.28838838812250056 11
0001 0004 1711610800229 -39.0 -66.5 4.061981126321178 11
0001 0010 1711610800230 -19.5 -61.0 0.3988350048502667 11
0001 0014 1711610800231 -100.875 -66.5 5.724816300389213 11
0001 0014 1711610800479 -32.5 -63.5 5.994796919057086 11
0001 0013 1711610800479 42.3125 -68.5 0.9940195505498954 11
0001 0010 1711610800480 -13.0 -59.0 5.841398840268521 11
0001 0015 1711610800481 42.3125 -62.5 1.6505633277649499 11
0001 0011 1711610800481 -6.5 -61.5 5.841398840268521 11
0001 0001 1711610800482 -39.0 -71.0 3.693825737228624 11
0001 0004 1711610800483 7.875 -74.0 6.0991076126333095 11
0001 0004 1711610800483 -52.0625 -71.5 3.380893656499953 11
0001 0011 1711610800484 0.0 -58.0 5.816855147662351 11
0001 0010 1711610800485 -3.25 -58.0 6.031612457966341 11
0001 0015 1711610800485 19.5 -62.0 1.718058482431918 11
0001 0001 1711610800486 -224.5625 -70.5 4.074252972624263 11
0001 0014 1711610800685 0.25 -70.5 0.2638446955163303 11
0001 0011 1711610800685 19.5 -61.0 5.160311370447297 11
0001 0010 1711610800686 16.25 -60.5 0.8774370106705868 11
0001 0014 1711610800687 -29.25 -68.0 3.2704470397721868 11
0001 0015 1711610800688 -16.25 -61.5 1.932815792735908 11
0001 0013 1711610800688 22.75 -69.0 0.4479223900626072 11
0001 0004 1711610800689 55.3125 -69.0 3.6386024288647407 11
0001 0001 1711610800689 9.75 -70.5 3.847223816017188 11
0001 0008 1711610800690 -3.1875 -74.0 0.5092816215780329 11
0001 0012 1711610800691 -3.0 -77.0 4.196971435655114 11
0001 0005 1711610800691 -4.6875 -76.0 2.773437264497239 11
0001 0010 1711610800692 9.75 -66.5 1.7241944055834606 11
0001 0012 1711610800694 -55.3125 -72.0 1.718058482431918 11
0001 0011 1711610800694 6.5 -65.5 4.6878452877785195 11
0001 0004 1711610800695 -205.0625 -71.5 5.583690067903734 11
0001 0005 1711610800696 55.3125 -71.5 5.436427912266712 11
0001 0001 1711610800696 -146.4375 -69.0 3.2949907323783574 11
0001 0013 1711610800697 26.0 -69.5 5.608233760509904 11
0001 0015 1711610800698 -16.25 -62.0 2.098485717827557 11
0001 0014 1711610800717 -0.5625 -69.0 0.760854470791278 11
0001 0015 1711610800968 -58.5625 -63.5 1.8223691760081417 11
0001 0006 1711610800969 100.875 -72.0 4.503767593232243 11
0001 0010 1711610800970 26.0 -64.0 1.576932249946439 11
0001 0001 1711610800971 -61.8125 -66.5 2.9268353432858034 11
0001 0005 1711610800971 -3.25 -67.5 1.1167380135807468 11
0001 0011 1711610800972 -55.3125 -59.0 3.552699504743145 11
0001 0009 1711610800973 6.6875 -77.0 2.4850488763747385 11
0001 0004 1711610800973 -3.9375 -78.0 5.418020142812084 11
0001 0005 1711610800974 65.0625 -65.0 1.8100973297050567 11
0001 0011 1711610800975 -22.75 -67.5 1.1596894756415448 11
0001 0007 1711610800975 16.25 -65.0 1.932815792735908 11
0001 0010 1711610800976 42.3125 -67.5 0.34974761963792617 11
0001 0001 1711610800977 -22.75 -68.0 2.4911847995262812 11
0001 0004 1711610800978 292.9375 -73.0 1.1351457830353744 11
0001 0015 1711610801230 0.0 -63.0 0.11658253987930872 11
0001 0009 1711610801230 2.125 -76.0 5.375068680751287 11
0001 0001 1711610801231 -13.0 -68.5 2.730485802436441 11
0001 0007 1711610801231 -87.875 -69.0 2.736621725587984 11
0001 0005 1711610801232 -45.5625 -64.0 5.197126909356553 11
0001 0015 1711610801233 3.25 -61.5 1.227184630308513 11
0001 0010 1711610801233 -13.0 -68.0 1.030835089459151 11
0001 0009 1711610801234 97.625 -71.0 2.748893571891069 11
0001 0004 1711610801235 15.25 -78.5 1.6260196351587797 11
0001 0014 1711610801235 -6.8125 -76.5 0.1718058482431918 11
0001 0005 1711610801236 78.0625 -69.0 5.227806525114265 11
0001 0010 1711610801237 -71.5625 -67.5 0.8774370106705868 11
0001 0001 1711610801251 322.25 -69.5 1.8960002538266525 11
0001 0004 1711610801252 0.0 -77.0 4.890330751779424 11
0001 0015 1711610801441 -1.5 -72.5 4.454680208019902 11
0001 0007 1711610801442 5.1875 -74.0 4.914874444385594 11
0001 0011 1711610801442 13.0 -64.0 0.9817477042468103 11
0001 0005 1711610801443 -74.8125 -67.0 5.197126909356553 11
0001 0015 1711610801444 0.0 -61.0 6.14819499784565 11
0001 0001 1711610801444 211.5625 -67.5 2.1782527187976104 11
0001 0010 1711610801445 39.0 -64.0 0.7301748550335652 11
0001 0004 1711610801445 -1.8125 -76.5 1.4910293258248433 11
0001 0002 1711610801446 2.875 -75.0 0.3620194659410113 11
0001 0004 1711610801447 -52.0625 -71.5 1.748738098189631 11
0001 0011 1711610801447 9.75 -59.0 2.650718801466388 11
0001 0006 1711610801448 -130.1875 -70.5 0.5031456984264903 11
0001 0001 1711610801449 68.3125 -66.5 1.9819031779482483 11
0001 0015 1711610801449 6.5 -59.5 4.546719055293041 11
0001 0005 1711610801450 -16.25 -62.0 5.154175447295755 11
0001 0010 1711610801451 -81.375 -69.0 0.6381360077604268 11
0001 0002 1711610801467 -9.125 -73.5 0.11658253987930872 11
0001 0009 1711610801717 -2.6875 -76.0 0.12885438618239387 11
0001 0001 1711610801717 87.875 -69.0 1.7548740213411735 11
0001 0011 1711610801718 0.0 -60.0 3.1906800388021335 11
0001 0015 1711610801719 100.875 -62.5 1.6566992509164924 11
0001 0005 1711610801719 16.25 -68.5 3.693825737228624 11
0001 0010 1711610801720 -74.8125 -69.5 1.214912784005428 11
0001 0006 1711610801721 23.5625 -70.0 0.17794177139473438 11
0001 0004 1711610801721 -1.8125 -68.0 5.737088146692298 11
0001 0008 1711610801722 10.0625 -79.5 5.835262917116979 11
0001 0006 1711610801722 -22.75 -65.0 2.650718801466388 11
0001 0010 1711610801723 -32.5 -63.5 0.760854470791278 11
0001 0015 1711610801724 78.0625 -65.5 0.32520392703175593 11
0001 0011 1711610801725 6.5 -60.5 2.172116795646068 11
0001 0001 1711610801726 0.0 -69.0 1.662835174068035 11
0001 0008 1711610801726 21.9375 -75.0 5.964117303299373 11
0001 0004 1711610801727 -1.8125 -74.0 1.8960002538266525 11
0001 0001 1711610801968 253.875 -71.0 1.3560390164909069 11
0001 0010 1711610801968 -84.625 -64.0 6.129787228391022 11
0001 0013 1711610801969 -100.875 -68.5 3.6386024288647407 11
0001 0011 1711610801969 -19.5 -59.0 2.282563412373834 11
0001 0015 1711610801970 0.0 -62.0 1.6751070203711202 11
0001 0004 1711610801971 22.75 -65.5 2.9084275738311756 11
0001 0008 1711610801971 19.5 -70.5 4.190835512503572 11
0001 0014 1711610801972 -1.5 -73.5 2.073942025221387 11
0001 0013 1711610801973 58.5625 -66.5 6.178874613603362 11
0001 0015 1711610801974 22.75 -61.0 0.9326603190344698 11
0001 0010 1711610801974 -74.8125 -61.0 4.828971520263998 11
0001 0011 1711610801975 0.0 -60.5 4.061981126321178 11
0001 0014 1711610801976 -87.875 -69.5 4.994641445355648 11
0001 0001 1711610801977 100.875 -72.0 1.3989904785517047 11
0001 0011 1711610802218 -9.75 -62.0 4.356505437595221 11
0001 0010 1711610802218 -65.0625 -61.0 4.608078286808466 11
0001 0013 1711610802220 68.3125 -64.5 0.3436116964863836 11
0001 0001 1711610802220 136.6875 -71.0 1.521708941582556 11
0001 0015 1711610802221 32.5 -62.0 0.8835729338221293 11
0001 0011 1711610802222 -26.0 -58.0 3.018874190558942 11
0001 0015 1711610802222 91.125 -65.5 0.8774370106705868 11
0001 0013 1711610802223 48.8125 -66.5 5.154175447295755 11
0001 0010 1711610802224 -3.25 -63.0 5.381204603902829 11
0001 0001 1711610802225 227.8125 -70.5 1.337631247036279 11
0001 0008 1711610802226 1.1875 -72.5 4.368777283898306 11
0001 0004 1711610802426 3.125 -72.5 4.957825906446392 11
0001 0004 1711610802427 -39.0 -67.0 2.086213871524472 11
0001 0015 1711610802428 100.875 -66.5 0.3865631585471816 11
0001 0001 1711610802428 71.5625 -69.5 1.6014759425526093 11
0001 0010 1711610802429 9.75 -65.0 6.252505691421874 11
0001 0011 1711610802430 26.0 -62.5 2.6200391857086753 11
0001 0013 1711610802430 16.25 -66.5 4.381049130201391 11
0001 0008 1711610802431 0.5625 -76.0 0.30679615757712825 11
0001 0005 1711610802431 -6.0625 -76.0 1.0185632431560658 11
0001 0013 1711610802432 -201.8125 -69.0 4.2092432819582 11
0001 0001 1711610802432 -45.5625 -68.5 1.6014759425526093 11
0001 0011 1711610802433 65.0625 -66.0 1.3744467859455345 11
0001 0015 1711610802434 22.75 -67.0 0.8774370106705868 11
0001 0010 1711610802435 -39.0 -66.5 0.3436116964863836 11
0001 0004 1711610802435 24.375 -72.0 0.9387962421860124 11
0001 0005 1711610802436 -1.8125 -73.5 0.6504078540635119 11
0001 0005 1711610802614 -55.3125 -62.5 4.295146206079795 11
0001 0001 1711610802614 3.25 -69.5 1.3499030933393643 11
0001 0011 1711610802615 -16.25 -66.0 6.007068765360171 11
0001 0010 1711610802616 13.0 -70.5 6.252505691421874 11
0001 0015 1711610802616 42.3125 -66.5 2.6200391857086753 11
0001 0007 1711610802617 -45.5625 -67.0 1.5155730184310134 11
0001 0009 1711610802617 -19.5 -73.5 2.073942025221387 11
0001 0006 1711610802618 -0.25 -78.5 4.847379289718626 11
0001 0012 1711610802618 -0.125 -75.5 1.9512235621905356 11
0001 0000 1711610802619 -9.0625 -78.0 4.933282213840222 11
0001 0010 1711610802619 61.8125 -67.0 5.915029918087033 11
0001 0015 1711610802620 -39.0 -64.0 5.970253226450915 11
0001 0011 1711610802620 -48.8125 -70.0 5.632777453116074 11
0001 0005 1711610802621 -26.0 -61.0 4.9823695990525625 11
0001 0007 1711610802621 -9.75 -65.0 3.6692820446224537 11
0001 0001 1711610802622 48.8125 -67.5 1.4848934026733007 11
0001 0000 1711610802717 -0.5625 -78.0 4.945554060143307 11
0001 0012 1711610802717 -0.125 -72.5 0.521553467881118 11
0001 0001 1711610802968 71.5625 -70.0 1.055378782065321 11
0001 0012 1711610802968 113.875 -67.5 0.607456392002714 11
0001 0011 1711610802969 179.0 -72.5 5.252350217720435 11
0001 0010 1711610802969 -16.25 -68.5 6.191146459906448 11
0001 0009 1711610802970 -3.25 -73.5 1.2701360923693108 11
0001 0001 1711610802970 -6.5 -70.0 0.9878836273983529 11
0001 0010 1711610802971 146.4375 -69.0 5.798447378207723 11
0001 0011 1711610802972 -12.1875 -74.0 5.439495873842484 11
0001 0012 1711610802972 -1.1875 -72.0 0.7424467013366504 11
0001 0015 1711610802973 -1.1875 -65.5 4.4362724385652745 11
0001 0010 1711610802974 -48.8125 -66.5 6.0991076126333095 11
0001 0011 1711610802974 74.8125 -65.0 5.878214379177777 11
0001 0015 1711610802975 -9.75 -61.0 0.0674951546669682 11
0001 0005 1711610802976 -32.5 -69.5 3.509748042682347 11
0001 0001 1711610802976 -146.4375 -70.0 1.3867186322486196 11
0001 0013 1711610803204 11.25 -79.5 6.258641614573416 11
0001 0012 1711610803204 -1.1875 -72.0 0.14112623248547898 11
0001 0002 1711610803205 -1.8125 -73.0 5.829126993965437 11
0001 0011 1711610803205 -16.25 -62.0 0.7547185476397354 11
0001 0002 1711610803206 73.1875 -69.5 1.9082721001297376 11
0001 0005 1711610803206 3.25 -63.5 4.798291904506286 11
0001 0001 1711610803207 -26.0 -71.0 0.9019807032767571 11
0001 0015 1711610803207 -39.0 -58.0 4.123340357836604 11
0001 0006 1711610803208 -58.5625 -72.0 5.013049214810275 11
0001 0010 1711610803208 -205.0625 -72.5 6.050020227420969 11
0001 0012 1711610803209 2.875 -73.0 3.9085830475326135 11
0001 0013 1711610803210 2.125 -77.0 0.14726215563702155 11
0001 0004 1711610803210 97.625 -68.0 2.8532042654672924 11
0001 0011 1711610803211 29.25 -61.5 1.5462526341887264 11
0001 0010 1711610803211 32.5 -66.5 0.12885438618239387 11
0001 0006 1711610803212 -126.9375 -69.0 4.3503695144436785 11
0001 0015 1711610803212 9.75 -63.0 1.2087768608538851 11
0001 0005 1711610803213 48.8125 -66.0 3.153864499892878 11
0001 0001 1711610803213 149.6875 -72.5 0.7363107781851077 11
0001 0002 1711610803214 -9.75 -72.0 5.988660995905543 11
0001 0008 1711610803466 -7.75 -77.5 5.154175447295755 11
0001 0011 1711610803466 9.75 -62.5 0.35588354278946877 11
0001 0015 1711610803467 -9.75 -67.5 6.22182607566416 11
0001 0001 1711610803467 91.125 -71.0 1.1658253987930873 11
0001 0010 1711610803468 -13.0 -65.0 5.890486225480862 11
0001 0004 1711610803469 -110.625 -71.5 3.8717675086233583 11
0001 0008 1711610803469 7.3125 -75.5 4.9823695990525625 11
0001 0010 1711610803470 -133.4375 -63.5 4.798291904506286 11
0001 0001 1711610803470 19.5 -71.5 1.6751070203711202 11
0001 0004 1711610803471 -6.5 -66.0 1.6137477888556946 11
0001 0008 1711610803471 -16.25 -69.5 3.0372819600135696 11
0001 0011 1711610803472 22.75 -58.5 1.1228739367322893 11
0001 0015 1711610803472 22.75 -64.0 1.214912784005428 11
0001 0013 1711610803473 25.1875 -71.0 6.163534805724506 11
