0000 0008 1710750131946 42.3125 -62.5 4.528311285838413 5
0000 0010 1710750131954 -42.3125 -71.5 2.2641556429192065 5
0000 0012 1710750131954 -9.75 -55.0 4.571262747899211 5
0000 0014 1710750131955 -6.5 -59.5 1.0737865515199487 5
0000 0013 1710750131955 26.0 -62.0 1.8162332528565992 5
0000 0003 1710750131956 218.0625 -70.0 4.6878452877785195 5
0000 0011 1710750131956 28.625 -76.0 4.663301595172349 5
0000 0002 1710750131957 20.75 -79.0 1.8653206380689396 5
0000 0009 1710750131957 16.875 -71.0 0.9510680884890975 5
0000 0012 1710750131958 6.5 -55.0 4.540583132141498 5
0000 0013 1710750131958 6.5 -62.5 1.88986433067511 5
0000 0008 1710750131959 -3.25 -62.5 4.601942363656923 5
0000 0014 1710750131959 13.0 -59.0 1.055378782065321 5
0000 0010 1710750131960 -9.75 -70.5 2.2457478734645786 5
0000 0003 1710750131960 32.5 -71.5 4.81056375080937 5
0000 0002 1710750131961 -3.625 -79.0 2.018718716857504 5
0000 0011 1710750131961 4.25 -76.0 4.755340442445488 5
0000 0009 1710750131961 18.875 -71.0 4.0558452031696355 5
0000 0013 1710750132135 29.25 -61.5 1.8162332528565992 5
0000 0012 1710750132136 -7.3125 -55.0 4.601942363656923 5
0000 0014 1710750132137 3.25 -59.0 1.0676506283684062 5
0000 0003 1710750132138 143.1875 -71.5 4.798291904506286 5
0000 0008 1710750132140 -29.25 -62.0 4.718524903536232 5
0000 0010 1710750132141 -146.4375 -70.5 2.448233337465483 5
0000 0009 1710750132142 0.0 -71.0 1.1228739367322893 5
0000 0011 1710750132143 -7.3125 -75.5 4.970097752749477 5
0000 0002 1710750132144 -0.875 -79.5 5.289165756629691 5
0000 0003 1710750132145 45.5625 -72.0 4.700117134081604 5
0000 0014 1710750132146 3.25 -59.0 1.0921943209745766 5
0000 0008 1710750132147 -32.5 -62.5 4.755340442445488 5
0000 0013 1710750132149 48.8125 -62.0 1.8223691760081417 5
0000 0012 1710750132150 -3.25 -55.0 4.608078286808466 5
0000 0010 1710750132151 -9.75 -72.0 2.3623304133438876 5
0000 0009 1710750132152 10.5625 -70.5 1.012427320004523 5
0000 0011 1710750132239 -14.0 -76.0 4.921010367537137 5
0000 0013 1710750132490 -26.0 -62.0 1.9205439464328227 5
0000 0012 1710750132491 0.0 -55.0 4.558990901596125 5
0000 0014 1710750132492 9.75 -59.0 1.0676506283684062 5
0000 0008 1710750132493 19.5 -62.0 4.669437518323892 5
0000 0010 1710750132494 110.625 -71.0 2.2334760271614935 5
0000 0009 1710750132495 3.25 -69.5 1.012427320004523 5
0000 0003 1710750132496 -71.5625 -72.5 4.9394181369917645 5
0000 0011 1710750132497 -7.875 -76.0 5.0253210611133605 5
0000 0008 1710750132741 19.5 -63.0 4.675573441475434 5
0000 0014 1710750132742 -6.5 -59.0 1.0921943209745766 5
0000 0010 1710750132743 -120.4375 -72.0 2.448233337465483 5
0000 0012 1710750132744 -3.25 -55.0 4.558990901596125 5
0000 0013 1710750132745 0.0 -62.0 1.932815792735908 5
0000 0003 1710750132746 227.8125 -71.5 4.215379205109742 5
0000 0009 1710750132747 55.3125 -70.0 1.000155473701438 5
0000 0011 1710750132748 1.1875 -76.5 5.00077736850719 5
0000 0008 1710750132749 0.0 -63.0 4.755340442445488 5
0000 0009 1710750132750 38.1875 -69.5 1.0246991663076084 5
0000 0013 1710750132751 0.0 -62.0 1.902136176978195 5
0000 0010 1710750132752 218.0625 -72.0 2.0800779483729293 5
0000 0012 1710750132753 -24.375 -55.0 4.571262747899211 5
0000 0003 1710750132754 100.875 -72.5 4.608078286808466 5
0000 0014 1710750132755 -9.75 -59.0 1.086058397823034 5
0000 0011 1710750132939 9.4375 -76.5 5.056000676871073 5
0000 0013 1710750132940 42.3125 -62.5 1.859184714917397 5
0000 0008 1710750132941 3.25 -62.5 4.73693267299086 5
0000 0009 1710750132942 -73.1875 -69.0 1.055378782065321 5
0000 0014 1710750132943 -22.75 -59.0 1.1290098598838318 5
0000 0012 1710750132944 0.0 -55.0 4.546719055293041 5
0000 0010 1710750132945 175.75 -71.5 2.0800779483729293 5
0000 0003 1710750132946 -16.25 -71.5 4.6878452877785195 5
0000 0011 1710750132946 -2.125 -76.5 5.0682725231741586 5
0000 0014 1710750132947 -32.5 -59.0 1.1228739367322893 5
0000 0010 1710750132948 -166.0 -72.0 2.466641106920111 5
0000 0012 1710750132949 -9.75 -55.5 4.528311285838413 5
0000 0003 1710750132950 -74.8125 -71.5 4.970097752749477 5
0000 0013 1710750132951 -9.75 -62.0 1.9205439464328227 5
0000 0008 1710750132952 19.5 -62.5 4.657165672020807 5
0000 0009 1710750132953 -3.25 -69.5 0.9694758579437253 5
0000 0011 1710750133179 2.4375 -77.0 4.95168998329485 5
0000 0013 1710750133180 9.75 -62.0 1.8960002538266525 5
0000 0010 1710750133181 -61.8125 -72.5 2.2886993355253766 5
0000 0014 1710750133182 29.25 -59.0 1.043106935762236 5
0000 0008 1710750133182 6.5 -63.0 4.693981210930062 5
0000 0009 1710750133183 65.875 -70.0 0.9633399347921826 5
0000 0012 1710750133184 -21.125 -55.0 4.577398671050753 5
0000 0003 1710750133185 -279.9375 -71.5 5.190990986205009 5
0000 0011 1710750133186 3.625 -76.5 1.9082721001297376 5
0000 0010 1710750133187 -6.5 -73.0 2.435961491162398 5
0000 0013 1710750133188 87.875 -62.5 1.7548740213411735 5
0000 0009 1710750133189 -69.125 -69.0 1.0676506283684062 5
0000 0014 1710750133190 -6.5 -59.0 1.0799224746714913 5
0000 0008 1710750133191 -19.5 -63.0 4.773748211900116 5
0000 0012 1710750133192 21.125 -55.0 4.540583132141498 5
0000 0003 1710750133193 169.25 -71.5 4.509903516383785 5
0000 0011 1710750133238 -0.5625 -76.0 4.945554060143307 5
0000 0008 1710750133477 -3.25 -63.0 4.73693267299086 5
0000 0010 1710750133478 175.75 -72.5 2.1353012567368124 5
0000 0013 1710750133479 6.5 -63.0 1.761009944492716 5
0000 0009 1710750133480 -48.8125 -70.5 1.1351457830353744 5
0000 0012 1710750133480 3.25 -55.0 4.589670517353839 5
0000 0014 1710750133481 0.0 -59.0 1.086058397823034 5
0000 0003 1710750133482 -22.75 -71.0 4.822835597112456 5
0000 0011 1710750133483 -21.3125 -76.5 5.0682725231741586 5
0000 0008 1710750133484 6.5 -63.0 4.706253057233147 5
0000 0014 1710750133484 -35.75 -59.0 1.1351457830353744 5
0000 0009 1710750133485 -81.375 -69.5 0.8774370106705868 5
0000 0013 1710750133486 -32.5 -63.0 1.7671458676442586 5
0000 0010 1710750133488 16.25 -72.0 2.2334760271614935 5
0000 0012 1710750133489 13.8125 -55.0 4.565126824747668 5
0000 0003 1710750133490 -123.6875 -72.0 5.031456984264903 5
0000 0009 1710750133491 22.75 -70.5 0.9203884727313847 5
0000 0011 1710750133724 7.875 -76.0 1.8407769454627694 5
0000 0012 1710750133725 3.25 -55.0 4.565126824747668 5
0000 0013 1710750133726 52.0625 -63.0 1.6689710972195777 5
0000 0014 1710750133726 -3.25 -59.0 1.0983302441261191 5
0000 0008 1710750133727 68.3125 -63.0 4.577398671050753 5
0000 0010 1710750133728 166.0 -72.5 2.1782527187976104 5
0000 0003 1710750133729 185.5 -71.0 4.399456899656019 5
0000 0009 1710750133730 -11.375 -71.0 1.0369710126106935 5
0000 0011 1710750133730 1.8125 -76.0 1.8223691760081417 5
0000 0002 1710750133731 10.9375 -79.5 4.957825906446392 5
0000 0003 1710750133732 -6.5 -71.5 4.828971520263998 5
0000 0010 1710750133733 45.5625 -72.0 2.2764274892222915 5
0000 0013 1710750133734 -9.75 -62.5 1.7978254834019713 5
0000 0009 1710750133734 -62.625 -69.0 1.0676506283684062 5
0000 0014 1710750133735 -3.25 -58.5 1.0921943209745766 5
0000 0012 1710750133736 -13.8125 -55.0 4.540583132141498 5
0000 0008 1710750133737 16.25 -63.0 4.558990901596125 5
0000 0002 1710750133962 25.625 -79.0 1.8837284075235674 5
0000 0011 1710750133963 -34.75 -76.0 4.994641445355648 5
0000 0012 1710750133964 -3.25 -55.0 4.534447208989955 5
0000 0013 1710750133965 -48.8125 -62.5 1.8100973297050567 5
0000 0003 1710750133966 283.1875 -71.5 4.239922897715912 5
0000 0008 1710750133966 6.5 -63.5 4.620350133111551 5
0000 0014 1710750133967 13.0 -59.0 1.0369710126106935 5
0000 0010 1710750133968 48.8125 -72.5 2.116893487282185 5
0000 0009 1710750133969 49.625 -70.5 4.0987966652304335 5
0000 0002 1710750133969 4.25 -78.5 5.049864753719531 5
0000 0011 1710750133970 -1.8125 -75.5 4.859651136021712 5
0000 0014 1710750133971 -22.75 -59.0 1.0983302441261191 5
0000 0008 1710750133972 48.8125 -64.0 4.528311285838413 5
0000 0012 1710750133972 13.0 -54.5 4.485359823777615 5
0000 0013 1710750133973 22.75 -63.0 1.6260196351587797 5
0000 0010 1710750133974 26.0 -71.5 2.2886993355253766 5
0000 0003 1710750133974 -3.25 -71.0 4.693981210930062 5
0000 0011 1710750134207 14.625 -75.5 1.552388557340269 5
0000 0009 1710750134208 -10.375 -71.5 1.1167380135807468 5
0000 0002 1710750134209 -7.3125 -79.0 1.8162332528565992 5
0000 0012 1710750134210 -3.25 -55.0 4.4976316700806995 5
0000 0014 1710750134210 29.25 -59.0 0.9940195505498954 5
0000 0003 1710750134211 237.5625 -71.5 4.4362724385652745 5
0000 0008 1710750134212 -32.5 -63.0 4.589670517353839 5
0000 0013 1710750134213 -29.25 -63.0 1.7426021750380885 5
0000 0010 1710750134213 195.25 -72.5 1.9634954084936207 5
0000 0011 1710750134214 -4.875 -76.0 4.822835597112456 5
0000 0002 1710750134215 12.8125 -78.5 1.8714565612204823 5
0000 0009 1710750134216 -6.5 -71.0 1.0369710126106935 5
0000 0003 1710750134216 35.75 -71.0 4.565126824747668 5
0000 0013 1710750134217 -42.3125 -63.0 1.8162332528565992 5
0000 0010 1710750134218 71.5625 -71.0 2.067806102069844 5
0000 0012 1710750134219 24.375 -54.5 4.448544284868359 5
0000 0014 1710750134220 -6.5 -59.0 1.0737865515199487 5
0000 0008 1710750134221 52.0625 -63.5 4.479223900626073 5
0000 0002 1710750134448 32.3125 -78.5 1.8223691760081417 5
0000 0009 1710750134449 5.1875 -71.0 1.0492428589137786 5
0000 0011 1710750134450 -2.4375 -76.0 1.736466251886546 5
0000 0014 1710750134450 -9.75 -59.0 1.055378782065321 5
0000 0012 1710750134451 17.0625 -55.0 4.466952054322987 5
0000 0008 1710750134452 -3.25 -62.5 4.601942363656923 5
0000 0010 1710750134453 35.75 -71.5 2.1230294104337273 5
0000 0013 1710750134453 19.5 -63.0 1.662835174068035 5
0000 0003 1710750134454 -87.875 -71.0 4.675573441475434 5
0000 0002 1710750134455 0.5625 -79.0 1.8100973297050567 5
0000 0009 1710750134456 6.5 -70.5 1.043106935762236 5
0000 0011 1710750134456 -10.375 -75.5 5.148039524144211 5
0000 0003 1710750134457 -211.5625 -71.0 4.749204519293945 5
0000 0013 1710750134458 -26.0 -63.0 1.7671458676442586 5
0000 0012 1710750134458 -24.375 -54.5 4.534447208989955 5
0000 0014 1710750134459 29.25 -59.0 1.030835089459151 5
0000 0008 1710750134460 26.0 -63.5 4.509903516383785 5
0000 0009 1710750134460 10.5625 -70.5 0.9387962421860124 5
0000 0010 1710750134461 188.75 -72.0 1.8285050991596843 5
0000 0009 1710750134489 16.25 -70.5 4.135612204139688 5
0000 0011 1710750134489 26.1875 -75.0 4.871922982324796 5
0000 0002 1710750134715 11.875 -79.5 4.595806440505381 5
0000 0012 1710750134715 9.75 -55.0 4.485359823777615 5
0000 0013 1710750134716 -16.25 -62.5 1.7855536370988863 5
0000 0008 1710750134717 6.5 -63.0 4.595806440505381 5
0000 0009 1710750134717 65.875 -69.5 0.9756117810952678 5
0000 0014 1710750134718 -6.5 -59.0 1.0737865515199487 5
0000 0010 1710750134719 -71.5625 -71.0 2.110757564130642 5
0000 0003 1710750134719 0.0 -70.5 4.859651136021712 5
0000 0011 1710750134720 18.25 -75.5 5.013049214810275 5
0000 0013 1710750134721 19.5 -62.0 1.748738098189631 5
0000 0010 1710750134722 -139.9375 -71.5 2.227340104009951 5
0000 0012 1710750134722 10.5625 -55.0 4.479223900626073 5
0000 0009 1710750134724 -159.5 -68.5 1.1228739367322893 5
0000 0014 1710750134724 19.5 -59.0 1.0246991663076084 5
0000 0008 1710750134725 -35.75 -62.5 4.657165672020807 5
0000 0003 1710750134726 302.6875 -71.0 4.049709280018092 5
0000 0011 1710750134955 -1.1875 -75.0 5.258486140871978 5
0000 0012 1710750134955 6.5 -54.5 4.4976316700806995 5
0000 0014 1710750134956 -13.0 -59.0 1.1044661672776617 5
0000 0013 1710750134957 19.5 -62.0 1.748738098189631 5
0000 0008 1710750134957 -130.1875 -62.5 4.890330751779424 5
0000 0009 1710750134958 0.0 -69.5 0.9510680884890975 5
0000 0010 1710750134959 -6.5 -72.5 2.086213871524472 5
0000 0003 1710750134959 -227.8125 -72.5 4.847379289718626 5
0000 0011 1710750134960 5.4375 -75.0 5.227806525114265 5
0000 0014 1710750134961 -13.0 -59.0 1.1290098598838318 5
0000 0010 1710750134961 -91.125 -71.0 2.282563412373834 5
0000 0013 1710750134962 35.75 -63.0 1.7671458676442586 5
0000 0012 1710750134963 13.0 -55.0 4.479223900626073 5
0000 0008 1710750134963 91.125 -62.5 4.485359823777615 5
0000 0009 1710750134964 159.5 -69.0 0.662679700366597 5
0000 0003 1710750134965 231.0625 -73.5 4.190835512503572 5
0000 0011 1710750134987 27.4375 -75.0 5.154175447295755 5
0000 0009 1710750135215 -69.125 -68.0 1.1106020904292042 5
0000 0010 1710750135216 32.5 -73.0 2.0800779483729293 5
0000 0014 1710750135216 3.25 -59.0 1.0799224746714913 5
0000 0012 1710750135217 -13.0 -55.0 4.516039439535327 5
0000 0008 1710750135218 3.25 -62.5 4.614214209960009 5
0000 0013 1710750135218 -39.0 -62.0 1.88986433067511 5
0000 0003 1710750135219 253.875 -72.0 4.264466590322082 5
0000 0011 1710750135219 7.875 -75.0 5.190990986205009 5
0000 0010 1710750135220 -91.125 -72.5 2.2518837966161214 5
0000 0012 1710750135221 9.75 -55.0 4.485359823777615 5
0000 0014 1710750135221 -6.5 -59.0 1.1167380135807468 5
0000 0009 1710750135222 -30.875 -69.0 0.8897088569736719 5
0000 0003 1710750135224 169.25 -72.0 4.227651051412827 5
0000 0008 1710750135224 -39.0 -62.0 4.71238898038469 5
0000 0013 1710750135225 61.8125 -62.5 1.7732817907958012 5
0000 0011 1710750135226 2.4375 -75.0 5.221670601962723 5
0000 0010 1710750135499 19.5 -71.0 2.1046216409791 5
0000 0013 1710750135499 32.5 -62.5 1.7732817907958012 5
0000 0012 1710750135500 0.0 -55.0 4.479223900626073 5
0000 0014 1710750135501 16.25 -58.5 1.0676506283684062 5
0000 0008 1710750135502 19.5 -62.5 4.620350133111551 5
0000 0009 1710750135502 -128.5625 -69.5 0.9694758579437253 5
0000 0003 1710750135503 52.0625 -72.5 4.196971435655114 5
0000 0011 1710750135504 -18.25 -75.0 5.209398755659637 5
0000 0002 1710750135739 3.6875 -79.0 4.841243366567084 5
0000 0014 1710750135740 13.0 -58.5 1.0799224746714913 5
0000 0012 1710750135740 -16.25 -55.0 4.509903516383785 5
0000 0008 1710750135741 -19.5 -62.5 4.626486056263094 5
0000 0003 1710750135742 -61.8125 -73.0 4.522175362686871 5
0000 0013 1710750135742 91.125 -62.5 1.6198837120072371 5
0000 0010 1710750135743 -3.25 -72.0 1.8039614065535141 5
0000 0009 1710750135744 -8.9375 -70.5 4.006757817957295 5
0000 0011 1710750135748 5.4375 -75.0 5.031456984264903 5
0000 0002 1710750135940 18.0 -79.5 1.4848934026733007 5
0000 0014 1710750135941 39.0 -59.0 1.030835089459151 5
0000 0008 1710750135942 -6.5 -62.5 4.589670517353839 5
0000 0012 1710750135942 3.25 -54.5 4.442408361716817 5
0000 0013 1710750135943 58.5625 -62.5 1.6321555583103222 5
0000 0003 1710750135944 0.0 -72.5 4.485359823777615 5
0000 0010 1710750135944 201.8125 -70.5 1.282407938672396 5
0000 0009 1710750135945 -2.5625 -71.0 0.9081166264282996 5
0000 0011 1710750135946 -18.25 -75.0 5.098952138931871 5
0000 0002 1710750135946 3.8125 -79.5 4.847379289718626 5
0000 0008 1710750135947 -9.75 -62.0 4.626486056263094 5
0000 0014 1710750135947 -19.5 -58.5 1.1167380135807468 5
0000 0010 1710750135949 -94.375 -71.5 1.7732817907958012 5
0000 0012 1710750135949 -22.75 -54.5 4.4976316700806995 5
0000 0013 1710750135950 65.0625 -62.5 1.6014759425526093 5
0000 0003 1710750135951 -97.625 -73.0 4.485359823777615 5
0000 0009 1710750135988 3.9375 -71.0 0.9019807032767571 5
0000 0011 1710750135988 -25.0 -75.0 1.8653206380689396 5
0000 0002 1710750136190 -0.5625 -79.5 1.6873788666742053 5
0000 0003 1710750136191 100.875 -72.0 4.3503695144436785 5
0000 0014 1710750136191 3.25 -59.0 1.0737865515199487 5
0000 0012 1710750136192 6.5 -54.5 4.424000592262189 5
0000 0008 1710750136192 19.5 -62.0 4.540583132141498 5
0000 0013 1710750136193 9.75 -62.5 1.748738098189631 5
0000 0010 1710750136193 -78.0625 -71.0 1.7671458676442586 5
0000 0011 1710750136194 3.625 -75.5 4.884194828627882 5
0000 0009 1710750136195 1.9375 -71.5 1.0185632431560658 5
0000 0002 1710750136195 -15.6875 -79.5 5.111223985234957 5
0000 0012 1710750136196 3.25 -54.5 4.460816131171445 5
0000 0013 1710750136196 78.0625 -62.5 1.6505633277649499 5
0000 0003 1710750136197 156.1875 -71.5 4.313553975534423 5
0000 0010 1710750136198 -61.8125 -70.5 1.7732817907958012 5
0000 0014 1710750136199 22.75 -59.0 1.0799224746714913 5
0000 0008 1710750136199 -19.5 -61.5 4.638757902566179 5
0000 0011 1710750136238 -21.9375 -75.0 5.178719139901925 5
0000 0002 1710750136488 2.875 -79.5 5.129631754689584 5
0000 0014 1710750136488 16.25 -59.0 1.0921943209745766 5
0000 0012 1710750136489 -13.8125 -54.5 4.516039439535327 5
0000 0013 1710750136489 55.3125 -62.0 1.748738098189631 5
0000 0003 1710750136490 -35.75 -71.5 4.632621979414636 5
0000 0008 1710750136490 -3.25 -61.5 4.589670517353839 5
0000 0010 1710750136491 -19.5 -71.0 1.9205439464328227 5
0000 0011 1710750136492 10.375 -76.0 4.896466674930966 5
0000 0002 1710750136492 -3.5 -79.5 5.092816215780329 5
0000 0012 1710750136687 7.3125 -54.5 4.509903516383785 5
0000 0008 1710750136688 45.5625 -62.5 4.509903516383785 5
0000 0014 1710750136688 26.0 -59.0 1.043106935762236 5
0000 0010 1710750136689 100.875 -70.5 1.7303303287350031 5
0000 0003 1710750136689 16.25 -72.5 4.601942363656923 5
0000 0013 1710750136690 126.9375 -62.0 1.6382914814618648 5
0000 0011 1710750136690 -0.5625 -76.0 1.564660403643354 5
0000 0002 1710750136691 -7.625 -79.5 5.117359908386499 5
0000 0013 1710750136692 29.25 -62.5 1.6996507129772904 5
0000 0010 1710750136692 68.3125 -72.0 1.6566992509164924 5
0000 0008 1710750136693 29.25 -62.0 4.558990901596125 5
0000 0012 1710750136693 13.0 -55.0 4.4976316700806995 5
0000 0014 1710750136694 22.75 -59.0 1.086058397823034 5
0000 0003 1710750136695 -55.3125 -71.5 4.884194828627882 5
0000 0011 1710750136695 -14.0 -76.0 4.73693267299086 5
0000 0002 1710750136696 -40.875 -79.0 2.067806102069844 5
