0000 0010 1710404167871 26.0 -66.5 1.7732817907958012 10
0000 0005 1710404167872 -41.5 -66.0 3.160000423044421 10
0000 0015 1710404167872 68.3125 -65.5 2.9022916506796332 10
0000 0012 1710404167873 52.0625 -62.5 0.944932165337555 10
0000 0006 1710404167873 -58.5625 -71.5 4.0128937411088375 10
0000 0009 1710404167873 -62.625 -64.0 3.380893656499953 10
0000 0004 1710404167874 -39.0 -66.5 5.080544369477243 10
0000 0003 1710404167874 -14.625 -75.0 0.3865631585471816 10
0000 0013 1710404168050 -1.75 -74.5 2.227340104009951 10
0000 0005 1710404168050 45.5625 -66.0 3.074097498922825 10
0000 0015 1710404168050 3.25 -65.5 2.9575149590435164 10
0000 0009 1710404168050 10.5625 -65.0 3.448388811166921 10
0000 0006 1710404168051 -42.3125 -70.5 4.025165587411922 10
0000 0010 1710404168051 78.0625 -67.0 1.7916895602504288 10
0000 0012 1710404168052 61.8125 -62.0 0.8651651643675016 10
0000 0004 1710404168052 -48.8125 -66.5 5.105088062083414 10
0000 0003 1710404168053 4.875 -75.0 0.3436116964863836 10
0000 0013 1710404168053 0.0 -75.0 2.1659808724945253 10
0000 0012 1710404168053 42.3125 -61.5 0.9878836273983529 10
0000 0006 1710404168054 -120.4375 -73.5 4.0987966652304335 10
0000 0004 1710404168054 13.0 -67.0 5.074408446325701 10
0000 0010 1710404168054 94.375 -66.5 1.88986433067511 10
0000 0009 1710404168055 7.3125 -64.5 3.454524734318464 10
0000 0005 1710404168055 6.5 -66.5 3.184544115650591 10
0000 0015 1710404168055 19.5 -65.0 2.9391071895888885 10
0000 0003 1710404168056 13.0 -73.0 3.3870295796514958 10
0000 0013 1710404168306 0.0 -75.0 2.2764274892222915 10
0000 0009 1710404168306 -21.125 -64.0 3.56497135104623 10
0000 0010 1710404168306 139.9375 -66.5 1.7855536370988863 10
0000 0004 1710404168307 39.0 -66.0 4.970097752749477 10
0000 0015 1710404168307 113.875 -65.0 2.834796496012665 10
0000 0006 1710404168307 -149.6875 -71.5 4.221515128261284 10
0000 0012 1710404168308 34.9375 -62.0 0.9694758579437253 10
0000 0005 1710404168308 -16.25 -65.5 3.3502140407422405 10
0000 0003 1710404168308 -26.8125 -73.5 3.5925830052281715 10
0000 0013 1710404168309 -0.8125 -75.0 5.595961914206819 10
0000 0010 1710404168310 48.8125 -66.0 1.9634954084936207 10
0000 0009 1710404168310 -41.5 -64.5 3.650874275167826 10
0000 0012 1710404168311 -7.3125 -61.5 1.1167380135807468 10
0000 0006 1710404168311 -3.25 -72.0 4.04357335686655 10
0000 0004 1710404168311 -179.0 -66.5 5.289165756629691 10
0000 0015 1710404168311 -35.75 -65.0 3.055689729468197 10
0000 0005 1710404168312 -27.625 -66.0 3.2888548092268146 10
0000 0003 1710404168312 -19.5 -73.0 3.730641276137879 10
0000 0013 1710404168573 -0.125 -75.0 2.2027964114037806 10
0000 0009 1710404168573 55.3125 -64.0 3.6692820446224537 10
0000 0015 1710404168573 39.0 -65.5 2.9022916506796332 10
0000 0012 1710404168574 9.75 -61.5 1.1167380135807468 10
0000 0004 1710404168574 3.25 -67.0 5.013049214810275 10
0000 0005 1710404168574 -7.3125 -66.5 3.2949907323783574 10
0000 0006 1710404168575 -136.6875 -72.0 4.154019973594316 10
0000 0010 1710404168575 -139.9375 -66.5 2.4175537217077703 10
0000 0003 1710404168575 6.5 -73.0 3.6140587362585705 10
0000 0013 1710404168576 -2.4375 -75.0 2.2641556429192065 10
0000 0004 1710404168576 -39.0 -66.0 5.338253141842031 10
0000 0005 1710404168576 -130.1875 -66.5 3.2765829629237295 10
0000 0012 1710404168577 -13.8125 -61.5 1.2946797849754812 10
0000 0006 1710404168577 188.75 -72.0 3.7981364308048478 10
0000 0015 1710404168577 32.5 -66.5 2.9022916506796332 10
0000 0009 1710404168578 -10.5625 -64.5 3.865631585471816 10
0000 0010 1710404168578 -29.25 -65.5 2.448233337465483 10
0000 0003 1710404168578 -208.3125 -74.0 3.767456815047135 10
0000 0013 1710404168806 -7.3125 -75.0 5.64504929941916 10
0000 0010 1710404168807 -6.5 -65.5 2.5770877236478773 10
0000 0012 1710404168807 52.0625 -60.5 1.2885438618239387 10
0000 0009 1710404168807 13.8125 -64.5 4.135612204139688 10
0000 0005 1710404168808 6.5 -67.0 3.0372819600135696 10
0000 0004 1710404168808 -32.5 -66.5 5.595961914206819 10
0000 0015 1710404168808 6.5 -67.0 2.8716120349219203 10
0000 0006 1710404168809 -45.5625 -70.0 4.264466590322082 10
0000 0003 1710404168809 100.875 -74.0 3.650874275167826 10
0000 0013 1710404168809 7.875 -74.0 6.166602767300278 10
0000 0006 1710404168810 -61.8125 -69.5 4.276738436625168 10
0000 0004 1710404168810 -91.125 -66.0 6.056156150572511 10
0000 0005 1710404168810 -13.8125 -67.5 2.945243112740431 10
0000 0012 1710404168811 58.5625 -60.5 1.509437095279471 10
0000 0015 1710404168811 -97.625 -66.5 3.1231848841351653 10
0000 0009 1710404168811 21.125 -64.5 4.534447208989955 10
0000 0010 1710404168812 68.3125 -64.0 2.816388726558037 10
0000 0013 1710404168812 -3.25 -72.5 0.8651651643675016 10
0000 0007 1710404168871 9.75 -74.0 0.8528933180644165 10
0000 0003 1710404168871 4.875 -76.0 0.8222137023067037 10
0000 0009 1710404169035 -48.8125 -63.5 5.148039524144211 10
0000 0012 1710404169035 55.3125 -61.5 1.8960002538266525 10
0000 0007 1710404169036 -139.9375 -69.5 4.1601558967458585 10
0000 0013 1710404169036 39.0 -66.5 1.9696313316451632 10
0000 0010 1710404169036 -39.0 -63.5 3.2643111166206444 10
0000 0004 1710404169036 -22.75 -66.0 0.1227184630308513 10
0000 0015 1710404169037 -22.75 -64.5 3.368621810196868 10
0000 0006 1710404169037 -78.0625 -68.0 4.546719055293041 10
0000 0007 1710404169037 -13.0 -67.5 4.178563666200486 10
0000 0004 1710404169038 -19.5 -67.0 0.47860200582032003 10
0000 0012 1710404169038 39.0 -64.0 1.7426021750380885 10
0000 0010 1710404169038 13.0 -65.0 3.859495662320273 10
0000 0009 1710404169039 17.0625 -63.0 5.786175531904639 10
0000 0015 1710404169039 29.25 -65.5 4.534447208989955 10
0000 0006 1710404169040 -107.375 -70.0 4.7307967498393175 10
0000 0013 1710404169040 257.125 -71.0 2.509592568980909 10
0000 0007 1710404169261 -65.0625 -68.0 4.368777283898306 10
0000 0006 1710404169261 -55.3125 -70.5 4.528311285838413 10
0000 0015 1710404169262 87.875 -71.0 1.184233168247715 10
0000 0009 1710404169262 -38.1875 -64.5 0.6258641614573416 10
0000 0012 1710404169262 79.75 -66.5 2.2027964114037806 10
0000 0010 1710404169263 -3.25 -67.0 4.804427827657828 10
0000 0004 1710404169263 3.25 -66.5 1.1044661672776617 10
0000 0005 1710404169263 0.875 -74.0 0.14112623248547898 10
0000 0012 1710404169264 -125.3125 -67.5 2.9943304979527716 10
0000 0015 1710404169264 22.75 -65.5 4.442408361716817 10
0000 0004 1710404169264 -48.8125 -67.0 1.9205439464328227 10
0000 0007 1710404169265 -39.0 -70.5 5.411884219660542 10
0000 0005 1710404169265 10.5625 -67.0 3.448388811166921 10
0000 0006 1710404169265 -117.125 -69.5 4.620350133111551 10
0000 0009 1710404169266 73.1875 -67.5 1.9696313316451632 10
0000 0010 1710404169266 -16.25 -66.5 5.896622148632405 10
0000 0003 1710404169266 -61.8125 -72.5 3.761320891895592 10
0000 0009 1710404169371 -10.5625 -68.5 3.2459033471660166 10
0000 0015 1710404169371 -22.75 -64.0 4.76147636559703 10
0000 0005 1710404169372 -97.625 -63.5 4.246058820867455 10
0000 0003 1710404169372 -237.5625 -71.5 5.0682725231741586 10
0000 0010 1710404169372 29.25 -64.5 0.6749515466696822 10
0000 0004 1710404169373 -61.8125 -69.5 2.9513790358919736 10
0000 0012 1710404169373 100.875 -68.5 2.497320722677824 10
0000 0010 1710404169622 19.5 -63.0 2.030990563160589 10
0000 0008 1710404169622 -42.3125 -69.0 4.3074180523828804 10
0000 0005 1710404169622 -45.5625 -66.0 5.2768939103266055 10
0000 0015 1710404169622 65.0625 -63.0 5.620505606812989 10
0000 0012 1710404169623 117.9375 -69.0 3.0495538063166547 10
0000 0000 1710404169623 1.8125 -73.0 1.8346410223112268 10
0000 0007 1710404169623 1.5 -74.0 1.9696313316451632 10
0000 0004 1710404169624 -2.4375 -73.5 0.37429131224409645 10
0000 0004 1710404169624 -39.0 -64.0 4.3503695144436785 10
0000 0007 1710404169624 -6.5 -68.0 0.5645049299419159 10
0000 0010 1710404169625 -32.5 -63.5 4.957825906446392 10
0000 0015 1710404169626 -42.3125 -67.0 0.5767767762450011 10
0000 0008 1710404169840 7.3125 -71.0 5.148039524144211 10
0000 0004 1710404169840 -65.0625 -61.0 5.344389064993574 10
0000 0007 1710404169840 -91.125 -67.0 4.184699589352029 10
0000 0015 1710404169840 -16.25 -68.0 0.9387962421860124 10
0000 0008 1710404169841 81.375 -67.0 4.28287435977671 10
0000 0003 1710404169841 -9.75 -73.5 1.6689710972195777 10
0000 0010 1710404169841 -84.625 -72.0 2.4727770300716534 10
0000 0002 1710404169842 7.625 -80.0 6.234097921967246 10
0000 0014 1710404169842 -3.8125 -69.5 6.258641614573416 10
0000 0008 1710404169842 -48.8125 -65.5 0.3988350048502667 10
0000 0007 1710404169843 -3.25 -64.5 2.8532042654672924 10
0000 0010 1710404169843 22.75 -65.5 5.289165756629691 10
0000 0004 1710404169844 149.6875 -69.0 1.2762720155208536 10
0000 0006 1710404169844 126.9375 -67.5 1.5953400194010667 10
0000 0005 1710404169844 -125.3125 -71.0 2.12916533358527 10
0000 0015 1710404169844 68.3125 -68.0 0.11044661672776616 10
0000 0012 1710404169871 4.25 -71.5 2.0371264863121317 10
0000 0002 1710404169871 3.0 -76.0 0.9817477042468103 10
0000 0014 1710404170089 1.25 -73.0 6.1850105367549055 10
0000 0006 1710404170090 45.5625 -65.0 2.1046216409791 10
0000 0015 1710404170090 -52.0625 -67.0 0.21475731030398976 10
0000 0008 1710404170090 3.25 -65.0 3.0802334220743677 10
0000 0010 1710404170091 -13.0 -65.5 0.14112623248547898 10
0000 0007 1710404170091 -87.875 -64.5 5.356660911296659 10
0000 0005 1710404170091 -39.0 -68.0 3.454524734318464 10
0000 0014 1710404170092 7.875 -68.0 5.749359992995383 10
0000 0012 1710404170092 2.5625 -72.0 0.3988350048502667 10
0000 0004 1710404170092 2.25 -71.0 1.3437671701878218 10
0000 0008 1710404170093 26.0 -64.0 6.068427996875596 10
0000 0014 1710404170093 -156.1875 -70.0 3.2949907323783574 10
0000 0004 1710404170094 113.875 -66.0 4.767612288748572 10
0000 0010 1710404170094 -71.5625 -63.5 3.6570101983193686 10
0000 0007 1710404170094 107.375 -65.0 2.2518837966161214 10
0000 0015 1710404170095 -52.0625 -69.0 0.2086213871524472 10
0000 0012 1710404170095 13.0 -67.0 0.6013204688511713 10
0000 0010 1710404170359 6.5 -64.0 0.8528933180644165 10
0000 0008 1710404170360 13.0 -64.5 2.693670263527186 10
0000 0015 1710404170360 -6.5 -72.0 0.9081166264282996 10
0000 0004 1710404170360 19.5 -59.5 5.9518454569962875 10
0000 0007 1710404170361 48.8125 -65.0 3.0495538063166547 10
0000 0009 1710404170361 -1.125 -73.0 1.6751070203711202 10
0000 0014 1710404170361 -1.125 -74.0 5.460971604872882 10
0000 0003 1710404170362 9.0625 -77.5 5.203262832508095 10
0000 0007 1710404170362 0.0 -67.5 2.705942109830271 10
0000 0010 1710404170362 -32.5 -69.5 4.601942363656923 10
0000 0008 1710404170362 52.0625 -65.0 0.4724660826687775 10
0000 0009 1710404170363 62.625 -67.5 0.2086213871524472 10
0000 0006 1710404170364 -45.5625 -70.0 2.6445828783148455 10
0000 0005 1710404170364 42.3125 -69.5 5.399612373357457 10
0000 0015 1710404170364 -14.625 -70.0 4.5497870168688115 10
0000 0014 1710404170365 7.3125 -73.5 5.583690067903734 10
0000 0000 1710404170365 -6.5 -72.5 4.424000592262189 10
0000 0004 1710404170595 0.0 -73.0 4.172427743048944 10
0000 0008 1710404170595 0.0 -65.5 4.0128937411088375 10
0000 0009 1710404170595 76.4375 -64.5 3.442252888015379 10
0000 0007 1710404170596 0.0 -67.5 2.0923497946760143 10
0000 0004 1710404170596 -45.5625 -68.0 3.2029518851052186 10
0000 0005 1710404170596 18.25 -74.0 4.239922897715912 10
0000 0000 1710404170597 -17.0625 -72.5 4.558990901596125 10
0000 0014 1710404170597 -4.375 -73.5 5.546874528994478 10
0000 0006 1710404170597 4.25 -69.0 0.6442719309119693 10
0000 0015 1710404170597 -1.1875 -74.5 4.773748211900116 10
0000 0010 1710404170598 -4.0625 -76.0 5.884350302329319 10
0000 0013 1710404170598 4.6875 -69.5 4.178563666200486 10
0000 0003 1710404170598 -0.9375 -71.5 1.239456476611598 10
0000 0008 1710404170599 -9.75 -68.0 1.380582709097077 10
0000 0006 1710404170599 16.25 -63.5 2.509592568980909 10
0000 0010 1710404170599 100.875 -72.5 0.2945243112740431 10
0000 0003 1710404170600 32.5 -69.5 1.4419419406125027 10
0000 0013 1710404170600 0.0 -64.5 1.8223691760081417 10
0000 0005 1710404170600 19.5 -65.0 0.18407769454627693 10
0000 0007 1710404170601 0.0 -63.5 1.6382914814618648 10
0000 0009 1710404170601 111.4375 -65.5 1.1658253987930873 10
0000 0000 1710404170862 26.0625 -73.0 5.411884219660542 10
0000 0015 1710404170862 1.8125 -67.5 5.608233760509904 10
0000 0004 1710404170862 0.8125 -65.5 4.184699589352029 10
0000 0015 1710404170863 -13.0 -67.0 5.135767677841127 10
0000 0004 1710404170863 -9.75 -63.0 1.533980787885641 10
0000 0007 1710404170863 42.3125 -66.5 5.00077736850719 10
0000 0008 1710404170863 -117.125 -67.0 4.755340442445488 10
0000 0000 1710404170864 -83.0 -66.5 1.9634954084936207 10
0000 0005 1710404170864 90.3125 -69.5 2.6139032625571326 10
0000 0013 1710404170864 3.25 -62.5 0.5031456984264903 10
0000 0009 1710404170865 10.5625 -60.0 4.362641360746763 10
0000 0006 1710404170865 34.9375 -73.5 5.629709491540303 10
0000 0011 1710404170865 2.125 -77.0 0.0 10
0000 0012 1710404170866 -0.8125 -75.5 1.1658253987930873 10
0000 0003 1710404170866 5.1875 -74.0 5.2339424482658075 10
0000 0015 1710404170866 -55.3125 -72.5 2.5402721847386216 10
0000 0006 1710404170867 -9.75 -65.0 5.092816215780329 10
0000 0011 1710404170867 22.75 -72.0 2.356194490192345 10
0000 0005 1710404170867 39.0 -65.5 0.01227184630308513 10
0000 0007 1710404170868 29.25 -70.0 6.031612457966341 10
0000 0009 1710404170868 19.5 -64.5 2.282563412373834 10
0000 0003 1710404170869 120.4375 -71.5 2.564815877344792 10
0000 0004 1710404170869 48.8125 -66.5 0.6504078540635119 10
0000 0000 1710404171112 2.875 -74.5 5.835262917116979 10
0000 0013 1710404171112 0.25 -73.0 0.6013204688511713 10
0000 0012 1710404171113 0.125 -72.0 0.8222137023067037 10
0000 0014 1710404171113 1.4375 -68.5 1.3008157081270237 10
0000 0014 1710404171113 0.0 -67.0 1.5953400194010667 10
0000 0009 1710404171114 24.375 -64.0 0.2761165418194154 10
0000 0004 1710404171114 19.5 -60.5 2.012582793705961 10
0000 0005 1710404171114 55.3125 -64.0 2.3071071049800045 10
0000 0011 1710404171115 126.9375 -69.0 0.23930100291016002 10
0000 0015 1710404171115 -71.5625 -68.0 3.706097583531709 10
0000 0007 1710404171115 32.5 -64.0 1.9757672547967058 10
0000 0010 1710404171116 -159.5 -72.0 4.313553975534423 10
0000 0006 1710404171116 8.1875 -76.0 1.2946797849754812 10
0000 0003 1710404171116 2.875 -76.0 0.09817477042468103 10
0000 0013 1710404171117 0.5625 -73.5 1.2087768608538851 10
0000 0012 1710404171154 2.4375 -71.0 1.325359400733194 10
0000 0002 1710404171154 -5.1875 -79.5 5.418020142812084 10
0000 0000 1710404171154 -2.125 -74.0 5.730952223540755 10
0000 0005 1710404171154 -1.25 -73.0 5.743224069843841 10
0000 0008 1710404171155 0.0 -66.5 1.4603497100671303 10
0000 0014 1710404171155 -94.375 -71.0 3.3318062712876126 10
0000 0013 1710404171155 -39.0 -66.0 5.074408446325701 10
0000 0010 1710404171156 -6.5 -68.0 1.214912784005428 10
0000 0009 1710404171156 7.3125 -63.0 4.779884135051658 10
0000 0015 1710404171156 -104.125 -67.5 4.129476280988146 10
0000 0007 1710404171157 -39.0 -68.5 3.816544200259475 10
0000 0003 1710404171157 -81.375 -68.5 6.074563920027139 10
0000 0005 1710404171157 93.5625 -67.0 3.160000423044421 10
0000 0012 1710404171158 9.75 -67.5 0.6810874698212247 10
0000 0011 1710404171158 -35.75 -67.0 6.129787228391022 10
0000 0000 1710404171158 -7.3125 -71.0 3.4606606574700063 10
0000 0006 1710404171358 20.75 -73.5 1.4787574795217582 10
0000 0004 1710404171359 0.25 -71.0 4.23378697456437 10
0000 0002 1710404171359 -0.5625 -78.5 1.1044661672776617 10
0000 0007 1710404171359 -149.6875 -66.5 5.080544369477243 10
0000 0008 1710404171360 -16.25 -65.5 4.1172044346850605 10
0000 0009 1710404171360 41.5 -66.0 0.8958447801252144 10
0000 0015 1710404171360 -29.25 -67.5 3.8533597391687304 10
0000 0012 1710404171361 42.3125 -61.0 0.2270291566070749 10
0000 0006 1710404171361 -13.0 -70.0 3.9269908169872414 10
0000 0010 1710404171361 45.5625 -64.5 1.1658253987930873 10
0000 0004 1710404171362 61.8125 -64.0 2.552544031041707 10
0000 0000 1710404171362 -38.1875 -69.5 6.043884304269426 10
0000 0013 1710404171362 -35.75 -70.5 5.3627968344482015 10
0000 0005 1710404171363 0.25 -70.5 0.9572040116406401 10
0000 0002 1710404171363 7.3125 -79.0 1.7978254834019713 10
0000 0011 1710404171363 -2.125 -75.0 0.30679615757712825 10
0000 0003 1710404171475 2.4375 -73.5 0.09817477042468103 10
0000 0014 1710404171475 -0.125 -74.5 5.602097837358362 10
0000 0011 1710404171475 -100.875 -70.0 5.129631754689584 10
0000 0010 1710404171476 13.0 -63.5 5.418020142812084 10
0000 0008 1710404171476 -39.0 -66.0 2.521864415283994 10
0000 0004 1710404171476 -35.75 -61.0 6.258641614573416 10
0000 0012 1710404171477 -16.25 -59.5 3.6447383520162835 10
0000 0006 1710404171477 48.8125 -69.0 1.2885438618239387 10
0000 0013 1710404171477 198.5625 -72.0 1.2517283229146832 10
0000 0007 1710404171478 -32.5 -65.0 4.614214209960009 10
0000 0015 1710404171478 -97.625 -70.0 4.638757902566179 10
0000 0000 1710404171478 -24.375 -71.5 4.276738436625168 10
0000 0009 1710404171479 -87.0625 -66.5 4.1172044346850605 10
0000 0003 1710404171479 -68.3125 -68.0 1.1106020904292042 10
0000 0014 1710404171479 -91.125 -70.0 1.030835089459151 10
0000 0002 1710404171479 26.8125 -77.0 4.565126824747668 10
0000 0010 1710404171612 22.75 -61.5 2.9084275738311756 10
0000 0003 1710404171612 182.25 -72.5 2.705942109830271 10
0000 0015 1710404171612 81.375 -69.0 4.902602598082509 10
0000 0012 1710404171613 -3.25 -60.5 4.448544284868359 10
0000 0008 1710404171613 -19.5 -62.0 5.160311370447297 10
0000 0000 1710404171613 -13.8125 -65.5 0.9940195505498954 10
0000 0014 1710404171613 -78.0625 -71.0 1.8653206380689396 10
0000 0006 1710404171614 -136.6875 -69.0 3.08636934522591 10
0000 0004 1710404171614 26.0 -65.0 2.454369260617026 10
0000 0007 1710404171614 -13.0 -66.5 0.21475731030398976 10
0000 0013 1710404171615 16.25 -62.0 3.902447124381071 10
0000 0009 1710404171615 62.625 -68.5 1.9573594853420782 10
0000 0002 1710404171615 -208.3125 -74.5 0.7731263170943632 10
0000 0001 1710404171616 -8.5 -77.5 2.2457478734645786 10
0000 0004 1710404171845 32.5 -63.5 0.5951845456996288 10
0000 0010 1710404171845 3.25 -58.0 0.3865631585471816 10
0000 0013 1710404171845 -32.5 -61.5 0.6688156235181395 10
0000 0005 1710404171846 -42.3125 -64.5 0.7915340865489908 10
0000 0012 1710404171846 -3.25 -60.0 0.28838838812250056 10
0000 0003 1710404171846 9.75 -67.0 1.5830681730979816 10
0000 0000 1710404171846 24.375 -67.0 4.71238898038469 10
0000 0007 1710404171847 78.0625 -71.5 5.773903685601553 10
0000 0008 1710404171847 9.75 -62.5 2.116893487282185 10
0000 0009 1710404171847 -48.8125 -69.0 0.06135923151542565 10
0000 0001 1710404171848 3.125 -78.5 1.3560390164909069 10
0000 0015 1710404171848 -2.4375 -72.5 1.533980787885641 10
0000 0007 1710404171848 78.0625 -63.5 1.552388557340269 10
0000 0013 1710404171849 45.5625 -58.5 1.564660403643354 10
0000 0005 1710404171849 -79.75 -70.5 2.6691265709210157 10
0000 0012 1710404171849 22.75 -65.5 0.7179030087304801 10
0000 0009 1710404171850 -17.0625 -63.5 4.246058820867455 10
0000 0004 1710404171850 22.75 -62.5 3.773592738198677 10
0000 0000 1710404171850 3.25 -65.5 2.325514874434632 10
0000 0008 1710404171852 -9.75 -60.0 5.71868037723767 10
0000 0003 1710404171852 42.3125 -69.5 4.853515212870168 10
0000 0010 1710404171853 -68.3125 -62.5 4.466952054322987 10
0000 0002 1710404171853 97.625 -73.0 1.9634954084936207 10
0000 0015 1710404171853 -3.25 -70.5 0.2270291566070749 10
0000 0001 1710404172012 -4.25 -77.5 0.6381360077604268 10
0000 0014 1710404172012 3.0 -71.5 4.822835597112456 10
0000 0003 1710404172013 -6.5 -66.0 1.9205439464328227 10
0000 0000 1710404172013 -34.9375 -65.0 5.381204603902829 10
0000 0013 1710404172013 32.5 -56.5 1.4848934026733007 10
0000 0015 1710404172014 -13.0 -64.5 0.3436116964863836 10
0000 0009 1710404172014 10.5625 -65.0 6.086835766330224 10
0000 0004 1710404172014 35.75 -59.0 1.6812429435226628 10
0000 0005 1710404172015 7.3125 -68.0 0.22089323345553233 10
0000 0010 1710404172015 29.25 -62.5 0.5154175447295755 10
0000 0006 1710404172015 -3.25 -61.5 3.423845118560751 10
0000 0007 1710404172016 6.5 -57.5 1.3560390164909069 10
0000 0008 1710404172016 -42.3125 -60.0 2.3071071049800045 10
0000 0012 1710404172016 -13.0 -64.0 2.12916533358527 10
0000 0001 1710404172017 10.375 -78.0 4.871922982324796 10
0000 0002 1710404172017 14.625 -77.5 0.9572040116406401 10
0000 0000 1710404172121 -107.375 -62.5 2.5709518004963345 10
0000 0005 1710404172121 35.75 -62.5 2.693670263527186 10
0000 0006 1710404172121 6.5 -58.0 0.20248546400090464 10
0000 0003 1710404172121 35.75 -71.5 4.853515212870168 10
0000 0010 1710404172122 9.75 -60.0 3.031146036862027 10
0000 0007 1710404172122 9.75 -58.0 3.785864584501762 10
0000 0009 1710404172122 24.375 -65.0 3.5465635815916023 10
0000 0008 1710404172123 6.5 -61.0 5.890486225480862 10
0000 0004 1710404172123 6.5 -63.5 5.448699758569798 10
0000 0012 1710404172123 97.625 -67.0 3.215223731408304 10
0000 0013 1710404172124 -13.0 -64.0 6.043884304269426 10
0000 0011 1710404172124 -26.0 -74.0 3.2827188860752723 10
0000 0002 1710404172331 7.3125 -77.0 4.896466674930966 10
0000 0001 1710404172331 -6.8125 -79.0 5.148039524144211 10
0000 0008 1710404172332 6.5 -65.5 4.516039439535327 10
0000 0004 1710404172332 -16.25 -58.5 3.663146121470911 10
0000 0011 1710404172332 58.5625 -71.0 2.012582793705961 10
0000 0013 1710404172333 -9.75 -70.5 1.3069516312785663 10
0000 0010 1710404172333 22.75 -62.0 1.6444274046134073 10
0000 0007 1710404172333 -6.5 -58.5 4.675573441475434 10
0000 0006 1710404172334 29.25 -62.5 3.5833791205008576 10
0000 0009 1710404172334 -100.875 -62.0 2.350058567040802 10
0000 0005 1710404172334 -10.5625 -64.5 5.473243451175968 10
0000 0003 1710404172335 65.0625 -68.0 3.650874275167826 10
0000 0012 1710404172335 -13.0 -65.5 0.4540583132141498 10
0000 0000 1710404172336 -13.8125 -66.0 1.8346410223112268 10
0000 0002 1710404172336 74.8125 -74.0 2.2580197197676637 10
0000 0001 1710404172336 10.375 -79.5 1.41126232485479 10
0000 0014 1710404172336 5.625 -72.5 1.1719613219446299 10
0000 0011 1710404172423 104.125 -67.5 5.307573526084319 10
0000 0009 1710404172424 3.25 -60.0 5.47937937432751 10
0000 0007 1710404172424 -16.25 -58.0 5.246214294568893 10
0000 0005 1710404172424 35.75 -60.5 1.932815792735908 10
0000 0003 1710404172424 221.3125 -70.0 1.0246991663076084 10
0000 0000 1710404172425 -30.875 -64.5 5.2768939103266055 10
0000 0010 1710404172425 -6.5 -66.5 0.1902136176978195 10
0000 0014 1710404172425 192.0 -71.0 3.1231848841351653 10
0000 0008 1710404172426 6.5 -60.0 2.8716120349219203 10
0000 0013 1710404172426 -19.5 -62.0 1.88986433067511 10
0000 0006 1710404172426 32.5 -63.0 0.2945243112740431 10
0000 0015 1710404172427 -55.3125 -72.5 2.5341362615870793 10
0000 0004 1710404172427 -13.0 -64.0 6.258641614573416 10
0000 0012 1710404172427 0.0 -64.5 6.270913460876501 10
0000 0002 1710404172428 117.125 -73.5 5.64504929941916 10
0000 0001 1710404172428 0.5625 -78.0 1.6505633277649499 10
0000 0004 1710404172564 -39.0 -65.0 3.749049045592507 10
0000 0009 1710404172564 10.5625 -59.0 1.6444274046134073 10
0000 0006 1710404172565 -19.5 -63.0 3.2704470397721868 10
0000 0015 1710404172565 74.8125 -69.0 2.5464081078901644 10
0000 0003 1710404172565 91.125 -66.0 4.853515212870168 10
0000 0008 1710404172566 -13.0 -59.0 5.387340527054372 10
0000 0000 1710404172566 61.8125 -65.0 2.2641556429192065 10
0000 0007 1710404172566 -9.75 -58.5 3.9147189706841563 10
0000 0005 1710404172566 -7.3125 -64.5 5.399612373357457 10
0000 0012 1710404172567 0.0 -55.5 4.387185053352934 10
0000 0013 1710404172567 -13.0 -57.5 2.988194574801229 10
0000 0011 1710404172568 6.5 -60.0 2.6139032625571326 10
0000 0002 1710404172568 169.25 -72.0 1.736466251886546 10
0000 0010 1710404172568 19.5 -67.0 3.32567034813607 10
0000 0014 1710404172569 11.375 -70.0 4.626486056263094 10
0000 0001 1710404172569 -2.4375 -75.0 5.819923109238123 10
