0000 0010 1710149473109 -7.625 -74.5 5.387340527054372 11
0000 0000 1710149473110 -27.625 -60.5 2.086213871524472 11
0000 0009 1710149473110 -24.375 -66.0 4.4362724385652745 11
0000 0012 1710149473110 -16.25 -57.5 0.1595340019401067 11
0000 0004 1710149473111 6.5 -56.0 5.148039524144211 11
0000 0003 1710149473111 42.3125 -60.5 5.325981295538946 11
0000 0006 1710149473112 42.3125 -64.5 5.019185137961818 11
0000 0008 1710149473112 -9.75 -56.0 1.4296700943094176 11
0000 0002 1710149473112 9.75 -62.0 3.5158839658338894 11
0000 0013 1710149473113 29.25 -63.5 3.0127382674073995 11
0000 0005 1710149473114 123.6875 -67.0 3.5588354278946874 11
0000 0015 1710149473114 0.0 -68.0 4.669437518323892 11
0000 0014 1710149473114 -0.5625 -72.0 0.17794177139473438 11
0000 0011 1710149473115 -3.3125 -71.5 5.890486225480862 11
0000 0007 1710149473115 0.9375 -71.5 4.289010282928253 11
0000 0013 1710149473228 -16.25 -60.0 3.810408277107933 11
0000 0008 1710149473228 22.75 -59.0 0.7976700097005334 11
0000 0003 1710149473228 42.3125 -61.5 6.129787228391022 11
0000 0014 1710149473229 35.75 -68.5 5.5714182216006485 11
0000 0011 1710149473229 -19.5 -66.0 2.2580197197676637 11
0000 0009 1710149473229 10.5625 -66.0 3.472932503773092 11
0000 0015 1710149473230 6.5 -68.0 2.748893571891069 11
0000 0000 1710149473230 42.3125 -61.5 1.88986433067511 11
0000 0005 1710149473230 113.875 -67.5 1.1719613219446299 11
0000 0004 1710149473231 35.75 -61.5 2.4727770300716534 11
0000 0007 1710149473231 48.8125 -65.5 4.749204519293945 11
0000 0002 1710149473231 -227.8125 -69.5 3.2827188860752723 11
0000 0012 1710149473233 -2.4375 -75.5 4.700117134081604 11
0000 0013 1710149473233 6.5 -62.5 3.3502140407422405 11
0000 0015 1710149473233 -45.5625 -64.5 2.773437264497239 11
0000 0000 1710149473234 39.0 -62.5 1.9634954084936207 11
0000 0014 1710149473234 22.75 -68.0 5.405748296509 11
0000 0004 1710149473234 22.75 -62.5 1.8775924843720249 11
0000 0008 1710149473235 9.75 -57.5 0.8528933180644165 11
0000 0007 1710149473235 29.25 -62.0 5.921165841238575 11
0000 0003 1710149473235 26.0 -63.0 6.086835766330224 11
0000 0009 1710149473236 0.0 -66.5 3.736777199289422 11
0000 0002 1710149473236 -113.875 -71.0 3.117048960983623 11
0000 0011 1710149473236 3.25 -63.0 2.411417798556228 11
0000 0012 1710149473359 -16.4375 -77.0 4.172427743048944 11
0000 0005 1710149473359 1.5 -73.5 1.1290098598838318 11
0000 0000 1710149473359 45.5625 -60.5 1.932815792735908 11
0000 0003 1710149473360 -22.75 -61.5 6.007068765360171 11
0000 0011 1710149473360 42.3125 -64.0 2.4911847995262812 11
0000 0014 1710149473360 -172.5 -66.0 5.166447293598839 11
0000 0009 1710149473361 -9.75 -66.0 3.877903431774901 11
0000 0004 1710149473361 -22.75 -61.0 3.4177091954092087 11
0000 0013 1710149473361 19.5 -62.5 3.399301425954581 11
0000 0008 1710149473362 9.75 -58.5 1.086058397823034 11
0000 0012 1710149473362 0.0 -66.5 2.110757564130642 11
0000 0007 1710149473362 84.625 -70.5 4.651029748869264 11
0000 0002 1710149473363 -100.875 -71.0 3.2643111166206444 11
0000 0005 1710149473363 97.625 -70.0 6.12365130523948 11
0000 0015 1710149473363 100.875 -70.0 3.6815538909255388 11
0000 0004 1710149473597 -6.5 -56.5 5.47937937432751 11
0000 0014 1710149473597 -139.9375 -71.0 1.214912784005428 11
0000 0000 1710149473597 7.3125 -61.0 1.6873788666742053 11
0000 0013 1710149473598 3.25 -61.0 3.834951969714103 11
0000 0012 1710149473598 -9.75 -56.0 0.030679615757712823 11
0000 0008 1710149473598 52.0625 -56.0 1.423534171157875 11
0000 0003 1710149473599 -13.0 -62.0 5.270757987175063 11
0000 0009 1710149473599 10.5625 -64.5 4.933282213840222 11
0000 0011 1710149473599 32.5 -67.5 3.4054373491061236 11
0000 0002 1710149473600 -94.375 -70.5 3.4606606574700063 11
0000 0015 1710149473600 -22.75 -69.0 4.3074180523828804 11
0000 0010 1710149473600 8.8125 -73.0 6.160466844148735 11
0000 0007 1710149473601 -3.5 -69.0 4.669437518323892 11
0000 0000 1710149473601 13.0 -59.5 1.9696313316451632 11
0000 0012 1710149473602 16.25 -61.0 5.2339424482658075 11
0000 0008 1710149473603 0.0 -56.5 1.4542137869155878 11
0000 0002 1710149473603 0.0 -58.0 5.338253141842031 11
0000 0011 1710149473603 29.25 -60.5 2.2089323345553233 11
0000 0003 1710149473604 -58.5625 -61.5 4.399456899656019 11
0000 0006 1710149473604 9.75 -57.5 5.859806609723149 11
0000 0007 1710149473604 13.0 -62.5 5.178719139901925 11
0000 0015 1710149473605 22.75 -62.5 4.381049130201391 11
0000 0009 1710149473605 -21.125 -64.0 3.9515345095934116 11
0000 0014 1710149473605 -42.3125 -64.0 0.760854470791278 11
0000 0004 1710149473606 32.5 -56.0 2.5770877236478773 11
0000 0013 1710149473844 -3.375 -70.5 1.1535535524900022 11
0000 0002 1710149473844 -6.5 -56.5 5.5100589900852235 11
0000 0006 1710149473844 -84.625 -58.5 5.638913376267617 11
0000 0003 1710149473845 -6.5 -66.5 3.442252888015379 11
0000 0009 1710149473845 3.25 -68.0 3.8410878928656453 11
0000 0004 1710149473845 0.0 -56.5 4.319689898685965 11
0000 0015 1710149473846 -22.75 -61.5 5.93343768754166 11
0000 0007 1710149473846 19.5 -64.0 2.6813984172241008 11
0000 0008 1710149473846 -3.25 -53.5 1.1351457830353744 11
0000 0000 1710149473847 9.75 -61.0 1.8346410223112268 11
0000 0014 1710149473847 32.5 -65.0 1.3069516312785663 11
0000 0012 1710149473847 0.0 -64.0 6.050020227420969 11
0000 0011 1710149473848 3.25 -61.0 1.945087639038993 11
0000 0013 1710149473848 -4.5625 -77.5 1.5155730184310134 11
0000 0014 1710149473848 22.75 -68.5 1.705786636128833 11
0000 0004 1710149473849 -22.75 -57.5 4.289010282928253 11
0000 0012 1710149473849 48.8125 -63.0 6.013204688511713 11
0000 0015 1710149473850 6.5 -62.5 6.031612457966341 11
0000 0011 1710149473850 13.0 -61.5 2.043262409463674 11
0000 0002 1710149473850 -9.75 -57.0 5.915029918087033 11
0000 0009 1710149473850 59.375 -66.5 4.080388895775806 11
0000 0006 1710149473851 -42.3125 -58.0 5.332117218690489 11
0000 0008 1710149473851 6.5 -54.0 1.2640001692177683 11
0000 0000 1710149473851 -17.0625 -60.5 2.043262409463674 11
0000 0003 1710149473852 -19.5 -68.5 3.5281558121369745 11
0000 0007 1710149473852 -48.8125 -66.0 2.2396119503130363 11
0000 0013 1710149473852 -205.0625 -71.5 1.2455923997631406 11
0000 0006 1710149474079 9.75 -60.5 1.4664856332186729 11
0000 0004 1710149474079 -48.8125 -56.5 3.2459033471660166 11
0000 0003 1710149474079 35.75 -67.0 3.736777199289422 11
0000 0005 1710149474080 19.5 -69.5 2.718213956133356 11
0000 0015 1710149474080 -35.75 -60.5 4.804427827657828 11
0000 0002 1710149474080 -13.0 -59.0 5.485515297479052 11
0000 0000 1710149474081 29.25 -60.5 2.1966604882522383 11
0000 0012 1710149474081 9.75 -59.0 0.5829126993965437 11
0000 0008 1710149474081 3.25 -56.5 1.1535535524900022 11
0000 0011 1710149474082 42.3125 -62.5 2.718213956133356 11
0000 0014 1710149474083 -55.3125 -66.5 1.0615147052168636 11
0000 0009 1710149474083 -13.8125 -66.5 4.270602513473625 11
0000 0007 1710149474083 0.0 -61.5 5.178719139901925 11
0000 0013 1710149474084 3.25 -67.0 5.8475347634200645 11
0000 0013 1710149474084 -13.0 -64.0 3.724505352986337 11
0000 0011 1710149474084 16.25 -66.0 3.8410878928656453 11
0000 0008 1710149474085 -9.75 -55.5 1.705786636128833 11
0000 0006 1710149474085 -26.0 -65.5 3.147728576741336 11
0000 0000 1710149474085 -17.0625 -61.0 2.086213871524472 11
0000 0004 1710149474086 -13.0 -56.0 0.2638446955163303 11
0000 0009 1710149474086 41.5 -64.5 4.896466674930966 11
0000 0012 1710149474086 3.25 -56.0 5.872078456026235 11
0000 0002 1710149474087 -3.25 -60.5 4.252194744018997 11
0000 0003 1710149474087 -9.75 -61.5 5.013049214810275 11
0000 0015 1710149474087 -3.25 -66.0 5.2768939103266055 11
0000 0014 1710149474324 2.875 -70.0 0.9940195505498954 11
0000 0005 1710149474324 3.5625 -70.5 0.32520392703175593 11
0000 0005 1710149474324 19.5 -68.0 0.9878836273983529 11
0000 0000 1710149474324 -38.1875 -61.0 2.184388641949153 11
0000 0003 1710149474325 -61.8125 -61.0 6.0991076126333095 11
0000 0008 1710149474325 -13.0 -57.0 1.4480778637640452 11
0000 0015 1710149474326 -9.75 -67.0 4.374913207049849 11
0000 0013 1710149474326 87.875 -65.5 2.693670263527186 11
0000 0004 1710149474327 9.75 -60.0 4.049709280018092 11
0000 0009 1710149474327 -61.8125 -67.0 3.859495662320273 11
0000 0011 1710149474328 -19.5 -69.5 2.6813984172241008 11
0000 0014 1710149474328 -19.5 -69.0 5.7616318392984684 11
0000 0002 1710149474329 -29.25 -70.0 3.466796580621549 11
0000 0012 1710149474329 7.875 -74.5 1.7241944055834606 11
0000 0004 1710149474329 68.3125 -63.5 2.3623304133438876 11
0000 0011 1710149474330 16.25 -64.0 2.521864415283994 11
0000 0000 1710149474330 42.3125 -62.5 2.1353012567368124 11
0000 0005 1710149474330 123.6875 -68.5 1.945087639038993 11
0000 0008 1710149474331 16.25 -56.0 1.0676506283684062 11
0000 0015 1710149474331 -22.75 -63.0 3.8717675086233583 11
0000 0007 1710149474332 -32.5 -62.5 0.28225246497095796 11
0000 0013 1710149474332 52.0625 -64.0 3.466796580621549 11
0000 0003 1710149474332 16.25 -63.0 6.17273869045182 11
0000 0009 1710149474333 -38.1875 -67.5 4.061981126321178 11
0000 0014 1710149474487 4.25 -73.0 5.816855147662351 11
0000 0012 1710149474487 0.5625 -77.0 5.332117218690489 11
0000 0002 1710149474487 4.0625 -75.5 6.215690152512618 11
0000 0014 1710149474488 -13.0 -66.5 5.295301679781233 11
0000 0004 1710149474488 39.0 -62.5 2.804116880254952 11
0000 0008 1710149474488 -6.5 -56.5 1.1535535524900022 11
0000 0007 1710149474489 45.5625 -63.5 5.872078456026235 11
0000 0003 1710149474489 13.0 -62.5 6.135923151542564 11
0000 0013 1710149474489 65.0625 -63.5 3.6386024288647407 11
0000 0000 1710149474490 -13.0 -62.0 2.1353012567368124 11
0000 0005 1710149474490 69.125 -67.5 2.012582793705961 11
0000 0015 1710149474491 -22.75 -68.0 4.1601558967458585 11
0000 0011 1710149474491 -3.25 -64.5 2.675262494072558 11
0000 0009 1710149474492 166.8125 -67.5 3.736777199289422 11
0000 0002 1710149474492 -68.3125 -71.0 3.2459033471660166 11
0000 0012 1710149474492 -1.8125 -71.0 0.14726215563702155 11
0000 0003 1710149474608 -65.0625 -61.5 5.767767762450011 11
0000 0013 1710149474608 9.75 -61.0 4.25833066717054 11
0000 0000 1710149474609 42.3125 -61.0 1.6873788666742053 11
0000 0012 1710149474609 -3.25 -56.0 0.6688156235181395 11
0000 0002 1710149474609 -39.0 -69.5 3.098641191528995 11
0000 0008 1710149474610 -19.5 -56.5 1.4848934026733007 11
0000 0004 1710149474610 -3.25 -57.0 4.933282213840222 11
0000 0005 1710149474610 3.25 -68.5 5.712544454086128 11
0000 0015 1710149474611 71.5625 -67.0 4.773748211900116 11
0000 0009 1710149474611 -17.0625 -67.5 4.865787059173254 11
0000 0014 1710149474775 1.8125 -67.5 3.8717675086233583 11
0000 0011 1710149474775 2.6875 -72.0 1.1228739367322893 11
0000 0010 1710149474776 -0.5625 -73.0 5.264622064023521 11
0000 0011 1710149474776 -3.25 -65.0 3.773592738198677 11
0000 0012 1710149474777 -9.75 -62.0 5.399612373357457 11
0000 0002 1710149474777 13.0 -59.0 4.196971435655114 11
0000 0006 1710149474777 3.25 -58.0 4.828971520263998 11
0000 0008 1710149474778 42.3125 -56.0 1.521708941582556 11
0000 0015 1710149474778 13.0 -66.0 4.749204519293945 11
0000 0004 1710149474778 0.0 -56.5 1.423534171157875 11
0000 0009 1710149474779 24.375 -64.5 4.190835512503572 11
0000 0014 1710149474779 6.5 -60.5 0.9633399347921826 11
0000 0013 1710149474779 19.5 -67.0 6.252505691421874 11
0000 0000 1710149474780 48.8125 -60.5 1.6137477888556946 11
0000 0003 1710149474780 0.0 -62.0 4.270602513473625 11
0000 0005 1710149474780 2.875 -71.5 4.037437433715008 11
0000 0007 1710149474858 -9.75 -60.0 4.246058820867455 11
0000 0013 1710149474859 218.0625 -68.0 1.3744467859455345 11
0000 0002 1710149474859 19.5 -56.5 4.76147636559703 11
0000 0008 1710149474860 -32.5 -55.0 0.859029241215959 11
0000 0004 1710149474860 19.5 -57.5 3.8963112012295285 11
0000 0000 1710149474860 45.5625 -61.5 1.3867186322486196 11
0000 0006 1710149474861 -29.25 -58.5 5.6573211457222445 11
0000 0015 1710149474861 -19.5 -63.0 6.166602767300278 11
0000 0005 1710149474861 29.25 -66.5 2.8716120349219203 11
0000 0012 1710149474862 69.125 -60.5 6.050020227420969 11
0000 0011 1710149474862 -55.3125 -62.5 2.325514874434632 11
0000 0014 1710149474862 100.875 -63.5 1.3928545554001621 11
0000 0009 1710149474863 -123.6875 -68.5 4.675573441475434 11
0000 0003 1710149474863 45.5625 -65.0 3.497476196379262 11
0000 0015 1710149475083 -13.0 -67.0 0.18407769454627693 11
0000 0002 1710149475084 -3.25 -56.5 5.405748296509 11
0000 0003 1710149475084 84.625 -68.0 3.1231848841351653 11
0000 0009 1710149475084 30.875 -66.5 4.7307967498393175 11
0000 0008 1710149475085 26.0 -53.5 1.2455923997631406 11
0000 0006 1710149475085 16.25 -57.0 6.154330920997192 11
0000 0012 1710149475085 71.5625 -62.5 0.6381360077604268 11
0000 0000 1710149475086 10.5625 -62.0 1.5278448647340985 11
0000 0014 1710149475086 -19.5 -67.5 2.2396119503130363 11
0000 0004 1710149475086 -6.5 -58.5 4.516039439535327 11
0000 0007 1710149475087 71.5625 -65.5 2.5157284921324514 11
0000 0011 1710149475087 16.25 -63.0 2.2580197197676637 11
0000 0013 1710149475087 0.8125 -74.5 4.73693267299086 11
0000 0005 1710149475088 0.4375 -71.5 5.307573526084319 11
0000 0015 1710149475088 -13.0 -59.0 5.307573526084319 11
0000 0006 1710149475088 -39.0 -60.5 4.816699673960914 11
0000 0011 1710149475089 22.75 -62.0 2.736621725587984 11
0000 0002 1710149475089 26.0 -56.5 5.325981295538946 11
0000 0007 1710149475089 39.0 -61.0 3.8840393549264434 11
0000 0000 1710149475090 30.875 -61.5 1.9144080232812801 11
0000 0012 1710149475090 9.75 -61.0 1.239456476611598 11
0000 0003 1710149475090 74.8125 -65.5 3.5281558121369745 11
0000 0008 1710149475091 -13.0 -53.5 1.1290098598838318 11
0000 0004 1710149475091 -6.5 -57.0 4.147884050442774 11
0000 0009 1710149475092 48.8125 -65.0 4.988505522204105 11
0000 0014 1710149475092 52.0625 -64.5 1.2762720155208536 11
0000 0005 1710149475092 68.3125 -67.5 2.693670263527186 11
0000 0013 1710149475230 -2.5625 -68.5 0.15339807878856412 11
0000 0002 1710149475231 -6.5 -58.0 5.031456984264903 11
0000 0014 1710149475231 -26.0 -66.5 1.0615147052168636 11
0000 0013 1710149475231 -22.75 -63.0 3.6999616603801666 11
0000 0006 1710149475232 -6.5 -58.0 5.442563835418255 11
0000 0008 1710149475232 -16.25 -56.0 1.88986433067511 11
0000 0004 1710149475232 -3.25 -56.0 1.5401167110371838 11
0000 0011 1710149475233 0.0 -61.0 3.5588354278946874 11
0000 0012 1710149475233 32.5 -55.0 1.1596894756415448 11
0000 0009 1710149475233 48.8125 -69.5 5.013049214810275 11
0000 0007 1710149475234 -123.6875 -68.0 2.730485802436441 11
0000 0000 1710149475234 32.5 -60.5 2.3193789512830896 11
0000 0015 1710149475234 -68.3125 -68.0 5.534602682691394 11
0000 0003 1710149475234 -32.5 -64.5 4.773748211900116 11
0000 0005 1710149475235 0.5625 -71.0 1.4910293258248433 11
0000 0010 1710149475235 -2.4375 -72.5 5.638913376267617 11
0000 0008 1710149475358 35.75 -55.0 1.7855536370988863 11
0000 0004 1710149475358 13.0 -56.5 5.221670601962723 11
0000 0012 1710149475358 -3.25 -63.0 1.761009944492716 11
0000 0013 1710149475359 16.25 -65.0 3.2213596545598464 11
0000 0000 1710149475359 34.9375 -60.5 2.6813984172241008 11
0000 0003 1710149475359 26.0 -60.0 0.28838838812250056 11
0000 0002 1710149475360 -123.6875 -66.5 4.031301510563465 11
0000 0014 1710149475360 19.5 -67.5 3.890175278077986 11
0000 0009 1710149475360 7.3125 -69.0 4.902602598082509 11
0000 0006 1710149475361 -45.5625 -69.0 3.0802334220743677 11
0000 0015 1710149475362 35.75 -67.0 5.295301679781233 11
0000 0011 1710149475362 -13.375 -72.0 0.5890486225480862 11
0000 0005 1710149475363 3.0 -72.0 0.28838838812250056 11
0000 0007 1710149475572 1.125 -69.5 4.344233591292136 11
0000 0009 1710149475573 100.875 -67.0 4.491495746929157 11
0000 0004 1710149475573 -13.0 -63.5 2.5832236467994196 11
0000 0007 1710149475573 19.5 -66.0 5.031456984264903 11
0000 0011 1710149475573 -13.0 -66.5 2.8409324191642074 11
0000 0015 1710149475574 -45.5625 -64.0 4.196971435655114 11
0000 0000 1710149475574 9.75 -61.0 2.675262494072558 11
0000 0003 1710149475574 3.25 -61.0 0.8958447801252144 11
0000 0013 1710149475575 42.3125 -63.5 4.460816131171445 11
0000 0008 1710149475575 16.25 -57.5 1.5033011721279284 11
0000 0005 1710149475575 -35.75 -64.5 2.724349879284899 11
0000 0014 1710149475576 -172.5 -72.5 0.2761165418194154 11
0000 0002 1710149475576 0.0 -75.0 0.3313398501832985 11
0000 0007 1710149475576 -13.0 -63.5 6.240233845118788 11
0000 0011 1710149475577 13.0 -64.5 2.675262494072558 11
0000 0009 1710149475577 38.1875 -68.0 4.755340442445488 11
0000 0008 1710149475577 -19.5 -57.0 1.5278448647340985 11
0000 0004 1710149475578 -42.3125 -64.5 2.12916533358527 11
0000 0015 1710149475578 -19.5 -63.0 4.0987966652304335 11
0000 0003 1710149475578 16.25 -60.5 0.9817477042468103 11
0000 0005 1710149475579 114.6875 -66.0 2.6691265709210157 11
0000 0000 1710149475579 -21.125 -62.0 2.8532042654672924 11
0000 0013 1710149475579 -13.0 -66.0 3.9699422790480394 11
0000 0014 1710149475617 -9.75 -72.0 6.154330920997192 11
0000 0002 1710149475617 -4.875 -74.0 0.36815538909255385 11
0000 0003 1710149475822 16.25 -60.5 0.46019423636569234 11
0000 0015 1710149475823 6.5 -68.5 4.767612288748572 11
0000 0005 1710149475823 59.375 -68.0 1.4419419406125027 11
0000 0008 1710149475823 -19.5 -57.0 1.7241944055834606 11
0000 0000 1710149475824 -10.5625 -61.0 2.5464081078901644 11
0000 0012 1710149475824 30.875 -66.5 3.9269908169872414 11
0000 0014 1710149475824 -110.625 -65.0 5.117359908386499 11
0000 0004 1710149475825 6.5 -59.5 4.2031073588066565 11
0000 0009 1710149475825 -17.0625 -67.0 5.031456984264903 11
0000 0013 1710149475825 39.0 -63.0 4.632621979414636 11
0000 0002 1710149475826 -143.1875 -72.0 3.6876898140770815 11
0000 0011 1710149475826 39.0 -69.5 3.1968159619536762 11
0000 0006 1710149475827 7.75 -73.0 1.6873788666742053 11
0000 0012 1710149475827 3.25 -54.0 0.4908738521234052 11
0000 0008 1710149475827 -13.0 -55.0 1.7548740213411735 11
0000 0011 1710149475827 78.0625 -68.5 3.313398501832985 11
0000 0004 1710149475828 9.75 -56.0 0.23930100291016002 11
0000 0009 1710149475828 -69.125 -63.5 5.602097837358362 11
0000 0013 1710149475828 -32.5 -61.5 6.160466844148735 11
0000 0015 1710149475829 -9.75 -66.5 4.921010367537137 11
0000 0006 1710149475829 16.25 -68.5 2.478912953223196 11
0000 0002 1710149475830 -42.3125 -65.0 4.0987966652304335 11
0000 0005 1710149475831 -3.25 -65.0 2.030990563160589 11
0000 0003 1710149475831 -22.75 -60.5 5.43029198911517 11
0000 0000 1710149475832 39.0 -60.0 1.9880391010997909 11
0000 0014 1710149475832 45.5625 -68.0 1.3621749396424494 11
0000 0010 1710149475862 -6.5 -72.5 5.8045833013592665 11
0000 0006 1710149476054 19.5 -59.0 0.4479223900626072 11
0000 0015 1710149476054 -13.0 -62.0 0.04295146206079795 11
0000 0008 1710149476055 0.0 -56.0 0.9878836273983529 11
0000 0011 1710149476055 9.75 -61.0 1.8837284075235674 11
0000 0012 1710149476055 -42.3125 -59.5 5.964117303299373 11
0000 0000 1710149476056 0.0 -60.0 1.9757672547967058 11
0000 0009 1710149476056 -21.125 -65.5 4.178563666200486 11
0000 0002 1710149476056 -55.3125 -57.0 5.829126993965437 11
0000 0004 1710149476057 -26.0 -56.5 3.4177091954092087 11
0000 0014 1710149476057 -6.5 -66.5 1.4971652489763858 11
0000 0007 1710149476057 -48.8125 -61.5 4.73693267299086 11
0000 0003 1710149476058 -29.25 -62.5 4.2092432819582 11
0000 0013 1710149476058 -18.6875 -69.0 5.071340484749929 11
0000 0005 1710149476058 7.125 -72.5 6.209554229361076 11
0000 0011 1710149476059 6.5 -62.5 2.2334760271614935 11
0000 0006 1710149476059 -9.75 -57.5 5.663457068873787 11
0000 0008 1710149476059 22.75 -53.0 1.184233168247715 11
0000 0012 1710149476060 -6.5 -60.5 1.1965050145508 11
0000 0003 1710149476060 -133.4375 -67.0 3.5588354278946874 11
0000 0009 1710149476060 -100.875 -69.5 4.871922982324796 11
0000 0004 1710149476061 9.75 -57.0 4.779884135051658 11
0000 0002 1710149476061 9.75 -56.5 5.841398840268521 11
0000 0000 1710149476061 -48.8125 -61.0 1.8407769454627694 11
0000 0007 1710149476062 -198.5625 -64.0 2.5893595699509624 11
0000 0013 1710149476303 2.25 -77.5 1.1658253987930873 11
0000 0015 1710149476304 2.5625 -73.0 6.264777537724958 11
0000 0007 1710149476304 -32.5 -68.5 1.325359400733194 11
0000 0009 1710149476304 -111.4375 -69.0 4.841243366567084 11
0000 0002 1710149476305 -16.25 -56.5 6.135923151542564 11
0000 0011 1710149476305 -52.0625 -63.5 2.454369260617026 11
0000 0006 1710149476305 -6.5 -56.5 0.30066023442558565 11
0000 0000 1710149476305 -10.5625 -61.0 1.7426021750380885 11
0000 0008 1710149476306 22.75 -53.5 1.2762720155208536 11
0000 0004 1710149476306 -39.0 -57.5 4.921010367537137 11
0000 0003 1710149476306 65.0625 -68.0 3.1354567304382504 11
0000 0014 1710149476307 22.75 -69.5 2.1598449493429825 11
0000 0015 1710149476307 13.0 -65.0 6.043884304269426 11
0000 0012 1710149476308 24.375 -60.5 0.9572040116406401 11
0000 0013 1710149476308 -39.0 -72.0 1.043106935762236 11
0000 0004 1710149476308 -9.75 -56.5 4.289010282928253 11
0000 0015 1710149476309 -35.75 -60.5 4.626486056263094 11
0000 0011 1710149476309 -94.375 -63.5 3.1906800388021335 11
0000 0003 1710149476310 -58.5625 -65.5 3.7981364308048478 11
0000 0002 1710149476311 -39.0 -57.5 5.712544454086128 11
0000 0000 1710149476311 48.8125 -61.0 2.055534255766759 11
0000 0006 1710149476311 3.25 -61.5 4.387185053352934 11
0000 0007 1710149476312 -9.75 -60.5 4.405592822807561 11
0000 0012 1710149476312 16.25 -57.0 1.3499030933393643 11
0000 0008 1710149476313 3.25 -54.0 1.282407938672396 11
0000 0014 1710149476313 -6.5 -64.5 1.2333205534600555 11
0000 0009 1710149476314 45.5625 -67.5 5.123495831538041 11
0000 0013 1710149476357 -6.5 -68.0 5.819923109238123 11
0000 0005 1710149476358 1.8125 -72.0 3.1661363461959633 11
0000 0011 1710149476545 0.0 -63.5 3.6570101983193686 11
0000 0004 1710149476545 -22.75 -55.5 1.7978254834019713 11
0000 0006 1710149476545 6.5 -58.0 5.577554144752192 11
0000 0009 1710149476546 -79.75 -66.5 5.135767677841127 11
0000 0008 1710149476546 3.25 -55.5 1.9757672547967058 11
0000 0003 1710149476546 9.75 -63.0 4.847379289718626 11
0000 0002 1710149476547 -6.5 -59.5 4.95168998329485 11
0000 0012 1710149476547 13.8125 -56.5 1.3499030933393643 11
0000 0015 1710149476547 42.3125 -68.0 4.460816131171445 11
0000 0000 1710149476547 29.25 -60.5 2.405281875404685 11
0000 0013 1710149476548 9.75 -62.5 4.571262747899211 11
0000 0010 1710149476548 -21.125 -72.0 0.28838838812250056 11
0000 0005 1710149476548 4.0625 -71.5 0.4908738521234052 11
0000 0014 1710149476549 0.5625 -69.5 1.1474176293384597 11
0000 0008 1710149476549 0.0 -57.0 1.7303303287350031 11
0000 0000 1710149476549 -10.5625 -61.0 2.552544031041707 11
0000 0004 1710149476550 -58.5625 -56.5 5.148039524144211 11
0000 0013 1710149476550 32.5 -63.5 2.8102528034064944 11
0000 0009 1710149476550 -48.8125 -67.5 4.135612204139688 11
0000 0002 1710149476551 16.25 -67.5 3.7429131224409646 11
0000 0003 1710149476551 13.0 -61.5 0.14726215563702155 11
0000 0014 1710149476551 -22.75 -68.5 5.565282298449106 11
0000 0006 1710149476552 81.375 -68.5 2.834796496012665 11
0000 0015 1710149476552 78.0625 -70.5 3.5711072741977725 11
0000 0005 1710149476608 -3.25 -70.0 0.9326603190344698 11
0000 0011 1710149476608 1.625 -69.5 2.5341362615870793 11
0000 0012 1710149476608 -0.25 -78.0 1.5707963267948966 11
0000 0000 1710149476795 7.3125 -62.0 2.9820586516496865 11
0000 0014 1710149476796 214.8125 -69.5 6.129787228391022 11
0000 0015 1710149476796 32.5 -66.5 2.7857091108003242 11
0000 0002 1710149476796 120.4375 -69.5 2.350058567040802 11
0000 0009 1710149476797 -41.5 -66.0 4.1417481272912315 11
0000 0005 1710149476797 52.0625 -68.0 2.442097414313941 11
0000 0008 1710149476797 3.25 -58.0 1.4787574795217582 11
0000 0003 1710149476798 13.0 -60.5 1.3130875544301088 11
0000 0007 1710149476799 19.5 -63.0 6.000932842208628 11
0000 0004 1710149476799 26.0 -62.5 3.117048960983623 11
0000 0013 1710149476799 45.5625 -63.5 2.82252464970958 11
0000 0011 1710149476800 -9.75 -63.0 1.932815792735908 11
0000 0009 1710149476800 24.375 -66.0 4.411728745959104 11
0000 0000 1710149476801 3.25 -61.5 3.098641191528995 11
0000 0013 1710149476801 -32.5 -64.0 3.3379421944391554 11
0000 0011 1710149476801 9.75 -63.5 2.1598449493429825 11
0000 0014 1710149476802 -13.0 -67.0 5.632777453116074 11
0000 0008 1710149476802 26.0 -57.5 1.7119225592803755 11
0000 0007 1710149476802 -68.3125 -63.5 5.706408530934585 11
0000 0003 1710149476803 16.25 -60.0 1.2333205534600555 11
0000 0005 1710149476803 -62.625 -69.5 1.859184714917397 11
0000 0002 1710149476803 -87.875 -69.5 2.84706834231575 11
0000 0015 1710149476804 26.0 -71.5 3.399301425954581 11
0000 0004 1710149476804 -32.5 -62.5 3.5833791205008576 11
0000 0012 1710149477054 13.0 -56.0 1.1106020904292042 11
0000 0013 1710149477055 29.25 -61.5 4.09266074207889 11
0000 0004 1710149477055 -19.5 -57.5 4.9823695990525625 11
0000 0008 1710149477055 22.75 -56.0 2.1537090261914402 11
0000 0000 1710149477056 41.5 -60.5 2.6200391857086753 11
0000 0003 1710149477056 0.0 -61.0 0.4049709280018093 11
0000 0002 1710149477056 35.75 -69.0 2.6875343403756435 11
0000 0015 1710149477057 39.0 -69.5 4.227651051412827 11
0000 0009 1710149477057 21.125 -67.5 5.522330836388308 11
0000 0005 1710149477057 -104.125 -65.5 4.724660826687775 11
0000 0011 1710149477058 -27.625 -70.5 0.20248546400090464 11
0000 0014 1710149477058 -3.5 -71.5 1.5033011721279284 11
0000 0010 1710149477058 7.3125 -74.0 5.767767762450011 11
0000 0006 1710149477059 3.25 -65.0 0.0859029241215959 11
0000 0007 1710149477059 -2.4375 -70.0 1.9512235621905356 11
0000 0014 1710149477059 61.8125 -65.0 0.9817477042468103 11
0000 0006 1710149477060 -6.5 -58.5 4.663301595172349 11
0000 0004 1710149477060 9.75 -56.5 1.607611865704152 11
0000 0011 1710149477060 -9.75 -62.5 3.1231848841351653 11
0000 0012 1710149477061 13.8125 -59.5 0.7363107781851077 11
0000 0008 1710149477061 32.5 -55.0 2.2212041808584084 11
0000 0002 1710149477061 -3.25 -60.0 4.853515212870168 11
0000 0009 1710149477062 38.1875 -67.0 5.221670601962723 11
0000 0007 1710149477062 6.5 -64.5 1.2087768608538851 11
0000 0003 1710149477063 26.0 -62.0 5.516194913236766 11
0000 0000 1710149477063 48.8125 -60.5 2.564815877344792 11
0000 0015 1710149477063 -32.5 -65.5 4.454680208019902 11
0000 0013 1710149477064 3.25 -66.0 6.1850105367549055 11
0000 0005 1710149477107 -5.75 -71.5 4.473087977474529 11
0000 0012 1710149477285 -9.75 -60.5 0.2761165418194154 11
0000 0013 1710149477286 52.0625 -66.5 1.3130875544301088 11
0000 0004 1710149477287 -26.0 -57.0 4.828971520263998 11
0000 0009 1710149477287 -3.25 -65.5 5.203262832508095 11
0000 0014 1710149477288 -13.0 -65.5 1.509437095279471 11
0000 0007 1710149477288 -6.5 -61.0 3.810408277107933 11
0000 0008 1710149477288 3.25 -53.5 1.3744467859455345 11
0000 0011 1710149477289 13.0 -62.5 2.313243028131547 11
0000 0006 1710149477289 32.5 -59.0 5.283029833478148 11
0000 0002 1710149477289 -9.75 -58.0 5.792311455056181 11
0000 0003 1710149477290 39.0 -65.5 4.816699673960914 11
0000 0000 1710149477290 -17.0625 -61.5 2.454369260617026 11
0000 0015 1710149477290 55.3125 -64.0 0.02454369260617026 11
0000 0005 1710149477291 -145.625 -69.5 2.816388726558037 11
0000 0012 1710149477291 -13.0 -61.0 0.5276893910326605 11
0000 0002 1710149477291 16.25 -58.0 6.240233845118788 11
0000 0008 1710149477292 6.5 -52.5 1.8100973297050567 11
0000 0014 1710149477292 29.25 -68.0 2.1230294104337273 11
0000 0006 1710149477292 -16.25 -56.0 0.7485826244881929 11
0000 0015 1710149477292 -133.4375 -71.5 0.662679700366597 11
0000 0000 1710149477293 30.875 -61.5 2.325514874434632 11
0000 0011 1710149477293 -6.5 -64.0 2.3193789512830896 11
0000 0004 1710149477293 39.0 -59.0 5.522330836388308 11
0000 0003 1710149477294 -61.8125 -70.5 4.841243366567084 11
0000 0007 1710149477295 55.3125 -65.5 2.3930100291016 11
0000 0009 1710149477295 59.375 -66.0 5.258486140871978 11
0000 0013 1710149477357 -1.1875 -75.0 5.4671075280244255 11
0000 0015 1710149477529 6.5 -59.5 5.810719224510809 11
0000 0012 1710149477529 52.0625 -61.5 0.9387962421860124 11
0000 0006 1710149477529 -22.75 -56.5 0.34974761963792617 11
0000 0008 1710149477530 3.25 -52.5 1.8837284075235674 11
0000 0014 1710149477530 0.0 -64.5 1.533980787885641 11
0000 0011 1710149477530 48.8125 -64.0 2.7979809571034093 11
0000 0000 1710149477531 -6.5 -61.5 2.6384469551633027 11
0000 0007 1710149477531 19.5 -61.5 3.7551849687440497 11
0000 0009 1710149477531 -17.0625 -66.0 5.559146375297564 11
0000 0003 1710149477532 -13.0 -67.0 5.135767677841127 11
0000 0004 1710149477532 -52.0625 -57.5 5.350524988145116 11
0000 0002 1710149477532 -3.25 -57.5 6.019340611663256 11
0000 0005 1710149477533 -4.0625 -71.5 5.712544454086128 11
0000 0013 1710149477533 -10.0625 -72.0 1.1106020904292042 11
0000 0013 1710149477533 -39.0 -62.0 5.209398755659637 11
0000 0015 1710149477533 -68.3125 -66.0 4.743068596142402 11
0000 0004 1710149477534 9.75 -56.0 3.2029518851052186 11
0000 0006 1710149477534 -16.25 -57.0 0.9387962421860124 11
0000 0012 1710149477534 10.5625 -55.5 1.3499030933393643 11
0000 0008 1710149477535 39.0 -57.0 2.1659808724945253 11
0000 0002 1710149477535 -26.0 -59.0 5.730952223540755 11
0000 0000 1710149477535 24.375 -60.5 2.8654761117703775 11
0000 0011 1710149477536 3.25 -61.0 3.5465635815916023 11
0000 0007 1710149477536 35.75 -65.5 1.368310862793992 11
0000 0003 1710149477537 -26.0 -65.5 5.712544454086128 11
0000 0009 1710149477537 48.8125 -66.0 5.368932757599744 11
0000 0014 1710149477537 -139.9375 -69.0 1.1106020904292042 11
0000 0010 1710149477607 -3.625 -74.5 0.619728238305799 11
0000 0003 1710149477776 26.0 -61.0 0.607456392002714 11
0000 0000 1710149477776 6.5 -61.0 3.067961575771282 11
0000 0009 1710149477776 17.0625 -66.5 5.632777453116074 11
0000 0006 1710149477777 19.5 -66.5 1.4296700943094176 11
0000 0004 1710149477777 -9.75 -56.0 0.1227184630308513 11
0000 0008 1710149477777 52.0625 -55.5 2.1537090261914402 11
0000 0012 1710149477778 3.25 -62.5 1.4173982480063325 11
0000 0002 1710149477778 -19.5 -61.5 4.325825821837508 11
0000 0015 1710149477778 3.25 -68.0 5.056000676871073 11
0000 0013 1710149477779 16.25 -61.5 4.7307967498393175 11
0000 0014 1710149477779 24.375 -71.5 1.260932207641997 11
0000 0011 1710149477779 5.4375 -72.0 0.25770877236478773 11
0000 0007 1710149477780 1.75 -72.0 4.755340442445488 11
0000 0011 1710149477780 84.625 -65.5 2.3071071049800045 11
0000 0005 1710149477780 -48.8125 -67.0 2.3439226438892597 11
0000 0013 1710149477781 -52.0625 -63.0 4.276738436625168 11
0000 0009 1710149477781 -21.125 -66.5 4.804427827657828 11
0000 0008 1710149477781 26.0 -57.5 1.8714565612204823 11
0000 0015 1710149477782 -55.3125 -65.0 4.025165587411922 11
0000 0007 1710149477782 97.625 -67.0 5.47937937432751 11
0000 0002 1710149477782 -48.8125 -69.0 3.2459033471660166 11
0000 0003 1710149477782 26.0 -61.0 1.1167380135807468 11
0000 0004 1710149477783 0.0 -59.5 4.215379205109742 11
0000 0000 1710149477783 -45.5625 -61.5 3.1661363461959633 11
0000 0012 1710149477853 4.0625 -73.5 5.611301722085676 11
0000 0014 1710149477854 4.25 -73.0 0.25157284921324513 11
