0001 0009 1711437612287 3.25 -62.5 4.595806440505381 5
0001 0009 1711437612287 3.25 -62.5 4.620350133111551 5
0001 0011 1711437612288 -13.0 -66.0 5.375068680751287 5
0001 0005 1711437612288 13.0 -61.5 2.4911847995262812 5
0001 0004 1711437612289 48.8125 -63.0 0.9510680884890975 5
0001 0010 1711437612289 -16.25 -64.5 4.859651136021712 5
0001 0015 1711437612289 -2.6875 -75.5 5.240078371417351 5
0001 0011 1711437612290 13.0 -66.5 5.307573526084319 5
0001 0004 1711437612290 29.25 -63.5 0.9694758579437253 5
0001 0010 1711437612290 -3.25 -64.5 4.828971520263998 5
0001 0009 1711437612291 -39.0 -62.5 4.71238898038469 5
0001 0005 1711437612291 -42.3125 -62.5 2.6323110320117604 5
0001 0015 1711437612537 -0.8125 -75.5 2.073942025221387 5
0001 0004 1711437612537 16.25 -62.5 1.0799224746714913 5
0001 0011 1711437612538 -6.5 -66.5 5.43029198911517 5
0001 0010 1711437612538 -65.0625 -64.0 4.957825906446392 5
0001 0005 1711437612538 -48.8125 -61.5 2.6139032625571326 5
0001 0009 1711437612539 -29.25 -62.5 4.749204519293945 5
0001 0015 1711437612539 0.4375 -75.5 5.221670601962723 5
0001 0010 1711437612539 143.1875 -64.5 4.6448938257177215 5
0001 0004 1711437612540 -6.5 -63.0 1.0983302441261191 5
0001 0009 1711437612540 -45.5625 -62.5 4.76147636559703 5
0001 0005 1711437612540 -13.0 -61.5 2.5157284921324514 5
0001 0011 1711437612541 -16.25 -65.5 5.460971604872882 5
0001 0015 1711437612787 -7.3125 -75.5 5.381204603902829 5
0001 0009 1711437612787 -22.75 -62.5 4.724660826687775 5
0001 0010 1711437612788 114.6875 -64.0 4.779884135051658 5
0001 0004 1711437612788 22.75 -62.5 1.043106935762236 5
0001 0011 1711437612788 -45.5625 -66.0 5.45483568172134 5
0001 0005 1711437612789 26.0 -61.5 2.4911847995262812 5
0001 0015 1711437612789 -0.125 -76.0 5.056000676871073 5
0001 0010 1711437612789 26.0 -64.5 4.8351074434155406 5
0001 0004 1711437612790 55.3125 -62.5 1.0369710126106935 5
0001 0011 1711437612790 -91.125 -66.5 5.460971604872882 5
0001 0009 1711437612790 16.25 -63.0 4.6878452877785195 5
0001 0005 1711437612791 42.3125 -61.5 2.429825568010856 5
0001 0015 1711437613039 -4.5625 -75.5 5.307573526084319 5
0001 0009 1711437613039 -32.5 -62.5 4.7307967498393175 5
0001 0005 1711437613039 22.75 -62.0 2.5341362615870793 5
0001 0010 1711437613040 97.625 -64.5 4.743068596142402 5
0001 0004 1711437613040 -39.0 -63.0 1.1903690913992575 5
0001 0011 1711437613040 19.5 -65.5 5.307573526084319 5
0001 0015 1711437613041 8.0 -75.5 1.859184714917397 5
0001 0010 1711437613041 22.75 -64.5 4.841243366567084 5
0001 0004 1711437613041 39.0 -63.0 1.0615147052168636 5
0001 0011 1711437613042 -9.75 -66.0 5.325981295538946 5
0001 0005 1711437613042 9.75 -62.0 2.5280003384355365 5
0001 0009 1711437613042 9.75 -62.5 4.7307967498393175 5
0001 0015 1711437613287 -1.5625 -76.0 5.2339424482658075 5
0001 0011 1711437613287 -29.25 -66.0 5.418020142812084 5
0001 0004 1711437613287 13.0 -62.5 1.0921943209745766 5
0001 0009 1711437613287 -39.0 -63.0 4.7307967498393175 5
0001 0005 1711437613288 -13.0 -62.0 2.564815877344792 5
0001 0010 1711437613288 52.0625 -64.5 4.804427827657828 5
0001 0015 1711437613288 -2.1875 -75.5 5.074408446325701 5
0001 0005 1711437613289 -32.5 -62.0 2.5954954931025047 5
0001 0011 1711437613289 13.0 -66.5 5.325981295538946 5
0001 0004 1711437613289 19.5 -63.5 1.0246991663076084 5
0001 0010 1711437613290 -52.0625 -64.5 4.822835597112456 5
0001 0009 1711437613290 3.25 -62.5 4.6878452877785195 5
0001 0015 1711437613291 -7.0 -75.5 5.270757987175063 5
0001 0009 1711437613519 -55.3125 -63.0 4.767612288748572 5
0001 0011 1711437613520 9.75 -65.5 5.313709449235861 5
0001 0004 1711437613520 55.3125 -62.5 0.9756117810952678 5
0001 0010 1711437613520 -9.75 -64.5 4.773748211900116 5
0001 0005 1711437613520 45.5625 -62.0 2.448233337465483 5
0001 0015 1711437613521 4.1875 -76.0 1.9573594853420782 5
0001 0004 1711437613521 42.3125 -63.0 0.9387962421860124 5
0001 0011 1711437613521 22.75 -66.5 5.252350217720435 5
0001 0010 1711437613522 42.3125 -64.5 4.718524903536232 5
0001 0005 1711437613522 -48.8125 -62.5 2.5832236467994196 5
0001 0009 1711437613522 -3.25 -62.5 4.749204519293945 5
0001 0015 1711437613523 3.375 -76.0 1.9880391010997909 5
0001 0005 1711437613523 48.8125 -62.0 2.466641106920111 5
0001 0010 1711437613523 61.8125 -65.0 4.792155981354743 5
0001 0009 1711437613524 22.75 -63.0 4.657165672020807 5
0001 0011 1711437613524 3.25 -65.5 5.344389064993574 5
0001 0004 1711437613524 22.75 -63.0 0.9940195505498954 5
0001 0015 1711437613787 2.875 -76.0 2.030990563160589 5
0001 0004 1711437613787 35.75 -63.0 0.9387962421860124 5
0001 0005 1711437613787 19.5 -62.0 2.497320722677824 5
0001 0011 1711437613787 42.3125 -66.5 5.209398755659637 5
0001 0010 1711437613788 35.75 -65.0 4.706253057233147 5
0001 0009 1711437613788 -68.3125 -63.0 4.755340442445488 5
0001 0015 1711437613788 2.3125 -75.5 5.301437602932776 5
0001 0004 1711437613789 91.125 -63.0 0.8528933180644165 5
0001 0005 1711437613790 19.5 -62.0 2.448233337465483 5
0001 0010 1711437613790 -32.5 -65.0 4.792155981354743 5
0001 0009 1711437613791 65.0625 -62.5 4.620350133111551 5
0001 0011 1711437613791 45.5625 -66.0 5.178719139901925 5
0001 0015 1711437614037 -5.1875 -75.5 5.21553467881118 5
0001 0004 1711437614037 84.625 -63.0 0.8099418560036186 5
0001 0011 1711437614038 -74.8125 -65.5 5.283029833478148 5
0001 0005 1711437614038 3.25 -62.0 2.3746022596469727 5
0001 0009 1711437614038 -52.0625 -62.5 4.743068596142402 5
0001 0010 1711437614039 -94.375 -64.5 4.822835597112456 5
0001 0015 1711437614039 -4.0625 -75.5 5.448699758569798 5
0001 0011 1711437614039 -71.5625 -65.5 5.203262832508095 5
0001 0005 1711437614040 -16.25 -62.0 2.4175537217077703 5
0001 0010 1711437614040 -42.3125 -65.5 4.473087977474529 5
0001 0009 1711437614040 -68.3125 -62.5 4.565126824747668 5
0001 0004 1711437614041 6.5 -63.0 0.8344855486097889 5
0001 0015 1711437614286 0.25 -76.0 5.3627968344482015 5
0001 0004 1711437614287 3.25 -63.5 0.8222137023067037 5
0001 0005 1711437614287 -42.3125 -62.0 2.466641106920111 5
0001 0011 1711437614287 87.875 -66.0 4.890330751779424 5
0001 0010 1711437614287 -3.25 -65.0 4.417864669110647 5
0001 0009 1711437614288 -48.8125 -63.0 4.509903516383785 5
0001 0015 1711437614288 -7.4375 -75.0 5.5714182216006485 5
0001 0010 1711437614288 -65.0625 -64.5 4.546719055293041 5
0001 0004 1711437614289 22.75 -64.0 0.8406214717613314 5
0001 0005 1711437614289 -48.8125 -61.5 2.5034566458293663 5
0001 0011 1711437614290 -16.25 -65.5 5.141903600992669 5
0001 0009 1711437614290 -39.0 -62.5 4.479223900626073 5
0001 0015 1711437614536 3.25 -75.5 5.399612373357457 5
0001 0010 1711437614537 45.5625 -65.5 4.448544284868359 5
0001 0005 1711437614537 26.0 -62.0 2.3439226438892597 5
0001 0009 1711437614537 26.0 -63.0 4.3503695144436785 5
0001 0004 1711437614538 13.0 -63.5 0.8835729338221293 5
0001 0011 1711437614538 -52.0625 -66.0 5.2339424482658075 5
0001 0015 1711437614538 8.0 -76.0 5.325981295538946 5
0001 0004 1711437614539 39.0 -62.5 0.8406214717613314 5
0001 0011 1711437614539 9.75 -65.5 5.0682725231741586 5
0001 0005 1711437614539 16.25 -61.5 2.380738182798515 5
0001 0009 1711437614540 -6.5 -63.0 4.3503695144436785 5
0001 0010 1711437614540 -16.25 -65.0 4.577398671050753 5
0001 0015 1711437614786 8.5625 -76.0 5.411884219660542 5
0001 0011 1711437614787 -81.375 -65.0 5.141903600992669 5
0001 0010 1711437614787 -19.5 -65.0 4.595806440505381 5
0001 0005 1711437614787 58.5625 -62.0 2.2518837966161214 5
0001 0009 1711437614788 -55.3125 -63.0 4.460816131171445 5
0001 0004 1711437614788 -26.0 -63.0 0.9633399347921826 5
0001 0015 1711437614788 7.0 -75.0 5.405748296509 5
0001 0005 1711437614789 84.625 -62.0 2.2334760271614935 5
0001 0004 1711437614789 9.75 -63.0 0.859029241215959 5
0001 0009 1711437614790 -6.5 -62.5 4.3933209765044765 5
0001 0010 1711437614790 -45.5625 -65.0 4.589670517353839 5
0001 0011 1711437614791 -3.25 -66.0 5.037592907416445 5
0001 0015 1711437615037 3.5625 -75.5 5.47937937432751 5
0001 0009 1711437615037 -35.75 -62.5 4.454680208019902 5
0001 0011 1711437615038 -13.0 -65.5 5.117359908386499 5
0001 0005 1711437615038 -26.0 -62.0 2.36846633649543 5
0001 0004 1711437615038 65.0625 -63.5 0.8099418560036186 5
0001 0010 1711437615039 -16.25 -65.0 4.540583132141498 5
0001 0015 1711437615039 -2.25 -75.5 5.5284667595398505 5
0001 0005 1711437615040 -22.75 -62.0 2.380738182798515 5
0001 0010 1711437615040 -6.5 -65.0 4.632621979414636 5
0001 0004 1711437615040 29.25 -63.5 0.9265243958829272 5
0001 0009 1711437615041 -52.0625 -63.0 4.491495746929157 5
0001 0011 1711437615041 -78.0625 -65.5 5.190990986205009 5
0001 0015 1711437615277 -1.125 -75.5 5.534602682691394 5
0001 0011 1711437615277 32.5 -65.0 4.988505522204105 5
0001 0004 1711437615277 35.75 -63.0 0.9265243958829272 5
0001 0010 1711437615278 -13.0 -65.0 4.651029748869264 5
0001 0005 1711437615278 9.75 -61.5 2.3623304133438876 5
0001 0009 1711437615278 -74.8125 -62.0 4.583534594202296 5
0001 0015 1711437615279 -7.0 -75.5 5.632777453116074 5
0001 0011 1711437615279 -107.375 -66.0 5.209398755659637 5
0001 0004 1711437615280 26.0 -63.5 0.9265243958829272 5
0001 0009 1711437615280 -9.75 -63.0 4.417864669110647 5
0001 0005 1711437615280 -26.0 -62.0 2.448233337465483 5
0001 0010 1711437615280 48.8125 -65.0 4.565126824747668 5
0001 0015 1711437615281 -3.25 -75.5 5.681864838328415 5
0001 0005 1711437615282 -19.5 -61.5 2.4850488763747385 5
0001 0011 1711437615282 84.625 -66.0 4.92714629068868 5
0001 0009 1711437615282 58.5625 -63.0 4.313553975534423 5
0001 0004 1711437615283 29.25 -63.5 0.9142525495798421 5
0001 0010 1711437615283 -9.75 -65.5 4.601942363656923 5
0001 0015 1711437615537 0.5625 -76.0 5.405748296509 5
0001 0004 1711437615537 -29.25 -64.0 0.9265243958829272 5
0001 0011 1711437615537 -71.5625 -66.0 5.178719139901925 5
0001 0005 1711437615538 -107.375 -62.0 2.6261751088602177 5
0001 0010 1711437615538 -55.3125 -64.5 4.638757902566179 5
0001 0009 1711437615538 16.25 -62.5 4.362641360746763 5
0001 0015 1711437615539 4.25 -75.5 5.516194913236766 5
0001 0009 1711437615539 -78.0625 -62.5 4.571262747899211 5
0001 0005 1711437615539 48.8125 -61.5 2.3071071049800045 5
0001 0011 1711437615540 -9.75 -65.5 5.111223985234957 5
0001 0004 1711437615540 6.5 -63.5 0.9694758579437253 5
0001 0010 1711437615540 -3.25 -65.5 4.583534594202296 5
0001 0015 1711437615787 0.625 -75.5 5.553010452146021 5
0001 0010 1711437615788 -100.875 -65.0 4.755340442445488 5
0001 0011 1711437615788 -55.3125 -65.5 5.258486140871978 5
0001 0009 1711437615789 -52.0625 -62.5 4.571262747899211 5
0001 0004 1711437615789 9.75 -63.0 1.0492428589137786 5
0001 0005 1711437615789 13.0 -61.5 2.399145952253143 5
0001 0015 1711437615790 -2.1875 -76.0 5.50392306693368 5
0001 0004 1711437615790 16.25 -63.0 1.1044661672776617 5
0001 0010 1711437615790 87.875 -65.5 4.620350133111551 5
0001 0005 1711437615791 -39.0 -62.0 2.5341362615870793 5
0001 0009 1711437615791 -65.0625 -62.5 4.651029748869264 5
0001 0011 1711437615791 -3.25 -65.5 5.21553467881118 5
0001 0015 1711437616036 2.1875 -75.5 5.50392306693368 5
0001 0005 1711437616036 -6.5 -61.5 2.5280003384355365 5
0001 0009 1711437616037 -9.75 -63.0 4.540583132141498 5
0001 0010 1711437616037 -32.5 -64.0 4.988505522204105 5
0001 0011 1711437616037 32.5 -66.0 5.203262832508095 5
0001 0004 1711437616038 -6.5 -63.5 1.3069516312785663 5
0001 0015 1711437616038 4.875 -76.5 5.583690067903734 5
0001 0010 1711437616038 32.5 -65.0 4.994641445355648 5
0001 0004 1711437616038 22.75 -64.0 1.2946797849754812 5
0001 0009 1711437616039 -13.0 -63.5 4.614214209960009 5
0001 0005 1711437616039 3.25 -62.0 2.5954954931025047 5
0001 0011 1711437616039 61.8125 -65.0 5.301437602932776 5
0001 0015 1711437616286 -3.625 -76.0 5.602097837358362 5
0001 0004 1711437616286 87.875 -64.0 1.227184630308513 5
0001 0010 1711437616287 94.375 -64.5 4.865787059173254 5
0001 0009 1711437616287 -32.5 -63.0 4.6878452877785195 5
0001 0005 1711437616287 -42.3125 -61.5 2.693670263527186 5
0001 0011 1711437616288 42.3125 -65.5 5.295301679781233 5
0001 0015 1711437616288 3.9375 -76.5 5.602097837358362 5
0001 0009 1711437616289 -26.0 -62.5 4.749204519293945 5
0001 0004 1711437616289 -35.75 -64.0 1.4542137869155878 5
0001 0010 1711437616289 29.25 -64.5 5.062136600022616 5
0001 0011 1711437616289 6.5 -65.0 5.3627968344482015 5
0001 0005 1711437616290 -22.75 -61.5 2.7120780329818137 5
0001 0015 1711437616536 0.25 -76.0 5.6941366846315 5
0001 0011 1711437616537 16.25 -65.5 5.497787143782138 5
0001 0010 1711437616537 -3.25 -64.0 5.049864753719531 5
0001 0005 1711437616537 -32.5 -62.0 2.742757648739526 5
0001 0009 1711437616538 -13.0 -62.5 4.71238898038469 5
0001 0004 1711437616538 -13.0 -64.0 1.4787574795217582 5
0001 0015 1711437616538 -5.75 -76.0 5.700272607783043 5
0001 0005 1711437616539 35.75 -62.0 2.767301341345697 5
0001 0004 1711437616539 22.75 -64.0 1.4726215563702154 5
0001 0011 1711437616539 29.25 -66.0 5.436427912266712 5
0001 0009 1711437616540 19.5 -62.5 4.693981210930062 5
0001 0010 1711437616540 78.0625 -64.5 4.970097752749477 5
0001 0015 1711437616541 -4.5625 -76.0 5.730952223540755 5
0001 0010 1711437616797 -26.0 -65.0 5.105088062083414 5
0001 0011 1711437616798 -19.5 -65.0 5.5714182216006485 5
0001 0009 1711437616798 26.0 -62.5 4.718524903536232 5
0001 0005 1711437616798 -26.0 -62.0 2.773437264497239 5
0001 0004 1711437616798 6.5 -64.0 1.4848934026733007 5
0001 0015 1711437616799 -3.625 -76.5 5.706408530934585 5
0001 0010 1711437616799 26.0 -64.0 5.074408446325701 5
0001 0011 1711437616800 -48.8125 -66.0 5.5714182216006485 5
0001 0004 1711437616800 39.0 -64.0 1.4480778637640452 5
0001 0009 1711437616800 -35.75 -63.0 4.767612288748572 5
0001 0005 1711437616801 16.25 -62.5 2.693670263527186 5
0001 0015 1711437616801 -16.125 -76.0 5.786175531904639 5
0001 0004 1711437617033 -13.0 -64.0 1.5278448647340985 5
0001 0009 1711437617034 -13.0 -63.0 4.73693267299086 5
0001 0011 1711437617034 -29.25 -65.5 5.546874528994478 5
0001 0010 1711437617034 -100.875 -64.5 5.203262832508095 5
0001 0005 1711437617035 61.8125 -62.0 2.5464081078901644 5
0001 0015 1711437617035 -0.125 -75.0 5.6573211457222445 5
0001 0011 1711437617035 -133.4375 -65.5 5.620505606812989 5
0001 0005 1711437617035 -32.5 -62.0 2.736621725587984 5
0001 0009 1711437617036 -52.0625 -62.5 4.8351074434155406 5
0001 0010 1711437617036 -29.25 -65.5 5.056000676871073 5
0001 0004 1711437617036 55.3125 -63.5 1.3621749396424494 5
