0001 0012 1711699122011 9.75 -56.0 0.7915340865489908 13
0001 0007 1711699122011 -22.75 -63.0 4.295146206079795 13
0001 0010 1711699122012 -22.75 -57.0 0.46019423636569234 13
0001 0004 1711699122012 -48.8125 -72.0 2.5157284921324514 13
0001 0008 1711699122013 -29.25 -67.0 5.135767677841127 13
0001 0014 1711699122014 -6.5 -56.5 3.1231848841351653 13
0001 0015 1711699122014 -48.8125 -59.5 5.5714182216006485 13
0001 0012 1711699122014 -9.75 -56.5 0.7669903939428205 13
0001 0011 1711699122015 -81.375 -64.0 3.5281558121369745 13
0001 0013 1711699122015 -13.0 -59.0 3.1906800388021335 13
0001 0005 1711699122016 -26.0 -66.5 2.423689644859313 13
0001 0001 1711699122016 19.5 -57.5 5.939573610693203 13
0001 0009 1711699122017 -13.0 -65.0 3.6140587362585705 13
0001 0002 1711699122017 -13.0625 -79.5 5.166447293598839 13
0001 0005 1711699122145 48.8125 -65.5 2.435961491162398 13
0001 0015 1711699122146 -19.5 -60.0 5.522330836388308 13
0001 0013 1711699122146 -52.0625 -59.0 3.2213596545598464 13
0001 0014 1711699122147 35.75 -56.5 3.074097498922825 13
0001 0011 1711699122147 -45.5625 -64.5 3.4054373491061236 13
0001 0010 1711699122147 9.75 -56.5 0.3988350048502667 13
0001 0001 1711699122148 16.25 -57.5 6.031612457966341 13
0001 0012 1711699122148 13.0 -56.0 0.7424467013366504 13
0001 0008 1711699122149 45.5625 -66.5 5.043728830567988 13
0001 0009 1711699122149 -26.0 -65.0 3.6815538909255388 13
0001 0007 1711699122150 -39.0 -62.5 4.516039439535327 13
0001 0004 1711699122150 -126.9375 -72.5 2.724349879284899 13
0001 0002 1711699122151 1.5 -80.0 1.859184714917397 13
0001 0014 1711699122152 -16.25 -56.5 3.141592653589793 13
0001 0011 1711699122152 19.5 -64.5 3.429981041712294 13
0001 0012 1711699122153 22.75 -56.5 0.7485826244881929 13
0001 0015 1711699122153 -39.0 -59.5 5.516194913236766 13
0001 0010 1711699122154 0.0 -57.0 0.4356505437595221 13
0001 0009 1711699122154 -26.0 -64.5 3.718369429834794 13
0001 0001 1711699122155 32.5 -57.5 6.080699843178682 13
0001 0013 1711699122155 -6.5 -58.5 3.141592653589793 13
0001 0007 1711699122159 -16.25 -62.5 4.571262747899211 13
0001 0008 1711699122159 78.0625 -66.0 5.049864753719531 13
0001 0005 1711699122160 -143.1875 -66.0 2.761165418194154 13
0001 0004 1711699122161 -162.75 -71.0 2.8838838812250054 13
0001 0002 1711699122260 3.1875 -80.0 4.908738521234052 13
0001 0005 1711699122391 -45.5625 -66.0 2.6568547246179306 13
0001 0011 1711699122392 -42.3125 -64.0 3.436116964863836 13
0001 0010 1711699122393 9.75 -57.0 0.39269908169872414 13
0001 0014 1711699122393 -13.0 -56.5 3.129320807286708 13
0001 0009 1711699122394 3.25 -64.0 3.6876898140770815 13
0001 0012 1711699122395 -19.5 -56.0 0.8160777791551611 13
0001 0007 1711699122395 68.3125 -62.5 4.4362724385652745 13
0001 0008 1711699122396 71.5625 -66.0 5.0682725231741586 13
0001 0013 1711699122396 6.5 -59.0 3.129320807286708 13
0001 0001 1711699122397 3.25 -57.5 6.166602767300278 13
0001 0015 1711699122397 -29.25 -60.0 5.522330836388308 13
0001 0004 1711699122398 -26.0 -71.5 2.5586799541932495 13
0001 0002 1711699122398 9.125 -79.5 4.963961829597935 13
0001 0015 1711699122398 3.25 -60.0 5.47937937432751 13
0001 0001 1711699122399 -32.5 -58.0 6.270913460876501 13
0001 0013 1711699122399 -9.75 -59.0 3.1906800388021335 13
0001 0012 1711699122399 -13.0 -56.0 0.8099418560036186 13
0001 0014 1711699122400 22.75 -56.5 3.08636934522591 13
0001 0010 1711699122400 19.5 -57.0 0.4172427743048944 13
0001 0009 1711699122401 35.75 -64.5 3.6999616603801666 13
0001 0011 1711699122401 -97.625 -64.0 3.522019888985432 13
0001 0004 1711699122402 78.0625 -72.0 2.435961491162398 13
0001 0007 1711699122402 -3.25 -63.0 4.614214209960009 13
0001 0005 1711699122402 52.0625 -65.5 2.521864415283994 13
0001 0008 1711699122403 6.5 -66.5 5.166447293598839 13
0001 0002 1711699122509 -0.25 -79.5 5.00077736850719 13
0001 0009 1711699122644 26.0 -64.0 3.7122335066832517 13
0001 0008 1711699122645 -42.3125 -66.5 5.1725832167503825 13
0001 0015 1711699122645 35.75 -59.5 5.436427912266712 13
0001 0005 1711699122645 3.25 -65.5 2.7120780329818137 13
0001 0001 1711699122645 -3.25 -58.0 6.2034183062095325 13
0001 0012 1711699122646 -26.0 -56.0 0.8160777791551611 13
0001 0010 1711699122646 -26.0 -57.0 0.4724660826687775 13
0001 0013 1711699122646 -19.5 -59.0 3.1968159619536762 13
0001 0007 1711699122647 -52.0625 -63.5 4.700117134081604 13
0001 0014 1711699122647 9.75 -56.5 3.11091303783208 13
0001 0011 1711699122647 -42.3125 -64.0 3.4913402732277192 13
0001 0004 1711699122648 -56.125 -73.0 2.6875343403756435 13
0001 0002 1711699122648 6.6875 -79.0 5.154175447295755 13
0001 0015 1711699122649 -45.5625 -60.0 5.559146375297564 13
0001 0012 1711699122649 26.0 -56.0 0.7669903939428205 13
0001 0007 1711699122649 -29.25 -64.0 4.718524903536232 13
0001 0013 1711699122650 -9.75 -59.0 3.1784081924990484 13
0001 0010 1711699122650 3.25 -57.0 0.46019423636569234 13
0001 0001 1711699122650 29.25 -58.0 6.056156150572511 13
0001 0011 1711699122651 45.5625 -64.5 3.368621810196868 13
0001 0005 1711699122651 -19.5 -65.5 2.6813984172241008 13
0001 0014 1711699122652 0.0 -56.5 3.141592653589793 13
0001 0008 1711699122652 87.875 -65.5 4.95168998329485 13
0001 0009 1711699122652 -19.5 -65.0 3.8410878928656453 13
0001 0004 1711699122760 40.6875 -73.0 5.626641529964532 13
0001 0002 1711699122760 1.5 -79.5 5.154175447295755 13
0001 0015 1711699122900 0.0 -60.0 5.485515297479052 13
0001 0009 1711699122900 -6.5 -64.5 3.8288160465625602 13
0001 0005 1711699122900 -39.0 -66.0 2.761165418194154 13
0001 0012 1711699122901 3.25 -56.0 0.8099418560036186 13
0001 0001 1711699122901 9.75 -58.0 6.074563920027139 13
0001 0014 1711699122901 6.5 -56.5 3.1231848841351653 13
0001 0007 1711699122902 71.5625 -63.5 4.6448938257177215 13
0001 0008 1711699122902 52.0625 -67.0 5.0253210611133605 13
0001 0013 1711699122902 -13.0 -58.5 3.184544115650591 13
0001 0011 1711699122903 52.0625 -64.5 3.3011266555298997 13
0001 0010 1711699122903 -16.25 -57.0 0.4724660826687775 13
0001 0004 1711699122904 18.25 -73.0 5.608233760509904 13
0001 0002 1711699122905 -2.6875 -79.5 1.9512235621905356 13
0001 0008 1711699122905 -48.8125 -67.0 5.1725832167503825 13
0001 0001 1711699122905 -13.0 -58.0 6.007068765360171 13
0001 0010 1711699122906 19.5 -56.5 0.4049709280018093 13
0001 0012 1711699122906 9.75 -56.0 0.8099418560036186 13
0001 0014 1711699122906 -13.0 -56.5 3.129320807286708 13
0001 0011 1711699122907 -22.75 -64.5 3.436116964863836 13
0001 0013 1711699122907 -22.75 -58.5 3.1661363461959633 13
0001 0009 1711699122908 9.75 -65.0 3.730641276137879 13
0001 0004 1711699122908 3.25 -72.0 2.509592568980909 13
0001 0005 1711699122908 3.25 -65.5 2.6813984172241008 13
0001 0015 1711699122909 13.0 -59.5 5.448699758569798 13
0001 0007 1711699122909 -13.0 -63.5 4.773748211900116 13
0001 0004 1711699123229 -68.3125 -70.5 2.4175537217077703 13
0001 0007 1711699123229 -55.3125 -63.0 4.816699673960914 13
0001 0010 1711699123230 3.25 -56.5 0.34974761963792617 13
0001 0001 1711699123230 -9.75 -58.0 5.945709533844745 13
0001 0015 1711699123231 -6.5 -60.0 5.50392306693368 13
0001 0012 1711699123231 -6.5 -56.0 0.7792622402459057 13
0001 0014 1711699123231 -3.25 -56.5 3.147728576741336 13
0001 0008 1711699123232 65.0625 -66.5 4.914874444385594 13
0001 0013 1711699123232 6.5 -58.5 3.0925052683774528 13
0001 0011 1711699123233 -35.75 -64.5 3.423845118560751 13
0001 0005 1711699123233 -39.0 -65.0 2.6875343403756435 13
0001 0009 1711699123233 13.0 -63.0 3.749049045592507 13
0001 0015 1711699123234 39.0 -60.0 5.424156065963627 13
0001 0014 1711699123234 16.25 -56.5 3.0925052683774528 13
0001 0013 1711699123235 22.75 -59.0 3.0925052683774528 13
0001 0004 1711699123235 -94.375 -70.5 2.509592568980909 13
0001 0010 1711699123235 -3.25 -57.0 0.3374757733348411 13
0001 0012 1711699123236 -13.0 -56.0 0.7424467013366504 13
0001 0007 1711699123236 -39.0 -63.0 4.6448938257177215 13
0001 0001 1711699123236 -3.25 -57.5 5.902758071783947 13
0001 0011 1711699123237 87.875 -65.0 3.2029518851052186 13
0001 0009 1711699123237 26.0 -63.5 3.7122335066832517 13
0001 0005 1711699123237 -13.0 -65.0 2.6200391857086753 13
0001 0008 1711699123238 -26.0 -66.0 5.006913291658733 13
0001 0012 1711699123468 32.5 -56.0 0.662679700366597 13
0001 0007 1711699123468 -45.5625 -62.5 4.767612288748572 13
0001 0011 1711699123469 6.5 -64.0 3.2581751934691017 13
0001 0015 1711699123469 6.5 -60.0 5.45483568172134 13
0001 0014 1711699123470 -22.75 -56.5 3.1231848841351653 13
0001 0013 1711699123470 29.25 -58.5 3.055689729468197 13
0001 0009 1711699123470 -35.75 -63.0 3.8410878928656453 13
0001 0010 1711699123471 29.25 -57.0 0.2454369260617026 13
0001 0001 1711699123471 13.0 -57.5 5.878214379177777 13
0001 0005 1711699123471 -19.5 -66.0 2.718213956133356 13
0001 0004 1711699123472 120.4375 -71.0 2.116893487282185 13
0001 0008 1711699123472 16.25 -66.0 4.921010367537137 13
0001 0010 1711699123472 -16.25 -57.0 0.23930100291016002 13
0001 0005 1711699123473 94.375 -65.5 2.435961491162398 13
0001 0008 1711699123473 -26.0 -66.0 4.9823695990525625 13
0001 0012 1711699123473 -6.5 -56.0 0.7485826244881929 13
0001 0013 1711699123474 13.0 -58.5 3.0495538063166547 13
0001 0014 1711699123474 -3.25 -56.5 3.08636934522591 13
0001 0004 1711699123474 -52.0625 -70.0 2.3071071049800045 13
0001 0001 1711699123475 -42.3125 -57.5 5.9518454569962875 13
0001 0011 1711699123475 19.5 -65.0 3.2459033471660166 13
0001 0007 1711699123475 -71.5625 -63.5 4.743068596142402 13
0001 0015 1711699123476 -29.25 -60.0 5.522330836388308 13
0001 0009 1711699123476 16.25 -63.0 3.706097583531709 13
0001 0009 1711699123713 22.75 -63.5 3.5588354278946874 13
0001 0011 1711699123713 42.3125 -64.0 3.08636934522591 13
0001 0010 1711699123713 -6.5 -57.0 0.12885438618239387 13
0001 0015 1711699123714 3.25 -60.0 5.491651220630596 13
0001 0005 1711699123714 -16.25 -66.0 2.6323110320117604 13
0001 0013 1711699123714 -13.0 -58.5 3.117048960983623 13
0001 0004 1711699123715 162.75 -69.5 2.0371264863121317 13
0001 0007 1711699123715 58.5625 -63.5 4.509903516383785 13
0001 0008 1711699123715 27.625 -66.5 4.847379289718626 13
0001 0014 1711699123716 0.0 -56.5 3.1661363461959633 13
0001 0012 1711699123716 6.5 -56.0 0.7424467013366504 13
0001 0001 1711699123716 -6.5 -57.5 5.8659425328746915 13
0001 0004 1711699123717 -13.0 -69.5 2.2518837966161214 13
0001 0007 1711699123717 -45.5625 -63.5 4.638757902566179 13
0001 0001 1711699123717 -13.0 -58.0 5.8659425328746915 13
0001 0011 1711699123718 19.5 -64.5 2.9391071895888885 13
0001 0012 1711699123718 0.0 -56.0 0.7424467013366504 13
0001 0005 1711699123718 100.875 -65.5 2.411417798556228 13
0001 0015 1711699123719 -3.25 -60.0 5.5714182216006485 13
0001 0013 1711699123719 22.75 -58.0 2.9391071895888885 13
0001 0010 1711699123719 -35.75 -55.5 6.043884304269426 13
0001 0014 1711699123720 -3.25 -55.5 3.227495577711389 13
0001 0009 1711699123720 -58.5625 -65.0 3.0127382674073995 13
0001 0008 1711699123720 29.25 -66.5 4.76147636559703 13
0001 0013 1711699123938 6.5 -57.0 2.8838838812250054 13
0001 0010 1711699123938 -48.8125 -55.0 5.595961914206819 13
0001 0009 1711699123939 48.8125 -63.0 2.693670263527186 13
0001 0001 1711699123939 3.25 -57.5 5.994796919057086 13
0001 0007 1711699123939 -9.75 -63.0 4.503767593232243 13
0001 0005 1711699123940 6.5 -67.0 2.6200391857086753 13
0001 0012 1711699123940 -13.0 -57.0 0.7853981633974483 13
0001 0004 1711699123940 81.375 -68.0 1.9819031779482483 13
0001 0014 1711699123941 -13.0 -55.0 3.2765829629237295 13
0001 0008 1711699123941 -52.0625 -67.0 4.565126824747668 13
0001 0015 1711699123942 6.5 -60.5 5.5284667595398505 13
0001 0011 1711699123942 6.5 -64.5 2.552544031041707 13
0001 0009 1711699123942 42.3125 -61.0 2.60776733940559 13
0001 0015 1711699123943 -45.5625 -62.0 5.473243451175968 13
0001 0007 1711699123943 39.0 -62.5 4.399456899656019 13
0001 0008 1711699123943 27.625 -65.5 4.01902966426038 13
0001 0013 1711699123944 9.75 -55.5 2.7120780329818137 13
0001 0001 1711699123944 16.25 -57.5 6.007068765360171 13
0001 0014 1711699123944 -6.5 -54.5 3.2765829629237295 13
0001 0012 1711699123945 6.5 -57.5 0.6258641614573416 13
0001 0010 1711699123945 -3.25 -56.0 4.749204519293945 13
0001 0005 1711699123945 -19.5 -66.5 2.4605051837685683 13
0001 0011 1711699123946 81.375 -63.0 1.8407769454627694 13
0001 0004 1711699123946 -179.0 -67.5 2.012582793705961 13
0001 0012 1711699124167 9.75 -61.5 0.619728238305799 13
0001 0011 1711699124168 6.5 -60.5 1.2087768608538851 13
0001 0013 1711699124168 26.0 -54.5 2.5709518004963345 13
0001 0007 1711699124168 3.25 -60.5 4.2031073588066565 13
0001 0001 1711699124169 9.75 -57.0 5.964117303299373 13
0001 0008 1711699124169 32.5 -65.0 3.466796580621549 13
0001 0014 1711699124169 6.5 -54.0 3.2459033471660166 13
0001 0004 1711699124170 42.3125 -67.0 1.086058397823034 13
0001 0009 1711699124171 0.0 -58.5 2.8777479580734626 13
0001 0005 1711699124172 -26.0 -64.5 1.9941750242513334 13
0001 0010 1711699124172 -35.75 -58.0 3.2397674240144743 13
0001 0015 1711699124172 -6.5 -64.5 5.2768939103266055 13
0001 0008 1711699124173 -78.0625 -62.5 2.718213956133356 13
0001 0011 1711699124173 13.0 -60.0 5.915029918087033 13
0001 0007 1711699124173 -19.5 -59.5 4.000621894805752 13
0001 0014 1711699124174 3.25 -54.5 2.9759227284981438 13
0001 0013 1711699124174 22.75 -58.5 1.509437095279471 13
0001 0001 1711699124174 3.25 -56.5 5.945709533844745 13
0001 0010 1711699124175 -3.25 -57.5 1.086058397823034 13
0001 0004 1711699124175 -16.25 -65.5 6.080699843178682 13
0001 0009 1711699124175 39.0 -62.0 1.282407938672396 13
0001 0015 1711699124176 0.0 -65.0 4.871922982324796 13
0001 0005 1711699124176 94.375 -62.5 1.5155730184310134 13
0001 0002 1711699124284 3.625 -79.5 6.2034183062095325 13
0001 0006 1711699124284 -4.375 -78.5 1.6321555583103222 13
0001 0015 1711699124410 42.3125 -65.5 4.368777283898306 13
0001 0004 1711699124410 -9.75 -60.5 4.614214209960009 13
0001 0009 1711699124410 -22.75 -56.5 5.037592907416445 13
0001 0001 1711699124410 -42.3125 -58.0 5.638913376267617 13
0001 0007 1711699124411 -58.5625 -61.0 3.5342917352885173 13
0001 0010 1711699124411 13.0 -56.5 5.129631754689584 13
0001 0011 1711699124411 -26.0 -63.5 3.356349963893783 13
0001 0014 1711699124412 29.25 -54.5 2.9022916506796332 13
0001 0008 1711699124412 45.5625 -63.5 1.6260196351587797 13
0001 0005 1711699124412 58.5625 -63.0 0.9817477042468103 13
0001 0013 1711699124413 5.625 -78.5 0.8958447801252144 13
0001 0007 1711699124413 48.8125 -66.5 0.6258641614573416 13
0001 0010 1711699124413 -10.5625 -58.5 3.429981041712294 13
0001 0001 1711699124414 9.75 -59.0 4.558990901596125 13
0001 0011 1711699124414 22.75 -59.5 1.2087768608538851 13
0001 0009 1711699124415 -3.25 -52.5 3.6692820446224537 13
0001 0005 1711699124415 6.5 -67.5 5.270757987175063 13
0001 0014 1711699124415 0.0 -54.5 3.117048960983623 13
0001 0008 1711699124416 -111.4375 -69.5 6.1850105367549055 13
0001 0004 1711699124416 -3.25 -57.5 3.9085830475326135 13
0001 0015 1711699124416 22.75 -66.0 4.221515128261284 13
0001 0014 1711699124643 -3.25 -54.5 3.1784081924990484 13
0001 0004 1711699124643 9.75 -59.5 3.08636934522591 13
0001 0010 1711699124643 -22.75 -60.0 2.086213871524472 13
0001 0008 1711699124643 38.1875 -65.5 3.5895150436524004 13
0001 0011 1711699124644 0.0 -57.5 5.460971604872882 13
0001 0009 1711699124644 29.25 -55.0 2.386874105950058 13
0001 0001 1711699124644 -13.0 -57.0 3.2459033471660166 13
0001 0015 1711699124645 29.25 -67.0 4.1601558967458585 13
0001 0005 1711699124645 -3.25 -64.0 2.804116880254952 13
0001 0007 1711699124645 0.0 -61.0 4.417864669110647 13
0001 0002 1711699124646 -1.1875 -79.5 5.93343768754166 13
0001 0009 1711699124646 -9.75 -57.5 0.7485826244881929 13
0001 0014 1711699124646 9.75 -54.0 3.368621810196868 13
0001 0011 1711699124647 -16.25 -58.5 3.5281558121369745 13
0001 0008 1711699124647 -3.25 -60.5 2.2886993355253766 13
0001 0005 1711699124647 6.5 -61.0 1.3499030933393643 13
0001 0015 1711699124648 13.0 -65.0 4.368777283898306 13
0001 0010 1711699124648 -45.5625 -62.5 1.1903690913992575 13
0001 0001 1711699124648 -19.5 -56.0 1.6566992509164924 13
0001 0007 1711699124649 9.75 -61.5 2.5586799541932495 13
0001 0004 1711699124649 19.5 -64.5 1.4173982480063325 13
0001 0002 1711699124769 -26.1875 -77.0 5.252350217720435 13
0001 0010 1711699124770 -22.75 -63.5 1.2333205534600555 13
0001 0014 1711699124771 -3.25 -53.5 3.5895150436524004 13
0001 0008 1711699124771 -9.75 -58.0 1.4603497100671303 13
0001 0009 1711699124772 -22.75 -58.0 5.927301764390117 13
0001 0015 1711699124772 19.5 -64.5 4.295146206079795 13
0001 0004 1711699124772 87.875 -67.0 5.927301764390117 13
0001 0007 1711699124773 -35.75 -62.0 1.8223691760081417 13
0001 0001 1711699124773 -3.25 -59.0 5.841398840268521 13
0001 0011 1711699124773 0.0 -57.0 2.9084275738311756 13
0001 0005 1711699124774 -42.3125 -62.5 0.02454369260617026 13
0001 0002 1711699124991 1.8125 -77.0 4.374913207049849 13
0001 0009 1711699124991 -22.75 -58.0 5.166447293598839 13
0001 0008 1711699124992 26.0 -59.5 0.16566992509164924 13
0001 0011 1711699124992 -9.75 -56.5 2.435961491162398 13
0001 0007 1711699124992 113.875 -63.0 0.9756117810952678 13
0001 0010 1711699124993 9.75 -63.5 0.6933593161243098 13
0001 0001 1711699124993 -74.8125 -65.0 3.902447124381071 13
0001 0014 1711699124993 -16.25 -53.0 3.650874275167826 13
0001 0005 1711699124994 -45.5625 -62.5 4.92714629068868 13
0001 0004 1711699124994 -35.75 -66.0 4.95168998329485 13
0001 0015 1711699124994 13.0 -65.0 4.301282129231338 13
0001 0007 1711699124995 120.4375 -64.0 6.092971689481767 13
0001 0014 1711699124996 13.0 -53.0 3.552699504743145 13
0001 0005 1711699124996 -6.5 -61.0 3.6386024288647407 13
0001 0011 1711699124996 9.75 -58.0 1.6505633277649499 13
0001 0008 1711699124997 -26.0 -60.5 5.559146375297564 13
0001 0009 1711699124997 13.0 -57.5 4.301282129231338 13
0001 0004 1711699124997 -19.5 -65.5 3.77972866135022 13
0001 0010 1711699124997 -65.0625 -63.5 0.1043106935762236 13
0001 0015 1711699124998 -29.25 -64.0 4.9394181369917645 13
0001 0005 1711699125219 -22.75 -60.5 2.730485802436441 13
0001 0011 1711699125219 16.25 -58.5 1.2762720155208536 13
0001 0007 1711699125219 -16.25 -63.5 5.289165756629691 13
0001 0014 1711699125220 16.25 -52.5 3.5342917352885173 13
0001 0008 1711699125220 -3.25 -61.0 4.994641445355648 13
0001 0009 1711699125220 6.5 -58.0 3.8288160465625602 13
0001 0010 1711699125220 -19.5 -64.0 0.05522330836388308 13
0001 0015 1711699125221 130.1875 -64.5 4.8351074434155406 13
0001 0004 1711699125221 26.0 -65.5 2.9084275738311756 13
0001 0015 1711699125222 -52.0625 -65.0 4.957825906446392 13
0001 0014 1711699125222 9.75 -53.0 3.522019888985432 13
0001 0005 1711699125222 32.5 -59.5 2.073942025221387 13
0001 0009 1711699125222 -26.0 -58.0 3.80427235395639 13
0001 0008 1711699125223 6.5 -62.0 4.693981210930062 13
0001 0004 1711699125223 91.125 -65.5 2.172116795646068 13
0001 0011 1711699125223 9.75 -58.0 1.2640001692177683 13
0001 0010 1711699125224 -9.75 -63.5 0.09203884727313846 13
0001 0007 1711699125224 -61.8125 -64.5 4.792155981354743 13
0001 0001 1711699125274 0.0 -76.5 6.178874613603362 13
0001 0007 1711699125448 19.5 -64.5 4.387185053352934 13
0001 0004 1711699125449 97.625 -65.5 1.846912868614312 13
0001 0014 1711699125449 0.0 -53.0 3.5465635815916023 13
0001 0015 1711699125449 68.3125 -64.0 4.626486056263094 13
0001 0005 1711699125450 16.25 -58.5 1.846912868614312 13
0001 0011 1711699125450 19.5 -57.5 1.3192234775816514 13
0001 0009 1711699125450 -6.5 -58.5 3.7429131224409646 13
0001 0008 1711699125451 6.5 -61.5 4.540583132141498 13
0001 0010 1711699125451 -32.5 -63.5 0.1043106935762236 13
0001 0001 1711699125451 -1.8125 -76.5 6.135923151542564 13
0001 0008 1711699125452 26.0 -61.5 4.374913207049849 13
0001 0014 1711699125452 -3.25 -52.5 3.5465635815916023 13
0001 0005 1711699125454 -3.25 -58.5 1.7732817907958012 13
0001 0011 1711699125454 13.0 -57.5 1.3560390164909069 13
0001 0015 1711699125455 -3.25 -64.5 4.6878452877785195 13
0001 0007 1711699125455 -26.0 -64.0 4.595806440505381 13
0001 0009 1711699125455 6.5 -58.0 3.718369429834794 13
0001 0004 1711699125456 3.25 -65.5 1.8100973297050567 13
0001 0010 1711699125456 58.5625 -63.5 6.252505691421874 13
0001 0001 1711699125509 13.375 -76.5 5.890486225480862 13
0001 0007 1711699125684 42.3125 -64.0 4.614214209960009 13
0001 0009 1711699125685 0.0 -58.0 3.730641276137879 13
0001 0015 1711699125685 -39.0 -64.5 4.73693267299086 13
0001 0004 1711699125685 26.0 -66.0 1.6996507129772904 13
0001 0010 1711699125686 74.8125 -63.0 6.191146459906448 13
0001 0008 1711699125686 -58.5625 -61.5 4.430136515413731 13
0001 0011 1711699125686 -19.5 -58.0 1.4664856332186729 13
0001 0014 1711699125687 6.5 -53.0 3.522019888985432 13
0001 0005 1711699125687 9.75 -58.5 1.9819031779482483 13
0001 0001 1711699125687 143.1875 -72.0 5.056000676871073 13
0001 0009 1711699125688 -32.5 -57.0 4.06811704947272 13
0001 0005 1711699125688 29.25 -58.5 2.030990563160589 13
0001 0004 1711699125689 107.375 -65.5 1.8714565612204823 13
0001 0011 1711699125689 81.375 -58.5 1.380582709097077 13
0001 0007 1711699125690 -29.25 -63.5 4.798291904506286 13
0001 0014 1711699125690 -6.5 -53.0 3.5465635815916023 13
0001 0008 1711699125690 -13.0 -62.0 4.356505437595221 13
0001 0010 1711699125691 22.75 -63.0 6.252505691421874 13
0001 0015 1711699125691 22.75 -64.5 4.651029748869264 13
0001 0001 1711699125691 13.0 -72.5 5.418020142812084 13
0001 0011 1711699125911 9.75 -58.0 1.521708941582556 13
0001 0007 1711699125912 26.0 -64.0 4.663301595172349 13
0001 0005 1711699125912 -35.75 -59.0 2.2580197197676637 13
0001 0008 1711699125912 -19.5 -61.5 4.3933209765044765 13
0001 0001 1711699125913 -68.3125 -71.0 5.663457068873787 13
0001 0015 1711699125913 29.25 -64.5 4.620350133111551 13
0001 0010 1711699125913 13.0 -63.5 6.277049384028044 13
0001 0004 1711699125914 71.5625 -66.0 1.8223691760081417 13
0001 0014 1711699125914 -26.0 -52.5 3.5772431973493153 13
0001 0009 1711699125914 -22.75 -57.0 4.111068511533518 13
0001 0008 1711699125915 -3.25 -61.5 4.430136515413731 13
0001 0004 1711699125915 -97.625 -67.0 2.1905245651006955 13
0001 0001 1711699125915 169.25 -71.0 5.3198453723874035 13
0001 0011 1711699125916 35.75 -58.0 1.521708941582556 13
0001 0010 1711699125916 71.5625 -63.0 0.0 13
0001 0009 1711699125916 -13.0 -57.0 4.135612204139688 13
0001 0014 1711699125917 -16.25 -53.0 3.5895150436524004 13
0001 0015 1711699125917 -3.25 -64.5 4.583534594202296 13
0001 0005 1711699125917 32.5 -59.0 2.2027964114037806 13
0001 0007 1711699125918 -81.375 -64.0 4.816699673960914 13
0001 0010 1711699126136 -61.8125 -63.5 0.09203884727313846 13
0001 0015 1711699126136 -13.0 -64.5 4.589670517353839 13
0001 0004 1711699126136 78.0625 -66.0 1.8162332528565992 13
0001 0011 1711699126136 22.75 -58.0 1.5892040962495242 13
0001 0001 1711699126137 -143.1875 -72.0 5.829126993965437 13
0001 0009 1711699126137 6.5 -57.0 4.135612204139688 13
0001 0014 1711699126137 3.25 -53.0 3.5465635815916023 13
0001 0008 1711699126138 17.0625 -62.0 4.405592822807561 13
0001 0005 1711699126138 19.5 -59.5 2.227340104009951 13
0001 0007 1711699126138 52.0625 -63.5 4.743068596142402 13
0001 0008 1711699126139 26.0 -62.0 4.4976316700806995 13
0001 0009 1711699126140 9.75 -57.0 4.1601558967458585 13
0001 0007 1711699126140 -9.75 -63.0 4.890330751779424 13
0001 0005 1711699126141 -6.5 -60.0 2.3009711818284617 13
0001 0010 1711699126141 -13.0 -63.0 0.04295146206079795 13
0001 0014 1711699126141 -19.5 -52.5 3.5833791205008576 13
0001 0011 1711699126142 -6.5 -57.5 1.6444274046134073 13
0001 0004 1711699126142 45.5625 -66.0 1.9512235621905356 13
0001 0015 1711699126142 84.625 -64.5 4.460816131171445 13
0001 0001 1711699126143 26.0 -72.0 5.681864838328415 13
0001 0014 1711699126259 0.0 -53.0 3.552699504743145 13
0001 0004 1711699126259 107.375 -66.5 1.7855536370988863 13
0001 0011 1711699126260 -3.25 -58.0 1.6505633277649499 13
0001 0005 1711699126260 0.0 -60.0 2.313243028131547 13
0001 0009 1711699126260 -3.25 -57.0 4.227651051412827 13
0001 0007 1711699126261 -58.5625 -63.5 4.970097752749477 13
0001 0015 1711699126261 -16.25 -64.0 4.552854978444583 13
0001 0010 1711699126261 0.0 -64.0 0.030679615757712823 13
0001 0008 1711699126262 3.25 -62.5 4.571262747899211 13
0001 0001 1711699126262 126.9375 -71.0 5.602097837358362 13
0001 0008 1711699126477 -42.3125 -62.0 4.657165672020807 13
0001 0011 1711699126477 -22.75 -58.0 1.6873788666742053 13
0001 0015 1711699126478 -3.25 -64.5 4.522175362686871 13
0001 0007 1711699126478 26.0 -63.5 4.865787059173254 13
0001 0005 1711699126478 -87.875 -59.5 2.454369260617026 13
0001 0014 1711699126479 -9.75 -53.0 3.5833791205008576 13
0001 0004 1711699126479 29.25 -68.0 2.0064468705544187 13
0001 0001 1711699126479 -39.0 -71.5 5.945709533844745 13
0001 0009 1711699126480 -22.75 -57.0 4.276738436625168 13
0001 0010 1711699126480 -29.25 -63.5 0.17794177139473438 13
0001 0015 1711699126480 39.0 -64.0 4.466952054322987 13
0001 0009 1711699126480 0.0 -57.0 4.25833066717054 13
0001 0005 1711699126481 6.5 -59.5 2.325514874434632 13
0001 0001 1711699126482 0.0 -71.0 5.902758071783947 13
0001 0010 1711699126482 9.75 -63.5 0.09203884727313846 13
0001 0014 1711699126482 -3.25 -53.0 3.5711072741977725 13
0001 0011 1711699126483 -9.75 -58.0 1.6505633277649499 13
0001 0004 1711699126483 42.3125 -68.0 1.9205439464328227 13
0001 0007 1711699126483 -16.25 -63.0 4.890330751779424 13
0001 0008 1711699126484 -69.125 -62.5 4.718524903536232 13
0001 0008 1711699126712 -19.5 -62.0 4.706253057233147 13
0001 0001 1711699126712 -32.5 -70.0 6.12365130523948 13
0001 0007 1711699126713 -6.5 -63.0 4.921010367537137 13
0001 0014 1711699126713 3.25 -53.0 3.56497135104623 13
0001 0004 1711699126713 13.0 -67.5 2.141437179888355 13
0001 0005 1711699126713 0.0 -59.5 2.282563412373834 13
0001 0009 1711699126714 -3.25 -57.0 4.246058820867455 13
0001 0015 1711699126714 6.5 -64.0 4.534447208989955 13
0001 0011 1711699126714 -19.5 -58.0 1.607611865704152 13
0001 0010 1711699126715 3.25 -63.0 0.09203884727313846 13
0001 0015 1711699126715 -19.5 -64.0 4.552854978444583 13
0001 0007 1711699126715 -29.25 -63.0 4.902602598082509 13
0001 0009 1711699126716 -3.25 -57.0 4.221515128261284 13
0001 0011 1711699126716 13.0 -58.5 1.564660403643354 13
0001 0014 1711699126716 -13.0 -53.0 3.5895150436524004 13
0001 0001 1711699126717 224.5625 -71.0 5.737088146692298 13
0001 0005 1711699126717 32.5 -59.5 2.2396119503130363 13
0001 0008 1711699126717 -48.8125 -62.0 4.724660826687775 13
0001 0004 1711699126718 91.125 -67.0 2.1046216409791 13
0001 0010 1711699126718 -13.0 -62.5 0.1349903093339364 13
