0000 0000 1711091884500 -45.5625 -65.5 2.3623304133438876 16
0000 0001 1711091884501 35.75 -61.0 3.0495538063166547 16
0000 0015 1711091884501 6.5 -64.0 0.5338253141842031 16
0000 0015 1711091884502 9.75 -63.5 0.5276893910326605 16
0000 0001 1711091884502 13.0 -61.0 3.074097498922825 16
0000 0000 1711091884503 68.3125 -66.0 2.2150682577068657 16
0000 0015 1711091884750 -58.5625 -64.0 0.6320000846088841 16
0000 0000 1711091884751 81.375 -65.5 2.141437179888355 16
0000 0001 1711091884751 -42.3125 -61.0 3.153864499892878 16
0000 0001 1711091884751 32.5 -61.0 3.055689729468197 16
0000 0015 1711091884752 9.75 -64.0 0.5399612373357456 16
0000 0000 1711091884752 48.8125 -66.0 2.2089323345553233 16
0000 0015 1711091885001 -16.25 -63.5 0.5829126993965437 16
0000 0000 1711091885001 29.25 -65.5 2.2212041808584084 16
0000 0001 1711091885001 29.25 -61.0 3.06182565261974 16
0000 0001 1711091885002 -32.5 -61.0 3.1661363461959633 16
0000 0015 1711091885002 84.625 -64.0 0.42337869745643697 16
0000 0000 1711091885002 48.8125 -66.0 2.1230294104337273 16
0000 0001 1711091885003 -3.25 -60.5 3.08636934522591 16
0000 0015 1711091885003 22.75 -63.5 0.46019423636569234 16
0000 0000 1711091885004 -84.625 -66.0 2.337786720737717 16
0000 0001 1711091885251 42.3125 -60.5 2.9820586516496865 16
0000 0015 1711091885251 -6.5 -64.5 0.5767767762450011 16
0000 0000 1711091885252 19.5 -66.0 2.2027964114037806 16
0000 0000 1711091885252 45.5625 -66.5 2.184388641949153 16
0000 0001 1711091885252 -22.75 -60.5 3.1231848841351653 16
0000 0015 1711091885253 -29.25 -64.0 0.6258641614573416 16
0000 0000 1711091885502 104.125 -66.5 2.067806102069844 16
0000 0001 1711091885502 -35.75 -60.0 3.172272269347506 16
0000 0015 1711091885503 32.5 -64.0 0.4970097752749477 16
0000 0015 1711091885506 -52.0625 -64.0 0.6320000846088841 16
0000 0001 1711091885506 -45.5625 -60.5 3.184544115650591 16
0000 0000 1711091885507 -71.5625 -66.0 2.405281875404685 16
0000 0015 1711091885508 29.25 -64.0 0.5276893910326605 16
0000 0001 1711091885508 -29.25 -61.0 3.141592653589793 16
0000 0000 1711091885508 45.5625 -66.5 2.1659808724945253 16
0000 0000 1711091885750 -39.0 -66.5 2.2334760271614935 16
0000 0015 1711091885750 61.8125 -63.5 0.5276893910326605 16
0000 0001 1711091885751 26.0 -61.5 2.9943304979527716 16
0000 0001 1711091885751 -9.75 -61.0 2.9329712664373457 16
0000 0015 1711091885752 -52.0625 -65.0 0.7363107781851077 16
0000 0000 1711091885752 48.8125 -67.0 2.110757564130642 16
0000 0015 1711091886000 -9.75 -64.5 0.6381360077604268 16
0000 0000 1711091886000 107.375 -66.5 2.018718716857504 16
0000 0001 1711091886001 16.25 -60.0 2.767301341345697 16
0000 0015 1711091886001 42.3125 -65.0 0.4111068511533518 16
0000 0000 1711091886001 22.75 -66.5 2.116893487282185 16
0000 0001 1711091886002 -22.75 -59.5 3.0066023442558567 16
0000 0000 1711091886260 91.125 -66.0 2.000310947402876 16
0000 0001 1711091886260 42.3125 -60.0 2.945243112740431 16
0000 0015 1711091886261 35.75 -64.0 0.4111068511533518 16
0000 0000 1711091886261 26.0 -66.0 2.098485717827557 16
0000 0001 1711091886262 22.75 -60.5 2.9206994201342606 16
0000 0015 1711091886262 29.25 -64.0 0.5645049299419159 16
0000 0000 1711091886263 -143.1875 -66.0 2.423689644859313 16
0000 0015 1711091886263 -9.75 -64.5 0.5951845456996288 16
0000 0001 1711091886263 0.0 -61.0 2.9513790358919736 16
0000 0015 1711091886510 13.0 -64.5 0.5767767762450011 16
0000 0001 1711091886511 -6.5 -60.5 2.9022916506796332 16
0000 0000 1711091886512 0.0 -66.5 2.2396119503130363 16
0000 0015 1711091886512 -32.5 -64.5 0.6442719309119693 16
0000 0000 1711091886512 -61.8125 -66.5 2.386874105950058 16
0000 0001 1711091886513 16.25 -60.5 2.8286605728611223 16
0000 0000 1711091886750 42.3125 -66.5 2.116893487282185 16
0000 0015 1711091886751 26.0 -64.0 0.5338253141842031 16
0000 0001 1711091886751 32.5 -59.5 2.7550294950426117 16
0000 0000 1711091886751 -3.25 -65.5 2.1782527187976104 16
0000 0001 1711091886752 -29.25 -60.0 2.8838838812250054 16
0000 0015 1711091886752 -9.75 -64.0 0.6135923151542565 16
0000 0015 1711091886753 42.3125 -64.5 0.4356505437595221 16
0000 0000 1711091886753 32.5 -66.5 2.1046216409791 16
0000 0001 1711091886754 -13.0 -60.5 2.9820586516496865 16
0000 0000 1711091887000 -13.0 -66.5 2.2089323345553233 16
0000 0015 1711091887001 84.625 -64.5 0.4724660826687775 16
0000 0001 1711091887001 -19.5 -61.0 2.9820586516496865 16
0000 0000 1711091887001 -45.5625 -66.5 2.3009711818284617 16
0000 0001 1711091887002 22.75 -61.0 2.9022916506796332 16
0000 0015 1711091887002 6.5 -64.5 0.48473792897186263 16
0000 0015 1711091887249 3.25 -64.0 0.5829126993965437 16
0000 0000 1711091887250 -84.625 -66.0 2.3193789512830896 16
0000 0001 1711091887250 16.25 -60.5 2.9513790358919736 16
0000 0000 1711091887250 -42.3125 -66.0 2.3439226438892597 16
0000 0001 1711091887251 -13.0 -60.5 2.9575149590435164 16
0000 0015 1711091887251 29.25 -64.0 0.5276893910326605 16
0000 0000 1711091887510 100.875 -66.5 2.012582793705961 16
0000 0015 1711091887510 61.8125 -64.5 0.4111068511533518 16
0000 0001 1711091887510 13.0 -60.5 2.9268353432858034 16
0000 0015 1711091887511 74.8125 -64.5 0.37429131224409645 16
0000 0000 1711091887511 -35.75 -66.0 2.313243028131547 16
0000 0001 1711091887511 6.5 -60.5 3.000466421104314 16
0000 0000 1711091887512 48.8125 -65.5 2.110757564130642 16
0000 0001 1711091887512 9.75 -60.5 2.9022916506796332 16
0000 0015 1711091887514 45.5625 -63.5 0.4479223900626072 16
0000 0001 1711091887750 -13.0 -60.5 2.890019804376548 16
0000 0000 1711091887750 48.8125 -66.0 2.098485717827557 16
0000 0015 1711091887750 -9.75 -64.5 0.4724660826687775 16
0000 0015 1711091887751 -71.5625 -64.0 0.5767767762450011 16
0000 0000 1711091887751 19.5 -66.0 2.098485717827557 16
0000 0001 1711091887751 9.75 -60.0 2.8654761117703775 16
0000 0015 1711091888000 65.0625 -64.0 0.42337869745643697 16
0000 0001 1711091888000 -13.0 -60.0 2.8409324191642074 16
0000 0000 1711091888001 -48.8125 -65.5 2.172116795646068 16
0000 0015 1711091888001 45.5625 -64.0 0.4663301595172349 16
0000 0001 1711091888001 3.25 -60.5 2.8654761117703775 16
0000 0000 1711091888002 29.25 -66.0 2.1598449493429825 16
0000 0001 1711091888002 -35.75 -61.0 2.9636508821950587 16
0000 0015 1711091888003 6.5 -64.0 0.48473792897186263 16
0000 0000 1711091888003 48.8125 -66.5 2.067806102069844 16
0000 0000 1711091888250 -16.25 -66.0 2.1598449493429825 16
0000 0001 1711091888250 13.0 -60.0 2.7857091108003242 16
0000 0015 1711091888251 -9.75 -64.0 0.5338253141842031 16
0000 0015 1711091888251 61.8125 -64.5 0.42337869745643697 16
0000 0001 1711091888251 19.5 -60.5 2.816388726558037 16
0000 0000 1711091888252 52.0625 -66.0 2.067806102069844 16
0000 0001 1711091888500 29.25 -60.5 2.8777479580734626 16
0000 0000 1711091888500 -29.25 -66.5 2.1537090261914402 16
0000 0015 1711091888501 48.8125 -64.0 0.4172427743048944 16
0000 0000 1711091888501 78.0625 -67.0 2.061670178918302 16
0000 0015 1711091888501 68.3125 -64.0 0.3988350048502667 16
0000 0001 1711091888502 52.0625 -60.5 2.7979809571034093 16
0000 0015 1711091888749 39.0 -64.0 0.46019423636569234 16
0000 0001 1711091888750 6.5 -60.0 2.834796496012665 16
0000 0000 1711091888750 48.8125 -66.0 2.0371264863121317 16
0000 0001 1711091888750 13.0 -60.0 2.859340188618835 16
0000 0000 1711091888751 19.5 -66.0 2.0800779483729293 16
0000 0015 1711091888751 65.0625 -65.0 0.4479223900626072 16
0000 0001 1711091888752 22.75 -60.0 2.8286605728611223 16
0000 0000 1711091888752 -9.75 -65.5 2.0800779483729293 16
0000 0015 1711091888752 22.75 -64.5 0.4970097752749477 16
0000 0000 1711091888999 -39.0 -66.5 2.110757564130642 16
0000 0001 1711091889000 19.5 -60.0 2.773437264497239 16
0000 0015 1711091889000 -61.8125 -65.5 0.6135923151542565 16
0000 0001 1711091889000 -39.0 -60.0 2.890019804376548 16
0000 0015 1711091889001 -13.0 -64.5 0.5522330836388308 16
0000 0000 1711091889001 -13.0 -66.5 2.1046216409791 16
0000 0000 1711091889246 42.3125 -66.5 2.000310947402876 16
0000 0001 1711091889246 0.0 -60.0 2.8654761117703775 16
0000 0015 1711091889247 42.3125 -64.5 0.4540583132141498 16
0000 0015 1711091889247 22.75 -63.5 0.4724660826687775 16
0000 0001 1711091889247 -22.75 -60.0 2.8286605728611223 16
0000 0000 1711091889248 -29.25 -66.0 2.1475731030398975 16
0000 0000 1711091889248 149.6875 -66.0 1.945087639038993 16
0000 0001 1711091889249 52.0625 -60.5 2.705942109830271 16
0000 0015 1711091889249 -58.5625 -64.0 0.607456392002714 16
