0001 0013 1711441274375 -26.0 -70.0 5.66959299202533 8
0001 0005 1711441274376 -9.75 -64.5 2.1537090261914402 8
0001 0012 1711441274376 29.25 -64.0 1.1106020904292042 8
0001 0011 1711441274377 -71.5625 -64.5 5.9088939949354895 8
0001 0015 1711441274378 22.75 -65.5 2.890019804376548 8
0001 0013 1711441274379 -65.0625 -70.5 5.755495916146925 8
0001 0005 1711441274379 22.75 -64.5 2.061670178918302 8
0001 0011 1711441274380 -29.25 -64.5 5.853670686571607 8
0001 0013 1711441274381 -107.375 -70.5 5.7616318392984684 8
0001 0012 1711441274381 -16.25 -64.0 1.1474176293384597 8
0001 0015 1711441274382 -113.875 -66.0 3.074097498922825 8
0001 0011 1711441274625 -42.3125 -64.0 5.890486225480862 8
0001 0012 1711441274626 6.5 -64.0 1.141281706186917 8
0001 0013 1711441274626 68.3125 -71.0 5.724816300389213 8
0001 0015 1711441274627 39.0 -65.5 2.8716120349219203 8
0001 0005 1711441274628 19.5 -63.5 2.116893487282185 8
0001 0011 1711441274628 0.0 -64.5 5.798447378207723 8
0001 0005 1711441274629 45.5625 -64.0 2.12916533358527 8
0001 0015 1711441274630 39.0 -66.0 2.8286605728611223 8
0001 0012 1711441274630 58.5625 -64.0 1.000155473701438 8
0001 0013 1711441274631 -113.875 -70.0 5.921165841238575 8
0001 0013 1711441274878 -74.8125 -70.5 5.755495916146925 8
0001 0012 1711441274878 48.8125 -64.0 0.9756117810952678 8
0001 0011 1711441274879 13.0 -64.0 5.859806609723149 8
0001 0005 1711441274879 58.5625 -64.0 2.1537090261914402 8
0001 0015 1711441274880 0.0 -65.0 2.9145634969827183 8
0001 0015 1711441274880 91.125 -65.0 2.767301341345697 8
0001 0005 1711441274881 -68.3125 -63.5 2.3316507975861747 8
0001 0013 1711441274881 -162.75 -71.5 5.841398840268521 8
0001 0011 1711441274882 35.75 -64.0 5.816855147662351 8
0001 0012 1711441274882 29.25 -64.5 1.1044661672776617 8
0001 0013 1711441274883 -94.375 -71.5 5.749359992995383 8
0001 0011 1711441274884 19.5 -64.5 5.9088939949354895 8
0001 0005 1711441274885 39.0 -63.5 2.1782527187976104 8
0001 0012 1711441274885 52.0625 -64.0 1.1167380135807468 8
0001 0015 1711441274886 -22.75 -66.0 2.9697868053466014 8
0001 0015 1711441275126 -35.75 -66.0 3.0495538063166547 8
0001 0005 1711441275126 13.0 -62.5 2.3623304133438876 8
0001 0011 1711441275127 0.0 -65.0 6.12365130523948 8
0001 0013 1711441275127 22.75 -71.0 6.019340611663256 8
0001 0012 1711441275128 29.25 -64.0 1.337631247036279 8
0001 0011 1711441275128 -19.5 -67.5 0.2761165418194154 8
0001 0012 1711441275129 6.5 -63.5 1.5401167110371838 8
0001 0005 1711441275130 32.5 -62.0 2.2764274892222915 8
0001 0015 1711441275130 -9.75 -68.5 3.0127382674073995 8
0001 0007 1711441275375 -2.5625 -74.5 1.1290098598838318 8
0001 0014 1711441275375 -0.25 -72.0 0.3620194659410113 8
0001 0007 1711441275375 3.25 -71.5 6.025476534814799 8
0001 0012 1711441275376 35.75 -65.0 1.5585244804918115 8
0001 0014 1711441275376 16.25 -67.5 3.485204350076177 8
0001 0005 1711441275377 42.3125 -61.5 1.9573594853420782 8
0001 0015 1711441275378 2.125 -74.0 6.105243535784852 8
0001 0012 1711441275635 32.5 -64.5 1.8714565612204823 8
0001 0005 1711441275636 -55.3125 -65.5 2.325514874434632 8
0001 0015 1711441275636 123.6875 -70.5 5.381204603902829 8
0001 0007 1711441275637 9.125 -72.5 3.8840393549264434 8
0001 0004 1711441275637 1.1875 -78.0 4.430136515413731 8
0001 0012 1711441275638 -55.3125 -66.0 3.5833791205008576 8
0001 0005 1711441275639 -9.75 -66.0 2.454369260617026 8
0001 0015 1711441275639 9.125 -75.0 5.859806609723149 8
0001 0015 1711441275640 214.8125 -69.5 3.067961575771282 8
0001 0014 1711441275640 78.0625 -70.0 3.724505352986337 8
0001 0012 1711441275641 -16.25 -64.5 4.411728745959104 8
0001 0005 1711441275641 -6.5 -62.5 2.8409324191642074 8
0001 0011 1711441275878 -4.5625 -77.0 0.7485826244881929 8
0001 0013 1711441275878 -3.875 -76.5 5.8659425328746915 8
0001 0005 1711441275879 3.25 -62.0 3.2643111166206444 8
0001 0014 1711441275879 19.5 -69.0 4.424000592262189 8
0001 0012 1711441275880 13.0 -68.5 5.522330836388308 8
0001 0013 1711441275880 -136.6875 -73.5 1.2946797849754812 8
0001 0015 1711441275880 -2.4375 -74.5 4.871922982324796 8
0001 0007 1711441275881 1.875 -74.5 0.4356505437595221 8
0001 0013 1711441275881 -32.5 -64.0 4.675573441475434 8
0001 0010 1711441275882 -1.1875 -72.5 5.786175531904639 8
0001 0005 1711441276126 4.25 -74.0 0.7117670855789375 8
0001 0011 1711441276126 2.5625 -75.0 0.7669903939428205 8
0001 0007 1711441276126 0.125 -76.5 1.141281706186917 8
0001 0013 1711441276127 -22.75 -59.5 6.062292073724054 8
0001 0005 1711441276127 -42.3125 -62.5 5.927301764390117 8
0001 0010 1711441276128 1.8125 -73.0 5.368932757599744 8
0001 0006 1711441276129 0.25 -70.0 1.932815792735908 8
0001 0013 1711441276130 3.25 -56.5 1.2701360923693108 8
0001 0014 1711441276130 0.0 -59.5 1.2578642460662257 8
0001 0010 1711441276130 -9.75 -67.0 5.700272607783043 8
0001 0005 1711441276131 -55.3125 -66.0 4.970097752749477 8
0001 0006 1711441276131 104.125 -67.0 4.914874444385594 8
0001 0002 1711441276132 2.5625 -76.5 5.64504929941916 8
0001 0004 1711441276374 -2.6875 -73.5 6.252505691421874 8
0001 0013 1711441276375 13.0 -59.0 2.350058567040802 8
0001 0014 1711441276375 -26.0 -70.0 0.23316507975861744 8
0001 0004 1711441276376 -22.75 -71.5 6.234097921967246 8
0001 0013 1711441276376 22.75 -59.0 3.2213596545598464 8
0001 0004 1711441276377 -16.25 -68.0 5.921165841238575 8
0001 0011 1711441276377 19.5 -67.0 5.338253141842031 8
0001 0008 1711441276378 0.25 -76.0 2.282563412373834 8
0001 0004 1711441276625 48.8125 -65.0 0.21475731030398976 8
0001 0013 1711441276625 -32.5 -59.5 4.663301595172349 8
0001 0008 1711441276626 9.75 -75.5 0.9633399347921826 8
0001 0005 1711441276626 -5.4375 -74.5 4.246058820867455 8
0001 0006 1711441276627 2.875 -67.5 0.3129320807286708 8
0001 0010 1711441276628 0.0 -77.5 5.8475347634200645 8
0001 0006 1711441276628 -9.75 -63.0 4.571262747899211 8
0001 0013 1711441276629 0.0 -62.0 0.36815538909255385 8
0001 0004 1711441276629 1.625 -70.0 0.4387185053352934 8
0001 0015 1711441276629 -2.4375 -75.0 0.7731263170943632 8
0001 0001 1711441276875 4.5625 -76.0 0.7669903939428205 8
0001 0004 1711441276876 -13.0 -68.0 1.3008157081270237 8
0001 0013 1711441276876 -32.5 -70.0 4.025165587411922 8
0001 0015 1711441276876 -10.9375 -73.5 4.841243366567084 8
0001 0006 1711441276877 -9.125 -78.0 5.945709533844745 8
0001 0011 1711441276877 -74.8125 -66.0 5.927301764390117 8
0001 0005 1711441276878 39.0 -71.0 1.576932249946439 8
0001 0015 1711441276878 -81.375 -65.5 2.6200391857086753 8
0001 0010 1711441276879 55.3125 -63.0 2.730485802436441 8
0001 0010 1711441277120 -175.75 -67.5 4.620350133111551 8
0001 0009 1711441277120 81.375 -70.0 1.6014759425526093 8
0001 0011 1711441277121 48.8125 -66.0 0.5460971604872883 8
0001 0015 1711441277121 48.8125 -65.0 1.8653206380689396 8
0001 0005 1711441277121 35.75 -69.5 1.0492428589137786 8
0001 0001 1711441277122 -3.0 -76.0 1.0246991663076084 8
0001 0014 1711441277122 9.75 -70.0 1.0185632431560658 8
0001 0015 1711441277123 65.0625 -67.5 2.6139032625571326 8
0001 0001 1711441277123 172.5 -73.0 2.012582793705961 8
0001 0011 1711441277124 -35.75 -69.5 2.4727770300716534 8
0001 0010 1711441277124 -71.5625 -68.5 5.577554144752192 8
0001 0012 1711441277124 74.8125 -69.0 0.0859029241215959 8
0001 0006 1711441277125 6.8125 -74.0 0.7547185476397354 8
0001 0006 1711441277126 -78.0625 -67.0 5.031456984264903 8
0001 0012 1711441277126 -9.75 -69.0 1.5462526341887264 8
0001 0015 1711441277126 126.9375 -68.0 1.9144080232812801 8
0001 0014 1711441277127 3.25 -68.0 0.9572040116406401 8
0001 0001 1711441277375 17.6875 -76.0 5.301437602932776 8
0001 0011 1711441277375 5.6875 -78.0 4.970097752749477 8
0001 0014 1711441277376 58.5625 -67.5 1.2578642460662257 8
0001 0006 1711441277376 -32.5 -68.5 0.2086213871524472 8
0001 0005 1711441277377 -117.125 -70.0 0.14726215563702155 8
0001 0015 1711441277377 -143.1875 -70.5 2.82252464970958 8
0001 0001 1711441277377 -208.3125 -72.5 1.8346410223112268 8
0001 0004 1711441277378 -5.4375 -75.5 5.859806609723149 8
0001 0011 1711441277379 7.4375 -77.0 3.933126740138784 8
0001 0013 1711441277379 1.9375 -77.0 2.509592568980909 8
0001 0013 1711441277380 9.75 -72.0 3.368621810196868 8
0001 0004 1711441277380 -74.8125 -70.5 3.411573272257666 8
0001 0015 1711441277381 -81.375 -72.0 5.976389149602458 8
0001 0001 1711441277381 -100.875 -74.0 4.577398671050753 8
0001 0011 1711441277625 -55.3125 -73.0 6.019340611663256 8
0001 0005 1711441277625 52.875 -72.5 2.2641556429192065 8
0001 0007 1711441277626 -0.875 -74.5 6.22182607566416 8
0001 0014 1711441277626 2.125 -72.5 5.712544454086128 8
0001 0013 1711441277626 0.0 -57.5 1.4358060174609601 8
0001 0011 1711441277627 -48.8125 -63.0 4.031301510563465 8
0001 0005 1711441277627 32.5 -66.0 3.9269908169872414 8
0001 0015 1711441277628 16.25 -69.0 5.700272607783043 8
0001 0014 1711441277628 -139.9375 -68.5 3.0495538063166547 8
0001 0007 1711441277628 0.8125 -75.5 5.706408530934585 8
0001 0001 1711441277629 4.875 -75.0 1.6137477888556946 8
0001 0004 1711441277629 15.25 -75.5 6.031612457966341 8
0001 0010 1711441277630 5.0 -71.0 0.19634954084936207 8
0001 0008 1711441277630 -1.5 -78.0 0.03681553890925539 8
0001 0012 1711441277630 1.5625 -77.0 0.1902136176978195 8
0001 0011 1711441277875 -55.3125 -57.5 5.3627968344482015 8
0001 0015 1711441277875 -3.25 -68.5 0.28225246497095796 8
0001 0014 1711441277875 48.8125 -65.0 1.4480778637640452 8
0001 0005 1711441277876 26.0 -62.0 3.472932503773092 8
0001 0010 1711441277876 19.5 -65.5 1.748738098189631 8
0001 0013 1711441277876 -16.25 -57.5 3.184544115650591 8
0001 0004 1711441277877 185.5 -69.5 3.3440781175906977 8
0001 0008 1711441277877 -5.3125 -77.5 5.184855063053467 8
0001 0015 1711441277878 -16.25 -70.5 0.6442719309119693 8
0001 0005 1711441277878 9.75 -64.5 6.086835766330224 8
0001 0013 1711441277879 22.75 -58.0 4.331961744989051 8
0001 0011 1711441277879 26.0 -57.0 1.8162332528565992 8
0001 0004 1711441277879 16.25 -72.0 2.9145634969827183 8
0001 0008 1711441277880 18.875 -75.5 3.80427235395639 8
0001 0013 1711441277880 6.5 -59.5 5.675728915176872 8
0001 0004 1711441277881 -45.5625 -68.0 3.890175278077986 8
0001 0015 1711441277881 -120.4375 -69.0 0.22089323345553233 8
0001 0011 1711441277881 -3.25 -58.5 4.295146206079795 8
0001 0005 1711441277882 -58.5625 -67.0 1.6812429435226628 8
0001 0008 1711441277883 55.3125 -73.0 6.178874613603362 8
0001 0005 1711441278125 113.875 -68.5 4.466952054322987 8
0001 0011 1711441278126 32.5 -61.5 6.234097921967246 8
0001 0013 1711441278126 -26.0 -59.0 1.7855536370988863 8
0001 0015 1711441278126 -29.25 -68.5 1.1474176293384597 8
0001 0008 1711441278127 41.0 -78.0 5.663457068873787 8
0001 0010 1711441278127 -0.5625 -78.5 4.558990901596125 8
0001 0004 1711441278128 0.5625 -74.0 1.086058397823034 8
0001 0005 1711441278128 71.5625 -66.5 2.030990563160589 8
0001 0010 1711441278129 9.75 -64.0 3.2397674240144743 8
0001 0012 1711441278129 -26.0 -68.0 5.418020142812084 8
0001 0013 1711441278130 -16.25 -63.0 4.7860200582032 8
0001 0004 1711441278130 120.4375 -69.5 1.5707963267948966 8
0001 0015 1711441278130 -123.6875 -70.0 3.8840393549264434 8
0001 0011 1711441278356 15.8125 -71.5 4.945554060143307 8
0001 0007 1711441278356 1.75 -74.0 4.957825906446392 8
0001 0007 1711441278356 -55.3125 -73.0 1.6873788666742053 8
0001 0010 1711441278358 -48.8125 -63.0 6.0991076126333095 8
0001 0005 1711441278358 -29.25 -64.0 3.4606606574700063 8
0001 0012 1711441278358 -22.75 -56.5 2.705942109830271 8
0001 0011 1711441278359 35.75 -65.0 1.380582709097077 8
0001 0015 1711441278359 39.0 -65.0 1.9389517158874505 8
0001 0001 1711441278360 -6.6875 -75.5 5.927301764390117 8
0001 0003 1711441278360 -4.25 -75.5 1.6566992509164924 8
0001 0007 1711441278360 -65.0625 -62.0 4.154019973594316 8
0001 0005 1711441278361 35.75 -63.0 3.706097583531709 8
0001 0001 1711441278361 117.125 -71.5 4.779884135051658 8
0001 0011 1711441278362 61.8125 -67.0 2.748893571891069 8
0001 0015 1711441278362 -3.25 -61.5 1.4971652489763858 8
0001 0012 1711441278362 -55.3125 -60.0 4.473087977474529 8
0001 0010 1711441278363 94.375 -70.5 2.2150682577068657 8
0001 0014 1711441278625 16.25 -68.5 0.4111068511533518 8
0001 0007 1711441278625 -39.0 -63.5 1.6873788666742053 8
0001 0001 1711441278626 -45.5625 -71.0 0.9265243958829272 8
0001 0012 1711441278626 9.75 -60.5 5.730952223540755 8
0001 0015 1711441278627 22.75 -61.0 0.662679700366597 8
0001 0005 1711441278627 -214.8125 -68.5 4.828971520263998 8
0001 0006 1711441278627 -3.25 -68.0 0.37429131224409645 8
0001 0010 1711441278628 5.0 -74.0 0.9019807032767571 8
0001 0012 1711441278628 -32.5 -62.5 0.859029241215959 8
0001 0007 1711441278629 -3.25 -66.5 1.8530487917658545 8
0001 0006 1711441278629 -94.375 -63.0 1.9144080232812801 8
0001 0014 1711441278629 78.0625 -66.0 1.9389517158874505 8
0001 0005 1711441278630 42.3125 -65.0 6.209554229361076 8
0001 0015 1711441278630 74.8125 -70.0 5.50392306693368 8
0001 0001 1711441278631 16.25 -70.5 3.497476196379262 8
0001 0005 1711441278824 58.5625 -63.0 0.7731263170943632 8
0001 0012 1711441278828 -6.5 -60.5 2.399145952253143 8
0001 0001 1711441278828 58.5625 -69.0 5.638913376267617 8
0001 0014 1711441278829 -6.5 -66.5 2.4605051837685683 8
0001 0006 1711441278829 -65.0625 -67.5 3.859495662320273 8
0001 0010 1711441278829 -6.0625 -72.0 2.337786720737717 8
0001 0015 1711441278830 7.3125 -74.5 5.921165841238575 8
0001 0011 1711441278830 10.9375 -78.5 0.07363107781851078 8
0001 0007 1711441278831 -2.125 -76.5 0.36815538909255385 8
0001 0013 1711441278831 12.625 -77.5 0.2638446955163303 8
0001 0014 1711441278832 -104.125 -69.0 3.6570101983193686 8
0001 0012 1711441278832 3.25 -65.0 4.7307967498393175 8
0001 0007 1711441278832 16.25 -70.0 1.8407769454627694 8
0001 0001 1711441278833 113.875 -70.5 3.0127382674073995 8
0001 0015 1711441278833 117.125 -69.5 2.6445828783148455 8
0001 0005 1711441278834 -16.25 -70.0 6.12365130523948 8
0001 0010 1711441278834 -397.125 -75.0 3.8717675086233583 8
0001 0011 1711441278834 -19.5 -71.5 0.8897088569736719 8
0001 0013 1711441279064 0.0 -59.5 1.8285050991596843 8
0001 0011 1711441279064 3.25 -61.0 6.1420590746941075 8
0001 0006 1711441279065 29.25 -66.5 4.847379289718626 8
0001 0005 1711441279065 -55.3125 -68.0 0.7424467013366504 8
0001 0015 1711441279065 -117.125 -63.0 4.994641445355648 8
0001 0007 1711441279066 35.75 -71.0 3.3318062712876126 8
0001 0001 1711441279066 -71.5625 -73.0 0.5460971604872883 8
0001 0010 1711441279067 -42.3125 -72.0 0.9326603190344698 8
0001 0009 1711441279067 107.375 -74.0 5.240078371417351 8
0001 0008 1711441279067 -8.5 -76.0 5.368932757599744 8
0001 0011 1711441279068 -3.25 -61.0 2.466641106920111 8
0001 0013 1711441279068 -13.0 -59.0 3.9392626632903265 8
0001 0010 1711441279068 -42.3125 -61.0 3.3440781175906977 8
0001 0008 1711441279069 -145.625 -72.5 4.558990901596125 8
0001 0015 1711441279070 -6.5 -61.5 5.301437602932776 8
0001 0005 1711441279070 -16.25 -60.0 0.1349903093339364 8
0001 0007 1711441279071 81.375 -68.0 0.4540583132141498 8
0001 0001 1711441279071 113.875 -70.5 4.0558452031696355 8
0001 0006 1711441279132 9.75 -71.0 5.080544369477243 8
