0000 0002 1710212879834 19.5 -72.0 1.6444274046134073 16
0000 0004 1710212879835 35.75 -66.5 1.2087768608538851 16
0000 0003 1710212879835 -6.5 -67.0 3.11091303783208 16
0000 0005 1710212879836 3.25 -70.5 1.3314953238847365 16
0000 0007 1710212879836 -65.0625 -62.5 0.5706408530934585 16
0000 0006 1710212879837 74.8125 -65.0 0.18407769454627693 16
0000 0004 1710212879837 -65.0625 -66.5 1.4173982480063325 16
0000 0007 1710212879837 -6.5 -62.5 0.5522330836388308 16
0000 0006 1710212879838 -13.0 -65.0 0.30066023442558565 16
0000 0003 1710212879838 -91.125 -68.0 3.2888548092268146 16
0000 0005 1710212879839 97.625 -71.0 1.141281706186917 16
0000 0002 1710212879839 34.9375 -73.5 4.681709364626977 16
0000 0001 1710212879839 12.8125 -75.5 1.1474176293384597 16
0000 0004 1710212880071 -68.3125 -66.5 1.4173982480063325 16
0000 0006 1710212880072 9.75 -65.5 0.30066023442558565 16
0000 0005 1710212880072 9.75 -71.5 1.2578642460662257 16
0000 0007 1710212880072 -29.25 -62.5 0.5829126993965437 16
0000 0003 1710212880073 113.875 -67.5 3.031146036862027 16
0000 0002 1710212880073 40.6875 -73.0 4.66636955674812 16
0000 0001 1710212880073 -21.3125 -75.5 4.319689898685965 16
0000 0001 1710212880074 9.75 -74.5 0.9817477042468103 16
0000 0003 1710212880074 45.5625 -67.5 3.0802334220743677 16
0000 0007 1710212880074 -26.0 -62.5 0.6258641614573416 16
0000 0005 1710212880075 -13.0 -71.0 1.3989904785517047 16
0000 0006 1710212880075 -6.5 -64.5 0.32520392703175593 16
0000 0004 1710212880076 35.75 -66.0 1.227184630308513 16
0000 0002 1710212880076 -1.1875 -73.5 4.749204519293945 16
0000 0003 1710212880076 55.3125 -67.5 3.1661363461959633 16
0000 0004 1710212880077 6.5 -66.5 1.282407938672396 16
0000 0006 1710212880077 -6.5 -64.5 0.3129320807286708 16
0000 0007 1710212880077 29.25 -62.5 0.5154175447295755 16
0000 0005 1710212880078 -100.875 -72.0 1.3192234775816514 16
0000 0002 1710212880334 14.625 -73.5 1.4971652489763858 16
0000 0001 1710212880334 -7.3125 -76.5 4.325825821837508 16
0000 0005 1710212880335 -97.625 -70.5 1.5462526341887264 16
0000 0007 1710212880335 -48.8125 -63.0 0.662679700366597 16
0000 0003 1710212880335 -3.25 -67.0 3.2213596545598464 16
0000 0004 1710212880336 -32.5 -65.5 1.337631247036279 16
0000 0001 1710212880336 -468.6875 -75.0 1.5033011721279284 16
0000 0006 1710212880336 -29.25 -65.0 0.3988350048502667 16
0000 0002 1710212880337 -6.0625 -73.0 1.607611865704152 16
0000 0005 1710212880337 19.5 -69.5 1.214912784005428 16
0000 0006 1710212880337 -42.3125 -65.0 0.35588354278946877 16
0000 0007 1710212880338 -35.75 -63.0 0.607456392002714 16
0000 0003 1710212880338 -100.875 -68.0 3.3379421944391554 16
0000 0004 1710212880338 -3.25 -66.5 1.3867186322486196 16
0000 0001 1710212880585 -7.875 -77.0 4.3933209765044765 16
0000 0002 1710212880585 -0.5625 -73.5 1.6382914814618648 16
0000 0005 1710212880586 -61.8125 -72.0 1.325359400733194 16
0000 0006 1710212880586 -13.0 -64.5 0.2761165418194154 16
0000 0004 1710212880586 -22.75 -66.5 1.3069516312785663 16
0000 0003 1710212880587 -39.0 -67.0 3.313398501832985 16
0000 0007 1710212880587 22.75 -62.5 0.521553467881118 16
0000 0002 1710212880587 -20.75 -73.5 1.6014759425526093 16
0000 0001 1710212880588 3.625 -77.5 4.270602513473625 16
0000 0003 1710212880588 -48.8125 -67.5 3.313398501832985 16
0000 0006 1710212880588 -13.0 -65.5 0.3436116964863836 16
0000 0007 1710212880589 -58.5625 -62.5 0.662679700366597 16
0000 0004 1710212880589 -58.5625 -66.5 1.380582709097077 16
0000 0005 1710212880590 128.5625 -71.0 1.2640001692177683 16
0000 0002 1710212880828 18.25 -73.5 4.620350133111551 16
0000 0001 1710212880828 17.0625 -77.5 0.9387962421860124 16
0000 0006 1710212880828 3.25 -65.0 0.2699806186678728 16
0000 0004 1710212880829 -6.5 -67.5 1.2762720155208536 16
0000 0003 1710212880829 3.25 -68.0 3.2765829629237295 16
0000 0007 1710212880829 -9.75 -63.0 0.5829126993965437 16
0000 0005 1710212880830 13.8125 -71.0 1.337631247036279 16
0000 0002 1710212880830 -7.875 -73.5 1.5892040962495242 16
0000 0001 1710212880830 6.6875 -77.0 4.166291819897402 16
0000 0005 1710212880831 13.8125 -70.5 1.2517283229146832 16
0000 0006 1710212880831 -9.75 -65.0 0.3190680038802134 16
0000 0003 1710212880831 22.75 -68.0 3.2704470397721868 16
0000 0007 1710212880832 26.0 -63.0 0.5031456984264903 16
0000 0004 1710212880832 45.5625 -66.5 1.2026409377023426 16
0000 0002 1710212880832 4.875 -73.5 1.533980787885641 16
0000 0001 1710212880833 10.9375 -77.5 1.1167380135807468 16
0000 0004 1710212881084 -91.125 -67.0 1.4358060174609601 16
0000 0005 1710212881085 -76.4375 -70.5 1.3499030933393643 16
0000 0003 1710212881085 42.3125 -67.5 3.1231848841351653 16
0000 0007 1710212881085 16.25 -63.0 0.5583690067903734 16
0000 0006 1710212881086 6.5 -65.0 0.3374757733348411 16
0000 0002 1710212881086 -15.8125 -73.5 4.6878452877785195 16
0000 0001 1710212881086 1.5 -79.0 1.0921943209745766 16
0000 0005 1710212881087 -149.6875 -71.0 1.4726215563702154 16
0000 0007 1710212881087 22.75 -63.5 0.5645049299419159 16
0000 0003 1710212881087 16.25 -67.5 3.104777114680538 16
0000 0004 1710212881088 94.375 -67.0 1.1351457830353744 16
0000 0006 1710212881088 -9.75 -64.5 0.3374757733348411 16
0000 0002 1710212881088 -4.25 -73.0 1.564660403643354 16
0000 0001 1710212881335 1.1875 -79.0 1.0185632431560658 16
0000 0005 1710212881335 22.75 -71.5 1.214912784005428 16
0000 0007 1710212881335 -39.0 -63.0 0.6565437772150544 16
0000 0004 1710212881336 -13.0 -67.0 1.3560390164909069 16
0000 0006 1710212881336 13.0 -65.5 0.28838838812250056 16
0000 0003 1710212881336 26.0 -67.0 3.160000423044421 16
0000 0002 1710212881337 3.625 -73.0 1.4971652489763858 16
0000 0001 1710212881337 2.125 -78.5 0.9081166264282996 16
0000 0004 1710212881337 -3.25 -67.0 1.3192234775816514 16
0000 0005 1710212881338 441.0625 -70.0 0.5951845456996288 16
0000 0006 1710212881338 -9.75 -65.5 0.3620194659410113 16
0000 0003 1710212881338 104.125 -68.5 3.067961575771282 16
0000 0007 1710212881340 -81.375 -62.5 0.6381360077604268 16
0000 0001 1710212881340 0.0 -77.0 1.043106935762236 16
0000 0002 1710212881341 5.4375 -73.5 4.626486056263094 16
0000 0004 1710212881595 123.6875 -66.5 1.1474176293384597 16
0000 0007 1710212881595 32.5 -62.5 0.5522330836388308 16
0000 0005 1710212881596 24.375 -71.0 1.239456476611598 16
0000 0003 1710212881596 52.0625 -68.0 3.1784081924990484 16
0000 0006 1710212881596 32.5 -65.0 0.30066023442558565 16
0000 0002 1710212881596 7.3125 -73.0 1.6137477888556946 16
0000 0001 1710212881596 -1.8125 -78.5 1.012427320004523 16
0000 0007 1710212881596 9.75 -63.0 0.5706408530934585 16
0000 0002 1710212881598 97.625 -71.5 1.2885438618239387 16
0000 0005 1710212881598 -97.625 -71.5 1.325359400733194 16
0000 0006 1710212881598 -29.25 -64.5 0.34974761963792617 16
0000 0004 1710212881598 16.25 -67.0 1.3008157081270237 16
0000 0003 1710212881598 45.5625 -68.0 3.1906800388021335 16
0000 0001 1710212881599 12.1875 -77.5 0.8774370106705868 16
0000 0004 1710212881834 29.25 -66.5 1.1719613219446299 16
0000 0007 1710212881834 26.0 -63.5 0.5951845456996288 16
0000 0006 1710212881834 55.3125 -65.5 0.2454369260617026 16
0000 0005 1710212881835 -6.5 -72.0 1.3069516312785663 16
0000 0003 1710212881835 -19.5 -68.0 3.2397674240144743 16
0000 0002 1710212881835 74.8125 -73.0 1.4358060174609601 16
0000 0001 1710212881836 -9.125 -77.5 1.0369710126106935 16
0000 0003 1710212881836 -3.25 -68.5 3.141592653589793 16
0000 0006 1710212881836 -13.0 -64.5 0.37429131224409645 16
0000 0007 1710212881837 -6.5 -62.5 0.5890486225480862 16
0000 0004 1710212881837 -58.5625 -67.0 1.3192234775816514 16
0000 0002 1710212881837 201.8125 -71.5 1.3069516312785663 16
0000 0005 1710212881838 19.5 -70.5 1.2885438618239387 16
0000 0001 1710212881838 10.9375 -77.0 4.135612204139688 16
0000 0003 1710212882074 19.5 -67.5 3.1354567304382504 16
0000 0004 1710212882075 52.0625 -67.0 1.1290098598838318 16
0000 0007 1710212882075 -39.0 -63.0 0.6381360077604268 16
0000 0006 1710212882075 -13.0 -64.5 0.36815538909255385 16
0000 0005 1710212882076 110.625 -70.5 1.030835089459151 16
0000 0002 1710212882076 172.5 -72.5 1.380582709097077 16
0000 0001 1710212882076 12.8125 -77.0 4.01902966426038 16
0000 0006 1710212882077 35.75 -65.0 0.30679615757712825 16
0000 0007 1710212882077 -35.75 -63.0 0.6135923151542565 16
0000 0004 1710212882077 9.75 -67.0 1.2701360923693108 16
0000 0003 1710212882077 9.75 -67.5 3.129320807286708 16
0000 0005 1710212882078 -177.375 -70.0 1.5155730184310134 16
0000 0002 1710212882078 -2.4375 -73.5 4.727728788263546 16
0000 0001 1710212882078 7.875 -77.0 0.9817477042468103 16
0000 0003 1710212882079 48.8125 -68.0 3.1906800388021335 16
0000 0004 1710212882079 -13.0 -66.0 1.227184630308513 16
0000 0006 1710212882079 -39.0 -64.5 0.3865631585471816 16
0000 0007 1710212882080 13.0 -63.5 0.6013204688511713 16
0000 0005 1710212882080 58.5625 -69.5 1.2640001692177683 16
0000 0002 1710212882329 21.125 -73.0 4.693981210930062 16
0000 0001 1710212882329 14.625 -76.5 0.8222137023067037 16
0000 0006 1710212882331 -55.3125 -65.5 0.5338253141842031 16
0000 0004 1710212882331 58.5625 -67.0 1.086058397823034 16
0000 0005 1710212882331 145.625 -70.5 1.1106020904292042 16
0000 0003 1710212882331 -52.0625 -68.5 3.227495577711389 16
0000 0007 1710212882332 -9.75 -63.0 0.6013204688511713 16
0000 0002 1710212882332 0.0 -73.0 4.73693267299086 16
0000 0001 1710212882332 14.0 -77.0 0.8222137023067037 16
0000 0003 1710212882333 87.875 -67.0 3.074097498922825 16
0000 0004 1710212882333 48.8125 -66.5 1.214912784005428 16
0000 0006 1710212882333 -74.8125 -65.5 0.3865631585471816 16
0000 0007 1710212882334 -26.0 -63.0 0.6381360077604268 16
0000 0005 1710212882334 21.125 -70.5 1.2762720155208536 16
0000 0002 1710212882334 0.8125 -73.0 1.6413594430376361 16
0000 0001 1710212882335 -6.6875 -76.5 4.313553975534423 16
0000 0004 1710212882584 -26.0 -66.5 1.3130875544301088 16
0000 0003 1710212882584 -26.0 -67.0 3.2459033471660166 16
0000 0007 1710212882585 -35.75 -62.5 0.6320000846088841 16
0000 0005 1710212882585 13.0 -71.5 1.2885438618239387 16
0000 0006 1710212882585 3.25 -65.0 0.28838838812250056 16
0000 0001 1710212882586 -14.625 -76.5 0.9633399347921826 16
0000 0002 1710212882586 15.25 -73.5 4.657165672020807 16
0000 0007 1710212882586 19.5 -62.5 0.5645049299419159 16
0000 0004 1710212882587 0.0 -67.0 1.3008157081270237 16
0000 0005 1710212882587 -68.3125 -70.0 1.3560390164909069 16
0000 0006 1710212882587 -19.5 -64.5 0.3190680038802134 16
0000 0003 1710212882588 -74.8125 -67.5 3.356349963893783 16
0000 0002 1710212882588 28.625 -73.5 1.4296700943094176 16
0000 0001 1710212882834 3.625 -78.5 1.0062913968529805 16
0000 0006 1710212882834 -16.25 -65.5 0.35588354278946877 16
0000 0005 1710212882835 -38.1875 -70.0 1.3560390164909069 16
0000 0007 1710212882835 -13.0 -63.0 0.6320000846088841 16
0000 0004 1710212882835 -42.3125 -66.5 1.2701360923693108 16
0000 0003 1710212882836 -74.8125 -67.0 3.2765829629237295 16
0000 0002 1710212882836 1.1875 -74.0 4.6878452877785195 16
0000 0001 1710212882836 42.0625 -77.0 0.760854470791278 16
0000 0007 1710212882837 35.75 -62.5 0.521553467881118 16
0000 0003 1710212882837 -6.5 -67.5 3.1661363461959633 16
0000 0004 1710212882837 -52.0625 -66.5 1.239456476611598 16
0000 0006 1710212882838 29.25 -65.0 0.3190680038802134 16
0000 0005 1710212882838 328.75 -70.0 0.9203884727313847 16
0000 0002 1710212882838 -1.8125 -73.5 4.755340442445488 16
0000 0001 1710212883084 -4.875 -79.0 1.055378782065321 16
0000 0006 1710212883085 -68.3125 -65.5 0.47860200582032003 16
0000 0005 1710212883085 -78.0625 -71.0 1.3989904785517047 16
0000 0004 1710212883085 -45.5625 -66.5 1.3499030933393643 16
0000 0003 1710212883086 -68.3125 -68.0 3.2581751934691017 16
0000 0007 1710212883086 -3.25 -62.5 0.5767767762450011 16
0000 0002 1710212883086 -4.25 -74.0 1.552388557340269 16
0000 0001 1710212883087 0.5625 -78.0 3.9944859716542096 16
0000 0003 1710212883087 9.75 -67.5 3.1661363461959633 16
0000 0007 1710212883087 16.25 -63.0 0.5951845456996288 16
0000 0004 1710212883088 -3.25 -66.5 1.2210487071569704 16
0000 0006 1710212883088 61.8125 -65.0 0.2454369260617026 16
0000 0005 1710212883088 34.9375 -70.5 1.2762720155208536 16
0000 0002 1710212883089 -9.125 -73.5 4.706253057233147 16
0000 0001 1710212883345 -12.1875 -78.5 1.141281706186917 16
0000 0007 1710212883345 -26.0 -62.5 0.5951845456996288 16
0000 0005 1710212883345 87.0625 -72.0 1.214912784005428 16
0000 0006 1710212883346 -74.8125 -65.0 0.4295146206079795 16
0000 0003 1710212883346 169.25 -68.5 2.9084275738311756 16
0000 0004 1710212883346 -13.0 -66.0 1.2762720155208536 16
0000 0002 1710212883347 -20.75 -73.5 4.779884135051658 16
0000 0001 1710212883347 -4.5625 -78.5 1.0185632431560658 16
0000 0007 1710212883347 13.0 -63.5 0.5338253141842031 16
0000 0003 1710212883348 -78.0625 -69.0 3.313398501832985 16
0000 0005 1710212883348 152.9375 -71.0 1.2455923997631406 16
0000 0006 1710212883349 -45.5625 -65.0 0.36815538909255385 16
0000 0004 1710212883349 -65.0625 -67.0 1.3008157081270237 16
0000 0002 1710212883349 0.0 -74.0 1.509437095279471 16
0000 0001 1710212883584 -7.3125 -79.0 1.2640001692177683 16
0000 0007 1710212883584 52.0625 -63.0 0.48473792897186263 16
0000 0005 1710212883584 -26.0 -70.5 1.4296700943094176 16
0000 0006 1710212883584 3.25 -65.5 0.36815538909255385 16
0000 0004 1710212883585 -22.75 -66.5 1.2087768608538851 16
0000 0003 1710212883585 -19.5 -67.5 3.1906800388021335 16
0000 0002 1710212883586 4.25 -74.0 1.4173982480063325 16
0000 0001 1710212883586 3.875 -78.5 0.8406214717613314 16
0000 0003 1710212883834 9.75 -68.5 3.172272269347506 16
0000 0007 1710212883834 -29.25 -62.5 0.619728238305799 16
0000 0006 1710212883834 13.0 -65.0 0.2945243112740431 16
0000 0004 1710212883835 13.0 -67.0 1.227184630308513 16
0000 0005 1710212883835 74.8125 -71.0 1.2701360923693108 16
0000 0002 1710212883835 -7.3125 -74.0 1.5155730184310134 16
0000 0001 1710212883836 0.625 -79.0 4.0987966652304335 16
0000 0005 1710212883836 9.75 -70.5 1.3130875544301088 16
0000 0006 1710212883836 -22.75 -65.0 0.3436116964863836 16
0000 0007 1710212883837 39.0 -63.0 0.5154175447295755 16
0000 0003 1710212883837 3.25 -68.5 3.2213596545598464 16
0000 0004 1710212883837 -48.8125 -66.5 1.282407938672396 16
0000 0002 1710212883838 -25.0 -73.5 4.853515212870168 16
0000 0001 1710212884084 9.75 -78.5 0.6565437772150544 16
0000 0007 1710212884084 -19.5 -63.0 0.607456392002714 16
0000 0005 1710212884084 52.0625 -70.5 1.2946797849754812 16
0000 0006 1710212884085 -55.3125 -66.0 0.48473792897186263 16
0000 0004 1710212884085 100.875 -67.5 1.1044661672776617 16
0000 0003 1710212884085 -35.75 -67.5 3.356349963893783 16
0000 0002 1710212884086 14.0 -74.0 4.608078286808466 16
0000 0001 1710212884086 5.8125 -79.0 3.9638063558964967 16
0000 0004 1710212884086 16.25 -67.0 1.2333205534600555 16
0000 0003 1710212884087 104.125 -69.0 3.1231848841351653 16
0000 0007 1710212884087 9.75 -62.5 0.5706408530934585 16
0000 0006 1710212884087 65.0625 -65.0 0.2270291566070749 16
0000 0005 1710212884088 6.5 -71.0 1.3989904785517047 16
0000 0002 1710212884088 1.1875 -74.0 4.589670517353839 16
0000 0001 1710212884334 2.125 -78.5 4.031301510563465 16
0000 0005 1710212884334 -24.375 -71.0 1.3437671701878218 16
0000 0004 1710212884335 48.8125 -66.5 1.1596894756415448 16
0000 0007 1710212884335 29.25 -63.0 0.5460971604872883 16
0000 0006 1710212884336 35.75 -65.0 0.30679615757712825 16
0000 0003 1710212884337 -87.875 -68.5 3.2520392703175593 16
0000 0002 1710212884337 14.625 -74.0 1.4358060174609601 16
0000 0001 1710212884337 4.875 -79.0 0.9878836273983529 16
0000 0006 1710212884337 -6.5 -65.0 0.3436116964863836 16
0000 0003 1710212884338 -81.375 -69.0 3.3440781175906977 16
0000 0004 1710212884338 9.75 -67.5 1.1780972450961724 16
0000 0005 1710212884338 250.625 -70.5 1.0983302441261191 16
0000 0007 1710212884339 -9.75 -62.5 0.5645049299419159 16
0000 0002 1710212884339 -20.125 -74.0 4.669437518323892 16
0000 0001 1710212884339 7.625 -78.5 0.6933593161243098 16
0000 0003 1710212884581 -19.5 -68.0 3.3318062712876126 16
0000 0005 1710212884582 120.4375 -70.5 1.184233168247715 16
0000 0004 1710212884582 -26.0 -67.0 1.325359400733194 16
0000 0007 1710212884582 9.75 -63.0 0.5890486225480862 16
0000 0006 1710212884583 29.25 -64.5 0.30066023442558565 16
0000 0002 1710212884583 7.3125 -74.0 4.577398671050753 16
0000 0001 1710212884583 -18.25 -77.5 4.246058820867455 16
0000 0006 1710212884584 -22.75 -65.5 0.35588354278946877 16
0000 0007 1710212884584 32.5 -62.5 0.5276893910326605 16
0000 0004 1710212884584 19.5 -66.5 1.2087768608538851 16
0000 0003 1710212884585 68.3125 -67.5 3.06182565261974 16
0000 0005 1710212884585 -19.5 -71.5 1.325359400733194 16
0000 0002 1710212884585 -1.8125 -74.0 4.663301595172349 16
0000 0001 1710212884585 -19.5 -77.5 4.166291819897402 16
