0000 0015 1711014561414 91.125 -67.5 2.3623304133438876 18
0000 0014 1711014561422 -6.5 -61.0 3.141592653589793 18
0000 0005 1711014561423 9.75 -56.5 1.7426021750380885 18
0000 0008 1711014561423 19.5 -52.5 0.30679615757712825 18
0000 0004 1711014561424 -3.25 -59.0 4.601942363656923 18
0000 0006 1711014561425 -39.0 -65.5 5.829126993965437 18
0000 0011 1711014561426 97.625 -65.0 0.6810874698212247 18
0000 0000 1711014561426 -48.8125 -70.0 0.3620194659410113 18
0000 0001 1711014561427 -35.75 -71.5 6.135923151542564 18
0000 0004 1711014561427 -19.5 -59.5 4.626486056263094 18
0000 0015 1711014561427 68.3125 -69.5 2.2580197197676637 18
0000 0011 1711014561428 19.5 -64.0 0.8467573949128739 18
0000 0001 1711014561428 -26.0 -72.0 6.111379458936394 18
0000 0005 1711014561429 -16.25 -56.5 1.7978254834019713 18
0000 0008 1711014561429 19.5 -52.5 0.3374757733348411 18
0000 0006 1711014561430 42.3125 -65.5 5.755495916146925 18
0000 0000 1711014561430 -126.9375 -72.0 0.6135923151542565 18
0000 0014 1711014561431 -68.3125 -60.5 3.2459033471660166 18
0000 0014 1711014561503 -19.5 -61.0 3.147728576741336 18
0000 0005 1711014561504 0.0 -56.5 1.8162332528565992 18
0000 0001 1711014561505 61.8125 -71.5 6.068427996875596 18
0000 0008 1711014561506 9.75 -52.5 0.3374757733348411 18
0000 0015 1711014561507 -22.75 -68.0 2.429825568010856 18
0000 0006 1711014561508 22.75 -66.0 5.7616318392984684 18
0000 0004 1711014561508 6.5 -59.0 4.558990901596125 18
0000 0011 1711014561510 32.5 -64.5 0.7915340865489908 18
0000 0000 1711014561510 55.3125 -70.0 0.12885438618239387 18
0000 0011 1711014561713 -52.0625 -65.0 0.9203884727313847 18
0000 0006 1711014561714 100.875 -65.5 5.632777453116074 18
0000 0004 1711014561715 -22.75 -59.5 4.558990901596125 18
0000 0000 1711014561716 191.1875 -72.0 0.1718058482431918 18
0000 0001 1711014561717 172.5 -71.5 5.884350302329319 18
0000 0005 1711014561718 27.625 -56.5 1.7548740213411735 18
0000 0008 1711014561719 6.5 -52.5 0.36815538909255385 18
0000 0015 1711014561720 61.8125 -68.5 2.3439226438892597 18
0000 0014 1711014561721 -29.25 -61.0 3.184544115650591 18
0000 0006 1711014561722 45.5625 -66.0 5.816855147662351 18
0000 0015 1711014561723 -61.8125 -69.0 2.552544031041707 18
0000 0005 1711014561724 -3.25 -56.5 1.8039614065535141 18
0000 0014 1711014561726 0.0 -61.5 3.184544115650591 18
0000 0008 1711014561727 22.75 -52.5 0.35588354278946877 18
0000 0004 1711014561727 -35.75 -59.5 4.601942363656923 18
0000 0001 1711014561728 -74.8125 -72.0 6.117515382087937 18
0000 0011 1711014561729 84.625 -65.5 0.7485826244881929 18
0000 0000 1711014561730 79.75 -72.5 0.1718058482431918 18
0000 0004 1711014561937 -3.25 -59.5 4.522175362686871 18
0000 0001 1711014561938 16.25 -71.0 5.9518454569962875 18
0000 0005 1711014561939 0.0 -56.5 1.8285050991596843 18
0000 0014 1711014561939 -16.25 -61.0 3.172272269347506 18
0000 0011 1711014561940 71.5625 -65.0 0.7792622402459057 18
0000 0008 1711014561941 13.0 -52.5 0.35588354278946877 18
0000 0006 1711014561942 97.625 -65.5 5.730952223540755 18
0000 0015 1711014561943 -117.125 -68.5 2.693670263527186 18
0000 0000 1711014561945 48.8125 -72.0 0.25157284921324513 18
0000 0015 1711014561946 9.75 -68.0 2.4605051837685683 18
0000 0005 1711014561947 3.25 -57.0 1.8100973297050567 18
0000 0011 1711014561947 87.875 -65.5 0.7363107781851077 18
0000 0004 1711014561948 6.5 -59.5 4.546719055293041 18
0000 0008 1711014561949 3.25 -52.5 0.380427235395639 18
0000 0006 1711014561950 68.3125 -65.0 5.792311455056181 18
0000 0014 1711014561951 -39.0 -61.5 3.215223731408304 18
0000 0001 1711014561952 71.5625 -72.0 5.945709533844745 18
0000 0000 1711014561953 195.25 -71.5 6.258641614573416 18
0000 0014 1711014562160 -78.0625 -61.5 3.2643111166206444 18
0000 0000 1711014562160 -175.75 -72.0 0.521553467881118 18
0000 0015 1711014562161 13.0 -68.5 2.3930100291016 18
0000 0005 1711014562162 -6.5 -57.0 1.8162332528565992 18
0000 0004 1711014562162 -22.75 -59.5 4.583534594202296 18
0000 0008 1711014562163 9.75 -52.5 0.36815538909255385 18
0000 0006 1711014562164 81.375 -66.0 5.6941366846315 18
0000 0011 1711014562166 -16.25 -65.0 0.8897088569736719 18
0000 0001 1711014562167 -9.75 -71.5 6.227961998815704 18
0000 0014 1711014562168 -65.0625 -62.0 3.2520392703175593 18
0000 0015 1711014562168 133.4375 -68.0 2.2764274892222915 18
0000 0000 1711014562169 65.0625 -71.5 0.2638446955163303 18
0000 0011 1711014562170 -13.0 -66.0 0.8713010875190442 18
0000 0005 1711014562171 -3.25 -57.0 1.7978254834019713 18
0000 0008 1711014562172 6.5 -52.5 0.3865631585471816 18
0000 0004 1711014562173 -19.5 -59.5 4.589670517353839 18
0000 0001 1711014562174 110.625 -71.0 6.050020227420969 18
0000 0006 1711014562175 39.0 -65.5 5.816855147662351 18
0000 0000 1711014562377 192.0 -71.5 0.11658253987930872 18
0000 0015 1711014562378 -139.9375 -68.5 2.6261751088602177 18
0000 0008 1711014562379 6.5 -52.5 0.37429131224409645 18
0000 0005 1711014562380 -6.5 -57.0 1.846912868614312 18
0000 0001 1711014562381 159.5 -72.0 5.878214379177777 18
0000 0011 1711014562382 -45.5625 -65.0 0.9326603190344698 18
0000 0014 1711014562383 -42.3125 -61.5 3.227495577711389 18
0000 0006 1711014562384 -3.25 -65.5 5.835262917116979 18
0000 0004 1711014562384 -13.0 -60.0 4.577398671050753 18
0000 0011 1711014562385 -19.5 -65.0 0.8344855486097889 18
0000 0001 1711014562386 -172.5 -71.5 0.14112623248547898 18
0000 0014 1711014562387 -45.5625 -61.5 3.227495577711389 18
0000 0004 1711014562388 -9.75 -59.5 4.595806440505381 18
0000 0015 1711014562388 61.8125 -68.5 2.2089323345553233 18
0000 0005 1711014562389 0.0 -57.0 1.8530487917658545 18
0000 0008 1711014562390 0.0 -52.5 0.4111068511533518 18
0000 0000 1711014562392 52.0625 -72.0 0.14112623248547898 18
0000 0006 1711014562392 58.5625 -66.0 5.780039608753096 18
0000 0006 1711014562501 -52.0625 -66.0 5.93343768754166 18
0000 0011 1711014562502 133.4375 -65.0 0.5767767762450011 18
0000 0014 1711014562503 -26.0 -61.5 3.1784081924990484 18
0000 0008 1711014562504 19.5 -52.5 0.39269908169872414 18
0000 0004 1711014562506 9.75 -60.0 4.608078286808466 18
0000 0015 1711014562506 136.6875 -68.5 2.2641556429192065 18
0000 0005 1711014562507 13.0 -57.0 1.8162332528565992 18
0000 0001 1711014562508 94.375 -71.5 5.902758071783947 18
0000 0000 1711014562508 107.375 -72.5 0.07363107781851078 18
0000 0015 1711014562713 -39.0 -68.5 2.6261751088602177 18
0000 0005 1711014562715 -29.25 -57.5 1.9512235621905356 18
0000 0008 1711014562715 13.0 -53.0 0.46019423636569234 18
0000 0014 1711014562716 -22.75 -62.0 3.153864499892878 18
0000 0006 1711014562717 104.125 -66.0 5.792311455056181 18
0000 0011 1711014562718 -13.0 -63.5 0.7301748550335652 18
0000 0004 1711014562719 -16.25 -59.5 4.724660826687775 18
0000 0000 1711014562719 24.375 -72.5 0.30679615757712825 18
0000 0001 1711014562720 -3.625 -75.5 0.619728238305799 18
0000 0006 1711014562721 152.9375 -67.0 5.810719224510809 18
0000 0014 1711014562722 -19.5 -61.5 3.160000423044421 18
0000 0011 1711014562722 3.25 -63.5 0.5706408530934585 18
0000 0008 1711014562724 22.75 -54.5 0.6135923151542565 18
0000 0004 1711014562725 -26.0 -59.5 4.878058905476339 18
0000 0005 1711014562725 39.0 -58.5 2.067806102069844 18
0000 0000 1711014562726 62.625 -72.0 0.6442719309119693 18
0000 0001 1711014562749 7.3125 -75.5 5.47937937432751 18
0000 0004 1711014563001 3.25 -61.5 5.332117218690489 18
0000 0011 1711014563002 45.5625 -64.0 0.5031456984264903 18
0000 0006 1711014563003 -26.0 -70.5 0.07976700097005335 18
0000 0014 1711014563003 -3.25 -61.5 2.761165418194154 18
0000 0008 1711014563004 39.0 -59.0 0.8222137023067037 18
0000 0005 1711014563005 -3.25 -60.5 2.5280003384355365 18
0000 0000 1711014563005 -139.9375 -71.5 2.043262409463674 18
0000 0004 1711014563006 3.25 -62.5 0.07976700097005335 18
0000 0014 1711014563007 -13.0 -60.0 2.724349879284899 18
0000 0006 1711014563007 -68.3125 -71.5 6.234097921967246 18
0000 0005 1711014563008 0.0 -64.5 3.393165502803038 18
0000 0011 1711014563009 22.75 -66.5 0.6381360077604268 18
0000 0008 1711014563010 16.25 -66.0 0.7915340865489908 18
0000 0015 1711014563011 41.5 -70.5 1.7456701366138596 18
0000 0000 1711014563012 -23.4375 -76.5 1.1535535524900022 18
0000 0015 1711014563261 29.25 -67.0 1.9389517158874505 18
0000 0014 1711014563262 -32.5 -61.5 2.82252464970958 18
0000 0004 1711014563263 -6.5 -69.0 2.227340104009951 18
0000 0005 1711014563263 84.625 -64.5 1.4603497100671303 18
0000 0011 1711014563264 100.875 -71.0 0.7853981633974483 18
0000 0000 1711014563265 38.1875 -73.0 5.724816300389213 18
0000 0006 1711014563266 146.4375 -73.0 0.018407769454627694 18
0000 0009 1711014563266 0.0 -75.0 2.0371264863121317 18
0000 0008 1711014563267 1.4375 -70.0 6.240233845118788 18
0000 0008 1711014563268 -3.25 -63.0 0.5890486225480862 18
0000 0014 1711014563268 0.0 -59.5 2.2334760271614935 18
0000 0005 1711014563269 -19.5 -58.5 4.080388895775806 18
0000 0000 1711014563270 -16.25 -70.0 2.1659808724945253 18
0000 0015 1711014563270 39.0 -68.0 2.1475731030398975 18
0000 0004 1711014563473 2.5 -65.5 5.485515297479052 18
0000 0011 1711014563473 5.4375 -74.0 1.6137477888556946 18
0000 0004 1711014563474 16.25 -60.5 2.662990647769473 18
0000 0005 1711014563474 9.75 -55.5 0.6258641614573416 18
0000 0008 1711014563475 26.0 -60.5 2.552544031041707 18
0000 0014 1711014563476 9.75 -57.5 1.9696313316451632 18
0000 0000 1711014563476 -65.875 -69.0 5.638913376267617 18
0000 0013 1711014563477 -139.9375 -72.0 3.4054373491061236 18
0000 0011 1711014563478 5.25 -70.5 2.48811683795051 18
0000 0010 1711014563478 -2.4375 -69.0 5.9610493417236015 18
0000 0001 1711014563479 2.4375 -72.0 0.23316507975861744 18
0000 0001 1711014563480 -91.125 -70.0 0.2761165418194154 18
0000 0008 1711014563480 29.25 -59.0 6.154330920997192 18
0000 0011 1711014563481 -107.375 -67.0 4.970097752749477 18
0000 0000 1711014563482 -78.0625 -68.0 1.7916895602504288 18
0000 0006 1711014563482 -35.75 -65.0 4.252194744018997 18
0000 0014 1711014563483 16.25 -57.0 1.748738098189631 18
0000 0004 1711014563484 -3.25 -58.5 5.252350217720435 18
0000 0005 1711014563485 -6.5 -54.5 4.454680208019902 18
0000 0010 1711014563485 -19.5 -56.5 5.688000761479957 18
0000 0013 1711014563486 -55.3125 -68.5 3.5588354278946874 18
0000 0009 1711014563509 12.3125 -71.5 2.5341362615870793 18
0000 0012 1711014563726 4.1875 -77.0 5.730952223540755 18
0000 0004 1711014563727 -9.75 -57.0 1.9696313316451632 18
0000 0009 1711014563728 10.5625 -56.5 5.915029918087033 18
0000 0008 1711014563729 -6.5 -61.0 3.11091303783208 18
0000 0014 1711014563730 0.0 -57.0 1.6321555583103222 18
0000 0005 1711014563731 16.25 -51.5 0.5522330836388308 18
0000 0010 1711014563731 3.25 -55.0 1.932815792735908 18
0000 0001 1711014563732 74.8125 -67.0 6.252505691421874 18
0000 0006 1711014563732 16.25 -53.5 1.1167380135807468 18
0000 0000 1711014563733 -41.5 -72.0 4.276738436625168 18
0000 0012 1711014563734 16.25 -74.0 2.742757648739526 18
0000 0013 1711014563735 91.125 -67.0 3.2888548092268146 18
0000 0007 1711014563737 13.0 -60.0 1.5278448647340985 18
0000 0011 1711014563738 30.5 -69.0 2.2764274892222915 18
0000 0011 1711014563738 3.25 -56.5 1.2701360923693108 18
0000 0006 1711014563739 -6.5 -56.0 2.509592568980909 18
0000 0007 1711014563740 -6.5 -61.5 2.3623304133438876 18
0000 0004 1711014563741 13.0 -55.5 2.8532042654672924 18
0000 0014 1711014563741 19.5 -58.0 1.4173982480063325 18
0000 0013 1711014563759 19.5 -69.0 3.043417883165112 18
0000 0010 1711014563760 26.0 -59.5 3.423845118560751 18
0000 0000 1711014563761 22.75 -71.5 5.1725832167503825 18
0000 0005 1711014563761 3.25 -54.0 0.5399612373357456 18
0000 0008 1711014563762 9.75 -60.5 4.657165672020807 18
0000 0009 1711014563763 24.375 -58.0 0.9756117810952678 18
0000 0001 1711014563763 19.5 -65.0 5.178719139901925 18
0000 0012 1711014563764 0.0 -65.5 3.0925052683774528 18
0000 0012 1711014563963 -19.5 -59.0 3.2397674240144743 18
0000 0005 1711014563964 3.25 -56.0 0.46019423636569234 18
0000 0011 1711014563965 -6.5 -52.0 2.3193789512830896 18
0000 0004 1711014563965 9.75 -57.0 3.160000423044421 18
0000 0007 1711014563966 19.5 -67.5 2.552544031041707 18
0000 0008 1711014563967 -104.125 -67.0 4.804427827657828 18
0000 0000 1711014563967 -55.3125 -71.0 5.43029198911517 18
0000 0006 1711014563968 13.0 -57.0 3.6201946594101133 18
0000 0014 1711014563969 19.5 -58.5 1.1719613219446299 18
0000 0009 1711014563969 10.5625 -64.0 1.4848934026733007 18
0000 0010 1711014563970 22.75 -62.5 5.448699758569798 18
0000 0001 1711014563970 -123.6875 -67.0 4.28287435977671 18
0000 0013 1711014563971 1.8125 -71.5 5.460971604872882 18
0000 0000 1711014563972 -107.375 -69.5 5.822991070813893 18
0000 0005 1711014563972 68.3125 -60.0 0.5583690067903734 18
0000 0012 1711014563973 -13.0 -54.0 3.8410878928656453 18
0000 0013 1711014563974 -32.5 -69.5 2.2457478734645786 18
0000 0009 1711014563974 3.25 -67.5 1.859184714917397 18
0000 0008 1711014563975 71.5625 -69.0 4.663301595172349 18
0000 0014 1711014563976 55.3125 -60.0 1.0492428589137786 18
0000 0006 1711014563976 -3.25 -57.0 4.135612204139688 18
0000 0004 1711014563977 -9.75 -57.0 3.5342917352885173 18
0000 0011 1711014563978 0.0 -51.0 2.779573187648782 18
0000 0010 1711014563978 -26.0 -63.0 5.970253226450915 18
0000 0007 1711014563980 -16.25 -70.0 2.454369260617026 18
0000 0001 1711014563981 120.4375 -66.0 3.6386024288647407 18
0000 0014 1711014564200 45.5625 -60.5 1.086058397823034 18
0000 0001 1711014564201 3.25 -66.0 3.5588354278946874 18
0000 0011 1711014564201 -3.25 -54.0 3.160000423044421 18
0000 0008 1711014564202 -42.3125 -72.5 4.890330751779424 18
0000 0012 1711014564203 6.5 -52.5 4.1417481272912315 18
0000 0010 1711014564203 -13.0 -63.5 6.074563920027139 18
0000 0004 1711014564204 -26.0 -58.0 3.9269908169872414 18
0000 0006 1711014564205 9.75 -58.0 4.534447208989955 18
0000 0005 1711014564205 22.75 -63.0 0.01227184630308513 18
0000 0009 1711014564206 -58.5625 -68.5 2.2948352586769194 18
0000 0013 1711014564207 0.0 -66.5 1.6260196351587797 18
0000 0000 1711014564208 -19.5 -69.5 5.822991070813893 18
0000 0007 1711014564209 7.3125 -76.5 0.6381360077604268 18
0000 0004 1711014564210 -13.0 -57.5 4.086524818927348 18
0000 0013 1711014564210 -9.75 -66.5 1.8346410223112268 18
0000 0014 1711014564211 19.5 -60.5 1.227184630308513 18
0000 0009 1711014564218 34.9375 -69.5 1.9205439464328227 18
0000 0007 1711014564219 61.8125 -71.5 0.23930100291016002 18
0000 0005 1711014564220 -19.5 -62.0 6.166602767300278 18
0000 0010 1711014564221 -6.5 -61.5 0.2945243112740431 18
0000 0012 1711014564221 -26.0 -52.0 4.172427743048944 18
0000 0011 1711014564222 -16.25 -53.0 3.2397674240144743 18
0000 0001 1711014564223 -13.0 -67.5 3.485204350076177 18
0000 0006 1711014564223 -45.5625 -60.5 4.558990901596125 18
0000 0000 1711014564224 -42.3125 -68.0 5.982525072754001 18
0000 0008 1711014564224 -81.375 -74.0 5.037592907416445 18
0000 0004 1711014564433 -29.25 -57.0 4.779884135051658 18
0000 0008 1711014564433 -250.625 -72.0 5.5284667595398505 18
0000 0009 1711014564434 -152.9375 -67.5 2.110757564130642 18
0000 0007 1711014564434 84.625 -69.0 1.1903690913992575 18
0000 0010 1711014564435 22.75 -60.0 0.6258641614573416 18
0000 0014 1711014564435 45.5625 -61.0 1.227184630308513 18
0000 0013 1711014564436 -6.5 -68.0 1.3560390164909069 18
0000 0006 1711014564437 -19.5 -61.0 4.81056375080937 18
0000 0005 1711014564437 35.75 -59.0 0.2638446955163303 18
0000 0000 1711014564437 -16.25 -67.0 6.22182607566416 18
0000 0001 1711014564438 87.875 -68.5 3.2827188860752723 18
0000 0011 1711014564439 -3.25 -52.0 3.32567034813607 18
0000 0012 1711014564439 -6.5 -52.0 4.2031073588066565 18
0000 0011 1711014564440 -26.0 -52.5 3.6079228131070282 18
0000 0013 1711014564440 84.625 -69.0 1.1290098598838318 18
0000 0014 1711014564441 32.5 -61.5 1.2517283229146832 18
0000 0010 1711014564441 -13.0 -59.0 0.6994952392758523 18
0000 0001 1711014564442 -139.9375 -69.0 3.4913402732277192 18
0000 0004 1711014564442 -26.0 -56.0 5.092816215780329 18
0000 0000 1711014564443 -29.25 -67.5 0.0674951546669682 18
0000 0012 1711014564444 -13.0 -52.0 4.289010282928253 18
0000 0006 1711014564444 -61.8125 -61.5 5.45483568172134 18
0000 0009 1711014564445 19.5 -68.5 1.9082721001297376 18
0000 0005 1711014564445 -3.25 -58.5 0.7240389318820226 18
0000 0008 1711014564446 3.25 -72.0 5.062136600022616 18
0000 0007 1711014564446 0.0 -69.0 2.4727770300716534 18
0000 0013 1711014564667 -74.8125 -68.5 1.184233168247715 18
0000 0006 1711014564667 -35.75 -61.5 5.50392306693368 18
0000 0005 1711014564668 0.0 -58.0 0.7853981633974483 18
0000 0010 1711014564668 -26.0 -59.5 0.8528933180644165 18
0000 0004 1711014564669 19.5 -55.5 5.019185137961818 18
0000 0011 1711014564669 -22.75 -53.0 3.8288160465625602 18
0000 0007 1711014564670 74.8125 -69.5 2.2886993355253766 18
0000 0000 1711014564670 13.8125 -67.5 6.2463697682703305 18
0000 0012 1711014564671 6.5 -51.5 4.331961744989051 18
0000 0009 1711014564671 -17.0625 -69.5 2.184388641949153 18
0000 0008 1711014564672 -214.8125 -72.0 5.5284667595398505 18
0000 0014 1711014564672 3.25 -61.5 1.3008157081270237 18
0000 0001 1711014564673 9.75 -68.5 3.399301425954581 18
0000 0007 1711014564673 -97.625 -68.0 3.06182565261974 18
0000 0012 1711014564674 -9.75 -52.0 4.399456899656019 18
0000 0001 1711014564674 130.1875 -68.0 3.1906800388021335 18
0000 0004 1711014564675 6.5 -56.0 4.921010367537137 18
0000 0005 1711014564675 0.0 -58.0 0.9633399347921826 18
0000 0009 1711014564676 10.5625 -69.0 2.1046216409791 18
0000 0014 1711014564676 55.3125 -61.5 1.1903690913992575 18
0000 0011 1711014564677 6.5 -52.5 3.9515345095934116 18
0000 0006 1711014564677 9.75 -61.5 5.190990986205009 18
0000 0010 1711014564678 -9.75 -59.5 0.8528933180644165 18
0000 0013 1711014564679 97.625 -67.5 0.6994952392758523 18
0000 0000 1711014564679 48.8125 -67.0 6.17273869045182 18
0000 0008 1711014564680 -32.5 -73.5 5.129631754689584 18
0000 0014 1711014564896 74.8125 -61.0 1.184233168247715 18
0000 0007 1711014564896 65.0625 -67.0 3.043417883165112 18
0000 0012 1711014564897 3.25 -52.0 4.362641360746763 18
0000 0011 1711014564897 -3.25 -52.0 4.061981126321178 18
0000 0004 1711014564898 -26.0 -56.0 4.871922982324796 18
0000 0013 1711014564898 9.75 -67.0 0.7363107781851077 18
0000 0006 1711014564899 55.3125 -61.5 4.9394181369917645 18
0000 0009 1711014564899 222.125 -69.0 1.8653206380689396 18
0000 0000 1711014564900 26.0 -67.5 6.2463697682703305 18
0000 0005 1711014564900 7.3125 -57.0 1.1167380135807468 18
0000 0010 1711014564901 -29.25 -60.0 0.859029241215959 18
0000 0008 1711014564901 -100.875 -72.0 5.411884219660542 18
0000 0012 1711014564902 -19.5 -51.5 4.411728745959104 18
0000 0000 1711014564902 -35.75 -67.0 6.252505691421874 18
0000 0004 1711014564903 -6.5 -56.5 4.743068596142402 18
0000 0006 1711014564903 3.25 -61.0 4.970097752749477 18
0000 0008 1711014564904 -97.625 -71.5 5.5714182216006485 18
0000 0013 1711014564904 -52.0625 -67.5 0.7424467013366504 18
0000 0011 1711014564905 -13.0 -52.0 4.086524818927348 18
0000 0014 1711014564905 -13.0 -61.0 1.3192234775816514 18
0000 0005 1711014564906 -3.25 -57.0 1.2517283229146832 18
0000 0007 1711014564906 -91.125 -68.0 3.522019888985432 18
0000 0009 1711014564907 -76.4375 -68.0 2.1782527187976104 18
0000 0010 1711014564907 45.5625 -60.0 0.7424467013366504 18
0000 0001 1711014564908 -32.5 -68.5 3.4606606574700063 18
0000 0010 1711014565136 -29.25 -60.5 0.803805932852076 18
0000 0006 1711014565136 29.25 -61.5 4.81056375080937 18
0000 0005 1711014565137 42.3125 -57.0 1.2640001692177683 18
0000 0000 1711014565137 -45.5625 -67.5 0.09203884727313846 18
0000 0004 1711014565138 -13.0 -56.5 4.73693267299086 18
0000 0014 1711014565138 -3.25 -61.0 1.3314953238847365 18
0000 0007 1711014565139 -55.3125 -66.5 3.6263305825616556 18
0000 0011 1711014565139 -6.5 -52.5 4.123340357836604 18
0000 0001 1711014565140 -22.75 -68.5 3.5465635815916023 18
0000 0013 1711014565141 -94.375 -67.0 0.7731263170943632 18
0000 0012 1711014565141 9.75 -51.5 4.331961744989051 18
0000 0008 1711014565141 45.5625 -70.0 5.160311370447297 18
0000 0009 1711014565142 -100.875 -69.0 2.024854640009046 18
0000 0006 1711014565142 -9.75 -60.5 5.240078371417351 18
0000 0014 1711014565143 32.5 -61.0 1.2701360923693108 18
0000 0012 1711014565143 -6.5 -51.5 4.491495746929157 18
0000 0007 1711014565144 -26.0 -68.0 4.0128937411088375 18
0000 0001 1711014565144 146.4375 -67.0 2.5954954931025047 18
0000 0011 1711014565145 -19.5 -51.5 4.270602513473625 18
0000 0000 1711014565146 52.0625 -66.5 6.209554229361076 18
0000 0004 1711014565146 13.0 -56.0 4.890330751779424 18
0000 0005 1711014565147 -3.25 -57.0 0.9572040116406401 18
0000 0013 1711014565147 -19.5 -67.0 0.8099418560036186 18
0000 0010 1711014565148 16.25 -59.0 1.2517283229146832 18
0000 0009 1711014565148 -62.625 -69.0 2.000310947402876 18
0000 0008 1711014565149 110.625 -70.0 4.558990901596125 18
0000 0012 1711014565252 -3.25 -52.0 4.466952054322987 18
0000 0007 1711014565252 -61.8125 -67.5 4.0128937411088375 18
0000 0006 1711014565253 22.75 -61.0 5.2768939103266055 18
0000 0000 1711014565253 0.0 -66.5 0.006135923151542565 18
0000 0013 1711014565254 -74.8125 -67.0 0.7731263170943632 18
0000 0011 1711014565254 -22.75 -52.0 4.221515128261284 18
0000 0014 1711014565255 32.5 -61.0 1.3069516312785663 18
0000 0001 1711014565255 -13.0 -67.0 2.736621725587984 18
0000 0004 1711014565256 -42.3125 -56.0 5.031456984264903 18
0000 0010 1711014565256 3.25 -59.0 1.2946797849754812 18
0000 0005 1711014565257 26.0 -57.5 0.8467573949128739 18
0000 0009 1711014565257 -104.125 -69.0 2.1659808724945253 18
0000 0008 1711014565258 84.625 -68.5 4.522175362686871 18
0000 0004 1711014565479 0.0 -56.0 5.013049214810275 18
0000 0000 1711014565480 78.0625 -67.0 6.160466844148735 18
0000 0010 1711014565480 42.3125 -58.5 1.2701360923693108 18
0000 0014 1711014565481 61.8125 -61.0 1.2517283229146832 18
0000 0006 1711014565481 9.75 -60.5 5.368932757599744 18
0000 0011 1711014565482 -9.75 -52.0 4.135612204139688 18
0000 0013 1711014565482 52.0625 -67.5 0.607456392002714 18
0000 0012 1711014565482 9.75 -51.5 4.448544284868359 18
0000 0001 1711014565487 -19.5 -68.0 2.84706834231575 18
0000 0005 1711014565487 52.0625 -57.5 0.6810874698212247 18
0000 0009 1711014565488 126.9375 -70.0 1.705786636128833 18
0000 0008 1711014565489 68.3125 -69.0 4.681709364626977 18
0000 0007 1711014565489 -48.8125 -68.0 3.693825737228624 18
0000 0007 1711014565490 9.75 -67.5 3.693825737228624 18
0000 0004 1711014565490 -3.25 -56.0 5.0253210611133605 18
0000 0006 1711014565491 -84.625 -61.0 5.45483568172134 18
0000 0000 1711014565491 -48.8125 -66.5 0.0674951546669682 18
0000 0014 1711014565492 9.75 -61.0 1.2701360923693108 18
0000 0005 1711014565492 -22.75 -57.5 0.7117670855789375 18
0000 0012 1711014565493 0.0 -51.5 4.460816131171445 18
0000 0011 1711014565493 -13.0 -52.0 4.09266074207889 18
0000 0013 1711014565493 52.0625 -67.0 0.6994952392758523 18
0000 0010 1711014565494 16.25 -58.5 1.282407938672396 18
0000 0001 1711014565494 -48.8125 -68.0 2.834796496012665 18
0000 0008 1711014565495 74.8125 -70.0 4.718524903536232 18
0000 0009 1711014565496 30.875 -68.0 1.8837284075235674 18
0000 0013 1711014565712 -35.75 -67.5 0.8467573949128739 18
0000 0011 1711014565712 -9.75 -52.5 4.061981126321178 18
0000 0005 1711014565713 3.25 -57.5 0.6135923151542565 18
0000 0000 1711014565713 35.75 -66.5 6.1850105367549055 18
0000 0014 1711014565714 58.5625 -61.5 1.227184630308513 18
0000 0009 1711014565714 205.0625 -69.0 1.5585244804918115 18
0000 0012 1711014565715 -9.75 -51.5 4.473087977474529 18
0000 0010 1711014565715 32.5 -59.0 1.2578642460662257 18
0000 0004 1711014565715 3.25 -55.5 4.933282213840222 18
0000 0006 1711014565716 6.5 -60.5 5.258486140871978 18
0000 0008 1711014565716 -16.25 -69.0 4.755340442445488 18
0000 0001 1711014565717 19.5 -68.0 2.8777479580734626 18
0000 0007 1711014565717 -78.0625 -68.5 3.472932503773092 18
0000 0007 1711014565717 55.3125 -68.0 3.1354567304382504 18
0000 0005 1711014565718 9.75 -57.5 0.6258641614573416 18
0000 0006 1711014565718 -42.3125 -60.5 5.197126909356553 18
0000 0008 1711014565719 -22.75 -69.5 4.638757902566179 18
0000 0012 1711014565719 9.75 -52.0 4.454680208019902 18
0000 0001 1711014565720 -97.625 -68.0 3.074097498922825 18
0000 0004 1711014565720 -16.25 -56.0 4.859651136021712 18
0000 0011 1711014565720 -13.0 -52.0 4.031301510563465 18
0000 0014 1711014565721 39.0 -61.0 1.2517283229146832 18
0000 0010 1711014565721 42.3125 -60.0 1.2640001692177683 18
0000 0009 1711014565722 135.0625 -68.5 1.6689710972195777 18
0000 0000 1711014565722 -35.75 -66.0 6.178874613603362 18
0000 0013 1711014565723 123.6875 -68.0 0.6688156235181395 18
0000 0001 1711014565939 -65.0625 -67.5 3.172272269347506 18
0000 0010 1711014565939 -6.5 -60.0 1.239456476611598 18
0000 0006 1711014565940 -52.0625 -60.0 5.1725832167503825 18
0000 0009 1711014565940 0.0 -69.5 1.7426021750380885 18
0000 0012 1711014565940 6.5 -52.0 4.454680208019902 18
0000 0004 1711014565941 -16.25 -56.5 4.743068596142402 18
0000 0005 1711014565941 -3.25 -57.5 0.705631162427395 18
0000 0011 1711014565942 -6.5 -52.0 4.025165587411922 18
0000 0013 1711014565942 91.125 -68.0 0.6013204688511713 18
0000 0000 1711014565942 -35.75 -65.5 6.264777537724958 18
0000 0007 1711014565943 -78.0625 -67.5 3.7122335066832517 18
0000 0014 1711014565943 81.375 -61.0 1.1228739367322893 18
0000 0008 1711014565944 -182.25 -70.5 4.767612288748572 18
0000 0004 1711014565944 -13.0 -56.5 4.626486056263094 18
0000 0011 1711014565944 -6.5 -51.5 4.061981126321178 18
0000 0014 1711014565945 13.0 -61.0 1.1965050145508 18
0000 0000 1711014565945 -9.75 -66.5 6.22182607566416 18
0000 0010 1711014565946 3.25 -60.5 1.0676506283684062 18
0000 0006 1711014565946 -42.3125 -60.5 5.037592907416445 18
0000 0009 1711014565947 76.4375 -70.0 1.552388557340269 18
0000 0012 1711014565947 6.5 -51.5 4.381049130201391 18
0000 0005 1711014565947 21.125 -57.5 0.7915340865489908 18
0000 0008 1711014565948 -159.5 -71.0 4.804427827657828 18
0000 0013 1711014565948 -32.5 -68.0 0.8774370106705868 18
0000 0007 1711014565949 -48.8125 -66.5 3.902447124381071 18
0000 0001 1711014565949 45.5625 -68.0 3.141592653589793 18
0000 0011 1711014566168 -29.25 -51.5 4.09266074207889 18
0000 0001 1711014566169 -9.75 -67.0 3.3011266555298997 18
0000 0004 1711014566169 6.5 -56.0 4.540583132141498 18
0000 0012 1711014566170 -19.5 -51.5 4.411728745959104 18
0000 0010 1711014566170 3.25 -60.0 1.000155473701438 18
0000 0014 1711014566170 6.5 -61.5 1.214912784005428 18
0000 0006 1711014566171 -16.25 -61.0 4.896466674930966 18
0000 0005 1711014566171 19.5 -57.0 0.8774370106705868 18
0000 0008 1711014566172 -78.0625 -71.5 4.479223900626073 18
0000 0009 1711014566172 73.1875 -69.5 1.4787574795217582 18
0000 0007 1711014566172 26.0 -67.0 3.865631585471816 18
0000 0000 1711014566173 35.75 -66.5 6.209554229361076 18
0000 0013 1711014566173 -94.375 -68.0 1.000155473701438 18
0000 0004 1711014566174 -13.0 -56.5 4.577398671050753 18
0000 0010 1711014566174 29.25 -60.5 1.012427320004523 18
0000 0013 1711014566174 -117.125 -67.5 1.0921943209745766 18
0000 0009 1711014566175 -41.5 -70.5 1.6505633277649499 18
0000 0006 1711014566175 -26.0 -61.0 4.853515212870168 18
0000 0011 1711014566176 -6.5 -52.0 4.049709280018092 18
0000 0012 1711014566176 -9.75 -51.5 4.381049130201391 18
0000 0007 1711014566177 -71.5625 -66.5 3.9392626632903265 18
0000 0000 1711014566177 45.5625 -67.0 6.2034183062095325 18
0000 0005 1711014566178 6.5 -57.0 0.8897088569736719 18
0000 0014 1711014566178 16.25 -61.5 1.1719613219446299 18
0000 0001 1711014566178 3.25 -66.5 3.454524734318464 18
0000 0008 1711014566179 -175.75 -70.0 4.865787059173254 18
