0000 0015 1711014356030 -35.75 -62.5 1.0246991663076084 18
0000 0014 1711014356030 32.5 -66.5 1.9573594853420782 18
0000 0015 1711014356030 35.75 -63.5 0.9142525495798421 18
0000 0001 1711014356031 107.375 -69.5 2.8654761117703775 18
0000 0006 1711014356031 84.625 -68.5 2.5034566458293663 18
0000 0011 1711014356032 6.5 -61.5 6.234097921967246 18
0000 0005 1711014356032 -35.75 -57.5 4.902602598082509 18
0000 0004 1711014356032 0.0 -57.5 2.098485717827557 18
0000 0008 1711014356033 -91.125 -67.0 3.074097498922825 18
0000 0000 1711014356033 -8.5 -75.0 1.0492428589137786 18
0000 0009 1711014356034 6.5 -76.0 4.528311285838413 18
0000 0005 1711014356034 -9.75 -58.0 4.853515212870168 18
0000 0006 1711014356034 -65.0625 -68.5 2.773437264497239 18
0000 0001 1711014356035 -91.125 -69.0 3.074097498922825 18
0000 0015 1711014356035 9.75 -62.5 0.9756117810952678 18
0000 0004 1711014356035 6.5 -57.5 2.067806102069844 18
0000 0011 1711014356035 -6.5 -61.5 6.264777537724958 18
0000 0008 1711014356036 -45.5625 -66.5 3.043417883165112 18
0000 0014 1711014356036 39.0 -66.5 1.9634954084936207 18
0000 0000 1711014356045 -7.3125 -74.5 0.9510680884890975 18
0000 0009 1711014356272 -7.125 -76.0 4.626486056263094 18
0000 0014 1711014356272 -13.0 -66.5 1.9819031779482483 18
0000 0001 1711014356273 -104.125 -69.5 3.1354567304382504 18
0000 0005 1711014356273 6.5 -58.0 4.841243366567084 18
0000 0015 1711014356273 29.25 -63.0 0.9694758579437253 18
0000 0004 1711014356274 0.0 -57.5 2.086213871524472 18
0000 0006 1711014356274 -84.625 -69.0 2.8716120349219203 18
0000 0011 1711014356274 -29.25 -61.5 0.01227184630308513 18
0000 0009 1711014356274 20.875 -76.5 4.534447208989955 18
0000 0000 1711014356275 10.375 -75.0 0.8713010875190442 18
0000 0006 1711014356275 35.75 -69.0 2.730485802436441 18
0000 0004 1711014356275 9.75 -57.5 2.073942025221387 18
0000 0014 1711014356276 179.0 -66.5 1.6873788666742053 18
0000 0008 1711014356276 -39.0 -67.0 3.0250101137104846 18
0000 0005 1711014356277 -29.25 -58.0 4.908738521234052 18
0000 0011 1711014356277 9.75 -62.0 0.01227184630308513 18
0000 0015 1711014356277 -3.25 -63.0 1.012427320004523 18
0000 0000 1711014356277 21.125 -72.5 4.147884050442774 18
0000 0001 1711014356278 -52.0625 -70.0 3.2643111166206444 18
0000 0009 1711014356518 1.3125 -76.5 4.669437518323892 18
0000 0004 1711014356518 -19.5 -57.5 2.1230294104337273 18
0000 0014 1711014356519 9.75 -67.0 1.9266798695843652 18
0000 0001 1711014356519 -52.0625 -70.0 3.2888548092268146 18
0000 0015 1711014356519 0.0 -62.5 1.043106935762236 18
0000 0000 1711014356520 -117.125 -75.5 4.154019973594316 18
0000 0006 1711014356520 87.875 -69.0 2.5280003384355365 18
0000 0008 1711014356520 -61.8125 -67.0 3.1784081924990484 18
0000 0005 1711014356520 -9.75 -57.5 4.878058905476339 18
0000 0011 1711014356521 -9.75 -61.5 0.0 18
0000 0009 1711014356521 -7.125 -76.0 4.632621979414636 18
0000 0014 1711014356521 -65.0625 -67.0 2.1475731030398975 18
0000 0004 1711014356522 26.0 -58.0 2.0800779483729293 18
0000 0015 1711014356522 -26.0 -63.5 1.0737865515199487 18
0000 0005 1711014356522 9.75 -57.5 4.828971520263998 18
0000 0011 1711014356522 9.75 -62.0 6.2463697682703305 18
0000 0008 1711014356523 104.125 -66.5 2.9084275738311756 18
0000 0006 1711014356523 -55.3125 -69.0 2.761165418194154 18
0000 0001 1711014356523 22.75 -70.0 3.1354567304382504 18
0000 0000 1711014356524 -68.3125 -72.5 4.25833066717054 18
0000 0009 1711014356756 -3.0 -76.5 4.558990901596125 18
0000 0006 1711014356757 71.5625 -69.5 2.60776733940559 18
0000 0014 1711014356757 39.0 -66.0 1.902136176978195 18
0000 0001 1711014356757 -100.875 -70.0 3.2949907323783574 18
0000 0004 1711014356757 0.0 -57.5 2.1046216409791 18
0000 0011 1711014356758 3.25 -61.5 6.252505691421874 18
0000 0005 1711014356758 -26.0 -58.0 4.933282213840222 18
0000 0015 1711014356758 9.75 -62.5 1.0185632431560658 18
0000 0008 1711014356759 91.125 -67.0 2.9022916506796332 18
0000 0000 1711014356759 -323.0625 -72.5 4.424000592262189 18
0000 0009 1711014356759 -4.5625 -76.5 4.663301595172349 18
0000 0006 1711014356759 68.3125 -69.0 2.736621725587984 18
0000 0011 1711014356760 -26.0 -62.0 0.006135923151542565 18
0000 0008 1711014356760 -94.375 -67.0 3.11091303783208 18
0000 0001 1711014356760 -19.5 -69.0 3.129320807286708 18
0000 0004 1711014356761 9.75 -57.5 2.061670178918302 18
0000 0014 1711014356761 29.25 -66.5 1.9696313316451632 18
0000 0015 1711014356761 -22.75 -63.0 1.0062913968529805 18
0000 0005 1711014356762 -3.25 -57.5 4.853515212870168 18
0000 0000 1711014356762 146.4375 -73.5 4.025165587411922 18
0000 0009 1711014356786 26.0625 -76.0 4.509903516383785 18
0000 0006 1711014356999 -65.0625 -70.0 2.8654761117703775 18
0000 0004 1711014356999 9.75 -57.5 2.086213871524472 18
0000 0005 1711014357000 -9.75 -58.0 4.878058905476339 18
0000 0011 1711014357000 16.25 -62.0 6.240233845118788 18
0000 0015 1711014357000 22.75 -63.0 0.944932165337555 18
0000 0014 1711014357001 -9.75 -66.5 1.9757672547967058 18
0000 0008 1711014357001 19.5 -66.5 2.9820586516496865 18
0000 0001 1711014357001 81.375 -69.5 3.000466421104314 18
0000 0000 1711014357001 -2.5625 -75.0 0.9756117810952678 18
0000 0009 1711014357002 3.0 -76.5 4.626486056263094 18
0000 0005 1711014357002 -3.25 -58.0 4.853515212870168 18
0000 0004 1711014357002 0.0 -57.5 2.1230294104337273 18
0000 0006 1711014357003 -3.25 -70.0 2.8838838812250054 18
0000 0011 1711014357003 -32.5 -62.0 0.04295146206079795 18
0000 0014 1711014357004 -162.75 -66.5 2.2089323345553233 18
0000 0015 1711014357004 9.75 -63.5 1.0062913968529805 18
0000 0001 1711014357004 -152.9375 -70.0 3.3195344249845276 18
0000 0008 1711014357004 74.8125 -67.0 2.84706834231575 18
0000 0000 1711014357005 -48.8125 -73.0 3.9822141253511245 18
0000 0009 1711014357036 -3.625 -76.5 4.565126824747668 18
0000 0005 1711014357239 -6.5 -58.0 4.871922982324796 18
0000 0011 1711014357239 39.0 -62.0 6.19728238305799 18
0000 0015 1711014357239 -19.5 -63.5 1.0983302441261191 18
0000 0004 1711014357239 13.0 -57.5 2.0800779483729293 18
0000 0014 1711014357240 16.25 -67.0 1.9634954084936207 18
0000 0001 1711014357240 -91.125 -69.5 3.184544115650591 18
0000 0008 1711014357240 -45.5625 -66.0 3.117048960983623 18
0000 0006 1711014357241 3.25 -68.0 2.693670263527186 18
0000 0000 1711014357241 9.75 -72.0 4.061981126321178 18
0000 0009 1711014357241 7.75 -76.5 4.558990901596125 18
0000 0015 1711014357242 22.75 -63.0 0.9694758579437253 18
0000 0008 1711014357242 13.0 -67.0 2.9084275738311756 18
0000 0005 1711014357243 16.25 -57.5 4.828971520263998 18
0000 0004 1711014357243 -19.5 -57.5 2.086213871524472 18
0000 0011 1711014357243 -52.0625 -62.0 6.277049384028044 18
0000 0001 1711014357244 -117.125 -69.0 3.2459033471660166 18
0000 0006 1711014357244 3.25 -69.0 2.6261751088602177 18
0000 0014 1711014357244 45.5625 -67.0 1.9573594853420782 18
0000 0000 1711014357286 11.5625 -75.0 4.147884050442774 18
0000 0009 1711014357287 -18.25 -76.5 4.743068596142402 18
0000 0014 1711014357491 58.5625 -66.5 1.8837284075235674 18
0000 0011 1711014357491 0.0 -61.5 6.264777537724958 18
0000 0015 1711014357491 3.25 -63.5 1.0062913968529805 18
0000 0008 1711014357491 -42.3125 -67.5 3.0925052683774528 18
0000 0001 1711014357492 -61.8125 -70.0 3.3011266555298997 18
0000 0005 1711014357492 -26.0 -58.0 4.92714629068868 18
0000 0004 1711014357492 0.0 -57.5 2.0493983326152168 18
0000 0006 1711014357493 -117.125 -70.0 2.7550294950426117 18
0000 0000 1711014357493 -55.3125 -73.5 4.25833066717054 18
0000 0009 1711014357493 9.125 -76.0 4.577398671050753 18
0000 0006 1711014357493 26.0 -69.0 2.5893595699509624 18
0000 0004 1711014357494 26.0 -57.5 2.012582793705961 18
0000 0001 1711014357494 0.0 -70.5 3.172272269347506 18
0000 0014 1711014357495 13.0 -67.0 2.0064468705544187 18
0000 0011 1711014357495 -35.75 -61.0 0.03681553890925539 18
0000 0005 1711014357495 -27.625 -58.0 4.9394181369917645 18
0000 0015 1711014357496 -6.5 -63.0 1.000155473701438 18
0000 0008 1711014357496 71.5625 -67.0 2.9391071895888885 18
0000 0000 1711014357536 -8.9375 -74.5 4.031301510563465 18
0000 0009 1711014357536 7.75 -76.5 4.589670517353839 18
0000 0004 1711014357748 9.75 -57.5 2.000310947402876 18
0000 0005 1711014357748 -19.5 -58.0 4.933282213840222 18
0000 0011 1711014357749 -13.0 -61.5 0.018407769454627694 18
0000 0008 1711014357749 6.5 -67.0 3.031146036862027 18
0000 0014 1711014357749 -6.5 -66.5 2.0923497946760143 18
0000 0006 1711014357750 9.75 -70.0 2.6691265709210157 18
0000 0015 1711014357750 -26.0 -63.0 1.0799224746714913 18
0000 0001 1711014357750 -58.5625 -70.5 3.227495577711389 18
0000 0000 1711014357750 110.625 -72.0 3.7981364308048478 18
0000 0009 1711014357751 -1.8125 -76.5 1.4173982480063325 18
0000 0001 1711014357751 -175.75 -71.0 3.785864584501762 18
0000 0015 1711014357751 32.5 -63.0 1.0185632431560658 18
0000 0008 1711014357752 -81.375 -67.0 3.2213596545598464 18
0000 0011 1711014357752 35.75 -61.5 6.17273869045182 18
0000 0004 1711014357753 0.0 -57.5 1.9696313316451632 18
0000 0005 1711014357753 -32.5 -58.0 4.957825906446392 18
0000 0014 1711014357753 -16.25 -66.5 1.9880391010997909 18
0000 0006 1711014357754 71.5625 -69.0 2.5464081078901644 18
0000 0009 1711014357795 24.0625 -77.5 1.2517283229146832 18
0000 0000 1711014357795 -1.3125 -75.0 4.184699589352029 18
0000 0014 1711014357982 9.75 -67.0 1.9634954084936207 18
0000 0006 1711014357982 185.5 -69.5 2.411417798556228 18
0000 0004 1711014357982 13.0 -58.0 2.0493983326152168 18
0000 0011 1711014357983 -3.25 -61.0 6.062292073724054 18
0000 0008 1711014357983 58.5625 -66.5 3.1661363461959633 18
0000 0015 1711014357983 -29.25 -62.5 1.1535535524900022 18
0000 0005 1711014357984 16.25 -58.0 4.822835597112456 18
0000 0001 1711014357984 -32.5 -70.0 4.558990901596125 18
0000 0000 1711014357984 149.6875 -73.5 4.356505437595221 18
0000 0001 1711014357985 45.5625 -70.5 6.240233845118788 18
0000 0006 1711014357985 55.3125 -71.5 2.84706834231575 18
0000 0014 1711014357985 71.5625 -66.5 1.6137477888556946 18
0000 0000 1711014357986 -358.0625 -72.0 5.356660911296659 18
0000 0004 1711014357986 -61.8125 -59.0 2.497320722677824 18
0000 0008 1711014357986 39.0 -64.0 3.6754179677739964 18
0000 0005 1711014357987 -6.5 -58.5 5.295301679781233 18
0000 0011 1711014357987 35.75 -61.0 5.8045833013592665 18
0000 0015 1711014357987 39.0 -63.5 1.1903690913992575 18
0000 0014 1711014358267 55.3125 -66.5 1.5033011721279284 18
0000 0011 1711014358267 -32.5 -62.0 5.9518454569962875 18
0000 0001 1711014358268 0.0 -71.5 2.141437179888355 18
0000 0005 1711014358268 -29.25 -62.0 6.117515382087937 18
0000 0004 1711014358268 13.0 -59.0 3.1661363461959633 18
0000 0015 1711014358269 78.0625 -64.5 0.9694758579437253 18
0000 0008 1711014358269 55.3125 -64.0 4.215379205109742 18
0000 0006 1711014358269 52.0625 -72.0 3.098641191528995 18
0000 0000 1711014358270 -7.875 -78.5 0.9510680884890975 18
0000 0011 1711014358270 9.75 -64.0 6.2034183062095325 18
0000 0004 1711014358270 -78.0625 -59.5 4.804427827657828 18
0000 0005 1711014358271 -6.5 -61.5 2.184388641949153 18
0000 0015 1711014358271 19.5 -64.5 0.9081166264282996 18
0000 0014 1711014358271 42.3125 -65.0 1.6873788666742053 18
0000 0008 1711014358271 -45.5625 -64.5 4.828971520263998 18
0000 0000 1711014358272 40.375 -77.5 5.835262917116979 18
0000 0001 1711014358272 -5.4375 -75.0 0.6565437772150544 18
0000 0006 1711014358272 13.375 -75.0 0.8344855486097889 18
0000 0005 1711014358536 6.5 -61.5 3.859495662320273 18
0000 0004 1711014358537 6.5 -64.5 0.7853981633974483 18
0000 0006 1711014358537 -234.3125 -72.5 5.45483568172134 18
0000 0015 1711014358537 -19.5 -65.0 1.3989904785517047 18
0000 0014 1711014358538 74.8125 -64.0 1.6689710972195777 18
0000 0011 1711014358538 29.25 -65.0 1.3437671701878218 18
0000 0000 1711014358538 62.625 -73.0 4.743068596142402 18
0000 0011 1711014358538 -19.5 -67.5 2.718213956133356 18
0000 0006 1711014358539 -45.5625 -73.5 0.47860200582032003 18
0000 0005 1711014358539 -83.0 -67.5 5.780039608753096 18
0000 0014 1711014358539 3.25 -62.0 1.1719613219446299 18
0000 0015 1711014358540 9.75 -66.0 1.4173982480063325 18
0000 0004 1711014358540 -39.0 -66.5 2.7857091108003242 18
0000 0000 1711014358540 -361.3125 -73.0 1.2946797849754812 18
0000 0008 1711014358740 -9.75 -61.5 5.71868037723767 18
0000 0000 1711014358740 -104.125 -72.5 2.8102528034064944 18
0000 0014 1711014358741 9.75 -61.5 0.8283496254582462 18
0000 0015 1711014358741 156.1875 -68.5 0.19634954084936207 18
0000 0004 1711014358741 45.5625 -65.0 5.737088146692298 18
0000 0005 1711014358741 -3.25 -59.5 3.6876898140770815 18
0000 0001 1711014358742 17.875 -71.5 5.755495916146925 18
0000 0013 1711014358742 13.375 -74.0 4.3933209765044765 18
0000 0006 1711014358742 -6.0625 -76.5 0.25157284921324513 18
0000 0010 1711014358743 9.75 -73.0 6.166602767300278 18
0000 0011 1711014358743 1.8125 -73.5 5.706408530934585 18
0000 0012 1711014358743 -9.125 -79.0 1.5033011721279284 18
0000 0009 1711014358743 3.5 -72.5 1.2885438618239387 18
0000 0008 1711014358744 13.0 -66.0 4.1172044346850605 18
0000 0012 1711014358744 42.3125 -68.0 1.5707963267948966 18
0000 0009 1711014358744 -73.1875 -68.0 5.9518454569962875 18
0000 0004 1711014358745 26.0 -57.0 2.9329712664373457 18
0000 0010 1711014358745 -87.875 -64.0 4.6878452877785195 18
0000 0001 1711014358745 -104.125 -67.0 3.6324665057131984 18
0000 0011 1711014358746 48.8125 -68.0 3.834951969714103 18
0000 0013 1711014358746 16.25 -68.5 1.5155730184310134 18
0000 0014 1711014358746 42.3125 -62.5 0.8528933180644165 18
0000 0006 1711014358746 29.25 -73.0 0.7363107781851077 18
0000 0005 1711014358747 19.5 -58.0 0.7792622402459057 18
0000 0000 1711014358747 -7.3125 -72.5 0.3988350048502667 18
0000 0012 1711014358984 0.0 -60.0 2.313243028131547 18
0000 0006 1711014358984 146.4375 -68.0 2.2948352586769194 18
0000 0004 1711014358984 -42.3125 -57.0 4.988505522204105 18
0000 0009 1711014358985 -13.0 -63.0 3.8410878928656453 18
0000 0013 1711014358985 -100.875 -66.5 1.9573594853420782 18
0000 0014 1711014358985 29.25 -63.0 0.9572040116406401 18
0000 0008 1711014358986 -39.0 -62.0 5.988660995905543 18
0000 0010 1711014358986 16.25 -57.0 0.6994952392758523 18
0000 0005 1711014358986 -9.75 -56.5 3.098641191528995 18
0000 0001 1711014358986 -84.625 -70.5 3.5956509668039427 18
0000 0000 1711014358987 -93.5625 -72.5 1.564660403643354 18
0000 0007 1711014358987 4.0625 -69.0 1.7027186745530618 18
0000 0011 1711014358987 5.1875 -70.5 1.2946797849754812 18
0000 0005 1711014358988 -13.0 -54.5 3.810408277107933 18
0000 0011 1711014358988 52.0625 -59.5 5.577554144752192 18
0000 0009 1711014358988 7.3125 -59.0 5.5714182216006485 18
0000 0012 1711014358988 -16.25 -55.5 2.5280003384355365 18
0000 0004 1711014358989 0.0 -58.5 0.5645049299419159 18
0000 0010 1711014358989 13.0 -55.0 1.662835174068035 18
0000 0014 1711014358989 68.3125 -65.5 0.8835729338221293 18
0000 0007 1711014358990 39.0 -64.0 5.730952223540755 18
0000 0008 1711014358990 -35.75 -67.0 0.9142525495798421 18
0000 0006 1711014358990 -9.75 -62.5 4.264466590322082 18
0000 0013 1711014358991 -65.0625 -66.5 0.9633399347921826 18
0000 0001 1711014358991 -9.75 -70.0 2.8532042654672924 18
0000 0000 1711014359036 -31.6875 -75.0 5.773903685601553 18
0000 0006 1711014359262 -6.5 -60.0 5.344389064993574 18
0000 0013 1711014359262 -6.5 -63.5 0.37429131224409645 18
0000 0009 1711014359263 7.3125 -62.5 5.8475347634200645 18
0000 0004 1711014359263 13.0 -57.0 1.1535535524900022 18
0000 0010 1711014359263 39.0 -59.0 2.6384469551633027 18
0000 0005 1711014359263 -26.0 -56.5 3.399301425954581 18
0000 0001 1711014359264 133.4375 -69.0 1.7794177139473437 18
0000 0014 1711014359264 87.875 -67.0 0.7853981633974483 18
0000 0008 1711014359264 -13.0 -71.0 1.564660403643354 18
0000 0011 1711014359265 -32.5 -53.5 0.4540583132141498 18
0000 0012 1711014359265 3.25 -53.0 2.2886993355253766 18
0000 0007 1711014359265 -179.0 -69.0 5.638913376267617 18
0000 0000 1711014359266 -24.375 -73.5 3.147728576741336 18
0000 0004 1711014359266 6.5 -57.0 1.325359400733194 18
0000 0009 1711014359266 -9.75 -65.0 6.105243535784852 18
0000 0013 1711014359267 9.75 -63.5 5.964117303299373 18
0000 0010 1711014359267 -91.125 -65.5 4.04357335686655 18
0000 0005 1711014359267 3.25 -58.0 2.8654761117703775 18
0000 0008 1711014359267 42.3125 -71.5 1.5462526341887264 18
0000 0012 1711014359268 -22.75 -52.0 2.184388641949153 18
0000 0001 1711014359268 65.0625 -69.5 1.2701360923693108 18
0000 0006 1711014359268 -29.25 -64.0 5.546874528994478 18
0000 0011 1711014359269 6.5 -54.0 1.0737865515199487 18
0000 0007 1711014359286 34.125 -72.5 0.2791845033951867 18
0000 0000 1711014359286 -19.5 -74.0 3.5680393126220014 18
0000 0014 1711014359531 -0.5625 -72.5 0.8099418560036186 18
0000 0001 1711014359531 -16.25 -69.5 1.1535535524900022 18
0000 0009 1711014359531 76.4375 -67.5 6.019340611663256 18
0000 0004 1711014359532 -3.25 -57.5 1.6566992509164924 18
0000 0011 1711014359532 26.0 -54.5 1.4051264017032472 18
0000 0013 1711014359532 48.8125 -63.0 6.117515382087937 18
0000 0005 1711014359533 35.75 -60.0 2.718213956133356 18
0000 0014 1711014359533 -74.8125 -69.5 1.000155473701438 18
0000 0012 1711014359533 -13.0 -52.0 2.184388641949153 18
0000 0007 1711014359534 3.25 -70.0 2.662990647769473 18
0000 0006 1711014359535 48.8125 -61.0 6.013204688511713 18
0000 0010 1711014359535 -91.125 -68.0 4.81056375080937 18
0000 0000 1711014359535 156.1875 -71.5 3.6201946594101133 18
0000 0008 1711014359536 -7.3125 -76.5 2.1475731030398975 18
0000 0001 1711014359536 -22.75 -69.5 0.6565437772150544 18
0000 0011 1711014359536 -3.25 -55.0 1.4971652489763858 18
0000 0005 1711014359536 32.5 -58.5 2.693670263527186 18
0000 0007 1711014359537 84.625 -69.5 2.442097414313941 18
0000 0006 1711014359537 3.25 -56.0 0.9694758579437253 18
0000 0012 1711014359537 -3.25 -52.0 2.399145952253143 18
0000 0014 1711014359538 -39.0 -70.0 1.1719613219446299 18
0000 0009 1711014359538 -65.875 -66.5 0.14112623248547898 18
0000 0004 1711014359538 6.5 -57.0 2.0800779483729293 18
0000 0000 1711014359538 -97.625 -71.5 4.319689898685965 18
0000 0010 1711014359539 -9.75 -67.5 5.405748296509 18
0000 0013 1711014359540 19.5 -64.0 0.04295146206079795 18
0000 0008 1711014359776 -20.125 -77.5 2.024854640009046 18
0000 0006 1711014359776 -3.25 -55.0 1.9082721001297376 18
0000 0001 1711014359776 -22.75 -71.0 5.45483568172134 18
0000 0013 1711014359776 3.25 -63.5 0.3313398501832985 18
0000 0009 1711014359777 0.0 -66.5 0.2699806186678728 18
0000 0007 1711014359777 42.3125 -72.0 4.718524903536232 18
0000 0011 1711014359777 26.0 -53.5 1.8039614065535141 18
0000 0000 1711014359778 -159.5 -70.5 4.331961744989051 18
0000 0012 1711014359778 -3.25 -51.5 2.6445828783148455 18
0000 0005 1711014359778 9.75 -58.5 2.945243112740431 18
0000 0010 1711014359779 6.5 -66.5 5.258486140871978 18
0000 0004 1711014359779 13.0 -57.0 2.3439226438892597 18
0000 0014 1711014359779 -74.8125 -69.5 1.239456476611598 18
0000 0008 1711014359779 -18.875 -77.5 2.2212041808584084 18
0000 0005 1711014359780 9.75 -58.5 3.2704470397721868 18
0000 0004 1711014359780 9.75 -57.0 2.36846633649543 18
0000 0001 1711014359780 42.3125 -71.0 5.387340527054372 18
0000 0006 1711014359781 3.25 -55.5 1.8285050991596843 18
0000 0014 1711014359781 45.5625 -70.0 1.0492428589137786 18
0000 0000 1711014359782 -177.375 -71.0 4.344233591292136 18
0000 0010 1711014359782 -81.375 -66.5 5.387340527054372 18
0000 0013 1711014359783 35.75 -64.0 0.3620194659410113 18
0000 0009 1711014359783 41.5 -67.0 0.30066023442558565 18
0000 0012 1711014359783 0.0 -51.5 2.6323110320117604 18
0000 0007 1711014359784 211.5625 -72.5 5.595961914206819 18
0000 0011 1711014359784 19.5 -53.0 1.9757672547967058 18
0000 0008 1711014360011 8.5 -78.0 1.8960002538266525 18
0000 0011 1711014360011 -16.25 -53.0 2.116893487282185 18
0000 0013 1711014360012 68.3125 -63.5 0.22089323345553233 18
0000 0009 1711014360012 24.375 -67.0 0.2086213871524472 18
0000 0001 1711014360012 -52.0625 -70.5 5.64504929941916 18
0000 0014 1711014360013 -35.75 -69.5 1.239456476611598 18
0000 0012 1711014360013 -6.5 -51.5 2.5832236467994196 18
0000 0005 1711014360013 3.25 -59.0 3.3379421944391554 18
0000 0010 1711014360013 -84.625 -66.5 5.184855063053467 18
0000 0004 1711014360014 32.5 -58.0 2.2886993355253766 18
0000 0000 1711014360014 -146.4375 -70.5 4.319689898685965 18
0000 0006 1711014360014 -9.75 -55.0 1.945087639038993 18
0000 0007 1711014360015 6.5 -72.0 0.0859029241215959 18
0000 0008 1711014360015 26.8125 -78.0 1.736466251886546 18
0000 0007 1711014360015 -123.6875 -73.0 0.3190680038802134 18
0000 0001 1711014360016 -94.375 -70.0 5.632777453116074 18
0000 0011 1711014360016 16.25 -53.5 2.030990563160589 18
0000 0013 1711014360016 -55.3125 -64.5 0.47860200582032003 18
0000 0004 1711014360017 -13.0 -58.0 2.356194490192345 18
0000 0012 1711014360017 -19.5 -52.0 2.5280003384355365 18
0000 0006 1711014360018 3.25 -55.0 1.8714565612204823 18
0000 0005 1711014360018 -6.5 -59.0 3.3624858870453256 18
0000 0010 1711014360018 -65.0625 -67.5 4.9823695990525625 18
0000 0014 1711014360019 192.0 -69.5 1.0983302441261191 18
0000 0009 1711014360019 27.625 -67.0 0.11658253987930872 18
0000 0000 1711014360019 -48.8125 -70.0 3.8840393549264434 18
0000 0008 1711014360045 -12.8125 -78.0 2.061670178918302 18
0000 0007 1711014360253 -198.5625 -70.5 0.5276893910326605 18
0000 0014 1711014360253 65.0625 -70.5 1.1228739367322893 18
0000 0009 1711014360253 24.375 -66.5 0.05522330836388308 18
0000 0006 1711014360253 52.0625 -55.0 1.736466251886546 18
0000 0012 1711014360254 16.25 -52.0 2.454369260617026 18
0000 0011 1711014360254 22.75 -53.5 1.9696313316451632 18
0000 0004 1711014360254 22.75 -58.0 2.1659808724945253 18
0000 0005 1711014360255 -6.5 -59.0 3.3870295796514958 18
0000 0013 1711014360255 39.0 -65.0 0.34974761963792617 18
0000 0010 1711014360255 -26.0 -67.5 4.841243366567084 18
0000 0001 1711014360255 -113.875 -71.5 5.368932757599744 18
0000 0000 1711014360256 -117.9375 -70.5 3.9208548938356986 18
0000 0008 1711014360256 -17.6875 -77.5 1.9266798695843652 18
0000 0011 1711014360256 13.0 -53.5 1.8530487917658545 18
0000 0005 1711014360257 -27.625 -59.0 3.215223731408304 18
0000 0010 1711014360257 48.8125 -67.0 4.97623367590102 18
0000 0009 1711014360257 -30.875 -67.0 6.264777537724958 18
0000 0012 1711014360258 -6.5 -52.0 2.442097414313941 18
0000 0004 1711014360258 19.5 -58.0 2.116893487282185 18
0000 0001 1711014360258 -42.3125 -71.5 5.45483568172134 18
0000 0007 1711014360258 -48.8125 -71.0 6.209554229361076 18
0000 0013 1711014360259 -13.0 -65.5 0.36815538909255385 18
0000 0006 1711014360259 22.75 -55.0 1.6996507129772904 18
0000 0014 1711014360259 113.875 -70.5 1.030835089459151 18
0000 0000 1711014360260 -125.3125 -71.0 3.816544200259475 18
0000 0008 1711014360260 234.3125 -74.5 1.5585244804918115 18
0000 0004 1711014360489 32.5 -58.0 2.116893487282185 18
0000 0005 1711014360490 16.25 -58.5 2.9759227284981438 18
0000 0008 1711014360490 -100.875 -73.0 1.9880391010997909 18
0000 0010 1711014360490 -65.0625 -66.5 5.313709449235861 18
0000 0011 1711014360491 -3.25 -54.0 1.7426021750380885 18
0000 0001 1711014360491 -81.375 -70.5 5.786175531904639 18
0000 0006 1711014360491 19.5 -55.0 1.6198837120072371 18
0000 0013 1711014360491 19.5 -65.5 0.39269908169872414 18
0000 0012 1711014360492 -16.25 -52.0 2.411417798556228 18
0000 0014 1711014360492 152.9375 -69.5 1.012427320004523 18
0000 0009 1711014360492 -69.125 -66.5 6.043884304269426 18
0000 0000 1711014360493 78.0625 -69.5 3.497476196379262 18
0000 0007 1711014360493 -126.9375 -72.5 5.994796919057086 18
0000 0011 1711014360493 -9.75 -54.0 1.662835174068035 18
0000 0006 1711014360493 22.75 -55.5 1.564660403643354 18
0000 0012 1711014360494 -9.75 -52.5 2.3439226438892597 18
0000 0001 1711014360494 26.0 -70.0 5.638913376267617 18
0000 0005 1711014360494 3.25 -57.5 2.804116880254952 18
0000 0014 1711014360495 16.25 -69.0 1.1167380135807468 18
0000 0013 1711014360495 39.0 -65.5 0.30066023442558565 18
0000 0010 1711014360495 29.25 -66.0 5.141903600992669 18
0000 0004 1711014360495 -19.5 -58.0 2.2212041808584084 18
0000 0009 1711014360496 -97.625 -67.5 6.013204688511713 18
0000 0008 1711014360496 -107.375 -71.0 2.030990563160589 18
0000 0000 1711014360496 -111.4375 -69.5 3.5772431973493153 18
0000 0007 1711014360497 -371.0625 -73.5 5.534602682691394 18
0000 0012 1711014360723 -9.75 -52.5 2.325514874434632 18
0000 0013 1711014360723 -104.125 -67.0 0.42337869745643697 18
0000 0010 1711014360723 26.0 -65.0 4.933282213840222 18
0000 0005 1711014360723 -6.5 -57.5 2.804116880254952 18
0000 0001 1711014360724 -13.0 -71.5 6.178874613603362 18
0000 0014 1711014360724 -9.75 -69.5 1.325359400733194 18
0000 0006 1711014360724 0.0 -55.5 1.509437095279471 18
0000 0004 1711014360725 35.75 -58.0 2.1353012567368124 18
0000 0011 1711014360725 13.0 -54.5 1.521708941582556 18
0000 0007 1711014360725 120.4375 -71.5 5.080544369477243 18
0000 0008 1711014360726 61.8125 -70.5 1.945087639038993 18
0000 0009 1711014360726 17.0625 -68.0 5.712544454086128 18
0000 0000 1711014360726 -107.375 -69.5 3.724505352986337 18
0000 0012 1711014360726 6.5 -52.5 2.2457478734645786 18
0000 0005 1711014360727 -16.25 -57.5 2.779573187648782 18
0000 0006 1711014360727 -19.5 -55.5 1.6014759425526093 18
0000 0013 1711014360727 48.8125 -66.0 0.18407769454627693 18
0000 0010 1711014360728 -94.375 -65.5 5.0682725231741586 18
0000 0014 1711014360728 -81.375 -69.5 1.3989904785517047 18
0000 0001 1711014360728 -42.3125 -69.5 6.234097921967246 18
0000 0009 1711014360728 69.125 -67.0 5.64504929941916 18
0000 0008 1711014360729 -39.0 -71.5 2.172116795646068 18
0000 0000 1711014360729 -111.4375 -70.0 3.6754179677739964 18
0000 0007 1711014360729 -126.9375 -74.0 5.3198453723874035 18
0000 0011 1711014360730 26.0 -54.0 1.4664856332186729 18
0000 0004 1711014360730 39.0 -57.5 2.2089323345553233 18
