0000 0008 1711014374840 -22.75 -65.5 3.859495662320273 18
0000 0004 1711014374848 0.0 -57.5 1.9205439464328227 18
0000 0011 1711014374848 13.0 -62.0 0.09817477042468103 18
0000 0014 1711014374849 6.5 -65.0 1.736466251886546 18
0000 0015 1711014374850 52.0625 -62.5 1.3560390164909069 18
0000 0005 1711014374850 -16.25 -58.0 5.270757987175063 18
0000 0006 1711014374851 146.4375 -68.5 2.4727770300716534 18
0000 0001 1711014374851 -65.0625 -70.0 3.933126740138784 18
0000 0000 1711014374852 7.3125 -74.5 0.9940195505498954 18
0000 0008 1711014374852 -48.8125 -65.0 4.006757817957295 18
0000 0005 1711014374853 -9.75 -58.5 5.209398755659637 18
0000 0001 1711014374853 -6.5 -70.0 3.9208548938356986 18
0000 0004 1711014374854 22.75 -57.5 1.8960002538266525 18
0000 0014 1711014374854 -13.0 -65.5 1.6321555583103222 18
0000 0015 1711014374855 42.3125 -62.5 1.3560390164909069 18
0000 0011 1711014374855 -35.75 -62.0 0.2086213871524472 18
0000 0006 1711014374856 68.3125 -70.0 2.448233337465483 18
0000 0000 1711014374856 -16.25 -73.0 3.8963112012295285 18
0000 0006 1711014374908 -87.875 -68.5 2.724349879284899 18
0000 0004 1711014374909 16.25 -57.5 1.8837284075235674 18
0000 0008 1711014374910 45.5625 -65.5 3.792000507653305 18
0000 0011 1711014374911 32.5 -62.5 0.06135923151542565 18
0000 0005 1711014374912 -39.0 -58.5 5.2768939103266055 18
0000 0014 1711014374913 -68.3125 -66.0 1.6935147898257479 18
0000 0015 1711014374914 -3.25 -62.5 1.4296700943094176 18
0000 0001 1711014374915 39.0 -70.0 3.7122335066832517 18
0000 0000 1711014374916 -180.625 -73.0 4.2092432819582 18
0000 0004 1711014375135 6.5 -57.5 1.9205439464328227 18
0000 0011 1711014375136 -22.75 -63.0 0.1902136176978195 18
0000 0006 1711014375137 221.3125 -70.0 2.2886993355253766 18
0000 0015 1711014375138 39.0 -62.5 1.3314953238847365 18
0000 0001 1711014375139 -39.0 -69.0 4.000621894805752 18
0000 0005 1711014375140 -6.5 -58.5 5.240078371417351 18
0000 0014 1711014375141 39.0 -65.5 1.533980787885641 18
0000 0008 1711014375142 -81.375 -65.5 4.006757817957295 18
0000 0015 1711014375144 -3.25 -62.5 1.4296700943094176 18
0000 0006 1711014375145 -113.875 -68.0 2.773437264497239 18
0000 0011 1711014375146 -58.5625 -62.0 0.2761165418194154 18
0000 0004 1711014375146 -45.5625 -57.5 1.9634954084936207 18
0000 0001 1711014375148 120.4375 -70.0 3.706097583531709 18
0000 0014 1711014375149 35.75 -66.0 1.6137477888556946 18
0000 0005 1711014375151 -22.75 -58.5 5.295301679781233 18
0000 0008 1711014375152 19.5 -65.0 3.816544200259475 18
0000 0000 1711014375155 -51.25 -74.5 0.9572040116406401 18
0000 0001 1711014375362 65.0625 -70.5 3.822680123411018 18
0000 0011 1711014375363 6.5 -62.0 0.21475731030398976 18
0000 0004 1711014375364 16.25 -57.5 1.88986433067511 18
0000 0006 1711014375364 19.5 -69.0 2.60776733940559 18
0000 0015 1711014375365 6.5 -62.5 1.423534171157875 18
0000 0014 1711014375366 143.1875 -65.0 1.4051264017032472 18
0000 0008 1711014375367 -48.8125 -65.5 4.0128937411088375 18
0000 0005 1711014375368 -19.5 -58.5 5.313709449235861 18
0000 0000 1711014375369 93.5625 -73.5 3.8963112012295285 18
0000 0004 1711014375370 13.0 -57.0 1.9082721001297376 18
0000 0008 1711014375371 -32.5 -65.0 3.9515345095934116 18
0000 0014 1711014375372 32.5 -65.5 1.564660403643354 18
0000 0000 1711014375374 -100.875 -73.5 4.325825821837508 18
0000 0006 1711014375374 -6.5 -68.5 2.5893595699509624 18
0000 0005 1711014375375 -26.0 -58.5 5.313709449235861 18
0000 0015 1711014375376 22.75 -63.0 1.3867186322486196 18
0000 0001 1711014375377 65.0625 -70.5 3.902447124381071 18
0000 0011 1711014375379 0.0 -62.0 0.2638446955163303 18
0000 0011 1711014375597 -3.25 -62.0 0.22089323345553233 18
0000 0015 1711014375597 -32.5 -62.5 1.41126232485479 18
0000 0006 1711014375598 -78.0625 -69.0 2.8409324191642074 18
0000 0005 1711014375599 6.5 -59.0 5.264622064023521 18
0000 0001 1711014375600 -9.75 -70.5 4.123340357836604 18
0000 0014 1711014375601 -58.5625 -65.0 1.6812429435226628 18
0000 0004 1711014375601 -6.5 -57.0 1.9880391010997909 18
0000 0008 1711014375602 -61.8125 -65.0 4.025165587411922 18
0000 0000 1711014375603 14.9375 -75.5 0.9265243958829272 18
0000 0004 1711014375604 -6.5 -57.0 1.9573594853420782 18
0000 0008 1711014375605 16.25 -65.5 3.834951969714103 18
0000 0011 1711014375605 -65.0625 -62.0 0.2945243112740431 18
0000 0001 1711014375606 -117.125 -70.0 4.1417481272912315 18
0000 0015 1711014375607 -13.0 -62.5 1.4664856332186729 18
0000 0014 1711014375608 68.3125 -66.0 1.4603497100671303 18
0000 0006 1711014375609 -52.0625 -68.0 2.675262494072558 18
0000 0005 1711014375610 -68.3125 -59.0 5.45483568172134 18
0000 0000 1711014375611 -125.3125 -72.5 4.166291819897402 18
0000 0001 1711014375819 61.8125 -70.5 3.9515345095934116 18
0000 0005 1711014375820 -9.75 -58.5 5.3198453723874035 18
0000 0004 1711014375822 26.0 -57.0 1.9144080232812801 18
0000 0015 1711014375823 -13.0 -63.0 1.4173982480063325 18
0000 0008 1711014375823 9.75 -65.0 3.877903431774901 18
0000 0011 1711014375824 35.75 -62.0 0.1349903093339364 18
0000 0006 1711014375825 -26.0 -68.5 2.675262494072558 18
0000 0014 1711014375826 -55.3125 -66.0 1.761009944492716 18
0000 0000 1711014375827 0.8125 -74.5 0.8406214717613314 18
0000 0004 1711014375828 19.5 -57.0 1.9205439464328227 18
0000 0015 1711014375828 -3.25 -62.5 1.3989904785517047 18
0000 0001 1711014375829 -94.375 -70.5 4.0128937411088375 18
0000 0006 1711014375830 -195.25 -69.0 3.000466421104314 18
0000 0011 1711014375831 6.5 -62.0 0.1902136176978195 18
0000 0005 1711014375831 9.75 -59.0 5.2768939103266055 18
0000 0008 1711014375832 -32.5 -65.0 3.9515345095934116 18
0000 0014 1711014375833 3.25 -66.0 1.6198837120072371 18
0000 0000 1711014375905 -2.5625 -75.5 4.123340357836604 18
0000 0014 1711014376062 13.0 -66.5 1.736466251886546 18
0000 0005 1711014376062 -26.0 -59.0 5.338253141842031 18
0000 0006 1711014376063 -35.75 -69.0 2.761165418194154 18
0000 0015 1711014376064 -22.75 -62.5 1.4971652489763858 18
0000 0011 1711014376065 48.8125 -62.5 0.04295146206079795 18
0000 0008 1711014376066 -9.75 -64.5 3.9515345095934116 18
0000 0004 1711014376067 -22.75 -57.0 1.9757672547967058 18
0000 0001 1711014376067 107.375 -70.5 4.172427743048944 18
0000 0000 1711014376068 -2.4375 -74.5 1.0277671278833795 18
0000 0015 1711014376069 -16.25 -63.0 1.576932249946439 18
0000 0005 1711014376070 -6.5 -59.0 5.375068680751287 18
0000 0004 1711014376070 -3.25 -58.0 2.0371264863121317 18
0000 0008 1711014376072 -13.0 -62.0 4.196971435655114 18
0000 0001 1711014376073 -6.5 -71.0 5.3198453723874035 18
0000 0014 1711014376073 -22.75 -65.0 1.6444274046134073 18
0000 0011 1711014376074 16.25 -61.5 6.178874613603362 18
0000 0006 1711014376075 -94.375 -69.5 2.8777479580734626 18
0000 0000 1711014376155 61.8125 -75.0 1.3989904785517047 18
0000 0005 1711014376293 -71.5625 -60.5 5.773903685601553 18
0000 0001 1711014376294 -87.875 -70.5 0.9142525495798421 18
0000 0011 1711014376294 -45.5625 -61.5 6.000932842208628 18
0000 0008 1711014376295 -13.0 -62.0 4.479223900626073 18
0000 0014 1711014376296 156.1875 -66.0 1.2455923997631406 18
0000 0004 1711014376297 6.5 -60.0 2.5034566458293663 18
0000 0015 1711014376297 9.75 -64.0 1.5953400194010667 18
0000 0000 1711014376298 -222.125 -74.0 5.810719224510809 18
0000 0006 1711014376299 45.5625 -70.5 2.791845033951867 18
0000 0015 1711014376300 -74.8125 -65.5 1.5155730184310134 18
0000 0008 1711014376301 22.75 -64.0 4.3503695144436785 18
0000 0014 1711014376302 3.25 -65.5 1.4173982480063325 18
0000 0004 1711014376304 35.75 -61.0 3.736777199289422 18
0000 0005 1711014376304 29.25 -62.0 0.9326603190344698 18
0000 0011 1711014376305 -22.75 -62.5 6.031612457966341 18
0000 0006 1711014376306 16.25 -75.0 6.212622190936846 18
0000 0000 1711014376406 -11.5625 -78.0 1.1474176293384597 18
0000 0015 1711014376406 9.75 -65.0 1.4419419406125027 18
0000 0005 1711014376407 13.0 -61.5 3.043417883165112 18
0000 0014 1711014376408 -19.5 -64.5 1.5953400194010667 18
0000 0008 1711014376409 -16.25 -65.5 5.540738605842936 18
0000 0006 1711014376409 162.75 -72.0 3.785864584501762 18
0000 0011 1711014376410 -52.0625 -64.0 0.5338253141842031 18
0000 0004 1711014376411 45.5625 -64.5 5.626641529964532 18
0000 0000 1711014376657 -7.875 -78.0 0.07976700097005335 18
0000 0011 1711014376657 3.25 -64.5 1.8346410223112268 18
0000 0004 1711014376658 61.8125 -67.0 1.0799224746714913 18
0000 0015 1711014376659 -13.0 -67.0 1.6382914814618648 18
0000 0014 1711014376660 -19.5 -63.0 1.3314953238847365 18
0000 0005 1711014376660 -61.8125 -65.0 5.356660911296659 18
0000 0000 1711014376661 45.5625 -74.0 5.755495916146925 18
0000 0008 1711014376662 3.8125 -71.0 4.037437433715008 18
0000 0008 1711014376662 9.75 -61.5 5.602097837358362 18
0000 0015 1711014376663 -16.25 -66.0 0.6565437772150544 18
0000 0000 1711014376664 -59.375 -73.5 1.5707963267948966 18
0000 0014 1711014376664 16.25 -59.5 1.030835089459151 18
0000 0005 1711014376666 -9.75 -61.0 3.7429131224409646 18
0000 0004 1711014376667 185.5 -68.5 4.1172044346850605 18
0000 0006 1711014376667 52.0625 -73.0 1.9941750242513334 18
0000 0001 1711014376792 10.9375 -74.0 1.3744467859455345 18
0000 0010 1711014376793 -0.4375 -73.0 5.945709533844745 18
0000 0013 1711014376793 -4.6875 -75.0 1.4051264017032472 18
0000 0011 1711014376794 2.625 -71.0 5.6143696836614465 18
0000 0012 1711014376795 -0.25 -76.5 4.620350133111551 18
0000 0010 1711014376795 13.0 -67.0 3.7551849687440497 18
0000 0009 1711014376796 -218.875 -70.5 5.246214294568893 18
0000 0013 1711014376797 -152.9375 -72.0 1.7732817907958012 18
0000 0001 1711014376797 97.625 -66.5 2.435961491162398 18
0000 0015 1711014376798 6.5 -68.5 0.12885438618239387 18
0000 0004 1711014376799 -3.25 -57.0 2.8286605728611223 18
0000 0000 1711014376799 270.125 -73.0 5.638913376267617 18
0000 0014 1711014376800 -29.25 -59.5 1.0492428589137786 18
0000 0005 1711014376801 -3.25 -56.5 0.4663301595172349 18
0000 0011 1711014376802 35.75 -66.5 3.3318062712876126 18
0000 0012 1711014376802 -58.5625 -71.5 1.6444274046134073 18
0000 0006 1711014376803 26.0 -71.0 0.8222137023067037 18
0000 0008 1711014376906 25.1875 -66.5 4.985437560628334 18
0000 0001 1711014377023 -97.625 -70.0 3.0066023442558567 18
0000 0008 1711014377024 -42.3125 -59.0 0.4540583132141498 18
0000 0009 1711014377024 -21.125 -67.5 2.9329712664373457 18
0000 0013 1711014377025 -55.3125 -65.0 1.7978254834019713 18
0000 0014 1711014377025 22.75 -60.0 0.9326603190344698 18
0000 0006 1711014377026 29.25 -62.5 3.3318062712876126 18
0000 0010 1711014377027 13.0 -58.0 6.105243535784852 18
0000 0004 1711014377027 3.25 -58.5 5.325981295538946 18
0000 0005 1711014377028 0.0 -55.5 2.9575149590435164 18
0000 0012 1711014377029 71.5625 -60.5 1.8837284075235674 18
0000 0011 1711014377041 48.8125 -70.5 6.031612457966341 18
0000 0000 1711014377043 87.875 -72.5 0.9081166264282996 18
0000 0007 1711014377045 6.5 -62.5 5.632777453116074 18
0000 0005 1711014377045 16.25 -54.0 4.080388895775806 18
0000 0009 1711014377046 3.25 -58.0 5.675728915176872 18
0000 0008 1711014377047 -61.8125 -64.5 2.12916533358527 18
0000 0013 1711014377047 -6.5 -64.5 1.3314953238847365 18
0000 0006 1711014377048 -22.75 -55.5 5.246214294568893 18
0000 0012 1711014377049 0.0 -52.5 3.411573272257666 18
0000 0014 1711014377049 -61.8125 -61.0 0.9633399347921826 18
0000 0004 1711014377050 13.0 -57.5 1.1903690913992575 18
0000 0010 1711014377051 -65.0625 -58.0 1.7916895602504288 18
0000 0011 1711014377052 -29.25 -60.0 5.436427912266712 18
0000 0001 1711014377052 87.875 -69.0 1.7548740213411735 18
0000 0000 1711014377156 -7.125 -78.0 2.282563412373834 18
0000 0014 1711014377157 -26.0 -63.5 0.8467573949128739 18
0000 0004 1711014377157 -13.0 -57.0 1.5953400194010667 18
0000 0006 1711014377158 0.0 -60.5 5.565282298449106 18
0000 0011 1711014377159 -22.75 -54.0 0.006135923151542565 18
0000 0009 1711014377159 13.8125 -62.0 5.994796919057086 18
0000 0007 1711014377160 -19.5 -66.5 5.700272607783043 18
0000 0012 1711014377161 -9.75 -50.0 3.429981041712294 18
0000 0010 1711014377161 -13.0 -59.0 2.730485802436441 18
0000 0001 1711014377162 26.0 -69.0 0.7731263170943632 18
0000 0005 1711014377163 3.25 -55.5 3.693825737228624 18
0000 0013 1711014377163 3.25 -64.0 5.086680292628786 18
0000 0008 1711014377380 -3.625 -75.0 5.141903600992669 18
0000 0007 1711014377381 71.5625 -68.5 5.780039608753096 18
0000 0004 1711014377382 26.0 -57.0 1.41126232485479 18
0000 0006 1711014377382 -32.5 -60.5 6.019340611663256 18
0000 0009 1711014377383 -83.0 -64.0 5.9518454569962875 18
0000 0013 1711014377383 61.8125 -63.5 4.663301595172349 18
0000 0012 1711014377384 32.5 -50.0 2.8716120349219203 18
0000 0005 1711014377385 -3.25 -56.5 3.5036121195308043 18
0000 0011 1711014377385 -13.0 -53.5 0.7915340865489908 18
0000 0014 1711014377386 -26.0 -64.5 0.7792622402459057 18
0000 0001 1711014377386 68.3125 -68.5 5.835262917116979 18
0000 0010 1711014377387 -6.5 -62.0 3.2029518851052186 18
0000 0000 1711014377389 -58.5625 -72.0 2.8654761117703775 18
0000 0006 1711014377390 -6.5 -58.0 6.166602767300278 18
0000 0005 1711014377390 6.5 -57.5 3.2213596545598464 18
0000 0004 1711014377391 19.5 -57.0 1.3989904785517047 18
0000 0001 1711014377392 -55.3125 -71.5 4.921010367537137 18
0000 0012 1711014377392 19.5 -50.5 2.82252464970958 18
0000 0011 1711014377393 6.5 -53.0 1.1596894756415448 18
0000 0000 1711014377394 -146.4375 -72.5 3.2459033471660166 18
0000 0010 1711014377395 29.25 -64.0 3.411573272257666 18
0000 0009 1711014377395 -13.8125 -66.0 6.129787228391022 18
0000 0013 1711014377396 -110.625 -66.0 3.8288160465625602 18
0000 0014 1711014377397 -9.75 -65.5 0.7547185476397354 18
0000 0011 1711014377656 0.0 -53.0 1.3867186322486196 18
0000 0012 1711014377657 16.25 -51.0 3.098641191528995 18
0000 0009 1711014377658 -27.625 -66.0 6.277049384028044 18
0000 0004 1711014377659 -19.5 -58.0 1.0676506283684062 18
0000 0010 1711014377659 -65.0625 -64.0 3.77972866135022 18
0000 0014 1711014377660 -6.5 -65.0 0.8467573949128739 18
0000 0013 1711014377661 19.5 -65.5 3.485204350076177 18
0000 0005 1711014377661 6.5 -58.0 3.055689729468197 18
0000 0006 1711014377662 0.0 -56.0 0.4111068511533518 18
0000 0001 1711014377662 -9.75 -70.5 4.767612288748572 18
0000 0000 1711014377663 -253.875 -70.5 3.3318062712876126 18
0000 0013 1711014377901 -9.75 -66.0 3.429981041712294 18
0000 0005 1711014377908 16.25 -57.5 3.0127382674073995 18
0000 0009 1711014377909 145.625 -66.5 5.976389149602458 18
0000 0006 1711014377909 -6.5 -56.0 0.5890486225480862 18
0000 0012 1711014377910 0.0 -50.5 3.2520392703175593 18
0000 0011 1711014377910 9.75 -53.5 1.3928545554001621 18
0000 0000 1711014377911 91.125 -70.5 2.9759227284981438 18
0000 0010 1711014377912 -6.5 -65.5 4.01902966426038 18
0000 0004 1711014377912 -6.5 -58.0 1.325359400733194 18
0000 0001 1711014377913 91.125 -72.0 4.417864669110647 18
0000 0014 1711014377914 26.0 -65.0 0.8528933180644165 18
0000 0007 1711014377914 6.3125 -75.5 5.681864838328415 18
0000 0001 1711014377916 120.4375 -71.5 4.405592822807561 18
0000 0000 1711014377917 55.3125 -71.0 2.8532042654672924 18
0000 0006 1711014377917 -13.0 -55.5 0.9142525495798421 18
0000 0011 1711014377918 0.0 -54.0 1.5707963267948966 18
0000 0010 1711014377918 -6.5 -64.5 4.3503695144436785 18
0000 0004 1711014377919 -13.0 -58.5 1.5278448647340985 18
0000 0012 1711014377919 3.25 -50.0 3.399301425954581 18
0000 0013 1711014377920 16.25 -66.0 3.4054373491061236 18
0000 0005 1711014377920 10.5625 -58.0 2.9206994201342606 18
0000 0009 1711014377921 -13.8125 -66.0 0.0 18
0000 0014 1711014377921 -39.0 -64.5 0.944932165337555 18
0000 0007 1711014378165 4.25 -74.5 5.767767762450011 18
0000 0009 1711014378166 59.375 -66.0 0.01227184630308513 18
0000 0005 1711014378167 6.5 -57.5 2.8409324191642074 18
0000 0010 1711014378167 -42.3125 -65.0 4.381049130201391 18
0000 0014 1711014378168 -58.5625 -64.0 1.0062913968529805 18
0000 0012 1711014378168 -3.25 -50.0 3.429981041712294 18
0000 0004 1711014378169 -16.25 -58.5 1.576932249946439 18
0000 0013 1711014378169 16.25 -65.5 3.442252888015379 18
0000 0011 1711014378170 3.25 -54.5 1.552388557340269 18
0000 0006 1711014378170 0.0 -56.0 0.8099418560036186 18
0000 0000 1711014378171 65.0625 -71.5 2.945243112740431 18
0000 0007 1711014378171 123.6875 -72.5 2.2886993355253766 18
0000 0001 1711014378172 52.0625 -71.5 4.485359823777615 18
0000 0009 1711014378350 -71.5625 -66.5 6.264777537724958 18
0000 0012 1711014378351 -13.0 -50.0 3.399301425954581 18
0000 0005 1711014378351 6.5 -57.5 2.8409324191642074 18
0000 0001 1711014378352 22.75 -71.0 4.276738436625168 18
0000 0013 1711014378352 -104.125 -66.0 3.6447383520162835 18
0000 0011 1711014378353 6.5 -54.0 1.4910293258248433 18
0000 0004 1711014378353 45.5625 -58.5 1.380582709097077 18
0000 0006 1711014378354 13.0 -57.0 0.5460971604872883 18
0000 0000 1711014378354 -45.5625 -71.0 3.1968159619536762 18
0000 0014 1711014378355 35.75 -64.5 0.8651651643675016 18
0000 0010 1711014378355 -52.0625 -63.5 4.411728745959104 18
0000 0009 1711014378356 -17.0625 -66.5 5.964117303299373 18
0000 0012 1711014378356 -3.25 -50.5 3.2090878082567613 18
0000 0011 1711014378357 26.0 -54.0 1.423534171157875 18
0000 0014 1711014378357 -9.75 -64.5 0.8897088569736719 18
0000 0004 1711014378358 -3.25 -58.5 1.4664856332186729 18
0000 0005 1711014378358 -9.75 -57.5 3.000466421104314 18
0000 0006 1711014378359 3.25 -56.5 0.4356505437595221 18
0000 0010 1711014378360 -19.5 -64.0 4.196971435655114 18
0000 0000 1711014378360 0.0 -69.5 3.0127382674073995 18
0000 0001 1711014378361 22.75 -70.0 4.276738436625168 18
0000 0013 1711014378361 -9.75 -66.0 3.3870295796514958 18
0000 0008 1711014378666 -6.5 -76.5 1.3989904785517047 18
0000 0015 1711014378666 -3.125 -72.0 1.0369710126106935 18
0000 0004 1711014378667 -26.0 -58.5 1.6198837120072371 18
0000 0008 1711014378667 -74.8125 -73.5 1.564660403643354 18
0000 0014 1711014378668 39.0 -64.5 0.9019807032767571 18
0000 0006 1711014378668 0.0 -56.0 0.42337869745643697 18
0000 0010 1711014378669 -32.5 -62.5 3.9576704327449543 18
0000 0013 1711014378669 -13.0 -66.5 3.3624858870453256 18
0000 0012 1711014378670 3.25 -50.5 3.031146036862027 18
0000 0009 1711014378670 -114.6875 -67.0 5.810719224510809 18
0000 0011 1711014378671 -3.25 -54.0 1.5462526341887264 18
0000 0005 1711014378672 16.25 -57.0 2.84706834231575 18
0000 0000 1711014378672 -128.5625 -69.0 3.160000423044421 18
0000 0001 1711014378673 117.125 -70.0 4.166291819897402 18
0000 0008 1711014379029 13.0 -71.5 1.3744467859455345 18
0000 0009 1711014379030 -104.125 -67.5 5.780039608753096 18
0000 0006 1711014379030 -6.5 -55.5 0.42337869745643697 18
0000 0014 1711014379031 19.5 -64.5 0.9081166264282996 18
0000 0001 1711014379032 61.8125 -70.0 4.509903516383785 18
0000 0004 1711014379032 -6.5 -58.5 1.4480778637640452 18
0000 0010 1711014379033 -3.25 -62.5 3.6754179677739964 18
0000 0013 1711014379033 26.0 -66.0 3.1784081924990484 18
0000 0012 1711014379034 13.0 -50.5 2.988194574801229 18
0000 0011 1711014379034 9.75 -53.5 1.3989904785517047 18
0000 0000 1711014379035 -10.5625 -69.5 2.9268353432858034 18
0000 0005 1711014379035 -13.0 -57.0 2.9575149590435164 18
0000 0004 1711014379036 29.25 -59.0 1.4051264017032472 18
0000 0011 1711014379036 16.25 -53.5 1.3928545554001621 18
0000 0006 1711014379037 -19.5 -56.0 0.4663301595172349 18
0000 0001 1711014379037 -179.0 -70.5 5.105088062083414 18
0000 0009 1711014379038 55.3125 -67.5 5.534602682691394 18
0000 0008 1711014379038 81.375 -70.5 1.5155730184310134 18
0000 0010 1711014379039 -48.8125 -62.5 3.816544200259475 18
0000 0014 1711014379040 32.5 -64.5 0.8835729338221293 18
0000 0013 1711014379040 0.0 -66.0 3.2213596545598464 18
0000 0005 1711014379041 3.25 -57.0 2.9636508821950587 18
0000 0012 1711014379042 16.25 -51.0 3.0127382674073995 18
0000 0000 1711014379042 -62.625 -70.0 3.0802334220743677 18
0000 0001 1711014379406 -61.8125 -69.5 5.190990986205009 18
0000 0004 1711014379407 42.3125 -58.5 1.4910293258248433 18
0000 0014 1711014379407 9.75 -64.5 0.9572040116406401 18
0000 0005 1711014379408 -6.5 -57.5 3.043417883165112 18
0000 0012 1711014379408 9.75 -51.0 3.104777114680538 18
0000 0013 1711014379409 6.5 -65.5 3.160000423044421 18
0000 0011 1711014379409 9.75 -53.5 1.4971652489763858 18
0000 0006 1711014379410 -13.0 -55.5 0.705631162427395 18
0000 0000 1711014379411 42.3125 -70.5 3.000466421104314 18
0000 0009 1711014379411 -111.4375 -67.0 6.031612457966341 18
0000 0010 1711014379412 -9.75 -63.0 3.877903431774901 18
0000 0008 1711014379412 -26.0 -71.0 1.6014759425526093 18
0000 0008 1711014379658 -110.625 -71.5 1.859184714917397 18
0000 0014 1711014379658 16.25 -64.0 0.9817477042468103 18
0000 0001 1711014379658 -68.3125 -70.5 5.135767677841127 18
0000 0005 1711014379659 0.0 -57.5 3.018874190558942 18
0000 0011 1711014379660 3.25 -54.0 1.533980787885641 18
0000 0006 1711014379660 16.25 -55.5 0.7485826244881929 18
0000 0000 1711014379661 48.8125 -69.0 3.018874190558942 18
0000 0009 1711014379662 34.9375 -67.5 5.780039608753096 18
0000 0010 1711014379662 -84.625 -63.0 4.01902966426038 18
0000 0012 1711014379663 -6.5 -51.5 3.147728576741336 18
0000 0004 1711014379664 6.5 -58.5 1.6260196351587797 18
0000 0013 1711014379664 26.0 -66.0 3.147728576741336 18
