0000 0015 1711014383838 -22.75 -64.0 0.9326603190344698 18
0000 0008 1711014383840 65.0625 -67.0 3.3870295796514958 18
0000 0014 1711014383840 91.125 -67.0 2.466641106920111 18
0000 0004 1711014383841 29.25 -57.0 2.478912953223196 18
0000 0006 1711014383842 -9.75 -68.5 3.5772431973493153 18
0000 0001 1711014383843 126.9375 -71.0 2.6139032625571326 18
0000 0015 1711014383843 48.8125 -64.0 0.8713010875190442 18
0000 0005 1711014383844 -6.5 -59.5 5.295301679781233 18
0000 0011 1711014383844 65.0625 -64.0 0.6258641614573416 18
0000 0000 1711014383845 -133.4375 -72.5 4.172427743048944 18
0000 0009 1711014383846 -3.1875 -76.5 5.270757987175063 18
0000 0001 1711014383847 26.0 -70.5 2.767301341345697 18
0000 0011 1711014383847 48.8125 -63.0 0.6442719309119693 18
0000 0014 1711014383848 13.0 -67.5 2.5586799541932495 18
0000 0005 1711014383849 -55.3125 -59.0 5.381204603902829 18
0000 0015 1711014383849 -39.0 -63.5 0.9756117810952678 18
0000 0004 1711014383850 -13.0 -57.5 2.521864415283994 18
0000 0008 1711014383850 -35.75 -67.5 3.54042765844006 18
0000 0006 1711014383851 0.0 -69.0 3.436116964863836 18
0000 0000 1711014383851 142.375 -72.5 3.9576704327449543 18
0000 0009 1711014384080 1.1875 -76.5 5.289165756629691 18
0000 0015 1711014384081 -22.75 -63.5 0.9510680884890975 18
0000 0006 1711014384081 97.625 -68.5 3.2397674240144743 18
0000 0014 1711014384082 -16.25 -67.0 2.5893595699509624 18
0000 0004 1711014384082 22.75 -57.0 2.5280003384355365 18
0000 0011 1711014384083 22.75 -63.5 0.6872233929727672 18
0000 0005 1711014384083 -19.5 -59.5 5.3627968344482015 18
0000 0008 1711014384084 -19.5 -67.0 3.5588354278946874 18
0000 0001 1711014384084 -68.3125 -71.0 3.104777114680538 18
0000 0000 1711014384084 24.375 -74.0 4.083456857351576 18
0000 0009 1711014384085 -5.9375 -77.5 2.024854640009046 18
0000 0014 1711014384085 159.5 -67.5 2.356194490192345 18
0000 0011 1711014384086 58.5625 -64.0 0.6565437772150544 18
0000 0005 1711014384087 0.0 -59.5 5.307573526084319 18
0000 0004 1711014384087 19.5 -57.0 2.5709518004963345 18
0000 0008 1711014384088 52.0625 -66.5 3.5833791205008576 18
0000 0006 1711014384088 0.0 -68.5 3.4606606574700063 18
0000 0015 1711014384089 -16.25 -64.0 0.9878836273983529 18
0000 0001 1711014384089 -100.875 -71.0 3.184544115650591 18
0000 0000 1711014384104 -48.0 -73.5 1.1780972450961724 18
0000 0009 1711014384320 8.5 -77.5 2.0493983326152168 18
0000 0005 1711014384320 -48.8125 -59.5 5.375068680751287 18
0000 0014 1711014384321 22.75 -68.0 2.5709518004963345 18
0000 0006 1711014384321 -19.5 -68.5 3.5588354278946874 18
0000 0004 1711014384322 -32.5 -57.0 2.7120780329818137 18
0000 0008 1711014384322 9.75 -66.5 3.6999616603801666 18
0000 0015 1711014384323 52.0625 -64.5 0.8528933180644165 18
0000 0011 1711014384323 35.75 -63.0 0.7117670855789375 18
0000 0001 1711014384324 6.5 -71.0 3.08636934522591 18
0000 0000 1711014384324 -100.875 -73.5 4.485359823777615 18
0000 0009 1711014384324 -5.0 -77.5 5.111223985234957 18
0000 0014 1711014384325 -61.8125 -68.5 2.662990647769473 18
0000 0005 1711014384326 -13.0 -59.5 5.332117218690489 18
0000 0011 1711014384327 71.5625 -63.0 0.6442719309119693 18
0000 0001 1711014384328 13.0 -72.0 3.043417883165112 18
0000 0015 1711014384328 -13.0 -63.5 0.8897088569736719 18
0000 0004 1711014384329 -9.75 -57.0 2.675262494072558 18
0000 0008 1711014384329 22.75 -66.0 3.6263305825616556 18
0000 0006 1711014384329 -55.3125 -68.5 3.5772431973493153 18
0000 0000 1711014384330 -7.3125 -74.0 4.23378697456437 18
0000 0009 1711014384568 5.9375 -77.5 2.012582793705961 18
0000 0006 1711014384569 19.5 -69.0 3.5465635815916023 18
0000 0011 1711014384569 45.5625 -63.0 0.6381360077604268 18
0000 0015 1711014384569 9.75 -64.0 0.8651651643675016 18
0000 0004 1711014384570 -6.5 -57.0 2.6568547246179306 18
0000 0008 1711014384570 61.8125 -66.0 3.5895150436524004 18
0000 0005 1711014384571 19.5 -59.0 5.283029833478148 18
0000 0014 1711014384571 13.0 -68.5 2.497320722677824 18
0000 0001 1711014384572 29.25 -71.0 2.988194574801229 18
0000 0000 1711014384572 -65.875 -72.5 4.362641360746763 18
0000 0009 1711014384573 2.5625 -78.0 1.9696313316451632 18
0000 0005 1711014384573 -32.5 -59.5 5.350524988145116 18
0000 0008 1711014384573 -22.75 -66.5 3.8533597391687304 18
0000 0015 1711014384574 -6.5 -64.0 0.8222137023067037 18
0000 0006 1711014384574 87.875 -69.0 3.454524734318464 18
0000 0000 1711014384575 -156.1875 -72.0 4.3074180523828804 18
0000 0004 1711014384575 22.75 -56.5 2.6445828783148455 18
0000 0001 1711014384576 9.75 -71.0 3.074097498922825 18
0000 0011 1711014384576 9.75 -63.5 0.6749515466696822 18
0000 0014 1711014384577 -32.5 -67.5 2.6261751088602177 18
0000 0009 1711014384811 -2.125 -78.0 5.111223985234957 18
0000 0004 1711014384812 16.25 -57.0 2.6200391857086753 18
0000 0008 1711014384812 -3.25 -65.5 3.767456815047135 18
0000 0005 1711014384813 -19.5 -59.0 5.338253141842031 18
0000 0015 1711014384813 16.25 -63.5 0.8651651643675016 18
0000 0001 1711014384813 169.25 -71.0 2.8532042654672924 18
0000 0014 1711014384814 -6.5 -67.5 2.730485802436441 18
0000 0006 1711014384814 29.25 -68.5 3.472932503773092 18
0000 0011 1711014384815 32.5 -63.0 0.662679700366597 18
0000 0000 1711014384815 -113.875 -74.5 4.473087977474529 18
0000 0009 1711014384816 5.9375 -78.0 5.049864753719531 18
0000 0006 1711014384816 91.125 -68.0 3.2949907323783574 18
0000 0008 1711014384817 -39.0 -65.0 3.8533597391687304 18
0000 0011 1711014384817 -32.5 -63.5 0.7363107781851077 18
0000 0005 1711014384818 13.0 -59.5 5.2339424482658075 18
0000 0004 1711014384819 -3.25 -57.0 2.6445828783148455 18
0000 0001 1711014384819 -3.25 -71.0 2.8532042654672924 18
0000 0014 1711014384820 -42.3125 -66.5 2.693670263527186 18
0000 0015 1711014384820 39.0 -64.0 0.8897088569736719 18
0000 0000 1711014384854 52.0625 -73.5 0.8897088569736719 18
0000 0009 1711014385059 -7.0 -78.0 5.00077736850719 18
0000 0015 1711014385059 -19.5 -64.0 0.9326603190344698 18
0000 0011 1711014385060 0.0 -63.5 0.6872233929727672 18
0000 0004 1711014385060 -6.5 -57.0 2.6691265709210157 18
0000 0008 1711014385061 -45.5625 -64.5 3.9085830475326135 18
0000 0006 1711014385061 55.3125 -69.0 3.393165502803038 18
0000 0005 1711014385061 0.0 -59.0 5.252350217720435 18
0000 0014 1711014385062 -52.0625 -67.5 2.773437264497239 18
0000 0001 1711014385062 100.875 -70.0 2.6998061866787286 18
0000 0000 1711014385063 76.4375 -73.5 3.988350048502667 18
0000 0009 1711014385063 12.8125 -79.5 4.651029748869264 18
0000 0011 1711014385064 -9.75 -63.5 0.6749515466696822 18
0000 0005 1711014385065 -19.5 -59.5 5.2768939103266055 18
0000 0004 1711014385065 16.25 -57.0 2.6998061866787286 18
0000 0006 1711014385066 81.375 -68.5 3.3870295796514958 18
0000 0008 1711014385066 -45.5625 -64.5 3.9515345095934116 18
0000 0015 1711014385066 45.5625 -63.5 0.8774370106705868 18
0000 0014 1711014385067 3.25 -68.0 2.5709518004963345 18
0000 0001 1711014385067 -146.4375 -70.0 3.2029518851052186 18
0000 0000 1711014385068 -58.5625 -73.5 4.356505437595221 18
0000 0011 1711014385297 55.3125 -63.0 0.5338253141842031 18
0000 0015 1711014385298 -19.5 -64.0 0.9694758579437253 18
0000 0005 1711014385298 -35.75 -59.0 5.338253141842031 18
0000 0001 1711014385298 -35.75 -70.0 3.018874190558942 18
0000 0006 1711014385299 -84.625 -68.0 3.650874275167826 18
0000 0004 1711014385299 -22.75 -57.0 2.816388726558037 18
0000 0008 1711014385299 16.25 -63.5 3.9208548938356986 18
0000 0014 1711014385300 -13.0 -67.5 2.6875343403756435 18
0000 0000 1711014385300 97.625 -73.0 3.902447124381071 18
0000 0015 1711014385301 13.0 -64.0 0.9019807032767571 18
0000 0011 1711014385301 -52.0625 -63.0 0.6933593161243098 18
0000 0005 1711014385302 -13.0 -58.5 5.264622064023521 18
0000 0008 1711014385302 39.0 -64.0 3.8963112012295285 18
0000 0001 1711014385302 113.875 -70.0 2.9391071895888885 18
0000 0004 1711014385303 -16.25 -57.0 2.779573187648782 18
0000 0014 1711014385303 -45.5625 -67.0 2.7550294950426117 18
0000 0006 1711014385304 -26.0 -68.0 3.5833791205008576 18
0000 0000 1711014385304 -126.9375 -72.0 4.460816131171445 18
0000 0008 1711014385527 3.25 -62.5 4.080388895775806 18
0000 0006 1711014385528 61.8125 -69.0 3.4606606574700063 18
0000 0014 1711014385531 97.625 -66.5 2.4727770300716534 18
0000 0011 1711014385532 -13.0 -62.5 0.5031456984264903 18
0000 0001 1711014385532 32.5 -70.0 3.5281558121369745 18
0000 0015 1711014385533 -13.0 -65.0 1.000155473701438 18
0000 0004 1711014385533 6.5 -57.5 2.6323110320117604 18
0000 0005 1711014385534 -61.8125 -58.5 5.375068680751287 18
0000 0000 1711014385534 10.5625 -72.5 4.227651051412827 18
0000 0015 1711014385535 6.5 -65.5 1.0369710126106935 18
0000 0004 1711014385535 26.0 -57.5 2.650718801466388 18
0000 0014 1711014385537 -39.0 -66.5 2.552544031041707 18
0000 0006 1711014385537 -22.75 -70.0 3.5711072741977725 18
0000 0011 1711014385538 26.0 -62.5 0.1902136176978195 18
0000 0001 1711014385538 -126.9375 -71.0 5.50392306693368 18
0000 0005 1711014385538 -35.75 -59.0 5.491651220630596 18
0000 0008 1711014385539 0.0 -61.0 4.7307967498393175 18
0000 0000 1711014385539 -152.9375 -73.0 4.902602598082509 18
0000 0015 1711014385749 113.875 -65.5 1.0492428589137786 18
0000 0014 1711014385749 35.75 -67.0 2.36846633649543 18
0000 0011 1711014385750 29.25 -62.5 6.209554229361076 18
0000 0005 1711014385750 -16.25 -60.0 5.896622148632405 18
0000 0000 1711014385750 107.375 -73.5 5.583690067903734 18
0000 0004 1711014385751 -9.75 -58.0 3.227495577711389 18
0000 0008 1711014385751 26.0 -61.5 5.375068680751287 18
0000 0001 1711014385751 13.0 -72.0 1.1228739367322893 18
0000 0006 1711014385752 19.5 -70.0 3.6079228131070282 18
0000 0008 1711014385752 22.75 -64.0 5.307573526084319 18
0000 0005 1711014385752 -29.25 -62.5 0.1902136176978195 18
0000 0015 1711014385753 32.5 -66.0 0.7792622402459057 18
0000 0011 1711014385753 -3.25 -63.5 6.050020227420969 18
0000 0004 1711014385754 13.0 -57.5 4.589670517353839 18
0000 0014 1711014385754 -29.25 -65.5 2.350058567040802 18
0000 0006 1711014385754 -29.25 -71.5 3.816544200259475 18
0000 0000 1711014385854 -14.9375 -77.0 1.5892040962495242 18
0000 0011 1711014385982 -3.25 -64.5 0.8222137023067037 18
0000 0008 1711014385982 32.5 -67.5 0.8774370106705868 18
0000 0006 1711014385983 97.625 -72.0 4.902602598082509 18
0000 0004 1711014385983 32.5 -61.5 0.5890486225480862 18
0000 0005 1711014385983 71.5625 -65.0 2.6200391857086753 18
0000 0015 1711014385984 97.625 -68.0 0.8897088569736719 18
0000 0014 1711014385984 52.0625 -65.0 2.1659808724945253 18
0000 0000 1711014385985 100.875 -73.0 3.890175278077986 18
0000 0014 1711014385985 -3.25 -64.5 1.8653206380689396 18
0000 0008 1711014385985 -32.5 -62.0 4.558990901596125 18
0000 0004 1711014385986 19.5 -64.5 3.472932503773092 18
0000 0011 1711014385986 -13.0 -65.0 3.2949907323783574 18
0000 0000 1711014385987 -35.75 -71.5 5.927301764390117 18
0000 0005 1711014385987 48.8125 -63.5 5.3627968344482015 18
0000 0006 1711014385988 9.75 -71.0 0.9940195505498954 18
0000 0015 1711014385988 7.3125 -70.0 1.3314953238847365 18
0000 0014 1711014386104 3.25 -62.5 1.3437671701878218 18
0000 0004 1711014386104 -26.0 -59.0 0.4540583132141498 18
0000 0008 1711014386105 -29.25 -61.0 0.07976700097005335 18
0000 0005 1711014386105 -13.0 -57.5 2.7550294950426117 18
0000 0001 1711014386105 130.1875 -69.5 5.565282298449106 18
0000 0011 1711014386106 -104.125 -69.0 1.5892040962495242 18
0000 0015 1711014386106 61.8125 -70.5 0.30066023442558565 18
0000 0013 1711014386235 24.375 -74.5 5.123495831538041 18
0000 0006 1711014386236 26.8125 -75.0 5.635845414691846 18
0000 0010 1711014386236 -3.0 -71.5 5.620505606812989 18
0000 0012 1711014386236 -4.875 -77.0 5.227806525114265 18
0000 0000 1711014386237 3.625 -76.5 5.381204603902829 18
0000 0014 1711014386237 22.75 -62.0 1.0615147052168636 18
0000 0013 1711014386237 3.25 -65.5 2.3746022596469727 18
0000 0009 1711014386238 79.75 -64.5 1.1044661672776617 18
0000 0010 1711014386238 19.5 -63.0 5.080544369477243 18
0000 0008 1711014386238 -26.0 -59.5 5.086680292628786 18
0000 0001 1711014386239 104.125 -68.0 0.1718058482431918 18
0000 0006 1711014386239 52.0625 -68.0 1.8653206380689396 18
0000 0011 1711014386240 -84.625 -65.0 5.399612373357457 18
0000 0004 1711014386240 -16.25 -55.5 3.706097583531709 18
0000 0005 1711014386241 16.25 -56.0 0.9510680884890975 18
0000 0012 1711014386241 221.3125 -69.5 2.1230294104337273 18
0000 0000 1711014386241 93.5625 -72.0 5.976389149602458 18
0000 0007 1711014386354 3.25 -75.5 0.39269908169872414 18
0000 0005 1711014386486 9.75 -53.0 2.4605051837685683 18
0000 0013 1711014386486 -22.75 -67.5 1.3192234775816514 18
0000 0004 1711014386486 -6.5 -58.0 5.700272607783043 18
0000 0007 1711014386487 -61.8125 -70.5 4.049709280018092 18
0000 0008 1711014386487 3.25 -64.5 0.25157284921324513 18
0000 0012 1711014386487 -29.25 -57.0 3.227495577711389 18
0000 0001 1711014386488 -19.5 -70.0 0.20248546400090464 18
0000 0006 1711014386488 -55.3125 -65.5 3.522019888985432 18
0000 0014 1711014386488 -16.25 -62.5 1.1106020904292042 18
0000 0009 1711014386489 -38.1875 -59.0 5.019185137961818 18
0000 0011 1711014386489 -16.25 -61.5 4.454680208019902 18
0000 0010 1711014386489 -3.25 -59.5 0.9694758579437253 18
0000 0000 1711014386491 -0.875 -78.0 4.368777283898306 18
0000 0001 1711014386491 244.125 -70.0 5.896622148632405 18
0000 0010 1711014386491 0.0 -59.5 2.0371264863121317 18
0000 0009 1711014386492 38.1875 -63.0 5.270757987175063 18
0000 0005 1711014386492 6.5 -54.0 2.5893595699509624 18
0000 0014 1711014386492 22.75 -64.5 0.9081166264282996 18
0000 0006 1711014386493 19.5 -63.5 4.3933209765044765 18
0000 0011 1711014386493 -32.5 -53.0 5.405748296509 18
0000 0013 1711014386493 61.8125 -63.0 6.050020227420969 18
0000 0004 1711014386494 35.75 -57.0 0.28225246497095796 18
0000 0012 1711014386494 9.75 -51.5 3.1968159619536762 18
0000 0008 1711014386494 -172.5 -70.0 1.3192234775816514 18
0000 0007 1711014386495 87.875 -70.5 4.356505437595221 18
0000 0000 1711014386605 36.5625 -75.0 5.031456984264903 18
0000 0001 1711014386605 126.9375 -71.5 5.810719224510809 18
0000 0006 1711014386605 -74.8125 -60.0 5.424156065963627 18
0000 0005 1711014386606 -21.125 -56.5 2.466641106920111 18
0000 0012 1711014386606 19.5 -50.5 2.693670263527186 18
0000 0011 1711014386606 3.25 -53.0 0.1227184630308513 18
0000 0013 1711014386607 26.0 -63.0 5.190990986205009 18
0000 0004 1711014386608 13.0 -57.0 0.6381360077604268 18
0000 0009 1711014386608 -87.0625 -65.0 5.749359992995383 18
0000 0010 1711014386609 -26.0 -63.0 2.9391071895888885 18
0000 0014 1711014386609 -9.75 -65.5 0.7117670855789375 18
0000 0000 1711014386609 -170.0625 -74.0 2.6200391857086753 18
0000 0007 1711014386843 14.0 -75.5 6.086835766330224 18
0000 0010 1711014386843 -52.0625 -64.5 3.5956509668039427 18
0000 0005 1711014386843 19.5 -58.0 2.5157284921324514 18
0000 0014 1711014386844 58.5625 -66.5 0.6933593161243098 18
0000 0009 1711014386844 -27.625 -66.5 5.767767762450011 18
0000 0013 1711014386844 -13.0 -64.0 4.608078286808466 18
0000 0012 1711014386845 -6.5 -52.0 2.36846633649543 18
0000 0011 1711014386845 -3.25 -53.5 1.0921943209745766 18
0000 0007 1711014386845 65.0625 -71.0 2.356194490192345 18
0000 0004 1711014386846 22.75 -57.5 0.944932165337555 18
0000 0006 1711014386846 -26.0 -57.0 6.14819499784565 18
0000 0001 1711014386846 237.5625 -71.0 5.2339424482658075 18
0000 0000 1711014386847 -55.3125 -73.0 3.117048960983623 18
0000 0005 1711014386847 39.0 -58.0 2.521864415283994 18
0000 0004 1711014386847 3.25 -59.0 1.2455923997631406 18
0000 0014 1711014386848 -39.0 -64.5 1.0062913968529805 18
0000 0011 1711014386848 0.0 -54.0 1.5892040962495242 18
0000 0010 1711014386849 16.25 -66.0 4.104932588381976 18
0000 0012 1711014386849 -19.5 -51.5 2.552544031041707 18
0000 0006 1711014386849 26.0 -54.5 1.1719613219446299 18
0000 0007 1711014386850 42.3125 -71.0 2.1353012567368124 18
0000 0013 1711014386850 -81.375 -65.5 4.7307967498393175 18
0000 0009 1711014386850 -177.375 -67.0 0.0 18
0000 0001 1711014386851 48.8125 -70.5 5.436427912266712 18
0000 0000 1711014386851 -267.6875 -72.0 4.0128937411088375 18
0000 0012 1711014387067 22.75 -51.5 2.705942109830271 18
0000 0007 1711014387067 -22.75 -73.0 4.325825821837508 18
0000 0014 1711014387067 104.125 -65.0 0.803805932852076 18
0000 0000 1711014387068 131.8125 -69.5 3.693825737228624 18
0000 0004 1711014387068 26.0 -58.0 1.9389517158874505 18
0000 0005 1711014387068 -32.5 -57.5 3.3624858870453256 18
0000 0013 1711014387069 -68.3125 -65.0 4.773748211900116 18
0000 0010 1711014387069 -68.3125 -66.0 4.767612288748572 18
0000 0009 1711014387069 21.125 -67.0 6.129787228391022 18
0000 0001 1711014387070 -214.8125 -72.0 5.822991070813893 18
0000 0011 1711014387070 -16.25 -52.5 1.8530487917658545 18
0000 0006 1711014387070 6.5 -53.5 1.7119225592803755 18
0000 0009 1711014387071 13.8125 -67.0 0.20248546400090464 18
0000 0000 1711014387071 -159.5 -69.5 4.061981126321178 18
0000 0010 1711014387071 -71.5625 -65.0 5.074408446325701 18
0000 0012 1711014387072 26.0 -51.5 2.890019804376548 18
0000 0006 1711014387072 3.25 -53.5 1.9696313316451632 18
0000 0013 1711014387072 -29.25 -65.0 4.792155981354743 18
0000 0011 1711014387073 6.5 -52.5 2.1598449493429825 18
0000 0004 1711014387074 6.5 -56.5 2.5464081078901644 18
0000 0005 1711014387074 -6.5 -58.0 3.6447383520162835 18
0000 0001 1711014387075 -152.9375 -70.0 5.688000761479957 18
0000 0014 1711014387075 26.0 -65.0 0.9633399347921826 18
0000 0013 1711014387297 58.5625 -65.0 5.105088062083414 18
0000 0012 1711014387297 -6.5 -52.0 3.0925052683774528 18
0000 0005 1711014387297 3.25 -58.5 3.6079228131070282 18
0000 0010 1711014387298 42.3125 -64.0 5.154175447295755 18
0000 0011 1711014387298 -6.5 -53.0 2.356194490192345 18
0000 0004 1711014387298 6.5 -56.0 2.6998061866787286 18
0000 0000 1711014387299 -114.6875 -69.0 4.1172044346850605 18
0000 0006 1711014387299 35.75 -54.0 2.1230294104337273 18
0000 0009 1711014387299 -10.5625 -67.0 0.4724660826687775 18
0000 0001 1711014387300 -133.4375 -69.5 5.773903685601553 18
0000 0014 1711014387300 6.5 -65.0 0.9817477042468103 18
0000 0004 1711014387300 3.25 -56.0 2.7120780329818137 18
0000 0009 1711014387301 30.875 -68.0 0.23930100291016002 18
0000 0001 1711014387301 -29.25 -70.0 5.546874528994478 18
0000 0013 1711014387301 -107.375 -65.0 5.307573526084319 18
0000 0010 1711014387302 -113.875 -64.5 5.5284667595398505 18
0000 0005 1711014387302 -52.0625 -58.0 3.5158839658338894 18
0000 0012 1711014387302 6.5 -51.5 3.2765829629237295 18
0000 0011 1711014387303 -3.25 -53.0 2.2764274892222915 18
0000 0006 1711014387303 13.0 -54.5 2.2334760271614935 18
0000 0000 1711014387303 -91.125 -69.0 4.049709280018092 18
0000 0014 1711014387304 6.5 -65.5 0.9572040116406401 18
0000 0008 1711014387538 -1.4375 -75.5 5.773903685601553 18
0000 0001 1711014387538 84.625 -70.0 5.062136600022616 18
0000 0014 1711014387539 19.5 -65.5 0.9572040116406401 18
0000 0010 1711014387539 -104.125 -65.0 6.019340611663256 18
0000 0012 1711014387539 -3.25 -51.0 3.423845118560751 18
0000 0009 1711014387540 -62.625 -67.0 0.0674951546669682 18
0000 0004 1711014387540 26.0 -56.0 2.6445828783148455 18
0000 0005 1711014387540 13.0 -57.5 2.945243112740431 18
0000 0006 1711014387541 -6.5 -54.5 2.4605051837685683 18
0000 0011 1711014387541 -13.0 -52.5 2.116893487282185 18
0000 0013 1711014387541 -94.375 -65.5 5.45483568172134 18
0000 0008 1711014387542 74.8125 -72.0 1.748738098189631 18
0000 0000 1711014387542 16.25 -69.5 3.724505352986337 18
0000 0010 1711014387542 -22.75 -64.0 5.724816300389213 18
0000 0009 1711014387543 -97.625 -67.0 0.030679615757712823 18
0000 0005 1711014387543 -16.25 -57.5 3.0372819600135696 18
0000 0013 1711014387543 -78.0625 -65.0 5.405748296509 18
0000 0004 1711014387544 3.25 -56.5 2.6445828783148455 18
0000 0014 1711014387544 152.9375 -64.5 0.7547185476397354 18
0000 0008 1711014387544 35.75 -71.5 2.1230294104337273 18
0000 0006 1711014387545 19.5 -54.5 2.1537090261914402 18
0000 0012 1711014387545 -6.5 -51.0 3.3747577333484107 18
0000 0001 1711014387545 58.5625 -71.0 5.4671075280244255 18
0000 0000 1711014387546 -84.625 -69.5 3.8840393549264434 18
0000 0011 1711014387547 19.5 -52.5 1.9573594853420782 18
0000 0007 1711014387784 -1.9375 -76.0 0.16566992509164924 18
0000 0005 1711014387784 16.25 -57.0 2.7857091108003242 18
0000 0014 1711014387784 48.8125 -65.5 0.8958447801252144 18
0000 0013 1711014387785 -32.5 -65.5 5.295301679781233 18
0000 0004 1711014387785 19.5 -57.0 2.5280003384355365 18
0000 0012 1711014387785 -16.25 -51.5 3.2336315008629315 18
0000 0006 1711014387786 -6.5 -54.5 1.8714565612204823 18
0000 0009 1711014387786 111.4375 -67.5 5.724816300389213 18
0000 0011 1711014387786 -3.25 -52.5 1.859184714917397 18
0000 0008 1711014387787 -45.5625 -71.5 2.1230294104337273 18
0000 0010 1711014387787 -45.5625 -64.5 5.399612373357457 18
0000 0000 1711014387787 13.8125 -69.5 3.5956509668039427 18
0000 0001 1711014387788 -52.0625 -69.5 5.749359992995383 18
0000 0007 1711014387788 0.25 -76.0 0.01227184630308513 18
0000 0009 1711014387788 -55.3125 -67.0 5.902758071783947 18
0000 0005 1711014387789 0.0 -56.5 2.834796496012665 18
0000 0012 1711014387789 -19.5 -51.5 3.098641191528995 18
0000 0010 1711014387789 58.5625 -63.5 5.019185137961818 18
0000 0001 1711014387790 -65.0625 -70.0 5.700272607783043 18
0000 0011 1711014387790 16.25 -53.0 1.6935147898257479 18
0000 0008 1711014387790 136.6875 -70.5 1.662835174068035 18
0000 0004 1711014387791 9.75 -58.0 2.36846633649543 18
0000 0006 1711014387791 22.75 -55.0 1.6260196351587797 18
0000 0013 1711014387791 -84.625 -66.0 5.301437602932776 18
0000 0014 1711014387792 42.3125 -65.0 0.9510680884890975 18
0000 0000 1711014387792 -69.125 -69.0 3.6876898140770815 18
0000 0007 1711014387853 -1.1875 -76.5 0.35588354278946877 18
0000 0000 1711014388104 10.5625 -69.5 3.3379421944391554 18
0000 0012 1711014388105 16.25 -51.0 2.9206994201342606 18
0000 0011 1711014388105 -16.25 -53.0 1.6014759425526093 18
0000 0006 1711014388105 6.5 -54.5 1.380582709097077 18
0000 0010 1711014388106 -22.75 -65.0 4.779884135051658 18
0000 0013 1711014388106 -71.5625 -66.0 5.258486140871978 18
0000 0009 1711014388106 -117.9375 -67.0 5.921165841238575 18
0000 0008 1711014388107 81.375 -71.5 1.3560390164909069 18
0000 0005 1711014388107 13.0 -56.5 2.761165418194154 18
0000 0004 1711014388107 16.25 -58.5 1.9389517158874505 18
0000 0014 1711014388108 -39.0 -65.0 1.055378782065321 18
0000 0001 1711014388108 -3.25 -70.0 5.540738605842936 18
0000 0007 1711014388108 -1.5625 -76.0 0.1595340019401067 18
0000 0009 1711014388277 -73.1875 -67.5 5.755495916146925 18
0000 0004 1711014388278 35.75 -59.0 1.6996507129772904 18
0000 0005 1711014388279 17.0625 -56.0 2.5464081078901644 18
0000 0011 1711014388279 19.5 -53.0 1.4971652489763858 18
0000 0012 1711014388279 -3.25 -51.0 2.82252464970958 18
0000 0000 1711014388280 55.3125 -70.0 3.227495577711389 18
0000 0001 1711014388280 0.0 -71.0 5.442563835418255 18
0000 0014 1711014388280 0.0 -66.0 0.9940195505498954 18
0000 0010 1711014388281 -35.75 -64.5 4.669437518323892 18
0000 0013 1711014388281 -29.25 -66.0 5.098952138931871 18
0000 0006 1711014388281 22.75 -54.5 1.141281706186917 18
0000 0008 1711014388282 42.3125 -72.0 1.5155730184310134 18
0000 0007 1711014388282 6.6875 -74.5 5.859806609723149 18
0000 0001 1711014388283 52.0625 -71.0 5.3627968344482015 18
0000 0010 1711014388283 -13.0 -64.0 4.331961744989051 18
0000 0004 1711014388283 0.0 -59.5 1.7241944055834606 18
0000 0012 1711014388284 22.75 -51.0 2.662990647769473 18
0000 0014 1711014388284 39.0 -65.5 1.012427320004523 18
0000 0011 1711014388284 29.25 -53.0 1.239456476611598 18
0000 0013 1711014388285 16.25 -66.5 5.00077736850719 18
0000 0006 1711014388285 6.5 -55.0 1.043106935762236 18
0000 0005 1711014388285 26.0 -55.5 2.5034566458293663 18
0000 0000 1711014388286 -61.8125 -70.0 3.2336315008629315 18
0000 0009 1711014388286 -100.875 -67.5 5.602097837358362 18
0000 0008 1711014388287 3.25 -73.0 1.2640001692177683 18
0000 0007 1711014388354 3.0 -75.5 0.1595340019401067 18
0000 0004 1711014388519 26.0 -59.0 1.7548740213411735 18
0000 0014 1711014388519 -45.5625 -65.0 0.9940195505498954 18
0000 0012 1711014388520 3.25 -51.0 2.6139032625571326 18
0000 0011 1711014388520 22.75 -53.0 1.1167380135807468 18
0000 0013 1711014388520 -104.125 -66.0 5.141903600992669 18
0000 0005 1711014388521 9.75 -56.0 2.4850488763747385 18
0000 0006 1711014388521 0.0 -55.0 1.0983302441261191 18
0000 0008 1711014388521 61.8125 -73.0 1.086058397823034 18
0000 0001 1711014388522 -42.3125 -71.0 5.688000761479957 18
0000 0010 1711014388522 -52.0625 -63.5 4.368777283898306 18
0000 0009 1711014388522 -104.125 -68.0 5.559146375297564 18
0000 0000 1711014388523 -29.25 -71.0 3.11091303783208 18
0000 0007 1711014388523 7.3125 -76.0 0.1902136176978195 18
0000 0013 1711014388523 -149.6875 -67.0 5.117359908386499 18
0000 0012 1711014388524 0.0 -51.0 2.6261751088602177 18
0000 0000 1711014388524 22.75 -70.5 2.890019804376548 18
0000 0006 1711014388524 16.25 -54.5 1.086058397823034 18
0000 0009 1711014388525 21.125 -67.5 5.307573526084319 18
0000 0011 1711014388525 3.25 -53.5 1.0062913968529805 18
0000 0010 1711014388525 -35.75 -63.0 4.399456899656019 18
0000 0014 1711014388526 52.0625 -66.0 0.9019807032767571 18
0000 0005 1711014388526 0.0 -56.0 2.380738182798515 18
0000 0004 1711014388526 9.75 -59.0 1.9082721001297376 18
0000 0001 1711014388527 -120.4375 -70.0 5.8475347634200645 18
0000 0008 1711014388527 22.75 -72.5 1.4664856332186729 18
0000 0007 1711014388600 4.25 -75.5 6.2463697682703305 18
