0000 0007 1710404640347 16.25 -62.5 0.5829126993965437 11
0000 0004 1710404640354 -22.75 -66.0 6.074563920027139 11
0000 0008 1710404640355 -3.25 -57.5 2.6568547246179306 11
0000 0010 1710404640355 19.5 -57.0 0.1902136176978195 11
0000 0006 1710404640356 120.4375 -70.0 2.5586799541932495 11
0000 0009 1710404640357 -62.625 -64.0 5.019185137961818 11
0000 0003 1710404640357 -42.3125 -65.5 3.6447383520162835 11
0000 0005 1710404640358 26.0 -59.0 5.773903685601553 11
0000 0012 1710404640358 9.75 -62.0 1.1167380135807468 11
0000 0002 1710404640359 -143.1875 -71.5 5.589825991055276 11
0000 0001 1710404640359 198.5625 -72.5 3.7981364308048478 11
0000 0015 1710404640360 13.0 -70.0 4.8351074434155406 11
0000 0013 1710404640360 -6.5 -67.5 2.1475731030398975 11
0000 0000 1710404640360 -13.8125 -61.5 5.393476450205914 11
0000 0011 1710404640361 -78.0625 -68.0 5.368932757599744 11
0000 0010 1710404640361 3.25 -58.0 0.04908738521234052 11
0000 0012 1710404640362 -26.0 -70.5 4.399456899656019 11
0000 0006 1710404640362 22.75 -67.5 1.533980787885641 11
0000 0003 1710404640363 -143.1875 -70.0 2.834796496012665 11
0000 0004 1710404640363 81.375 -65.5 0.25770877236478773 11
0000 0008 1710404640364 13.0 -56.0 2.3316507975861747 11
0000 0000 1710404640364 55.3125 -61.0 5.240078371417351 11
0000 0007 1710404640365 29.25 -61.0 0.7731263170943632 11
0000 0009 1710404640367 -24.375 -59.5 5.700272607783043 11
0000 0002 1710404640368 -188.75 -70.5 5.982525072754001 11
0000 0015 1710404640369 26.0 -67.0 6.252505691421874 11
0000 0011 1710404640370 45.5625 -65.5 5.2339424482658075 11
0000 0001 1710404640371 -120.4375 -72.5 4.0128937411088375 11
0000 0005 1710404640372 130.1875 -70.0 0.4111068511533518 11
0000 0013 1710404640404 6.5 -72.0 5.648117260994931 11
0000 0012 1710404640543 19.5 -63.0 5.724816300389213 11
0000 0000 1710404640545 -136.6875 -61.5 5.21553467881118 11
0000 0006 1710404640546 -3.25 -59.0 4.7860200582032 11
0000 0004 1710404640547 -16.25 -66.0 5.289165756629691 11
0000 0009 1710404640548 -65.875 -59.5 6.277049384028044 11
0000 0008 1710404640549 9.75 -53.0 2.116893487282185 11
0000 0002 1710404640550 -26.0 -71.0 5.786175531904639 11
0000 0015 1710404640551 -26.0 -61.0 4.540583132141498 11
0000 0011 1710404640552 6.5 -66.0 5.387340527054372 11
0000 0007 1710404640553 29.25 -69.0 0.6442719309119693 11
0000 0010 1710404640555 -29.25 -67.5 4.626486056263094 11
0000 0005 1710404640556 -30.875 -68.5 3.11091303783208 11
0000 0001 1710404640560 6.5 -75.0 0.39269908169872414 11
0000 0012 1710404640560 10.5625 -61.0 1.325359400733194 11
0000 0010 1710404640561 -94.375 -62.5 4.411728745959104 11
0000 0005 1710404640562 -6.5 -64.5 1.2210487071569704 11
0000 0004 1710404640563 104.125 -60.5 0.12885438618239387 11
0000 0011 1710404640564 32.5 -65.0 1.1719613219446299 11
0000 0008 1710404640565 9.75 -56.0 2.2580197197676637 11
0000 0000 1710404640566 0.0 -60.5 5.062136600022616 11
0000 0015 1710404640567 19.5 -63.0 0.7731263170943632 11
0000 0006 1710404640568 9.75 -59.0 5.902758071783947 11
0000 0009 1710404640569 -90.3125 -61.5 5.375068680751287 11
0000 0007 1710404640570 -42.3125 -69.5 4.4362724385652745 11
0000 0002 1710404640571 74.8125 -72.0 0.0859029241215959 11
0000 0001 1710404640571 -48.8125 -72.0 4.04357335686655 11
0000 0004 1710404640793 32.5 -60.0 1.8223691760081417 11
0000 0005 1710404640794 -152.9375 -70.0 2.6445828783148455 11
0000 0010 1710404640795 -52.0625 -62.5 4.663301595172349 11
0000 0000 1710404640796 16.25 -60.0 5.123495831538041 11
0000 0011 1710404640796 61.8125 -65.5 1.1228739367322893 11
0000 0009 1710404640797 -30.875 -59.5 5.1725832167503825 11
0000 0012 1710404640798 81.375 -57.5 1.7548740213411735 11
0000 0008 1710404640799 -3.25 -55.0 2.2396119503130363 11
0000 0015 1710404640800 3.25 -64.0 0.34974761963792617 11
0000 0006 1710404640801 16.25 -63.5 0.803805932852076 11
0000 0002 1710404640802 -87.875 -72.0 0.14112623248547898 11
0000 0001 1710404640803 -179.0 -72.0 4.061981126321178 11
0000 0007 1710404640803 -10.9375 -73.5 4.387185053352934 11
0000 0013 1710404640804 -0.4375 -72.0 1.1290098598838318 11
0000 0004 1710404640805 -6.5 -58.0 0.7915340865489908 11
0000 0006 1710404640806 -58.5625 -58.5 5.448699758569798 11
0000 0008 1710404640807 9.75 -56.5 2.3071071049800045 11
0000 0007 1710404640807 -22.75 -63.5 4.221515128261284 11
0000 0015 1710404640808 -16.25 -60.0 4.6448938257177215 11
0000 0000 1710404640810 -58.5625 -60.5 5.043728830567988 11
0000 0012 1710404640811 -26.0 -58.5 1.6873788666742053 11
0000 0005 1710404640812 22.75 -59.5 0.30066023442558565 11
0000 0009 1710404640813 -41.5 -63.0 4.97623367590102 11
0000 0010 1710404640813 -19.5 -63.5 4.7860200582032 11
0000 0011 1710404640815 26.0 -65.5 6.050020227420969 11
0000 0013 1710404640816 120.4375 -64.0 6.080699843178682 11
0000 0002 1710404640817 143.1875 -74.5 5.375068680751287 11
0000 0003 1710404640900 13.0 -72.0 5.1817871014776955 11
0000 0001 1710404640901 -0.5625 -76.5 0.5460971604872883 11
0000 0013 1710404641068 9.75 -62.5 4.724660826687775 11
0000 0003 1710404641069 87.875 -66.0 2.9145634969827183 11
0000 0010 1710404641070 104.125 -67.0 5.0682725231741586 11
0000 0008 1710404641071 26.0 -56.0 2.086213871524472 11
0000 0000 1710404641071 35.75 -60.5 5.062136600022616 11
0000 0004 1710404641072 -26.0 -58.5 4.773748211900116 11
0000 0007 1710404641073 61.8125 -57.5 5.675728915176872 11
0000 0012 1710404641074 0.0 -54.0 1.533980787885641 11
0000 0009 1710404641075 19.5 -56.0 5.8659425328746915 11
0000 0006 1710404641076 -65.0625 -61.5 3.497476196379262 11
0000 0011 1710404641077 3.25 -65.5 4.76147636559703 11
0000 0002 1710404641077 -39.0 -69.5 5.835262917116979 11
0000 0015 1710404641078 16.25 -67.5 5.712544454086128 11
0000 0005 1710404641079 -71.5625 -66.5 4.319689898685965 11
0000 0001 1710404641080 3.625 -74.5 3.8963112012295285 11
0000 0000 1710404641081 -41.5 -61.0 5.436427912266712 11
0000 0012 1710404641082 6.5 -64.0 2.1905245651006955 11
0000 0004 1710404641083 45.5625 -59.0 0.6258641614573416 11
0000 0009 1710404641084 -41.5 -58.5 4.822835597112456 11
0000 0010 1710404641084 9.75 -59.0 6.12365130523948 11
0000 0007 1710404641085 -68.3125 -70.0 1.7119225592803755 11
0000 0006 1710404641086 13.0 -66.0 3.3502140407422405 11
0000 0008 1710404641087 -6.5 -57.5 2.3930100291016 11
0000 0011 1710404641087 -87.875 -67.5 4.411728745959104 11
0000 0015 1710404641089 13.0 -67.5 5.3198453723874035 11
0000 0005 1710404641090 -218.875 -72.5 3.3318062712876126 11
0000 0013 1710404641090 231.0625 -65.5 2.018718716857504 11
0000 0003 1710404641091 -71.5625 -64.0 3.1784081924990484 11
0000 0001 1710404641155 10.375 -76.5 0.5951845456996288 11
0000 0014 1710404641155 11.5625 -73.0 1.3314953238847365 11
0000 0002 1710404641156 0.5625 -75.0 5.203262832508095 11
0000 0003 1710404641321 -68.3125 -63.5 3.7122335066832517 11
0000 0015 1710404641322 81.375 -67.5 5.749359992995383 11
0000 0013 1710404641322 -58.5625 -71.5 3.5281558121369745 11
0000 0004 1710404641323 22.75 -68.0 4.859651136021712 11
0000 0011 1710404641324 19.5 -65.5 4.921010367537137 11
0000 0009 1710404641325 -3.25 -60.0 4.884194828627882 11
0000 0000 1710404641327 -39.0 -65.0 5.5100589900852235 11
0000 0006 1710404641328 -39.0 -69.0 4.902602598082509 11
0000 0008 1710404641328 -9.75 -58.0 2.2764274892222915 11
0000 0010 1710404641329 -61.8125 -57.5 4.804427827657828 11
0000 0002 1710404641331 39.0 -71.0 5.436427912266712 11
0000 0001 1710404641332 3.25 -73.0 4.154019973594316 11
0000 0012 1710404641332 6.5 -69.5 4.9823695990525625 11
0000 0007 1710404641333 1.8125 -76.5 5.141903600992669 11
0000 0014 1710404641334 -2.875 -73.0 5.184855063053467 11
0000 0009 1710404641335 17.0625 -61.0 5.399612373357457 11
0000 0008 1710404641335 0.0 -57.0 2.730485802436441 11
0000 0000 1710404641336 -55.3125 -64.5 5.50392306693368 11
0000 0014 1710404641337 97.625 -71.0 4.963961829597935 11
0000 0012 1710404641337 55.3125 -59.0 5.258486140871978 11
0000 0002 1710404641338 -58.5625 -72.0 5.6573211457222445 11
0000 0011 1710404641339 19.5 -62.5 6.135923151542564 11
0000 0003 1710404641340 -19.5 -63.5 4.080388895775806 11
0000 0010 1710404641340 45.5625 -63.5 4.074252972624263 11
0000 0007 1710404641342 107.375 -70.5 5.884350302329319 11
0000 0015 1710404641342 26.0 -69.5 5.945709533844745 11
0000 0001 1710404641400 11.375 -74.5 0.9602719732164113 11
0000 0005 1710404641565 78.0625 -69.5 4.7307967498393175 11
0000 0008 1710404641565 -16.25 -55.5 2.6813984172241008 11
0000 0010 1710404641566 6.5 -61.0 4.239922897715912 11
0000 0001 1710404641567 -192.0 -73.5 4.381049130201391 11
0000 0000 1710404641567 -62.625 -64.0 5.626641529964532 11
0000 0003 1710404641568 -13.0 -62.5 3.6999616603801666 11
0000 0007 1710404641569 19.5 -60.5 3.56497135104623 11
0000 0015 1710404641570 -3.25 -69.0 5.706408530934585 11
0000 0009 1710404641570 -17.0625 -60.0 5.209398755659637 11
0000 0002 1710404641571 81.375 -71.0 5.6941366846315 11
0000 0011 1710404641572 9.75 -63.5 5.730952223540755 11
0000 0014 1710404641573 14.0 -74.5 1.3437671701878218 11
0000 0012 1710404641573 -1.8125 -65.5 1.184233168247715 11
0000 0012 1710404641574 -29.25 -58.0 2.1046216409791 11
0000 0011 1710404641575 29.25 -69.5 5.190990986205009 11
0000 0009 1710404641576 17.0625 -61.0 4.516039439535327 11
0000 0008 1710404641576 -19.5 -59.0 2.5832236467994196 11
0000 0006 1710404641577 -58.5625 -66.5 2.3439226438892597 11
0000 0013 1710404641578 65.0625 -66.0 4.430136515413731 11
0000 0010 1710404641579 3.25 -57.0 0.25157284921324513 11
0000 0000 1710404641580 55.3125 -61.0 5.080544369477243 11
0000 0007 1710404641581 68.3125 -62.5 2.9391071895888885 11
0000 0003 1710404641582 16.25 -64.0 3.3011266555298997 11
0000 0005 1710404641583 9.75 -58.5 2.1782527187976104 11
0000 0015 1710404641585 -97.625 -69.0 5.559146375297564 11
0000 0004 1710404641586 146.4375 -67.0 4.743068596142402 11
0000 0002 1710404641586 52.0625 -73.0 5.056000676871073 11
0000 0001 1710404641650 -17.0625 -75.5 0.4908738521234052 11
0000 0014 1710404641650 4.0625 -75.0 0.5706408530934585 11
0000 0007 1710404641815 -113.875 -59.0 5.283029833478148 11
0000 0001 1710404641816 139.9375 -73.0 3.313398501832985 11
0000 0011 1710404641817 19.5 -61.0 6.129787228391022 11
0000 0004 1710404641817 9.75 -67.5 5.313709449235861 11
0000 0003 1710404641818 -78.0625 -69.5 2.350058567040802 11
0000 0002 1710404641818 -84.625 -72.0 4.963961829597935 11
0000 0009 1710404641819 -24.375 -59.0 5.0682725231741586 11
0000 0008 1710404641820 -9.75 -56.5 2.141437179888355 11
0000 0010 1710404641820 0.0 -59.0 5.681864838328415 11
0000 0012 1710404641821 -84.625 -67.0 4.09266074207889 11
0000 0006 1710404641822 6.5 -66.0 2.1782527187976104 11
0000 0015 1710404641822 65.0625 -66.5 5.835262917116979 11
0000 0005 1710404641823 13.0 -59.5 2.9022916506796332 11
0000 0000 1710404641837 9.75 -61.5 4.914874444385594 11
0000 0013 1710404641838 -35.75 -67.0 4.865787059173254 11
0000 0009 1710404641839 3.25 -61.0 5.681864838328415 11
0000 0013 1710404641839 9.75 -63.5 5.8475347634200645 11
0000 0011 1710404641840 55.3125 -69.5 4.601942363656923 11
0000 0012 1710404641841 -19.5 -63.5 5.037592907416445 11
0000 0002 1710404641842 16.25 -70.5 5.111223985234957 11
0000 0006 1710404641842 -35.75 -59.5 4.663301595172349 11
0000 0008 1710404641843 3.25 -53.5 1.9819031779482483 11
0000 0005 1710404641844 -45.5625 -65.0 4.528311285838413 11
0000 0000 1710404641845 -87.0625 -62.0 4.822835597112456 11
0000 0015 1710404641846 -42.3125 -62.5 3.497476196379262 11
0000 0004 1710404641847 -159.5 -71.5 4.184699589352029 11
0000 0007 1710404641848 13.0 -65.5 1.564660403643354 11
0000 0010 1710404641848 3.25 -66.0 4.080388895775806 11
0000 0001 1710404641912 -18.875 -77.5 6.14819499784565 11
0000 0013 1710404642111 -117.125 -69.5 5.154175447295755 11
0000 0012 1710404642112 26.0 -60.0 0.3436116964863836 11
0000 0002 1710404642113 61.8125 -70.0 5.411884219660542 11
0000 0005 1710404642113 26.0 -63.5 0.5154175447295755 11
0000 0004 1710404642114 0.0 -62.5 6.209554229361076 11
0000 0006 1710404642115 9.75 -62.5 0.11044661672776616 11
0000 0009 1710404642115 13.8125 -62.5 4.558990901596125 11
0000 0008 1710404642116 6.5 -57.0 1.4603497100671303 11
0000 0015 1710404642117 26.0 -59.5 0.28225246497095796 11
0000 0010 1710404642117 -32.5 -63.0 3.8717675086233583 11
0000 0000 1710404642118 -3.25 -61.0 4.706253057233147 11
0000 0007 1710404642119 156.1875 -73.5 1.5401167110371838 11
0000 0001 1710404642119 -10.9375 -77.0 0.4356505437595221 11
0000 0011 1710404642120 12.8125 -76.0 6.178874613603362 11
0000 0002 1710404642120 -78.0625 -70.5 5.743224069843841 11
0000 0000 1710404642121 -48.8125 -61.5 5.197126909356553 11
0000 0008 1710404642122 0.0 -55.0 1.9144080232812801 11
0000 0004 1710404642122 26.0 -58.0 1.8039614065535141 11
0000 0006 1710404642123 81.375 -65.0 2.073942025221387 11
0000 0012 1710404642124 -3.25 -57.5 1.3314953238847365 11
0000 0011 1710404642124 55.3125 -73.5 0.03681553890925539 11
0000 0009 1710404642125 -62.625 -59.0 5.264622064023521 11
0000 0010 1710404642126 35.75 -64.0 3.650874275167826 11
0000 0003 1710404642127 263.625 -71.5 5.927301764390117 11
0000 0005 1710404642129 0.0 -66.0 2.1537090261914402 11
0000 0015 1710404642130 -32.5 -60.5 5.835262917116979 11
0000 0007 1710404642150 4.0625 -71.5 0.039883500485026674 11
0000 0013 1710404642151 -0.5625 -69.5 0.6994952392758523 11
0000 0001 1710404642152 -18.25 -77.0 0.2638446955163303 11
0000 0013 1710404642381 -35.75 -58.5 5.031456984264903 11
0000 0006 1710404642382 -13.0 -59.0 5.092816215780329 11
0000 0002 1710404642383 3.25 -72.0 5.092816215780329 11
0000 0015 1710404642383 32.5 -64.0 2.5464081078901644 11
0000 0008 1710404642384 19.5 -58.0 2.3071071049800045 11
0000 0004 1710404642385 16.25 -56.5 0.7363107781851077 11
0000 0012 1710404642386 26.0 -56.5 1.4358060174609601 11
0000 0007 1710404642387 13.0 -61.0 4.221515128261284 11
0000 0010 1710404642387 -35.75 -64.5 3.2090878082567613 11
0000 0003 1710404642388 -208.3125 -69.5 1.368310862793992 11
0000 0000 1710404642389 -17.0625 -61.5 4.779884135051658 11
0000 0005 1710404642389 3.25 -59.5 6.191146459906448 11
0000 0009 1710404642390 -62.625 -63.5 4.963961829597935 11
0000 0011 1710404642391 29.25 -67.0 4.743068596142402 11
0000 0001 1710404642392 8.5 -76.5 0.14112623248547898 11
0000 0009 1710404642396 -10.5625 -60.0 5.405748296509 11
0000 0011 1710404642397 126.9375 -68.0 4.252194744018997 11
0000 0008 1710404642398 -3.25 -57.5 2.4605051837685683 11
0000 0015 1710404642399 -16.25 -69.5 5.080544369477243 11
0000 0007 1710404642399 -13.0 -66.0 1.227184630308513 11
0000 0013 1710404642400 -149.6875 -70.0 3.429981041712294 11
0000 0012 1710404642401 -6.5 -57.5 1.564660403643354 11
0000 0002 1710404642401 -71.5625 -71.0 4.626486056263094 11
0000 0010 1710404642402 -9.75 -61.0 4.890330751779424 11
0000 0006 1710404642404 -48.8125 -65.0 5.675728915176872 11
0000 0004 1710404642405 -26.0 -63.5 3.06182565261974 11
0000 0000 1710404642405 3.25 -61.5 4.97623367590102 11
0000 0003 1710404642406 -6.5 -65.5 2.399145952253143 11
0000 0001 1710404642407 24.375 -75.0 0.07056311624273949 11
0000 0005 1710404642524 -7.3125 -76.0 5.166447293598839 11
0000 0000 1710404642524 -30.875 -63.0 5.313709449235861 11
0000 0004 1710404642525 48.8125 -65.0 4.577398671050753 11
0000 0008 1710404642525 13.0 -57.5 2.2764274892222915 11
0000 0011 1710404642526 -26.0 -62.0 4.890330751779424 11
0000 0003 1710404642527 -45.5625 -64.0 2.3071071049800045 11
0000 0010 1710404642527 -58.5625 -59.0 5.197126909356553 11
0000 0013 1710404642528 -39.0 -69.5 2.7979809571034093 11
0000 0007 1710404642528 39.0 -67.0 0.5092816215780329 11
0000 0012 1710404642529 -42.3125 -66.5 2.8654761117703775 11
0000 0006 1710404642529 -16.25 -66.0 5.767767762450011 11
0000 0009 1710404642530 -34.9375 -60.5 5.0253210611133605 11
0000 0015 1710404642531 -84.625 -69.0 5.43029198911517 11
0000 0002 1710404642531 -22.75 -72.5 4.890330751779424 11
0000 0001 1710404642532 -117.125 -72.5 3.822680123411018 11
0000 0014 1710404642532 20.3125 -72.0 4.7307967498393175 11
0000 0003 1710404642651 3.25 -63.5 2.9022916506796332 11
0000 0001 1710404642651 -84.625 -73.0 4.031301510563465 11
0000 0008 1710404642652 -19.5 -57.0 2.834796496012665 11
0000 0007 1710404642652 74.8125 -71.0 6.056156150572511 11
0000 0006 1710404642653 -9.75 -64.0 2.1230294104337273 11
0000 0010 1710404642653 3.25 -63.0 3.8288160465625602 11
0000 0012 1710404642654 -6.5 -64.5 4.718524903536232 11
0000 0000 1710404642654 -13.8125 -63.5 5.148039524144211 11
0000 0011 1710404642655 52.0625 -67.0 4.988505522204105 11
0000 0009 1710404642655 -13.8125 -60.5 5.5714182216006485 11
0000 0015 1710404642656 -9.75 -73.0 5.595961914206819 11
0000 0013 1710404642656 159.5 -69.0 1.4480778637640452 11
0000 0002 1710404642657 74.8125 -72.5 5.589825991055276 11
0000 0003 1710404642879 71.5625 -63.5 2.9636508821950587 11
0000 0000 1710404642879 -13.8125 -64.0 5.344389064993574 11
0000 0010 1710404642880 0.0 -60.0 4.1417481272912315 11
0000 0007 1710404642880 -13.0 -69.0 0.03681553890925539 11
0000 0011 1710404642881 58.5625 -67.0 5.049864753719531 11
0000 0012 1710404642881 126.9375 -66.0 4.196971435655114 11
0000 0009 1710404642882 0.0 -59.5 5.786175531904639 11
0000 0006 1710404642882 32.5 -67.0 3.2459033471660166 11
0000 0008 1710404642883 0.0 -57.0 2.804116880254952 11
0000 0013 1710404642883 -13.0 -65.5 1.2026409377023426 11
0000 0001 1710404642884 97.625 -73.0 3.8410878928656453 11
0000 0002 1710404642884 32.5 -73.0 6.043884304269426 11
0000 0015 1710404642885 -20.3125 -73.5 5.568350260024878 11
0000 0005 1710404642886 -2.4375 -67.5 1.705786636128833 11
0000 0015 1710404642886 81.375 -70.0 4.9823695990525625 11
0000 0009 1710404642887 -30.875 -59.0 5.123495831538041 11
0000 0003 1710404642887 55.3125 -64.5 2.693670263527186 11
0000 0007 1710404642888 -35.75 -69.0 1.000155473701438 11
0000 0000 1710404642888 -9.75 -62.5 5.589825991055276 11
0000 0006 1710404642889 52.0625 -65.5 6.135923151542564 11
0000 0008 1710404642889 0.0 -58.0 2.5586799541932495 11
0000 0010 1710404642890 6.5 -58.0 6.019340611663256 11
0000 0012 1710404642891 -9.75 -59.0 2.5709518004963345 11
0000 0013 1710404642891 81.375 -65.5 2.748893571891069 11
0000 0014 1710404642892 55.3125 -69.5 0.9940195505498954 11
0000 0001 1710404642893 -6.5 -73.0 3.9515345095934116 11
0000 0005 1710404642893 -26.0 -60.0 3.9638063558964967 11
0000 0011 1710404642894 -126.9375 -70.5 5.160311370447297 11
0000 0004 1710404643028 0.5625 -72.0 5.632777453116074 11
0000 0007 1710404643028 -55.3125 -67.5 3.9147189706841563 11
0000 0005 1710404643028 -22.75 -59.0 4.657165672020807 11
0000 0006 1710404643028 -81.375 -71.0 4.037437433715008 11
0000 0000 1710404643030 45.5625 -60.5 5.295301679781233 11
0000 0002 1710404643030 322.25 -74.0 4.546719055293041 11
0000 0004 1710404643030 -139.9375 -67.0 5.638913376267617 11
0000 0013 1710404643031 48.8125 -63.5 2.2948352586769194 11
0000 0012 1710404643031 0.0 -67.0 5.086680292628786 11
0000 0009 1710404643032 -34.9375 -60.0 5.9088939949354895 11
0000 0008 1710404643032 3.25 -56.0 2.945243112740431 11
0000 0010 1710404643033 -16.25 -61.0 0.25770877236478773 11
0000 0003 1710404643033 71.5625 -67.0 1.5401167110371838 11
0000 0011 1710404643034 52.0625 -66.5 5.706408530934585 11
0000 0015 1710404643034 -162.75 -70.5 5.301437602932776 11
0000 0001 1710404643036 -17.875 -75.5 0.3988350048502667 11
0000 0009 1710404643161 -10.5625 -57.5 5.773903685601553 11
0000 0005 1710404643161 0.0 -58.5 6.264777537724958 11
0000 0011 1710404643162 78.0625 -65.5 4.338097668140593 11
0000 0012 1710404643162 -166.0 -70.0 4.448544284868359 11
0000 0013 1710404643163 3.25 -64.5 3.9453985864418692 11
0000 0000 1710404643163 -48.8125 -61.0 5.135767677841127 11
0000 0002 1710404643164 9.75 -70.5 5.516194913236766 11
0000 0006 1710404643165 0.0 -62.5 0.30066023442558565 11
0000 0003 1710404643166 -32.5 -70.0 0.3988350048502667 11
0000 0008 1710404643166 6.5 -54.0 2.337786720737717 11
0000 0010 1710404643167 32.5 -68.5 5.553010452146021 11
0000 0015 1710404643167 26.0 -63.0 1.88986433067511 11
0000 0007 1710404643168 6.5 -61.5 4.319689898685965 11
0000 0001 1710404643321 6.6875 -76.0 0.02454369260617026 11
0000 0004 1710404643321 -4.875 -74.0 0.9940195505498954 11
0000 0002 1710404643322 -91.125 -70.5 5.332117218690489 11
0000 0012 1710404643322 -35.75 -60.0 0.5338253141842031 11
0000 0003 1710404643323 9.75 -72.0 5.4671075280244255 11
0000 0005 1710404643323 55.3125 -67.0 0.4479223900626072 11
0000 0006 1710404643324 0.0 -65.5 3.2397674240144743 11
0000 0000 1710404643324 16.25 -62.0 4.485359823777615 11
0000 0015 1710404643325 -3.25 -59.0 0.20248546400090464 11
0000 0010 1710404643326 45.5625 -63.0 3.8410878928656453 11
0000 0011 1710404643326 68.3125 -66.5 0.5522330836388308 11
0000 0009 1710404643327 13.8125 -63.0 5.491651220630596 11
0000 0008 1710404643327 13.0 -56.0 2.36846633649543 11
0000 0004 1710404643328 -71.5625 -64.0 5.117359908386499 11
0000 0001 1710404643329 4.875 -74.5 0.04295146206079795 11
0000 0013 1710404643329 4.375 -73.0 4.792155981354743 11
0000 0006 1710404643401 26.0 -61.0 5.9518454569962875 11
0000 0010 1710404643401 -9.75 -62.0 4.430136515413731 11
0000 0011 1710404643402 -9.75 -64.5 1.4726215563702154 11
0000 0001 1710404643402 74.8125 -75.0 3.2397674240144743 11
0000 0008 1710404643403 9.75 -56.0 2.1905245651006955 11
0000 0002 1710404643403 110.625 -71.0 5.338253141842031 11
0000 0003 1710404643404 -9.75 -71.0 5.375068680751287 11
0000 0009 1710404643404 -3.25 -60.5 5.632777453116074 11
0000 0000 1710404643405 39.0 -60.5 4.828971520263998 11
0000 0004 1710404643405 13.0 -61.5 0.9510680884890975 11
0000 0012 1710404643406 7.3125 -58.5 1.3744467859455345 11
0000 0005 1710404643406 -84.625 -66.0 0.28225246497095796 11
0000 0015 1710404643410 26.0 -63.0 1.0615147052168636 11
0000 0013 1710404643528 -3.5625 -75.5 4.632621979414636 11
0000 0004 1710404643529 9.75 -60.5 0.5031456984264903 11
0000 0002 1710404643529 91.125 -71.0 5.2339424482658075 11
0000 0015 1710404643530 -65.0625 -59.5 5.608233760509904 11
0000 0007 1710404643530 87.875 -65.5 2.2334760271614935 11
0000 0011 1710404643531 -182.25 -68.5 0.7179030087304801 11
0000 0012 1710404643531 9.75 -58.0 1.3008157081270237 11
0000 0000 1710404643532 -17.0625 -60.5 4.865787059173254 11
0000 0003 1710404643532 110.625 -69.5 5.927301764390117 11
0000 0008 1710404643533 3.25 -57.0 2.2886993355253766 11
0000 0009 1710404643533 -13.8125 -63.0 5.651185222570702 11
0000 0006 1710404643534 -55.3125 -59.0 5.5714182216006485 11
0000 0010 1710404643534 13.0 -63.5 4.466952054322987 11
0000 0005 1710404643535 -35.75 -63.0 4.718524903536232 11
0000 0013 1710404643535 55.3125 -67.5 6.068427996875596 11
0000 0001 1710404643536 19.5 -76.0 6.114447420512166 11
0000 0002 1710404643651 -6.5 -72.0 5.2768939103266055 11
0000 0012 1710404643651 22.75 -56.0 1.1351457830353744 11
0000 0005 1710404643652 -10.5625 -60.5 0.02454369260617026 11
0000 0009 1710404643653 -13.8125 -64.0 5.71868037723767 11
0000 0007 1710404643653 -16.25 -58.0 1.0185632431560658 11
0000 0010 1710404643653 -29.25 -63.5 4.3503695144436785 11
0000 0004 1710404643654 -16.25 -59.5 5.822991070813893 11
0000 0015 1710404643654 -29.25 -65.5 1.2578642460662257 11
0000 0013 1710404643655 -9.75 -58.5 3.8840393549264434 11
0000 0008 1710404643655 -9.75 -54.0 2.3930100291016 11
0000 0006 1710404643656 22.75 -58.5 1.325359400733194 11
0000 0000 1710404643656 17.0625 -62.5 4.828971520263998 11
0000 0011 1710404643657 -13.0 -61.5 4.884194828627882 11
0000 0003 1710404643657 26.0 -67.5 1.2210487071569704 11
0000 0001 1710404643796 20.125 -77.5 5.841398840268521 11
0000 0015 1710404643797 87.875 -70.0 4.994641445355648 11
0000 0013 1710404643797 6.5 -67.0 2.5770877236478773 11
0000 0004 1710404643797 16.25 -64.5 2.000310947402876 11
0000 0009 1710404643798 -3.25 -60.0 4.970097752749477 11
0000 0006 1710404643798 -13.0 -61.0 6.258641614573416 11
0000 0010 1710404643799 -55.3125 -57.5 5.381204603902829 11
0000 0000 1710404643799 -10.5625 -62.0 5.080544369477243 11
0000 0007 1710404643800 6.5 -59.0 4.025165587411922 11
0000 0008 1710404643800 -78.0625 -59.5 2.5280003384355365 11
0000 0012 1710404643800 -22.75 -66.0 1.9757672547967058 11
0000 0002 1710404643801 -22.75 -71.0 4.908738521234052 11
0000 0005 1710404643801 -128.5625 -69.0 5.559146375297564 11
0000 0003 1710404643802 22.75 -65.5 2.2886993355253766 11
0000 0001 1710404643802 6.6875 -77.5 6.227961998815704 11
0000 0011 1710404643803 -2.4375 -72.5 4.080388895775806 11
0000 0014 1710404643901 5.1875 -73.0 5.252350217720435 11
0000 0008 1710404643901 3.25 -56.0 1.9696313316451632 11
0000 0011 1710404643902 42.3125 -67.0 3.436116964863836 11
0000 0000 1710404643902 9.75 -63.5 5.190990986205009 11
0000 0009 1710404643902 -79.75 -61.0 4.859651136021712 11
0000 0005 1710404643903 -125.3125 -68.5 2.9206994201342606 11
0000 0010 1710404643903 -9.75 -54.5 5.264622064023521 11
0000 0007 1710404643904 52.0625 -67.0 1.2885438618239387 11
0000 0003 1710404643904 45.5625 -64.0 1.6137477888556946 11
0000 0004 1710404643905 -61.8125 -64.0 5.105088062083414 11
0000 0013 1710404643905 -42.3125 -68.5 2.6139032625571326 11
0000 0015 1710404643906 -143.1875 -72.0 4.933282213840222 11
0000 0002 1710404643906 -91.125 -73.0 5.086680292628786 11
0000 0014 1710404643906 48.8125 -69.5 3.2643111166206444 11
0000 0006 1710404644079 -5.6875 -71.5 5.102020100507643 11
0000 0001 1710404644079 -25.0 -76.5 0.5154175447295755 11
0000 0012 1710404644080 0.5625 -66.5 4.804427827657828 11
0000 0010 1710404644080 -48.8125 -56.5 5.289165756629691 11
0000 0005 1710404644081 83.0 -72.5 4.522175362686871 11
0000 0000 1710404644081 -52.0625 -64.0 4.921010367537137 11
0000 0009 1710404644082 -52.0625 -62.5 5.50392306693368 11
0000 0003 1710404644082 -13.0 -63.0 2.945243112740431 11
0000 0007 1710404644083 -16.25 -69.5 5.632777453116074 11
0000 0012 1710404644083 -13.0 -57.0 5.841398840268521 11
0000 0011 1710404644083 -16.25 -64.0 5.6941366846315 11
0000 0008 1710404644084 45.5625 -58.0 2.030990563160589 11
0000 0002 1710404644084 13.0 -73.0 5.111223985234957 11
0000 0006 1710404644086 -0.5625 -74.0 2.1537090261914402 11
0000 0001 1710404644086 21.9375 -77.5 0.34974761963792617 11
0000 0014 1710404644087 -14.0 -73.5 1.4480778637640452 11
0000 0015 1710404644239 -5.5625 -75.0 4.841243366567084 11
0000 0000 1710404644239 7.3125 -64.0 4.9823695990525625 11
0000 0010 1710404644240 -13.0 -57.0 5.405748296509 11
0000 0008 1710404644240 16.25 -56.5 2.1230294104337273 11
0000 0002 1710404644241 -61.8125 -73.0 5.117359908386499 11
0000 0009 1710404644241 -38.1875 -60.0 5.47937937432751 11
0000 0011 1710404644241 29.25 -65.0 5.50392306693368 11
0000 0013 1710404644242 -91.125 -70.5 3.074097498922825 11
0000 0003 1710404644242 42.3125 -63.0 2.675262494072558 11
0000 0007 1710404644243 -61.8125 -67.0 3.215223731408304 11
0000 0005 1710404644243 78.0625 -66.0 2.3316507975861747 11
0000 0012 1710404644244 107.375 -70.5 4.190835512503572 11
0000 0006 1710404644244 -34.9375 -73.0 5.703340569358814 11
0000 0014 1710404644244 9.125 -71.0 5.638913376267617 11
0000 0015 1710404644245 0.0 -73.0 1.423534171157875 11
0000 0001 1710404644245 -2.4375 -77.0 0.030679615757712823 11
0000 0004 1710404644401 -2.4375 -73.0 4.491495746929157 11
0000 0010 1710404644401 16.25 -59.0 0.006135923151542565 11
0000 0006 1710404644402 68.3125 -68.5 5.184855063053467 11
0000 0004 1710404644403 -117.125 -70.0 4.620350133111551 11
0000 0005 1710404644403 45.5625 -63.0 5.66959299202533 11
0000 0008 1710404644403 -13.0 -58.5 2.4175537217077703 11
0000 0015 1710404644404 -71.5625 -69.5 4.405592822807561 11
0000 0007 1710404644404 13.0 -58.5 1.3437671701878218 11
0000 0012 1710404644405 58.5625 -60.5 1.3621749396424494 11
0000 0009 1710404644405 -10.5625 -62.5 4.945554060143307 11
0000 0003 1710404644406 48.8125 -64.5 2.2764274892222915 11
0000 0013 1710404644406 -19.5 -63.0 4.331961744989051 11
0000 0002 1710404644407 -22.75 -74.0 4.681709364626977 11
0000 0000 1710404644407 -76.4375 -61.5 4.798291904506286 11
0000 0014 1710404644407 5.4375 -73.5 0.09203884727313846 11
0000 0001 1710404644539 -0.5625 -77.5 2.8532042654672924 11
0000 0011 1710404644539 0.25 -66.5 5.522330836388308 11
0000 0000 1710404644540 -69.125 -61.5 4.626486056263094 11
0000 0009 1710404644540 34.9375 -58.5 5.2339424482658075 11
0000 0015 1710404644541 52.0625 -68.5 0.4111068511533518 11
0000 0011 1710404644541 -48.8125 -66.0 5.019185137961818 11
0000 0002 1710404644542 -68.3125 -71.0 4.632621979414636 11
0000 0005 1710404644543 7.3125 -57.5 1.2087768608538851 11
0000 0003 1710404644543 139.9375 -69.0 0.8222137023067037 11
0000 0008 1710404644543 0.0 -56.0 1.748738098189631 11
0000 0010 1710404644544 -68.3125 -62.0 5.743224069843841 11
0000 0007 1710404644544 26.0 -56.0 2.1353012567368124 11
0000 0013 1710404644545 87.875 -70.0 3.54042765844006 11
0000 0001 1710404644545 9.75 -78.0 6.000932842208628 11
0000 0006 1710404644546 4.25 -67.5 5.227806525114265 11
0000 0012 1710404644546 4.0625 -70.5 1.9573594853420782 11
0000 0004 1710404644650 0.25 -77.5 0.7669903939428205 11
0000 0009 1710404644651 48.8125 -60.5 6.258641614573416 11
0000 0006 1710404644652 0.0 -60.0 5.258486140871978 11
0000 0013 1710404644652 -35.75 -67.5 0.04295146206079795 11
0000 0003 1710404644653 58.5625 -72.0 0.380427235395639 11
0000 0002 1710404644653 -55.3125 -71.5 4.6878452877785195 11
0000 0015 1710404644654 19.5 -58.5 5.516194913236766 11
0000 0010 1710404644654 143.1875 -67.0 3.1906800388021335 11
0000 0008 1710404644654 16.25 -52.5 1.8039614065535141 11
0000 0005 1710404644655 26.0 -65.5 3.834951969714103 11
0000 0000 1710404644660 -55.3125 -62.0 4.28287435977671 11
0000 0011 1710404644660 35.75 -66.5 0.4172427743048944 11
0000 0007 1710404644662 -29.25 -60.5 2.4911847995262812 11
0000 0012 1710404644662 61.8125 -62.0 6.1420590746941075 11
0000 0004 1710404644663 94.375 -72.5 3.8963112012295285 11
0000 0001 1710404644891 10.375 -77.0 5.878214379177777 11
0000 0006 1710404644892 -6.5 -61.0 5.338253141842031 11
0000 0009 1710404644892 -17.0625 -60.5 5.595961914206819 11
0000 0003 1710404644892 45.5625 -71.0 6.2463697682703305 11
0000 0000 1710404644893 41.5 -60.5 4.196971435655114 11
0000 0010 1710404644893 16.25 -63.5 3.8840393549264434 11
0000 0005 1710404644893 -191.1875 -70.0 2.5770877236478773 11
0000 0011 1710404644894 -58.5625 -65.5 1.7794177139473437 11
0000 0012 1710404644894 13.0 -60.0 1.141281706186917 11
0000 0008 1710404644895 22.75 -55.5 1.9082721001297376 11
0000 0015 1710404644895 65.0625 -63.5 0.9633399347921826 11
0000 0004 1710404644895 19.5 -66.5 6.14819499784565 11
0000 0002 1710404644896 29.25 -72.0 5.056000676871073 11
0000 0001 1710404644896 23.75 -77.0 5.945709533844745 11
0000 0007 1710404644896 -3.0 -72.5 0.8958447801252144 11
0000 0003 1710404644897 13.0 -68.0 0.4724660826687775 11
0000 0005 1710404644897 3.25 -62.0 4.129476280988146 11
0000 0000 1710404644897 -87.0625 -60.5 4.657165672020807 11
0000 0002 1710404644898 -260.375 -72.5 5.6941366846315 11
0000 0007 1710404644898 74.8125 -66.5 2.6323110320117604 11
0000 0008 1710404644898 -13.0 -56.0 1.8285050991596843 11
0000 0006 1710404644899 -3.25 -65.0 0.803805932852076 11
0000 0011 1710404644899 3.25 -69.0 0.7976700097005334 11
0000 0012 1710404644899 -3.25 -58.0 1.2333205534600555 11
0000 0009 1710404644900 6.5 -61.0 5.473243451175968 11
0000 0015 1710404644901 -32.5 -59.0 5.4671075280244255 11
0000 0004 1710404644901 0.0 -63.5 0.4295146206079795 11
0000 0010 1710404644901 -42.3125 -65.0 4.448544284868359 11
0000 0001 1710404645046 21.3125 -76.5 5.737088146692298 11
0000 0008 1710404645047 9.75 -56.5 2.1046216409791 11
0000 0015 1710404645047 39.0 -64.5 2.1353012567368124 11
0000 0012 1710404645047 27.625 -58.0 1.043106935762236 11
0000 0003 1710404645049 -61.8125 -66.5 1.1044661672776617 11
0000 0000 1710404645049 -35.75 -60.5 4.356505437595221 11
0000 0009 1710404645049 10.5625 -62.5 4.798291904506286 11
0000 0013 1710404645049 6.5 -59.0 5.301437602932776 11
0000 0004 1710404645049 29.25 -60.0 5.632777453116074 11
0000 0007 1710404645049 6.5 -59.0 2.945243112740431 11
0000 0006 1710404645051 16.25 -59.0 4.448544284868359 11
0000 0005 1710404645051 -42.3125 -63.0 0.09203884727313846 11
0000 0011 1710404645051 9.75 -62.5 5.773903685601553 11
0000 0010 1710404645051 19.5 -65.5 3.663146121470911 11
0000 0002 1710404645051 78.0625 -74.5 4.933282213840222 11
0000 0001 1710404645051 13.375 -77.0 5.773903685601553 11
0000 0014 1710404645149 -0.25 -73.0 0.3436116964863836 11
0000 0007 1710404645157 -35.75 -60.0 4.049709280018092 11
0000 0006 1710404645157 6.5 -57.5 2.270291566070749 11
0000 0008 1710404645158 -3.25 -59.5 1.8162332528565992 11
0000 0004 1710404645158 -35.75 -59.5 3.9269908169872414 11
0000 0000 1710404645159 45.5625 -61.5 4.657165672020807 11
0000 0012 1710404645159 19.5 -57.5 5.620505606812989 11
0000 0002 1710404645159 -113.875 -70.0 4.902602598082509 11
0000 0013 1710404645160 -48.8125 -65.0 4.859651136021712 11
0000 0005 1710404645160 -126.9375 -67.5 5.71868037723767 11
0000 0009 1710404645160 -17.0625 -59.0 4.424000592262189 11
0000 0003 1710404645161 6.5 -63.5 2.2518837966161214 11
0000 0010 1710404645161 -39.0 -59.5 5.64504929941916 11
0000 0011 1710404645162 -84.625 -69.5 4.503767593232243 11
0000 0014 1710404645162 -65.0625 -69.5 3.485204350076177 11
0000 0015 1710404645163 -120.4375 -69.5 5.221670601962723 11
