0000 0007 1710404495754 13.0 -59.0 5.853670686571607 11
0000 0015 1710404495755 -26.0 -65.5 6.270913460876501 11
0000 0002 1710404495755 113.875 -73.5 1.8653206380689396 11
0000 0006 1710404495756 6.5 -61.0 6.277049384028044 11
0000 0000 1710404495756 152.9375 -65.0 0.9326603190344698 11
0000 0005 1710404495757 62.625 -65.0 5.66959299202533 11
0000 0003 1710404495757 0.0 -64.0 4.276738436625168 11
0000 0000 1710404495757 30.875 -65.0 1.5155730184310134 11
0000 0006 1710404495758 13.0 -57.0 1.9819031779482483 11
0000 0012 1710404495758 0.0 -57.5 6.209554229361076 11
0000 0015 1710404495759 104.125 -69.0 2.662990647769473 11
0000 0008 1710404495759 -13.0 -58.5 5.037592907416445 11
0000 0001 1710404495759 -166.0 -72.0 0.14112623248547898 11
0000 0013 1710404495760 16.25 -65.0 2.2641556429192065 11
0000 0007 1710404495760 -9.75 -56.5 4.491495746929157 11
0000 0009 1710404495760 10.5625 -56.0 3.5833791205008576 11
0000 0002 1710404495761 65.0625 -72.5 1.748738098189631 11
0000 0014 1710404495761 29.25 -66.5 2.497320722677824 11
0000 0011 1710404495761 13.0 -65.0 4.06811704947272 11
0000 0004 1710404495762 13.0 -60.5 1.8775924843720249 11
0000 0010 1710404495876 4.875 -74.0 1.1044661672776617 11
0000 0008 1710404495876 16.25 -65.0 5.393476450205914 11
0000 0006 1710404495877 32.5 -62.5 5.767767762450011 11
0000 0004 1710404495877 -42.3125 -59.5 5.516194913236766 11
0000 0009 1710404495877 27.625 -58.5 2.313243028131547 11
0000 0002 1710404495877 -315.6875 -74.0 2.3316507975861747 11
0000 0007 1710404495878 9.75 -63.0 5.749359992995383 11
0000 0015 1710404495878 78.0625 -66.0 2.098485717827557 11
0000 0012 1710404495878 177.375 -64.0 0.859029241215959 11
0000 0010 1710404495879 -42.3125 -68.0 4.239922897715912 11
0000 0013 1710404495879 -48.8125 -62.5 2.012582793705961 11
0000 0011 1710404495879 113.875 -69.0 2.110757564130642 11
0000 0000 1710404495880 114.6875 -66.0 1.3437671701878218 11
0000 0003 1710404495880 22.75 -66.0 3.9269908169872414 11
0000 0001 1710404495881 113.875 -72.0 5.620505606812989 11
0000 0005 1710404496015 -10.9375 -78.5 6.160466844148735 11
0000 0014 1710404496016 1.1875 -73.5 0.8160777791551611 11
0000 0012 1710404496016 -21.125 -63.5 5.632777453116074 11
0000 0008 1710404496017 -22.75 -61.0 5.019185137961818 11
0000 0009 1710404496017 -13.8125 -58.5 2.423689644859313 11
0000 0011 1710404496017 -29.25 -64.0 2.736621725587984 11
0000 0010 1710404496017 61.8125 -65.0 1.5707963267948966 11
0000 0000 1710404496018 -32.5 -69.0 1.5707963267948966 11
0000 0003 1710404496018 -9.75 -66.0 4.196971435655114 11
0000 0005 1710404496018 -205.0625 -71.0 0.36815538909255385 11
0000 0007 1710404496019 -42.3125 -69.0 0.5645049299419159 11
0000 0001 1710404496019 -403.625 -72.5 0.04295146206079795 11
0000 0015 1710404496019 -22.75 -69.0 2.429825568010856 11
0000 0013 1710404496020 65.0625 -66.0 1.2455923997631406 11
0000 0002 1710404496020 -84.625 -74.0 1.7426021750380885 11
0000 0006 1710404496020 -8.125 -69.5 5.35972887287243 11
0000 0009 1710404496136 0.0 -57.0 2.7120780329818137 11
0000 0006 1710404496136 3.25 -68.0 5.491651220630596 11
0000 0002 1710404496136 260.375 -73.5 1.6137477888556946 11
0000 0008 1710404496137 -19.5 -60.5 5.4671075280244255 11
0000 0013 1710404496137 -117.125 -68.5 5.878214379177777 11
0000 0000 1710404496137 45.5625 -69.0 1.6751070203711202 11
0000 0012 1710404496138 -19.5 -64.5 4.25833066717054 11
0000 0011 1710404496138 22.75 -62.0 3.2213596545598464 11
0000 0007 1710404496138 -52.0625 -69.0 1.0921943209745766 11
0000 0005 1710404496139 -19.5 -67.5 0.4479223900626072 11
0000 0010 1710404496139 -52.0625 -69.5 1.552388557340269 11
0000 0003 1710404496140 3.25 -65.5 4.81056375080937 11
0000 0001 1710404496140 110.625 -72.5 5.9518454569962875 11
0000 0015 1710404496140 65.0625 -72.5 2.350058567040802 11
0000 0013 1710404496363 -29.25 -67.0 0.2454369260617026 11
0000 0003 1710404496364 -35.75 -66.5 4.743068596142402 11
0000 0009 1710404496364 30.875 -57.5 2.859340188618835 11
0000 0011 1710404496364 -13.0 -64.0 3.3502140407422405 11
0000 0006 1710404496365 -136.6875 -68.5 6.062292073724054 11
0000 0010 1710404496365 143.1875 -67.5 1.6014759425526093 11
0000 0001 1710404496365 -87.875 -71.0 0.018407769454627694 11
0000 0012 1710404496366 -41.5 -66.0 5.755495916146925 11
0000 0015 1710404496366 48.8125 -70.0 2.411417798556228 11
0000 0002 1710404496366 -6.5 -71.5 2.282563412373834 11
0000 0007 1710404496366 -19.5 -68.5 4.97623367590102 11
0000 0008 1710404496367 19.5 -61.0 5.491651220630596 11
0000 0000 1710404496367 -6.5 -67.5 2.2089323345553233 11
0000 0005 1710404496367 -94.375 -69.5 0.16566992509164924 11
0000 0014 1710404496368 -10.5625 -71.0 4.684777326202748 11
0000 0007 1710404496368 -19.5 -56.0 0.8099418560036186 11
0000 0009 1710404496369 21.125 -58.5 3.1231848841351653 11
0000 0012 1710404496369 -3.25 -54.0 3.2827188860752723 11
0000 0003 1710404496370 9.75 -66.0 4.6448938257177215 11
0000 0013 1710404496370 -3.25 -64.5 0.7669903939428205 11
0000 0011 1710404496370 123.6875 -69.0 3.522019888985432 11
0000 0008 1710404496371 -16.25 -63.0 0.4295146206079795 11
0000 0010 1710404496371 29.25 -64.5 4.405592822807561 11
0000 0015 1710404496371 71.5625 -68.5 2.2212041808584084 11
0000 0005 1710404496372 19.5 -66.5 3.8963112012295285 11
0000 0000 1710404496373 65.875 -64.5 1.9634954084936207 11
0000 0001 1710404496373 22.75 -72.0 0.0674951546669682 11
0000 0006 1710404496374 -146.4375 -71.0 5.117359908386499 11
0000 0002 1710404496374 13.0 -74.5 2.1537090261914402 11
0000 0014 1710404496490 4.0625 -70.0 5.375068680751287 11
0000 0005 1710404496491 -35.75 -59.0 0.7240389318820226 11
0000 0009 1710404496491 -7.3125 -56.0 4.25833066717054 11
0000 0013 1710404496491 -19.5 -66.5 1.3437671701878218 11
0000 0008 1710404496492 16.25 -59.5 0.25157284921324513 11
0000 0006 1710404496492 -166.0 -69.5 4.295146206079795 11
0000 0011 1710404496492 -68.3125 -61.5 5.098952138931871 11
0000 0010 1710404496493 6.5 -65.5 3.56497135104623 11
0000 0012 1710404496493 -59.375 -65.0 0.3865631585471816 11
0000 0001 1710404496493 -9.75 -72.0 0.37429131224409645 11
0000 0007 1710404496493 29.25 -55.0 4.319689898685965 11
0000 0015 1710404496494 -3.25 -69.5 4.0558452031696355 11
0000 0002 1710404496494 182.25 -73.0 2.1966604882522383 11
0000 0014 1710404496494 -19.5 -68.5 3.2949907323783574 11
0000 0000 1710404496495 -35.75 -63.5 2.356194490192345 11
0000 0003 1710404496495 120.4375 -67.5 4.368777283898306 11
0000 0004 1710404496626 6.0625 -75.5 4.675573441475434 11
0000 0006 1710404496626 0.0 -68.0 0.8467573949128739 11
0000 0000 1710404496626 16.25 -63.5 2.141437179888355 11
0000 0010 1710404496627 -9.75 -68.5 2.82252464970958 11
0000 0013 1710404496627 -22.75 -60.0 5.663457068873787 11
0000 0007 1710404496627 -13.0 -61.5 3.368621810196868 11
0000 0009 1710404496628 13.8125 -57.0 4.473087977474529 11
0000 0008 1710404496628 9.75 -57.5 0.030679615757712823 11
0000 0005 1710404496628 3.25 -59.5 3.184544115650591 11
0000 0002 1710404496629 100.875 -71.0 2.9391071895888885 11
0000 0011 1710404496629 -16.25 -66.0 4.04357335686655 11
0000 0012 1710404496629 7.3125 -63.0 5.896622148632405 11
0000 0001 1710404496629 22.75 -71.5 0.35588354278946877 11
0000 0003 1710404496630 -9.75 -69.0 3.773592738198677 11
0000 0015 1710404496630 61.8125 -63.5 3.2213596545598464 11
0000 0004 1710404496736 0.875 -79.0 2.3623304133438876 11
0000 0003 1710404496736 -61.8125 -71.0 3.890175278077986 11
0000 0015 1710404496736 3.25 -59.0 5.841398840268521 11
0000 0013 1710404496736 -32.5 -70.5 2.6016314162540475 11
0000 0009 1710404496737 10.5625 -59.5 4.92714629068868 11
0000 0008 1710404496737 -3.25 -56.0 0.9694758579437253 11
0000 0000 1710404496737 52.0625 -63.0 2.12916533358527 11
0000 0006 1710404496738 -22.75 -62.0 2.1046216409791 11
0000 0004 1710404496738 159.5 -71.5 3.153864499892878 11
0000 0005 1710404496738 -52.0625 -65.5 0.5522330836388308 11
0000 0007 1710404496739 -48.8125 -65.5 5.786175531904639 11
0000 0001 1710404496739 26.0 -72.5 0.5829126993965437 11
0000 0012 1710404496739 17.0625 -61.0 1.2762720155208536 11
0000 0011 1710404496740 -97.625 -70.0 5.565282298449106 11
0000 0010 1710404496740 65.0625 -65.5 3.1784081924990484 11
0000 0002 1710404496740 -6.5 -74.0 3.436116964863836 11
0000 0003 1710404496878 -29.25 -71.5 4.1172044346850605 11
0000 0015 1710404496878 13.0 -60.5 5.945709533844745 11
0000 0000 1710404496878 -9.75 -63.0 2.4850488763747385 11
0000 0010 1710404496879 0.0 -64.0 4.006757817957295 11
0000 0002 1710404496879 162.75 -73.0 3.442252888015379 11
0000 0004 1710404496879 -3.25 -62.5 5.111223985234957 11
0000 0008 1710404496879 0.0 -57.0 1.2455923997631406 11
0000 0006 1710404496880 -35.75 -65.0 3.9515345095934116 11
0000 0009 1710404496880 -3.25 -60.0 4.878058905476339 11
0000 0012 1710404496880 26.0 -60.0 1.3744467859455345 11
0000 0011 1710404496881 -22.75 -69.0 5.853670686571607 11
0000 0005 1710404496881 13.0 -66.0 1.0799224746714913 11
0000 0007 1710404496881 19.5 -68.5 5.166447293598839 11
0000 0001 1710404496882 61.8125 -70.5 0.760854470791278 11
0000 0005 1710404497097 9.75 -60.0 2.718213956133356 11
0000 0011 1710404497097 -117.125 -64.5 5.595961914206819 11
0000 0010 1710404497097 -13.0 -66.5 4.190835512503572 11
0000 0009 1710404497099 -45.5625 -61.5 5.111223985234957 11
0000 0003 1710404497099 -45.5625 -68.0 4.95168998329485 11
0000 0013 1710404497099 -13.0 -61.5 0.39269908169872414 11
0000 0015 1710404497099 -19.5 -60.5 4.301282129231338 11
0000 0012 1710404497099 22.75 -59.5 1.1596894756415448 11
0000 0004 1710404497099 13.0 -59.5 5.755495916146925 11
0000 0008 1710404497101 13.0 -56.0 1.184233168247715 11
0000 0006 1710404497101 -16.25 -60.0 1.239456476611598 11
0000 0000 1710404497101 59.375 -63.5 2.386874105950058 11
0000 0007 1710404497101 45.5625 -64.5 2.2764274892222915 11
0000 0001 1710404497101 -6.5 -72.0 0.6442719309119693 11
0000 0013 1710404497103 -13.0 -63.0 5.105088062083414 11
0000 0004 1710404497103 87.875 -65.0 2.705942109830271 11
0000 0003 1710404497103 -61.8125 -65.5 5.516194913236766 11
0000 0005 1710404497104 -121.25 -66.0 5.154175447295755 11
0000 0000 1710404497104 -10.5625 -63.0 2.650718801466388 11
0000 0012 1710404497104 -13.0 -55.0 1.6751070203711202 11
0000 0009 1710404497104 -27.625 -54.5 4.994641445355648 11
0000 0011 1710404497104 -42.3125 -59.0 5.5284667595398505 11
0000 0008 1710404497104 -19.5 -59.5 0.6381360077604268 11
0000 0007 1710404497105 16.25 -58.5 3.466796580621549 11
0000 0015 1710404497106 -110.625 -67.5 5.835262917116979 11
0000 0006 1710404497106 22.75 -60.5 2.2089323345553233 11
0000 0001 1710404497106 -16.25 -70.0 0.607456392002714 11
0000 0002 1710404497107 19.5 -72.0 3.2397674240144743 11
0000 0010 1710404497124 40.6875 -71.0 1.8100973297050567 11
0000 0014 1710404497125 -6.0625 -71.5 6.160466844148735 11
0000 0012 1710404497329 22.75 -61.0 1.6505633277649499 11
0000 0001 1710404497330 -32.5 -72.5 0.662679700366597 11
0000 0007 1710404497330 -19.5 -61.0 5.9088939949354895 11
0000 0004 1710404497330 -13.0 -59.0 5.4671075280244255 11
0000 0003 1710404497331 42.3125 -67.0 5.399612373357457 11
0000 0000 1710404497331 19.5 -63.0 2.816388726558037 11
0000 0006 1710404497331 -26.0 -62.5 6.258641614573416 11
0000 0010 1710404497332 -35.75 -65.5 4.28287435977671 11
0000 0009 1710404497332 27.625 -58.0 3.77972866135022 11
0000 0008 1710404497332 3.25 -64.0 0.7301748550335652 11
0000 0011 1710404497332 -39.0 -68.0 4.693981210930062 11
0000 0015 1710404497333 32.5 -67.0 3.5281558121369745 11
0000 0013 1710404497333 74.8125 -68.0 3.9576704327449543 11
0000 0002 1710404497333 136.6875 -76.0 2.429825568010856 11
0000 0005 1710404497334 30.875 -75.0 5.921165841238575 11
0000 0014 1710404497334 5.3125 -72.5 2.3930100291016 11
0000 0013 1710404497375 -29.25 -65.0 4.01902966426038 11
0000 0006 1710404497376 13.0 -70.0 2.7857091108003242 11
0000 0000 1710404497377 -35.75 -67.0 2.859340188618835 11
0000 0015 1710404497377 6.5 -67.5 3.6017868899554855 11
0000 0005 1710404497377 48.8125 -71.5 1.0799224746714913 11
0000 0014 1710404497377 0.0 -69.0 2.945243112740431 11
0000 0008 1710404497377 0.0 -59.0 0.3865631585471816 11
0000 0009 1710404497378 24.375 -59.0 3.650874275167826 11
0000 0001 1710404497378 -299.4375 -73.0 1.1044661672776617 11
0000 0010 1710404497378 9.75 -59.5 3.5833791205008576 11
0000 0012 1710404497379 117.9375 -68.5 0.21475731030398976 11
0000 0002 1710404497379 35.75 -72.5 2.7550294950426117 11
0000 0007 1710404497380 39.0 -63.0 1.607611865704152 11
0000 0011 1710404497380 9.75 -67.0 3.3195344249845276 11
0000 0003 1710404497380 -35.75 -68.0 5.896622148632405 11
0000 0000 1710404497599 24.375 -68.5 2.7120780329818137 11
0000 0008 1710404497599 -6.5 -59.5 0.6381360077604268 11
0000 0009 1710404497599 21.125 -57.5 4.147884050442774 11
0000 0015 1710404497599 -39.0 -68.0 3.7981364308048478 11
0000 0001 1710404497600 -13.0 -72.5 0.7915340865489908 11
0000 0007 1710404497600 -32.5 -62.0 2.380738182798515 11
0000 0012 1710404497600 -16.25 -60.0 5.546874528994478 11
0000 0003 1710404497601 -81.375 -67.0 0.06135923151542565 11
0000 0011 1710404497601 120.4375 -63.5 4.6448938257177215 11
0000 0002 1710404497601 68.3125 -70.0 3.08636934522591 11
0000 0013 1710404497602 -29.25 -71.0 1.7916895602504288 11
0000 0010 1710404497602 22.75 -66.0 2.7120780329818137 11
0000 0005 1710404497602 -59.375 -69.5 1.2762720155208536 11
0000 0006 1710404497602 136.6875 -71.5 3.2704470397721868 11
0000 0002 1710404497603 68.3125 -69.5 3.147728576741336 11
0000 0011 1710404497603 13.0 -63.0 4.7860200582032 11
0000 0009 1710404497603 -27.625 -56.5 4.558990901596125 11
0000 0013 1710404497604 -19.5 -65.0 1.1965050145508 11
0000 0007 1710404497604 117.125 -65.0 5.6143696836614465 11
0000 0008 1710404497604 16.25 -59.0 0.8958447801252144 11
0000 0010 1710404497605 9.75 -64.0 2.1659808724945253 11
0000 0012 1710404497605 201.8125 -68.0 4.6878452877785195 11
0000 0005 1710404497605 -48.8125 -68.5 0.8160777791551611 11
0000 0006 1710404497606 -6.5 -70.5 3.6324665057131984 11
0000 0000 1710404497606 -17.0625 -67.5 3.141592653589793 11
0000 0003 1710404497607 6.5 -68.0 0.05522330836388308 11
0000 0015 1710404497607 71.5625 -68.0 3.3318062712876126 11
0000 0001 1710404497625 19.5 -74.5 3.6447383520162835 11
0000 0004 1710404497743 3.5625 -72.5 1.533980787885641 11
0000 0012 1710404497743 7.3125 -58.0 3.2827188860752723 11
0000 0007 1710404497743 -39.0 -57.0 0.16566992509164924 11
0000 0011 1710404497744 -55.3125 -71.0 4.884194828627882 11
0000 0004 1710404497744 32.5 -71.0 4.313553975534423 11
0000 0009 1710404497744 7.3125 -58.0 3.785864584501762 11
0000 0013 1710404497745 -42.3125 -62.5 2.4727770300716534 11
0000 0002 1710404497745 -234.3125 -74.0 3.6999616603801666 11
0000 0006 1710404497745 -48.8125 -69.0 0.1349903093339364 11
0000 0008 1710404497745 13.0 -61.0 1.521708941582556 11
0000 0003 1710404497746 39.0 -66.0 0.0 11
0000 0010 1710404497747 13.0 -59.5 3.454524734318464 11
0000 0000 1710404497747 52.0625 -65.0 3.031146036862027 11
0000 0005 1710404497747 26.0 -63.0 4.037437433715008 11
0000 0015 1710404497748 3.25 -68.0 3.3195344249845276 11
0000 0001 1710404497748 38.25 -74.0 4.009825779533066 11
0000 0014 1710404497859 1.1875 -73.0 5.737088146692298 11
0000 0012 1710404497859 6.5 -67.0 5.577554144752192 11
0000 0009 1710404497859 -19.5 -56.0 4.779884135051658 11
0000 0007 1710404497860 -3.25 -55.0 4.362641360746763 11
0000 0000 1710404497860 -13.8125 -64.0 3.104777114680538 11
0000 0011 1710404497860 -45.5625 -64.0 4.853515212870168 11
0000 0003 1710404497861 -19.5 -68.0 5.546874528994478 11
0000 0002 1710404497861 -19.5 -73.5 4.2031073588066565 11
0000 0008 1710404497861 -6.5 -58.5 1.1965050145508 11
0000 0006 1710404497862 -3.25 -62.0 0.7976700097005334 11
0000 0015 1710404497862 -3.25 -68.5 4.123340357836604 11
0000 0005 1710404497862 -16.25 -56.5 1.3867186322486196 11
0000 0013 1710404497862 -39.0 -67.5 4.270602513473625 11
0000 0014 1710404497863 9.75 -67.5 3.117048960983623 11
0000 0004 1710404497863 9.75 -65.5 4.227651051412827 11
0000 0010 1710404497863 -6.5 -64.0 3.6017868899554855 11
0000 0001 1710404497864 -35.75 -73.0 1.2087768608538851 11
0000 0011 1710404498103 -22.75 -63.5 4.184699589352029 11
0000 0000 1710404498103 45.5625 -64.0 3.0250101137104846 11
0000 0012 1710404498103 -45.5625 -67.0 5.93343768754166 11
0000 0005 1710404498104 -22.75 -58.0 4.534447208989955 11
0000 0008 1710404498104 -3.25 -55.0 1.0492428589137786 11
0000 0003 1710404498104 -13.0 -70.5 5.037592907416445 11
0000 0013 1710404498105 -13.0 -63.5 6.025476534814799 11
0000 0006 1710404498105 45.5625 -62.0 2.834796496012665 11
0000 0007 1710404498105 -16.25 -60.0 3.2581751934691017 11
0000 0009 1710404498106 -27.625 -56.5 4.878058905476339 11
0000 0002 1710404498106 74.8125 -69.0 4.552854978444583 11
0000 0015 1710404498106 6.5 -65.0 2.2334760271614935 11
0000 0001 1710404498107 -104.125 -73.5 1.607611865704152 11
0000 0010 1710404498107 -5.4375 -72.5 4.663301595172349 11
0000 0004 1710404498107 2.4375 -68.0 1.3008157081270237 11
0000 0002 1710404498108 -169.25 -67.5 4.914874444385594 11
0000 0012 1710404498108 22.75 -60.0 2.270291566070749 11
0000 0008 1710404498108 3.25 -55.5 1.1658253987930873 11
0000 0003 1710404498109 -260.375 -72.5 5.2339424482658075 11
0000 0010 1710404498109 -32.5 -63.5 1.3744467859455345 11
0000 0005 1710404498109 30.875 -66.0 1.1965050145508 11
0000 0011 1710404498109 3.25 -65.0 5.148039524144211 11
0000 0001 1710404498110 -276.625 -72.5 1.607611865704152 11
0000 0009 1710404498111 13.0 -58.5 4.534447208989955 11
0000 0006 1710404498112 -6.5 -67.5 2.1537090261914402 11
0000 0015 1710404498112 -32.5 -59.0 0.11658253987930872 11
0000 0007 1710404498112 58.5625 -68.0 5.160311370447297 11
0000 0004 1710404498113 -32.5 -63.5 4.700117134081604 11
0000 0000 1710404498113 13.8125 -63.0 2.564815877344792 11
0000 0005 1710404498348 58.5625 -66.0 1.6321555583103222 11
0000 0011 1710404498349 3.25 -67.5 5.6941366846315 11
0000 0008 1710404498349 0.0 -56.5 1.0615147052168636 11
0000 0000 1710404498349 58.5625 -63.0 2.6016314162540475 11
0000 0004 1710404498349 22.75 -58.5 0.2638446955163303 11
0000 0009 1710404498350 13.8125 -57.5 4.448544284868359 11
0000 0007 1710404498350 74.8125 -70.5 4.798291904506286 11
0000 0015 1710404498350 6.5 -61.0 0.4540583132141498 11
0000 0002 1710404498351 -55.3125 -69.5 4.76147636559703 11
0000 0001 1710404498351 52.0625 -73.0 1.0983302441261191 11
0000 0010 1710404498351 42.3125 -62.0 2.2580197197676637 11
0000 0012 1710404498352 -24.375 -60.0 2.399145952253143 11
0000 0003 1710404498352 42.3125 -70.5 4.816699673960914 11
0000 0006 1710404498352 21.9375 -73.5 6.05308818899674 11
0000 0013 1710404498352 -4.1875 -72.5 4.859651136021712 11
0000 0007 1710404498353 39.0 -60.5 2.552544031041707 11
0000 0004 1710404498353 -13.0 -57.5 0.8283496254582462 11
0000 0010 1710404498353 16.25 -64.5 2.2150682577068657 11
0000 0008 1710404498354 -29.25 -55.5 1.2455923997631406 11
0000 0013 1710404498354 -13.0 -68.5 0.6565437772150544 11
0000 0005 1710404498354 -13.0 -59.0 3.3870295796514958 11
0000 0015 1710404498355 -6.5 -59.5 5.246214294568893 11
0000 0009 1710404498355 -27.625 -59.0 4.878058905476339 11
0000 0012 1710404498355 -9.75 -60.5 2.337786720737717 11
0000 0002 1710404498356 -13.0 -70.5 4.190835512503572 11
0000 0001 1710404498356 26.0 -73.0 0.9817477042468103 11
0000 0000 1710404498356 -17.0625 -63.0 2.6016314162540475 11
0000 0011 1710404498356 0.0 -64.5 4.669437518323892 11
0000 0006 1710404498357 0.0 -61.5 1.8162332528565992 11
0000 0003 1710404498357 -175.75 -69.0 5.546874528994478 11
0000 0012 1710404498580 16.25 -56.0 2.116893487282185 11
0000 0006 1710404498581 0.0 -57.0 4.301282129231338 11
0000 0013 1710404498581 9.75 -63.0 4.724660826687775 11
0000 0011 1710404498581 -9.75 -56.0 5.522330836388308 11
0000 0010 1710404498581 42.3125 -69.0 0.9019807032767571 11
0000 0007 1710404498582 -39.0 -57.5 2.313243028131547 11
0000 0008 1710404498582 -32.5 -57.5 0.9510680884890975 11
0000 0004 1710404498582 9.75 -65.5 5.264622064023521 11
0000 0005 1710404498583 -26.0 -65.0 4.822835597112456 11
0000 0009 1710404498583 -13.8125 -56.0 4.71238898038469 11
0000 0000 1710404498583 -13.8125 -63.5 2.705942109830271 11
0000 0015 1710404498584 -143.1875 -68.0 0.4970097752749477 11
0000 0003 1710404498584 -29.25 -65.5 5.8045833013592665 11
0000 0002 1710404498584 146.4375 -71.5 3.436116964863836 11
0000 0001 1710404498585 -182.25 -72.5 0.9572040116406401 11
0000 0004 1710404498585 -6.5 -58.5 6.178874613603362 11
0000 0012 1710404498585 -3.25 -51.0 0.9572040116406401 11
0000 0009 1710404498586 3.25 -59.5 3.706097583531709 11
0000 0006 1710404498586 -6.5 -61.0 1.325359400733194 11
0000 0007 1710404498586 -6.5 -63.0 3.3318062712876126 11
0000 0008 1710404498586 13.0 -60.0 1.5033011721279284 11
0000 0000 1710404498587 -13.8125 -63.0 2.7979809571034093 11
0000 0011 1710404498587 -65.0625 -65.5 4.81056375080937 11
0000 0003 1710404498587 -68.3125 -65.0 5.884350302329319 11
0000 0010 1710404498588 -42.3125 -66.0 3.147728576741336 11
0000 0001 1710404498588 240.875 -72.5 0.44178646691106466 11
0000 0015 1710404498588 42.3125 -67.5 3.9208548938356986 11
0000 0002 1710404498589 -166.0 -74.0 3.3624858870453256 11
0000 0013 1710404498708 4.5625 -71.5 5.424156065963627 11
0000 0006 1710404498709 -39.0 -70.0 0.7363107781851077 11
0000 0003 1710404498709 -52.0625 -66.5 5.964117303299373 11
0000 0009 1710404498709 13.8125 -59.5 3.5158839658338894 11
0000 0013 1710404498709 162.75 -69.5 2.3930100291016 11
0000 0010 1710404498710 0.0 -62.0 2.5586799541932495 11
0000 0008 1710404498710 -9.75 -60.0 0.4908738521234052 11
0000 0004 1710404498710 48.8125 -66.5 3.9944859716542096 11
0000 0011 1710404498711 74.8125 -63.5 2.816388726558037 11
0000 0012 1710404498711 -13.0 -63.0 3.6754179677739964 11
0000 0007 1710404498711 -42.3125 -68.5 5.411884219660542 11
0000 0015 1710404498711 78.0625 -66.5 3.368621810196868 11
0000 0000 1710404498712 -65.875 -66.5 2.7979809571034093 11
0000 0002 1710404498712 -81.375 -74.5 2.8654761117703775 11
0000 0001 1710404498712 -32.5 -73.5 0.8467573949128739 11
0000 0005 1710404498713 -227.8125 -72.5 1.6260196351587797 11
0000 0014 1710404498875 48.0 -68.5 3.399301425954581 11
0000 0012 1710404498876 3.25 -63.0 4.601942363656923 11
0000 0002 1710404498876 45.5625 -72.5 2.9268353432858034 11
0000 0000 1710404498876 34.9375 -68.0 2.325514874434632 11
0000 0003 1710404498877 -58.5625 -66.0 0.1718058482431918 11
0000 0005 1710404498877 -74.8125 -67.5 1.6198837120072371 11
0000 0007 1710404498878 -61.8125 -70.0 1.748738098189631 11
0000 0011 1710404498878 6.5 -60.5 4.2092432819582 11
0000 0008 1710404498878 3.25 -60.5 0.4908738521234052 11
0000 0009 1710404498879 21.125 -58.0 3.479068426924634 11
0000 0010 1710404498879 -9.75 -66.0 1.41126232485479 11
0000 0006 1710404498879 -45.5625 -72.5 2.350058567040802 11
0000 0015 1710404498880 48.8125 -69.5 3.184544115650591 11
0000 0001 1710404498880 143.1875 -74.5 0.9019807032767571 11
0000 0013 1710404498880 -9.75 -72.0 3.6079228131070282 11
0000 0012 1710404499069 45.5625 -65.5 4.601942363656923 11
0000 0007 1710404499069 78.0625 -70.0 1.2701360923693108 11
0000 0001 1710404499070 -231.0625 -73.5 1.0062913968529805 11
0000 0003 1710404499070 -3.25 -66.0 0.1902136176978195 11
0000 0002 1710404499070 91.125 -70.5 2.8777479580734626 11
0000 0015 1710404499071 78.0625 -69.5 3.2704470397721868 11
0000 0005 1710404499071 3.25 -66.5 2.055534255766759 11
0000 0008 1710404499071 3.25 -59.5 0.36815538909255385 11
0000 0009 1710404499072 -7.3125 -57.5 3.5956509668039427 11
0000 0011 1710404499072 9.75 -60.5 4.172427743048944 11
0000 0000 1710404499072 -130.1875 -68.0 2.8716120349219203 11
0000 0010 1710404499073 -19.5 -65.0 1.6812429435226628 11
0000 0013 1710404499073 -42.3125 -68.0 0.47860200582032003 11
0000 0006 1710404499073 4.5625 -75.0 2.5770877236478773 11
0000 0014 1710404499074 -42.3125 -69.0 1.5401167110371838 11
0000 0012 1710404499074 13.0 -59.0 3.6692820446224537 11
0000 0011 1710404499074 39.0 -61.5 3.8533597391687304 11
0000 0003 1710404499074 -42.3125 -69.0 6.209554229361076 11
0000 0013 1710404499075 19.5 -65.0 2.3439226438892597 11
0000 0000 1710404499075 -48.8125 -65.5 2.7857091108003242 11
0000 0007 1710404499075 -22.75 -59.5 1.9757672547967058 11
0000 0009 1710404499076 9.75 -57.0 3.3195344249845276 11
0000 0002 1710404499076 84.625 -71.0 2.834796496012665 11
0000 0008 1710404499076 6.5 -62.5 0.39269908169872414 11
0000 0005 1710404499077 30.875 -68.0 1.0185632431560658 11
0000 0010 1710404499077 13.0 -61.5 2.435961491162398 11
0000 0015 1710404499078 39.0 -66.5 3.160000423044421 11
0000 0001 1710404499078 221.3125 -72.5 0.5829126993965437 11
0000 0006 1710404499078 -237.5625 -72.0 4.92714629068868 11
0000 0009 1710404499214 3.25 -61.0 4.466952054322987 11
0000 0015 1710404499215 201.8125 -67.5 2.804116880254952 11
0000 0008 1710404499216 -9.75 -59.5 1.2885438618239387 11
0000 0003 1710404499216 -29.25 -67.0 5.663457068873787 11
0000 0007 1710404499216 -32.5 -58.5 0.44178646691106466 11
0000 0000 1710404499216 -34.9375 -64.5 2.761165418194154 11
0000 0005 1710404499217 -3.25 -58.5 1.3130875544301088 11
0000 0001 1710404499217 -19.5 -71.0 1.0983302441261191 11
0000 0012 1710404499217 -32.5 -60.5 5.9518454569962875 11
0000 0010 1710404499218 -110.625 -71.0 3.6815538909255388 11
0000 0004 1710404499218 156.1875 -67.0 2.6691265709210157 11
0000 0011 1710404499218 39.0 -60.0 5.338253141842031 11
0000 0014 1710404499219 120.4375 -68.5 2.8286605728611223 11
0000 0013 1710404499219 -3.25 -66.0 4.417864669110647 11
0000 0006 1710404499219 94.375 -67.0 3.80427235395639 11
0000 0002 1710404499219 -15.8125 -77.5 5.822991070813893 11
0000 0003 1710404499376 -84.625 -69.0 5.209398755659637 11
0000 0012 1710404499377 39.0 -65.0 4.430136515413731 11
0000 0000 1710404499377 -21.125 -63.5 2.6998061866787286 11
0000 0006 1710404499377 29.25 -70.0 5.289165756629691 11
0000 0009 1710404499377 21.125 -57.5 4.540583132141498 11
0000 0013 1710404499378 -84.625 -70.5 1.6505633277649499 11
0000 0005 1710404499378 19.5 -56.0 5.332117218690489 11
0000 0011 1710404499378 32.5 -62.5 5.240078371417351 11
0000 0015 1710404499379 0.0 -68.0 4.049709280018092 11
0000 0007 1710404499379 6.5 -61.0 4.706253057233147 11
0000 0008 1710404499379 -16.25 -59.5 0.9572040116406401 11
0000 0001 1710404499379 -19.5 -71.5 0.8344855486097889 11
0000 0002 1710404499380 136.6875 -73.0 3.184544115650591 11
0000 0014 1710404499380 9.75 -66.5 3.32567034813607 11
0000 0010 1710404499380 5.625 -76.0 6.086835766330224 11
0000 0004 1710404499454 2.4375 -73.5 6.14819499784565 11
0000 0004 1710404499454 52.0625 -67.5 3.773592738198677 11
0000 0006 1710404499455 16.25 -66.5 1.0492428589137786 11
0000 0011 1710404499455 74.8125 -65.5 3.77972866135022 11
0000 0012 1710404499455 16.25 -62.5 4.828971520263998 11
0000 0000 1710404499456 7.3125 -63.5 2.3009711818284617 11
0000 0009 1710404499456 -17.0625 -61.0 4.4976316700806995 11
0000 0008 1710404499456 0.0 -58.5 1.1351457830353744 11
0000 0010 1710404499457 42.3125 -66.0 2.5586799541932495 11
0000 0001 1710404499457 149.6875 -69.5 0.619728238305799 11
0000 0013 1710404499457 -26.0 -63.0 5.47937937432751 11
0000 0007 1710404499458 -120.4375 -67.5 5.240078371417351 11
0000 0015 1710404499458 55.3125 -65.0 2.5341362615870793 11
0000 0005 1710404499458 29.25 -64.0 0.6933593161243098 11
0000 0003 1710404499458 159.5 -70.0 3.56497135104623 11
0000 0002 1710404499459 -100.875 -73.0 3.6201946594101133 11
0000 0001 1710404499630 -13.0 -69.5 1.0062913968529805 11
0000 0000 1710404499630 3.25 -63.0 2.411417798556228 11
0000 0006 1710404499631 16.25 -62.5 5.896622148632405 11
0000 0008 1710404499631 -32.5 -61.0 0.7363107781851077 11
0000 0011 1710404499631 -84.625 -70.0 4.1601558967458585 11
0000 0015 1710404499631 -22.75 -60.0 4.460816131171445 11
0000 0013 1710404499632 -71.5625 -68.0 5.890486225480862 11
0000 0003 1710404499632 -107.375 -70.5 3.8533597391687304 11
0000 0004 1710404499632 -65.0625 -61.0 5.43029198911517 11
0000 0005 1710404499633 -6.5 -64.0 0.8099418560036186 11
0000 0010 1710404499633 -16.25 -65.5 2.9022916506796332 11
0000 0012 1710404499633 -3.25 -64.0 0.6381360077604268 11
0000 0009 1710404499634 -10.5625 -60.0 4.006757817957295 11
0000 0002 1710404499634 -45.5625 -72.5 3.9453985864418692 11
0000 0012 1710404499812 3.25 -62.5 0.7853981633974483 11
0000 0006 1710404499812 58.5625 -63.5 5.184855063053467 11
0000 0015 1710404499812 16.25 -61.5 3.822680123411018 11
0000 0009 1710404499813 139.9375 -60.5 3.9085830475326135 11
0000 0000 1710404499813 -13.8125 -63.0 2.478912953223196 11
0000 0003 1710404499813 -9.75 -68.0 4.516039439535327 11
0000 0008 1710404499814 3.25 -60.0 0.9940195505498954 11
0000 0004 1710404499814 -42.3125 -59.5 0.35588354278946877 11
0000 0010 1710404499814 -78.0625 -66.0 3.9576704327449543 11
0000 0013 1710404499814 -87.875 -63.0 5.534602682691394 11
0000 0011 1710404499815 -68.3125 -69.0 4.411728745959104 11
0000 0005 1710404499815 6.5 -62.0 3.067961575771282 11
0000 0007 1710404499815 -39.0 -64.0 1.6935147898257479 11
0000 0001 1710404499816 -87.875 -70.5 1.2026409377023426 11
0000 0002 1710404499816 162.75 -73.0 3.411573272257666 11
0000 0008 1710404499816 13.0 -58.0 0.9142525495798421 11
0000 0011 1710404499817 -6.5 -58.0 4.7860200582032 11
0000 0009 1710404499817 -48.8125 -60.5 4.595806440505381 11
0000 0010 1710404499817 -45.5625 -68.0 2.5893595699509624 11
0000 0015 1710404499817 -19.5 -66.0 0.5583690067903734 11
0000 0004 1710404499818 3.25 -60.0 6.043884304269426 11
0000 0001 1710404499818 126.9375 -70.0 0.6320000846088841 11
0000 0012 1710404499818 27.625 -62.5 0.662679700366597 11
0000 0000 1710404499819 16.25 -64.5 2.405281875404685 11
0000 0006 1710404499820 -3.25 -58.5 0.2638446955163303 11
0000 0005 1710404499820 -35.75 -58.0 4.454680208019902 11
0000 0007 1710404499820 -19.5 -60.5 0.01227184630308513 11
0000 0013 1710404499820 52.0625 -65.5 4.454680208019902 11
0000 0003 1710404499821 -48.8125 -66.5 5.405748296509 11
0000 0002 1710404499821 104.125 -74.0 2.60776733940559 11
0000 0013 1710404499932 42.3125 -70.5 3.816544200259475 11
0000 0004 1710404499932 -19.5 -60.0 1.4419419406125027 11
0000 0007 1710404499932 42.3125 -62.5 5.595961914206819 11
0000 0006 1710404499932 -52.0625 -66.5 5.626641529964532 11
0000 0008 1710404499933 22.75 -61.0 1.239456476611598 11
0000 0012 1710404499933 41.5 -56.0 1.1351457830353744 11
0000 0002 1710404499933 97.625 -71.0 3.098641191528995 11
0000 0011 1710404499934 -175.75 -71.0 4.773748211900116 11
0000 0010 1710404499934 -55.3125 -64.0 4.589670517353839 11
0000 0001 1710404499934 61.8125 -72.5 0.7301748550335652 11
0000 0009 1710404499935 -13.8125 -59.5 4.190835512503572 11
0000 0015 1710404499935 13.0 -67.0 4.546719055293041 11
0000 0000 1710404499935 59.375 -63.0 2.7857091108003242 11
0000 0005 1710404499935 -76.4375 -71.0 1.5585244804918115 11
0000 0014 1710404499936 -39.0 -67.5 3.2459033471660166 11
0000 0003 1710404499936 -91.125 -66.5 5.700272607783043 11
0000 0010 1710404500066 -3.25 -64.5 4.0128937411088375 11
0000 0006 1710404500066 29.25 -63.0 3.117048960983623 11
0000 0015 1710404500066 29.25 -65.0 4.000621894805752 11
0000 0012 1710404500067 22.75 -62.0 1.4358060174609601 11
0000 0014 1710404500067 29.25 -70.0 5.240078371417351 11
0000 0004 1710404500067 22.75 -61.0 4.374913207049849 11
0000 0009 1710404500068 22.75 -58.5 3.792000507653305 11
0000 0008 1710404500068 -16.25 -62.0 0.7301748550335652 11
0000 0011 1710404500068 35.75 -68.0 2.816388726558037 11
0000 0003 1710404500068 -3.25 -66.0 5.786175531904639 11
0000 0000 1710404500069 -55.3125 -64.5 3.098641191528995 11
0000 0007 1710404500069 110.625 -67.5 2.6323110320117604 11
0000 0001 1710404500069 -133.4375 -72.5 1.239456476611598 11
0000 0002 1710404500070 -208.3125 -73.0 3.1784081924990484 11
0000 0005 1710404500070 -173.3125 -74.0 1.2578642460662257 11
0000 0013 1710404500070 -24.375 -71.0 4.123340357836604 11
0000 0005 1710404500303 48.8125 -71.5 1.5155730184310134 11
0000 0008 1710404500303 26.0 -62.0 0.8713010875190442 11
0000 0009 1710404500303 13.8125 -58.0 3.9760782021995817 11
0000 0001 1710404500303 6.5 -73.5 1.380582709097077 11
0000 0002 1710404500304 136.6875 -71.5 3.098641191528995 11
0000 0000 1710404500304 55.3125 -67.0 2.9391071895888885 11
0000 0010 1710404500304 71.5625 -60.5 2.9084275738311756 11
0000 0011 1710404500305 16.25 -64.0 3.522019888985432 11
0000 0003 1710404500305 0.0 -66.5 0.25157284921324513 11
0000 0015 1710404500305 -74.8125 -67.0 4.509903516383785 11
0000 0013 1710404500307 149.6875 -71.5 2.662990647769473 11
0000 0006 1710404500307 159.5 -70.0 1.4971652489763858 11
0000 0012 1710404500307 5.6875 -71.0 0.7393787397608791 11
0000 0003 1710404500308 58.5625 -65.5 0.5645049299419159 11
0000 0015 1710404500308 -29.25 -67.0 4.454680208019902 11
0000 0012 1710404500308 6.5 -65.0 4.822835597112456 11
0000 0009 1710404500309 0.0 -57.0 4.319689898685965 11
0000 0010 1710404500309 39.0 -64.0 2.773437264497239 11
0000 0005 1710404500309 145.625 -72.0 1.6505633277649499 11
0000 0008 1710404500310 -19.5 -61.0 1.2885438618239387 11
0000 0011 1710404500310 -19.5 -62.0 4.779884135051658 11
0000 0001 1710404500310 166.0 -72.5 1.3314953238847365 11
0000 0013 1710404500310 48.8125 -73.0 2.030990563160589 11
0000 0000 1710404500311 -52.0625 -66.5 3.4177091954092087 11
0000 0002 1710404500311 52.0625 -70.5 3.399301425954581 11
0000 0006 1710404500427 1.0625 -71.5 0.8897088569736719 11
0000 0006 1710404500427 -39.0 -69.0 1.1596894756415448 11
0000 0003 1710404500428 -58.5625 -67.0 0.5951845456996288 11
0000 0009 1710404500428 27.625 -57.0 4.227651051412827 11
0000 0010 1710404500428 19.5 -63.0 2.9391071895888885 11
0000 0008 1710404500429 -16.25 -60.5 1.227184630308513 11
0000 0001 1710404500429 26.0 -72.5 1.7303303287350031 11
0000 0000 1710404500429 3.25 -64.5 3.479068426924634 11
0000 0007 1710404500429 32.5 -66.5 5.154175447295755 11
0000 0005 1710404500430 -9.75 -68.0 2.0493983326152168 11
0000 0013 1710404500430 13.0 -67.5 4.1172044346850605 11
0000 0011 1710404500430 -42.3125 -63.5 4.583534594202296 11
0000 0015 1710404500431 29.25 -65.0 4.172427743048944 11
0000 0012 1710404500431 -13.0 -60.5 4.1417481272912315 11
0000 0014 1710404500431 -94.375 -69.5 1.141281706186917 11
0000 0002 1710404500432 -81.375 -72.0 3.9576704327449543 11
0000 0004 1710404500549 -7.875 -72.5 0.8713010875190442 11
0000 0002 1710404500549 250.625 -72.5 3.172272269347506 11
0000 0000 1710404500550 -38.1875 -63.5 3.479068426924634 11
0000 0011 1710404500550 -19.5 -66.5 5.074408446325701 11
0000 0013 1710404500550 -6.5 -71.0 3.8840393549264434 11
0000 0005 1710404500550 13.0 -62.5 3.767456815047135 11
0000 0012 1710404500551 -9.75 -60.5 1.1965050145508 11
0000 0010 1710404500551 58.5625 -64.0 4.816699673960914 11
0000 0007 1710404500551 13.0 -66.0 4.76147636559703 11
0000 0009 1710404500552 3.25 -60.5 4.933282213840222 11
0000 0008 1710404500552 13.0 -58.0 2.0923497946760143 11
0000 0014 1710404500552 3.25 -70.0 3.32567034813607 11
0000 0001 1710404500552 81.375 -70.0 1.9389517158874505 11
0000 0003 1710404500553 42.3125 -68.5 6.1420590746941075 11
0000 0004 1710404500553 -130.1875 -68.0 3.988350048502667 11
0000 0015 1710404500553 -87.875 -65.0 4.276738436625168 11
0000 0006 1710404500554 -52.0625 -66.5 0.6994952392758523 11
