0000 0007 1710404542095 94.375 -67.0 1.3867186322486196 11
0000 0010 1710404542095 3.25 -67.5 3.098641191528995 11
0000 0000 1710404542096 69.125 -64.5 5.835262917116979 11
0000 0015 1710404542096 156.1875 -71.0 5.841398840268521 11
0000 0011 1710404542097 -52.0625 -65.5 0.030679615757712823 11
0000 0013 1710404542097 42.3125 -69.5 2.6016314162540475 11
0000 0012 1710404542098 6.5 -58.0 0.3988350048502667 11
0000 0002 1710404542098 -26.0 -71.5 0.5092816215780329 11
0000 0009 1710404542098 -30.875 -60.0 0.48473792897186263 11
0000 0008 1710404542099 26.0 -56.0 3.663146121470911 11
0000 0003 1710404542100 45.5625 -62.5 4.706253057233147 11
0000 0001 1710404542100 84.625 -72.0 5.264622064023521 11
0000 0007 1710404542100 -7.0 -76.5 4.473087977474529 11
0000 0003 1710404542101 -22.75 -62.5 4.865787059173254 11
0000 0012 1710404542101 26.0 -61.5 6.277049384028044 11
0000 0000 1710404542101 -41.5 -65.0 6.160466844148735 11
0000 0001 1710404542102 -104.125 -72.0 5.387340527054372 11
0000 0009 1710404542102 -10.5625 -59.5 0.6749515466696822 11
0000 0008 1710404542102 -6.5 -55.5 3.877903431774901 11
0000 0011 1710404542103 19.5 -65.0 0.3129320807286708 11
0000 0015 1710404542103 -81.375 -71.0 6.031612457966341 11
0000 0002 1710404542104 -94.375 -70.5 1.0737865515199487 11
0000 0010 1710404542104 26.0 -65.5 3.509748042682347 11
0000 0013 1710404542105 -74.8125 -67.5 3.509748042682347 11
0000 0007 1710404542105 71.5625 -71.0 3.3379421944391554 11
0000 0014 1710404542229 -0.625 -71.0 4.2092432819582 11
0000 0014 1710404542229 -13.0 -69.0 3.9269908169872414 11
0000 0006 1710404542229 423.125 -70.5 4.675573441475434 11
0000 0009 1710404542230 17.0625 -60.0 0.09817477042468103 11
0000 0013 1710404542230 35.75 -64.5 3.6999616603801666 11
0000 0003 1710404542230 35.75 -63.0 4.442408361716817 11
0000 0010 1710404542231 48.8125 -62.0 4.356505437595221 11
0000 0001 1710404542231 35.75 -71.5 5.105088062083414 11
0000 0012 1710404542232 22.75 -63.5 4.700117134081604 11
0000 0008 1710404542232 -9.75 -58.0 3.933126740138784 11
0000 0000 1710404542232 -21.125 -62.0 0.0674951546669682 11
0000 0005 1710404542233 0.0 -64.0 1.6996507129772904 11
0000 0004 1710404542233 -71.5625 -67.5 5.651185222570702 11
0000 0015 1710404542233 32.5 -68.5 5.50392306693368 11
0000 0011 1710404542234 9.75 -65.5 0.34974761963792617 11
0000 0007 1710404542234 -58.5625 -72.0 3.6263305825616556 11
0000 0002 1710404542234 179.0 -72.5 0.47860200582032003 11
0000 0000 1710404542351 -30.875 -61.5 0.1043106935762236 11
0000 0010 1710404542351 -19.5 -59.5 0.8713010875190442 11
0000 0009 1710404542351 52.0625 -61.5 0.803805932852076 11
0000 0005 1710404542352 -39.0 -60.0 5.197126909356553 11
0000 0008 1710404542352 -19.5 -55.5 4.031301510563465 11
0000 0011 1710404542352 71.5625 -63.0 0.47860200582032003 11
0000 0003 1710404542353 -71.5625 -67.0 3.436116964863836 11
0000 0013 1710404542353 52.0625 -65.5 4.178563666200486 11
0000 0012 1710404542353 32.5 -60.0 2.2212041808584084 11
0000 0004 1710404542354 -65.0625 -66.5 0.5031456984264903 11
0000 0001 1710404542354 -146.4375 -71.5 5.227806525114265 11
0000 0015 1710404542354 -29.25 -67.5 5.663457068873787 11
0000 0007 1710404542477 8.125 -66.5 0.009203884727313847 11
0000 0002 1710404542477 14.0 -76.0 6.12365130523948 11
0000 0006 1710404542478 5.4375 -69.0 3.5036121195308043 11
0000 0006 1710404542478 29.25 -65.0 2.761165418194154 11
0000 0001 1710404542478 -104.125 -72.0 4.914874444385594 11
0000 0008 1710404542479 19.5 -54.0 3.2336315008629315 11
0000 0009 1710404542479 17.0625 -56.0 0.9510680884890975 11
0000 0005 1710404542479 94.375 -65.5 0.5951845456996288 11
0000 0015 1710404542480 22.75 -64.5 3.0372819600135696 11
0000 0000 1710404542480 -17.0625 -62.0 6.111379458936394 11
0000 0012 1710404542480 34.9375 -68.0 0.8099418560036186 11
0000 0007 1710404542481 32.5 -62.0 6.1420590746941075 11
0000 0011 1710404542482 71.5625 -67.0 5.270757987175063 11
0000 0013 1710404542482 6.5 -62.5 0.6749515466696822 11
0000 0010 1710404542482 -61.8125 -67.5 0.4479223900626072 11
0000 0002 1710404542483 -29.25 -70.5 1.1474176293384597 11
0000 0004 1710404542483 126.9375 -71.5 4.522175362686871 11
0000 0003 1710404542601 1.8125 -75.0 5.356660911296659 11
0000 0006 1710404542601 19.5 -63.5 3.877903431774901 11
0000 0000 1710404542602 13.8125 -62.5 5.559146375297564 11
0000 0009 1710404542602 -7.3125 -62.5 1.0185632431560658 11
0000 0013 1710404542602 -65.0625 -67.0 5.049864753719531 11
0000 0004 1710404542603 94.375 -69.5 5.589825991055276 11
0000 0008 1710404542603 0.0 -53.5 3.77972866135022 11
0000 0011 1710404542604 -58.5625 -69.5 1.8039614065535141 11
0000 0010 1710404542605 -45.5625 -65.0 5.632777453116074 11
0000 0007 1710404542605 45.5625 -69.0 1.4787574795217582 11
0000 0001 1710404542605 -39.0 -71.0 4.963961829597935 11
0000 0015 1710404542606 -3.25 -61.0 1.184233168247715 11
0000 0012 1710404542606 -17.0625 -60.0 3.2765829629237295 11
0000 0002 1710404542606 -201.8125 -71.0 1.3069516312785663 11
0000 0005 1710404542844 -5.9375 -74.0 5.190990986205009 11
0000 0011 1710404542844 -45.5625 -66.0 2.521864415283994 11
0000 0010 1710404542845 6.5 -63.0 6.2034183062095325 11
0000 0006 1710404542845 22.75 -63.0 0.3129320807286708 11
0000 0002 1710404542845 182.25 -72.5 1.1044661672776617 11
0000 0004 1710404542846 224.5625 -69.5 2.4911847995262812 11
0000 0009 1710404542846 7.3125 -61.0 0.944932165337555 11
0000 0001 1710404542846 -45.5625 -71.5 5.270757987175063 11
0000 0015 1710404542847 -74.8125 -66.0 2.442097414313941 11
0000 0012 1710404542847 -30.875 -60.0 3.043417883165112 11
0000 0000 1710404542847 -13.0 -61.5 5.9518454569962875 11
0000 0008 1710404542848 3.25 -55.5 4.0558452031696355 11
0000 0013 1710404542848 6.5 -70.5 5.878214379177777 11
0000 0005 1710404542848 10.375 -74.0 5.160311370447297 11
0000 0007 1710404542849 10.375 -75.5 0.1718058482431918 11
0000 0007 1710404542849 -32.5 -69.0 1.2578642460662257 11
0000 0012 1710404542849 -13.0 -59.0 2.9575149590435164 11
0000 0000 1710404542850 -13.8125 -62.0 6.2463697682703305 11
0000 0004 1710404542850 0.0 -62.5 4.111068511533518 11
0000 0002 1710404542850 42.3125 -72.0 1.030835089459151 11
0000 0013 1710404542851 -22.75 -71.5 3.2643111166206444 11
0000 0005 1710404542851 3.25 -62.5 4.356505437595221 11
0000 0008 1710404542851 16.25 -56.5 3.9760782021995817 11
0000 0010 1710404542852 22.75 -63.0 0.07363107781851078 11
0000 0009 1710404542853 -24.375 -63.0 0.8406214717613314 11
0000 0006 1710404542853 -35.75 -62.0 1.8714565612204823 11
0000 0015 1710404542854 39.0 -61.5 6.258641614573416 11
0000 0011 1710404542854 29.25 -69.0 1.4726215563702154 11
0000 0001 1710404542854 -156.1875 -72.5 5.424156065963627 11
0000 0003 1710404543083 -42.3125 -71.5 3.650874275167826 11
0000 0005 1710404543084 -6.5 -61.0 5.93343768754166 11
0000 0008 1710404543084 -32.5 -55.0 4.172427743048944 11
0000 0015 1710404543084 -19.5 -63.5 3.9638063558964967 11
0000 0010 1710404543085 32.5 -62.5 6.270913460876501 11
0000 0011 1710404543085 -55.3125 -66.0 0.9694758579437253 11
0000 0001 1710404543085 94.375 -72.5 4.7860200582032 11
0000 0006 1710404543086 -13.0 -55.0 5.638913376267617 11
0000 0013 1710404543086 9.75 -59.5 5.841398840268521 11
0000 0004 1710404543086 16.25 -57.5 3.153864499892878 11
0000 0009 1710404543088 -104.125 -66.5 0.9878836273983529 11
0000 0012 1710404543088 13.0 -58.0 2.9759227284981438 11
0000 0000 1710404543088 -26.0 -62.0 6.086835766330224 11
0000 0007 1710404543089 6.5 -59.5 1.337631247036279 11
0000 0002 1710404543089 -42.3125 -72.0 0.3374757733348411 11
0000 0009 1710404543089 -10.5625 -58.0 1.227184630308513 11
0000 0005 1710404543090 6.5 -67.5 3.9208548938356986 11
0000 0000 1710404543090 6.5 -62.0 6.270913460876501 11
0000 0003 1710404543091 55.3125 -65.0 4.424000592262189 11
0000 0012 1710404543091 29.25 -54.0 2.9084275738311756 11
0000 0001 1710404543091 81.375 -71.0 4.92714629068868 11
0000 0010 1710404543092 9.75 -62.5 0.944932165337555 11
0000 0013 1710404543092 9.75 -61.0 4.037437433715008 11
0000 0007 1710404543092 -9.75 -63.5 3.104777114680538 11
0000 0006 1710404543093 -13.0 -57.5 4.1417481272912315 11
0000 0008 1710404543093 -6.5 -57.0 3.9699422790480394 11
0000 0015 1710404543093 -39.0 -69.5 6.056156150572511 11
0000 0004 1710404543094 -29.25 -55.0 0.2638446955163303 11
0000 0002 1710404543094 55.3125 -72.0 0.6320000846088841 11
0000 0011 1710404543221 -1.125 -69.0 5.792311455056181 11
0000 0004 1710404543221 -32.5 -62.0 1.1474176293384597 11
0000 0013 1710404543221 -117.125 -67.0 3.1661363461959633 11
0000 0011 1710404543222 -104.125 -66.0 5.853670686571607 11
0000 0010 1710404543222 0.0 -59.0 0.7424467013366504 11
0000 0012 1710404543222 16.25 -57.5 3.32567034813607 11
0000 0009 1710404543223 -3.25 -61.5 0.12885438618239387 11
0000 0008 1710404543223 -3.25 -57.0 3.7551849687440497 11
0000 0007 1710404543223 -94.375 -67.5 6.258641614573416 11
0000 0000 1710404543224 -21.125 -61.5 0.07363107781851078 11
0000 0006 1710404543224 -52.0625 -64.5 0.15339807878856412 11
0000 0005 1710404543224 52.0625 -72.0 2.141437179888355 11
0000 0015 1710404543225 45.5625 -70.0 5.522330836388308 11
0000 0003 1710404543225 19.5 -64.0 4.239922897715912 11
0000 0001 1710404543226 55.3125 -71.5 4.921010367537137 11
0000 0002 1710404543226 -11.375 -75.0 0.3190680038802134 11
0000 0011 1710404543350 39.0 -68.5 5.111223985234957 11
0000 0002 1710404543350 74.8125 -71.0 0.9510680884890975 11
0000 0006 1710404543350 123.6875 -68.5 0.2761165418194154 11
0000 0015 1710404543351 -13.0 -69.5 5.792311455056181 11
0000 0004 1710404543351 19.5 -65.5 0.04295146206079795 11
0000 0003 1710404543351 -3.25 -62.5 4.743068596142402 11
0000 0008 1710404543352 16.25 -56.5 3.6815538909255388 11
0000 0010 1710404543352 -22.75 -58.0 4.7860200582032 11
0000 0009 1710404543353 3.25 -60.5 0.21475731030398976 11
0000 0001 1710404543353 166.0 -71.0 5.037592907416445 11
0000 0000 1710404543353 13.8125 -64.0 6.166602767300278 11
0000 0013 1710404543354 61.8125 -70.0 3.141592653589793 11
0000 0012 1710404543579 0.0 -73.0 5.252350217720435 11
0000 0001 1710404543579 -22.75 -71.5 5.602097837358362 11
0000 0002 1710404543579 123.6875 -71.5 0.9633399347921826 11
0000 0009 1710404543580 38.1875 -59.5 0.5645049299419159 11
0000 0013 1710404543580 6.5 -67.0 2.024854640009046 11
0000 0000 1710404543580 -58.5625 -65.0 0.1595340019401067 11
0000 0003 1710404543581 -100.875 -61.0 5.221670601962723 11
0000 0015 1710404543581 3.25 -72.5 6.043884304269426 11
0000 0010 1710404543581 0.0 -66.0 3.724505352986337 11
0000 0008 1710404543582 -13.0 -57.5 3.877903431774901 11
0000 0006 1710404543582 16.25 -71.0 4.4976316700806995 11
0000 0012 1710404543582 -3.25 -60.5 6.025476534814799 11
0000 0011 1710404543583 110.625 -69.5 5.632777453116074 11
0000 0005 1710404543583 0.9375 -76.0 0.607456392002714 11
0000 0004 1710404543583 1.75 -72.0 0.4049709280018093 11
0000 0001 1710404543584 188.75 -73.0 5.062136600022616 11
0000 0010 1710404543584 -48.8125 -63.5 3.902447124381071 11
0000 0015 1710404543584 39.0 -70.0 5.749359992995383 11
0000 0005 1710404543585 24.375 -70.0 2.509592568980909 11
0000 0000 1710404543585 -10.5625 -62.5 0.3436116964863836 11
0000 0009 1710404543585 0.0 -57.5 0.380427235395639 11
0000 0013 1710404543586 58.5625 -66.0 2.098485717827557 11
0000 0002 1710404543586 48.8125 -70.5 0.9019807032767571 11
0000 0004 1710404543586 74.8125 -68.5 0.09817477042468103 11
0000 0003 1710404543587 0.0 -62.0 4.8351074434155406 11
0000 0006 1710404543588 -39.0 -68.0 6.074563920027139 11
0000 0008 1710404543588 16.25 -55.5 3.6201946594101133 11
0000 0007 1710404543588 -32.5 -68.5 2.043262409463674 11
0000 0011 1710404543589 139.9375 -67.0 5.589825991055276 11
0000 0014 1710404543739 -6.0625 -72.5 4.09266074207889 11
0000 0012 1710404543740 -1.8125 -64.0 5.00077736850719 11
0000 0008 1710404543740 -3.25 -55.0 4.362641360746763 11
0000 0013 1710404543740 39.0 -65.0 4.000621894805752 11
0000 0009 1710404543741 -62.625 -63.5 0.19634954084936207 11
0000 0004 1710404543741 -71.5625 -66.0 0.1349903093339364 11
0000 0003 1710404543741 -78.0625 -67.0 3.9085830475326135 11
0000 0010 1710404543742 -13.0 -57.5 0.5338253141842031 11
0000 0012 1710404543742 -29.25 -56.5 4.0558452031696355 11
0000 0000 1710404543742 3.25 -61.5 0.09817477042468103 11
0000 0005 1710404543743 -68.3125 -65.0 5.43029198911517 11
0000 0006 1710404543743 -152.9375 -72.5 3.5158839658338894 11
0000 0015 1710404543743 -55.3125 -70.0 5.6143696836614465 11
0000 0001 1710404543744 -240.875 -72.0 5.424156065963627 11
0000 0002 1710404543744 -8.5 -77.0 6.277049384028044 11
0000 0011 1710404543744 6.0625 -71.0 6.037748381117884 11
0000 0007 1710404543744 -12.8125 -67.5 6.135923151542564 11
0000 0003 1710404543861 81.375 -71.0 1.945087639038993 11
0000 0000 1710404543861 -3.25 -61.0 0.19634954084936207 11
0000 0011 1710404543861 -35.75 -66.0 5.9088939949354895 11
0000 0007 1710404543861 -29.25 -63.5 0.30679615757712825 11
0000 0010 1710404543862 -65.0625 -62.0 1.7119225592803755 11
0000 0006 1710404543862 -9.75 -71.5 5.976389149602458 11
0000 0012 1710404543862 68.3125 -59.5 2.9206994201342606 11
0000 0013 1710404543864 26.0 -63.5 3.6447383520162835 11
0000 0005 1710404543864 39.0 -60.5 0.944932165337555 11
0000 0009 1710404543864 -17.0625 -57.0 0.5522330836388308 11
0000 0002 1710404543865 -6.5 -73.0 1.0246991663076084 11
0000 0015 1710404543865 81.375 -68.0 6.111379458936394 11
0000 0001 1710404543865 45.5625 -73.0 4.779884135051658 11
0000 0008 1710404543866 -16.25 -53.5 3.663146121470911 11
0000 0004 1710404543866 -234.3125 -71.5 4.71238898038469 11
0000 0000 1710404544098 -83.0 -61.0 0.15339807878856412 11
0000 0009 1710404544098 13.8125 -63.0 0.3313398501832985 11
0000 0007 1710404544098 45.5625 -65.5 2.405281875404685 11
0000 0008 1710404544099 13.0 -53.5 3.761320891895592 11
0000 0005 1710404544099 91.125 -63.5 4.080388895775806 11
0000 0015 1710404544099 65.0625 -63.5 4.080388895775806 11
0000 0013 1710404544100 45.5625 -63.5 1.0615147052168636 11
0000 0010 1710404544100 13.0 -63.5 0.1043106935762236 11
0000 0011 1710404544100 65.0625 -69.5 0.30066023442558565 11
0000 0012 1710404544101 17.0625 -67.0 0.8528933180644165 11
0000 0006 1710404544101 39.0 -64.0 2.60776733940559 11
0000 0004 1710404544101 -32.5 -69.5 6.037748381117884 11
0000 0001 1710404544102 -32.5 -71.5 5.062136600022616 11
0000 0002 1710404544102 14.625 -76.5 0.5276893910326605 11
0000 0003 1710404544102 2.4375 -76.0 1.1658253987930873 11
0000 0012 1710404544103 -30.875 -60.5 2.736621725587984 11
0000 0001 1710404544103 45.5625 -72.0 4.853515212870168 11
0000 0000 1710404544103 -48.8125 -60.5 0.04295146206079795 11
0000 0006 1710404544104 -61.8125 -66.0 1.2946797849754812 11
0000 0015 1710404544104 -3.25 -62.0 1.1167380135807468 11
0000 0013 1710404544104 -19.5 -69.0 4.589670517353839 11
0000 0009 1710404544105 -34.9375 -61.0 0.28225246497095796 11
0000 0004 1710404544105 68.3125 -67.5 1.932815792735908 11
0000 0011 1710404544105 -32.5 -67.0 2.1966604882522383 11
0000 0008 1710404544106 0.0 -55.0 3.56497135104623 11
0000 0010 1710404544106 -3.25 -62.5 0.3190680038802134 11
0000 0005 1710404544107 274.1875 -71.5 2.8961557275280905 11
0000 0003 1710404544252 0.5625 -75.0 0.6442719309119693 11
0000 0002 1710404544252 -7.3125 -76.5 0.7731263170943632 11
0000 0007 1710404544252 -2.125 -77.0 0.2454369260617026 11
0000 0015 1710404544253 -48.8125 -63.5 0.8774370106705868 11
0000 0008 1710404544253 3.25 -55.0 3.5281558121369745 11
0000 0001 1710404544253 -113.875 -72.0 4.9394181369917645 11
0000 0007 1710404544253 188.75 -70.5 0.5645049299419159 11
0000 0006 1710404544254 68.3125 -66.0 3.2827188860752723 11
0000 0004 1710404544254 16.25 -64.5 3.000466421104314 11
0000 0009 1710404544255 17.0625 -59.5 0.4295146206079795 11
0000 0012 1710404544255 10.5625 -58.5 2.834796496012665 11
0000 0000 1710404544255 -69.125 -61.0 0.06135923151542565 11
0000 0010 1710404544256 22.75 -61.5 0.36815538909255385 11
0000 0005 1710404544256 -42.3125 -64.5 4.4362724385652745 11
0000 0013 1710404544256 -81.375 -69.0 3.9515345095934116 11
0000 0011 1710404544258 65.0625 -68.0 1.8960002538266525 11
0000 0002 1710404544350 -30.0625 -75.0 0.4663301595172349 11
0000 0003 1710404544350 -8.125 -74.0 1.1719613219446299 11
0000 0005 1710404544495 6.5 -58.0 5.835262917116979 11
0000 0010 1710404544495 -19.5 -60.5 0.30679615757712825 11
0000 0003 1710404544496 -110.625 -72.5 1.9880391010997909 11
0000 0000 1710404544496 -26.0 -61.0 5.982525072754001 11
0000 0013 1710404544496 -9.75 -61.5 0.47860200582032003 11
0000 0007 1710404544497 3.25 -60.5 6.056156150572511 11
0000 0015 1710404544497 -32.5 -62.0 4.601942363656923 11
0000 0012 1710404544497 6.5 -59.5 2.675262494072558 11
0000 0009 1710404544498 9.75 -64.0 5.927301764390117 11
0000 0004 1710404544498 58.5625 -63.0 0.4970097752749477 11
0000 0006 1710404544498 9.75 -58.5 5.405748296509 11
0000 0008 1710404544499 35.75 -56.0 3.7429131224409646 11
0000 0011 1710404544499 -52.0625 -68.0 0.5829126993965437 11
0000 0001 1710404544499 -48.8125 -72.0 4.448544284868359 11
0000 0002 1710404544500 -58.5625 -74.0 0.14726215563702155 11
0000 0012 1710404544500 26.0 -54.5 2.1230294104337273 11
0000 0006 1710404544500 -3.25 -58.5 5.411884219660542 11
0000 0004 1710404544501 -13.0 -54.5 0.803805932852076 11
0000 0005 1710404544501 19.5 -66.5 3.436116964863836 11
0000 0011 1710404544501 -52.0625 -64.5 6.117515382087937 11
0000 0003 1710404544502 97.625 -68.5 2.5034566458293663 11
0000 0013 1710404544502 35.75 -60.0 4.608078286808466 11
0000 0007 1710404544502 55.3125 -67.0 5.4671075280244255 11
0000 0008 1710404544503 -16.25 -53.5 3.393165502803038 11
0000 0009 1710404544504 -30.875 -57.0 0.9326603190344698 11
0000 0001 1710404544504 -16.25 -71.0 4.540583132141498 11
0000 0010 1710404544504 52.0625 -63.0 0.2270291566070749 11
0000 0000 1710404544505 -41.5 -62.0 6.227961998815704 11
0000 0015 1710404544505 48.8125 -66.5 0.09203884727313846 11
0000 0002 1710404544505 270.125 -71.0 6.062292073724054 11
0000 0015 1710404544728 -26.0 -66.0 5.8475347634200645 11
0000 0009 1710404544728 -79.75 -58.5 5.534602682691394 11
0000 0005 1710404544728 -244.125 -70.5 2.423689644859313 11
0000 0000 1710404544729 -29.25 -62.0 6.111379458936394 11
0000 0006 1710404544729 3.25 -64.5 3.749049045592507 11
0000 0008 1710404544729 -9.75 -57.0 3.3502140407422405 11
0000 0011 1710404544729 55.3125 -71.0 4.957825906446392 11
0000 0013 1710404544730 78.0625 -65.5 4.693981210930062 11
0000 0010 1710404544730 9.75 -56.5 0.380427235395639 11
0000 0004 1710404544730 13.0 -63.5 2.423689644859313 11
0000 0003 1710404544731 71.5625 -68.0 2.748893571891069 11
0000 0007 1710404544731 117.125 -71.0 2.9206994201342606 11
0000 0012 1710404544731 6.5 -63.5 2.4911847995262812 11
0000 0001 1710404544733 3.25 -70.5 4.620350133111551 11
0000 0002 1710404544733 107.375 -71.5 0.1902136176978195 11
0000 0013 1710404544733 -9.75 -71.0 4.442408361716817 11
0000 0009 1710404544734 17.0625 -60.0 5.859806609723149 11
0000 0002 1710404544734 -45.5625 -71.5 0.06135923151542565 11
0000 0010 1710404544734 9.75 -55.5 5.902758071783947 11
0000 0001 1710404544735 -133.4375 -72.0 5.098952138931871 11
0000 0015 1710404544735 42.3125 -66.0 6.007068765360171 11
0000 0008 1710404544735 16.25 -56.0 3.2704470397721868 11
0000 0000 1710404544736 -26.0 -64.5 6.160466844148735 11
0000 0004 1710404544736 -3.25 -64.0 5.878214379177777 11
0000 0003 1710404544736 -94.375 -64.5 4.196971435655114 11
0000 0006 1710404544850 1.8125 -74.0 5.872078456026235 11
0000 0011 1710404544851 15.25 -72.0 2.0493983326152168 11
0000 0012 1710404544851 5.75 -65.5 5.6143696836614465 11
0000 0014 1710404544851 2.125 -74.0 1.5278448647340985 11
0000 0002 1710404544979 16.25 -71.0 0.7547185476397354 11
0000 0000 1710404544979 -17.0625 -64.5 6.2034183062095325 11
0000 0008 1710404544980 -16.25 -56.0 3.663146121470911 11
0000 0012 1710404544980 3.25 -57.5 0.2945243112740431 11
0000 0003 1710404544980 26.0 -63.0 4.2031073588066565 11
0000 0015 1710404544981 -58.5625 -69.0 6.22182607566416 11
0000 0001 1710404544981 -126.9375 -74.0 5.00077736850719 11
0000 0004 1710404544981 -52.0625 -67.0 5.5100589900852235 11
0000 0011 1710404544982 -45.5625 -66.5 0.0859029241215959 11
0000 0010 1710404544982 -32.5 -64.5 4.7860200582032 11
0000 0009 1710404544982 -10.5625 -60.0 0.2761165418194154 11
0000 0006 1710404544983 -48.8125 -69.0 3.0495538063166547 11
0000 0014 1710404544983 26.0 -69.0 4.749204519293945 11
0000 0015 1710404544983 159.5 -68.5 5.964117303299373 11
0000 0012 1710404544983 -9.75 -60.0 6.234097921967246 11
0000 0008 1710404544984 29.25 -55.5 3.4177091954092087 11
0000 0006 1710404544984 -42.3125 -70.0 2.12916533358527 11
0000 0003 1710404544984 6.5 -64.0 4.123340357836604 11
0000 0001 1710404544985 -179.0 -71.5 5.105088062083414 11
0000 0009 1710404544985 -27.625 -59.5 0.35588354278946877 11
0000 0000 1710404544985 -39.0 -63.5 0.21475731030398976 11
0000 0004 1710404544986 -97.625 -67.0 5.822991070813893 11
0000 0011 1710404544986 -58.5625 -65.5 0.4295146206079795 11
0000 0010 1710404544986 -29.25 -62.5 4.890330751779424 11
0000 0002 1710404544987 61.8125 -70.5 0.7976700097005334 11
0000 0013 1710404544987 -13.0 -71.5 2.9206994201342606 11
0000 0005 1710404544988 -322.25 -71.5 3.104777114680538 11
0000 0014 1710404545099 -0.25 -71.0 0.30679615757712825 11
0000 0001 1710404545107 -110.625 -71.0 5.049864753719531 11
0000 0005 1710404545107 -97.625 -65.0 1.2333205534600555 11
0000 0011 1710404545107 3.25 -69.0 0.8099418560036186 11
0000 0010 1710404545108 9.75 -56.5 6.037748381117884 11
0000 0009 1710404545108 -24.375 -59.5 5.872078456026235 11
0000 0008 1710404545109 -9.75 -56.0 4.166291819897402 11
0000 0012 1710404545109 -45.5625 -64.0 4.338097668140593 11
0000 0015 1710404545110 32.5 -66.5 5.8475347634200645 11
0000 0000 1710404545110 22.75 -62.5 0.07976700097005335 11
0000 0007 1710404545110 6.5 -61.0 1.3989904785517047 11
0000 0006 1710404545111 45.5625 -72.0 4.356505437595221 11
0000 0014 1710404545111 35.75 -66.5 2.9391071895888885 11
0000 0013 1710404545111 -185.5 -65.5 5.381204603902829 11
0000 0004 1710404545112 -42.3125 -66.0 5.970253226450915 11
0000 0003 1710404545112 143.1875 -66.5 2.8838838812250054 11
0000 0002 1710404545112 185.5 -72.0 0.21475731030398976 11
0000 0005 1710404545350 19.5 -59.5 4.154019973594316 11
0000 0015 1710404545350 91.125 -66.0 5.565282298449106 11
0000 0000 1710404545351 -17.0625 -61.5 0.1349903093339364 11
0000 0001 1710404545351 152.9375 -71.5 4.669437518323892 11
0000 0008 1710404545351 13.0 -55.0 3.730641276137879 11
0000 0009 1710404545352 10.5625 -58.5 0.25770877236478773 11
0000 0010 1710404545352 -68.3125 -58.5 1.1535535524900022 11
0000 0011 1710404545352 -48.8125 -65.0 6.000932842208628 11
0000 0013 1710404545353 32.5 -65.5 3.8840393549264434 11
0000 0012 1710404545353 7.3125 -64.5 0.6320000846088841 11
0000 0007 1710404545353 13.0 -60.5 5.325981295538946 11
0000 0003 1710404545354 179.0 -71.0 1.7241944055834606 11
0000 0002 1710404545354 -55.3125 -75.0 0.47860200582032003 11
0000 0004 1710404545354 -85.4375 -79.0 5.283029833478148 11
0000 0006 1710404545355 -4.875 -77.5 1.0799224746714913 11
0000 0000 1710404545479 17.0625 -61.5 6.17273869045182 11
0000 0005 1710404545479 -16.25 -63.0 5.620505606812989 11
0000 0009 1710404545480 -21.125 -57.5 0.4540583132141498 11
0000 0002 1710404545480 48.8125 -71.5 0.9694758579437253 11
0000 0007 1710404545480 35.75 -68.0 3.2213596545598464 11
0000 0013 1710404545481 -16.25 -62.5 5.737088146692298 11
0000 0015 1710404545481 -61.8125 -66.5 2.497320722677824 11
0000 0008 1710404545481 -3.25 -52.0 3.5465635815916023 11
0000 0011 1710404545482 -113.875 -66.0 5.638913376267617 11
0000 0010 1710404545482 -107.375 -64.5 1.0062913968529805 11
0000 0001 1710404545482 3.25 -71.5 4.933282213840222 11
0000 0006 1710404545483 22.75 -67.0 2.5709518004963345 11
0000 0012 1710404545483 -39.0 -68.5 5.786175531904639 11
0000 0004 1710404545483 -58.5625 -73.0 5.307573526084319 11
0000 0003 1710404545484 -48.8125 -73.5 1.6873788666742053 11
0000 0005 1710404545484 131.8125 -70.5 1.8714565612204823 11
0000 0006 1710404545484 35.75 -59.0 4.97623367590102 11
0000 0013 1710404545485 -74.8125 -70.5 3.693825737228624 11
0000 0000 1710404545485 -21.125 -60.5 5.829126993965437 11
0000 0011 1710404545485 35.75 -66.5 1.4542137869155878 11
0000 0009 1710404545486 -38.1875 -62.5 6.178874613603362 11
0000 0015 1710404545486 16.25 -59.5 0.6381360077604268 11
0000 0010 1710404545486 71.5625 -63.0 5.853670686571607 11
0000 0008 1710404545487 -9.75 -54.0 3.5342917352885173 11
0000 0002 1710404545488 39.0 -74.0 0.6810874698212247 11
0000 0012 1710404545489 38.1875 -61.5 2.055534255766759 11
0000 0004 1710404545489 159.5 -71.5 0.32520392703175593 11
0000 0001 1710404545489 -74.8125 -71.5 5.0682725231741586 11
0000 0003 1710404545599 -8.5 -76.5 0.2945243112740431 11
0000 0007 1710404545600 1.5 -73.0 5.006913291658733 11
0000 0012 1710404545756 -10.5625 -60.5 2.454369260617026 11
0000 0004 1710404545756 97.625 -69.5 3.104777114680538 11
0000 0001 1710404545757 123.6875 -71.5 4.9823695990525625 11
0000 0006 1710404545757 -58.5625 -72.0 5.485515297479052 11
0000 0011 1710404545758 29.25 -64.0 2.3439226438892597 11
0000 0015 1710404545758 -48.8125 -63.0 1.7978254834019713 11
0000 0010 1710404545758 -3.25 -63.0 6.17273869045182 11
0000 0009 1710404545759 -17.0625 -61.0 6.22182607566416 11
0000 0000 1710404545759 -30.875 -60.0 6.056156150572511 11
0000 0008 1710404545760 -19.5 -55.0 3.7981364308048478 11
0000 0003 1710404545760 52.0625 -74.5 0.5154175447295755 11
0000 0002 1710404545760 4.875 -74.0 3.890175278077986 11
0000 0007 1710404545761 1.1875 -73.5 0.0859029241215959 11
0000 0005 1710404545761 3.625 -69.0 0.7424467013366504 11
0000 0013 1710404545761 -11.5625 -72.0 4.516039439535327 11
0000 0000 1710404545762 -17.0625 -60.5 6.050020227420969 11
0000 0010 1710404545762 -9.75 -62.5 0.21475731030398976 11
0000 0011 1710404545762 -91.125 -66.0 1.7241944055834606 11
0000 0012 1710404545763 -9.75 -59.0 2.3746022596469727 11
0000 0004 1710404545763 26.0 -67.0 1.3560390164909069 11
0000 0007 1710404545763 68.3125 -65.5 2.5034566458293663 11
0000 0006 1710404545764 97.625 -65.0 3.0066023442558567 11
0000 0003 1710404545764 -22.75 -71.5 2.073942025221387 11
0000 0008 1710404545764 9.75 -54.0 4.0987966652304335 11
0000 0015 1710404545765 16.25 -61.0 5.411884219660542 11
0000 0013 1710404545766 -48.8125 -66.0 0.7731263170943632 11
0000 0005 1710404545766 6.5 -58.0 5.295301679781233 11
0000 0009 1710404545766 13.8125 -63.5 0.662679700366597 11
0000 0001 1710404545767 29.25 -73.5 5.608233760509904 11
0000 0002 1710404545767 270.125 -72.5 6.056156150572511 11
0000 0008 1710404545993 -6.5 -53.5 3.5588354278946874 11
0000 0007 1710404545993 -9.75 -59.5 2.6445828783148455 11
0000 0011 1710404545994 19.5 -62.5 0.1595340019401067 11
0000 0000 1710404545995 45.5625 -61.5 0.1718058482431918 11
0000 0009 1710404545995 7.3125 -56.5 0.5460971604872883 11
0000 0013 1710404545995 -3.25 -59.5 5.184855063053467 11
0000 0012 1710404545996 13.8125 -56.0 2.086213871524472 11
0000 0002 1710404545996 97.625 -71.5 0.3374757733348411 11
0000 0006 1710404545996 -29.25 -56.5 5.436427912266712 11
0000 0015 1710404545997 -58.5625 -66.5 2.1046216409791 11
0000 0003 1710404545997 -22.75 -67.5 3.2336315008629315 11
0000 0001 1710404545997 26.0 -72.5 5.589825991055276 11
0000 0005 1710404545998 -68.3125 -64.0 2.2150682577068657 11
0000 0004 1710404545998 3.25 -59.0 5.356660911296659 11
0000 0010 1710404545998 3.25 -66.0 0.8651651643675016 11
0000 0008 1710404545999 -6.5 -57.0 4.264466590322082 11
0000 0015 1710404545999 35.75 -68.0 5.816855147662351 11
0000 0007 1710404545999 -9.75 -55.0 0.03681553890925539 11
0000 0004 1710404546000 -3.25 -59.0 2.6139032625571326 11
0000 0012 1710404546000 -16.25 -68.0 1.5155730184310134 11
0000 0000 1710404546000 7.3125 -62.0 0.3865631585471816 11
0000 0013 1710404546001 9.75 -64.5 3.5711072741977725 11
0000 0003 1710404546001 -58.5625 -66.0 3.736777199289422 11
0000 0010 1710404546001 6.5 -59.0 1.0921943209745766 11
0000 0009 1710404546001 21.125 -58.5 6.105243535784852 11
0000 0002 1710404546002 -61.8125 -70.0 0.5031456984264903 11
0000 0005 1710404546002 3.25 -66.5 1.0062913968529805 11
0000 0011 1710404546002 78.0625 -71.5 4.693981210930062 11
0000 0001 1710404546003 -45.5625 -73.0 6.056156150572511 11
0000 0006 1710404546100 13.8125 -72.0 3.3747577333484107 11
0000 0014 1710404546251 3.125 -74.0 5.577554144752192 11
0000 0003 1710404546251 -91.125 -65.0 4.828971520263998 11
0000 0000 1710404546252 6.5 -63.5 0.6872233929727672 11
0000 0008 1710404546252 19.5 -55.5 3.736777199289422 11
0000 0010 1710404546252 -19.5 -58.5 5.878214379177777 11
0000 0009 1710404546252 34.9375 -60.0 0.25157284921324513 11
0000 0012 1710404546253 26.0 -68.0 4.614214209960009 11
0000 0013 1710404546253 -19.5 -69.0 3.6140587362585705 11
0000 0007 1710404546253 84.625 -65.5 2.1475731030398975 11
0000 0015 1710404546254 65.0625 -66.5 5.810719224510809 11
0000 0011 1710404546254 -39.0 -66.0 4.914874444385594 11
0000 0004 1710404546254 -19.5 -61.5 0.28838838812250056 11
0000 0001 1710404546255 -52.0625 -72.5 0.07363107781851078 11
0000 0005 1710404546255 107.375 -71.5 3.497476196379262 11
0000 0002 1710404546255 -26.0 -72.0 0.7179030087304801 11
0000 0008 1710404546256 -19.5 -55.5 4.000621894805752 11
0000 0000 1710404546256 35.75 -65.5 0.8528933180644165 11
0000 0003 1710404546256 22.75 -63.5 5.013049214810275 11
0000 0011 1710404546257 39.0 -64.0 6.000932842208628 11
0000 0015 1710404546257 -52.0625 -69.0 6.252505691421874 11
0000 0007 1710404546257 3.25 -67.0 3.54042765844006 11
0000 0012 1710404546259 -22.75 -61.5 6.092971689481767 11
0000 0009 1710404546260 17.0625 -60.0 1.0615147052168636 11
0000 0002 1710404546260 -39.0 -72.0 1.1658253987930873 11
0000 0010 1710404546261 -169.25 -67.5 4.847379289718626 11
0000 0001 1710404546261 -87.875 -73.0 0.36815538909255385 11
0000 0005 1710404546360 5.1875 -75.0 4.1417481272912315 11
0000 0006 1710404546394 -3.25 -73.5 5.350524988145116 11
0000 0013 1710404546395 -2.875 -73.5 5.166447293598839 11
0000 0003 1710404546395 -6.5 -65.0 4.921010367537137 11
0000 0000 1710404546395 24.375 -63.5 0.9510680884890975 11
0000 0008 1710404546396 3.25 -55.5 4.06811704947272 11
0000 0009 1710404546396 24.375 -58.0 1.0369710126106935 11
0000 0002 1710404546396 -3.25 -71.0 1.3621749396424494 11
0000 0010 1710404546397 -143.1875 -67.0 4.896466674930966 11
0000 0012 1710404546397 19.5 -61.0 5.786175531904639 11
0000 0015 1710404546397 -52.0625 -71.5 6.270913460876501 11
0000 0007 1710404546398 3.25 -66.5 1.1780972450961724 11
0000 0013 1710404546398 198.5625 -70.5 1.5892040962495242 11
0000 0011 1710404546398 -26.0 -66.5 6.252505691421874 11
0000 0006 1710404546399 19.5 -70.0 5.559146375297564 11
0000 0005 1710404546399 -194.4375 -72.0 3.5956509668039427 11
0000 0001 1710404546399 65.0625 -72.5 0.1043106935762236 11
0000 0014 1710404546527 -3.375 -74.5 0.1227184630308513 11
0000 0003 1710404546528 26.0 -66.0 3.847223816017188 11
0000 0006 1710404546528 61.8125 -70.0 1.8039614065535141 11
0000 0011 1710404546528 -9.75 -71.0 0.2699806186678728 11
0000 0013 1710404546529 -45.5625 -67.0 4.006757817957295 11
0000 0005 1710404546529 34.9375 -64.5 1.3008157081270237 11
0000 0010 1710404546529 3.25 -55.5 0.03681553890925539 11
0000 0009 1710404546530 -21.125 -61.5 0.18407769454627693 11
0000 0000 1710404546530 -24.375 -63.5 0.7731263170943632 11
0000 0007 1710404546530 -6.5 -57.5 1.41126232485479 11
0000 0002 1710404546531 -136.6875 -73.5 1.2946797849754812 11
0000 0012 1710404546531 -61.8125 -64.0 4.571262747899211 11
0000 0004 1710404546531 -133.4375 -66.5 5.915029918087033 11
0000 0015 1710404546532 81.375 -69.0 5.945709533844745 11
0000 0008 1710404546532 -3.25 -56.5 4.295146206079795 11
0000 0001 1710404546532 -231.0625 -71.5 0.39269908169872414 11
0000 0005 1710404546771 16.25 -59.0 3.6999616603801666 11
0000 0000 1710404546773 10.5625 -61.5 0.30679615757712825 11
0000 0015 1710404546774 81.375 -66.5 5.381204603902829 11
0000 0007 1710404546774 19.5 -57.5 0.2454369260617026 11
0000 0012 1710404546775 -13.0 -60.5 1.2455923997631406 11
0000 0010 1710404546775 9.75 -56.0 1.5707963267948966 11
0000 0011 1710404546775 -22.75 -64.0 6.025476534814799 11
0000 0008 1710404546776 -35.75 -55.0 3.859495662320273 11
0000 0009 1710404546776 -3.25 -60.0 0.7240389318820226 11
0000 0006 1710404546776 3.25 -66.0 2.337786720737717 11
0000 0013 1710404546777 29.25 -65.0 2.773437264497239 11
0000 0003 1710404546777 -42.3125 -70.0 2.5157284921324514 11
0000 0001 1710404546777 29.25 -73.0 6.043884304269426 11
0000 0002 1710404546777 107.375 -71.0 0.9633399347921826 11
0000 0004 1710404546778 76.5 -75.0 6.1942144214822195 11
0000 0000 1710404546778 34.9375 -62.0 0.2761165418194154 11
0000 0010 1710404546778 -13.0 -62.0 1.3744467859455345 11
0000 0006 1710404546779 -6.5 -59.5 4.252194744018997 11
0000 0007 1710404546779 -3.25 -59.0 0.23930100291016002 11
0000 0008 1710404546779 0.0 -53.5 3.810408277107933 11
0000 0002 1710404546780 -110.625 -70.5 1.5278448647340985 11
0000 0004 1710404546780 58.5625 -70.0 5.098952138931871 11
0000 0005 1710404546780 -29.25 -60.0 0.01227184630308513 11
0000 0009 1710404546781 -3.25 -60.0 1.6321555583103222 11
0000 0015 1710404546781 48.8125 -66.0 1.2210487071569704 11
0000 0001 1710404546782 -13.0 -72.0 6.092971689481767 11
0000 0013 1710404546782 26.0 -62.0 4.3074180523828804 11
0000 0011 1710404546782 -87.875 -66.0 0.4540583132141498 11
0000 0012 1710404546846 -18.6875 -72.0 6.016272650087485 11
