0001 0010 1711434408333 0.0 -57.5 1.6137477888556946 1
0001 0001 1711434408334 -16.25 -64.0 5.957981380147831 1
0001 0004 1711434408334 -65.0625 -63.5 3.227495577711389 1
0001 0007 1711434408334 22.75 -57.5 6.105243535784852 1
0001 0014 1711434408335 -35.75 -65.5 3.5342917352885173 1
0001 0011 1711434408335 42.3125 -62.5 2.693670263527186 1
0001 0009 1711434408336 48.8125 -72.0 3.9453985864418692 1
0001 0001 1711434408336 91.125 -64.5 5.872078456026235 1
0001 0005 1711434408336 -9.75 -63.0 3.6386024288647407 1
0001 0012 1711434408336 -6.5 -61.5 2.724349879284899 1
0001 0011 1711434408337 -68.3125 -62.5 2.8961557275280905 1
0001 0010 1711434408338 -13.0 -58.0 1.6382914814618648 1
0001 0015 1711434408338 -42.3125 -65.0 4.6448938257177215 1
0001 0013 1711434408339 3.25 -54.0 1.9819031779482483 1
0001 0004 1711434408339 3.25 -63.5 3.147728576741336 1
0001 0007 1711434408340 22.75 -57.5 6.178874613603362 1
0001 0014 1711434408340 -16.25 -65.0 3.442252888015379 1
0001 0014 1711434408462 -81.375 -64.5 3.6079228131070282 1
0001 0004 1711434408462 -22.75 -63.5 3.1661363461959633 1
0001 0001 1711434408462 68.3125 -64.5 5.927301764390117 1
0001 0007 1711434408463 0.0 -57.5 6.227961998815704 1
0001 0010 1711434408463 22.75 -57.5 1.5892040962495242 1
0001 0005 1711434408463 -9.75 -62.5 3.6079228131070282 1
0001 0012 1711434408464 13.0 -61.5 2.7550294950426117 1
0001 0011 1711434408464 3.25 -62.5 2.736621725587984 1
0001 0013 1711434408464 22.75 -54.0 1.9941750242513334 1
0001 0015 1711434408465 19.5 -66.0 4.552854978444583 1
0001 0009 1711434408465 -107.375 -72.0 4.325825821837508 1
0001 0012 1711434408678 -22.75 -61.5 2.7120780329818137 1
0001 0007 1711434408679 -9.75 -57.5 6.252505691421874 1
0001 0010 1711434408679 -19.5 -58.0 1.6198837120072371 1
0001 0015 1711434408679 -39.0 -65.0 4.626486056263094 1
0001 0004 1711434408679 26.0 -63.5 3.074097498922825 1
0001 0014 1711434408680 -32.5 -65.0 3.552699504743145 1
0001 0001 1711434408680 19.5 -65.0 5.982525072754001 1
0001 0013 1711434408680 26.0 -54.0 2.000310947402876 1
0001 0005 1711434408681 -22.75 -62.0 3.7122335066832517 1
0001 0011 1711434408681 0.0 -62.5 2.773437264497239 1
0001 0009 1711434408681 -61.8125 -71.0 4.0558452031696355 1
0001 0015 1711434408682 3.25 -65.5 4.583534594202296 1
0001 0011 1711434408682 26.0 -62.0 2.7550294950426117 1
0001 0004 1711434408683 9.75 -63.0 3.0372819600135696 1
0001 0007 1711434408683 0.0 -57.5 6.209554229361076 1
0001 0013 1711434408683 26.0 -54.0 2.012582793705961 1
0001 0001 1711434408684 52.0625 -64.0 5.964117303299373 1
0001 0005 1711434408684 -48.8125 -62.5 3.724505352986337 1
0001 0010 1711434408684 -9.75 -58.0 1.5830681730979816 1
0001 0012 1711434408685 -55.3125 -61.5 2.779573187648782 1
0001 0014 1711434408685 65.0625 -65.0 3.448388811166921 1
0001 0009 1711434408685 -45.5625 -72.0 3.890175278077986 1
0001 0001 1711434408904 22.75 -64.5 5.927301764390117 1
0001 0013 1711434408904 9.75 -54.0 2.0371264863121317 1
0001 0009 1711434408904 3.25 -72.5 4.1172044346850605 1
0001 0011 1711434408904 13.0 -61.5 2.736621725587984 1
0001 0007 1711434408905 39.0 -57.0 6.135923151542564 1
0001 0015 1711434408905 -110.625 -65.0 4.755340442445488 1
0001 0014 1711434408905 -58.5625 -65.0 3.5711072741977725 1
0001 0012 1711434408906 22.75 -61.5 2.6875343403756435 1
0001 0004 1711434408906 22.75 -63.0 3.0495538063166547 1
0001 0010 1711434408906 -29.25 -57.5 1.5892040962495242 1
0001 0005 1711434408906 -16.25 -62.5 3.6324665057131984 1
0001 0013 1711434408907 29.25 -53.5 2.024854640009046 1
0001 0012 1711434408907 -32.5 -61.5 2.736621725587984 1
0001 0010 1711434408907 13.0 -58.0 1.4848934026733007 1
0001 0001 1711434408908 39.0 -64.5 5.921165841238575 1
0001 0007 1711434408908 -13.0 -57.5 6.234097921967246 1
0001 0005 1711434408908 13.0 -63.0 3.5895150436524004 1
0001 0015 1711434408909 -35.75 -65.5 4.6878452877785195 1
0001 0011 1711434408909 -22.75 -61.0 2.7857091108003242 1
0001 0004 1711434408909 3.25 -63.5 3.104777114680538 1
0001 0014 1711434408910 45.5625 -65.5 3.454524734318464 1
0001 0009 1711434408910 -179.0 -71.5 4.368777283898306 1
0001 0001 1711434409129 -3.25 -64.5 5.915029918087033 1
0001 0004 1711434409130 -26.0 -63.0 3.11091303783208 1
0001 0005 1711434409130 32.5 -62.5 3.509748042682347 1
0001 0011 1711434409130 3.25 -61.0 2.693670263527186 1
0001 0013 1711434409131 -6.5 -54.0 2.055534255766759 1
0001 0007 1711434409131 0.0 -57.5 6.1850105367549055 1
0001 0014 1711434409131 -19.5 -65.0 3.5895150436524004 1
0001 0010 1711434409131 6.5 -57.5 1.4910293258248433 1
0001 0015 1711434409132 -68.3125 -65.5 4.675573441475434 1
0001 0012 1711434409132 52.0625 -61.5 2.6016314162540475 1
0001 0009 1711434409132 185.5 -72.5 3.6017868899554855 1
0001 0011 1711434409133 22.75 -61.0 2.6998061866787286 1
0001 0005 1711434409133 -22.75 -62.5 3.6324665057131984 1
0001 0013 1711434409133 -16.25 -53.5 2.073942025221387 1
0001 0012 1711434409134 -35.75 -61.5 2.6139032625571326 1
0001 0010 1711434409134 6.5 -57.5 1.4848934026733007 1
0001 0007 1711434409134 -3.25 -57.5 6.17273869045182 1
0001 0001 1711434409135 -39.0 -64.5 5.921165841238575 1
0001 0004 1711434409135 -22.75 -63.0 3.104777114680538 1
0001 0015 1711434409135 -113.875 -66.0 4.779884135051658 1
0001 0009 1711434409136 55.3125 -71.5 3.890175278077986 1
0001 0014 1711434409136 -6.5 -65.5 3.5036121195308043 1
0001 0005 1711434409359 -32.5 -63.0 3.6201946594101133 1
0001 0010 1711434409360 16.25 -57.5 1.4173982480063325 1
0001 0015 1711434409360 58.5625 -65.5 4.442408361716817 1
0001 0007 1711434409360 -26.0 -57.5 6.191146459906448 1
0001 0013 1711434409360 9.75 -54.0 2.024854640009046 1
0001 0004 1711434409361 6.5 -63.0 3.06182565261974 1
0001 0012 1711434409361 -16.25 -62.0 2.650718801466388 1
0001 0014 1711434409361 -35.75 -65.5 3.5281558121369745 1
0001 0001 1711434409362 -39.0 -64.5 5.8475347634200645 1
0001 0011 1711434409362 -35.75 -61.0 2.7550294950426117 1
0001 0009 1711434409362 253.875 -72.0 3.6140587362585705 1
0001 0005 1711434409363 -39.0 -63.0 3.6140587362585705 1
0001 0004 1711434409363 -55.3125 -63.0 3.160000423044421 1
0001 0014 1711434409363 55.3125 -66.0 3.393165502803038 1
0001 0007 1711434409364 29.25 -57.5 6.074563920027139 1
0001 0013 1711434409364 -3.25 -54.0 2.0371264863121317 1
0001 0001 1711434409364 0.0 -64.5 5.822991070813893 1
0001 0015 1711434409365 16.25 -65.0 4.485359823777615 1
0001 0009 1711434409365 -159.5 -72.0 4.147884050442774 1
0001 0010 1711434409365 42.3125 -58.0 1.368310862793992 1
0001 0012 1711434409365 74.8125 -61.5 2.478912953223196 1
0001 0011 1711434409366 -32.5 -61.0 2.748893571891069 1
0001 0011 1711434409581 -16.25 -61.0 2.718213956133356 1
0001 0010 1711434409582 -3.25 -58.0 1.3867186322486196 1
0001 0012 1711434409582 -13.0 -62.0 2.6568547246179306 1
0001 0014 1711434409582 -13.0 -65.0 3.393165502803038 1
0001 0015 1711434409582 -42.3125 -65.5 4.595806440505381 1
0001 0004 1711434409583 -52.0625 -63.5 3.160000423044421 1
0001 0013 1711434409583 9.75 -53.5 2.0371264863121317 1
0001 0001 1711434409583 45.5625 -64.5 5.755495916146925 1
0001 0007 1711434409584 -16.25 -57.5 6.17273869045182 1
0001 0009 1711434409584 -113.875 -70.0 4.227651051412827 1
0001 0005 1711434409584 -22.75 -62.5 3.5895150436524004 1
0001 0014 1711434409585 -45.5625 -65.0 3.436116964863836 1
0001 0010 1711434409585 3.25 -57.0 1.2578642460662257 1
0001 0005 1711434409585 3.25 -63.5 3.5833791205008576 1
0001 0012 1711434409586 6.5 -62.0 2.2886993355253766 1
0001 0004 1711434409586 13.0 -63.5 2.9759227284981438 1
0001 0007 1711434409586 3.25 -57.0 6.178874613603362 1
0001 0009 1711434409586 -9.75 -71.0 3.9453985864418692 1
0001 0013 1711434409587 16.25 -53.5 2.000310947402876 1
0001 0001 1711434409587 19.5 -65.0 6.111379458936394 1
0001 0011 1711434409587 -26.0 -62.0 2.564815877344792 1
0001 0015 1711434409588 35.75 -64.5 4.239922897715912 1
0001 0008 1711434409711 0.875 -78.0 5.148039524144211 1
0001 0007 1711434409712 9.75 -55.5 6.258641614573416 1
0001 0004 1711434409712 26.0 -63.0 2.5034566458293663 1
0001 0011 1711434409713 65.0625 -67.5 0.5092816215780329 1
0001 0008 1711434409713 -10.5625 -69.0 5.626641529964532 1
0001 0005 1711434409713 -52.0625 -61.0 3.8288160465625602 1
0001 0010 1711434409714 3.25 -59.5 6.234097921967246 1
0001 0015 1711434409714 -19.5 -63.0 3.7122335066832517 1
0001 0012 1711434409714 104.125 -67.0 5.945709533844745 1
0001 0001 1711434409715 13.0 -66.0 0.7976700097005334 1
0001 0014 1711434409715 45.5625 -66.5 3.6263305825616556 1
0001 0009 1711434409715 26.0 -66.0 3.0802334220743677 1
0001 0000 1711434409934 -39.0 -69.0 4.608078286808466 1
0001 0011 1711434409934 91.125 -65.0 1.1106020904292042 1
0001 0009 1711434409935 -16.25 -55.5 0.4479223900626072 1
0001 0002 1711434409935 59.375 -69.5 0.23316507975861744 1
0001 0008 1711434409935 30.875 -64.0 5.522330836388308 1
0001 0004 1711434409936 9.75 -69.0 0.803805932852076 1
0001 0015 1711434409936 13.0 -61.0 3.2949907323783574 1
0001 0005 1711434409936 -6.5 -61.0 3.5833791205008576 1
0001 0007 1711434409936 -100.875 -69.0 5.822991070813893 1
0001 0012 1711434409937 -104.125 -69.5 4.319689898685965 1
0001 0010 1711434409937 19.5 -62.0 1.6505633277649499 1
0001 0014 1711434409937 9.75 -62.0 5.154175447295755 1
0001 0001 1711434409938 -94.375 -68.0 1.4419419406125027 1
0001 0001 1711434409939 -55.3125 -69.5 5.240078371417351 1
0001 0004 1711434409939 9.75 -67.0 2.1353012567368124 1
0001 0009 1711434409939 -45.5625 -61.0 1.9512235621905356 1
0001 0015 1711434409940 -6.5 -58.0 3.5895150436524004 1
0001 0008 1711434409940 3.25 -69.0 0.19634954084936207 1
0001 0011 1711434409940 29.25 -67.0 0.8467573949128739 1
0001 0014 1711434409940 16.25 -61.5 0.5583690067903734 1
0001 0005 1711434409941 32.5 -64.5 0.030679615757712823 1
0001 0012 1711434409941 52.0625 -72.5 2.067806102069844 1
0001 0002 1711434409941 -93.5625 -70.5 2.1966604882522383 1
0001 0007 1711434409942 -78.0625 -69.0 3.522019888985432 1
0001 0013 1711434410174 -19.5 -79.5 2.435961491162398 1
0001 0001 1711434410174 71.5625 -70.0 1.0246991663076084 1
0001 0009 1711434410174 -9.75 -57.5 2.8286605728611223 1
0001 0005 1711434410175 -16.25 -67.0 0.6810874698212247 1
0001 0014 1711434410175 0.0 -68.0 2.429825568010856 1
0001 0004 1711434410175 -78.0625 -70.0 2.564815877344792 1
0001 0015 1711434410176 48.8125 -56.5 4.76147636559703 1
0001 0006 1711434410176 -136.6875 -73.0 1.4051264017032472 1
0001 0013 1711434410176 -21.9375 -75.5 0.7117670855789375 1
0001 0007 1711434410177 -7.875 -67.5 1.2946797849754812 1
0001 0008 1711434410178 2.125 -71.0 0.15339807878856412 1
0001 0009 1711434410178 -22.75 -65.5 2.0923497946760143 1
0001 0008 1711434410178 -7.3125 -65.0 4.000621894805752 1
0001 0015 1711434410178 -42.3125 -58.0 5.743224069843841 1
0001 0005 1711434410179 26.0 -68.0 3.043417883165112 1
0001 0013 1711434410179 419.875 -73.5 4.049709280018092 1
0001 0007 1711434410179 42.3125 -70.0 0.6442719309119693 1
0001 0004 1711434410180 -136.6875 -70.5 5.399612373357457 1
0001 0001 1711434410461 -12.1875 -77.5 1.3314953238847365 1
0001 0014 1711434410461 3.0 -73.0 0.42337869745643697 1
0001 0009 1711434410461 16.25 -59.5 1.705786636128833 1
0001 0014 1711434410461 94.375 -71.0 2.9022916506796332 1
0001 0015 1711434410462 9.75 -58.0 5.730952223540755 1
0001 0001 1711434410462 -0.5625 -76.5 0.9019807032767571 1
0001 0009 1711434410462 -42.3125 -64.0 1.9512235621905356 1
0001 0015 1711434410463 13.0 -59.0 5.6143696836614465 1
0001 0014 1711434410463 6.5 -68.0 1.718058482431918 1
0001 0001 1711434410463 166.0 -72.5 1.6321555583103222 1
0001 0004 1711434410464 -0.5625 -76.0 3.6263305825616556 1
0001 0009 1711434410721 19.5 -67.0 1.6321555583103222 1
0001 0014 1711434410721 35.75 -67.5 1.521708941582556 1
0001 0015 1711434410721 -6.5 -58.0 5.626641529964532 1
0001 0004 1711434410721 -312.4375 -71.0 4.074252972624263 1
0001 0001 1711434410722 -29.25 -72.0 1.552388557340269 1
0001 0015 1711434410722 -26.0 -58.0 5.7616318392984684 1
0001 0009 1711434410722 55.3125 -61.5 1.7426021750380885 1
0001 0001 1711434410723 55.3125 -73.0 0.4908738521234052 1
0001 0014 1711434410723 -4.875 -72.0 5.700272607783043 1
0001 0015 1711434410961 -9.75 -58.0 5.798447378207723 1
0001 0014 1711434410961 0.0 -69.5 2.313243028131547 1
0001 0009 1711434410961 19.5 -59.5 1.7732817907958012 1
0001 0001 1711434410962 -19.5 -75.0 6.215690152512618 1
0001 0015 1711434410962 -16.25 -59.0 5.767767762450011 1
0001 0014 1711434410962 -84.625 -67.5 1.7916895602504288 1
0001 0009 1711434410962 13.0 -60.5 1.761009944492716 1
0001 0001 1711434410963 -9.75 -76.5 0.4908738521234052 1
0001 0009 1711434410963 6.5 -60.5 1.6996507129772904 1
0001 0014 1711434410963 -6.5 -67.0 1.6935147898257479 1
0001 0015 1711434410964 16.25 -59.0 5.7616318392984684 1
0001 0001 1711434411211 -6.6875 -77.5 0.018407769454627694 1
0001 0009 1711434411211 -32.5 -60.0 1.736466251886546 1
0001 0014 1711434411212 48.8125 -67.0 1.4664856332186729 1
0001 0015 1711434411212 22.75 -58.5 5.767767762450011 1
0001 0001 1711434411213 7.3125 -76.5 6.19728238305799 1
0001 0004 1711434411213 -4.375 -76.5 5.117359908386499 1
0001 0014 1711434411213 91.125 -66.5 1.0246991663076084 1
0001 0009 1711434411214 -26.0 -60.0 1.7794177139473437 1
0001 0015 1711434411214 39.0 -59.0 5.730952223540755 1
0001 0004 1711434411214 247.375 -72.5 1.380582709097077 1
0001 0001 1711434411215 -4.875 -76.0 0.3374757733348411 1
0001 0014 1711434411461 19.5 -67.0 1.2455923997631406 1
0001 0015 1711434411461 16.25 -58.5 5.8045833013592665 1
0001 0009 1711434411461 9.75 -60.5 1.6812429435226628 1
0001 0004 1711434411462 -84.625 -72.5 1.8714565612204823 1
0001 0001 1711434411462 -1.8125 -76.5 0.05522330836388308 1
0001 0009 1711434411462 -3.25 -59.5 1.6873788666742053 1
0001 0015 1711434411463 -26.0 -58.5 5.853670686571607 1
0001 0014 1711434411463 -100.875 -67.0 1.4542137869155878 1
0001 0004 1711434411463 -20.75 -76.5 1.8162332528565992 1
0001 0001 1711434411464 -12.8125 -76.5 0.2454369260617026 1
0001 0014 1711434411711 0.0 -66.5 1.1903690913992575 1
0001 0015 1711434411711 -3.25 -58.5 5.810719224510809 1
0001 0009 1711434411712 -26.0 -60.0 1.7426021750380885 1
0001 0004 1711434411712 4.25 -76.0 5.080544369477243 1
0001 0001 1711434411712 -9.75 -76.5 0.17794177139473438 1
0001 0014 1711434411712 -35.75 -67.5 1.227184630308513 1
0001 0015 1711434411713 45.5625 -58.5 5.743224069843841 1
0001 0009 1711434411713 22.75 -60.0 1.6505633277649499 1
0001 0001 1711434411713 312.4375 -75.0 6.031612457966341 1
0001 0004 1711434411714 -4.25 -76.0 4.963961829597935 1
0001 0014 1711434411960 -58.5625 -67.0 1.227184630308513 1
0001 0015 1711434411961 6.5 -58.5 5.810719224510809 1
0001 0009 1711434411961 0.0 -60.0 1.662835174068035 1
0001 0004 1711434411961 -17.6875 -75.5 4.884194828627882 1
0001 0001 1711434411961 -16.4375 -77.0 6.277049384028044 1
0001 0014 1711434411962 -19.5 -67.0 1.1106020904292042 1
0001 0009 1711434411962 -13.0 -60.0 1.6935147898257479 1
0001 0015 1711434411962 19.5 -59.0 5.798447378207723 1
0001 0004 1711434411963 -97.625 -72.0 1.7671458676442586 1
0001 0001 1711434411963 18.25 -77.5 6.1850105367549055 1
0001 0014 1711434412210 39.0 -68.0 0.9265243958829272 1
0001 0009 1711434412211 -22.75 -60.0 1.7119225592803755 1
0001 0004 1711434412211 87.875 -73.0 1.3314953238847365 1
0001 0015 1711434412211 9.75 -59.0 5.816855147662351 1
0001 0001 1711434412212 10.9375 -77.0 6.1420590746941075 1
0001 0004 1711434412212 91.125 -73.0 1.5830681730979816 1
0001 0009 1711434412212 42.3125 -59.5 1.748738098189631 1
0001 0014 1711434412212 -55.3125 -67.0 0.9940195505498954 1
0001 0015 1711434412213 -19.5 -58.5 5.841398840268521 1
0001 0001 1711434412213 6.0625 -77.0 0.0859029241215959 1
0001 0009 1711434412460 6.5 -59.5 1.7978254834019713 1
0001 0014 1711434412461 -13.0 -67.0 1.0492428589137786 1
0001 0015 1711434412462 6.5 -58.5 5.835262917116979 1
0001 0004 1711434412462 -29.25 -74.5 1.5953400194010667 1
0001 0001 1711434412462 -10.9375 -76.5 6.234097921967246 1
0001 0009 1711434412463 42.3125 -59.5 1.748738098189631 1
0001 0015 1711434412463 13.0 -59.0 5.822991070813893 1
0001 0014 1711434412463 52.0625 -67.5 0.9326603190344698 1
0001 0004 1711434412464 -29.25 -73.5 1.7548740213411735 1
0001 0001 1711434412464 26.8125 -77.0 6.209554229361076 1
0001 0015 1711434412711 3.25 -59.0 5.829126993965437 1
0001 0014 1711434412711 6.5 -67.5 0.944932165337555 1
0001 0009 1711434412711 -3.25 -59.5 1.8100973297050567 1
0001 0004 1711434412711 9.75 -74.0 1.576932249946439 1
0001 0001 1711434412712 -12.1875 -77.0 0.03681553890925539 1
0001 0015 1711434412712 13.0 -58.5 5.8045833013592665 1
0001 0009 1711434412712 19.5 -59.5 1.7671458676442586 1
0001 0004 1711434412713 -13.0 -73.0 1.607611865704152 1
0001 0014 1711434412713 16.25 -67.0 0.9326603190344698 1
0001 0001 1711434412713 10.9375 -77.0 6.160466844148735 1
0001 0015 1711434412961 0.0 -58.5 5.810719224510809 1
0001 0014 1711434412961 13.0 -67.5 0.9387962421860124 1
0001 0009 1711434412961 -39.0 -59.5 1.8653206380689396 1
0001 0004 1711434412962 -143.1875 -73.0 1.6751070203711202 1
0001 0001 1711434412962 6.6875 -76.5 6.227961998815704 1
0001 0009 1711434412962 -3.25 -59.5 1.8100973297050567 1
0001 0004 1711434412962 198.5625 -72.0 1.3069516312785663 1
0001 0014 1711434412963 26.0 -67.0 0.944932165337555 1
0001 0015 1711434412963 -6.5 -58.5 5.786175531904639 1
0001 0001 1711434412963 -27.4375 -76.5 0.20248546400090464 1
0001 0009 1711434413208 39.0 -59.5 1.736466251886546 1
0001 0015 1711434413209 -6.5 -59.0 5.853670686571607 1
0001 0014 1711434413209 16.25 -67.0 0.9940195505498954 1
0001 0004 1711434413209 3.25 -75.0 1.4971652489763858 1
0001 0001 1711434413209 7.875 -77.0 6.160466844148735 1
0001 0015 1711434413210 19.5 -58.5 5.786175531904639 1
0001 0009 1711434413210 -13.0 -59.5 1.8162332528565992 1
0001 0014 1711434413210 9.75 -68.0 0.9203884727313847 1
0001 0004 1711434413211 71.5625 -72.5 1.3499030933393643 1
0001 0001 1711434413211 -0.5625 -78.0 6.1850105367549055 1
