0000 0009 1710490664448 -100.875 -62.0 2.5954954931025047 10
0000 0005 1710490664456 -13.0 -64.5 0.6442719309119693 10
0000 0010 1710490664457 -39.0 -61.0 4.822835597112456 10
0000 0006 1710490664458 -5.4375 -74.0 0.8406214717613314 10
0000 0013 1710490664458 6.5 -66.5 2.4727770300716534 10
0000 0004 1710490664459 32.5 -69.5 4.246058820867455 10
0000 0009 1710490664459 13.8125 -63.0 2.270291566070749 10
0000 0010 1710490664460 -3.25 -60.5 4.638757902566179 10
0000 0012 1710490664460 -39.0 -66.0 4.779884135051658 10
0000 0005 1710490664461 93.5625 -65.0 0.3865631585471816 10
0000 0006 1710490664461 -3.0 -75.0 0.9142525495798421 10
0000 0009 1710490664461 10.5625 -62.5 2.2212041808584084 10
0000 0010 1710490664462 6.5 -61.0 4.614214209960009 10
0000 0013 1710490664462 55.3125 -67.0 2.466641106920111 10
0000 0005 1710490664463 48.8125 -66.0 0.44178646691106466 10
0000 0004 1710490664463 -35.75 -69.0 4.381049130201391 10
0000 0012 1710490664464 55.3125 -66.0 4.632621979414636 10
0000 0006 1710490664464 -9.75 -75.0 0.9019807032767571 10
0000 0010 1710490664696 -3.25 -60.5 4.657165672020807 10
0000 0013 1710490664696 48.8125 -67.0 2.4727770300716534 10
0000 0009 1710490664697 -69.125 -61.5 2.1537090261914402 10
0000 0005 1710490664698 78.0625 -65.0 0.42337869745643697 10
0000 0004 1710490664699 35.75 -70.0 4.338097668140593 10
0000 0012 1710490664700 48.8125 -66.0 4.546719055293041 10
0000 0006 1710490664701 17.6875 -74.5 0.7976700097005334 10
0000 0010 1710490664702 -32.5 -60.5 4.743068596142402 10
0000 0009 1710490664703 13.8125 -62.0 2.0923497946760143 10
0000 0012 1710490664704 -52.0625 -66.0 4.700117134081604 10
0000 0013 1710490664705 -3.25 -67.0 2.3930100291016 10
0000 0004 1710490664706 117.125 -69.0 4.295146206079795 10
0000 0005 1710490664708 39.0 -66.0 0.4356505437595221 10
0000 0006 1710490664709 9.75 -75.0 0.8651651643675016 10
0000 0005 1710490664934 29.25 -66.0 0.5276893910326605 10
0000 0010 1710490664935 -6.5 -61.0 4.675573441475434 10
0000 0009 1710490664937 38.1875 -62.5 2.0371264863121317 10
0000 0013 1710490664938 32.5 -66.5 2.380738182798515 10
0000 0012 1710490664939 -22.75 -66.0 4.7307967498393175 10
0000 0004 1710490664940 146.4375 -69.0 4.239922897715912 10
0000 0006 1710490664940 14.625 -74.5 0.8651651643675016 10
0000 0009 1710490664941 10.5625 -62.0 2.098485717827557 10
0000 0012 1710490664943 13.0 -66.0 4.669437518323892 10
0000 0004 1710490664944 -6.5 -68.5 4.4362724385652745 10
0000 0010 1710490664945 -22.75 -60.5 4.73693267299086 10
0000 0013 1710490664946 -6.5 -66.5 2.4911847995262812 10
0000 0005 1710490664947 94.375 -66.5 0.4540583132141498 10
0000 0006 1710490664947 4.25 -75.0 0.9081166264282996 10
0000 0004 1710490664948 110.625 -68.5 4.215379205109742 10
0000 0009 1710490664949 52.0625 -62.0 2.067806102069844 10
0000 0005 1710490664950 45.5625 -66.5 0.5276893910326605 10
0000 0012 1710490664951 -3.25 -66.0 4.724660826687775 10
0000 0013 1710490664952 52.0625 -66.5 2.2396119503130363 10
0000 0010 1710490664953 -13.0 -60.5 4.7307967498393175 10
0000 0006 1710490665195 -12.8125 -74.5 1.000155473701438 10
0000 0009 1710490665196 -41.5 -62.0 2.1598449493429825 10
0000 0013 1710490665197 -29.25 -66.0 2.564815877344792 10
0000 0005 1710490665198 6.5 -66.5 0.6258641614573416 10
0000 0004 1710490665199 -13.0 -69.0 4.411728745959104 10
0000 0010 1710490665200 -16.25 -60.5 4.743068596142402 10
0000 0012 1710490665201 3.25 -66.0 4.73693267299086 10
0000 0006 1710490665201 -7.3125 -75.0 0.944932165337555 10
0000 0013 1710490665202 -78.0625 -66.0 2.650718801466388 10
0000 0010 1710490665203 35.75 -61.0 4.724660826687775 10
0000 0009 1710490665204 -45.5625 -62.0 2.2518837966161214 10
0000 0005 1710490665205 26.0 -67.0 0.5583690067903734 10
0000 0004 1710490665206 16.25 -68.0 4.381049130201391 10
0000 0012 1710490665207 55.3125 -66.0 4.700117134081604 10
0000 0006 1710490665207 -7.875 -75.0 0.944932165337555 10
0000 0000 1710490665409 -1.5625 -75.5 6.160466844148735 10
0000 0013 1710490665410 3.25 -66.0 2.448233337465483 10
0000 0005 1710490665410 68.3125 -67.0 0.4356505437595221 10
0000 0009 1710490665411 -27.625 -62.0 2.227340104009951 10
0000 0012 1710490665412 29.25 -66.5 4.767612288748572 10
0000 0010 1710490665413 61.8125 -60.5 4.6878452877785195 10
0000 0004 1710490665414 -104.125 -68.5 4.516039439535327 10
0000 0006 1710490665415 4.25 -74.5 1.0062913968529805 10
0000 0000 1710490665416 3.125 -75.0 6.000932842208628 10
0000 0013 1710490665416 -32.5 -66.5 2.5893595699509624 10
0000 0009 1710490665417 -27.625 -62.5 2.2150682577068657 10
0000 0012 1710490665419 -55.3125 -66.5 4.878058905476339 10
0000 0010 1710490665420 9.75 -60.5 4.828971520263998 10
0000 0005 1710490665421 -59.375 -66.5 0.6320000846088841 10
0000 0004 1710490665422 6.5 -69.0 4.215379205109742 10
0000 0006 1710490665423 2.4375 -74.5 1.0246991663076084 10
0000 0000 1710490665442 3.9375 -74.5 6.043884304269426 10
0000 0009 1710490665694 10.5625 -62.5 2.1659808724945253 10
0000 0013 1710490665695 45.5625 -66.0 2.4911847995262812 10
0000 0010 1710490665695 -3.25 -60.5 4.792155981354743 10
0000 0004 1710490665696 -9.75 -67.5 4.325825821837508 10
0000 0005 1710490665697 -145.625 -67.5 0.7424467013366504 10
0000 0012 1710490665698 -55.3125 -66.5 4.890330751779424 10
0000 0006 1710490665699 3.625 -74.5 1.0185632431560658 10
0000 0000 1710490665699 2.875 -75.0 6.22182607566416 10
0000 0005 1710490665700 -22.75 -66.0 0.4970097752749477 10
0000 0004 1710490665701 -65.0625 -68.5 4.491495746929157 10
0000 0012 1710490665702 -149.6875 -67.5 5.141903600992669 10
0000 0013 1710490665702 32.5 -66.0 2.4175537217077703 10
0000 0009 1710490665704 -30.875 -62.5 2.4605051837685683 10
0000 0010 1710490665705 19.5 -60.0 4.914874444385594 10
0000 0006 1710490665705 0.0 -74.0 1.1290098598838318 10
0000 0010 1710490665925 29.25 -60.5 5.221670601962723 10
0000 0009 1710490665926 -38.1875 -60.5 2.6384469551633027 10
0000 0005 1710490665927 45.5625 -66.0 0.6013204688511713 10
0000 0012 1710490665928 48.8125 -70.5 5.344389064993574 10
0000 0004 1710490665929 -29.25 -68.5 4.638757902566179 10
0000 0013 1710490665930 16.25 -67.5 2.448233337465483 10
0000 0006 1710490665930 8.5 -74.0 1.2455923997631406 10
0000 0010 1710490665931 -58.5625 -61.5 5.798447378207723 10
0000 0005 1710490665932 -126.9375 -64.5 1.0185632431560658 10
0000 0009 1710490665933 17.0625 -60.0 2.945243112740431 10
0000 0013 1710490665933 -110.625 -70.5 3.1906800388021335 10
0000 0004 1710490665934 -104.125 -68.0 5.105088062083414 10
0000 0014 1710490665935 -104.125 -72.5 3.0925052683774528 10
0000 0006 1710490665936 7.875 -74.0 1.6935147898257479 10
0000 0005 1710490665936 0.0 -65.0 0.9572040116406401 10
0000 0010 1710490665937 13.0 -62.0 0.01227184630308513 10
0000 0009 1710490665939 27.625 -60.5 3.3379421944391554 10
0000 0004 1710490665940 0.0 -66.0 5.264622064023521 10
0000 0006 1710490665953 28.4375 -72.5 4.878058905476339 10
0000 0014 1710490666185 -1.9375 -75.5 3.9208548938356986 10
0000 0006 1710490666185 -35.75 -71.5 2.356194490192345 10
0000 0010 1710490666186 3.25 -61.5 0.9203884727313847 10
0000 0004 1710490666187 0.0 -64.5 5.9518454569962875 10
0000 0005 1710490666188 55.3125 -65.5 0.859029241215959 10
0000 0009 1710490666188 -24.375 -61.5 4.3933209765044765 10
0000 0003 1710490666189 1.1875 -74.5 5.436427912266712 10
0000 0015 1710490666190 2.6875 -71.5 0.7792622402459057 10
0000 0010 1710490666191 -16.25 -58.5 2.2580197197676637 10
0000 0015 1710490666192 29.25 -68.0 1.0615147052168636 10
0000 0009 1710490666192 -10.5625 -62.0 0.01227184630308513 10
0000 0006 1710490666193 97.625 -72.5 3.356349963893783 10
0000 0004 1710490666194 -3.25 -66.0 0.8283496254582462 10
0000 0004 1710490666444 3.25 -69.0 3.098641191528995 10
0000 0010 1710490666444 32.5 -56.0 4.1417481272912315 10
0000 0000 1710490666445 -107.375 -68.5 6.043884304269426 10
0000 0009 1710490666446 -24.375 -61.5 2.718213956133356 10
0000 0011 1710490666446 -4.875 -72.5 4.1601558967458585 10
0000 0006 1710490666447 -1.125 -72.0 5.583690067903734 10
0000 0010 1710490666448 -6.5 -56.5 6.277049384028044 10
0000 0004 1710490666448 13.0 -67.5 6.264777537724958 10
0000 0009 1710490666449 -52.0625 -61.0 5.062136600022616 10
0000 0006 1710490666450 -81.375 -71.0 3.0066023442558567 10
0000 0000 1710490666450 -61.8125 -67.5 0.4356505437595221 10
0000 0011 1710490666451 9.125 -72.5 5.816855147662351 10
0000 0009 1710490666694 34.9375 -61.0 0.5092816215780329 10
0000 0006 1710490666694 -71.5625 -70.5 1.1965050145508 10
0000 0010 1710490666695 13.0 -57.5 2.448233337465483 10
0000 0004 1710490666696 -6.5 -62.0 2.086213871524472 10
0000 0012 1710490666696 19.5 -70.5 1.5462526341887264 10
0000 0005 1710490666697 5.4375 -72.0 5.688000761479957 10
0000 0004 1710490666698 45.5625 -62.5 3.4177091954092087 10
0000 0005 1710490666698 21.125 -67.5 5.988660995905543 10
0000 0010 1710490666700 -39.0 -61.0 4.411728745959104 10
0000 0006 1710490666700 -3.25 -61.0 2.552544031041707 10
0000 0009 1710490666701 -21.125 -61.5 1.8714565612204823 10
0000 0002 1710490666702 72.375 -75.5 5.169515255174611 10
0000 0008 1710490666703 -1.1875 -70.5 4.871922982324796 10
0000 0007 1710490666704 -0.25 -72.5 0.1718058482431918 10
0000 0007 1710490666886 97.625 -69.0 3.773592738198677 10
0000 0010 1710490666886 -39.0 -62.0 0.03681553890925539 10
0000 0006 1710490666887 0.0 -63.0 3.479068426924634 10
0000 0009 1710490666888 -17.0625 -63.5 3.8717675086233583 10
0000 0005 1710490666888 -69.125 -68.5 0.6135923151542565 10
0000 0008 1710490666889 -68.3125 -65.0 2.509592568980909 10
0000 0002 1710490666890 358.0625 -72.5 2.380738182798515 10
0000 0013 1710490666890 3.25 -73.0 0.4724660826687775 10
0000 0014 1710490666891 14.0 -75.5 4.503767593232243 10
0000 0000 1710490666892 0.125 -74.5 5.988660995905543 10
0000 0004 1710490666893 6.0 -70.0 1.8775924843720249 10
0000 0011 1710490666893 2.3125 -75.5 5.608233760509904 10
0000 0010 1710490666894 48.8125 -56.5 2.4727770300716534 10
0000 0014 1710490666895 58.5625 -65.0 4.6448938257177215 10
0000 0007 1710490666895 198.5625 -68.5 5.418020142812084 10
0000 0006 1710490666896 130.1875 -69.0 5.227806525114265 10
0000 0008 1710490666897 -61.8125 -66.0 5.332117218690489 10
0000 0004 1710490666897 -91.125 -64.5 5.595961914206819 10
0000 0009 1710490666898 -13.8125 -70.0 1.0246991663076084 10
0000 0012 1710490666943 -3.5 -72.5 0.4540583132141498 10
0000 0011 1710490667112 1.75 -74.0 1.239456476611598 10
0000 0005 1710490667113 0.25 -72.0 0.6504078540635119 10
0000 0006 1710490667114 9.75 -70.0 0.7179030087304801 10
0000 0012 1710490667114 21.125 -66.5 1.3314953238847365 10
0000 0009 1710490667115 3.25 -70.0 4.227651051412827 10
0000 0010 1710490667116 3.25 -58.0 5.540738605842936 10
0000 0014 1710490667116 -182.25 -71.5 6.031612457966341 10
0000 0008 1710490667117 13.0 -65.0 2.2027964114037806 10
0000 0004 1710490667117 -42.3125 -64.0 5.93343768754166 10
0000 0005 1710490667118 61.8125 -69.0 1.0062913968529805 10
0000 0007 1710490667119 -3.25 -69.5 5.5622143368733346 10
0000 0010 1710490667119 6.5 -55.5 1.761009944492716 10
0000 0013 1710490667121 -91.125 -68.0 3.810408277107933 10
0000 0006 1710490667122 -19.5 -66.5 2.018718716857504 10
0000 0012 1710490667123 -13.0 -65.0 1.0799224746714913 10
0000 0004 1710490667123 -35.75 -68.5 1.6137477888556946 10
0000 0007 1710490667124 -6.5 -64.0 4.3933209765044765 10
0000 0008 1710490667125 16.25 -63.0 4.841243366567084 10
0000 0014 1710490667192 0.0 -74.0 5.586758029479505 10
0000 0005 1710490667192 6.8125 -73.5 1.9696313316451632 10
0000 0004 1710490667336 -16.25 -65.0 3.988350048502667 10
0000 0012 1710490667337 45.5625 -59.5 1.043106935762236 10
0000 0011 1710490667337 74.8125 -68.0 0.9694758579437253 10
0000 0010 1710490667338 -6.5 -56.5 3.9576704327449543 10
0000 0007 1710490667339 -104.125 -68.0 1.761009944492716 10
0000 0008 1710490667339 -39.0 -61.5 1.282407938672396 10
0000 0006 1710490667340 0.0 -71.5 1.1106020904292042 10
0000 0014 1710490667341 -3.5 -76.5 5.749359992995383 10
0000 0015 1710490667341 2.4375 -70.5 0.1718058482431918 10
0000 0011 1710490667342 -45.5625 -66.5 3.3624858870453256 10
0000 0009 1710490667343 52.0625 -66.5 1.8530487917658545 10
0000 0007 1710490667343 -48.8125 -68.0 3.472932503773092 10
0000 0008 1710490667346 9.75 -59.0 3.2643111166206444 10
0000 0006 1710490667346 19.5 -62.0 1.9389517158874505 10
0000 0015 1710490667347 -107.375 -68.0 4.424000592262189 10
0000 0010 1710490667348 16.25 -61.5 0.01227184630308513 10
0000 0014 1710490667348 0.0 -72.5 6.007068765360171 10
0000 0004 1710490667442 1.8125 -73.0 1.6751070203711202 10
0000 0010 1710490667443 -45.5625 -68.0 2.423689644859313 10
0000 0004 1710490667444 3.25 -60.5 5.166447293598839 10
0000 0008 1710490667444 3.25 -57.5 5.166447293598839 10
0000 0009 1710490667445 7.3125 -65.0 3.785864584501762 10
0000 0000 1710490667671 -3.1875 -73.5 6.154330920997192 10
0000 0013 1710490667671 4.25 -72.0 5.577554144752192 10
0000 0015 1710490667672 7.625 -70.5 5.448699758569798 10
0000 0006 1710490667673 3.0 -69.5 2.8102528034064944 10
0000 0004 1710490667673 -3.25 -56.0 0.2270291566070749 10
0000 0009 1710490667674 -3.25 -67.0 6.215690152512618 10
0000 0006 1710490667675 -48.8125 -65.0 3.2336315008629315 10
0000 0015 1710490667675 68.3125 -67.0 2.448233337465483 10
0000 0008 1710490667676 -9.75 -59.0 1.214912784005428 10
0000 0000 1710490667677 97.625 -70.0 1.4358060174609601 10
0000 0010 1710490667677 65.0625 -66.0 4.381049130201391 10
0000 0002 1710490667678 -18.875 -79.0 4.945554060143307 10
0000 0013 1710490667680 0.0 -72.0 4.239922897715912 10
0000 0007 1710490667680 87.875 -65.0 3.3195344249845276 10
0000 0010 1710490667681 -29.25 -65.0 0.44178646691106466 10
0000 0011 1710490667681 -78.0625 -68.5 3.877903431774901 10
0000 0009 1710490667682 191.1875 -70.0 2.313243028131547 10
0000 0006 1710490667683 -32.5 -64.0 4.4362724385652745 10
0000 0008 1710490667684 6.5 -58.5 4.546719055293041 10
0000 0015 1710490667685 45.5625 -67.0 1.7855536370988863 10
0000 0013 1710490667685 19.5 -68.5 5.730952223540755 10
0000 0004 1710490667686 -81.375 -70.5 3.448388811166921 10
0000 0003 1710490667687 -156.1875 -71.5 3.9760782021995817 10
0000 0012 1710490667692 14.625 -72.5 1.880660445947796 10
0000 0000 1710490667905 18.875 -73.5 5.43029198911517 10
0000 0001 1710490667906 3.625 -75.5 0.6504078540635119 10
0000 0000 1710490667913 -35.75 -70.0 1.239456476611598 10
0000 0008 1710490667913 6.5 -58.5 1.086058397823034 10
0000 0003 1710490667914 -84.625 -71.5 4.608078286808466 10
0000 0004 1710490667915 -32.5 -63.5 6.068427996875596 10
0000 0001 1710490667915 74.8125 -71.0 2.0923497946760143 10
0000 0010 1710490667916 35.75 -60.5 4.417864669110647 10
0000 0007 1710490667917 42.3125 -69.0 4.270602513473625 10
0000 0011 1710490667917 -26.0 -67.5 0.3620194659410113 10
0000 0009 1710490667918 -3.25 -62.5 1.0676506283684062 10
0000 0006 1710490667919 -13.8125 -72.5 1.5370487494614125 10
0000 0015 1710490667921 -1.1875 -70.5 4.546719055293041 10
0000 0012 1710490667922 3.5625 -73.0 0.11044661672776616 10
0000 0006 1710490667922 156.1875 -72.5 3.3440781175906977 10
0000 0012 1710490667923 10.5625 -69.0 3.2397674240144743 10
0000 0011 1710490667923 -19.5 -64.0 4.325825821837508 10
0000 0000 1710490667924 240.875 -69.0 4.558990901596125 10
0000 0008 1710490667924 3.25 -62.0 4.97623367590102 10
0000 0007 1710490667925 -9.75 -62.0 4.000621894805752 10
0000 0009 1710490667925 3.25 -59.5 4.166291819897402 10
0000 0010 1710490667926 45.5625 -65.5 1.4910293258248433 10
0000 0004 1710490667926 39.0 -66.0 2.423689644859313 10
0000 0014 1710490667952 18.6875 -70.0 5.184855063053467 10
0000 0005 1710490667953 -14.625 -71.0 1.7978254834019713 10
0000 0003 1710490668142 -1.8125 -73.5 5.098952138931871 10
0000 0015 1710490668142 0.125 -69.5 4.301282129231338 10
0000 0015 1710490668143 71.5625 -68.5 1.1228739367322893 10
0000 0004 1710490668143 -13.0 -63.5 5.829126993965437 10
0000 0011 1710490668144 26.0 -60.5 2.693670263527186 10
0000 0009 1710490668144 3.25 -59.5 0.7792622402459057 10
0000 0006 1710490668145 166.0 -71.5 2.521864415283994 10
0000 0007 1710490668145 55.3125 -66.0 0.3190680038802134 10
0000 0008 1710490668146 0.0 -61.5 2.0064468705544187 10
0000 0003 1710490668146 -71.5625 -68.5 5.9088939949354895 10
0000 0000 1710490668147 3.25 -69.5 1.9757672547967058 10
0000 0012 1710490668147 10.5625 -71.0 1.4572817484913592 10
0000 0014 1710490668149 9.75 -73.5 5.93343768754166 10
0000 0000 1710490668149 -191.1875 -68.0 4.595806440505381 10
0000 0004 1710490668150 9.75 -65.0 3.2029518851052186 10
0000 0008 1710490668150 0.0 -61.5 4.061981126321178 10
0000 0009 1710490668151 -3.25 -57.5 3.074097498922825 10
0000 0011 1710490668151 -39.0 -62.0 5.043728830567988 10
0000 0015 1710490668152 35.75 -70.0 1.6444274046134073 10
0000 0012 1710490668152 55.3125 -65.0 2.350058567040802 10
0000 0007 1710490668369 4.375 -73.0 4.718524903536232 10
0000 0014 1710490668369 6.25 -75.5 0.3374757733348411 10
0000 0009 1710490668370 -73.1875 -56.5 5.516194913236766 10
0000 0000 1710490668370 78.0625 -68.0 0.4172427743048944 10
0000 0011 1710490668371 3.25 -60.5 0.6504078540635119 10
0000 0007 1710490668373 -19.5 -66.5 5.620505606812989 10
0000 0012 1710490668373 -26.0 -62.0 6.086835766330224 10
0000 0005 1710490668374 -3.25 -61.5 3.184544115650591 10
0000 0004 1710490668374 0.0 -58.5 5.485515297479052 10
0000 0015 1710490668375 -133.4375 -70.0 1.7732817907958012 10
0000 0008 1710490668375 -3.25 -62.0 0.3436116964863836 10
0000 0014 1710490668376 32.5 -70.5 1.0737865515199487 10
0000 0014 1710490668376 55.3125 -63.5 0.7363107781851077 10
0000 0004 1710490668377 -48.8125 -62.0 0.07976700097005335 10
0000 0000 1710490668377 13.0 -69.5 3.9576704327449543 10
0000 0009 1710490668378 -38.1875 -60.0 1.5033011721279284 10
0000 0012 1710490668378 -10.5625 -58.0 2.435961491162398 10
0000 0008 1710490668379 48.8125 -62.5 3.129320807286708 10
0000 0003 1710490668379 139.9375 -72.5 1.2333205534600555 10
0000 0007 1710490668380 -13.0 -63.5 0.6749515466696822 10
0000 0011 1710490668381 13.0 -57.0 2.761165418194154 10
0000 0005 1710490668381 -91.125 -62.0 3.9147189706841563 10
0000 0001 1710490668442 3.0 -75.0 0.030679615757712823 10
0000 0013 1710490668443 8.5 -72.0 5.872078456026235 10
0000 0010 1710490668641 1.25 -71.0 1.368310862793992 10
0000 0015 1710490668642 2.25 -71.5 5.982525072754001 10
0000 0011 1710490668642 6.5 -58.5 0.521553467881118 10
0000 0004 1710490668643 9.75 -59.0 1.214912784005428 10
0000 0009 1710490668643 55.3125 -61.5 0.14726215563702155 10
0000 0012 1710490668644 13.0 -62.0 3.6876898140770815 10
0000 0008 1710490668644 42.3125 -65.0 3.5895150436524004 10
0000 0010 1710490668645 -3.25 -63.5 2.399145952253143 10
0000 0005 1710490668645 -107.375 -66.0 2.9329712664373457 10
0000 0000 1710490668646 -104.125 -70.0 3.749049045592507 10
0000 0014 1710490668646 3.25 -67.0 0.5829126993965437 10
0000 0015 1710490668647 20.3125 -70.5 0.19941750242513334 10
0000 0013 1710490668648 16.25 -70.0 0.4295146206079795 10
0000 0011 1710490668649 -6.5 -59.0 4.270602513473625 10
0000 0004 1710490668649 26.0 -63.0 3.018874190558942 10
0000 0014 1710490668650 -87.875 -68.0 0.6442719309119693 10
0000 0008 1710490668650 6.5 -59.0 0.14726215563702155 10
0000 0010 1710490668651 3.25 -58.5 4.411728745959104 10
0000 0000 1710490668651 -6.5 -67.5 0.30679615757712825 10
0000 0009 1710490668652 17.0625 -62.0 3.0802334220743677 10
0000 0012 1710490668652 -74.8125 -62.5 4.577398671050753 10
0000 0015 1710490668653 29.25 -65.0 0.6135923151542565 10
0000 0005 1710490668653 -73.1875 -67.5 4.516039439535327 10
0000 0001 1710490668692 3.0 -74.5 2.184388641949153 10
0000 0002 1710490668692 21.9375 -78.0 5.534602682691394 10
0000 0006 1710490668885 5.4375 -74.0 0.2761165418194154 10
0000 0009 1710490668885 69.125 -61.5 5.7616318392984684 10
0000 0000 1710490668886 52.0625 -68.5 2.816388726558037 10
0000 0010 1710490668886 -19.5 -57.0 0.2454369260617026 10
0000 0006 1710490668887 -29.25 -62.5 2.6875343403756435 10
0000 0014 1710490668887 0.0 -66.5 0.4049709280018093 10
0000 0008 1710490668888 19.5 -59.5 3.067961575771282 10
0000 0015 1710490668888 -13.0 -65.0 0.6381360077604268 10
0000 0011 1710490668889 6.5 -66.0 1.337631247036279 10
0000 0005 1710490668889 62.625 -68.0 3.3624858870453256 10
0000 0004 1710490668890 -9.75 -64.5 1.043106935762236 10
0000 0002 1710490668890 156.1875 -74.5 4.669437518323892 10
0000 0001 1710490668894 2.125 -76.5 3.4177091954092087 10
0000 0012 1710490668894 1.125 -72.0 1.0369710126106935 10
0000 0008 1710490668894 -6.5 -57.0 5.8045833013592665 10
0000 0011 1710490668895 -58.5625 -67.0 2.8777479580734626 10
0000 0009 1710490668895 30.875 -59.5 2.024854640009046 10
0000 0015 1710490668896 0.0 -64.5 4.6878452877785195 10
0000 0004 1710490668896 -3.25 -57.0 5.264622064023521 10
0000 0014 1710490668897 -71.5625 -71.5 0.7240389318820226 10
0000 0010 1710490668898 6.5 -60.0 2.988194574801229 10
0000 0001 1710490668898 198.5625 -72.0 1.7671458676442586 10
0000 0000 1710490668899 6.5 -65.0 0.01227184630308513 10
0000 0006 1710490668899 42.3125 -63.0 1.368310862793992 10
0000 0012 1710490668900 -30.875 -71.0 1.521708941582556 10
0000 0005 1710490668900 35.75 -63.0 4.264466590322082 10
0000 0002 1710490668954 7.3125 -75.0 5.948777495420517 10
0000 0013 1710490669123 3.375 -65.0 5.338253141842031 10
0000 0013 1710490669123 9.75 -61.5 2.988194574801229 10
0000 0008 1710490669124 -19.5 -57.0 2.3439226438892597 10
0000 0004 1710490669124 3.25 -57.0 1.7426021750380885 10
0000 0001 1710490669125 -84.625 -72.0 5.013049214810275 10
0000 0009 1710490669125 -21.125 -62.0 4.92714629068868 10
0000 0015 1710490669126 32.5 -68.0 6.074563920027139 10
0000 0006 1710490669127 0.0 -63.5 4.638757902566179 10
0000 0011 1710490669127 -22.75 -64.5 5.2339424482658075 10
0000 0000 1710490669128 35.75 -65.0 2.6016314162540475 10
0000 0010 1710490669128 32.5 -61.5 5.47937937432751 10
0000 0002 1710490669129 -130.1875 -73.5 6.037748381117884 10
0000 0014 1710490669129 -188.75 -71.5 0.5767767762450011 10
0000 0012 1710490669130 -19.5 -73.0 0.18714565612204823 10
0000 0005 1710490669130 3.5 -74.5 5.595961914206819 10
0000 0005 1710490669131 32.5 -67.0 3.56497135104623 10
0000 0015 1710490669131 39.0 -70.0 4.749204519293945 10
0000 0012 1710490669132 -48.8125 -65.5 5.074408446325701 10
0000 0010 1710490669133 19.5 -57.0 2.3930100291016 10
0000 0000 1710490669133 13.0 -63.5 5.93343768754166 10
0000 0004 1710490669134 6.5 -60.5 5.074408446325701 10
0000 0003 1710490669134 16.25 -72.0 4.362641360746763 10
0000 0006 1710490669135 13.0 -62.5 0.6565437772150544 10
0000 0001 1710490669135 58.5625 -70.5 2.2089323345553233 10
0000 0009 1710490669136 13.8125 -66.0 2.9697868053466014 10
0000 0008 1710490669137 -16.25 -54.5 5.638913376267617 10
0000 0007 1710490669138 16.25 -70.0 1.3989904785517047 10
