0000 0005 1710490789171 10.5625 -68.0 0.4172427743048944 10
0000 0009 1710490789171 -21.125 -60.0 1.9819031779482483 10
0000 0012 1710490789171 26.0 -62.5 4.865787059173254 10
0000 0004 1710490789172 6.5 -68.0 2.8716120349219203 10
0000 0010 1710490789172 -35.75 -61.5 3.9760782021995817 10
0000 0013 1710490789173 48.8125 -64.5 2.5954954931025047 10
0000 0000 1710490789173 -15.25 -74.0 2.3439226438892597 10
0000 0010 1710490789173 -29.25 -61.0 4.061981126321178 10
0000 0004 1710490789173 -65.0625 -68.0 3.380893656499953 10
0000 0009 1710490789174 13.8125 -59.5 1.8837284075235674 10
0000 0012 1710490789174 -29.25 -63.0 4.994641445355648 10
0000 0013 1710490789175 -74.8125 -64.5 2.859340188618835 10
0000 0005 1710490789175 30.875 -69.0 0.16566992509164924 10
0000 0000 1710490789420 -5.4375 -73.5 2.3071071049800045 10
0000 0004 1710490789421 -81.375 -67.0 3.5895150436524004 10
0000 0012 1710490789421 3.25 -62.5 4.957825906446392 10
0000 0010 1710490789421 -19.5 -60.0 4.196971435655114 10
0000 0009 1710490789422 17.0625 -60.0 1.859184714917397 10
0000 0005 1710490789422 128.5625 -70.5 6.277049384028044 10
0000 0000 1710490789422 17.875 -73.0 5.476311412751739 10
0000 0013 1710490789423 9.75 -65.0 2.7120780329818137 10
0000 0012 1710490789423 -48.8125 -62.5 5.117359908386499 10
0000 0009 1710490789423 0.0 -60.0 1.902136176978195 10
0000 0004 1710490789423 126.9375 -66.0 3.3379421944391554 10
0000 0005 1710490789424 156.1875 -69.5 6.086835766330224 10
0000 0000 1710490789424 218.0625 -71.0 2.227340104009951 10
0000 0010 1710490789425 22.75 -60.0 4.1601558967458585 10
0000 0004 1710490789671 -91.125 -67.0 3.6447383520162835 10
0000 0012 1710490789671 -9.75 -62.0 5.037592907416445 10
0000 0009 1710490789671 24.375 -60.5 1.8346410223112268 10
0000 0010 1710490789672 26.0 -60.0 4.25833066717054 10
0000 0005 1710490789672 87.0625 -70.0 6.0991076126333095 10
0000 0013 1710490789672 -61.8125 -65.0 2.8961557275280905 10
0000 0000 1710490789673 84.625 -71.0 2.2764274892222915 10
0000 0013 1710490789673 -120.4375 -64.5 2.9943304979527716 10
0000 0012 1710490789673 34.9375 -62.5 5.013049214810275 10
0000 0009 1710490789674 -3.25 -60.0 1.932815792735908 10
0000 0010 1710490789674 3.25 -60.0 4.368777283898306 10
0000 0004 1710490789674 55.3125 -67.5 3.448388811166921 10
0000 0000 1710490789674 -309.1875 -71.0 2.834796496012665 10
0000 0005 1710490789675 34.9375 -69.5 6.135923151542564 10
0000 0010 1710490789898 9.75 -60.0 4.344233591292136 10
0000 0009 1710490789898 -10.5625 -60.5 2.012582793705961 10
0000 0004 1710490789899 -113.875 -66.5 3.9208548938356986 10
0000 0013 1710490789899 -6.5 -65.0 2.82252464970958 10
0000 0012 1710490789899 58.5625 -62.5 5.00077736850719 10
0000 0005 1710490789900 34.9375 -70.0 6.209554229361076 10
0000 0000 1710490789900 34.9375 -73.5 5.6941366846315 10
0000 0005 1710490789900 142.375 -70.5 6.117515382087937 10
0000 0012 1710490789900 68.3125 -63.0 5.013049214810275 10
0000 0004 1710490789901 -3.25 -66.0 4.178563666200486 10
0000 0013 1710490789901 19.5 -65.5 2.767301341345697 10
0000 0010 1710490789901 -19.5 -60.0 4.669437518323892 10
0000 0009 1710490789902 -13.8125 -60.0 2.2580197197676637 10
0000 0013 1710490789902 74.8125 -66.0 2.2457478734645786 10
0000 0010 1710490789902 -13.0 -60.5 5.129631754689584 10
0000 0012 1710490789903 45.5625 -66.0 5.534602682691394 10
0000 0009 1710490789903 21.125 -59.5 2.429825568010856 10
0000 0004 1710490789903 -35.75 -66.5 4.528311285838413 10
0000 0005 1710490789903 -237.5625 -69.0 0.6504078540635119 10
0000 0014 1710490790181 3.375 -77.0 5.5714182216006485 10
0000 0004 1710490790181 -29.25 -66.0 4.9823695990525625 10
0000 0005 1710490790182 104.125 -68.0 0.7424467013366504 10
0000 0009 1710490790182 -17.0625 -59.0 2.9391071895888885 10
0000 0010 1710490790182 -6.5 -62.0 5.884350302329319 10
0000 0013 1710490790183 -32.5 -66.0 1.718058482431918 10
0000 0012 1710490790183 55.3125 -71.5 0.4049709280018093 10
0000 0014 1710490790183 146.4375 -73.0 2.5034566458293663 10
0000 0009 1710490790183 24.375 -59.0 3.5465635815916023 10
0000 0005 1710490790184 100.875 -68.0 0.8160777791551611 10
0000 0004 1710490790184 -94.375 -65.5 5.491651220630596 10
0000 0010 1710490790184 58.5625 -62.0 0.34974761963792617 10
0000 0014 1710490790422 0.0 -76.0 0.8160777791551611 10
0000 0003 1710490790422 -1.9375 -74.5 1.9634954084936207 10
0000 0010 1710490790422 26.0 -61.0 1.4173982480063325 10
0000 0009 1710490790423 -59.375 -60.5 4.7860200582032 10
0000 0004 1710490790423 -32.5 -64.0 6.050020227420969 10
0000 0005 1710490790423 139.125 -67.5 0.7179030087304801 10
0000 0003 1710490790424 -2.4375 -74.0 5.190990986205009 10
0000 0010 1710490790424 42.3125 -59.0 2.5586799541932495 10
0000 0009 1710490790424 27.625 -61.5 0.03681553890925539 10
0000 0004 1710490790424 100.875 -65.0 0.6381360077604268 10
0000 0000 1710490790671 -2.125 -74.5 1.8039614065535141 10
0000 0004 1710490790671 3.25 -66.0 2.8102528034064944 10
0000 0009 1710490790672 -34.9375 -60.0 2.736621725587984 10
0000 0010 1710490790672 -42.3125 -58.5 4.399456899656019 10
0000 0000 1710490790672 17.0625 -72.0 5.190990986205009 10
0000 0004 1710490790672 3.25 -67.0 5.792311455056181 10
0000 0011 1710490790673 -19.5 -69.0 5.755495916146925 10
0000 0010 1710490790673 19.5 -57.5 0.34974761963792617 10
0000 0000 1710490790673 -45.5625 -69.0 0.20248546400090464 10
0000 0009 1710490790674 -3.25 -60.0 5.332117218690489 10
0000 0012 1710490790674 3.0 -73.0 4.049709280018092 10
0000 0005 1710490790674 -1.125 -74.0 2.8409324191642074 10
0000 0004 1710490790675 68.3125 -61.0 2.6813984172241008 10
0000 0010 1710490790675 -13.0 -58.5 3.160000423044421 10
0000 0009 1710490790675 -7.3125 -61.0 1.8223691760081417 10
0000 0005 1710490790915 2.4375 -71.0 6.138991113118336 10
0000 0012 1710490790916 0.25 -72.5 1.7241944055834606 10
0000 0008 1710490790916 -35.75 -69.0 2.5402721847386216 10
0000 0009 1710490790916 17.0625 -65.5 3.767456815047135 10
0000 0010 1710490790916 0.0 -57.5 5.878214379177777 10
0000 0006 1710490790917 55.3125 -63.0 2.6139032625571326 10
0000 0004 1710490790917 13.0 -62.0 4.466952054322987 10
0000 0005 1710490790917 90.3125 -69.5 0.4295146206079795 10
0000 0002 1710490790918 -0.5625 -78.0 0.4172427743048944 10
0000 0007 1710490790918 -3.625 -71.5 1.4419419406125027 10
0000 0012 1710490790918 2.875 -72.5 0.2699806186678728 10
0000 0013 1710490790918 2.4375 -72.5 0.8651651643675016 10
0000 0006 1710490790919 -19.5 -65.0 4.301282129231338 10
0000 0007 1710490790919 -26.0 -68.0 6.1420590746941075 10
0000 0008 1710490790919 39.0 -65.0 4.681709364626977 10
0000 0012 1710490790920 16.25 -70.0 2.184388641949153 10
0000 0013 1710490790920 97.625 -67.5 1.0799224746714913 10
0000 0010 1710490790920 22.75 -58.0 2.012582793705961 10
0000 0002 1710490791049 -23.1875 -78.5 4.890330751779424 10
0000 0014 1710490791049 4.6875 -75.5 0.8651651643675016 10
0000 0009 1710490791049 7.625 -71.5 5.117359908386499 10
0000 0005 1710490791050 -1.5625 -72.5 4.166291819897402 10
0000 0004 1710490791050 -0.125 -68.5 5.491651220630596 10
0000 0008 1710490791050 16.25 -62.5 1.1658253987930873 10
0000 0007 1710490791051 156.1875 -67.5 1.6321555583103222 10
0000 0012 1710490791051 -94.375 -65.5 5.264622064023521 10
0000 0006 1710490791051 6.5 -71.5 0.6504078540635119 10
0000 0013 1710490791052 -97.625 -68.5 3.117048960983623 10
0000 0000 1710490791052 -315.6875 -71.5 0.6442719309119693 10
0000 0014 1710490791052 55.3125 -71.0 4.417864669110647 10
0000 0010 1710490791052 3.25 -60.0 4.23378697456437 10
0000 0004 1710490791053 -42.3125 -66.5 5.939573610693203 10
0000 0005 1710490791053 149.6875 -70.0 1.0615147052168636 10
0000 0009 1710490791053 -76.4375 -69.0 3.730641276137879 10
0000 0010 1710490791170 39.0 -59.0 0.8283496254582462 10
0000 0013 1710490791171 -81.375 -64.5 4.430136515413731 10
0000 0012 1710490791171 -61.8125 -68.0 2.650718801466388 10
0000 0006 1710490791171 149.6875 -69.5 1.7303303287350031 10
0000 0014 1710490791171 -9.75 -61.5 4.534447208989955 10
0000 0008 1710490791172 -26.0 -63.5 3.9453985864418692 10
0000 0007 1710490791172 22.75 -66.5 4.325825821837508 10
0000 0004 1710490791172 16.25 -66.0 1.337631247036279 10
0000 0009 1710490791173 93.5625 -68.5 6.062292073724054 10
0000 0000 1710490791173 -198.5625 -71.5 2.767301341345697 10
0000 0005 1710490791422 9.75 -73.5 1.7426021750380885 10
0000 0013 1710490791422 -13.0 -62.5 5.688000761479957 10
0000 0010 1710490791422 0.0 -58.0 3.730641276137879 10
0000 0004 1710490791422 9.75 -61.0 4.1417481272912315 10
0000 0012 1710490791423 -133.4375 -68.0 5.098952138931871 10
0000 0008 1710490791423 45.5625 -63.5 1.533980787885641 10
0000 0005 1710490791423 -58.5625 -68.0 0.4295146206079795 10
0000 0014 1710490791423 22.75 -67.0 4.822835597112456 10
0000 0007 1710490791424 47.1875 -71.5 4.632621979414636 10
0000 0003 1710490791424 -1.8125 -75.0 0.30679615757712825 10
0000 0009 1710490791424 5.1875 -72.5 5.086680292628786 10
0000 0006 1710490791425 -0.9375 -67.0 5.0682725231741586 10
0000 0000 1710490791426 3.5625 -71.0 1.5401167110371838 10
0000 0001 1710490791426 5.1875 -75.5 2.4727770300716534 10
0000 0015 1710490791426 -2.4375 -71.0 0.607456392002714 10
0000 0011 1710490791427 -16.25 -67.0 5.166447293598839 10
0000 0012 1710490791427 -59.375 -61.0 5.2768939103266055 10
0000 0014 1710490791427 6.5 -68.0 4.890330751779424 10
0000 0006 1710490791427 0.0 -63.0 2.350058567040802 10
0000 0015 1710490791428 78.0625 -67.5 3.5281558121369745 10
0000 0009 1710490791428 -21.125 -66.5 4.074252972624263 10
0000 0010 1710490791428 58.5625 -62.0 1.4296700943094176 10
0000 0008 1710490791429 -16.25 -57.0 5.141903600992669 10
0000 0000 1710490791429 -38.1875 -68.5 5.4671075280244255 10
0000 0007 1710490791671 -4.0625 -69.0 5.028389022689132 10
0000 0005 1710490791671 4.0625 -72.0 2.3746022596469727 10
0000 0004 1710490791672 -0.25 -66.5 6.043884304269426 10
0000 0004 1710490791672 0.0 -60.5 0.01227184630308513 10
0000 0005 1710490791672 34.9375 -69.5 5.964117303299373 10
0000 0007 1710490791673 78.0625 -63.0 3.693825737228624 10
0000 0009 1710490791673 0.0 -65.5 0.4111068511533518 10
0000 0014 1710490791673 -97.625 -68.0 4.841243366567084 10
0000 0010 1710490791673 -87.875 -64.5 5.141903600992669 10
0000 0008 1710490791674 -6.5 -61.0 1.9144080232812801 10
0000 0012 1710490791674 -73.1875 -63.5 0.8835729338221293 10
0000 0015 1710490791674 8.9375 -70.0 1.1719613219446299 10
0000 0006 1710490791675 3.0 -73.0 2.000310947402876 10
0000 0003 1710490791675 -1.1875 -74.0 6.178874613603362 10
0000 0011 1710490791813 3.5625 -71.5 2.662990647769473 10
0000 0001 1710490791813 2.4375 -74.0 4.25833066717054 10
0000 0000 1710490791813 0.25 -74.0 6.043884304269426 10
0000 0003 1710490791813 -87.875 -69.0 3.6079228131070282 10
0000 0008 1710490791814 -6.5 -60.5 5.418020142812084 10
0000 0009 1710490791814 139.125 -68.5 3.9515345095934116 10
0000 0015 1710490791814 9.75 -68.0 1.9573594853420782 10
0000 0010 1710490791814 -29.25 -66.5 2.9391071895888885 10
0000 0004 1710490791815 -19.5 -70.5 3.429981041712294 10
0000 0001 1710490791815 16.25 -71.5 1.6751070203711202 10
0000 0012 1710490791815 -117.9375 -70.5 0.9572040116406401 10
0000 0000 1710490791816 -17.0625 -71.0 0.21475731030398976 10
0000 0006 1710490791816 -26.0 -68.0 4.755340442445488 10
0000 0014 1710490791816 91.125 -73.0 4.76147636559703 10
0000 0011 1710490791817 6.6875 -70.5 0.607456392002714 10
0000 0000 1710490791817 21.125 -71.0 2.5832236467994196 10
0000 0008 1710490791818 29.25 -58.5 2.098485717827557 10
0000 0004 1710490791818 -26.0 -62.0 1.6014759425526093 10
0000 0009 1710490791818 13.8125 -62.5 1.5033011721279284 10
0000 0006 1710490791819 -52.0625 -66.5 1.6751070203711202 10
0000 0010 1710490791819 -45.5625 -61.0 5.810719224510809 10
0000 0012 1710490791819 42.3125 -70.5 5.221670601962723 10
0000 0011 1710490791819 -110.625 -68.0 2.018718716857504 10
0000 0013 1710490791820 -22.75 -67.5 2.761165418194154 10
0000 0001 1710490791920 -7.3125 -75.5 0.02454369260617026 10
0000 0015 1710490791920 4.875 -70.0 4.276738436625168 10
0000 0014 1710490791921 0.0 -75.0 4.3503695144436785 10
0000 0003 1710490791921 1.9375 -75.0 1.4173982480063325 10
0000 0004 1710490792064 -48.8125 -62.0 5.160311370447297 10
0000 0010 1710490792065 -29.25 -59.5 2.804116880254952 10
0000 0009 1710490792065 -38.1875 -61.5 5.289165756629691 10
0000 0003 1710490792065 -139.9375 -71.0 5.209398755659637 10
0000 0012 1710490792066 -35.75 -64.0 4.104932588381976 10
0000 0008 1710490792066 45.5625 -60.0 0.44178646691106466 10
0000 0001 1710490792066 58.5625 -70.0 2.761165418194154 10
0000 0000 1710490792066 -76.4375 -70.5 0.9572040116406401 10
0000 0007 1710490792067 65.0625 -63.5 3.8410878928656453 10
0000 0005 1710490792067 43.125 -72.0 5.482447335903282 10
0000 0011 1710490792067 -8.9375 -70.0 0.07669903939428206 10
0000 0015 1710490792068 -0.5625 -72.5 4.239922897715912 10
0000 0006 1710490792068 2.1875 -73.0 5.405748296509 10
0000 0004 1710490792069 9.75 -63.0 4.221515128261284 10
0000 0015 1710490792069 -166.0 -69.5 1.932815792735908 10
0000 0011 1710490792069 -29.25 -64.0 3.2213596545598464 10
0000 0007 1710490792070 74.8125 -67.0 6.013204688511713 10
0000 0009 1710490792070 6.5 -57.0 3.3870295796514958 10
0000 0000 1710490792070 6.5 -70.0 5.092816215780329 10
0000 0008 1710490792071 -13.0 -61.5 4.76147636559703 10
0000 0010 1710490792071 -61.8125 -70.5 1.6505633277649499 10
0000 0012 1710490792170 1.3125 -71.0 0.04295146206079795 10
0000 0005 1710490792171 -1.8125 -68.0 5.939573610693203 10
0000 0001 1710490792171 4.875 -75.5 5.45483568172134 10
0000 0008 1710490792313 45.5625 -66.5 1.8039614065535141 10
0000 0000 1710490792313 192.0 -71.0 1.846912868614312 10
0000 0009 1710490792313 27.625 -57.0 6.062292073724054 10
0000 0007 1710490792313 -3.25 -68.0 5.64504929941916 10
0000 0004 1710490792314 0.0 -62.0 0.46019423636569234 10
0000 0015 1710490792314 -22.75 -68.0 1.748738098189631 10
0000 0011 1710490792314 35.75 -61.5 0.4724660826687775 10
0000 0005 1710490792314 -29.25 -60.0 3.4913402732277192 10
0000 0001 1710490792315 2.4375 -73.0 4.669437518323892 10
0000 0013 1710490792315 3.5625 -74.5 5.6941366846315 10
0000 0015 1710490792315 -32.5 -67.5 1.564660403643354 10
0000 0011 1710490792316 32.5 -64.0 3.0066023442558567 10
0000 0008 1710490792316 45.5625 -63.0 5.197126909356553 10
0000 0009 1710490792317 3.25 -56.0 2.724349879284899 10
0000 0005 1710490792317 10.5625 -65.5 4.509903516383785 10
0000 0004 1710490792317 -9.75 -64.0 5.829126993965437 10
0000 0000 1710490792318 -87.875 -68.5 5.9088939949354895 10
0000 0012 1710490792318 0.0 -66.5 3.902447124381071 10
0000 0010 1710490792421 1.8125 -71.5 1.4848934026733007 10
0000 0002 1710490792421 15.25 -79.0 0.7792622402459057 10
0000 0006 1710490792421 1.5 -74.5 4.270602513473625 10
0000 0000 1710490792559 94.375 -71.5 2.736621725587984 10
0000 0012 1710490792559 29.25 -56.0 0.48473792897186263 10
0000 0004 1710490792559 35.75 -59.5 1.509437095279471 10
0000 0008 1710490792559 13.0 -67.5 2.6016314162540475 10
0000 0015 1710490792560 61.8125 -69.0 1.6444274046134073 10
0000 0009 1710490792560 -9.75 -58.0 5.786175531904639 10
0000 0005 1710490792560 3.25 -66.5 3.2397674240144743 10
0000 0014 1710490792561 -52.0625 -67.5 5.338253141842031 10
0000 0010 1710490792561 42.3125 -66.5 0.7669903939428205 10
0000 0011 1710490792561 -55.3125 -66.0 6.22182607566416 10
0000 0002 1710490792561 -22.75 -74.0 0.803805932852076 10
0000 0000 1710490792562 81.375 -70.0 0.2638446955163303 10
0000 0009 1710490792563 -13.8125 -60.0 2.9329712664373457 10
0000 0001 1710490792563 195.25 -73.0 2.4727770300716534 10
0000 0008 1710490792563 13.0 -61.5 0.1349903093339364 10
0000 0015 1710490792563 9.75 -70.0 2.2886993355253766 10
0000 0012 1710490792564 13.8125 -55.5 3.56497135104623 10
0000 0004 1710490792564 -35.75 -62.5 5.209398755659637 10
0000 0011 1710490792564 -16.25 -62.5 2.7979809571034093 10
0000 0014 1710490792565 45.5625 -69.0 1.1474176293384597 10
0000 0010 1710490792565 -71.5625 -67.5 4.319689898685965 10
0000 0007 1710490792565 -48.8125 -65.0 1.5278448647340985 10
0000 0005 1710490792565 -100.875 -67.5 4.902602598082509 10
0000 0002 1710490792669 -12.3125 -79.5 1.8285050991596843 10
0000 0006 1710490792669 3.625 -75.0 0.5829126993965437 10
0000 0003 1710490792819 2.25 -75.0 5.8659425328746915 10
0000 0013 1710490792819 1.4375 -68.0 0.05522330836388308 10
0000 0005 1710490792819 10.5625 -61.0 3.9638063558964967 10
0000 0004 1710490792819 74.8125 -63.5 3.1784081924990484 10
0000 0001 1710490792820 42.3125 -69.5 1.9144080232812801 10
0000 0000 1710490792820 32.5 -64.5 5.896622148632405 10
0000 0014 1710490792820 0.0 -69.5 1.1535535524900022 10
0000 0012 1710490792821 -10.5625 -56.5 4.565126824747668 10
0000 0011 1710490792821 0.0 -62.5 1.7671458676442586 10
0000 0013 1710490792821 -52.0625 -67.0 3.56497135104623 10
0000 0009 1710490792821 59.375 -61.5 1.8285050991596843 10
0000 0008 1710490792822 -6.5 -57.0 5.798447378207723 10
0000 0010 1710490792822 -9.75 -57.0 2.7979809571034093 10
0000 0015 1710490792823 14.0 -69.0 1.7303303287350031 10
0000 0006 1710490792823 -0.25 -73.5 5.786175531904639 10
0000 0007 1710490792823 1.9375 -72.0 2.325514874434632 10
0000 0002 1710490792824 9.0625 -79.0 5.460971604872882 10
0000 0010 1710490792920 -6.5 -54.0 5.957981380147831 10
0000 0007 1710490792921 -48.8125 -68.5 3.000466421104314 10
0000 0014 1710490792921 45.5625 -67.5 0.8835729338221293 10
0000 0008 1710490792921 -3.25 -55.0 3.4054373491061236 10
0000 0001 1710490792921 113.875 -71.0 5.872078456026235 10
0000 0013 1710490792922 -13.0 -64.0 4.743068596142402 10
0000 0004 1710490792922 0.0 -59.0 0.8099418560036186 10
0000 0012 1710490792922 22.75 -61.0 5.553010452146021 10
0000 0009 1710490792923 13.8125 -66.5 0.7976700097005334 10
0000 0005 1710490792923 32.5 -68.5 5.2768939103266055 10
0000 0000 1710490792924 -58.5625 -67.5 3.6263305825616556 10
0000 0015 1710490792924 -94.375 -63.0 5.485515297479052 10
0000 0006 1710490792924 42.3125 -64.5 2.4605051837685683 10
0000 0011 1710490792925 -7.3125 -69.5 2.2733595276465204 10
0000 0002 1710490792925 -3.0 -77.0 0.7976700097005334 10
0000 0013 1710490793101 19.5 -67.0 4.933282213840222 10
0000 0009 1710490793101 -9.75 -64.0 3.552699504743145 10
0000 0000 1710490793101 22.75 -64.0 0.4172427743048944 10
0000 0008 1710490793102 22.75 -54.0 6.160466844148735 10
0000 0010 1710490793102 26.0 -58.5 3.0250101137104846 10
0000 0006 1710490793102 29.25 -61.5 0.018407769454627694 10
0000 0004 1710490793103 -48.8125 -60.0 4.902602598082509 10
0000 0001 1710490793103 -6.5 -69.0 3.890175278077986 10
0000 0007 1710490793103 -48.8125 -66.5 5.074408446325701 10
0000 0015 1710490793103 -22.75 -67.5 3.448388811166921 10
0000 0011 1710490793104 58.5625 -65.5 4.97623367590102 10
0000 0003 1710490793104 91.125 -69.0 5.129631754689584 10
0000 0002 1710490793104 -169.25 -74.0 2.9329712664373457 10
0000 0012 1710490793105 -0.125 -75.5 1.0369710126106935 10
0000 0008 1710490793105 3.25 -55.0 3.3318062712876126 10
0000 0004 1710490793105 19.5 -55.5 2.1598449493429825 10
0000 0009 1710490793105 24.375 -64.0 0.8283496254582462 10
0000 0010 1710490793106 -39.0 -60.5 5.66959299202533 10
0000 0007 1710490793106 74.8125 -65.5 1.4542137869155878 10
0000 0006 1710490793106 19.5 -60.5 3.847223816017188 10
0000 0000 1710490793107 -6.5 -66.0 3.7981364308048478 10
0000 0003 1710490793107 39.0 -70.5 2.9268353432858034 10
0000 0001 1710490793107 16.25 -67.0 1.1167380135807468 10
0000 0015 1710490793107 -136.6875 -67.0 5.970253226450915 10
0000 0013 1710490793108 16.25 -66.0 2.9268353432858034 10
0000 0011 1710490793108 3.25 -66.5 1.3437671701878218 10
0000 0012 1710490793170 21.125 -70.0 1.043106935762236 10
0000 0002 1710490793170 4.875 -78.5 1.6751070203711202 10
0000 0014 1710490793170 1.8125 -74.5 0.6381360077604268 10
0000 0010 1710490793345 29.25 -56.5 2.988194574801229 10
0000 0006 1710490793345 19.5 -62.0 5.71868037723767 10
0000 0008 1710490793345 9.75 -54.5 0.944932165337555 10
0000 0007 1710490793345 9.75 -63.5 3.834951969714103 10
0000 0004 1710490793346 -22.75 -59.5 6.050020227420969 10
0000 0005 1710490793346 -61.8125 -69.0 0.11044661672776616 10
0000 0012 1710490793346 17.0625 -60.0 5.3627968344482015 10
0000 0013 1710490793346 0.0 -62.0 0.47860200582032003 10
0000 0015 1710490793347 -35.75 -68.5 5.976389149602458 10
0000 0009 1710490793347 -21.125 -60.5 5.460971604872882 10
0000 0003 1710490793347 211.5625 -70.5 5.485515297479052 10
0000 0001 1710490793348 81.375 -69.0 5.080544369477243 10
0000 0011 1710490793348 -6.5 -67.0 4.743068596142402 10
0000 0000 1710490793348 97.625 -64.0 1.9512235621905356 10
0000 0002 1710490793349 18.5625 -79.5 0.6504078540635119 10
0000 0013 1710490793349 16.25 -60.5 0.6688156235181395 10
0000 0012 1710490793349 87.875 -64.5 2.6200391857086753 10
0000 0000 1710490793349 -131.8125 -67.5 5.767767762450011 10
0000 0001 1710490793350 130.1875 -71.0 2.5341362615870793 10
0000 0015 1710490793351 -139.9375 -69.0 0.44178646691106466 10
0000 0009 1710490793351 -3.25 -56.0 3.153864499892878 10
0000 0008 1710490793351 -3.25 -57.0 5.724816300389213 10
0000 0011 1710490793351 32.5 -62.5 2.086213871524472 10
0000 0004 1710490793352 -9.75 -60.0 3.9638063558964967 10
0000 0006 1710490793353 0.0 -64.0 3.436116964863836 10
0000 0007 1710490793353 22.75 -60.0 1.2333205534600555 10
0000 0010 1710490793353 13.0 -57.5 1.2885438618239387 10
0000 0005 1710490793420 41.5 -70.0 0.17794177139473438 10
0000 0003 1710490793420 -11.5625 -74.5 1.846912868614312 10
0000 0002 1710490793420 -1.1875 -77.0 4.356505437595221 10
0000 0005 1710490793481 42.3125 -56.0 2.6016314162540475 10
0000 0011 1710490793481 26.0 -62.0 5.111223985234957 10
0000 0010 1710490793482 -16.25 -59.0 4.184699589352029 10
0000 0009 1710490793482 -17.0625 -52.5 5.902758071783947 10
0000 0004 1710490793482 19.5 -60.5 1.3130875544301088 10
0000 0008 1710490793482 19.5 -54.5 2.767301341345697 10
0000 0012 1710490793483 -24.375 -57.0 2.8286605728611223 10
0000 0013 1710490793483 71.5625 -60.0 1.564660403643354 10
0000 0000 1710490793483 0.0 -65.0 3.9453985864418692 10
0000 0002 1710490793484 52.0625 -73.5 0.34974761963792617 10
0000 0007 1710490793484 -45.5625 -57.0 5.8475347634200645 10
0000 0014 1710490793484 -100.875 -72.5 5.583690067903734 10
0000 0006 1710490793484 -39.0 -64.5 0.9019807032767571 10
0000 0001 1710490793485 29.25 -68.5 1.1596894756415448 10
0000 0015 1710490793485 -16.25 -68.0 0.22089323345553233 10
0000 0003 1710490793485 29.25 -73.5 1.8438449070385408 10
0000 0014 1710490793671 -42.3125 -69.5 4.681709364626977 10
0000 0015 1710490793671 -16.25 -65.5 0.7363107781851077 10
0000 0009 1710490793671 -7.3125 -51.5 1.6812429435226628 10
0000 0007 1710490793672 22.75 -58.5 1.4542137869155878 10
0000 0010 1710490793672 39.0 -60.0 0.25770877236478773 10
0000 0013 1710490793672 19.5 -59.5 1.8960002538266525 10
0000 0011 1710490793672 -13.0 -63.5 1.0983302441261191 10
0000 0005 1710490793673 9.75 -61.0 5.4671075280244255 10
0000 0001 1710490793673 -42.3125 -70.0 4.743068596142402 10
0000 0008 1710490793673 9.75 -54.0 5.559146375297564 10
0000 0004 1710490793674 -9.75 -57.0 5.111223985234957 10
0000 0012 1710490793674 16.25 -58.5 1.3499030933393643 10
0000 0000 1710490793674 6.5 -63.5 0.4049709280018093 10
0000 0006 1710490793674 -13.0 -65.0 3.5158839658338894 10
0000 0003 1710490793675 4.6875 -74.0 0.5829126993965437 10
0000 0010 1710490793822 3.25 -58.5 2.9022916506796332 10
0000 0014 1710490793822 -74.8125 -67.5 1.8285050991596843 10
0000 0013 1710490793822 9.75 -62.5 2.521864415283994 10
0000 0011 1710490793822 13.0 -65.0 3.448388811166921 10
0000 0009 1710490793823 -17.0625 -54.0 4.049709280018092 10
0000 0004 1710490793823 45.5625 -58.5 1.4419419406125027 10
0000 0002 1710490793823 -289.6875 -71.0 0.9878836273983529 10
0000 0008 1710490793824 -16.25 -53.5 2.2334760271614935 10
0000 0012 1710490793824 -16.25 -55.0 4.111068511533518 10
0000 0003 1710490793824 16.25 -69.0 1.8960002538266525 10
0000 0000 1710490793825 -34.9375 -63.5 3.9638063558964967 10
0000 0005 1710490793825 -10.5625 -59.5 1.6444274046134073 10
0000 0006 1710490793826 -16.25 -69.5 5.252350217720435 10
0000 0007 1710490793826 6.5 -61.5 3.5036121195308043 10
0000 0001 1710490793826 45.5625 -68.0 1.9389517158874505 10
0000 0005 1710490793826 9.75 -58.0 2.859340188618835 10
0000 0009 1710490793827 10.5625 -53.0 0.4172427743048944 10
0000 0008 1710490793827 -19.5 -53.5 5.0682725231741586 10
0000 0012 1710490793827 29.25 -58.0 1.1167380135807468 10
0000 0011 1710490793828 -9.75 -60.0 5.626641529964532 10
0000 0001 1710490793828 130.1875 -68.5 5.553010452146021 10
0000 0010 1710490793828 -26.0 -61.5 5.737088146692298 10
0000 0014 1710490793829 -65.0625 -66.0 4.28287435977671 10
0000 0007 1710490793829 -26.0 -57.5 5.681864838328415 10
0000 0013 1710490793830 65.0625 -65.0 2.6875343403756435 10
0000 0000 1710490793830 52.0625 -60.0 0.35588354278946877 10
0000 0004 1710490793830 9.75 -58.0 5.264622064023521 10
0000 0003 1710490793830 48.8125 -70.5 5.559146375297564 10
0000 0002 1710490793916 32.3125 -76.0 0.7915340865489908 10
0000 0006 1710490793917 16.4375 -72.5 1.4051264017032472 10
