0000 0003 1710748772500 0.8125 -76.5 5.473243451175968 2
0000 0007 1710748772500 -32.5 -69.5 5.21553467881118 2
0000 0005 1710748772501 -45.5625 -57.5 5.878214379177777 2
0000 0006 1710748772501 39.0 -63.0 3.6570101983193686 2
0000 0014 1710748772502 -58.5625 -67.0 4.295146206079795 2
0000 0000 1710748772502 -114.6875 -70.5 5.418020142812084 2
0000 0004 1710748772502 -39.0 -62.5 1.846912868614312 2
0000 0008 1710748772502 -100.875 -71.5 1.6873788666742053 2
0000 0015 1710748772749 -0.8125 -74.5 5.595961914206819 2
0000 0003 1710748772750 0.9375 -76.5 5.47937937432751 2
0000 0006 1710748772750 -61.8125 -64.0 3.7429131224409646 2
0000 0014 1710748772750 -39.0 -66.5 4.227651051412827 2
0000 0004 1710748772751 175.75 -62.5 1.5401167110371838 2
0000 0007 1710748772751 32.5 -69.0 5.203262832508095 2
0000 0005 1710748772752 -22.75 -57.0 5.8475347634200645 2
0000 0000 1710748772752 -156.1875 -71.0 5.387340527054372 2
0000 0008 1710748772752 39.0 -73.5 1.227184630308513 2
0000 0015 1710748773000 4.375 -74.5 5.393476450205914 2
0000 0003 1710748773000 9.4375 -76.5 5.295301679781233 2
0000 0014 1710748773000 19.5 -66.0 4.172427743048944 2
0000 0004 1710748773001 -35.75 -62.5 1.8960002538266525 2
0000 0005 1710748773001 13.0 -57.5 5.737088146692298 2
0000 0006 1710748773001 -19.5 -63.5 3.730641276137879 2
0000 0007 1710748773002 6.5 -68.5 5.135767677841127 2
0000 0000 1710748773002 59.375 -70.5 5.1725832167503825 2
0000 0008 1710748773002 -22.75 -72.5 1.3867186322486196 2
0000 0015 1710748773169 2.25 -74.5 5.497787143782138 2
0000 0003 1710748773169 1.9375 -76.0 5.681864838328415 2
0000 0006 1710748773169 -13.0 -63.0 3.6754179677739964 2
0000 0005 1710748773170 -27.625 -57.5 5.816855147662351 2
0000 0004 1710748773170 -26.0 -62.5 1.8223691760081417 2
0000 0007 1710748773170 126.9375 -69.5 5.105088062083414 2
0000 0014 1710748773171 -84.625 -66.5 4.362641360746763 2
0000 0000 1710748773171 38.1875 -69.5 5.264622064023521 2
0000 0008 1710748773171 126.9375 -73.0 1.0799224746714913 2
0000 0015 1710748773172 1.75 -75.0 5.50392306693368 2
0000 0003 1710748773172 -3.125 -76.0 5.663457068873787 2
0000 0004 1710748773172 -42.3125 -63.0 1.846912868614312 2
0000 0005 1710748773173 13.0 -57.5 5.743224069843841 2
0000 0014 1710748773174 6.5 -66.5 4.154019973594316 2
0000 0006 1710748773174 42.3125 -63.5 3.6079228131070282 2
0000 0007 1710748773174 6.5 -69.0 5.295301679781233 2
0000 0008 1710748773175 13.0 -72.0 1.1535535524900022 2
0000 0000 1710748773175 68.3125 -69.5 5.197126909356553 2
0000 0003 1710748773511 6.625 -75.5 5.516194913236766 2
0000 0015 1710748773512 2.125 -74.5 5.448699758569798 2
0000 0000 1710748773512 -59.375 -70.0 5.325981295538946 2
0000 0014 1710748773512 29.25 -67.0 4.172427743048944 2
0000 0004 1710748773513 -16.25 -63.0 1.8162332528565992 2
0000 0005 1710748773513 -9.75 -57.5 5.749359992995383 2
0000 0006 1710748773513 19.5 -63.5 3.5833791205008576 2
0000 0007 1710748773514 -78.0625 -69.5 5.411884219660542 2
0000 0008 1710748773514 -208.3125 -72.5 1.8162332528565992 2
0000 0015 1710748773753 5.1875 -75.0 5.45483568172134 2
0000 0003 1710748773753 3.125 -76.0 5.553010452146021 2
0000 0005 1710748773753 0.0 -57.5 5.749359992995383 2
0000 0000 1710748773754 55.3125 -69.5 5.148039524144211 2
0000 0007 1710748773754 113.875 -69.0 5.013049214810275 2
0000 0008 1710748773755 -257.125 -72.5 1.7978254834019713 2
0000 0004 1710748773755 -52.0625 -63.0 1.902136176978195 2
0000 0006 1710748773755 32.5 -63.5 3.6079228131070282 2
0000 0014 1710748773756 6.5 -66.5 4.178563666200486 2
0000 0003 1710748773756 -0.9375 -76.0 5.620505606812989 2
0000 0015 1710748773756 1.4375 -75.0 5.522330836388308 2
0000 0007 1710748773757 -29.25 -69.0 5.258486140871978 2
0000 0005 1710748773758 7.3125 -57.5 5.737088146692298 2
0000 0014 1710748773758 9.75 -66.5 4.2092432819582 2
0000 0006 1710748773758 35.75 -63.5 3.5833791205008576 2
0000 0004 1710748773759 9.75 -62.5 1.7916895602504288 2
0000 0000 1710748773759 0.0 -70.0 5.289165756629691 2
0000 0003 1710748774000 7.625 -76.0 5.387340527054372 2
0000 0015 1710748774000 -6.4375 -75.0 5.583690067903734 2
0000 0000 1710748774000 113.875 -69.5 5.21553467881118 2
0000 0004 1710748774001 42.3125 -62.5 1.7548740213411735 2
0000 0006 1710748774001 -22.75 -63.5 3.706097583531709 2
0000 0008 1710748774001 -26.0 -72.5 1.2517283229146832 2
0000 0005 1710748774002 -42.3125 -57.5 5.798447378207723 2
0000 0007 1710748774002 -123.6875 -68.5 5.43029198911517 2
0000 0014 1710748774002 29.25 -67.0 4.172427743048944 2
0000 0015 1710748774249 1.5625 -75.0 5.565282298449106 2
0000 0003 1710748774250 -1.9375 -76.5 5.565282298449106 2
0000 0000 1710748774495 26.0 -71.0 5.135767677841127 2
0000 0007 1710748774495 -19.5 -69.0 5.166447293598839 2
0000 0014 1710748774495 -113.875 -66.0 4.424000592262189 2
0000 0008 1710748774496 -9.75 -72.0 1.3499030933393643 2
0000 0005 1710748774496 -32.5 -57.5 5.7616318392984684 2
0000 0006 1710748774496 3.25 -63.0 3.650874275167826 2
0000 0004 1710748774497 -6.5 -62.5 1.8346410223112268 2
0000 0003 1710748774497 -7.625 -76.5 2.448233337465483 2
0000 0015 1710748774497 6.3125 -74.5 5.399612373357457 2
0000 0007 1710748774498 -91.125 -68.0 5.405748296509 2
0000 0000 1710748774498 208.3125 -70.5 4.908738521234052 2
0000 0006 1710748774498 -3.25 -63.0 3.663146121470911 2
0000 0005 1710748774499 6.5 -57.5 5.712544454086128 2
0000 0004 1710748774499 9.75 -63.0 1.8223691760081417 2
0000 0014 1710748774500 -42.3125 -66.0 4.289010282928253 2
0000 0008 1710748774500 -55.3125 -73.5 1.4910293258248433 2
0000 0003 1710748774759 -5.625 -77.5 5.546874528994478 2
0000 0008 1710748774759 -87.875 -72.0 1.5401167110371838 2
0000 0014 1710748774760 -42.3125 -66.0 4.276738436625168 2
0000 0006 1710748774760 29.25 -63.5 3.6079228131070282 2
0000 0005 1710748774760 -13.8125 -57.5 5.712544454086128 2
0000 0004 1710748774761 -19.5 -63.5 1.859184714917397 2
0000 0007 1710748774761 -162.75 -69.0 5.626641529964532 2
0000 0000 1710748774762 125.3125 -70.0 4.871922982324796 2
0000 0003 1710748774762 0.0 -76.5 2.1659808724945253 2
0000 0006 1710748775010 6.5 -62.5 3.6386024288647407 2
0000 0014 1710748775010 -104.125 -65.5 4.344233591292136 2
0000 0007 1710748775010 -45.5625 -69.5 5.313709449235861 2
0000 0000 1710748775011 -177.375 -71.0 5.258486140871978 2
0000 0004 1710748775011 52.0625 -63.0 1.7241944055834606 2
0000 0005 1710748775011 32.5 -57.5 5.6143696836614465 2
0000 0008 1710748775012 -55.3125 -73.0 1.4910293258248433 2
0000 0003 1710748775012 6.8125 -76.5 5.497787143782138 2
0000 0015 1710748775222 2.5625 -75.0 5.393476450205914 2
0000 0001 1710748775222 -1.25 -74.5 5.289165756629691 2
0000 0006 1710748775222 22.75 -63.0 3.6017868899554855 2
0000 0005 1710748775223 -39.0 -57.5 5.71868037723767 2
0000 0004 1710748775223 -16.25 -62.0 1.8223691760081417 2
0000 0014 1710748775223 -78.0625 -66.0 4.356505437595221 2
0000 0007 1710748775224 -126.9375 -68.5 5.424156065963627 2
0000 0008 1710748775224 136.6875 -72.5 1.1474176293384597 2
0000 0000 1710748775224 -104.125 -70.0 5.2768939103266055 2
0000 0003 1710748775225 12.1875 -76.0 5.3627968344482015 2
0000 0015 1710748775225 4.5625 -75.0 5.387340527054372 2
0000 0006 1710748775225 74.8125 -63.5 3.479068426924634 2
0000 0014 1710748775226 65.0625 -66.0 4.1172044346850605 2
0000 0000 1710748775226 -131.8125 -71.0 5.2768939103266055 2
0000 0007 1710748775227 -35.75 -69.0 5.289165756629691 2
0000 0004 1710748775227 58.5625 -62.5 1.6689710972195777 2
0000 0005 1710748775227 -9.75 -57.5 5.700272607783043 2
0000 0008 1710748775228 -208.3125 -72.5 1.533980787885641 2
0000 0003 1710748775258 -3.625 -76.0 5.50392306693368 2
0000 0015 1710748775499 2.875 -75.0 5.448699758569798 2
0000 0006 1710748775500 32.5 -63.0 3.5956509668039427 2
0000 0007 1710748775500 39.0 -69.5 5.190990986205009 2
0000 0008 1710748775500 100.875 -73.5 1.0185632431560658 2
0000 0004 1710748775501 -42.3125 -63.0 1.8100973297050567 2
0000 0005 1710748775501 -17.0625 -57.5 5.6941366846315 2
0000 0000 1710748775501 73.1875 -70.5 5.098952138931871 2
0000 0014 1710748775502 -182.25 -66.0 4.491495746929157 2
0000 0003 1710748775502 -1.1875 -75.5 2.380738182798515 2
0000 0015 1710748775997 2.5625 -75.0 5.473243451175968 2
0000 0001 1710748775997 8.125 -74.5 4.914874444385594 2
0000 0001 1710748775998 -1.25 -74.5 5.184855063053467 2
0000 0014 1710748775998 -52.0625 -66.0 4.325825821837508 2
0000 0006 1710748775998 -16.25 -63.0 3.6447383520162835 2
0000 0004 1710748775999 19.5 -62.0 1.748738098189631 2
0000 0005 1710748775999 -32.5 -57.0 5.700272607783043 2
0000 0007 1710748775999 3.25 -68.5 5.2768939103266055 2
0000 0000 1710748776000 -17.0625 -69.0 5.141903600992669 2
0000 0008 1710748776000 -19.5 -74.0 1.5707963267948966 2
0000 0003 1710748776000 12.8125 -75.0 5.405748296509 2
0000 0015 1710748776001 -0.8125 -75.0 5.516194913236766 2
0000 0014 1710748776002 3.25 -65.5 4.295146206079795 2
0000 0007 1710748776002 -13.0 -68.5 5.148039524144211 2
0000 0004 1710748776002 16.25 -62.5 1.7732817907958012 2
0000 0000 1710748776002 -169.25 -69.5 5.393476450205914 2
0000 0005 1710748776003 -10.5625 -57.5 5.675728915176872 2
0000 0006 1710748776003 35.75 -63.5 3.5711072741977725 2
0000 0008 1710748776004 117.125 -73.5 0.9940195505498954 2
0000 0003 1710748776255 -8.5 -75.0 5.485515297479052 2
0000 0002 1710748776255 9.4375 -80.5 2.3930100291016 2
0000 0001 1710748776499 -4.0 -74.5 5.221670601962723 2
0000 0015 1710748776499 -8.125 -75.0 5.638913376267617 2
0000 0004 1710748776500 -19.5 -62.0 1.7794177139473437 2
0000 0005 1710748776500 -19.5 -57.5 5.706408530934585 2
0000 0000 1710748776500 93.5625 -69.0 5.049864753719531 2
0000 0006 1710748776501 -16.25 -63.0 3.6570101983193686 2
0000 0014 1710748776501 -29.25 -66.5 4.252194744018997 2
0000 0007 1710748776501 58.5625 -68.5 5.056000676871073 2
0000 0008 1710748776502 -237.5625 -73.0 1.6566992509164924 2
0000 0003 1710748776502 8.5 -75.0 5.5284667595398505 2
0000 0002 1710748776502 -30.5 -80.5 5.810719224510809 2
0000 0015 1710748776750 -3.6875 -75.0 5.546874528994478 2
0000 0005 1710748776750 -6.5 -57.5 5.651185222570702 2
0000 0004 1710748776750 19.5 -62.0 1.7548740213411735 2
0000 0006 1710748776751 -6.5 -63.5 3.6386024288647407 2
0000 0000 1710748776751 35.75 -69.0 5.160311370447297 2
0000 0014 1710748776751 -6.5 -66.0 4.178563666200486 2
0000 0007 1710748776751 -71.5625 -68.5 5.3627968344482015 2
0000 0008 1710748776752 16.25 -73.0 1.1780972450961724 2
0000 0003 1710748776752 -3.0 -75.5 5.534602682691394 2
0000 0015 1710748776999 -2.25 -75.0 5.522330836388308 2
0000 0005 1710748776999 -35.75 -57.5 5.724816300389213 2
0000 0006 1710748776999 -3.25 -62.5 3.6324665057131984 2
0000 0004 1710748777000 9.75 -63.0 1.736466251886546 2
0000 0014 1710748777000 -58.5625 -66.0 4.405592822807561 2
0000 0007 1710748777000 65.0625 -68.0 5.013049214810275 2
0000 0000 1710748777001 -13.8125 -70.0 5.141903600992669 2
0000 0008 1710748777001 162.75 -72.5 1.1780972450961724 2
0000 0003 1710748777001 -0.5625 -76.0 5.43029198911517 2
0000 0001 1710748777002 0.125 -74.5 5.117359908386499 2
0000 0015 1710748777002 2.5625 -74.5 5.675728915176872 2
0000 0006 1710748777216 19.5 -63.0 3.6386024288647407 2
0000 0005 1710748777216 9.75 -57.5 5.663457068873787 2
0000 0014 1710748777216 -6.5 -66.5 4.289010282928253 2
0000 0004 1710748777217 -29.25 -63.0 1.8407769454627694 2
0000 0007 1710748777217 -94.375 -69.5 5.332117218690489 2
0000 0000 1710748777217 52.0625 -71.5 5.0253210611133605 2
0000 0008 1710748777218 3.25 -72.5 1.3069516312785663 2
0000 0003 1710748777218 -1.1875 -76.0 5.577554144752192 2
0000 0001 1710748777218 0.625 -74.5 5.141903600992669 2
0000 0015 1710748777219 5.3125 -75.0 5.45483568172134 2
0000 0004 1710748777219 16.25 -62.5 1.7548740213411735 2
0000 0000 1710748777219 -205.0625 -70.5 5.595961914206819 2
0000 0005 1710748777220 -9.75 -57.5 5.6573211457222445 2
0000 0014 1710748777220 -87.875 -66.0 4.356505437595221 2
0000 0007 1710748777221 -29.25 -69.5 5.240078371417351 2
0000 0006 1710748777221 -61.8125 -63.0 3.724505352986337 2
0000 0008 1710748777221 -65.0625 -72.5 1.2578642460662257 2
