0001 0005 1711359449043 -29.25 -66.0 5.043728830567988 19
0001 0007 1711359449043 -32.5 -65.5 0.04295146206079795 19
0001 0009 1711359449043 -55.3125 -71.0 3.9208548938356986 19
0001 0014 1711359449044 136.6875 -70.5 0.944932165337555 19
0001 0011 1711359449044 52.0625 -68.5 2.067806102069844 19
0001 0006 1711359449045 -84.625 -73.0 2.521864415283994 19
0001 0012 1711359449045 -3.625 -77.0 5.160311370447297 19
0001 0006 1711359449046 -0.5625 -76.0 5.436427912266712 19
0001 0008 1711359449046 11.5625 -78.0 6.117515382087937 19
0001 0005 1711359449046 -19.5 -66.0 5.166447293598839 19
0001 0014 1711359449047 -35.75 -70.0 1.0615147052168636 19
0001 0011 1711359449047 6.5 -68.0 2.1905245651006955 19
0001 0007 1711359449048 3.25 -66.0 6.227961998815704 19
0001 0009 1711359449048 -3.25 -70.0 3.8840393549264434 19
0001 0012 1711359449285 -10.375 -77.0 5.442563835418255 19
0001 0006 1711359449286 -9.125 -75.5 5.387340527054372 19
0001 0008 1711359449286 18.5625 -77.5 5.737088146692298 19
0001 0005 1711359449286 -26.0 -66.0 5.209398755659637 19
0001 0011 1711359449287 126.9375 -68.5 1.9819031779482483 19
0001 0007 1711359449287 9.75 -65.0 6.240233845118788 19
0001 0009 1711359449287 -146.4375 -69.5 4.154019973594316 19
0001 0014 1711359449288 97.625 -70.5 0.9265243958829272 19
0001 0008 1711359449288 -28.0625 -77.0 6.12365130523948 19
0001 0006 1711359449288 10.375 -75.5 5.307573526084319 19
0001 0012 1711359449289 -0.25 -78.0 5.2768939103266055 19
0001 0014 1711359449289 120.4375 -70.0 0.9326603190344698 19
0001 0007 1711359449290 13.0 -65.0 6.14819499784565 19
0001 0011 1711359449290 35.75 -68.0 2.073942025221387 19
0001 0009 1711359449291 48.8125 -69.0 3.9760782021995817 19
0001 0005 1711359449291 -48.8125 -66.0 5.203262832508095 19
0001 0006 1711359449540 -5.4375 -75.5 5.43029198911517 19
0001 0012 1711359449540 3.625 -78.0 2.024854640009046 19
0001 0008 1711359449540 10.9375 -78.0 5.841398840268521 19
0001 0011 1711359449541 48.8125 -69.0 2.141437179888355 19
0001 0005 1711359449541 -55.3125 -65.5 5.21553467881118 19
0001 0009 1711359449541 104.125 -69.5 3.9147189706841563 19
0001 0007 1711359449542 -9.75 -65.5 6.215690152512618 19
0001 0014 1711359449542 48.8125 -70.0 1.0676506283684062 19
0001 0006 1711359449542 4.875 -76.0 5.338253141842031 19
0001 0008 1711359449543 5.0 -78.5 6.086835766330224 19
0001 0012 1711359449543 11.5625 -78.0 1.932815792735908 19
0001 0014 1711359449543 -146.4375 -69.5 1.2517283229146832 19
0001 0007 1711359449544 -48.8125 -65.0 0.03681553890925539 19
0001 0009 1711359449544 -84.625 -69.0 4.196971435655114 19
0001 0005 1711359449544 3.25 -66.0 5.074408446325701 19
0001 0011 1711359449545 -26.0 -68.5 2.227340104009951 19
0001 0006 1711359449792 -25.0 -75.5 2.184388641949153 19
0001 0012 1711359449793 1.1875 -78.0 5.203262832508095 19
0001 0008 1711359449793 12.625 -78.5 2.7120780329818137 19
0001 0011 1711359449793 0.0 -70.0 2.1537090261914402 19
0001 0014 1711359449793 29.25 -70.5 0.9510680884890975 19
0001 0009 1711359449794 -74.8125 -69.0 4.227651051412827 19
0001 0007 1711359449794 -22.75 -66.0 6.209554229361076 19
0001 0005 1711359449795 -65.0625 -66.0 5.21553467881118 19
0001 0006 1711359449795 19.5 -75.5 5.166447293598839 19
0001 0012 1711359449795 -4.5625 -77.5 5.2339424482658075 19
0001 0008 1711359449796 0.0 -78.5 5.927301764390117 19
0001 0011 1711359450009 -81.375 -69.5 2.2641556429192065 19
0001 0009 1711359450010 45.5625 -69.0 4.0128937411088375 19
0001 0007 1711359450010 -39.0 -65.5 6.240233845118788 19
0001 0005 1711359450011 -94.375 -66.5 5.338253141842031 19
0001 0014 1711359450012 -136.6875 -70.5 1.3314953238847365 19
0001 0006 1711359450012 12.1875 -75.5 5.325981295538946 19
0001 0012 1711359450012 8.5 -78.0 5.031456984264903 19
0001 0008 1711359450013 -6.8125 -79.5 2.8716120349219203 19
0001 0005 1711359450013 55.3125 -66.5 5.031456984264903 19
0001 0014 1711359450013 -6.5 -70.5 1.0369710126106935 19
0001 0011 1711359450014 58.5625 -69.5 2.1353012567368124 19
0001 0007 1711359450014 29.25 -65.0 6.154330920997192 19
0001 0009 1711359450015 -179.0 -69.5 4.331961744989051 19
0001 0006 1711359450015 18.875 -76.0 5.344389064993574 19
0001 0012 1711359450016 -0.5625 -78.5 2.116893487282185 19
0001 0008 1711359450016 6.25 -78.5 5.890486225480862 19
0001 0009 1711359450265 52.0625 -70.0 4.080388895775806 19
0001 0007 1711359450265 -139.9375 -66.0 0.1227184630308513 19
0001 0005 1711359450265 113.875 -66.0 4.92714629068868 19
0001 0011 1711359450265 100.875 -69.0 1.9880391010997909 19
0001 0014 1711359450266 52.0625 -70.5 1.1044661672776617 19
0001 0006 1711359450266 12.8125 -75.5 5.325981295538946 19
0001 0012 1711359450267 4.875 -77.5 5.092816215780329 19
0001 0008 1711359450267 -0.5625 -78.5 5.743224069843841 19
0001 0007 1711359450267 -104.125 -65.0 0.15339807878856412 19
0001 0005 1711359450268 -81.375 -66.5 5.246214294568893 19
0001 0011 1711359450268 61.8125 -70.0 2.067806102069844 19
0001 0014 1711359450268 -48.8125 -70.0 1.3008157081270237 19
0001 0009 1711359450269 91.125 -71.0 3.9638063558964967 19
0001 0006 1711359450269 3.625 -75.5 5.240078371417351 19
0001 0012 1711359450269 4.5625 -78.0 5.049864753719531 19
0001 0008 1711359450270 -7.875 -78.0 3.0250101137104846 19
0001 0011 1711359450524 26.0 -68.5 2.2089323345553233 19
0001 0014 1711359450524 -68.3125 -70.5 1.1535535524900022 19
0001 0007 1711359450524 29.25 -65.0 6.2463697682703305 19
0001 0005 1711359450524 26.0 -65.5 5.074408446325701 19
0001 0009 1711359450525 -3.25 -70.0 4.06811704947272 19
0001 0006 1711359450525 -22.5625 -75.5 5.375068680751287 19
0001 0012 1711359450525 5.75 -78.0 5.166447293598839 19
0001 0008 1711359450526 2.875 -78.0 2.779573187648782 19
0001 0014 1711359450526 -26.0 -70.0 1.184233168247715 19
0001 0005 1711359450526 110.625 -65.5 4.970097752749477 19
0001 0009 1711359450527 -104.125 -71.5 4.129476280988146 19
0001 0007 1711359450527 -58.5625 -66.0 0.03681553890925539 19
0001 0011 1711359450527 19.5 -69.0 2.2457478734645786 19
0001 0006 1711359450528 9.125 -76.0 5.289165756629691 19
0001 0012 1711359450528 10.375 -78.0 5.092816215780329 19
0001 0008 1711359450528 5.0 -78.5 5.9088939949354895 19
0001 0007 1711359450761 -45.5625 -65.0 0.02454369260617026 19
0001 0009 1711359450761 110.625 -70.0 3.730641276137879 19
0001 0014 1711359450762 -35.75 -70.5 1.2210487071569704 19
0001 0005 1711359450763 -94.375 -66.5 5.270757987175063 19
0001 0011 1711359450763 -61.8125 -68.0 2.3071071049800045 19
0001 0006 1711359450764 -10.9375 -75.5 5.252350217720435 19
0001 0008 1711359450764 9.75 -78.5 5.835262917116979 19
0001 0012 1711359450764 1.8125 -77.5 5.246214294568893 19
0001 0006 1711359450765 110.625 -73.0 2.0371264863121317 19
0001 0007 1711359450765 -29.25 -65.5 6.264777537724958 19
0001 0009 1711359450765 68.3125 -70.0 3.792000507653305 19
0001 0005 1711359450766 -29.25 -65.5 5.117359908386499 19
0001 0011 1711359450766 -218.0625 -67.5 2.5341362615870793 19
0001 0014 1711359450766 -3.25 -70.5 1.0676506283684062 19
0001 0012 1711359450767 -7.875 -77.0 5.129631754689584 19
0001 0008 1711359450767 -14.9375 -77.5 5.915029918087033 19
0001 0005 1711359451004 22.75 -65.5 5.074408446325701 19
0001 0011 1711359451005 -39.0 -68.0 2.227340104009951 19
0001 0009 1711359451005 39.0 -70.5 3.80427235395639 19
0001 0014 1711359451005 84.625 -71.0 0.9326603190344698 19
0001 0007 1711359451006 -3.25 -65.5 0.0 19
0001 0006 1711359451006 58.5625 -73.0 2.184388641949153 19
0001 0012 1711359451006 10.9375 -77.0 5.062136600022616 19
0001 0008 1711359451007 29.25 -77.5 5.8659425328746915 19
0001 0005 1711359451007 -120.4375 -66.0 5.338253141842031 19
0001 0006 1711359451007 65.0625 -74.5 1.9266798695843652 19
0001 0014 1711359451008 149.6875 -70.0 0.8835729338221293 19
0001 0007 1711359451008 -26.0 -65.5 6.277049384028044 19
0001 0011 1711359451008 -55.3125 -68.5 2.337786720737717 19
0001 0009 1711359451009 -84.625 -70.5 3.8963112012295285 19
0001 0012 1711359451009 -23.75 -77.0 5.154175447295755 19
0001 0008 1711359451009 11.5625 -77.0 5.767767762450011 19
0001 0011 1711359451246 94.375 -67.5 2.1353012567368124 19
0001 0009 1711359451246 58.5625 -71.0 3.77972866135022 19
0001 0005 1711359451246 -42.3125 -66.5 5.031456984264903 19
0001 0007 1711359451247 -32.5 -65.5 6.22182607566416 19
0001 0014 1711359451247 -81.375 -70.5 1.1044661672776617 19
0001 0006 1711359451247 100.875 -73.5 2.1966604882522383 19
0001 0012 1711359451248 11.5625 -77.5 5.240078371417351 19
0001 0008 1711359451248 -2.5625 -78.5 6.1420590746941075 19
0001 0014 1711359451248 172.5 -69.5 0.8897088569736719 19
0001 0006 1711359451249 266.875 -73.0 1.8653206380689396 19
0001 0009 1711359451249 -74.8125 -70.0 3.9147189706841563 19
0001 0011 1711359451249 9.75 -68.5 2.2027964114037806 19
0001 0007 1711359451250 13.0 -65.5 6.240233845118788 19
0001 0005 1711359451250 0.0 -66.5 5.166447293598839 19
0001 0012 1711359451250 31.125 -77.0 5.074408446325701 19
0001 0008 1711359451251 -25.0 -77.5 6.191146459906448 19
0001 0014 1711359451495 -139.9375 -70.5 1.239456476611598 19
0001 0011 1711359451495 -42.3125 -67.5 2.1966604882522383 19
0001 0005 1711359451496 6.5 -65.5 5.111223985234957 19
0001 0007 1711359451497 -104.125 -65.0 0.09817477042468103 19
0001 0009 1711359451497 169.25 -70.0 3.5833791205008576 19
0001 0006 1711359451498 -26.0 -74.5 2.012582793705961 19
0001 0012 1711359451498 11.5625 -77.0 5.117359908386499 19
0001 0008 1711359451498 17.5 -77.5 5.988660995905543 19
0001 0005 1711359451499 29.25 -65.5 4.97623367590102 19
0001 0007 1711359451499 -94.375 -66.0 0.04295146206079795 19
0001 0009 1711359451499 -32.5 -70.0 3.9269908169872414 19
0001 0011 1711359451500 120.4375 -68.0 1.9205439464328227 19
0001 0014 1711359451500 3.25 -71.0 1.0615147052168636 19
0001 0006 1711359451500 -3.25 -73.5 2.012582793705961 19
0001 0012 1711359451501 14.625 -77.5 5.1725832167503825 19
0001 0008 1711359451501 -31.125 -77.5 6.068427996875596 19
0001 0007 1711359451770 -52.0625 -66.0 6.2463697682703305 19
0001 0011 1711359451770 29.25 -68.0 2.141437179888355 19
0001 0006 1711359451770 9.75 -74.5 2.2334760271614935 19
0001 0014 1711359451770 -22.75 -71.5 1.214912784005428 19
0001 0009 1711359451771 -29.25 -71.5 3.847223816017188 19
0001 0005 1711359451771 26.0 -65.5 5.0682725231741586 19
0001 0008 1711359451771 20.125 -78.0 5.737088146692298 19
0001 0012 1711359451772 -28.625 -77.0 5.3198453723874035 19
0001 0007 1711359451772 0.0 -65.5 6.258641614573416 19
0001 0005 1711359451772 58.5625 -66.0 5.037592907416445 19
0001 0006 1711359451773 -6.5 -73.5 2.3746022596469727 19
0001 0014 1711359451773 -39.0 -70.5 1.2455923997631406 19
0001 0011 1711359451773 39.0 -68.0 1.9757672547967058 19
0001 0009 1711359451774 55.3125 -70.0 3.730641276137879 19
0001 0012 1711359451774 15.25 -77.0 5.197126909356553 19
0001 0008 1711359451774 -5.9375 -78.0 5.93343768754166 19
0001 0011 1711359451983 -182.25 -68.5 2.435961491162398 19
0001 0009 1711359451983 26.0 -71.0 3.8840393549264434 19
0001 0005 1711359451983 45.5625 -66.0 5.031456984264903 19
0001 0007 1711359451984 -130.1875 -65.0 0.12885438618239387 19
0001 0014 1711359451984 -42.3125 -70.0 1.1535535524900022 19
0001 0006 1711359451984 58.5625 -74.0 2.2334760271614935 19
0001 0008 1711359451985 -4.875 -77.5 6.135923151542564 19
0001 0012 1711359451985 34.75 -77.0 5.111223985234957 19
0001 0011 1711359451985 -52.0625 -68.0 2.3009711818284617 19
0001 0014 1711359451986 22.75 -70.0 1.0246991663076084 19
0001 0009 1711359451986 -87.875 -69.5 3.9699422790480394 19
0001 0005 1711359451986 133.4375 -66.0 4.902602598082509 19
0001 0007 1711359451987 -32.5 -65.5 6.258641614573416 19
0001 0006 1711359451987 59.375 -74.5 5.267690025599292 19
0001 0012 1711359451987 28.0625 -77.0 5.031456984264903 19
0001 0008 1711359451988 9.75 -77.5 6.080699843178682 19
0001 0007 1711359452230 -35.75 -65.0 6.277049384028044 19
0001 0009 1711359452230 -55.3125 -70.0 3.933126740138784 19
0001 0006 1711359452231 3.25 -72.5 2.3009711818284617 19
0001 0014 1711359452231 -58.5625 -71.0 1.1290098598838318 19
0001 0005 1711359452231 91.125 -66.0 4.804427827657828 19
0001 0011 1711359452233 -42.3125 -69.0 2.227340104009951 19
0001 0012 1711359452233 -27.4375 -77.0 5.301437602932776 19
0001 0008 1711359452234 -18.25 -77.5 5.957981380147831 19
0001 0006 1711359452234 35.75 -73.5 2.3746022596469727 19
0001 0014 1711359452234 45.5625 -69.0 1.0369710126106935 19
0001 0007 1711359452235 -42.3125 -65.0 0.04295146206079795 19
0001 0011 1711359452235 -26.0 -68.0 2.1537090261914402 19
0001 0005 1711359452235 87.875 -66.5 4.92714629068868 19
0001 0009 1711359452236 123.6875 -70.0 3.706097583531709 19
0001 0008 1711359452236 36.0 -77.5 5.6941366846315 19
0001 0012 1711359452236 -17.0625 -77.0 5.148039524144211 19
0001 0009 1711359452484 146.4375 -71.0 3.663146121470911 19
0001 0007 1711359452484 -117.125 -66.0 0.07363107781851078 19
0001 0005 1711359452484 -22.75 -66.0 5.227806525114265 19
0001 0014 1711359452485 -9.75 -70.0 1.0615147052168636 19
0001 0011 1711359452485 26.0 -68.0 2.110757564130642 19
0001 0006 1711359452485 266.875 -72.5 1.9819031779482483 19
0001 0012 1711359452486 -4.25 -77.5 5.258486140871978 19
0001 0008 1711359452486 16.3125 -78.0 5.927301764390117 19
0001 0014 1711359452486 -78.0625 -71.0 1.2762720155208536 19
0001 0009 1711359452487 -104.125 -70.5 3.890175278077986 19
0001 0011 1711359452487 68.3125 -68.0 1.9573594853420782 19
0001 0007 1711359452487 -48.8125 -65.0 0.04908738521234052 19
0001 0005 1711359452488 -32.5 -65.5 5.21553467881118 19
0001 0006 1711359452488 172.5 -73.0 2.2457478734645786 19
0001 0008 1711359452488 22.125 -77.5 5.902758071783947 19
0001 0012 1711359452489 -2.4375 -76.5 5.184855063053467 19
0001 0009 1711359452781 -48.8125 -69.5 3.810408277107933 19
0001 0007 1711359452781 35.75 -65.5 6.154330920997192 19
0001 0014 1711359452782 -13.0 -70.0 1.1106020904292042 19
0001 0011 1711359452782 117.125 -68.0 1.9512235621905356 19
0001 0005 1711359452782 -42.3125 -65.5 5.166447293598839 19
0001 0006 1711359452783 78.0625 -73.0 2.3071071049800045 19
0001 0008 1711359452783 -22.5625 -77.5 6.191146459906448 19
0001 0012 1711359452783 -17.0625 -76.5 5.307573526084319 19
0001 0005 1711359452784 61.8125 -66.0 5.0253210611133605 19
0001 0007 1711359452784 -6.5 -65.0 6.270913460876501 19
0001 0014 1711359452784 6.5 -70.0 1.1780972450961724 19
0001 0011 1711359452785 -107.375 -68.5 2.3316507975861747 19
0001 0009 1711359452785 -13.0 -71.0 4.0128937411088375 19
0001 0006 1711359452785 -107.375 -74.5 2.3930100291016 19
0001 0008 1711359452786 -2.5625 -78.5 5.93343768754166 19
0001 0012 1711359452786 3.625 -77.5 1.932815792735908 19
0001 0006 1711359452987 -94.375 -74.0 2.350058567040802 19
0001 0009 1711359452988 -81.375 -71.0 3.9822141253511245 19
0001 0011 1711359452988 -104.125 -68.5 2.2518837966161214 19
0001 0014 1711359452988 16.25 -70.0 1.1903690913992575 19
0001 0005 1711359452988 -45.5625 -65.5 5.1725832167503825 19
0001 0007 1711359452990 0.0 -65.5 6.2034183062095325 19
0001 0006 1711359452990 7.3125 -75.5 5.393476450205914 19
0001 0012 1711359452990 2.4375 -77.5 5.246214294568893 19
0001 0008 1711359452991 -21.9375 -78.0 6.056156150572511 19
0001 0011 1711359452991 -22.75 -68.5 2.1966604882522383 19
0001 0007 1711359452991 32.5 -65.0 6.22182607566416 19
0001 0005 1711359452992 35.75 -66.0 4.970097752749477 19
0001 0014 1711359452992 29.25 -70.0 1.1596894756415448 19
0001 0009 1711359452992 -84.625 -69.0 4.196971435655114 19
0001 0006 1711359452993 -65.0625 -74.5 1.9634954084936207 19
0001 0006 1711359452993 22.75 -74.5 5.488583259054824 19
0001 0012 1711359453051 0.5625 -77.0 5.227806525114265 19
0001 0008 1711359453051 8.1875 -78.0 5.872078456026235 19
0001 0009 1711359453292 -74.8125 -70.0 4.246058820867455 19
0001 0007 1711359453292 -13.0 -66.0 6.19728238305799 19
0001 0005 1711359453293 -68.3125 -66.5 5.203262832508095 19
0001 0011 1711359453293 -19.5 -68.0 2.2580197197676637 19
0001 0014 1711359453293 -22.75 -69.5 1.1780972450961724 19
0001 0012 1711359453294 1.1875 -77.0 5.160311370447297 19
0001 0006 1711359453294 26.8125 -75.5 5.21553467881118 19
0001 0008 1711359453294 -8.8125 -78.5 5.988660995905543 19
0001 0009 1711359453295 -136.6875 -70.5 4.368777283898306 19
0001 0007 1711359453295 -35.75 -66.0 6.277049384028044 19
0001 0014 1711359453295 19.5 -70.0 1.1903690913992575 19
0001 0011 1711359453296 19.5 -69.0 2.110757564130642 19
0001 0005 1711359453297 -52.0625 -66.5 5.2339424482658075 19
0001 0012 1711359453297 27.4375 -77.0 5.258486140871978 19
0001 0006 1711359453297 4.25 -75.5 2.12916533358527 19
0001 0008 1711359453543 -9.75 -78.5 5.988660995905543 19
0001 0009 1711359453543 -87.875 -69.5 4.166291819897402 19
0001 0007 1711359453543 29.25 -66.0 6.252505691421874 19
0001 0014 1711359453544 16.25 -70.0 1.0799224746714913 19
0001 0005 1711359453544 -110.625 -66.0 5.246214294568893 19
0001 0011 1711359453544 32.5 -70.5 2.1353012567368124 19
0001 0006 1711359453545 -20.75 -76.0 2.3746022596469727 19
0001 0012 1711359453545 18.25 -77.0 4.963961829597935 19
0001 0008 1711359453545 -1.1875 -78.0 2.724349879284899 19
0001 0007 1711359453546 74.8125 -65.5 6.0991076126333095 19
0001 0009 1711359453546 -16.25 -68.5 4.313553975534423 19
0001 0014 1711359453546 -87.875 -71.0 1.1780972450961724 19
0001 0005 1711359453547 26.0 -65.5 4.9823695990525625 19
0001 0011 1711359453547 123.6875 -68.5 1.9573594853420782 19
0001 0012 1711359453547 -8.5 -77.5 5.105088062083414 19
0001 0006 1711359453548 7.3125 -76.0 5.381204603902829 19
0001 0008 1711359453789 12.3125 -78.5 5.7616318392984684 19
0001 0007 1711359453789 6.5 -65.5 6.22182607566416 19
0001 0014 1711359453789 -104.125 -70.5 1.227184630308513 19
0001 0009 1711359453790 22.75 -69.5 4.061981126321178 19
0001 0005 1711359453791 -6.5 -66.5 5.092816215780329 19
0001 0011 1711359453791 22.75 -69.0 2.12916533358527 19
0001 0006 1711359453792 21.3125 -75.5 5.307573526084319 19
0001 0012 1711359453792 -15.25 -77.0 5.203262832508095 19
0001 0008 1711359453792 0.875 -79.0 5.994796919057086 19
0001 0005 1711359453793 16.25 -66.0 5.154175447295755 19
0001 0009 1711359453793 -16.25 -70.5 4.172427743048944 19
0001 0007 1711359453793 -45.5625 -65.5 6.277049384028044 19
0001 0011 1711359453794 107.375 -69.0 1.9634954084936207 19
0001 0014 1711359453794 -3.25 -70.0 1.043106935762236 19
