0009 0012 1710055972372 -42.3125 -58.0 5.595961914206819 4
0009 0014 1710055972373 -9.75 -63.0 2.945243112740431 4
0009 0005 1710055972373 9.75 -56.0 2.227340104009951 4
0009 0003 1710055972374 -97.625 -66.0 2.724349879284899 4
0009 0013 1710055972374 21.125 -62.5 0.20248546400090464 4
0009 0000 1710055972375 26.0 -60.0 2.2089323345553233 4
0009 0015 1710055972375 6.5 -54.5 5.810719224510809 4
0009 0001 1710055972376 22.75 -62.0 1.4173982480063325 4
0009 0007 1710055972376 7.3125 -65.5 1.902136176978195 4
0009 0008 1710055972376 78.0625 -69.0 0.23316507975861744 4
0009 0010 1710055972377 22.75 -65.0 0.23316507975861744 4
0009 0004 1710055972378 22.75 -65.0 2.8716120349219203 4
0009 0015 1710055972378 -9.75 -54.0 5.835262917116979 4
0009 0000 1710055972378 13.0 -60.0 2.1475731030398975 4
0009 0006 1710055972378 -9.75 -61.5 0.8774370106705868 4
0009 0001 1710055972379 -22.75 -61.5 1.4971652489763858 4
0009 0004 1710055972379 48.8125 -66.0 2.8654761117703775 4
0009 0013 1710055972379 38.1875 -61.5 0.09817477042468103 4
0009 0010 1710055972380 0.0 -65.0 0.20248546400090464 4
0009 0012 1710055972380 22.75 -58.0 5.4671075280244255 4
0009 0003 1710055972380 -13.0 -66.0 2.6261751088602177 4
0009 0005 1710055972381 26.0 -56.5 2.172116795646068 4
0009 0014 1710055972381 -16.25 -62.5 3.000466421104314 4
0009 0007 1710055972381 90.3125 -67.5 1.7548740213411735 4
0009 0008 1710055972382 9.75 -68.5 0.35588354278946877 4
0009 0002 1710055972481 25.0 -77.0 5.915029918087033 4
0009 0014 1710055972481 16.25 -63.0 2.9022916506796332 4
0009 0001 1710055972482 16.25 -62.0 1.3867186322486196 4
0009 0013 1710055972482 48.8125 -62.5 0.1227184630308513 4
0009 0003 1710055972482 191.1875 -66.0 2.227340104009951 4
0009 0004 1710055972483 -52.0625 -66.0 2.8654761117703775 4
0009 0012 1710055972483 6.5 -58.5 5.50392306693368 4
0009 0005 1710055972483 -9.75 -57.0 2.2150682577068657 4
0009 0015 1710055972483 -3.25 -54.5 5.798447378207723 4
0009 0000 1710055972484 0.0 -59.5 2.141437179888355 4
0009 0008 1710055972484 45.5625 -68.5 0.2454369260617026 4
0009 0007 1710055972484 65.875 -67.0 1.6444274046134073 4
0009 0010 1710055972485 -13.0 -65.0 0.1718058482431918 4
0009 0006 1710055972485 -16.25 -62.5 0.803805932852076 4
0009 0002 1710055972713 -3.625 -78.5 6.056156150572511 4
0009 0001 1710055972713 -6.5 -62.5 1.4358060174609601 4
0009 0005 1710055972713 39.0 -57.0 2.1537090261914402 4
0009 0006 1710055972714 -48.8125 -62.0 0.8406214717613314 4
0009 0004 1710055972714 87.875 -65.5 2.675262494072558 4
0009 0015 1710055972714 -3.25 -54.0 5.786175531904639 4
0009 0000 1710055972715 -9.75 -59.5 2.12916533358527 4
0009 0003 1710055972715 -32.5 -66.0 2.497320722677824 4
0009 0012 1710055972715 0.0 -58.5 5.497787143782138 4
0009 0010 1710055972715 35.75 -65.0 0.05522330836388308 4
0009 0007 1710055972716 -73.1875 -67.0 1.8162332528565992 4
0009 0008 1710055972716 35.75 -68.5 0.28838838812250056 4
0009 0013 1710055972716 59.375 -62.5 0.02454369260617026 4
0009 0014 1710055972717 32.5 -62.5 2.9022916506796332 4
0009 0002 1710055972717 8.5 -78.5 5.957981380147831 4
0009 0001 1710055972717 19.5 -62.0 1.3560390164909069 4
0009 0007 1710055972718 121.25 -67.0 1.662835174068035 4
0009 0012 1710055972718 22.75 -58.5 5.424156065963627 4
0009 0015 1710055972718 -22.75 -54.5 5.822991070813893 4
0009 0006 1710055972718 -16.25 -62.0 0.7240389318820226 4
0009 0000 1710055972719 6.5 -59.5 2.030990563160589 4
0009 0013 1710055972720 27.625 -63.0 0.04908738521234052 4
0009 0005 1710055972720 16.25 -57.0 2.1537090261914402 4
0009 0004 1710055972720 166.0 -65.5 2.454369260617026 4
0009 0008 1710055972721 -117.125 -68.5 0.3865631585471816 4
0009 0010 1710055972721 13.0 -65.0 0.07976700097005335 4
0009 0003 1710055972722 94.375 -65.5 2.2641556429192065 4
0009 0014 1710055972722 48.8125 -63.0 2.9206994201342606 4
0009 0002 1710055972938 4.25 -78.5 5.964117303299373 4
0009 0010 1710055972939 0.0 -64.5 0.04295146206079795 4
0009 0000 1710055972939 -3.25 -59.5 1.9880391010997909 4
0009 0007 1710055972939 97.625 -67.5 1.5892040962495242 4
0009 0012 1710055972939 -19.5 -58.0 5.516194913236766 4
0009 0013 1710055972940 -41.5 -63.5 0.16566992509164924 4
0009 0001 1710055972940 65.0625 -63.0 1.2517283229146832 4
0009 0003 1710055972940 48.8125 -65.5 2.386874105950058 4
0009 0006 1710055972941 -6.5 -61.5 0.6688156235181395 4
0009 0014 1710055972941 52.0625 -63.0 2.8961557275280905 4
0009 0004 1710055972941 32.5 -65.5 2.6323110320117604 4
0009 0015 1710055972942 -16.25 -54.5 5.822991070813893 4
0009 0005 1710055972942 32.5 -57.0 2.141437179888355 4
0009 0008 1710055972942 214.8125 -69.0 6.264777537724958 4
0009 0002 1710055972942 8.8125 -78.5 6.056156150572511 4
0009 0015 1710055972943 -3.25 -54.5 5.798447378207723 4
0009 0014 1710055972943 13.0 -62.5 2.9268353432858034 4
0009 0005 1710055972943 22.75 -57.0 2.1782527187976104 4
0009 0010 1710055972944 -87.875 -64.5 0.21475731030398976 4
0009 0007 1710055972944 73.1875 -67.5 1.8346410223112268 4
0009 0001 1710055972944 9.75 -62.5 1.380582709097077 4
0009 0006 1710055972945 -6.5 -62.0 0.6994952392758523 4
0009 0000 1710055972945 -16.25 -59.0 1.9880391010997909 4
0009 0003 1710055972945 -55.3125 -65.5 2.6016314162540475 4
0009 0004 1710055972946 3.25 -66.5 2.6691265709210157 4
0009 0012 1710055972946 26.0 -58.0 5.45483568172134 4
0009 0008 1710055972946 52.0625 -68.5 0.22089323345553233 4
0009 0013 1710055972946 -55.3125 -63.5 0.20248546400090464 4
0009 0002 1710055973169 6.0625 -78.5 6.068427996875596 4
0009 0007 1710055973170 93.5625 -67.0 1.6321555583103222 4
0009 0015 1710055973170 -13.0 -54.5 5.773903685601553 4
0009 0014 1710055973170 -32.5 -63.0 2.9820586516496865 4
0009 0004 1710055973170 35.75 -66.0 2.564815877344792 4
0009 0012 1710055973171 9.75 -58.5 5.473243451175968 4
0009 0006 1710055973171 -29.25 -62.0 0.6994952392758523 4
0009 0001 1710055973171 -3.25 -62.0 1.4173982480063325 4
0009 0010 1710055973172 -13.0 -64.5 0.1227184630308513 4
0009 0008 1710055973172 -45.5625 -67.0 0.380427235395639 4
0009 0000 1710055973172 32.5 -59.0 1.8960002538266525 4
0009 0003 1710055973173 6.5 -65.5 2.442097414313941 4
0009 0005 1710055973173 3.25 -57.0 2.2027964114037806 4
0009 0013 1710055973173 -93.5625 -63.5 0.1718058482431918 4
0009 0002 1710055973173 4.0625 -78.5 6.1420590746941075 4
0009 0005 1710055973174 9.75 -57.0 2.2150682577068657 4
0009 0014 1710055973175 -3.25 -63.0 2.9145634969827183 4
0009 0000 1710055973175 32.5 -59.0 1.932815792735908 4
0009 0007 1710055973175 125.3125 -67.5 1.5892040962495242 4
0009 0001 1710055973176 13.0 -62.0 1.3621749396424494 4
0009 0008 1710055973176 -65.0625 -67.5 0.34974761963792617 4
0009 0006 1710055973176 -19.5 -62.0 0.705631162427395 4
0009 0013 1710055973176 -38.1875 -63.0 0.12885438618239387 4
0009 0010 1710055973177 -65.0625 -65.5 0.22089323345553233 4
0009 0004 1710055973177 -22.75 -66.5 2.6445828783148455 4
0009 0015 1710055973177 0.0 -54.5 5.737088146692298 4
0009 0012 1710055973178 22.75 -58.5 5.5100589900852235 4
0009 0003 1710055973178 45.5625 -65.0 2.442097414313941 4
0009 0002 1710055973229 3.3125 -78.0 5.957981380147831 4
0009 0006 1710055973400 -32.5 -62.0 0.7424467013366504 4
0009 0008 1710055973400 -29.25 -68.0 0.3988350048502667 4
0009 0012 1710055973400 -19.5 -58.5 5.559146375297564 4
0009 0010 1710055973401 13.0 -65.0 0.17794177139473438 4
0009 0014 1710055973401 52.0625 -63.0 2.8716120349219203 4
0009 0015 1710055973401 13.0 -54.5 5.71868037723767 4
0009 0001 1710055973402 16.25 -62.5 1.380582709097077 4
0009 0013 1710055973402 10.5625 -63.0 0.0859029241215959 4
0009 0000 1710055973402 -3.25 -59.0 2.030990563160589 4
0009 0003 1710055973403 21.125 -65.5 2.448233337465483 4
0009 0005 1710055973403 22.75 -57.5 2.1905245651006955 4
0009 0004 1710055973403 16.25 -66.5 2.6139032625571326 4
0009 0007 1710055973404 10.5625 -68.0 1.7671458676442586 4
0009 0002 1710055973404 -2.6875 -78.5 6.086835766330224 4
0009 0014 1710055973405 6.5 -62.5 2.9206994201342606 4
0009 0012 1710055973405 19.5 -58.5 5.47937937432751 4
0009 0013 1710055973405 -10.5625 -63.0 0.1043106935762236 4
0009 0010 1710055973406 -39.0 -65.0 0.2638446955163303 4
0009 0001 1710055973406 -26.0 -62.0 1.4971652489763858 4
0009 0006 1710055973406 13.0 -62.5 0.7363107781851077 4
0009 0000 1710055973407 22.75 -59.5 1.9757672547967058 4
0009 0007 1710055973407 27.625 -67.5 1.6198837120072371 4
0009 0004 1710055973407 110.625 -66.5 2.5280003384355365 4
0009 0003 1710055973408 -52.0625 -66.0 2.5586799541932495 4
0009 0015 1710055973408 -3.25 -54.5 5.743224069843841 4
0009 0005 1710055973409 19.5 -57.5 2.1966604882522383 4
0009 0008 1710055973409 3.25 -68.5 0.28838838812250056 4
0009 0002 1710055973479 -12.625 -78.5 6.160466844148735 4
0009 0000 1710055973632 32.5 -59.5 1.9573594853420782 4
0009 0015 1710055973633 6.5 -54.0 5.730952223540755 4
0009 0005 1710055973633 -19.5 -57.5 2.2334760271614935 4
0009 0012 1710055973633 22.75 -58.5 5.47937937432751 4
0009 0006 1710055973634 45.5625 -62.0 0.6565437772150544 4
0009 0004 1710055973634 -32.5 -66.0 2.6568547246179306 4
0009 0008 1710055973634 -81.375 -68.5 0.4172427743048944 4
0009 0010 1710055973634 16.25 -65.0 0.12885438618239387 4
0009 0003 1710055973635 39.0 -66.0 2.423689644859313 4
0009 0007 1710055973635 -139.125 -67.5 1.8837284075235674 4
0009 0014 1710055973635 19.5 -63.0 2.8777479580734626 4
0009 0013 1710055973636 -27.625 -63.0 0.09203884727313846 4
0009 0001 1710055973636 26.0 -62.5 1.4542137869155878 4
0009 0002 1710055973636 -28.0625 -78.5 0.07976700097005335 4
0009 0008 1710055973637 -107.375 -67.5 0.5031456984264903 4
0009 0014 1710055973637 29.25 -63.0 2.9206994201342606 4
0009 0015 1710055973637 -3.25 -54.0 5.737088146692298 4
0009 0007 1710055973637 65.875 -67.5 1.6382914814618648 4
0009 0013 1710055973638 -38.1875 -63.0 0.14112623248547898 4
0009 0003 1710055973638 24.375 -66.0 2.4605051837685683 4
0009 0012 1710055973638 16.25 -58.5 5.5100589900852235 4
0009 0004 1710055973639 13.0 -67.0 2.7120780329818137 4
0009 0010 1710055973639 42.3125 -64.5 0.12885438618239387 4
0009 0006 1710055973639 -26.0 -62.5 0.7669903939428205 4
0009 0005 1710055973640 9.75 -57.5 2.227340104009951 4
0009 0001 1710055973641 19.5 -62.5 1.5033011721279284 4
0009 0000 1710055973641 -22.75 -59.0 2.073942025221387 4
0009 0002 1710055973729 -14.0 -78.0 6.234097921967246 4
0009 0003 1710055973859 3.25 -65.5 2.5157284921324514 4
0009 0005 1710055973859 9.75 -57.0 2.2396119503130363 4
0009 0012 1710055973859 9.75 -58.5 5.47937937432751 4
0009 0001 1710055973859 13.0 -62.0 1.4971652489763858 4
0009 0015 1710055973860 -32.5 -54.5 5.798447378207723 4
0009 0004 1710055973860 -29.25 -66.0 2.6384469551633027 4
0009 0013 1710055973860 -65.875 -63.0 0.25157284921324513 4
0009 0014 1710055973861 29.25 -63.0 2.890019804376548 4
0009 0000 1710055973861 -6.5 -59.5 2.0923497946760143 4
0009 0007 1710055973861 93.5625 -67.5 1.6137477888556946 4
0009 0006 1710055973862 52.0625 -62.0 0.6135923151542565 4
0009 0010 1710055973862 29.25 -64.5 0.07363107781851078 4
0009 0008 1710055973862 9.75 -69.0 0.30679615757712825 4
0009 0002 1710055973862 -23.1875 -77.5 6.043884304269426 4
0009 0000 1710055973863 65.0625 -59.5 2.0800779483729293 4
0009 0001 1710055973863 -9.75 -62.0 1.6689710972195777 4
0009 0012 1710055973863 -13.0 -58.5 5.491651220630596 4
0009 0014 1710055973864 0.0 -63.5 2.9206994201342606 4
0009 0004 1710055973864 55.3125 -66.5 2.6813984172241008 4
0009 0015 1710055973864 -19.5 -54.5 5.8045833013592665 4
0009 0005 1710055973864 -9.75 -57.5 2.2764274892222915 4
0009 0006 1710055973865 -22.75 -62.0 0.7117670855789375 4
0009 0008 1710055973865 -13.0 -67.5 0.4540583132141498 4
0009 0013 1710055973865 -59.375 -63.0 0.1718058482431918 4
0009 0010 1710055973866 13.0 -64.0 6.234097921967246 4
0009 0003 1710055973866 -41.5 -66.5 2.662990647769473 4
0009 0007 1710055973867 73.1875 -67.5 1.6812429435226628 4
0009 0002 1710055973980 22.6875 -77.5 5.921165841238575 4
0009 0003 1710055973980 -27.625 -67.5 2.84706834231575 4
0009 0010 1710055973981 29.25 -62.5 5.841398840268521 4
0009 0012 1710055973981 -9.75 -58.5 5.491651220630596 4
0009 0006 1710055973981 0.0 -60.5 0.4356505437595221 4
0009 0008 1710055973981 22.75 -66.0 0.4970097752749477 4
0009 0001 1710055973982 -13.0 -62.0 2.2027964114037806 4
0009 0013 1710055973982 -45.5625 -63.0 0.02454369260617026 4
0009 0004 1710055973982 -29.25 -65.0 2.736621725587984 4
0009 0007 1710055973983 59.375 -68.0 1.5155730184310134 4
0009 0005 1710055973983 -6.5 -57.5 2.282563412373834 4
0009 0000 1710055973983 39.0 -59.5 2.5893595699509624 4
0009 0015 1710055973984 -6.5 -54.5 5.792311455056181 4
0009 0014 1710055973984 -9.75 -63.0 2.8838838812250054 4
0009 0002 1710055974203 12.8125 -77.0 0.28838838812250056 4
0009 0005 1710055974203 -13.0 -58.0 2.2641556429192065 4
0009 0015 1710055974203 -16.25 -54.5 5.8045833013592665 4
0009 0006 1710055974204 -9.75 -59.5 0.14112623248547898 4
0009 0001 1710055974204 6.5 -61.5 3.552699504743145 4
0009 0010 1710055974204 -26.0 -61.0 5.546874528994478 4
0009 0007 1710055974205 -73.1875 -71.0 1.141281706186917 4
0009 0012 1710055974205 -3.25 -58.5 5.442563835418255 4
0009 0004 1710055974205 -35.75 -62.5 2.6875343403756435 4
0009 0013 1710055974205 -21.125 -62.5 6.111379458936394 4
0009 0008 1710055974206 0.0 -63.5 0.7731263170943632 4
0009 0000 1710055974206 -13.0 -59.0 3.380893656499953 4
0009 0014 1710055974206 87.875 -63.5 2.7120780329818137 4
0009 0003 1710055974207 142.375 -72.0 3.184544115650591 4
0009 0001 1710055974207 -39.0 -62.0 5.890486225480862 4
0009 0010 1710055974207 -48.8125 -59.5 4.9394181369917645 4
0009 0006 1710055974208 -22.75 -58.5 5.835262917116979 4
0009 0014 1710055974208 16.25 -63.5 2.945243112740431 4
0009 0000 1710055974208 16.25 -60.0 4.430136515413731 4
0009 0011 1710055974208 22.75 -68.5 1.9389517158874505 4
0009 0013 1710055974209 -38.1875 -62.0 5.577554144752192 4
0009 0015 1710055974209 -29.25 -55.0 5.822991070813893 4
0009 0012 1710055974209 0.0 -57.5 5.135767677841127 4
0009 0008 1710055974210 35.75 -60.5 0.9633399347921826 4
0009 0005 1710055974210 19.5 -59.0 2.1353012567368124 4
0009 0004 1710055974211 26.0 -59.5 2.5586799541932495 4
0009 0007 1710055974322 -2.125 -75.5 1.423534171157875 4
0009 0009 1710055974322 0.0 -77.5 0.8099418560036186 4
0009 0007 1710055974322 -7.3125 -68.5 2.988194574801229 4
0009 0001 1710055974323 6.5 -63.0 2.6016314162540475 4
0009 0012 1710055974323 13.0 -58.0 4.681709364626977 4
0009 0015 1710055974323 0.0 -55.0 5.7616318392984684 4
0009 0000 1710055974324 -3.25 -62.0 5.516194913236766 4
0009 0010 1710055974324 22.75 -59.5 3.160000423044421 4
0009 0006 1710055974324 -22.75 -59.0 4.97623367590102 4
0009 0011 1710055974324 42.3125 -67.5 0.9572040116406401 4
0009 0009 1710055974325 84.625 -70.5 0.3436116964863836 4
0009 0005 1710055974325 52.0625 -61.0 1.9941750242513334 4
0009 0014 1710055974325 -26.0 -64.0 3.1231848841351653 4
0009 0008 1710055974326 3.25 -59.5 1.4542137869155878 4
0009 0013 1710055974326 -38.1875 -61.0 5.0682725231741586 4
0009 0004 1710055974326 39.0 -56.5 2.5954954931025047 4
0009 0002 1710055974327 3.25 -74.0 1.6873788666742053 4
0009 0014 1710055974480 -52.0625 -64.5 3.3195344249845276 4
0009 0005 1710055974481 48.8125 -62.5 2.1598449493429825 4
0009 0015 1710055974481 0.0 -55.5 5.71868037723767 4
0009 0012 1710055974481 -19.5 -58.5 4.080388895775806 4
0009 0010 1710055974482 -6.5 -60.0 1.9573594853420782 4
0009 0009 1710055974482 32.5 -65.0 0.380427235395639 4
0009 0002 1710055974482 187.125 -72.0 2.1782527187976104 4
0009 0011 1710055974482 -39.0 -68.5 6.037748381117884 4
0009 0004 1710055974483 -9.75 -57.0 2.8838838812250054 4
0009 0007 1710055974483 7.3125 -64.5 1.6137477888556946 4
0009 0001 1710055974483 -3.25 -64.0 3.773592738198677 4
0009 0008 1710055974484 13.0 -64.5 1.4726215563702154 4
0009 0013 1710055974484 -21.125 -61.0 4.374913207049849 4
0009 0006 1710055974484 6.5 -62.0 4.000621894805752 4
0009 0000 1710055974485 -6.5 -65.0 5.5100589900852235 4
0009 0000 1710055974653 55.3125 -62.0 4.356505437595221 4
0009 0007 1710055974653 76.4375 -65.5 0.9203884727313847 4
0009 0015 1710055974653 -61.8125 -55.0 5.829126993965437 4
0009 0004 1710055974653 9.75 -60.0 3.0802334220743677 4
0009 0010 1710055974654 -19.5 -61.0 1.6260196351587797 4
0009 0012 1710055974654 9.75 -58.5 3.730641276137879 4
0009 0006 1710055974654 -71.5625 -67.0 3.3011266555298997 4
0009 0005 1710055974655 35.75 -64.5 2.8286605728611223 4
0009 0013 1710055974655 -30.875 -60.5 4.289010282928253 4
0009 0014 1710055974655 -22.75 -64.5 3.2336315008629315 4
0009 0001 1710055974655 -9.75 -58.0 4.270602513473625 4
0009 0009 1710055974656 39.0 -68.5 5.93343768754166 4
0009 0002 1710055974656 81.375 -71.0 2.4850488763747385 4
0009 0011 1710055974656 -9.125 -72.0 4.9823695990525625 4
0009 0008 1710055974657 7.875 -68.5 2.1966604882522383 4
0009 0015 1710055974657 -6.5 -54.5 5.810719224510809 4
0009 0013 1710055974657 -7.3125 -60.5 4.178563666200486 4
0009 0007 1710055974657 -21.125 -66.0 0.16566992509164924 4
0009 0005 1710055974658 -42.3125 -63.0 3.6447383520162835 4
0009 0001 1710055974658 0.0 -61.0 4.902602598082509 4
0009 0000 1710055974658 -16.25 -58.5 4.04357335686655 4
0009 0014 1710055974659 -19.5 -64.0 3.3195344249845276 4
0009 0008 1710055974659 -16.25 -59.5 1.4971652489763858 4
0009 0010 1710055974659 39.0 -61.5 1.337631247036279 4
0009 0012 1710055974660 19.5 -58.5 3.6876898140770815 4
0009 0004 1710055974660 -35.75 -70.5 3.859495662320273 4
0009 0003 1710055974661 -107.375 -73.0 4.111068511533518 4
0009 0002 1710055974730 24.375 -74.0 5.3198453723874035 4
0009 0015 1710055974868 -13.0 -54.5 5.835262917116979 4
0009 0000 1710055974868 6.5 -60.0 3.8963112012295285 4
0009 0013 1710055974868 3.25 -61.0 3.865631585471816 4
0009 0010 1710055974868 -3.25 -63.5 1.2578642460662257 4
0009 0005 1710055974868 -42.3125 -60.0 4.1172044346850605 4
0009 0008 1710055974868 -16.25 -56.5 1.0185632431560658 4
0009 0012 1710055974869 9.75 -59.0 3.7551849687440497 4
0009 0003 1710055974869 97.625 -68.5 4.381049130201391 4
0009 0014 1710055974869 -32.5 -64.0 3.54042765844006 4
0009 0007 1710055974870 -13.8125 -67.5 5.749359992995383 4
0009 0001 1710055974870 91.125 -65.5 1.7916895602504288 4
0009 0001 1710055974870 26.0 -61.5 1.3008157081270237 4
0009 0003 1710055974870 -10.5625 -69.0 4.417864669110647 4
0009 0008 1710055974871 22.75 -57.5 0.7853981633974483 4
0009 0005 1710055974871 -9.75 -59.0 4.227651051412827 4
0009 0010 1710055974871 68.3125 -64.5 0.9510680884890975 4
0009 0000 1710055974872 26.0 -63.0 3.6140587362585705 4
0009 0013 1710055974872 -10.5625 -61.5 3.6692820446224537 4
0009 0014 1710055974872 -104.125 -64.0 3.749049045592507 4
0009 0007 1710055974873 -69.125 -67.5 5.43029198911517 4
0009 0015 1710055974873 6.5 -55.5 5.786175531904639 4
0009 0012 1710055974873 -13.0 -59.5 3.785864584501762 4
0009 0013 1710055974997 -13.8125 -61.0 3.5711072741977725 4
0009 0010 1710055974997 13.0 -65.0 0.9940195505498954 4
0009 0007 1710055974998 30.875 -66.5 5.184855063053467 4
0009 0003 1710055974998 -7.3125 -69.5 4.3503695144436785 4
0009 0001 1710055974999 9.75 -63.0 1.1719613219446299 4
0009 0008 1710055974999 -26.0 -58.0 0.9387962421860124 4
0009 0005 1710055975000 16.25 -58.0 4.264466590322082 4
0009 0000 1710055975000 -13.0 -65.0 3.442252888015379 4
0009 0014 1710055975000 -55.3125 -64.0 3.8533597391687304 4
0009 0015 1710055975000 -35.75 -56.0 5.626641529964532 4
0009 0012 1710055975001 -19.5 -59.5 3.80427235395639 4
0009 0004 1710055975188 15.8125 -74.5 5.534602682691394 4
0009 0013 1710055975189 30.875 -60.5 3.485204350076177 4
0009 0010 1710055975189 -6.5 -66.0 1.0246991663076084 4
0009 0005 1710055975189 -19.5 -58.0 4.374913207049849 4
0009 0001 1710055975189 32.5 -65.0 1.1106020904292042 4
0009 0015 1710055975190 -48.8125 -56.0 5.565282298449106 4
0009 0004 1710055975190 -97.625 -72.0 2.9084275738311756 4
0009 0014 1710055975190 -61.8125 -64.5 3.933126740138784 4
0009 0000 1710055975191 19.5 -66.0 3.436116964863836 4
0009 0008 1710055975191 6.5 -57.5 1.0062913968529805 4
0009 0007 1710055975191 -13.8125 -66.5 5.264622064023521 4
0009 0003 1710055975191 -16.25 -70.5 4.503767593232243 4
0009 0012 1710055975192 -29.25 -59.0 3.8410878928656453 4
0009 0003 1710055975192 -55.3125 -70.0 4.657165672020807 4
0009 0007 1710055975192 -145.625 -66.5 5.540738605842936 4
0009 0014 1710055975193 16.25 -65.0 3.773592738198677 4
0009 0001 1710055975193 -16.25 -65.5 1.337631247036279 4
0009 0005 1710055975193 -3.25 -58.0 4.356505437595221 4
0009 0015 1710055975193 -19.5 -56.0 5.516194913236766 4
0009 0008 1710055975194 -13.0 -58.0 1.0799224746714913 4
0009 0010 1710055975194 13.0 -65.5 1.0369710126106935 4
0009 0012 1710055975194 -35.75 -59.0 3.8410878928656453 4
0009 0013 1710055975195 34.9375 -61.0 3.509748042682347 4
0009 0000 1710055975195 45.5625 -67.0 3.3624858870453256 4
0009 0004 1710055975196 84.625 -70.5 3.043417883165112 4
0009 0008 1710055975400 0.0 -57.5 1.086058397823034 4
0009 0012 1710055975400 32.5 -59.0 3.785864584501762 4
0009 0015 1710055975400 -52.0625 -56.0 5.516194913236766 4
0009 0013 1710055975400 41.5 -61.0 3.5036121195308043 4
0009 0003 1710055975401 333.625 -72.0 4.006757817957295 4
0009 0014 1710055975401 -26.0 -64.0 3.785864584501762 4
0009 0000 1710055975401 -26.0 -65.5 3.5465635815916023 4
0009 0007 1710055975402 -3.25 -66.5 5.283029833478148 4
0009 0005 1710055975402 -19.5 -58.0 4.387185053352934 4
0009 0010 1710055975402 -58.5625 -65.0 1.2455923997631406 4
0009 0004 1710055975403 26.0 -69.5 3.0925052683774528 4
0009 0001 1710055975403 3.25 -65.0 1.2885438618239387 4
0009 0014 1710055975403 71.5625 -65.0 3.6999616603801666 4
0009 0001 1710055975404 81.375 -65.5 1.1351457830353744 4
0009 0015 1710055975404 -35.75 -56.0 5.5284667595398505 4
0009 0008 1710055975404 9.75 -58.0 1.0737865515199487 4
0009 0012 1710055975405 3.25 -59.0 3.773592738198677 4
0009 0010 1710055975405 9.75 -65.5 1.043106935762236 4
0009 0005 1710055975406 -29.25 -57.5 4.399456899656019 4
0009 0013 1710055975406 -7.3125 -61.0 3.56497135104623 4
0009 0003 1710055975407 -243.3125 -72.0 4.700117134081604 4
0009 0007 1710055975407 3.25 -67.0 5.246214294568893 4
0009 0000 1710055975408 -9.75 -66.0 3.5281558121369745 4
0009 0004 1710055975408 -26.0 -69.0 3.141592653589793 4
0009 0003 1710055975609 111.4375 -70.0 4.215379205109742 4
0009 0007 1710055975609 -21.125 -66.0 5.3198453723874035 4
0009 0001 1710055975609 -45.5625 -65.5 1.380582709097077 4
0009 0014 1710055975609 -16.25 -64.5 3.773592738198677 4
0009 0004 1710055975610 -58.5625 -70.5 3.141592653589793 4
0009 0012 1710055975610 16.25 -59.0 3.785864584501762 4
0009 0015 1710055975610 -3.25 -56.0 5.485515297479052 4
0009 0008 1710055975611 19.5 -58.0 1.055378782065321 4
0009 0005 1710055975611 -29.25 -57.5 4.374913207049849 4
0009 0010 1710055975611 19.5 -66.0 1.1228739367322893 4
0009 0013 1710055975612 -13.8125 -61.0 3.6079228131070282 4
0009 0000 1710055975612 3.25 -65.0 3.479068426924634 4
0009 0004 1710055975612 188.75 -68.5 2.8102528034064944 4
0009 0015 1710055975612 -22.75 -56.0 5.5284667595398505 4
0009 0008 1710055975613 55.3125 -58.0 0.9572040116406401 4
0009 0000 1710055975613 -19.5 -65.5 3.466796580621549 4
0009 0001 1710055975613 32.5 -64.5 1.141281706186917 4
0009 0005 1710055975614 -19.5 -58.0 4.3503695144436785 4
0009 0014 1710055975614 -22.75 -65.5 3.8533597391687304 4
0009 0013 1710055975614 -38.1875 -61.0 3.5711072741977725 4
0009 0012 1710055975614 -22.75 -59.5 3.7981364308048478 4
0009 0003 1710055975615 -128.5625 -70.5 4.638757902566179 4
0009 0010 1710055975615 -32.5 -66.0 1.1228739367322893 4
0009 0007 1710055975615 3.25 -65.5 5.203262832508095 4
0009 0008 1710055975730 -19.5 -58.0 1.043106935762236 4
0009 0005 1710055975730 -6.5 -57.5 4.3074180523828804 4
0009 0004 1710055975730 3.25 -69.5 3.0250101137104846 4
0009 0014 1710055975731 -35.75 -64.5 3.810408277107933 4
0009 0000 1710055975731 19.5 -66.0 3.3440781175906977 4
0009 0012 1710055975731 -39.0 -59.5 3.7429131224409646 4
0009 0015 1710055975731 9.75 -56.5 5.442563835418255 4
0009 0001 1710055975732 -39.0 -65.5 1.1044661672776617 4
0009 0013 1710055975732 -13.8125 -61.0 3.497476196379262 4
0009 0007 1710055975733 -97.625 -66.5 5.301437602932776 4
0009 0003 1710055975733 -27.625 -71.0 4.387185053352934 4
0009 0010 1710055975733 -26.0 -66.0 1.0369710126106935 4
0009 0000 1710055975940 -3.25 -65.5 3.2704470397721868 4
0009 0007 1710055975940 -93.5625 -67.0 5.154175447295755 4
0009 0014 1710055975941 -22.75 -65.0 3.816544200259475 4
0009 0004 1710055975941 -13.0 -68.5 2.9022916506796332 4
0009 0005 1710055975942 -9.75 -57.5 4.319689898685965 4
0009 0008 1710055975942 -3.25 -58.5 0.9633399347921826 4
0009 0015 1710055975942 -19.5 -56.0 5.485515297479052 4
0009 0001 1710055975943 0.0 -65.5 0.8897088569736719 4
0009 0010 1710055975943 32.5 -66.5 0.9142525495798421 4
0009 0013 1710055975943 27.625 -61.0 3.3624858870453256 4
0009 0012 1710055975944 6.5 -59.0 3.6999616603801666 4
0009 0003 1710055975944 -347.4375 -72.0 4.289010282928253 4
0009 0014 1710055975944 -58.5625 -64.5 3.890175278077986 4
0009 0013 1710055975945 -13.8125 -61.5 3.399301425954581 4
0009 0015 1710055975945 3.25 -56.5 5.460971604872882 4
0009 0008 1710055975946 0.0 -58.5 0.944932165337555 4
0009 0000 1710055975947 -162.75 -65.5 3.4606606574700063 4
0009 0004 1710055975947 81.375 -69.0 2.6445828783148455 4
0009 0012 1710055975947 0.0 -59.0 3.663146121470911 4
0009 0005 1710055975948 -13.0 -58.0 4.325825821837508 4
0009 0010 1710055975948 13.0 -66.0 0.9203884727313847 4
0009 0001 1710055975948 -19.5 -67.0 0.8222137023067037 4
0009 0007 1710055975949 -131.8125 -66.5 5.246214294568893 4
0009 0003 1710055975949 27.625 -72.5 3.822680123411018 4
0009 0015 1710055976146 -26.0 -56.0 5.485515297479052 4
0009 0014 1710055976147 -6.5 -65.5 3.8840393549264434 4
0009 0007 1710055976147 52.0625 -67.0 4.902602598082509 4
0009 0005 1710055976147 -6.5 -57.5 4.289010282928253 4
0009 0012 1710055976147 -3.25 -59.0 3.6201946594101133 4
0009 0008 1710055976148 -26.0 -58.5 0.8897088569736719 4
0009 0001 1710055976148 -3.25 -67.0 0.6320000846088841 4
0009 0000 1710055976148 -9.75 -66.0 3.160000423044421 4
0009 0010 1710055976149 -26.0 -65.0 0.1718058482431918 4
0009 0013 1710055976149 -30.875 -61.5 3.393165502803038 4
0009 0003 1710055976149 -9.75 -72.5 3.80427235395639 4
0009 0004 1710055976149 0.0 -68.5 2.6568547246179306 4
0009 0003 1710055976150 62.625 -71.5 3.7429131224409646 4
0009 0004 1710055976150 107.375 -68.5 2.5832236467994196 4
0009 0014 1710055976150 -32.5 -64.0 3.9699422790480394 4
0009 0013 1710055976151 -27.625 -61.0 3.3502140407422405 4
0009 0012 1710055976151 -13.0 -59.0 3.6386024288647407 4
0009 0007 1710055976151 0.0 -66.5 4.92714629068868 4
0009 0005 1710055976151 -22.75 -58.0 4.301282129231338 4
0009 0008 1710055976152 9.75 -59.0 0.7915340865489908 4
0009 0001 1710055976152 9.75 -66.0 0.48473792897186263 4
0009 0015 1710055976152 -22.75 -56.5 5.460971604872882 4
0009 0000 1710055976153 35.75 -66.0 3.0250101137104846 4
0009 0010 1710055976153 3.25 -65.5 0.14112623248547898 4
0009 0000 1710055976357 52.0625 -66.0 2.945243112740431 4
0009 0010 1710055976357 -29.25 -66.0 0.0859029241215959 4
0009 0014 1710055976357 -29.25 -65.0 3.9638063558964967 4
0009 0015 1710055976358 -3.25 -56.5 5.442563835418255 4
0009 0005 1710055976358 19.5 -58.5 4.25833066717054 4
0009 0001 1710055976358 -61.8125 -66.5 0.4111068511533518 4
0009 0013 1710055976359 -27.625 -61.0 3.2949907323783574 4
0009 0008 1710055976359 16.25 -59.0 0.7731263170943632 4
0009 0012 1710055976359 -13.0 -59.5 3.6201946594101133 4
0009 0007 1710055976360 -24.375 -66.5 4.902602598082509 4
0009 0003 1710055976360 55.3125 -71.0 3.3318062712876126 4
0009 0004 1710055976360 22.75 -68.5 2.60776733940559 4
0009 0000 1710055976360 -22.75 -66.5 2.945243112740431 4
0009 0015 1710055976361 0.0 -56.5 5.436427912266712 4
0009 0014 1710055976361 -29.25 -65.0 3.9699422790480394 4
0009 0007 1710055976361 21.125 -67.0 4.896466674930966 4
0009 0008 1710055976362 13.0 -59.0 0.7485826244881929 4
0009 0005 1710055976362 -16.25 -58.5 4.276738436625168 4
0009 0001 1710055976362 -52.0625 -66.5 0.4172427743048944 4
0009 0013 1710055976362 -21.125 -61.5 3.153864499892878 4
0009 0010 1710055976363 16.25 -66.0 0.018407769454627694 4
0009 0012 1710055976363 -6.5 -59.0 3.5833791205008576 4
0009 0004 1710055976363 32.5 -68.0 2.5464081078901644 4
0009 0003 1710055976364 69.125 -71.0 3.4177091954092087 4
0009 0005 1710055976480 3.25 -58.0 4.276738436625168 4
0009 0007 1710055976480 48.8125 -67.5 4.718524903536232 4
0009 0014 1710055976481 78.0625 -64.5 3.8288160465625602 4
0009 0008 1710055976481 -9.75 -59.0 0.7301748550335652 4
0009 0004 1710055976481 39.0 -67.5 2.448233337465483 4
0009 0001 1710055976482 13.0 -67.5 0.2638446955163303 4
0009 0010 1710055976482 -16.25 -66.0 0.006135923151542565 4
0009 0012 1710055976482 19.5 -59.5 3.5342917352885173 4
0009 0015 1710055976482 19.5 -56.5 5.387340527054372 4
0009 0013 1710055976483 3.25 -61.5 3.129320807286708 4
0009 0003 1710055976483 -239.25 -71.0 3.7981364308048478 4
0009 0000 1710055976484 -3.25 -66.0 2.8409324191642074 4
0009 0003 1710055976675 -305.9375 -71.5 3.663146121470911 4
0009 0001 1710055976675 -74.8125 -65.5 0.1902136176978195 4
0009 0013 1710055976675 38.1875 -61.0 3.074097498922825 4
0009 0008 1710055976676 -6.5 -59.0 0.6872233929727672 4
0009 0005 1710055976676 16.25 -58.5 4.196971435655114 4
0009 0007 1710055976676 -45.5625 -67.0 4.8351074434155406 4
0009 0004 1710055976676 35.75 -67.5 2.386874105950058 4
0009 0000 1710055976677 19.5 -66.0 2.705942109830271 4
0009 0012 1710055976677 16.25 -59.5 3.4913402732277192 4
0009 0015 1710055976677 45.5625 -57.0 5.375068680751287 4
0009 0010 1710055976678 0.0 -66.0 6.252505691421874 4
0009 0014 1710055976678 58.5625 -65.0 3.8840393549264434 4
0009 0010 1710055976679 45.5625 -66.0 6.129787228391022 4
0009 0004 1710055976679 -74.8125 -66.5 2.6200391857086753 4
0009 0001 1710055976679 -19.5 -66.0 0.11658253987930872 4
0009 0007 1710055976680 10.5625 -67.0 4.614214209960009 4
0009 0012 1710055976680 9.75 -59.0 3.479068426924634 4
0009 0015 1710055976681 -13.0 -56.5 5.448699758569798 4
0009 0000 1710055976681 3.25 -66.0 2.730485802436441 4
0009 0014 1710055976681 -3.25 -64.5 3.933126740138784 4
0009 0005 1710055976681 9.75 -58.0 4.2092432819582 4
0009 0013 1710055976682 -27.625 -61.5 3.1231848841351653 4
0009 0008 1710055976682 45.5625 -59.5 0.5951845456996288 4
0009 0003 1710055976682 3.25 -71.5 3.141592653589793 4
0009 0003 1710055976889 34.9375 -71.0 3.0495538063166547 4
0009 0014 1710055976889 -9.75 -64.5 4.025165587411922 4
0009 0001 1710055976889 -3.25 -66.5 6.227961998815704 4
0009 0008 1710055976889 22.75 -59.5 0.6381360077604268 4
0009 0015 1710055976890 -9.75 -56.5 5.418020142812084 4
0009 0010 1710055976890 0.0 -66.5 6.166602767300278 4
0009 0005 1710055976890 -16.25 -58.5 4.23378697456437 4
0009 0012 1710055976891 6.5 -59.0 3.454524734318464 4
0009 0000 1710055976891 39.0 -66.5 2.6384469551633027 4
0009 0004 1710055976891 -48.8125 -66.5 2.4850488763747385 4
0009 0013 1710055976892 -13.8125 -62.0 3.104777114680538 4
0009 0007 1710055976892 -73.1875 -67.0 4.767612288748572 4
0009 0007 1710055976892 34.9375 -67.0 4.565126824747668 4
0009 0001 1710055976893 13.0 -67.0 6.154330920997192 4
0009 0004 1710055976893 -35.75 -67.0 2.454369260617026 4
0009 0008 1710055976893 19.5 -59.0 0.5706408530934585 4
0009 0013 1710055976893 69.125 -61.5 2.988194574801229 4
0009 0005 1710055976894 -6.5 -58.5 4.196971435655114 4
0009 0015 1710055976894 -16.25 -56.5 5.4671075280244255 4
0009 0010 1710055976894 -35.75 -65.0 6.17273869045182 4
0009 0014 1710055976895 19.5 -65.5 3.9638063558964967 4
0009 0000 1710055976895 74.8125 -66.5 2.5280003384355365 4
0009 0012 1710055976895 9.75 -58.5 3.4177091954092087 4
0009 0003 1710055976896 298.625 -70.5 2.6568547246179306 4
0009 0014 1710055977101 -32.5 -65.0 4.006757817957295 4
0009 0001 1710055977101 52.0625 -66.5 6.050020227420969 4
0009 0004 1710055977101 26.0 -66.5 2.4175537217077703 4
0009 0013 1710055977102 0.0 -61.5 3.067961575771282 4
0009 0012 1710055977102 3.25 -59.0 3.448388811166921 4
0009 0015 1710055977102 3.25 -56.5 5.393476450205914 4
0009 0005 1710055977103 35.75 -59.0 4.147884050442774 4
0009 0008 1710055977103 19.5 -59.5 0.5767767762450011 4
0009 0007 1710055977103 -7.3125 -67.0 4.6878452877785195 4
0009 0010 1710055977103 19.5 -66.0 6.0991076126333095 4
0009 0003 1710055977104 -128.5625 -71.5 3.2090878082567613 4
0009 0000 1710055977104 -3.25 -66.0 2.5464081078901644 4
0009 0014 1710055977104 -3.25 -65.0 4.0558452031696355 4
0009 0007 1710055977104 -121.25 -67.0 4.816699673960914 4
0009 0010 1710055977105 -13.0 -66.0 6.062292073724054 4
0009 0001 1710055977105 58.5625 -66.5 5.970253226450915 4
0009 0005 1710055977105 35.75 -58.5 4.111068511533518 4
0009 0000 1710055977106 78.0625 -65.5 2.386874105950058 4
0009 0008 1710055977106 0.0 -59.5 0.5829126993965437 4
0009 0003 1710055977106 -3.25 -71.5 3.08636934522591 4
0009 0012 1710055977106 3.25 -58.5 3.436116964863836 4
0009 0004 1710055977107 29.25 -67.0 2.325514874434632 4
0009 0013 1710055977107 -13.0 -62.0 3.067961575771282 4
0009 0015 1710055977107 -39.0 -56.5 5.473243451175968 4
0009 0001 1710055977225 -3.25 -66.5 6.056156150572511 4
0009 0015 1710055977226 -3.25 -57.0 5.448699758569798 4
0009 0004 1710055977226 -22.75 -66.5 2.448233337465483 4
0009 0013 1710055977226 -17.0625 -61.5 3.043417883165112 4
0009 0005 1710055977226 -9.75 -58.5 4.2092432819582 4
0009 0000 1710055977227 52.0625 -66.5 2.3930100291016 4
0009 0012 1710055977227 -58.5625 -59.0 3.5281558121369745 4
0009 0007 1710055977227 0.0 -67.0 4.663301595172349 4
0009 0008 1710055977228 16.25 -59.5 0.5706408530934585 4
0009 0003 1710055977228 107.375 -71.0 2.945243112740431 4
0009 0014 1710055977228 -19.5 -64.5 4.04357335686655 4
0009 0010 1710055977228 -61.8125 -66.0 6.1420590746941075 4
