0009 0015 1710054019936 22.75 -63.5 1.8039614065535141 2
0009 0000 1710054019936 48.8125 -69.0 0.8835729338221293 2
0009 0001 1710054019937 -94.375 -67.5 4.902602598082509 2
0009 0004 1710054019937 -55.3125 -68.0 1.3008157081270237 2
0009 0004 1710054019938 81.375 -69.0 1.1780972450961724 2
0009 0015 1710054019938 29.25 -63.5 1.8346410223112268 2
0009 0001 1710054019938 -16.25 -67.5 4.638757902566179 2
0009 0000 1710054019939 16.25 -68.5 0.8713010875190442 2
0009 0001 1710054020186 -61.8125 -66.5 4.804427827657828 2
0009 0000 1710054020186 71.5625 -68.5 0.8467573949128739 2
0009 0004 1710054020187 -13.0 -69.0 1.1903690913992575 2
0009 0015 1710054020187 -48.8125 -63.5 1.8714565612204823 2
0009 0001 1710054020187 -52.0625 -67.0 4.706253057233147 2
0009 0015 1710054020188 -104.125 -63.5 1.9941750242513334 2
0009 0004 1710054020188 22.75 -68.0 1.2640001692177683 2
0009 0000 1710054020189 32.5 -69.0 0.944932165337555 2
0009 0000 1710054020189 -6.5 -68.0 0.8467573949128739 2
0009 0001 1710054020189 -45.5625 -68.0 4.773748211900116 2
0009 0015 1710054020190 13.0 -63.5 1.8285050991596843 2
0009 0004 1710054020190 39.0 -68.0 1.1351457830353744 2
0009 0001 1710054020436 -55.3125 -67.0 4.724660826687775 2
0009 0004 1710054020437 100.875 -69.0 1.0921943209745766 2
0009 0015 1710054020437 -32.5 -63.5 1.8714565612204823 2
0009 0000 1710054020437 -65.0625 -68.5 0.8835729338221293 2
0009 0015 1710054020438 -71.5625 -63.5 1.9512235621905356 2
0009 0001 1710054020438 -78.0625 -68.0 4.804427827657828 2
0009 0004 1710054020438 139.9375 -69.0 0.9326603190344698 2
0009 0000 1710054020439 3.25 -67.5 0.7485826244881929 2
0009 0001 1710054020687 -107.375 -67.5 4.92714629068868 2
0009 0000 1710054020687 78.0625 -69.0 0.6442719309119693 2
0009 0015 1710054020687 71.5625 -64.0 1.7732817907958012 2
0009 0004 1710054020688 110.625 -69.5 1.0737865515199487 2
0009 0001 1710054020688 3.25 -68.0 4.540583132141498 2
0009 0000 1710054020689 61.8125 -68.0 0.7424467013366504 2
0009 0015 1710054020689 -42.3125 -64.0 1.9266798695843652 2
0009 0004 1710054020689 104.125 -70.0 0.9633399347921826 2
0009 0015 1710054020690 61.8125 -63.5 1.8100973297050567 2
0009 0004 1710054020690 -146.4375 -69.5 1.380582709097077 2
0009 0001 1710054020690 -39.0 -67.0 4.755340442445488 2
0009 0000 1710054020691 -26.0 -69.0 0.859029241215959 2
0009 0001 1710054020936 0.0 -67.0 4.6448938257177215 2
0009 0015 1710054020937 26.0 -63.5 1.8775924843720249 2
0009 0000 1710054020937 -71.5625 -68.5 0.9878836273983529 2
0009 0004 1710054020937 -78.0625 -68.0 1.325359400733194 2
0009 0015 1710054020938 22.75 -64.0 1.9082721001297376 2
0009 0000 1710054020938 120.4375 -68.5 0.6320000846088841 2
0009 0001 1710054020938 -16.25 -67.0 4.6878452877785195 2
0009 0004 1710054020939 45.5625 -69.0 1.214912784005428 2
0009 0000 1710054020939 55.3125 -69.0 0.760854470791278 2
0009 0004 1710054020939 78.0625 -69.5 0.9878836273983529 2
0009 0001 1710054020940 -22.75 -67.0 4.7307967498393175 2
0009 0015 1710054020940 -13.0 -63.0 1.9205439464328227 2
0009 0004 1710054021196 39.0 -69.5 1.2210487071569704 2
0009 0015 1710054021196 -45.5625 -63.5 2.024854640009046 2
0009 0001 1710054021196 -32.5 -67.0 4.669437518323892 2
0009 0000 1710054021197 42.3125 -68.5 0.803805932852076 2
0009 0000 1710054021197 -45.5625 -69.0 0.8222137023067037 2
0009 0015 1710054021197 16.25 -63.5 1.8837284075235674 2
0009 0004 1710054021198 104.125 -68.5 1.012427320004523 2
0009 0001 1710054021198 -26.0 -66.5 4.681709364626977 2
0009 0000 1710054021446 -29.25 -69.0 0.8835729338221293 2
0009 0015 1710054021446 -26.0 -64.0 1.9634954084936207 2
0009 0004 1710054021447 39.0 -68.5 1.0921943209745766 2
0009 0001 1710054021447 -94.375 -67.0 4.73693267299086 2
0009 0015 1710054021447 16.25 -64.0 1.8837284075235674 2
0009 0001 1710054021448 35.75 -67.5 4.558990901596125 2
0009 0000 1710054021448 81.375 -69.0 0.8406214717613314 2
0009 0004 1710054021448 48.8125 -68.0 1.1106020904292042 2
0009 0004 1710054021449 136.6875 -68.5 0.9019807032767571 2
0009 0015 1710054021449 29.25 -63.5 1.902136176978195 2
0009 0001 1710054021449 3.25 -67.5 4.454680208019902 2
0009 0000 1710054021450 -19.5 -69.5 0.9203884727313847 2
0009 0000 1710054021687 29.25 -68.5 0.8835729338221293 2
0009 0001 1710054021687 -45.5625 -67.0 4.773748211900116 2
0009 0004 1710054021688 39.0 -67.5 1.0492428589137786 2
0009 0015 1710054021688 29.25 -63.0 1.9205439464328227 2
0009 0015 1710054021688 -13.0 -63.0 1.9757672547967058 2
0009 0000 1710054021689 13.0 -68.5 0.8528933180644165 2
0009 0001 1710054021689 0.0 -67.0 4.552854978444583 2
0009 0004 1710054021689 -9.75 -67.5 1.1228739367322893 2
0009 0004 1710054021936 -91.125 -67.5 1.2455923997631406 2
0009 0001 1710054021936 -61.8125 -67.5 4.620350133111551 2
0009 0015 1710054021937 -13.0 -63.0 1.88986433067511 2
0009 0000 1710054021937 -6.5 -68.5 0.8344855486097889 2
0009 0000 1710054021937 61.8125 -69.0 0.8835729338221293 2
0009 0001 1710054021938 -58.5625 -67.0 4.675573441475434 2
0009 0015 1710054021938 -58.5625 -63.0 1.9941750242513334 2
0009 0004 1710054021938 35.75 -68.0 1.0246991663076084 2
0009 0001 1710054021939 35.75 -68.0 4.473087977474529 2
0009 0015 1710054021939 -13.0 -63.0 1.9266798695843652 2
0009 0004 1710054021939 65.0625 -68.0 0.8344855486097889 2
0009 0000 1710054021940 -39.0 -68.5 1.043106935762236 2
0009 0000 1710054022187 61.8125 -69.0 0.859029241215959 2
0009 0015 1710054022187 65.0625 -63.5 1.7978254834019713 2
0009 0001 1710054022187 26.0 -67.5 4.479223900626073 2
0009 0004 1710054022188 35.75 -68.0 0.8897088569736719 2
0009 0004 1710054022188 100.875 -68.0 0.803805932852076 2
0009 0000 1710054022188 65.0625 -70.0 0.8160777791551611 2
0009 0015 1710054022189 0.0 -63.0 1.9389517158874505 2
0009 0001 1710054022189 48.8125 -67.0 4.491495746929157 2
0009 0001 1710054022189 -100.875 -67.0 4.6878452877785195 2
0009 0004 1710054022190 13.0 -68.5 0.9387962421860124 2
0009 0015 1710054022190 -16.25 -63.0 1.8775924843720249 2
0009 0000 1710054022190 100.875 -69.0 0.8222137023067037 2
0009 0015 1710054022435 3.25 -63.0 1.902136176978195 2
0009 0001 1710054022436 -42.3125 -66.5 4.595806440505381 2
0009 0004 1710054022436 65.0625 -68.5 0.8467573949128739 2
0009 0000 1710054022436 -45.5625 -69.5 0.9326603190344698 2
0009 0001 1710054022437 55.3125 -66.5 4.430136515413731 2
0009 0015 1710054022437 52.0625 -62.5 1.7978254834019713 2
0009 0000 1710054022437 68.3125 -69.0 0.8651651643675016 2
0009 0004 1710054022438 9.75 -68.0 0.9203884727313847 2
0009 0015 1710054022687 -6.5 -62.5 1.9266798695843652 2
0009 0000 1710054022687 52.0625 -69.5 0.8099418560036186 2
0009 0001 1710054022687 -9.75 -66.5 4.509903516383785 2
0009 0004 1710054022687 -35.75 -67.5 1.030835089459151 2
0009 0004 1710054022688 87.875 -69.0 0.8528933180644165 2
0009 0015 1710054022688 -45.5625 -63.0 1.9880391010997909 2
0009 0000 1710054022688 -35.75 -69.0 0.8713010875190442 2
0009 0001 1710054022689 16.25 -67.0 4.509903516383785 2
0009 0000 1710054022689 -45.5625 -69.5 0.8467573949128739 2
0009 0015 1710054022689 0.0 -63.0 1.932815792735908 2
0009 0001 1710054022690 16.25 -65.5 4.448544284868359 2
0009 0004 1710054022690 -13.0 -68.0 1.0246991663076084 2
0009 0001 1710054022936 -94.375 -66.5 4.601942363656923 2
0009 0000 1710054022936 52.0625 -68.5 0.7792622402459057 2
0009 0015 1710054022936 78.0625 -63.0 1.7916895602504288 2
0009 0004 1710054022936 -104.125 -67.5 1.0062913968529805 2
0009 0001 1710054022937 -22.75 -67.0 4.362641360746763 2
0009 0004 1710054022937 -113.875 -68.5 0.9940195505498954 2
0009 0015 1710054022937 29.25 -62.5 1.8837284075235674 2
0009 0000 1710054022938 13.0 -69.5 0.8467573949128739 2
0009 0015 1710054023186 42.3125 -63.0 1.8775924843720249 2
0009 0001 1710054023186 13.0 -66.5 4.3503695144436785 2
0009 0000 1710054023186 16.25 -69.5 0.8774370106705868 2
0009 0004 1710054023187 71.5625 -68.5 0.7792622402459057 2
0009 0000 1710054023187 3.25 -68.5 0.8774370106705868 2
0009 0004 1710054023187 78.0625 -68.0 0.7485826244881929 2
0009 0001 1710054023188 -6.5 -67.0 4.442408361716817 2
0009 0015 1710054023188 -16.25 -62.5 1.9634954084936207 2
0009 0001 1710054023188 -3.25 -67.0 4.3503695144436785 2
0009 0015 1710054023189 -39.0 -62.5 1.9634954084936207 2
0009 0004 1710054023189 0.0 -68.5 0.9142525495798421 2
0009 0000 1710054023189 -48.8125 -69.5 0.8222137023067037 2
0009 0000 1710054023436 -100.875 -69.0 0.9081166264282996 2
0009 0015 1710054023436 16.25 -63.0 1.8714565612204823 2
0009 0001 1710054023437 -58.5625 -67.0 4.516039439535327 2
0009 0004 1710054023437 97.625 -68.0 0.7424467013366504 2
0009 0000 1710054023437 -55.3125 -69.0 0.8467573949128739 2
0009 0015 1710054023437 -9.75 -62.5 1.9266798695843652 2
0009 0001 1710054023438 -16.25 -67.5 4.3503695144436785 2
0009 0004 1710054023438 136.6875 -69.0 0.6442719309119693 2
0009 0000 1710054023438 26.0 -69.5 0.7424467013366504 2
0009 0015 1710054023439 104.125 -63.0 1.7855536370988863 2
0009 0001 1710054023439 -48.8125 -67.0 4.417864669110647 2
0009 0004 1710054023439 55.3125 -68.0 0.7976700097005334 2
0009 0000 1710054023687 78.0625 -68.0 0.619728238305799 2
0009 0015 1710054023688 26.0 -63.0 2.055534255766759 2
0009 0004 1710054023688 55.3125 -68.0 0.7731263170943632 2
0009 0001 1710054023688 -48.8125 -67.5 4.491495746929157 2
0009 0001 1710054023688 -143.1875 -67.0 4.583534594202296 2
0009 0004 1710054023689 -61.8125 -69.5 0.9142525495798421 2
0009 0015 1710054023689 84.625 -63.0 1.9819031779482483 2
0009 0000 1710054023689 110.625 -69.0 0.6381360077604268 2
0009 0015 1710054023946 19.5 -63.0 2.0800779483729293 2
0009 0004 1710054023946 0.0 -67.5 0.8835729338221293 2
0009 0001 1710054023947 -107.375 -67.0 4.473087977474529 2
0009 0000 1710054023947 22.75 -67.5 0.7731263170943632 2
0009 0015 1710054023948 29.25 -63.0 2.110757564130642 2
0009 0000 1710054023948 0.0 -68.5 0.8283496254582462 2
0009 0001 1710054023948 -26.0 -67.0 4.460816131171445 2
0009 0004 1710054023948 9.75 -68.0 0.9387962421860124 2
0009 0004 1710054023949 100.875 -67.5 0.7363107781851077 2
0009 0015 1710054023949 9.75 -63.0 2.116893487282185 2
0009 0000 1710054023949 -42.3125 -69.0 0.8406214717613314 2
0009 0001 1710054023950 -42.3125 -67.0 4.387185053352934 2
0009 0015 1710054024185 26.0 -63.5 2.073942025221387 2
0009 0001 1710054024185 -39.0 -66.5 4.405592822807561 2
0009 0000 1710054024186 48.8125 -68.5 0.7424467013366504 2
0009 0004 1710054024186 42.3125 -67.5 0.8406214717613314 2
0009 0000 1710054024186 6.5 -68.5 0.7669903939428205 2
0009 0001 1710054024187 -48.8125 -67.0 4.411728745959104 2
0009 0004 1710054024187 58.5625 -68.0 0.8344855486097889 2
0009 0015 1710054024187 42.3125 -63.0 2.018718716857504 2
0009 0015 1710054024435 48.8125 -63.0 2.0493983326152168 2
0009 0000 1710054024436 39.0 -67.5 0.7915340865489908 2
0009 0001 1710054024436 -87.875 -66.5 4.571262747899211 2
0009 0004 1710054024436 97.625 -68.5 0.705631162427395 2
0009 0015 1710054024437 58.5625 -62.5 2.0064468705544187 2
0009 0004 1710054024437 55.3125 -69.0 0.8344855486097889 2
0009 0000 1710054024437 -39.0 -68.5 0.7976700097005334 2
0009 0001 1710054024438 -22.75 -67.5 4.356505437595221 2
0009 0001 1710054024438 -48.8125 -66.5 4.516039439535327 2
0009 0015 1710054024438 -32.5 -63.0 2.1046216409791 2
0009 0004 1710054024439 32.5 -68.0 0.8283496254582462 2
0009 0000 1710054024439 143.1875 -68.5 0.6749515466696822 2
0009 0015 1710054024681 35.75 -62.5 2.055534255766759 2
0009 0004 1710054024681 84.625 -68.0 0.7301748550335652 2
0009 0000 1710054024681 61.8125 -69.0 0.7547185476397354 2
0009 0001 1710054024681 -32.5 -67.0 4.460816131171445 2
0009 0001 1710054024683 -3.25 -66.5 4.3933209765044765 2
0009 0004 1710054024683 91.125 -69.5 0.7792622402459057 2
0009 0000 1710054024683 -136.6875 -69.5 1.0062913968529805 2
0009 0015 1710054024684 -9.75 -62.5 2.1659808724945253 2
