0009 0004 1710053776618 -9.75 -59.0 3.2336315008629315 2
0009 0000 1710053776619 -19.5 -63.0 5.123495831538041 2
0009 0005 1710053776619 -159.5 -65.0 3.172272269347506 2
0009 0001 1710053776619 22.75 -69.0 4.264466590322082 2
0009 0008 1710053776620 188.75 -72.5 6.2463697682703305 2
0009 0002 1710053776620 5.4375 -77.5 4.773748211900116 2
0009 0004 1710053776621 6.5 -59.5 3.1968159619536762 2
0009 0001 1710053776621 -26.0 -69.0 4.338097668140593 2
0009 0000 1710053776621 52.0625 -63.5 5.111223985234957 2
0009 0005 1710053776622 0.0 -65.5 2.8532042654672924 2
0009 0008 1710053776623 -179.0 -72.0 0.5092816215780329 2
0009 0007 1710053776624 -10.375 -75.5 0.6381360077604268 2
0009 0002 1710053776624 15.8125 -77.5 4.779884135051658 2
0009 0001 1710053776869 -71.5625 -68.5 4.387185053352934 2
0009 0004 1710053776869 -9.75 -59.0 3.2704470397721868 2
0009 0005 1710053776869 -110.625 -65.5 3.031146036862027 2
0009 0000 1710053776869 -32.5 -63.0 5.227806525114265 2
0009 0008 1710053776870 6.5 -72.0 6.240233845118788 2
0009 0007 1710053776870 6.0625 -75.0 0.6013204688511713 2
0009 0002 1710053776871 14.1875 -78.5 4.908738521234052 2
0009 0005 1710053776871 58.5625 -65.5 2.7979809571034093 2
0009 0008 1710053776871 -9.75 -71.0 0.1902136176978195 2
0009 0000 1710053776872 16.25 -63.5 5.289165756629691 2
0009 0004 1710053776872 -32.5 -59.0 3.3072625786814425 2
0009 0001 1710053776872 -19.5 -69.0 4.331961744989051 2
0009 0002 1710053777118 -5.0 -79.5 1.761009944492716 2
0009 0007 1710053777119 -2.4375 -75.0 0.7669903939428205 2
0009 0001 1710053777119 -42.3125 -69.0 4.381049130201391 2
0009 0008 1710053777119 126.9375 -72.0 0.01227184630308513 2
0009 0005 1710053777120 0.0 -65.0 2.9084275738311756 2
0009 0000 1710053777120 -74.8125 -63.0 5.405748296509 2
0009 0004 1710053777120 -16.25 -59.0 3.3318062712876126 2
0009 0007 1710053777369 -1.1875 -75.0 0.8222137023067037 2
0009 0002 1710053777369 -9.4375 -79.0 1.9696313316451632 2
0009 0004 1710053777369 6.5 -58.5 3.313398501832985 2
0009 0005 1710053777369 35.75 -65.5 2.8102528034064944 2
0009 0000 1710053777370 45.5625 -63.0 5.289165756629691 2
0009 0008 1710053777370 -126.9375 -73.0 0.32520392703175593 2
0009 0001 1710053777370 55.3125 -69.0 4.3933209765044765 2
0009 0002 1710053777371 1.8125 -79.5 5.019185137961818 2
0009 0007 1710053777371 10.9375 -75.5 3.792000507653305 2
0009 0000 1710053777371 -9.75 -63.5 5.381204603902829 2
0009 0004 1710053777372 -6.5 -59.0 3.368621810196868 2
0009 0005 1710053777372 32.5 -66.0 2.804116880254952 2
0009 0001 1710053777372 -91.125 -70.5 4.626486056263094 2
0009 0007 1710053777618 2.125 -75.0 3.877903431774901 2
0009 0002 1710053777618 2.875 -79.5 1.8100973297050567 2
0009 0004 1710053777618 -13.0 -58.5 3.393165502803038 2
0009 0005 1710053777619 -32.5 -65.5 2.9943304979527716 2
0009 0000 1710053777619 26.0 -63.0 5.368932757599744 2
0009 0001 1710053777619 159.5 -69.5 4.23378697456437 2
0009 0008 1710053777620 104.125 -74.5 0.18407769454627693 2
0009 0002 1710053777620 0.0 -78.0 5.148039524144211 2
0009 0007 1710053777620 5.4375 -75.0 3.8410878928656453 2
0009 0004 1710053777621 3.25 -59.0 3.3502140407422405 2
0009 0000 1710053777621 -97.625 -63.0 5.583690067903734 2
0009 0008 1710053777621 -81.375 -72.0 0.5276893910326605 2
0009 0005 1710053777622 -52.0625 -65.5 2.9391071895888885 2
0009 0001 1710053777622 19.5 -69.5 4.4362724385652745 2
0009 0002 1710053777869 -20.75 -78.0 5.037592907416445 2
0009 0007 1710053777869 2.4375 -76.0 0.8528933180644165 2
0009 0005 1710053777869 58.5625 -65.0 2.773437264497239 2
0009 0004 1710053777870 -29.25 -59.0 3.380893656499953 2
0009 0000 1710053777870 -26.0 -63.0 5.485515297479052 2
0009 0001 1710053777870 -221.3125 -69.0 4.933282213840222 2
0009 0008 1710053777871 172.5 -71.0 0.0859029241215959 2
0009 0002 1710053777871 -13.375 -78.0 2.030990563160589 2
0009 0007 1710053777872 2.6875 -75.0 0.803805932852076 2
0009 0005 1710053777872 13.0 -65.5 2.9391071895888885 2
0009 0001 1710053777872 -65.0625 -69.5 4.516039439535327 2
0009 0000 1710053777873 -26.0 -63.0 5.485515297479052 2
0009 0004 1710053777873 -9.75 -58.5 3.356349963893783 2
0009 0008 1710053777873 -78.0625 -72.5 0.3313398501832985 2
0009 0002 1710053778118 12.1875 -78.0 4.933282213840222 2
0009 0007 1710053778118 0.5625 -75.0 0.803805932852076 2
0009 0004 1710053778119 39.0 -59.0 3.2949907323783574 2
0009 0000 1710053778119 3.25 -63.5 5.387340527054372 2
0009 0001 1710053778119 97.625 -69.5 4.399456899656019 2
0009 0008 1710053778120 107.375 -73.0 0.1595340019401067 2
0009 0005 1710053778120 3.25 -65.5 2.9329712664373457 2
0009 0002 1710053778120 6.375 -78.5 4.847379289718626 2
0009 0007 1710053778121 3.0 -75.0 0.7976700097005334 2
0009 0005 1710053778121 9.75 -64.5 2.84706834231575 2
0009 0004 1710053778122 -22.75 -59.0 3.3624858870453256 2
0009 0000 1710053778122 13.0 -63.5 5.387340527054372 2
0009 0001 1710053778122 65.0625 -68.5 4.387185053352934 2
0009 0008 1710053778123 218.0625 -72.5 0.2270291566070749 2
0009 0002 1710053778123 27.4375 -78.0 4.822835597112456 2
0009 0007 1710053778368 5.4375 -75.0 3.9699422790480394 2
0009 0005 1710053778368 71.5625 -66.0 2.736621725587984 2
0009 0001 1710053778369 13.0 -69.0 4.4362724385652745 2
0009 0000 1710053778369 81.375 -62.5 5.252350217720435 2
0009 0008 1710053778369 -65.0625 -71.5 0.14112623248547898 2
0009 0004 1710053778370 -13.0 -59.0 3.356349963893783 2
0009 0002 1710053778370 -2.5625 -79.5 4.9394181369917645 2
0009 0007 1710053778370 4.25 -75.0 0.7301748550335652 2
0009 0015 1710053778371 -2.5625 -79.0 5.0682725231741586 2
0009 0001 1710053778371 -32.5 -69.0 4.424000592262189 2
0009 0004 1710053778371 -13.0 -59.0 3.3624858870453256 2
0009 0000 1710053778372 -61.8125 -63.5 5.43029198911517 2
0009 0005 1710053778372 65.0625 -65.0 2.724349879284899 2
0009 0008 1710053778372 97.625 -73.0 0.03681553890925539 2
0009 0007 1710053778618 6.0625 -75.5 0.8283496254582462 2
0009 0002 1710053778619 -6.5 -78.0 4.97623367590102 2
0009 0000 1710053778619 -3.25 -63.5 5.375068680751287 2
0009 0004 1710053778619 35.75 -59.0 3.3011266555298997 2
0009 0001 1710053778620 175.75 -69.0 4.166291819897402 2
0009 0008 1710053778620 -65.0625 -73.0 0.46019423636569234 2
0009 0005 1710053778620 -29.25 -64.5 2.8777479580734626 2
0009 0002 1710053778621 -9.125 -78.0 4.957825906446392 2
0009 0007 1710053778621 -1.8125 -75.0 0.8222137023067037 2
0009 0000 1710053778621 -74.8125 -62.5 5.436427912266712 2
0009 0004 1710053778622 19.5 -59.0 3.313398501832985 2
0009 0008 1710053778622 -81.375 -72.0 0.380427235395639 2
0009 0001 1710053778623 -81.375 -70.0 4.657165672020807 2
0009 0005 1710053778623 -29.25 -65.5 2.890019804376548 2
0009 0002 1710053778868 -25.625 -77.5 5.074408446325701 2
0009 0007 1710053778869 -7.3125 -75.5 0.8283496254582462 2
0009 0004 1710053778870 55.3125 -58.5 3.2581751934691017 2
0009 0001 1710053778870 26.0 -69.5 4.381049130201391 2
0009 0005 1710053778870 -35.75 -64.0 2.8961557275280905 2
0009 0000 1710053778871 58.5625 -63.0 5.270757987175063 2
0009 0008 1710053778871 -45.5625 -72.0 0.5031456984264903 2
0009 0002 1710053778871 -31.875 -78.5 5.148039524144211 2
0009 0007 1710053778872 11.5625 -75.0 0.7179030087304801 2
0009 0008 1710053778872 -113.875 -72.5 0.4049709280018093 2
0009 0005 1710053778872 61.8125 -65.0 2.718213956133356 2
0009 0001 1710053778873 16.25 -71.0 4.374913207049849 2
0009 0004 1710053778873 -6.5 -59.0 3.3747577333484107 2
0009 0000 1710053778873 -91.125 -63.0 5.497787143782138 2
0009 0002 1710053779118 1.3125 -78.0 5.111223985234957 2
0009 0007 1710053779119 1.1875 -75.5 3.810408277107933 2
0009 0015 1710053779119 3.125 -78.5 1.932815792735908 2
0009 0004 1710053779119 6.5 -59.0 3.3318062712876126 2
0009 0005 1710053779120 22.75 -65.0 2.742757648739526 2
0009 0008 1710053779120 26.0 -72.5 0.23930100291016002 2
0009 0000 1710053779120 -29.25 -62.5 5.436427912266712 2
0009 0001 1710053779121 -55.3125 -69.5 4.503767593232243 2
0009 0002 1710053779121 31.25 -78.0 4.706253057233147 2
0009 0007 1710053779377 6.375 -75.5 0.7179030087304801 2
0009 0000 1710053779618 -9.75 -62.5 5.45483568172134 2
0009 0004 1710053779618 58.5625 -59.0 3.2397674240144743 2
0009 0005 1710053779618 133.4375 -65.0 2.6261751088602177 2
0009 0008 1710053779618 -201.8125 -73.0 0.47860200582032003 2
0009 0001 1710053779619 -6.5 -68.0 4.565126824747668 2
0009 0002 1710053779619 14.9375 -78.0 4.7860200582032 2
0009 0007 1710053779619 0.5625 -75.0 0.6933593161243098 2
0009 0004 1710053779620 19.5 -59.0 3.3318062712876126 2
0009 0001 1710053779620 45.5625 -69.5 4.25833066717054 2
0009 0000 1710053779620 -9.75 -63.5 5.3627968344482015 2
0009 0005 1710053779621 -29.25 -65.5 2.8961557275280905 2
0009 0008 1710053779621 -42.3125 -71.5 0.3988350048502667 2
0009 0002 1710053779622 12.3125 -78.0 5.056000676871073 2
0009 0007 1710053779622 -7.3125 -75.5 0.803805932852076 2
0009 0004 1710053779858 9.75 -59.0 3.3747577333484107 2
0009 0005 1710053779858 -48.8125 -65.5 2.945243112740431 2
0009 0000 1710053779858 -55.3125 -63.0 5.368932757599744 2
0009 0001 1710053779859 -16.25 -69.5 4.3933209765044765 2
0009 0008 1710053779859 -29.25 -70.0 0.25157284921324513 2
0009 0002 1710053779859 11.5625 -78.0 4.884194828627882 2
0009 0007 1710053779860 -1.5 -75.5 3.8717675086233583 2
0009 0000 1710053779860 42.3125 -63.0 5.227806525114265 2
0009 0004 1710053779860 52.0625 -59.0 3.2949907323783574 2
0009 0001 1710053779861 -42.3125 -69.5 4.466952054322987 2
0009 0005 1710053779861 3.25 -64.5 2.8286605728611223 2
0009 0008 1710053779861 247.375 -73.0 6.178874613603362 2
0009 0002 1710053779862 3.1875 -79.0 4.963961829597935 2
0009 0007 1710053779862 -2.4375 -75.5 0.7792622402459057 2
0009 0000 1710053780119 -9.75 -63.5 5.344389064993574 2
0009 0004 1710053780119 9.75 -59.0 3.3379421944391554 2
0009 0001 1710053780119 42.3125 -69.5 4.276738436625168 2
0009 0005 1710053780119 32.5 -65.0 2.779573187648782 2
0009 0008 1710053780120 -35.75 -75.0 0.19634954084936207 2
0009 0002 1710053780120 -5.4375 -78.0 5.031456984264903 2
0009 0007 1710053780120 7.875 -75.0 3.822680123411018 2
0009 0005 1710053780121 -117.125 -65.0 2.8961557275280905 2
0009 0001 1710053780121 22.75 -69.5 4.313553975534423 2
0009 0000 1710053780121 -71.5625 -63.0 5.3198453723874035 2
0009 0004 1710053780122 32.5 -59.0 3.2581751934691017 2
0009 0008 1710053780122 -13.0 -73.5 0.2454369260617026 2
0009 0002 1710053780378 4.5625 -78.5 4.921010367537137 2
0009 0007 1710053780378 -5.3125 -75.5 3.9147189706841563 2
0009 0001 1710053780379 -81.375 -69.5 4.614214209960009 2
0009 0004 1710053780379 6.5 -59.0 3.2704470397721868 2
0009 0005 1710053780379 -42.3125 -65.5 2.8961557275280905 2
0009 0000 1710053780380 3.25 -63.0 5.203262832508095 2
0009 0008 1710053780380 -6.5 -72.5 0.3190680038802134 2
0009 0002 1710053780380 36.5625 -78.0 4.914874444385594 2
0009 0007 1710053780381 -5.4375 -75.5 0.7915340865489908 2
0009 0005 1710053780381 58.5625 -64.5 2.736621725587984 2
0009 0008 1710053780381 6.5 -72.0 0.14726215563702155 2
0009 0001 1710053780382 -120.4375 -68.5 4.4976316700806995 2
0009 0000 1710053780382 -32.5 -63.0 5.221670601962723 2
0009 0004 1710053780383 -13.0 -59.0 3.3440781175906977 2
0009 0002 1710053780618 22.125 -78.0 4.7860200582032 2
0009 0007 1710053780618 -3.625 -75.5 0.705631162427395 2
0009 0004 1710053780618 -52.0625 -59.0 3.3624858870453256 2
0009 0005 1710053780619 -48.8125 -65.0 2.8961557275280905 2
0009 0000 1710053780619 0.0 -63.0 5.190990986205009 2
0009 0001 1710053780619 -9.75 -69.5 4.276738436625168 2
0009 0008 1710053780620 208.3125 -72.5 6.17273869045182 2
0009 0007 1710053780620 2.125 -75.5 3.80427235395639 2
0009 0002 1710053780620 -4.0625 -79.5 1.705786636128833 2
0009 0004 1710053780868 -6.5 -59.0 3.2704470397721868 2
0009 0000 1710053780869 -3.25 -62.5 5.160311370447297 2
0009 0001 1710053780869 -52.0625 -69.0 4.3503695144436785 2
0009 0005 1710053780869 -97.625 -65.0 2.9329712664373457 2
0009 0008 1710053780870 94.375 -73.5 0.006135923151542565 2
0009 0002 1710053780870 -7.625 -79.0 1.7855536370988863 2
0009 0007 1710053780870 -3.1875 -75.5 0.8467573949128739 2
0009 0000 1710053780870 91.125 -63.0 5.049864753719531 2
0009 0004 1710053780871 -9.75 -59.0 3.2827188860752723 2
0009 0008 1710053780871 0.0 -73.0 0.2699806186678728 2
0009 0005 1710053780872 -107.375 -64.5 2.988194574801229 2
0009 0001 1710053780872 -6.5 -69.5 4.252194744018997 2
0009 0002 1710053780872 0.25 -78.5 4.902602598082509 2
0009 0007 1710053780873 -5.4375 -75.5 3.9576704327449543 2
0009 0005 1710053781118 39.0 -65.0 2.6875343403756435 2
0009 0004 1710053781118 -9.75 -59.5 3.2949907323783574 2
0009 0000 1710053781118 42.3125 -63.0 5.080544369477243 2
0009 0001 1710053781119 -81.375 -70.5 4.368777283898306 2
0009 0008 1710053781119 71.5625 -72.5 6.166602767300278 2
0009 0002 1710053781119 6.6875 -78.0 4.828971520263998 2
0009 0007 1710053781120 1.5 -75.5 3.865631585471816 2
0009 0015 1710053781120 -3.375 -78.5 2.067806102069844 2
0009 0000 1710053781120 -26.0 -63.0 5.221670601962723 2
0009 0004 1710053781121 -9.75 -59.0 3.3072625786814425 2
0009 0005 1710053781121 -9.75 -65.0 2.7857091108003242 2
0009 0001 1710053781121 -162.75 -68.0 4.540583132141498 2
0009 0008 1710053781122 -84.625 -72.0 0.4111068511533518 2
0009 0002 1710053781122 -12.1875 -78.5 1.736466251886546 2
0009 0007 1710053781122 -6.375 -75.5 0.7731263170943632 2
0009 0008 1710053781364 87.875 -72.0 0.1227184630308513 2
0009 0005 1710053781364 84.625 -65.0 2.7120780329818137 2
0009 0004 1710053781364 -16.25 -59.0 3.2827188860752723 2
0009 0001 1710053781365 16.25 -69.5 4.264466590322082 2
0009 0000 1710053781365 -29.25 -63.0 5.258486140871978 2
0009 0002 1710053781365 15.5625 -77.5 4.779884135051658 2
0009 0007 1710053781366 2.6875 -75.5 0.6810874698212247 2
0009 0004 1710053781366 -13.0 -59.0 3.3011266555298997 2
0009 0001 1710053781366 29.25 -70.0 4.252194744018997 2
0009 0005 1710053781367 22.75 -65.5 2.816388726558037 2
0009 0000 1710053781367 29.25 -63.0 5.240078371417351 2
0009 0008 1710053781367 91.125 -71.5 6.277049384028044 2
0009 0002 1710053781368 -24.6875 -78.0 1.7732817907958012 2
