0000 0012 1711011965403 0.0 -62.0 1.3560390164909069 13
0000 0006 1711011965411 -16.25 -56.5 4.7860200582032 13
0000 0011 1711011965412 0.0 -58.0 3.043417883165112 13
0000 0004 1711011965412 -3.25 -60.5 3.4177091954092087 13
0000 0008 1711011965413 -13.0 -70.0 2.761165418194154 13
0000 0015 1711011965414 -58.5625 -61.5 1.2640001692177683 13
0000 0005 1711011965414 -9.75 -63.0 0.20248546400090464 13
0000 0009 1711011965415 -182.25 -70.0 1.9512235621905356 13
0000 0010 1711011965415 6.5 -64.0 1.552388557340269 13
0000 0007 1711011965416 -97.625 -68.0 4.264466590322082 13
0000 0000 1711011965416 58.5625 -70.5 2.9268353432858034 13
0000 0012 1711011965417 52.0625 -62.5 1.3437671701878218 13
0000 0011 1711011965417 16.25 -58.5 3.018874190558942 13
0000 0008 1711011965418 -84.625 -71.0 2.650718801466388 13
0000 0006 1711011965418 16.25 -56.5 4.755340442445488 13
0000 0004 1711011965419 -19.5 -60.5 3.442252888015379 13
0000 0014 1711011965419 19.5 -65.0 5.344389064993574 13
0000 0015 1711011965420 32.5 -61.5 1.141281706186917 13
0000 0005 1711011965420 -22.75 -64.5 0.06135923151542565 13
0000 0010 1711011965421 48.8125 -64.0 1.4664856332186729 13
0000 0009 1711011965421 0.0 -70.0 1.4971652489763858 13
0000 0000 1711011965422 0.0 -69.5 3.129320807286708 13
0000 0007 1711011965423 -146.4375 -68.0 4.417864669110647 13
0000 0000 1711011965476 48.8125 -70.0 3.067961575771282 13
0000 0006 1711011965476 -3.25 -56.5 4.718524903536232 13
0000 0011 1711011965477 26.0 -58.5 2.988194574801229 13
0000 0014 1711011965478 -39.0 -66.0 5.485515297479052 13
0000 0004 1711011965480 -9.75 -60.5 3.399301425954581 13
0000 0010 1711011965481 0.0 -64.5 1.533980787885641 13
0000 0008 1711011965482 52.0625 -71.0 2.337786720737717 13
0000 0005 1711011965483 13.0 -63.0 0.1043106935762236 13
0000 0007 1711011965484 -16.25 -68.5 4.074252972624263 13
0000 0009 1711011965485 -142.375 -72.5 1.6751070203711202 13
0000 0012 1711011965486 78.0625 -62.5 1.3560390164909069 13
0000 0015 1711011965487 -68.3125 -61.5 1.337631247036279 13
0000 0005 1711011965702 -55.3125 -63.5 0.21475731030398976 13
0000 0014 1711011965703 26.0 -66.0 5.3627968344482015 13
0000 0010 1711011965704 65.0625 -64.5 1.4542137869155878 13
0000 0012 1711011965705 9.75 -61.5 1.4480778637640452 13
0000 0015 1711011965706 -3.25 -61.5 1.1780972450961724 13
0000 0011 1711011965707 22.75 -58.5 2.9820586516496865 13
0000 0008 1711011965708 149.6875 -70.5 2.227340104009951 13
0000 0006 1711011965709 -22.75 -57.0 4.7307967498393175 13
0000 0000 1711011965710 83.0 -70.5 2.9145634969827183 13
0000 0004 1711011965711 3.25 -60.5 3.3502140407422405 13
0000 0009 1711011965712 423.9375 -72.5 0.7731263170943632 13
0000 0007 1711011965713 19.5 -68.5 4.1601558967458585 13
0000 0009 1711011965716 12.1875 -73.5 1.423534171157875 13
0000 0011 1711011965717 26.0 -58.5 3.018874190558942 13
0000 0000 1711011965718 -159.5 -70.5 3.429981041712294 13
0000 0005 1711011965719 42.3125 -63.5 0.1227184630308513 13
0000 0008 1711011965720 224.5625 -71.5 2.2457478734645786 13
0000 0010 1711011965721 -65.0625 -64.0 1.509437095279471 13
0000 0012 1711011965734 52.0625 -62.5 1.3437671701878218 13
0000 0004 1711011965736 -26.0 -60.5 3.380893656499953 13
0000 0007 1711011965737 -52.0625 -68.5 4.252194744018997 13
0000 0009 1711011965738 -21.125 -73.5 1.2455923997631406 13
0000 0006 1711011965739 9.75 -57.0 4.6878452877785195 13
0000 0014 1711011965740 32.5 -65.5 5.393476450205914 13
0000 0015 1711011965741 13.0 -61.5 1.1658253987930873 13
0000 0010 1711011965938 -52.0625 -65.0 1.4480778637640452 13
0000 0006 1711011965939 -16.25 -57.0 4.657165672020807 13
0000 0007 1711011965940 -61.8125 -67.5 4.28287435977671 13
0000 0011 1711011965941 35.75 -59.0 2.9575149590435164 13
0000 0004 1711011965941 29.25 -60.5 3.2704470397721868 13
0000 0015 1711011965942 -35.75 -61.5 1.2026409377023426 13
0000 0012 1711011965943 -32.5 -62.0 1.4971652489763858 13
0000 0014 1711011965944 29.25 -65.5 5.368932757599744 13
0000 0008 1711011965945 -9.75 -69.5 2.5341362615870793 13
0000 0005 1711011965945 -52.0625 -63.5 0.2638446955163303 13
0000 0000 1711011965946 -74.8125 -69.0 3.117048960983623 13
0000 0009 1711011965947 2.4375 -75.0 1.2210487071569704 13
0000 0000 1711011965948 81.375 -70.0 2.9943304979527716 13
0000 0006 1711011965949 -29.25 -57.0 4.669437518323892 13
0000 0015 1711011965949 26.0 -61.5 1.0737865515199487 13
0000 0012 1711011965950 -19.5 -61.5 1.4848934026733007 13
0000 0007 1711011965951 -45.5625 -67.0 4.227651051412827 13
0000 0005 1711011965952 9.75 -63.0 0.14726215563702155 13
0000 0010 1711011965953 61.8125 -64.5 1.2455923997631406 13
0000 0004 1711011965954 6.5 -61.0 3.2765829629237295 13
0000 0014 1711011965954 -9.75 -65.0 5.3627968344482015 13
0000 0011 1711011965955 32.5 -58.5 2.9329712664373457 13
0000 0008 1711011965956 -126.9375 -71.0 2.705942109830271 13
0000 0009 1711011965957 -270.125 -74.0 1.4358060174609601 13
0000 0009 1711011965973 4.875 -73.5 1.260932207641997 13
0000 0005 1711011966171 0.0 -63.5 0.15339807878856412 13
0000 0004 1711011966172 -32.5 -61.5 3.313398501832985 13
0000 0010 1711011966172 -9.75 -64.5 1.3069516312785663 13
0000 0011 1711011966173 39.0 -58.0 2.890019804376548 13
0000 0012 1711011966174 -22.75 -62.5 1.4296700943094176 13
0000 0006 1711011966175 39.0 -57.0 4.571262747899211 13
0000 0015 1711011966176 39.0 -61.5 1.055378782065321 13
0000 0007 1711011966176 91.125 -68.0 4.000621894805752 13
0000 0008 1711011966178 -214.8125 -70.5 2.791845033951867 13
0000 0014 1711011966179 -16.25 -66.0 5.43029198911517 13
0000 0000 1711011966179 -41.5 -68.5 2.9329712664373457 13
0000 0009 1711011966180 -22.75 -71.5 1.2517283229146832 13
0000 0004 1711011966181 22.75 -61.0 3.2029518851052186 13
0000 0011 1711011966182 6.5 -58.0 2.890019804376548 13
0000 0015 1711011966183 19.5 -61.5 1.0369710126106935 13
0000 0010 1711011966183 42.3125 -64.5 1.2087768608538851 13
0000 0006 1711011966185 -22.75 -57.0 4.626486056263094 13
0000 0007 1711011966185 -45.5625 -67.5 4.147884050442774 13
0000 0014 1711011966186 -68.3125 -65.0 5.5284667595398505 13
0000 0012 1711011966187 -6.5 -62.0 1.3989904785517047 13
0000 0005 1711011966188 -6.5 -63.5 0.2086213871524472 13
0000 0000 1711011966189 -48.8125 -69.5 3.067961575771282 13
0000 0008 1711011966189 149.6875 -69.5 2.2457478734645786 13
0000 0009 1711011966190 208.3125 -73.5 1.000155473701438 13
0000 0009 1711011966233 4.25 -75.0 1.2640001692177683 13
0000 0004 1711011966407 26.0 -61.0 3.1784081924990484 13
0000 0010 1711011966408 16.25 -65.5 1.325359400733194 13
0000 0006 1711011966408 22.75 -57.0 4.4976316700806995 13
0000 0011 1711011966409 26.0 -58.5 2.8286605728611223 13
0000 0005 1711011966410 38.1875 -63.5 0.14112623248547898 13
0000 0014 1711011966411 35.75 -65.0 5.350524988145116 13
0000 0015 1711011966411 6.5 -61.5 1.1167380135807468 13
0000 0012 1711011966412 -16.25 -63.0 1.4051264017032472 13
0000 0008 1711011966413 -156.1875 -71.0 2.6813984172241008 13
0000 0007 1711011966414 -9.75 -68.0 4.1601558967458585 13
0000 0000 1711011966414 65.0625 -69.0 2.859340188618835 13
0000 0009 1711011966415 24.6875 -75.0 1.055378782065321 13
0000 0006 1711011966418 29.25 -56.5 4.491495746929157 13
0000 0007 1711011966418 13.0 -67.5 4.031301510563465 13
0000 0014 1711011966419 -42.3125 -65.0 5.43029198911517 13
0000 0004 1711011966420 32.5 -61.5 3.104777114680538 13
0000 0015 1711011966421 -9.75 -61.5 1.1535535524900022 13
0000 0000 1711011966422 -21.125 -69.0 3.0250101137104846 13
0000 0010 1711011966423 -39.0 -64.0 1.4173982480063325 13
0000 0012 1711011966423 -16.25 -62.5 1.3867186322486196 13
0000 0011 1711011966424 -29.25 -58.0 2.9513790358919736 13
0000 0008 1711011966425 32.5 -69.0 2.509592568980909 13
0000 0005 1711011966426 16.25 -62.5 0.14112623248547898 13
0000 0009 1711011966472 -5.4375 -74.5 1.2210487071569704 13
0000 0007 1711011966649 -9.75 -67.0 4.1601558967458585 13
0000 0004 1711011966650 -19.5 -61.5 3.147728576741336 13
0000 0006 1711011966651 0.0 -57.0 4.528311285838413 13
0000 0015 1711011966652 -3.25 -61.5 1.1167380135807468 13
0000 0012 1711011966652 -3.25 -62.5 1.337631247036279 13
0000 0011 1711011966653 -29.25 -58.0 2.9329712664373457 13
0000 0010 1711011966654 -19.5 -64.0 1.5033011721279284 13
0000 0014 1711011966654 6.5 -65.0 5.368932757599744 13
0000 0000 1711011966655 55.3125 -69.0 3.043417883165112 13
0000 0008 1711011966656 78.0625 -69.0 2.442097414313941 13
0000 0005 1711011966656 6.5 -63.0 0.14726215563702155 13
0000 0009 1711011966657 7.875 -75.0 1.1106020904292042 13
0000 0000 1711011966659 -10.5625 -69.5 3.11091303783208 13
0000 0011 1711011966660 -13.0 -59.0 2.705942109830271 13
0000 0010 1711011966660 52.0625 -61.5 1.8346410223112268 13
0000 0015 1711011966661 29.25 -61.5 1.141281706186917 13
0000 0012 1711011966662 16.25 -61.5 1.4910293258248433 13
0000 0004 1711011966663 3.25 -61.5 3.153864499892878 13
0000 0014 1711011966663 39.0 -64.5 5.307573526084319 13
0000 0005 1711011966664 -29.25 -63.0 0.20248546400090464 13
0000 0007 1711011966665 9.75 -69.0 3.988350048502667 13
0000 0006 1711011966665 -6.5 -56.5 4.4976316700806995 13
0000 0008 1711011966666 -68.3125 -66.5 2.84706834231575 13
0000 0009 1711011966723 0.0 -77.0 0.44178646691106466 13
0000 0007 1711011966883 -58.5625 -68.5 3.9822141253511245 13
0000 0011 1711011966884 35.75 -60.5 2.086213871524472 13
0000 0015 1711011966884 19.5 -61.5 1.227184630308513 13
0000 0008 1711011966885 -55.3125 -65.0 2.84706834231575 13
0000 0014 1711011966886 -52.0625 -64.5 5.491651220630596 13
0000 0006 1711011966886 26.0 -56.0 4.239922897715912 13
0000 0010 1711011966887 -29.25 -60.0 1.7241944055834606 13
0000 0004 1711011966888 39.0 -61.0 3.1354567304382504 13
0000 0000 1711011966889 61.8125 -68.5 3.3195344249845276 13
0000 0012 1711011966889 29.25 -61.5 1.4971652489763858 13
0000 0005 1711011966890 52.0625 -62.5 0.11658253987930872 13
0000 0007 1711011966891 -45.5625 -67.5 3.5588354278946874 13
0000 0000 1711011966893 143.1875 -69.5 3.552699504743145 13
0000 0008 1711011966894 35.75 -64.5 2.6261751088602177 13
0000 0006 1711011966894 -6.5 -58.0 3.6570101983193686 13
0000 0005 1711011966895 -26.0 -62.0 0.2699806186678728 13
0000 0014 1711011966895 -32.5 -62.5 5.45483568172134 13
0000 0012 1711011966896 16.25 -61.5 1.564660403643354 13
0000 0010 1711011966897 -6.5 -61.0 6.019340611663256 13
0000 0004 1711011966897 48.8125 -60.5 2.8102528034064944 13
0000 0011 1711011966898 -29.25 -61.0 1.1290098598838318 13
0000 0015 1711011966899 -3.25 -61.0 1.6505633277649499 13
0000 0014 1711011967112 32.5 -61.0 5.0253210611133605 13
0000 0007 1711011967114 -9.75 -69.0 2.8961557275280905 13
0000 0015 1711011967114 -16.25 -60.0 2.030990563160589 13
0000 0004 1711011967115 22.75 -60.5 2.000310947402876 13
0000 0010 1711011967116 -13.0 -61.5 4.154019973594316 13
0000 0008 1711011967116 172.5 -66.0 1.8223691760081417 13
0000 0006 1711011967117 -3.25 -58.5 2.466641106920111 13
0000 0012 1711011967118 16.25 -62.0 1.227184630308513 13
0000 0005 1711011967118 55.3125 -62.5 5.749359992995383 13
0000 0000 1711011967119 -61.8125 -68.0 4.123340357836604 13
0000 0011 1711011967120 -22.75 -69.5 4.657165672020807 13
0000 0005 1711011967120 19.5 -55.0 4.546719055293041 13
0000 0015 1711011967121 19.5 -59.5 2.3193789512830896 13
0000 0014 1711011967122 -13.0 -58.5 4.865787059173254 13
0000 0010 1711011967123 -16.25 -64.5 1.6566992509164924 13
0000 0004 1711011967124 -19.5 -63.0 0.2638446955163303 13
0000 0006 1711011967124 -29.25 -56.5 0.8528933180644165 13
0000 0007 1711011967125 6.5 -66.0 6.234097921967246 13
0000 0008 1711011967139 -100.875 -62.5 5.595961914206819 13
0000 0000 1711011967140 71.5625 -70.5 1.9266798695843652 13
0000 0010 1711011967344 -61.8125 -65.5 5.332117218690489 13
0000 0005 1711011967345 -13.0 -56.5 4.1172044346850605 13
0000 0008 1711011967345 9.75 -58.5 5.154175447295755 13
0000 0015 1711011967346 13.0 -58.5 3.380893656499953 13
0000 0014 1711011967347 3.25 -58.5 5.375068680751287 13
0000 0004 1711011967347 19.5 -61.0 3.3072625786814425 13
0000 0006 1711011967348 -32.5 -58.0 5.491651220630596 13
0000 0007 1711011967349 -22.75 -62.5 4.743068596142402 13
0000 0000 1711011967349 -22.75 -71.0 0.7424467013366504 13
0000 0009 1711011967350 -1.1875 -75.5 4.172427743048944 13
0000 0007 1711011967351 45.5625 -66.5 3.877903431774901 13
0000 0014 1711011967351 -97.625 -63.0 5.976389149602458 13
0000 0004 1711011967352 -6.5 -61.0 2.1046216409791 13
0000 0015 1711011967352 26.0 -57.5 4.749204519293945 13
0000 0005 1711011967353 -16.25 -59.5 6.160466844148735 13
0000 0006 1711011967354 13.0 -61.5 2.9022916506796332 13
0000 0000 1711011967473 24.375 -76.0 1.945087639038993 13
0000 0009 1711011967473 -23.1875 -77.0 0.15339807878856412 13
0000 0010 1711011967474 7.875 -73.0 5.810719224510809 13
0000 0008 1711011967474 -2.5625 -69.0 5.473243451175968 13
0000 0011 1711011967475 2.625 -75.0 1.055378782065321 13
0000 0006 1711011967603 55.3125 -62.0 0.803805932852076 13
0000 0014 1711011967603 -19.5 -63.0 6.215690152512618 13
0000 0007 1711011967604 -100.875 -69.5 2.386874105950058 13
0000 0004 1711011967604 -39.0 -64.0 0.25157284921324513 13
0000 0005 1711011967605 13.0 -54.0 3.4054373491061236 13
0000 0008 1711011967606 -22.75 -65.0 4.884194828627882 13
0000 0015 1711011967606 16.25 -57.0 5.307573526084319 13
0000 0000 1711011967607 114.6875 -72.0 5.675728915176872 13
0000 0011 1711011967608 -21.3125 -74.5 0.4295146206079795 13
0000 0005 1711011967608 -6.5 -54.0 2.270291566070749 13
0000 0004 1711011967609 0.0 -63.0 4.2031073588066565 13
0000 0006 1711011967610 9.75 -61.0 6.166602767300278 13
0000 0014 1711011967611 -13.0 -61.5 6.215690152512618 13
0000 0015 1711011967612 -6.5 -57.0 5.080544369477243 13
0000 0008 1711011967612 26.0 -64.0 3.448388811166921 13
0000 0007 1711011967613 -39.0 -69.0 0.48473792897186263 13
0000 0000 1711011967722 -2.4375 -75.0 0.2086213871524472 13
0000 0007 1711011967869 -110.625 -70.0 6.111379458936394 13
0000 0005 1711011967870 0.0 -53.5 1.043106935762236 13
0000 0008 1711011967871 32.5 -63.5 2.0923497946760143 13
0000 0006 1711011967871 -29.25 -58.5 5.8475347634200645 13
0000 0014 1711011967872 -9.75 -61.0 0.018407769454627694 13
0000 0009 1711011967872 -135.0625 -73.0 1.9266798695843652 13
0000 0015 1711011967873 -52.0625 -56.5 5.21553467881118 13
0000 0004 1711011967874 6.5 -58.0 1.9941750242513334 13
0000 0000 1711011967874 -28.625 -76.5 1.607611865704152 13
0000 0010 1711011967875 8.5 -73.0 5.835262917116979 13
0000 0009 1711011967876 52.0625 -68.5 1.9082721001297376 13
0000 0006 1711011967876 -19.5 -61.0 5.338253141842031 13
0000 0005 1711011967879 -9.75 -55.0 6.000932842208628 13
0000 0014 1711011967880 29.25 -60.0 6.0991076126333095 13
0000 0010 1711011967880 -94.375 -71.5 5.7616318392984684 13
0000 0007 1711011967881 -179.0 -69.5 5.565282298449106 13
0000 0004 1711011967882 -3.25 -58.5 1.423534171157875 13
0000 0015 1711011967882 -13.0 -56.5 5.031456984264903 13
0000 0008 1711011967883 16.25 -63.0 0.8835729338221293 13
0000 0000 1711011967973 28.0625 -77.0 6.056156150572511 13
0000 0011 1711011967974 6.0625 -75.0 6.135923151542564 13
0000 0010 1711011968112 -156.1875 -69.5 5.964117303299373 13
0000 0007 1711011968113 -68.3125 -69.0 5.546874528994478 13
0000 0008 1711011968113 9.75 -62.5 0.3374757733348411 13
0000 0014 1711011968114 -45.5625 -60.0 6.14819499784565 13
0000 0004 1711011968114 -16.25 -58.0 0.8835729338221293 13
0000 0006 1711011968115 -39.0 -62.5 5.50392306693368 13
0000 0009 1711011968115 152.9375 -68.0 1.7548740213411735 13
0000 0015 1711011968116 -16.25 -56.5 4.9823695990525625 13
0000 0005 1711011968117 32.5 -57.0 5.45483568172134 13
0000 0000 1711011968117 21.125 -75.0 5.5714182216006485 13
0000 0011 1711011968118 25.1875 -72.5 0.01227184630308513 13
0000 0010 1711011968118 3.25 -69.5 5.522330836388308 13
0000 0014 1711011968120 -6.5 -60.5 6.160466844148735 13
0000 0004 1711011968120 0.0 -58.0 0.6258641614573416 13
0000 0011 1711011968121 -107.375 -69.0 3.4054373491061236 13
0000 0006 1711011968121 26.0 -63.0 5.50392306693368 13
0000 0009 1711011968122 38.1875 -69.0 1.6873788666742053 13
0000 0015 1711011968122 -22.75 -56.5 5.00077736850719 13
0000 0005 1711011968123 -22.75 -57.5 4.804427827657828 13
0000 0008 1711011968123 0.0 -64.5 6.0991076126333095 13
0000 0007 1711011968124 -172.5 -70.0 5.338253141842031 13
0000 0000 1711011968221 -13.375 -76.0 4.9823695990525625 13
0000 0007 1711011968361 -3.25 -70.0 4.338097668140593 13
0000 0005 1711011968362 45.5625 -59.0 3.865631585471816 13
0000 0010 1711011968362 -91.125 -71.5 5.712544454086128 13
0000 0011 1711011968363 -6.5 -65.5 3.2827188860752723 13
0000 0008 1711011968363 -81.375 -66.5 5.982525072754001 13
0000 0014 1711011968364 -48.8125 -60.5 6.252505691421874 13
0000 0006 1711011968364 -185.5 -62.5 5.749359992995383 13
0000 0009 1711011968365 135.0625 -71.0 1.2701360923693108 13
0000 0015 1711011968365 -6.5 -56.5 4.9823695990525625 13
0000 0004 1711011968366 -6.5 -58.0 0.5645049299419159 13
0000 0000 1711011968367 -6.5 -76.5 4.792155981354743 13
0000 0009 1711011968367 -45.5625 -71.0 1.423534171157875 13
0000 0004 1711011968369 13.0 -58.0 0.3988350048502667 13
0000 0010 1711011968369 -32.5 -71.5 5.884350302329319 13
0000 0006 1711011968370 -16.25 -62.0 5.424156065963627 13
0000 0011 1711011968370 6.5 -66.0 3.313398501832985 13
0000 0014 1711011968371 -55.3125 -61.0 6.227961998815704 13
0000 0005 1711011968372 0.0 -59.5 3.6754179677739964 13
0000 0015 1711011968372 -19.5 -57.0 4.95168998329485 13
0000 0008 1711011968373 -6.5 -67.0 5.859806609723149 13
0000 0007 1711011968373 68.3125 -69.5 4.227651051412827 13
0000 0000 1711011968474 -3.1875 -77.0 4.822835597112456 13
0000 0009 1711011968591 0.0 -72.0 1.5278448647340985 13
0000 0005 1711011968592 -35.75 -60.0 3.9699422790480394 13
0000 0010 1711011968592 -113.875 -70.0 5.945709533844745 13
0000 0007 1711011968593 -149.6875 -70.5 4.620350133111551 13
0000 0011 1711011968594 42.3125 -66.5 3.2581751934691017 13
0000 0015 1711011968594 -16.25 -57.0 4.957825906446392 13
0000 0006 1711011968595 -16.25 -63.0 5.295301679781233 13
0000 0014 1711011968595 -32.5 -61.0 6.240233845118788 13
0000 0004 1711011968596 13.0 -58.5 0.11658253987930872 13
0000 0008 1711011968596 -81.375 -67.5 5.957981380147831 13
0000 0000 1711011968597 9.125 -76.5 4.718524903536232 13
0000 0009 1711011968597 -142.375 -72.5 1.41126232485479 13
0000 0005 1711011968599 -48.8125 -59.5 4.061981126321178 13
0000 0006 1711011968599 -55.3125 -63.5 5.375068680751287 13
0000 0011 1711011968600 -68.3125 -67.0 3.4606606574700063 13
0000 0010 1711011968600 71.5625 -69.5 5.841398840268521 13
0000 0015 1711011968601 6.5 -57.0 4.896466674930966 13
0000 0004 1711011968601 13.0 -59.0 6.264777537724958 13
0000 0014 1711011968602 9.75 -61.0 6.160466844148735 13
0000 0008 1711011968602 6.5 -67.5 5.822991070813893 13
0000 0007 1711011968603 -84.625 -71.0 4.522175362686871 13
0000 0000 1711011968723 30.625 -76.0 4.816699673960914 13
0000 0004 1711011968871 -9.75 -58.5 0.030679615757712823 13
0000 0008 1711011968872 -19.5 -68.0 5.872078456026235 13
0000 0014 1711011968872 -58.5625 -61.5 6.240233845118788 13
0000 0015 1711011968873 -6.5 -57.0 4.957825906446392 13
0000 0011 1711011968873 84.625 -66.5 3.2888548092268146 13
0000 0010 1711011968874 -185.5 -69.5 5.902758071783947 13
0000 0006 1711011968874 -3.25 -63.0 5.264622064023521 13
0000 0005 1711011968875 13.0 -59.0 3.9699422790480394 13
0000 0007 1711011968875 -146.4375 -71.0 4.571262747899211 13
0000 0009 1711011968876 45.5625 -73.5 1.184233168247715 13
0000 0000 1711011968876 -14.9375 -76.0 5.043728830567988 13
0000 0015 1711011968877 -6.5 -57.0 4.921010367537137 13
0000 0006 1711011968878 45.5625 -62.5 5.1725832167503825 13
0000 0005 1711011968879 13.0 -59.0 3.9760782021995817 13
0000 0007 1711011968880 -6.5 -72.0 4.270602513473625 13
0000 0004 1711011968880 -22.75 -59.0 0.11658253987930872 13
0000 0000 1711011968881 27.625 -73.0 5.209398755659637 13
0000 0010 1711011968881 68.3125 -70.0 5.706408530934585 13
0000 0011 1711011968882 -3.25 -67.5 3.3318062712876126 13
0000 0008 1711011968883 -61.8125 -67.0 6.031612457966341 13
0000 0014 1711011968884 -35.75 -61.0 6.227961998815704 13
0000 0009 1711011968884 -62.625 -72.0 1.4051264017032472 13
0000 0010 1711011969110 -139.9375 -70.0 6.000932842208628 13
0000 0008 1711011969110 -123.6875 -68.0 6.105243535784852 13
0000 0009 1711011969111 156.1875 -72.5 1.1780972450961724 13
0000 0014 1711011969111 -22.75 -61.0 6.215690152512618 13
0000 0006 1711011969112 -81.375 -63.0 5.3627968344482015 13
0000 0015 1711011969112 -32.5 -57.0 4.994641445355648 13
0000 0011 1711011969113 26.0 -67.0 3.2949907323783574 13
0000 0005 1711011969113 -26.0 -59.0 3.9760782021995817 13
0000 0004 1711011969114 -16.25 -58.5 0.17794177139473438 13
0000 0007 1711011969115 -87.875 -71.0 4.675573441475434 13
0000 0000 1711011969115 87.0625 -74.5 5.209398755659637 13
0000 0010 1711011969116 42.3125 -70.0 5.780039608753096 13
0000 0014 1711011969116 6.5 -61.0 6.105243535784852 13
0000 0015 1711011969117 -19.5 -56.5 4.9823695990525625 13
0000 0004 1711011969118 6.5 -59.0 0.09203884727313846 13
0000 0005 1711011969118 -29.25 -59.0 4.0128937411088375 13
0000 0009 1711011969119 -55.3125 -73.5 1.521708941582556 13
0000 0011 1711011969120 -6.5 -68.5 3.6386024288647407 13
0000 0007 1711011969120 48.8125 -71.0 4.000621894805752 13
0000 0008 1711011969121 -100.875 -68.0 6.117515382087937 13
0000 0000 1711011969121 111.4375 -72.0 5.546874528994478 13
0000 0006 1711011969122 61.8125 -63.0 5.166447293598839 13
0000 0006 1711011969233 -22.75 -62.5 5.154175447295755 13
0000 0014 1711011969233 9.75 -61.5 6.154330920997192 13
0000 0008 1711011969234 35.75 -67.5 5.792311455056181 13
0000 0015 1711011969234 -42.3125 -56.5 5.006913291658733 13
0000 0004 1711011969241 9.75 -59.0 0.01227184630308513 13
0000 0009 1711011969242 -90.3125 -73.5 1.4848934026733007 13
0000 0000 1711011969242 -27.625 -74.0 5.460971604872882 13
0000 0011 1711011969243 0.0 -67.0 3.5895150436524004 13
0000 0010 1711011969244 94.375 -70.5 5.626641529964532 13
0000 0005 1711011969245 -19.5 -59.0 4.006757817957295 13
0000 0007 1711011969245 -126.9375 -72.0 4.104932588381976 13
0000 0011 1711011969446 -3.25 -67.0 3.6754179677739964 13
0000 0015 1711011969447 3.25 -56.5 4.914874444385594 13
0000 0000 1711011969447 227.8125 -73.5 5.21553467881118 13
0000 0005 1711011969448 22.75 -59.0 3.988350048502667 13
0000 0007 1711011969448 -123.6875 -71.0 4.166291819897402 13
0000 0006 1711011969449 -58.5625 -62.5 5.258486140871978 13
0000 0004 1711011969449 -29.25 -59.0 0.018407769454627694 13
0000 0014 1711011969450 -6.5 -61.0 6.1850105367549055 13
0000 0010 1711011969450 42.3125 -69.5 5.706408530934585 13
0000 0008 1711011969450 -9.75 -67.0 5.896622148632405 13
0000 0009 1711011969451 55.3125 -74.0 1.1228739367322893 13
0000 0006 1711011969451 -32.5 -63.0 5.1725832167503825 13
0000 0004 1711011969453 13.0 -59.0 6.252505691421874 13
0000 0015 1711011969453 -19.5 -57.0 4.957825906446392 13
0000 0010 1711011969454 -113.875 -69.5 5.9088939949354895 13
0000 0008 1711011969454 -3.25 -67.5 5.902758071783947 13
0000 0011 1711011969455 0.0 -67.0 3.6017868899554855 13
0000 0005 1711011969455 6.5 -59.0 3.9944859716542096 13
0000 0009 1711011969456 234.3125 -73.0 1.1351457830353744 13
0000 0007 1711011969456 -117.125 -70.0 4.325825821837508 13
0000 0014 1711011969456 -19.5 -61.0 6.234097921967246 13
0000 0000 1711011969457 159.5 -73.0 5.092816215780329 13
0000 0006 1711011969679 -13.0 -63.0 5.098952138931871 13
0000 0004 1711011969680 9.75 -59.0 6.270913460876501 13
0000 0015 1711011969680 3.25 -56.5 4.921010367537137 13
0000 0010 1711011969681 32.5 -70.5 5.681864838328415 13
0000 0005 1711011969681 -16.25 -59.0 4.01902966426038 13
0000 0008 1711011969681 55.3125 -67.0 5.786175531904639 13
0000 0014 1711011969682 0.0 -61.0 6.215690152512618 13
0000 0011 1711011969682 -110.625 -68.0 3.822680123411018 13
0000 0007 1711011969683 -162.75 -70.0 4.23378697456437 13
0000 0000 1711011969683 65.875 -72.0 5.160311370447297 13
0000 0009 1711011969683 -163.5625 -73.0 1.7978254834019713 13
0000 0009 1711011969684 -139.125 -72.5 1.705786636128833 13
0000 0005 1711011969684 -26.0 -59.0 4.01902966426038 13
0000 0010 1711011969685 35.75 -69.0 5.798447378207723 13
0000 0004 1711011969685 16.25 -59.0 0.006135923151542565 13
0000 0006 1711011969686 -48.8125 -63.0 5.227806525114265 13
0000 0015 1711011969686 -9.75 -57.0 4.92714629068868 13
0000 0014 1711011969686 48.8125 -61.0 6.105243535784852 13
0000 0007 1711011969687 55.3125 -72.0 4.031301510563465 13
0000 0000 1711011969687 -298.625 -73.0 5.399612373357457 13
0000 0008 1711011969688 58.5625 -66.5 5.792311455056181 13
0000 0011 1711011969688 29.25 -67.5 3.6447383520162835 13
0000 0000 1711011969903 91.125 -73.0 5.338253141842031 13
0000 0015 1711011969903 -29.25 -57.0 4.970097752749477 13
0000 0007 1711011969903 149.6875 -70.5 3.865631585471816 13
0000 0005 1711011969904 -35.75 -59.0 4.025165587411922 13
0000 0009 1711011969904 152.9375 -72.5 1.3314953238847365 13
0000 0014 1711011969905 16.25 -61.0 6.1850105367549055 13
0000 0006 1711011969905 22.75 -63.0 5.160311370447297 13
0000 0010 1711011969906 -55.3125 -70.0 5.8659425328746915 13
0000 0004 1711011969906 -3.25 -59.0 0.006135923151542565 13
0000 0008 1711011969906 -26.0 -67.5 5.921165841238575 13
0000 0011 1711011969907 32.5 -66.5 3.5895150436524004 13
0000 0008 1711011969907 -166.0 -68.0 6.117515382087937 13
0000 0015 1711011969908 -3.25 -56.5 4.92714629068868 13
0000 0009 1711011969908 -197.6875 -72.0 1.7916895602504288 13
0000 0000 1711011969909 30.875 -73.5 5.589825991055276 13
0000 0005 1711011969909 -32.5 -59.0 4.031301510563465 13
0000 0010 1711011969910 -97.625 -70.0 5.8045833013592665 13
0000 0004 1711011969910 13.0 -59.0 6.264777537724958 13
0000 0014 1711011969910 -19.5 -61.0 6.22182607566416 13
0000 0007 1711011969911 -237.5625 -72.0 4.2092432819582 13
0000 0006 1711011969911 -16.25 -63.0 5.105088062083414 13
0000 0011 1711011969912 -9.75 -67.5 3.6140587362585705 13
0000 0010 1711011970129 -3.25 -69.5 5.8659425328746915 13
0000 0015 1711011970130 3.25 -57.0 4.914874444385594 13
0000 0005 1711011970130 9.75 -59.0 3.902447124381071 13
0000 0007 1711011970130 179.0 -71.5 3.6815538909255388 13
0000 0009 1711011970131 -107.375 -71.5 1.6321555583103222 13
0000 0004 1711011970131 13.0 -59.0 6.22182607566416 13
0000 0000 1711011970132 -3.25 -73.5 5.141903600992669 13
0000 0006 1711011970132 22.75 -63.0 5.0682725231741586 13
0000 0011 1711011970133 29.25 -68.0 3.6324665057131984 13
0000 0014 1711011970133 -32.5 -61.0 6.19728238305799 13
0000 0008 1711011970133 68.3125 -68.0 5.730952223540755 13
0000 0005 1711011970134 -29.25 -60.0 3.9453985864418692 13
0000 0010 1711011970135 -84.625 -68.5 5.841398840268521 13
0000 0014 1711011970136 0.0 -61.0 6.191146459906448 13
0000 0004 1711011970136 16.25 -59.0 6.19728238305799 13
0000 0011 1711011970136 -9.75 -67.5 3.706097583531709 13
0000 0015 1711011970137 -42.3125 -57.0 4.9823695990525625 13
0000 0006 1711011970137 29.25 -63.0 5.129631754689584 13
0000 0007 1711011970138 35.75 -71.0 4.147884050442774 13
0000 0008 1711011970138 -55.3125 -67.5 5.853670686571607 13
0000 0009 1711011970138 227.8125 -72.5 1.3437671701878218 13
0000 0000 1711011970139 3.25 -73.5 5.190990986205009 13
