0000 0008 1710397263213 13.0 -55.0 1.705786636128833 1
0000 0000 1710397263214 7.3125 -67.5 3.0925052683774528 1
0000 0014 1710397263214 -22.75 -59.5 3.0495538063166547 1
0000 0012 1710397263214 -19.5 -59.5 1.7548740213411735 1
0000 0001 1710397263215 45.5625 -68.5 3.3747577333484107 1
0000 0007 1710397263215 -19.5 -58.5 3.6079228131070282 1
0000 0009 1710397263216 -3.25 -59.5 5.160311370447297 1
0000 0013 1710397263216 16.25 -59.0 2.761165418194154 1
0000 0004 1710397263216 32.5 -57.5 0.3988350048502667 1
0000 0005 1710397263217 -100.875 -66.0 2.9943304979527716 1
0000 0006 1710397263217 -52.0625 -60.0 5.730952223540755 1
0000 0003 1710397263218 81.375 -66.0 0.4049709280018093 1
0000 0002 1710397263218 15.25 -75.5 3.6692820446224537 1
0000 0005 1710397263219 84.625 -66.5 2.724349879284899 1
0000 0014 1710397263219 -13.0 -60.5 3.055689729468197 1
0000 0013 1710397263219 -6.5 -59.5 2.767301341345697 1
0000 0012 1710397263219 3.25 -59.5 1.6812429435226628 1
0000 0003 1710397263220 78.0625 -66.5 0.36815538909255385 1
0000 0009 1710397263220 -61.8125 -59.5 5.1725832167503825 1
0000 0004 1710397263220 -13.0 -58.0 0.380427235395639 1
0000 0015 1710397263220 -42.3125 -59.5 2.9820586516496865 1
0000 0008 1710397263221 -9.75 -54.5 1.6935147898257479 1
0000 0006 1710397263221 -16.25 -60.5 5.620505606812989 1
0000 0007 1710397263222 0.0 -58.5 3.5342917352885173 1
0000 0001 1710397263223 97.625 -69.0 3.018874190558942 1
0000 0010 1710397263223 -16.25 -57.5 4.154019973594316 1
0000 0011 1710397263223 0.0 -61.0 4.381049130201391 1
0000 0000 1710397263223 -68.3125 -68.0 3.098641191528995 1
0000 0002 1710397263319 14.625 -76.0 0.4049709280018093 1
0000 0004 1710397263353 29.25 -58.0 0.22089323345553233 1
0000 0011 1710397263353 6.5 -61.0 4.338097668140593 1
0000 0008 1710397263354 -3.25 -54.5 1.662835174068035 1
0000 0001 1710397263354 -29.25 -69.5 3.2888548092268146 1
0000 0006 1710397263354 -13.0 -60.0 5.497787143782138 1
0000 0003 1710397263355 48.8125 -67.0 0.3865631585471816 1
0000 0012 1710397263355 9.75 -59.5 1.576932249946439 1
0000 0015 1710397263355 42.3125 -59.5 2.834796496012665 1
0000 0010 1710397263356 -42.3125 -57.5 4.086524818927348 1
0000 0013 1710397263356 6.5 -59.0 2.767301341345697 1
0000 0005 1710397263356 13.0 -65.5 2.693670263527186 1
0000 0009 1710397263356 -3.25 -59.0 5.0253210611133605 1
0000 0014 1710397263357 9.75 -60.5 3.0127382674073995 1
0000 0007 1710397263357 -35.75 -58.5 3.497476196379262 1
0000 0000 1710397263358 -32.5 -67.0 3.018874190558942 1
0000 0002 1710397263358 -66.6875 -75.5 0.37429131224409645 1
0000 0001 1710397263464 68.3125 -69.0 2.773437264497239 1
0000 0015 1710397263464 -6.5 -59.5 2.8716120349219203 1
0000 0011 1710397263464 -32.5 -61.5 4.28287435977671 1
0000 0003 1710397263465 -3.25 -67.5 0.44178646691106466 1
0000 0007 1710397263465 -52.0625 -58.5 3.399301425954581 1
0000 0000 1710397263465 71.5625 -67.5 2.705942109830271 1
0000 0010 1710397263466 -22.75 -58.0 3.9453985864418692 1
0000 0008 1710397263466 13.0 -54.5 1.5953400194010667 1
0000 0006 1710397263466 -16.25 -60.5 5.424156065963627 1
0000 0009 1710397263466 -41.5 -59.5 4.963961829597935 1
0000 0014 1710397263467 26.0 -60.5 2.9943304979527716 1
0000 0012 1710397263467 29.25 -59.5 1.4726215563702154 1
0000 0005 1710397263467 65.0625 -66.0 2.5034566458293663 1
0000 0013 1710397263468 26.0 -59.0 2.7120780329818137 1
0000 0004 1710397263468 -29.25 -59.0 0.1902136176978195 1
0000 0002 1710397263468 -149.6875 -74.5 3.9147189706841563 1
0000 0011 1710397263590 -39.0 -62.0 4.215379205109742 1
0000 0004 1710397263590 0.0 -59.0 0.0859029241215959 1
0000 0015 1710397263590 6.5 -59.5 2.8838838812250054 1
0000 0012 1710397263590 22.75 -59.0 1.4358060174609601 1
0000 0006 1710397263591 6.5 -60.5 5.418020142812084 1
0000 0003 1710397263592 78.0625 -67.0 0.20248546400090464 1
0000 0014 1710397263592 -16.25 -60.5 3.0802334220743677 1
0000 0009 1710397263592 0.0 -59.0 4.921010367537137 1
0000 0008 1710397263593 13.0 -54.5 1.5707963267948966 1
0000 0007 1710397263593 0.0 -58.5 3.2765829629237295 1
0000 0000 1710397263593 -34.9375 -68.0 2.9206994201342606 1
0000 0013 1710397263593 -3.25 -59.5 2.742757648739526 1
0000 0001 1710397263594 113.875 -69.5 2.736621725587984 1
0000 0010 1710397263594 -26.0 -58.5 3.865631585471816 1
0000 0005 1710397263594 -52.0625 -66.0 2.5954954931025047 1
0000 0002 1710397263595 19.5 -75.5 3.2643111166206444 1
0000 0004 1710397263700 -32.5 -59.0 0.07976700097005335 1
0000 0009 1710397263701 -45.5625 -59.0 4.92714629068868 1
0000 0000 1710397263701 130.1875 -67.0 2.650718801466388 1
0000 0001 1710397263701 52.0625 -69.5 2.945243112740431 1
0000 0005 1710397263701 6.5 -65.5 2.521864415283994 1
0000 0015 1710397263702 22.75 -59.5 2.8532042654672924 1
0000 0008 1710397263702 3.25 -54.0 1.552388557340269 1
0000 0007 1710397263702 -32.5 -59.0 3.313398501832985 1
0000 0014 1710397263702 48.8125 -60.5 2.945243112740431 1
0000 0010 1710397263703 -32.5 -58.5 3.816544200259475 1
0000 0013 1710397263703 16.25 -59.5 2.7550294950426117 1
0000 0012 1710397263703 39.0 -59.0 1.325359400733194 1
0000 0006 1710397263704 42.3125 -60.5 5.246214294568893 1
0000 0011 1710397263704 -19.5 -62.0 4.154019973594316 1
0000 0003 1710397263704 32.5 -67.0 0.28838838812250056 1
0000 0002 1710397263705 -302.6875 -74.0 3.693825737228624 1
0000 0009 1710397263822 13.8125 -59.0 4.8351074434155406 1
0000 0004 1710397263822 6.5 -59.0 6.277049384028044 1
0000 0008 1710397263822 29.25 -54.0 1.5155730184310134 1
0000 0014 1710397263823 -22.75 -60.5 3.06182565261974 1
0000 0011 1710397263823 16.25 -62.0 4.09266074207889 1
0000 0013 1710397263823 9.75 -59.0 2.779573187648782 1
0000 0003 1710397263824 -32.5 -66.5 0.3436116964863836 1
0000 0000 1710397263824 -3.25 -67.5 2.8409324191642074 1
0000 0010 1710397263824 6.5 -58.0 3.736777199289422 1
0000 0015 1710397263825 29.25 -59.5 2.859340188618835 1
0000 0007 1710397263825 3.25 -58.0 3.2643111166206444 1
0000 0012 1710397263825 26.0 -59.0 1.2885438618239387 1
0000 0005 1710397263825 0.0 -66.0 2.4850488763747385 1
0000 0006 1710397263826 -16.25 -60.5 5.301437602932776 1
0000 0001 1710397263826 -110.625 -71.0 3.08636934522591 1
0000 0002 1710397264001 -21.3125 -76.0 0.19634954084936207 1
0000 0007 1710397264001 -19.5 -59.0 3.2704470397721868 1
0000 0014 1710397264002 -9.75 -60.5 3.0127382674073995 1
0000 0015 1710397264002 26.0 -59.5 2.8409324191642074 1
0000 0005 1710397264002 22.75 -65.5 2.442097414313941 1
0000 0010 1710397264003 -13.0 -58.0 3.736777199289422 1
0000 0004 1710397264003 74.8125 -59.5 6.062292073724054 1
0000 0003 1710397264003 146.4375 -66.5 0.0674951546669682 1
0000 0013 1710397264003 32.5 -59.5 2.748893571891069 1
0000 0011 1710397264004 -13.0 -62.0 4.086524818927348 1
0000 0008 1710397264004 19.5 -54.5 1.4664856332186729 1
0000 0012 1710397264004 6.5 -59.0 1.3560390164909069 1
0000 0009 1710397264005 -7.3125 -59.5 4.7860200582032 1
0000 0006 1710397264005 -29.25 -60.5 5.325981295538946 1
0000 0000 1710397264005 -38.1875 -68.0 2.662990647769473 1
0000 0001 1710397264006 1.8125 -77.0 5.915029918087033 1
0000 0002 1710397264006 -1.8125 -75.5 0.0674951546669682 1
0000 0008 1710397264171 -13.0 -54.0 1.4419419406125027 1
0000 0006 1710397264171 16.25 -60.5 5.240078371417351 1
0000 0012 1710397264172 19.5 -59.0 1.3069516312785663 1
0000 0011 1710397264172 0.0 -62.5 4.006757817957295 1
0000 0000 1710397264172 -128.5625 -68.0 2.748893571891069 1
0000 0009 1710397264173 3.25 -59.0 4.651029748869264 1
0000 0004 1710397264173 9.75 -59.0 6.166602767300278 1
0000 0015 1710397264173 -3.25 -59.5 2.8838838812250054 1
0000 0014 1710397264173 -16.25 -61.0 3.0925052683774528 1
0000 0010 1710397264174 -3.25 -58.0 3.663146121470911 1
0000 0007 1710397264174 6.5 -59.0 3.129320807286708 1
0000 0013 1710397264174 26.0 -59.0 2.718213956133356 1
0000 0005 1710397264175 0.0 -67.5 2.454369260617026 1
0000 0003 1710397264175 -9.75 -67.0 0.1595340019401067 1
0000 0002 1710397264175 -5.6875 -75.0 6.273981422452272 1
0000 0001 1710397264175 8.8125 -79.0 3.117048960983623 1
0000 0000 1710397264304 29.25 -68.0 2.6384469551633027 1
0000 0011 1710397264304 -39.0 -63.0 3.773592738198677 1
0000 0003 1710397264304 13.0 -67.0 6.191146459906448 1
0000 0004 1710397264304 22.75 -59.5 6.209554229361076 1
0000 0012 1710397264305 19.5 -59.0 1.1903690913992575 1
0000 0008 1710397264305 29.25 -53.5 1.3314953238847365 1
0000 0009 1710397264305 17.0625 -58.5 4.399456899656019 1
0000 0010 1710397264306 9.75 -58.5 3.4177091954092087 1
0000 0006 1710397264306 6.5 -60.5 5.166447293598839 1
0000 0007 1710397264306 6.5 -58.5 2.7550294950426117 1
0000 0013 1710397264306 32.5 -59.5 2.6200391857086753 1
0000 0005 1710397264307 35.75 -68.0 2.1353012567368124 1
0000 0014 1710397264307 -3.25 -61.0 3.074097498922825 1
0000 0015 1710397264307 -9.75 -59.5 2.8838838812250054 1
0000 0002 1710397264308 57.75 -75.0 3.175340230923277 1
0000 0001 1710397264308 -14.3125 -79.0 3.423845118560751 1
0000 0007 1710397264403 -16.25 -59.0 2.521864415283994 1
0000 0011 1710397264403 -45.5625 -63.5 3.5711072741977725 1
0000 0003 1710397264403 -16.25 -66.5 0.11658253987930872 1
0000 0009 1710397264404 -3.25 -58.0 4.301282129231338 1
0000 0008 1710397264404 22.75 -53.0 1.2517283229146832 1
0000 0010 1710397264404 -3.25 -58.5 3.2888548092268146 1
0000 0000 1710397264405 21.125 -68.0 2.5402721847386216 1
0000 0015 1710397264405 13.0 -59.5 2.804116880254952 1
0000 0004 1710397264405 26.0 -59.0 6.22182607566416 1
0000 0006 1710397264405 -29.25 -61.0 5.203262832508095 1
0000 0014 1710397264406 -26.0 -61.0 3.0925052683774528 1
0000 0013 1710397264406 22.75 -59.0 2.60776733940559 1
0000 0012 1710397264406 22.75 -59.0 1.1106020904292042 1
0000 0005 1710397264407 -24.375 -68.0 2.0064468705544187 1
0000 0002 1710397264407 11.375 -75.0 0.09203884727313846 1
0000 0001 1710397264407 -4.25 -78.5 0.17794177139473438 1
0000 0008 1710397264533 22.75 -53.0 1.2333205534600555 1
0000 0012 1710397264533 -35.75 -59.0 1.214912784005428 1
0000 0009 1710397264534 -13.8125 -58.0 4.190835512503572 1
0000 0004 1710397264534 -22.75 -59.0 6.264777537724958 1
0000 0000 1710397264534 32.5 -68.0 2.736621725587984 1
0000 0010 1710397264535 -22.75 -58.0 2.9759227284981438 1
0000 0003 1710397264535 6.5 -67.0 0.09203884727313846 1
0000 0014 1710397264535 6.5 -61.0 3.0250101137104846 1
0000 0011 1710397264536 13.0 -62.5 3.5342917352885173 1
0000 0015 1710397264536 55.3125 -59.5 2.742757648739526 1
0000 0013 1710397264536 0.0 -59.0 2.5770877236478773 1
0000 0007 1710397264536 26.0 -59.0 2.227340104009951 1
0000 0005 1710397264537 -136.6875 -67.0 1.9573594853420782 1
0000 0006 1710397264537 -26.0 -60.5 5.21553467881118 1
0000 0001 1710397264537 -2.4375 -76.5 0.6504078540635119 1
0000 0002 1710397264538 10.9375 -76.0 0.19634954084936207 1
0000 0015 1710397264662 6.5 -59.5 2.7857091108003242 1
0000 0000 1710397264662 79.75 -68.0 3.0372819600135696 1
0000 0008 1710397264662 16.25 -53.0 1.2517283229146832 1
0000 0010 1710397264663 3.25 -57.5 2.350058567040802 1
0000 0005 1710397264663 -41.5 -66.5 1.9266798695843652 1
0000 0009 1710397264663 3.25 -57.0 4.080388895775806 1
0000 0006 1710397264664 -6.5 -60.5 4.9823695990525625 1
0000 0007 1710397264664 3.25 -59.0 2.2580197197676637 1
0000 0011 1710397264664 -32.5 -62.0 3.7981364308048478 1
0000 0013 1710397264664 22.75 -59.0 2.356194490192345 1
0000 0014 1710397264665 3.25 -60.5 2.8961557275280905 1
0000 0003 1710397264665 48.8125 -67.0 0.48473792897186263 1
0000 0004 1710397264665 42.3125 -59.5 6.209554229361076 1
0000 0012 1710397264666 26.0 -59.0 0.9142525495798421 1
0000 0001 1710397264666 -104.125 -72.0 4.552854978444583 1
0000 0002 1710397264666 1.1875 -76.0 0.7424467013366504 1
0000 0015 1710397264762 -35.75 -59.5 2.8961557275280905 1
0000 0013 1710397264762 35.75 -59.0 2.1475731030398975 1
0000 0009 1710397264762 -41.5 -56.0 3.877903431774901 1
0000 0005 1710397264763 52.0625 -64.0 1.8837284075235674 1
0000 0012 1710397264763 9.75 -58.5 0.8835729338221293 1
0000 0004 1710397264763 9.75 -59.5 0.2761165418194154 1
0000 0000 1710397264764 10.5625 -66.5 4.06811704947272 1
0000 0003 1710397264764 16.25 -67.5 1.337631247036279 1
0000 0008 1710397264764 22.75 -53.5 1.3867186322486196 1
0000 0010 1710397264764 6.5 -57.5 1.0492428589137786 1
0000 0007 1710397264765 -22.75 -57.5 2.435961491162398 1
0000 0006 1710397264765 19.5 -61.0 4.773748211900116 1
0000 0014 1710397264765 42.3125 -61.0 2.791845033951867 1
0000 0001 1710397264766 -159.5 -67.0 6.092971689481767 1
0000 0011 1710397264766 -3.25 -63.0 2.82252464970958 1
0000 0002 1710397264766 78.0625 -73.5 4.601942363656923 1
0000 0001 1710397264876 -6.5 -59.0 1.2455923997631406 1
0000 0000 1710397264876 19.5 -62.5 4.933282213840222 1
0000 0014 1710397264876 9.75 -61.0 2.736621725587984 1
0000 0012 1710397264876 9.75 -56.5 2.693670263527186 1
0000 0013 1710397264877 9.75 -58.5 2.8716120349219203 1
0000 0007 1710397264877 -6.5 -57.5 1.9573594853420782 1
0000 0015 1710397264877 0.0 -60.0 3.0925052683774528 1
0000 0010 1710397264878 -6.5 -57.5 6.000932842208628 1
0000 0002 1710397264878 87.875 -74.0 5.129631754689584 1
0000 0009 1710397264878 7.3125 -55.5 2.945243112740431 1
0000 0011 1710397264878 -22.75 -63.5 0.9326603190344698 1
0000 0008 1710397264879 42.3125 -58.5 0.6565437772150544 1
0000 0003 1710397264879 71.5625 -68.0 2.0493983326152168 1
0000 0006 1710397264879 -13.0 -62.0 4.074252972624263 1
0000 0005 1710397264880 52.0625 -59.5 2.1230294104337273 1
0000 0004 1710397264880 0.0 -60.5 0.4479223900626072 1
0000 0005 1710397265034 -9.75 -59.0 1.7426021750380885 1
0000 0003 1710397265035 -52.0625 -67.0 0.7301748550335652 1
0000 0012 1710397265035 -32.5 -56.5 4.178563666200486 1
0000 0007 1710397265035 -71.5625 -63.5 0.1349903093339364 1
0000 0011 1710397265035 -35.75 -70.0 2.804116880254952 1
0000 0008 1710397265036 -13.0 -56.0 4.104932588381976 1
0000 0013 1710397265036 -19.5 -57.5 3.9944859716542096 1
0000 0001 1710397265036 32.5 -58.0 1.5830681730979816 1
0000 0000 1710397265037 -6.5 -62.0 3.485204350076177 1
0000 0006 1710397265037 -9.75 -69.0 1.4848934026733007 1
0000 0015 1710397265037 52.0625 -62.5 3.000466421104314 1
0000 0009 1710397265037 -128.5625 -66.5 0.18407769454627693 1
0000 0010 1710397265038 74.8125 -68.5 0.760854470791278 1
0000 0014 1710397265038 0.0 -63.5 1.9082721001297376 1
0000 0004 1710397265038 -3.25 -61.5 5.332117218690489 1
0000 0002 1710397265039 -7.875 -77.0 0.6381360077604268 1
0000 0012 1710397265252 -22.75 -57.5 4.301282129231338 1
0000 0011 1710397265252 -32.5 -74.5 0.01227184630308513 1
0000 0007 1710397265252 -13.0 -57.5 3.761320891895592 1
0000 0003 1710397265252 -9.75 -66.0 5.283029833478148 1
0000 0000 1710397265253 10.5625 -63.5 2.1475731030398975 1
0000 0009 1710397265253 48.8125 -64.0 2.497320722677824 1
0000 0015 1710397265253 19.5 -63.5 2.9268353432858034 1
0000 0006 1710397265254 0.0 -58.5 5.3198453723874035 1
0000 0013 1710397265254 -3.25 -59.5 4.884194828627882 1
0000 0008 1710397265254 16.25 -57.5 1.662835174068035 1
0000 0001 1710397265254 19.5 -59.5 0.37429131224409645 1
0000 0005 1710397265255 48.8125 -58.5 5.074408446325701 1
0000 0004 1710397265255 52.0625 -61.5 2.9820586516496865 1
0000 0010 1710397265255 3.625 -78.5 3.761320891895592 1
0000 0001 1710397265256 29.25 -60.0 4.319689898685965 1
0000 0006 1710397265256 -55.3125 -65.0 4.565126824747668 1
0000 0007 1710397265256 22.75 -58.0 2.018718716857504 1
0000 0005 1710397265257 -91.125 -62.0 4.399456899656019 1
0000 0015 1710397265258 0.0 -66.0 2.5157284921324514 1
0000 0008 1710397265258 -6.5 -53.5 5.516194913236766 1
0000 0009 1710397265258 7.3125 -57.0 5.620505606812989 1
0000 0003 1710397265258 42.3125 -64.0 2.1475731030398975 1
0000 0004 1710397265259 -16.25 -63.0 0.6565437772150544 1
0000 0013 1710397265259 58.5625 -66.5 5.583690067903734 1
0000 0000 1710397265260 13.0 -64.5 5.0682725231741586 1
0000 0012 1710397265260 22.75 -60.5 2.9943304979527716 1
0000 0002 1710397265318 -35.375 -77.5 5.418020142812084 1
0000 0003 1710397265508 0.0 -67.0 0.37429131224409645 1
0000 0009 1710397265508 17.0625 -55.0 3.5588354278946874 1
0000 0001 1710397265508 9.75 -58.0 1.5892040962495242 1
0000 0015 1710397265508 -81.375 -70.0 2.024854640009046 1
0000 0007 1710397265509 -3.25 -54.5 0.2270291566070749 1
0000 0006 1710397265509 -3.25 -63.5 1.9696313316451632 1
0000 0005 1710397265509 -19.5 -59.0 6.270913460876501 1
0000 0008 1710397265510 -3.25 -59.5 3.5711072741977725 1
0000 0004 1710397265510 -61.8125 -60.5 4.123340357836604 1
0000 0012 1710397265510 -17.0625 -55.5 2.073942025221387 1
0000 0000 1710397265510 192.0 -69.0 2.7120780329818137 1
0000 0002 1710397265511 -35.75 -74.0 2.36846633649543 1
0000 0014 1710397265511 -2.4375 -77.5 6.080699843178682 1
0000 0013 1710397265511 -5.4375 -71.5 2.2212041808584084 1
0000 0006 1710397265512 -55.3125 -68.0 0.5522330836388308 1
0000 0008 1710397265512 16.25 -58.0 6.258641614573416 1
0000 0005 1710397265512 -6.5 -57.0 5.031456984264903 1
0000 0009 1710397265512 9.75 -58.5 0.9633399347921826 1
0000 0001 1710397265513 -6.5 -60.0 5.350524988145116 1
0000 0007 1710397265513 39.0 -61.0 4.424000592262189 1
0000 0012 1710397265513 19.5 -53.0 1.8407769454627694 1
0000 0004 1710397265514 45.5625 -57.5 1.9512235621905356 1
0000 0013 1710397265514 -16.25 -65.5 0.9265243958829272 1
0000 0000 1710397265514 -52.0625 -70.0 6.277049384028044 1
0000 0003 1710397265515 100.875 -70.0 3.3011266555298997 1
0000 0014 1710397265515 -91.125 -72.5 2.564815877344792 1
0000 0002 1710397265515 104.125 -76.0 0.4111068511533518 1
0000 0005 1710397265713 -65.0625 -62.0 4.031301510563465 1
0000 0012 1710397265713 21.125 -52.5 1.6996507129772904 1
0000 0008 1710397265714 -29.25 -55.5 5.3627968344482015 1
0000 0009 1710397265714 19.5 -63.5 5.786175531904639 1
0000 0000 1710397265714 -78.0625 -70.0 5.043728830567988 1
0000 0007 1710397265714 52.0625 -59.5 2.448233337465483 1
0000 0013 1710397265715 -45.5625 -64.0 0.619728238305799 1
0000 0004 1710397265715 26.0 -60.0 1.0983302441261191 1
0000 0001 1710397265715 -26.0 -65.0 3.9576704327449543 1
0000 0003 1710397265716 -61.8125 -68.0 2.6445828783148455 1
0000 0006 1710397265716 -19.5 -68.0 4.859651136021712 1
0000 0002 1710397265717 172.5 -75.0 5.602097837358362 1
0000 0014 1710397265717 -12.1875 -76.0 5.675728915176872 1
0000 0012 1710397265717 3.25 -52.5 1.6014759425526093 1
0000 0008 1710397265718 -39.0 -56.5 5.6143696836614465 1
0000 0001 1710397265718 -9.75 -63.0 4.295146206079795 1
0000 0013 1710397265718 78.0625 -67.0 0.6749515466696822 1
0000 0007 1710397265718 19.5 -61.0 3.0066023442558567 1
0000 0000 1710397265719 -21.125 -69.5 5.086680292628786 1
0000 0005 1710397265719 32.5 -60.5 4.3933209765044765 1
0000 0003 1710397265719 6.5 -68.0 2.761165418194154 1
0000 0004 1710397265720 19.5 -59.0 1.2517283229146832 1
0000 0009 1710397265720 17.0625 -63.5 6.129787228391022 1
0000 0006 1710397265720 -55.3125 -70.5 4.957825906446392 1
0000 0014 1710397265818 -1.5 -76.0 5.71868037723767 1
0000 0002 1710397265819 7.875 -77.0 3.3318062712876126 1
0000 0009 1710397265962 30.875 -63.5 6.215690152512618 1
0000 0012 1710397265962 13.8125 -53.0 1.5585244804918115 1
0000 0004 1710397265962 22.75 -60.5 1.3130875544301088 1
0000 0008 1710397265963 -3.25 -58.0 5.66959299202533 1
0000 0000 1710397265963 -26.0 -69.5 5.43029198911517 1
0000 0013 1710397265963 45.5625 -67.5 1.0615147052168636 1
0000 0007 1710397265964 -6.5 -62.0 3.3747577333484107 1
0000 0001 1710397265964 -3.25 -61.5 4.608078286808466 1
0000 0003 1710397265964 9.75 -68.0 3.1231848841351653 1
0000 0005 1710397265964 -13.8125 -60.0 4.73693267299086 1
0000 0014 1710397265965 52.0625 -74.0 2.497320722677824 1
0000 0002 1710397265965 -296.1875 -74.0 0.46019423636569234 1
0000 0006 1710397265965 -13.375 -74.5 4.172427743048944 1
0000 0004 1710397265966 35.75 -61.0 0.9940195505498954 1
0000 0006 1710397265966 -139.9375 -71.5 3.6386024288647407 1
0000 0007 1710397265966 0.0 -60.0 2.5770877236478773 1
0000 0001 1710397265967 -3.25 -64.0 4.086524818927348 1
0000 0014 1710397265967 -445.9375 -74.0 3.1354567304382504 1
0000 0008 1710397265967 3.25 -57.0 5.399612373357457 1
0000 0003 1710397265968 87.875 -67.0 2.5034566458293663 1
0000 0013 1710397265968 -55.3125 -68.0 0.8651651643675016 1
0000 0009 1710397265968 -83.0 -66.0 5.743224069843841 1
0000 0012 1710397265969 6.5 -53.0 1.5462526341887264 1
0000 0000 1710397265969 -78.0625 -69.5 5.148039524144211 1
0000 0005 1710397265970 -45.5625 -62.0 4.123340357836604 1
0000 0002 1710397266069 -48.0 -76.0 6.068427996875596 1
0000 0006 1710397266211 42.3125 -71.0 3.6876898140770815 1
0000 0009 1710397266211 13.8125 -67.5 5.602097837358362 1
0000 0014 1710397266211 231.0625 -74.0 2.067806102069844 1
0000 0004 1710397266212 -32.5 -60.0 1.0062913968529805 1
0000 0012 1710397266212 -6.5 -53.0 1.521708941582556 1
0000 0008 1710397266212 -16.25 -56.5 5.43029198911517 1
0000 0000 1710397266213 -235.9375 -69.5 5.252350217720435 1
0000 0013 1710397266213 -6.5 -68.0 0.6565437772150544 1
0000 0007 1710397266214 -3.25 -60.0 2.3439226438892597 1
0000 0005 1710397266214 13.0 -63.0 3.8717675086233583 1
0000 0001 1710397266214 -16.25 -65.0 4.0558452031696355 1
0000 0003 1710397266215 117.125 -68.5 2.2948352586769194 1
0000 0002 1710397266215 -23.1875 -77.0 5.939573610693203 1
0000 0001 1710397266215 9.75 -64.0 4.111068511533518 1
0000 0008 1710397266215 -16.25 -57.0 5.626641529964532 1
0000 0012 1710397266216 -6.5 -53.0 1.4848934026733007 1
0000 0005 1710397266216 58.5625 -62.0 3.902447124381071 1
0000 0003 1710397266216 97.625 -67.0 2.5954954931025047 1
0000 0009 1710397266217 -121.25 -65.5 6.1850105367549055 1
0000 0013 1710397266217 55.3125 -69.0 0.619728238305799 1
0000 0004 1710397266217 -22.75 -60.5 1.0615147052168636 1
0000 0014 1710397266218 139.9375 -73.5 2.1475731030398975 1
0000 0007 1710397266218 29.25 -60.5 2.2580197197676637 1
0000 0000 1710397266218 -133.4375 -70.0 4.9823695990525625 1
0000 0002 1710397266219 374.3125 -76.0 6.031612457966341 1
0000 0006 1710397266319 -2.4375 -74.0 0.24236896448593132 1
0000 0001 1710397266465 -32.5 -64.0 4.01902966426038 1
0000 0000 1710397266465 -117.9375 -71.0 4.884194828627882 1
0000 0003 1710397266465 123.6875 -68.0 2.423689644859313 1
0000 0008 1710397266465 3.25 -57.0 5.559146375297564 1
0000 0012 1710397266466 30.875 -53.0 1.4664856332186729 1
0000 0005 1710397266466 -19.5 -63.5 4.037437433715008 1
0000 0007 1710397266466 52.0625 -60.5 2.141437179888355 1
0000 0004 1710397266466 16.25 -60.0 1.0246991663076084 1
0000 0009 1710397266467 69.125 -66.0 5.767767762450011 1
0000 0013 1710397266467 58.5625 -67.5 0.6872233929727672 1
0000 0014 1710397266467 -104.125 -72.5 2.350058567040802 1
0000 0002 1710397266468 -224.5625 -74.5 0.32520392703175593 1
0000 0006 1710397266468 -28.4375 -72.5 0.4878058905476339 1
0000 0008 1710397266468 -35.75 -57.0 5.50392306693368 1
0000 0003 1710397266468 113.875 -67.5 2.2027964114037806 1
0000 0001 1710397266469 -6.5 -66.0 3.7981364308048478 1
0000 0004 1710397266469 32.5 -58.5 1.184233168247715 1
0000 0012 1710397266469 -21.125 -53.0 1.5585244804918115 1
0000 0007 1710397266470 0.0 -60.5 2.386874105950058 1
0000 0005 1710397266470 3.25 -63.0 3.9515345095934116 1
0000 0014 1710397266470 22.75 -72.5 2.2212041808584084 1
0000 0006 1710397266471 3.25 -69.5 4.0558452031696355 1
0000 0000 1710397266471 -104.125 -70.5 4.755340442445488 1
0000 0013 1710397266471 39.0 -67.5 0.6504078540635119 1
0000 0009 1710397266472 -91.125 -69.0 5.577554144752192 1
0000 0002 1710397266568 15.8125 -77.5 5.853670686571607 1
0000 0001 1710397266719 -19.5 -66.0 3.7122335066832517 1
0000 0000 1710397266719 -194.4375 -70.5 4.933282213840222 1
0000 0005 1710397266720 48.8125 -63.0 3.5711072741977725 1
0000 0009 1710397266720 -135.0625 -69.0 5.8659425328746915 1
0000 0007 1710397266720 -13.0 -59.5 2.067806102069844 1
0000 0012 1710397266721 13.0 -53.0 1.509437095279471 1
0000 0003 1710397266721 -45.5625 -68.0 2.2518837966161214 1
0000 0013 1710397266721 9.75 -68.0 0.6504078540635119 1
0000 0004 1710397266722 22.75 -59.5 1.1780972450961724 1
0000 0008 1710397266722 -32.5 -57.0 5.45483568172134 1
0000 0014 1710397266723 -146.4375 -73.5 2.3071071049800045 1
0000 0002 1710397266723 -218.0625 -76.0 6.129787228391022 1
0000 0006 1710397266723 152.9375 -72.0 3.141592653589793 1
0000 0012 1710397266724 6.5 -53.0 1.5033011721279284 1
0000 0009 1710397266724 -24.375 -68.5 5.755495916146925 1
0000 0013 1710397266724 247.375 -70.0 0.4049709280018093 1
0000 0005 1710397266725 39.0 -66.0 3.1906800388021335 1
0000 0004 1710397266725 16.25 -59.5 1.0492428589137786 1
0000 0001 1710397266725 -32.5 -64.0 3.792000507653305 1
0000 0008 1710397266725 -58.5625 -57.5 5.47937937432751 1
0000 0014 1710397266726 68.3125 -73.0 2.067806102069844 1
0000 0007 1710397266726 0.0 -60.0 1.3621749396424494 1
0000 0003 1710397266726 -39.0 -68.5 2.3439226438892597 1
0000 0006 1710397266727 133.4375 -71.5 3.3011266555298997 1
0000 0000 1710397266727 -17.0625 -69.5 4.792155981354743 1
0000 0002 1710397266824 -46.375 -76.0 6.145127036269878 1
0000 0004 1710397266955 16.25 -59.5 1.030835089459151 1
0000 0012 1710397266955 24.375 -53.0 1.4419419406125027 1
0000 0001 1710397266956 3.25 -64.5 3.7429131224409646 1
0000 0008 1710397266956 9.75 -57.0 5.295301679781233 1
0000 0000 1710397266956 42.3125 -70.5 4.675573441475434 1
0000 0009 1710397266957 -93.5625 -68.0 5.798447378207723 1
0000 0005 1710397266957 65.0625 -67.0 3.0250101137104846 1
0000 0007 1710397266957 29.25 -60.5 1.1228739367322893 1
0000 0003 1710397266957 -71.5625 -67.5 2.3193789512830896 1
0000 0013 1710397266958 152.9375 -71.0 0.7547185476397354 1
0000 0014 1710397266958 48.8125 -72.0 1.932815792735908 1
0000 0006 1710397266958 58.5625 -70.5 3.393165502803038 1
0000 0002 1710397266959 -3.25 -75.0 6.105243535784852 1
0000 0012 1710397266959 10.5625 -53.0 1.4664856332186729 1
0000 0014 1710397266959 29.25 -73.0 2.073942025221387 1
0000 0006 1710397266959 35.75 -70.5 3.1354567304382504 1
0000 0005 1710397266960 79.75 -66.0 3.055689729468197 1
0000 0009 1710397266960 -27.625 -67.5 5.049864753719531 1
0000 0002 1710397266960 -192.0 -77.0 6.000932842208628 1
0000 0001 1710397266961 -19.5 -64.5 2.9636508821950587 1
0000 0008 1710397266961 -19.5 -56.0 5.301437602932776 1
0000 0013 1710397266961 13.0 -71.0 0.803805932852076 1
0000 0000 1710397266961 -208.3125 -69.0 4.399456899656019 1
0000 0003 1710397266962 -22.75 -67.5 1.748738098189631 1
0000 0007 1710397266962 -19.5 -60.0 1.3560390164909069 1
0000 0004 1710397266963 3.25 -59.5 1.0799224746714913 1
0000 0013 1710397267069 -16.25 -70.0 0.9387962421860124 1
0000 0008 1710397267069 0.0 -56.5 5.264622064023521 1
0000 0012 1710397267069 16.25 -53.0 1.4296700943094176 1
0000 0005 1710397267069 -3.25 -65.5 3.0925052683774528 1
0000 0004 1710397267070 -22.75 -59.5 1.0185632431560658 1
0000 0007 1710397267070 13.0 -60.0 1.2701360923693108 1
0000 0001 1710397267070 16.25 -64.0 2.9022916506796332 1
0000 0014 1710397267071 -81.375 -73.0 2.227340104009951 1
0000 0003 1710397267071 55.3125 -67.0 1.6751070203711202 1
0000 0009 1710397267071 -100.875 -67.5 5.080544369477243 1
0000 0000 1710397267071 -97.625 -68.0 4.252194744018997 1
0000 0006 1710397267072 201.8125 -69.5 2.8838838812250054 1
0000 0002 1710397267330 -18.6875 -76.5 5.954913418572059 1
0000 0001 1710397267330 9.75 -64.5 2.9206994201342606 1
0000 0004 1710397267330 26.0 -60.0 0.8467573949128739 1
0000 0007 1710397267330 9.75 -60.0 1.3314953238847365 1
0000 0003 1710397267331 -3.25 -67.0 1.8039614065535141 1
0000 0005 1710397267331 0.0 -66.0 3.1906800388021335 1
0000 0006 1710397267331 74.8125 -70.5 2.9329712664373457 1
0000 0012 1710397267332 13.0 -53.0 1.3928545554001621 1
0000 0014 1710397267332 -182.25 -73.0 2.386874105950058 1
0000 0009 1710397267332 7.3125 -67.0 5.148039524144211 1
0000 0008 1710397267332 -22.75 -56.5 5.295301679781233 1
0000 0013 1710397267333 16.25 -70.0 0.760854470791278 1
0000 0000 1710397267333 -87.0625 -69.0 4.430136515413731 1
0000 0002 1710397267333 2.4375 -76.5 5.7616318392984684 1
0000 0005 1710397267450 -13.0 -66.0 3.227495577711389 1
0000 0007 1710397267451 22.75 -60.0 1.3008157081270237 1
0000 0008 1710397267451 19.5 -56.5 5.227806525114265 1
0000 0000 1710397267451 -65.0625 -68.5 4.276738436625168 1
0000 0012 1710397267451 21.125 -53.0 1.3560390164909069 1
0000 0013 1710397267452 35.75 -71.5 0.9387962421860124 1
0000 0009 1710397267452 -71.5625 -67.0 5.074408446325701 1
0000 0004 1710397267452 -6.5 -60.5 0.8528933180644165 1
0000 0003 1710397267453 68.3125 -68.0 1.8285050991596843 1
0000 0014 1710397267453 -364.5625 -74.5 2.718213956133356 1
0000 0001 1710397267453 29.25 -64.5 2.945243112740431 1
0000 0006 1710397267454 16.25 -70.0 2.7979809571034093 1
0000 0002 1710397267454 48.8125 -74.5 5.71868037723767 1
0000 0009 1710397267454 0.0 -67.5 5.006913291658733 1
0000 0003 1710397267454 -16.25 -66.5 1.846912868614312 1
0000 0013 1710397267455 22.75 -70.0 0.9326603190344698 1
0000 0001 1710397267455 74.8125 -64.5 2.8409324191642074 1
0000 0000 1710397267455 74.8125 -69.0 4.190835512503572 1
0000 0012 1710397267456 32.5 -53.0 1.325359400733194 1
0000 0007 1710397267456 9.75 -59.5 1.2762720155208536 1
0000 0008 1710397267456 -13.0 -56.5 5.252350217720435 1
0000 0005 1710397267456 58.5625 -66.5 3.067961575771282 1
0000 0004 1710397267457 16.25 -60.5 0.8283496254582462 1
0000 0014 1710397267457 286.4375 -74.5 1.8223691760081417 1
0000 0006 1710397267458 -29.25 -70.0 3.1354567304382504 1
0000 0002 1710397267458 -9.75 -74.0 5.767767762450011 1
0000 0005 1710397267569 52.0625 -66.5 3.074097498922825 1
0000 0013 1710397267569 42.3125 -70.0 0.8774370106705868 1
0000 0007 1710397267569 -19.5 -60.0 1.3560390164909069 1
0000 0003 1710397267570 104.125 -67.5 1.6689710972195777 1
0000 0008 1710397267570 -9.75 -56.5 5.270757987175063 1
0000 0004 1710397267570 -9.75 -60.5 0.8406214717613314 1
0000 0001 1710397267570 84.625 -65.0 2.761165418194154 1
0000 0009 1710397267571 -48.8125 -68.0 5.056000676871073 1
0000 0012 1710397267571 13.0 -53.0 1.337631247036279 1
0000 0000 1710397267571 16.25 -69.5 4.190835512503572 1
0000 0006 1710397267572 -94.375 -70.5 3.0925052683774528 1
0000 0014 1710397267572 32.5 -73.5 2.086213871524472 1
0000 0002 1710397267572 -279.9375 -75.5 0.02454369260617026 1
0000 0009 1710397267782 55.3125 -67.0 4.97623367590102 1
0000 0005 1710397267782 17.0625 -66.0 3.2213596545598464 1
0000 0000 1710397267782 -52.0625 -69.0 4.338097668140593 1
0000 0004 1710397267783 -22.75 -61.0 0.8222137023067037 1
0000 0003 1710397267783 42.3125 -67.0 1.8775924843720249 1
0000 0006 1710397267783 3.25 -70.5 2.890019804376548 1
0000 0014 1710397267784 -208.3125 -72.5 2.2641556429192065 1
0000 0008 1710397267784 -6.5 -56.0 5.264622064023521 1
0000 0012 1710397267784 16.25 -52.5 1.3130875544301088 1
0000 0013 1710397267784 68.3125 -70.0 0.7547185476397354 1
0000 0007 1710397267785 13.0 -60.0 1.3744467859455345 1
0000 0001 1710397267785 78.0625 -65.0 2.724349879284899 1
0000 0002 1710397267785 -68.3125 -74.5 5.730952223540755 1
0000 0012 1710397267786 22.75 -53.0 1.2885438618239387 1
0000 0013 1710397267786 -9.75 -71.5 0.859029241215959 1
0000 0005 1710397267786 6.5 -65.5 3.2520392703175593 1
0000 0009 1710397267786 -79.75 -67.0 5.098952138931871 1
0000 0003 1710397267787 19.5 -66.5 1.7671458676442586 1
0000 0006 1710397267787 123.6875 -70.0 2.60776733940559 1
0000 0001 1710397267787 16.25 -65.0 2.767301341345697 1
0000 0007 1710397267788 45.5625 -59.5 1.325359400733194 1
0000 0004 1710397267788 26.0 -61.5 0.6749515466696822 1
0000 0008 1710397267788 -26.0 -56.0 5.252350217720435 1
0000 0014 1710397267789 192.0 -71.5 2.116893487282185 1
0000 0000 1710397267789 -35.75 -69.5 4.28287435977671 1
0000 0002 1710397267789 120.4375 -77.0 5.21553467881118 1
0000 0001 1710397268012 -16.25 -65.0 2.748893571891069 1
0000 0013 1710397268012 -17.0625 -71.5 0.859029241215959 1
0000 0004 1710397268012 -6.5 -62.0 0.7179030087304801 1
0000 0007 1710397268012 0.0 -59.5 1.2578642460662257 1
0000 0008 1710397268013 -9.75 -55.5 5.203262832508095 1
0000 0003 1710397268013 100.875 -68.0 1.521708941582556 1
0000 0006 1710397268013 -13.0 -70.5 2.742757648739526 1
0000 0005 1710397268014 117.125 -66.5 2.945243112740431 1
0000 0000 1710397268014 42.3125 -69.0 4.025165587411922 1
0000 0009 1710397268014 -30.875 -66.5 5.0682725231741586 1
0000 0012 1710397268015 21.125 -53.0 1.3008157081270237 1
0000 0014 1710397268015 104.125 -72.0 1.945087639038993 1
0000 0002 1710397268015 -100.875 -74.0 5.595961914206819 1
0000 0001 1710397268015 19.5 -65.5 2.675262494072558 1
0000 0007 1710397268016 -29.25 -60.0 1.2701360923693108 1
0000 0013 1710397268016 -104.125 -72.0 1.0799224746714913 1
0000 0009 1710397268016 -24.375 -67.0 5.043728830567988 1
0000 0000 1710397268017 -10.5625 -69.5 4.1172044346850605 1
0000 0005 1710397268017 -52.0625 -67.0 3.0495538063166547 1
0000 0004 1710397268017 0.0 -61.5 0.6504078540635119 1
0000 0008 1710397268018 -52.0625 -55.5 5.240078371417351 1
0000 0012 1710397268018 13.8125 -53.0 1.3008157081270237 1
0000 0003 1710397268018 126.9375 -67.5 1.4910293258248433 1
0000 0014 1710397268018 61.8125 -73.0 2.0923497946760143 1
0000 0006 1710397268019 42.3125 -71.0 2.6139032625571326 1
0000 0002 1710397268019 -91.125 -74.0 5.743224069843841 1
