0001 0008 1711702936881 -91.125 -67.0 4.718524903536232 20
0001 0004 1711702936881 -58.5625 -67.5 3.6140587362585705 20
0001 0007 1711702936881 -32.5 -67.5 5.178719139901925 20
0001 0011 1711702936882 16.25 -69.0 6.111379458936394 20
0001 0014 1711702936882 0.5625 -76.0 4.28287435977671 20
0001 0011 1711702936883 -26.0 -69.0 6.12365130523948 20
0001 0004 1711702936883 -42.3125 -67.0 3.5588354278946874 20
0001 0007 1711702936883 -74.8125 -67.5 5.148039524144211 20
0001 0008 1711702936884 -117.9375 -66.5 4.908738521234052 20
0001 0014 1711702937131 -25.625 -76.5 1.3130875544301088 20
0001 0011 1711702937131 -130.1875 -69.0 6.2034183062095325 20
0001 0004 1711702937131 -87.875 -67.0 3.730641276137879 20
0001 0007 1711702937132 104.125 -66.5 4.816699673960914 20
0001 0008 1711702937132 24.375 -66.5 4.589670517353839 20
0001 0014 1711702937133 -9.75 -76.0 4.313553975534423 20
0001 0008 1711702937133 17.0625 -66.5 4.663301595172349 20
0001 0007 1711702937134 52.0625 -67.5 5.006913291658733 20
0001 0004 1711702937134 -52.0625 -67.0 3.6570101983193686 20
0001 0011 1711702937134 -26.0 -68.5 6.160466844148735 20
0001 0014 1711702937135 25.0 -77.5 1.0921943209745766 20
0001 0004 1711702937381 -29.25 -66.5 3.5281558121369745 20
0001 0011 1711702937381 61.8125 -68.0 6.000932842208628 20
0001 0008 1711702937382 -229.4375 -65.5 4.908738521234052 20
0001 0007 1711702937382 -48.8125 -67.0 5.105088062083414 20
0001 0014 1711702937382 9.75 -76.5 4.276738436625168 20
0001 0004 1711702937383 -16.25 -66.5 3.5833791205008576 20
0001 0008 1711702937383 -35.75 -66.5 4.657165672020807 20
0001 0007 1711702937383 -52.0625 -67.5 5.117359908386499 20
0001 0011 1711702937384 0.0 -68.5 6.068427996875596 20
0001 0014 1711702937384 13.375 -76.5 1.043106935762236 20
0001 0007 1711702937630 110.625 -67.0 4.8351074434155406 20
0001 0011 1711702937630 61.8125 -68.5 5.93343768754166 20
0001 0004 1711702937631 -84.625 -67.0 3.6447383520162835 20
0001 0008 1711702937631 -3.25 -67.0 4.626486056263094 20
0001 0014 1711702937631 11.5625 -76.5 1.141281706186917 20
0001 0007 1711702937632 -100.875 -66.5 5.154175447295755 20
0001 0008 1711702937632 -65.0625 -67.0 4.657165672020807 20
0001 0011 1711702937632 81.375 -68.0 6.050020227420969 20
0001 0004 1711702937633 -55.3125 -66.5 3.5342917352885173 20
0001 0014 1711702937633 -3.625 -76.5 4.301282129231338 20
0001 0008 1711702937880 -41.5 -66.5 4.71238898038469 20
0001 0007 1711702937881 -68.3125 -67.0 5.123495831538041 20
0001 0011 1711702937881 9.75 -68.5 6.0991076126333095 20
0001 0004 1711702937882 -78.0625 -67.0 3.650874275167826 20
0001 0014 1711702937882 1.8125 -76.5 4.264466590322082 20
0001 0004 1711702937883 -48.8125 -66.5 3.5895150436524004 20
0001 0007 1711702937883 -52.0625 -67.0 5.049864753719531 20
0001 0008 1711702937883 -62.625 -65.5 4.693981210930062 20
0001 0011 1711702937884 13.0 -69.0 6.105243535784852 20
0001 0014 1711702937884 -71.5625 -74.0 4.430136515413731 20
0001 0011 1711702938130 -9.75 -68.5 6.092971689481767 20
0001 0008 1711702938131 -27.625 -67.0 4.663301595172349 20
0001 0004 1711702938131 3.25 -67.0 3.436116964863836 20
0001 0007 1711702938131 0.0 -67.0 5.0682725231741586 20
0001 0014 1711702938131 20.75 -76.5 4.289010282928253 20
0001 0004 1711702938132 3.25 -67.0 3.466796580621549 20
0001 0007 1711702938132 61.8125 -67.5 4.896466674930966 20
0001 0008 1711702938132 79.75 -66.5 4.491495746929157 20
0001 0011 1711702938133 -68.3125 -68.5 6.234097921967246 20
0001 0014 1711702938133 -9.125 -77.0 1.1351457830353744 20
0001 0004 1711702938390 -74.8125 -66.0 3.5833791205008576 20
0001 0008 1711702938391 3.25 -66.0 4.595806440505381 20
0001 0007 1711702938391 -6.5 -67.0 5.105088062083414 20
0001 0011 1711702938391 113.875 -69.0 5.93343768754166 20
0001 0014 1711702938392 -20.125 -76.0 4.399456899656019 20
0001 0011 1711702938392 146.4375 -69.0 5.9518454569962875 20
0001 0007 1711702938392 -6.5 -68.0 5.0682725231741586 20
0001 0004 1711702938393 -29.25 -67.0 3.5895150436524004 20
0001 0008 1711702938393 -17.0625 -65.5 4.724660826687775 20
0001 0014 1711702938393 14.0 -76.5 4.184699589352029 20
0001 0007 1711702938394 -84.625 -68.5 5.0682725231741586 20
0001 0008 1711702938394 45.5625 -60.5 5.117359908386499 20
0001 0011 1711702938394 -100.875 -68.0 6.154330920997192 20
0001 0014 1711702938395 -4.0625 -74.5 0.7761942786701345 20
0001 0008 1711702938630 16.25 -58.0 6.12365130523948 20
0001 0007 1711702938630 48.8125 -68.0 4.6448938257177215 20
0001 0011 1711702938631 -32.5 -65.5 5.080544369477243 20
0001 0014 1711702938631 48.0 -75.0 0.37429131224409645 20
0001 0009 1711702938631 -3.25 -75.5 5.786175531904639 20
0001 0008 1711702938881 7.3125 -54.5 1.761009944492716 20
0001 0007 1711702938881 -100.875 -66.5 5.325981295538946 20
0001 0011 1711702938881 -55.3125 -63.0 3.5956509668039427 20
0001 0010 1711702938882 -257.125 -72.0 0.521553467881118 20
0001 0004 1711702938882 -4.875 -75.5 5.3720007191755155 20
0001 0014 1711702938882 -4.25 -76.0 0.7424467013366504 20
0001 0009 1711702938883 19.5 -77.0 0.3436116964863836 20
0001 0010 1711702938883 120.4375 -68.5 6.234097921967246 20
0001 0008 1711702938883 -24.375 -54.0 3.393165502803038 20
0001 0011 1711702938884 45.5625 -63.0 3.9515345095934116 20
0001 0007 1711702938884 22.75 -64.5 5.835262917116979 20
0001 0004 1711702938884 -113.875 -72.5 3.2643111166206444 20
0001 0009 1711702938885 18.875 -79.0 4.381049130201391 20
0001 0014 1711702938885 11.5625 -76.0 3.9699422790480394 20
0001 0011 1711702939125 -6.5 -63.0 4.706253057233147 20
0001 0010 1711702939125 45.5625 -66.0 0.3436116964863836 20
0001 0007 1711702939125 3.25 -66.5 0.42337869745643697 20
0001 0008 1711702939126 7.3125 -54.5 5.1725832167503825 20
0001 0004 1711702939126 -123.6875 -69.5 4.675573441475434 20
0001 0014 1711702939126 -91.125 -72.5 4.129476280988146 20
0001 0009 1711702939127 14.625 -78.0 5.602097837358362 20
0001 0010 1711702939127 0.0 -65.0 0.4356505437595221 20
0001 0008 1711702939127 -13.8125 -55.5 0.09203884727313846 20
0001 0004 1711702939128 0.0 -72.0 4.792155981354743 20
0001 0007 1711702939128 42.3125 -65.0 1.1167380135807468 20
0001 0011 1711702939128 26.0 -65.0 4.945554060143307 20
0001 0014 1711702939129 -42.3125 -74.0 4.454680208019902 20
0001 0009 1711702939129 14.0 -76.0 3.3072625786814425 20
0001 0014 1711702939129 -143.1875 -72.0 4.632621979414636 20
0001 0007 1711702939130 35.75 -65.0 1.7241944055834606 20
0001 0010 1711702939130 9.75 -62.5 0.22089323345553233 20
0001 0008 1711702939130 19.5 -56.0 1.1719613219446299 20
0001 0011 1711702939130 -65.0625 -69.5 4.865787059173254 20
0001 0009 1711702939131 146.4375 -72.5 3.9944859716542096 20
0001 0004 1711702939381 9.75 -74.5 0.8344855486097889 20
0001 0009 1711702939381 156.1875 -72.0 4.178563666200486 20
0001 0007 1711702939382 270.125 -70.0 1.705786636128833 20
0001 0008 1711702939382 34.9375 -57.5 2.2396119503130363 20
0001 0014 1711702939382 -136.6875 -70.5 5.387340527054372 20
0001 0011 1711702939382 -185.5 -71.0 5.00077736850719 20
0001 0010 1711702939383 -10.5625 -63.5 0.12885438618239387 20
0001 0004 1711702939383 -169.25 -72.5 4.71238898038469 20
0001 0007 1711702939383 139.9375 -71.5 1.8960002538266525 20
0001 0008 1711702939384 -7.3125 -58.0 3.436116964863836 20
0001 0010 1711702939384 68.3125 -65.0 6.252505691421874 20
0001 0014 1711702939384 87.875 -69.0 5.9518454569962875 20
0001 0005 1711702939385 6.5 -71.0 5.206330794083867 20
0001 0011 1711702939631 10.9375 -77.0 5.086680292628786 20
0001 0009 1711702939631 -10.375 -76.5 2.024854640009046 20
0001 0010 1711702939631 121.25 -68.5 0.16566992509164924 20
0001 0008 1711702939632 -7.3125 -57.0 4.424000592262189 20
0001 0005 1711702939632 -91.125 -66.5 4.970097752749477 20
0001 0014 1711702939632 152.9375 -68.0 0.0859029241215959 20
0001 0009 1711702939633 5.4375 -78.5 2.110757564130642 20
0001 0008 1711702939633 -34.9375 -57.5 5.080544369477243 20
0001 0014 1711702939633 120.4375 -66.0 0.3988350048502667 20
0001 0005 1711702939634 -58.5625 -65.0 5.129631754689584 20
0001 0010 1711702939634 -2.125 -75.5 5.307573526084319 20
0001 0004 1711702939880 4.0 -76.5 5.890486225480862 20
0001 0008 1711702939880 -21.125 -60.0 5.859806609723149 20
0001 0005 1711702939881 -22.75 -65.0 5.209398755659637 20
0001 0014 1711702939882 -35.75 -65.0 0.8528933180644165 20
0001 0004 1711702939882 69.9375 -75.0 5.862874571298921 20
0001 0005 1711702939883 19.5 -65.5 5.21553467881118 20
0001 0014 1711702939883 13.0 -64.5 1.030835089459151 20
0001 0008 1711702939883 -48.8125 -62.5 0.2454369260617026 20
0001 0004 1711702939884 143.1875 -74.5 2.564815877344792 20
0001 0000 1711702939884 19.5 -79.0 1.705786636128833 20
0001 0015 1711702940130 -1.25 -76.0 4.681709364626977 20
0001 0014 1711702940131 26.0 -65.0 1.0492428589137786 20
0001 0008 1711702940131 0.0 -64.0 0.5092816215780329 20
0001 0005 1711702940131 39.0 -65.0 5.338253141842031 20
0001 0004 1711702940132 289.6875 -71.5 1.902136176978195 20
0001 0000 1711702940132 24.375 -79.0 4.6448938257177215 20
0001 0015 1711702940132 -2.3125 -76.0 4.485359823777615 20
0001 0008 1711702940133 10.5625 -65.0 0.4724660826687775 20
0001 0014 1711702940133 97.625 -65.0 1.0492428589137786 20
0001 0005 1711702940133 -19.5 -65.5 5.5100589900852235 20
0001 0004 1711702940134 19.5 -73.5 2.429825568010856 20
0001 0000 1711702940134 -31.6875 -79.0 4.914874444385594 20
0001 0015 1711702940380 7.1875 -76.0 1.3560390164909069 20
0001 0005 1711702940381 29.25 -65.5 5.516194913236766 20
0001 0014 1711702940381 13.0 -65.5 1.0615147052168636 20
0001 0008 1711702940381 24.375 -65.0 0.3129320807286708 20
0001 0004 1711702940382 69.9375 -74.5 5.556078413721792 20
0001 0000 1711702940382 -4.25 -79.0 1.6751070203711202 20
0001 0015 1711702940382 1.4375 -77.0 1.41126232485479 20
0001 0005 1711702940383 6.5 -66.0 5.418020142812084 20
0001 0008 1711702940383 -24.375 -64.5 0.3620194659410113 20
0001 0014 1711702940383 26.0 -65.5 0.8651651643675016 20
0001 0004 1711702940384 32.5 -73.5 2.2764274892222915 20
0001 0000 1711702940384 1.1875 -79.0 1.5462526341887264 20
0001 0008 1711702940630 55.3125 -63.5 0.1227184630308513 20
0001 0014 1711702940631 -13.0 -65.5 0.9265243958829272 20
0001 0005 1711702940631 16.25 -65.5 5.47937937432751 20
0001 0004 1711702940631 -35.75 -73.0 2.890019804376548 20
0001 0000 1711702940632 -11.5625 -79.5 4.81056375080937 20
0001 0005 1711702940632 -6.5 -66.0 5.5100589900852235 20
0001 0008 1711702940632 -27.625 -63.5 6.2463697682703305 20
0001 0014 1711702940633 35.75 -65.0 1.1658253987930873 20
0001 0004 1711702940633 55.3125 -72.5 2.6016314162540475 20
0001 0014 1711702940881 45.5625 -65.0 1.1351457830353744 20
0001 0008 1711702940881 -13.8125 -63.0 6.1420590746941075 20
0001 0005 1711702940881 -32.5 -66.0 5.620505606812989 20
0001 0004 1711702940882 120.4375 -72.5 2.6568547246179306 20
0001 0005 1711702940882 65.0625 -65.5 5.43029198911517 20
0001 0014 1711702940882 32.5 -64.5 1.1903690913992575 20
0001 0008 1711702940883 -17.0625 -63.0 6.215690152512618 20
0001 0004 1711702940883 0.0 -72.5 2.9145634969827183 20
0001 0000 1711702940883 0.5625 -80.0 4.534447208989955 20
0001 0014 1711702941132 -16.25 -64.5 1.239456476611598 20
0001 0004 1711702941132 107.375 -73.0 2.724349879284899 20
0001 0008 1711702941133 -52.0625 -63.0 6.22182607566416 20
0001 0005 1711702941133 -13.0 -66.0 5.565282298449106 20
0001 0000 1711702941133 1.1875 -80.0 4.614214209960009 20
0001 0004 1711702941133 6.5 -71.0 3.08636934522591 20
0001 0014 1711702941134 -9.75 -64.0 1.239456476611598 20
0001 0005 1711702941134 9.75 -65.5 5.485515297479052 20
0001 0008 1711702941134 -13.0 -63.0 6.17273869045182 20
0001 0005 1711702941135 35.75 -65.5 5.411884219660542 20
0001 0014 1711702941135 3.25 -64.0 1.227184630308513 20
0001 0008 1711702941135 -26.0 -63.0 6.19728238305799 20
0001 0004 1711702941136 45.5625 -72.5 2.8102528034064944 20
0001 0005 1711702941380 -42.3125 -65.0 5.663457068873787 20
0001 0008 1711702941380 -38.1875 -63.0 6.215690152512618 20
0001 0014 1711702941380 -3.25 -65.0 1.2087768608538851 20
0001 0004 1711702941381 26.8125 -73.5 6.010136726935942 20
0001 0008 1711702941381 73.1875 -63.0 6.074563920027139 20
0001 0005 1711702941381 -58.5625 -66.0 5.546874528994478 20
0001 0014 1711702941382 55.3125 -64.5 1.1228739367322893 20
0001 0004 1711702941382 -58.5625 -72.5 3.0495538063166547 20
0001 0008 1711702941631 -13.8125 -63.0 6.1850105367549055 20
0001 0014 1711702941631 -3.25 -64.0 1.2517283229146832 20
0001 0005 1711702941631 -19.5 -65.5 5.491651220630596 20
0001 0004 1711702941632 -250.625 -72.0 3.368621810196868 20
0001 0000 1711702941632 46.375 -79.0 1.6137477888556946 20
0001 0005 1711702941632 -13.0 -65.5 5.442563835418255 20
0001 0014 1711702941633 -16.25 -65.0 1.2701360923693108 20
0001 0008 1711702941633 10.5625 -63.0 6.129787228391022 20
0001 0004 1711702941633 -29.25 -73.5 3.018874190558942 20
0001 0000 1711702941633 26.1875 -79.0 1.4971652489763858 20
