0001 0007 1711358037128 68.3125 -65.0 6.17273869045182 17
0001 0015 1711358037129 65.0625 -62.0 1.761009944492716 17
0001 0003 1711358037129 -182.25 -74.5 3.80427235395639 17
0001 0005 1711358037129 68.3125 -60.0 4.957825906446392 17
0001 0014 1711358037131 -13.0 -62.5 4.9394181369917645 17
0001 0004 1711358037131 -55.3125 -62.5 4.700117134081604 17
0001 0015 1711358037131 29.25 -62.0 1.8100973297050567 17
0001 0004 1711358037132 9.75 -63.0 4.583534594202296 17
0001 0005 1711358037132 -48.8125 -60.5 5.148039524144211 17
0001 0014 1711358037132 -71.5625 -62.5 5.062136600022616 17
0001 0007 1711358037133 45.5625 -64.5 6.160466844148735 17
0001 0003 1711358037133 27.625 -74.5 0.11351457830353745 17
0001 0007 1711358037379 -55.3125 -64.5 0.04295146206079795 17
0001 0015 1711358037379 -32.5 -61.5 1.88986433067511 17
0001 0014 1711358037379 9.75 -62.5 4.914874444385594 17
0001 0005 1711358037380 -9.75 -60.5 5.141903600992669 17
0001 0004 1711358037380 -35.75 -62.5 4.6448938257177215 17
0001 0003 1711358037380 41.5 -74.5 3.2735150013479584 17
0001 0015 1711358037380 -6.5 -61.5 1.859184714917397 17
0001 0014 1711358037381 -26.0 -63.0 4.92714629068868 17
0001 0005 1711358037381 -29.25 -60.0 5.209398755659637 17
0001 0004 1711358037381 9.75 -63.0 4.589670517353839 17
0001 0007 1711358037382 -58.5625 -65.0 6.227961998815704 17
0001 0003 1711358037382 227.8125 -74.0 3.1906800388021335 17
0001 0003 1711358037629 87.875 -73.5 3.2397674240144743 17
0001 0005 1711358037629 19.5 -60.5 5.129631754689584 17
0001 0004 1711358037629 6.5 -62.5 4.583534594202296 17
0001 0007 1711358037629 -45.5625 -65.0 6.17273869045182 17
0001 0014 1711358037630 0.0 -62.5 4.95168998329485 17
0001 0015 1711358037630 -35.75 -61.5 1.9266798695843652 17
0001 0007 1711358037630 -16.25 -65.5 6.1850105367549055 17
0001 0015 1711358037631 45.5625 -61.5 1.8346410223112268 17
0001 0014 1711358037631 0.0 -62.5 4.92714629068868 17
0001 0004 1711358037631 -16.25 -63.0 4.638757902566179 17
0001 0005 1711358037632 -19.5 -60.5 5.135767677841127 17
0001 0003 1711358037632 -68.3125 -73.5 3.6017868899554855 17
0001 0004 1711358037873 -32.5 -63.0 4.706253057233147 17
0001 0015 1711358037873 -9.75 -62.0 1.902136176978195 17
0001 0005 1711358037873 -26.0 -60.5 5.148039524144211 17
0001 0007 1711358037874 3.25 -64.5 6.050020227420969 17
0001 0014 1711358037874 -35.75 -63.0 5.049864753719531 17
0001 0003 1711358037874 58.5625 -73.5 3.2949907323783574 17
0001 0014 1711358037875 16.25 -63.0 4.92714629068868 17
0001 0015 1711358037875 -71.5625 -61.5 1.9757672547967058 17
0001 0005 1711358037875 13.0 -60.5 5.111223985234957 17
0001 0004 1711358037876 -13.0 -62.5 4.638757902566179 17
0001 0007 1711358037877 52.0625 -64.0 6.007068765360171 17
0001 0003 1711358037877 3.625 -76.5 0.07976700097005335 17
0001 0005 1711358037878 -6.5 -61.0 5.154175447295755 17
0001 0007 1711358037878 -3.25 -63.5 6.068427996875596 17
0001 0004 1711358037878 -3.25 -62.5 4.669437518323892 17
0001 0014 1711358037879 -32.5 -62.5 5.074408446325701 17
0001 0015 1711358037879 19.5 -62.0 1.846912868614312 17
0001 0003 1711358038129 9.125 -76.5 0.018407769454627694 17
0001 0014 1711358038129 -32.5 -63.0 5.105088062083414 17
0001 0015 1711358038130 45.5625 -62.0 1.8346410223112268 17
0001 0005 1711358038130 0.0 -60.5 5.111223985234957 17
0001 0007 1711358038130 -32.5 -65.0 6.025476534814799 17
0001 0004 1711358038130 19.5 -63.5 4.608078286808466 17
0001 0003 1711358038131 34.125 -76.0 3.138524692014022 17
0001 0004 1711358038131 -13.0 -63.0 4.6448938257177215 17
0001 0014 1711358038131 -29.25 -62.5 5.0682725231741586 17
0001 0005 1711358038132 19.5 -61.0 5.098952138931871 17
0001 0015 1711358038132 16.25 -61.5 1.8100973297050567 17
0001 0003 1711358038132 315.6875 -74.5 2.8777479580734626 17
0001 0007 1711358038133 19.5 -64.0 5.982525072754001 17
0001 0005 1711358038379 -3.25 -61.0 5.049864753719531 17
0001 0004 1711358038379 16.25 -62.5 4.565126824747668 17
0001 0015 1711358038380 -29.25 -62.0 1.8775924843720249 17
0001 0007 1711358038380 -52.0625 -64.0 6.105243535784852 17
0001 0014 1711358038380 -104.125 -63.0 5.209398755659637 17
0001 0003 1711358038380 -14.625 -76.5 0.14112623248547898 17
0001 0007 1711358038381 71.5625 -63.5 5.841398840268521 17
0001 0004 1711358038381 -13.0 -63.0 4.681709364626977 17
0001 0014 1711358038381 55.3125 -62.5 4.970097752749477 17
0001 0015 1711358038382 -6.5 -62.0 1.8837284075235674 17
0001 0003 1711358038382 -71.5625 -73.0 3.3318062712876126 17
0001 0005 1711358038382 -26.0 -61.0 5.148039524144211 17
0001 0005 1711358038628 -22.75 -61.0 5.190990986205009 17
0001 0015 1711358038628 39.0 -61.5 1.8285050991596843 17
0001 0004 1711358038629 -16.25 -62.5 4.681709364626977 17
0001 0014 1711358038629 -45.5625 -62.5 5.0682725231741586 17
0001 0007 1711358038629 -52.0625 -64.0 6.086835766330224 17
0001 0003 1711358038629 14.625 -75.5 0.09510680884890975 17
0001 0014 1711358038630 -3.25 -63.0 5.013049214810275 17
0001 0007 1711358038630 13.0 -64.5 5.9518454569962875 17
0001 0005 1711358038630 6.5 -61.0 5.123495831538041 17
0001 0015 1711358038631 32.5 -62.0 1.8039614065535141 17
0001 0004 1711358038631 42.3125 -62.0 4.608078286808466 17
0001 0003 1711358038631 -17.0625 -75.0 0.23623304133438874 17
0001 0005 1711358038879 3.25 -60.5 5.1725832167503825 17
0001 0015 1711358038879 48.8125 -61.5 1.8285050991596843 17
0001 0014 1711358038880 35.75 -62.5 5.006913291658733 17
0001 0004 1711358038880 3.25 -61.0 4.620350133111551 17
0001 0007 1711358038880 26.0 -64.5 6.178874613603362 17
0001 0003 1711358038880 -19.5 -72.0 3.497476196379262 17
0001 0003 1711358038881 42.3125 -73.5 3.06182565261974 17
0001 0015 1711358038881 -26.0 -61.0 1.8530487917658545 17
0001 0005 1711358038881 32.5 -61.0 5.190990986205009 17
0001 0008 1711358038882 13.8125 -61.0 2.82252464970958 17
0001 0014 1711358038882 -65.0625 -61.5 4.994641445355648 17
0001 0007 1711358038882 16.25 -67.5 0.380427235395639 17
0001 0004 1711358038883 -29.25 -59.0 4.657165672020807 17
0001 0000 1711358038883 10.5625 -75.0 5.175651178326153 17
0001 0008 1711358039138 81.375 -60.5 2.2089323345553233 17
0001 0005 1711358039139 -71.5625 -69.0 5.700272607783043 17
0001 0004 1711358039139 13.0 -61.0 4.491495746929157 17
0001 0015 1711358039139 42.3125 -60.5 1.6689710972195777 17
0001 0014 1711358039140 -52.0625 -60.5 4.6878452877785195 17
0001 0000 1711358039140 -71.5625 -71.5 5.50392306693368 17
0001 0007 1711358039140 -4.0625 -74.0 2.2457478734645786 17
0001 0009 1711358039141 -143.1875 -71.5 6.111379458936394 17
0001 0004 1711358039141 55.3125 -66.0 4.7307967498393175 17
0001 0014 1711358039141 -35.75 -62.5 4.522175362686871 17
0001 0005 1711358039141 22.75 -68.0 1.1044661672776617 17
0001 0015 1711358039142 45.5625 -60.5 1.5278448647340985 17
0001 0007 1711358039142 30.875 -71.5 2.2610876813434353 17
0001 0000 1711358039306 2.125 -77.0 5.540738605842936 17
0001 0008 1711358039306 -1.9375 -71.0 4.362641360746763 17
0001 0015 1711358039306 0.0 -61.0 1.4848934026733007 17
0001 0007 1711358039306 3.25 -64.0 5.405748296509 17
0001 0014 1711358039307 -13.0 -62.0 4.638757902566179 17
0001 0005 1711358039307 -52.0625 -64.5 0.23316507975861744 17
0001 0009 1711358039307 19.5 -68.5 6.092971689481767 17
0001 0008 1711358039308 21.125 -69.5 0.8283496254582462 17
0001 0000 1711358039308 30.0625 -74.5 2.2488158350403498 17
0001 0004 1711358039308 133.4375 -69.0 1.2578642460662257 17
0001 0014 1711358039309 -48.8125 -61.0 4.914874444385594 17
0001 0008 1711358039309 -94.375 -68.5 5.786175531904639 17
0001 0009 1711358039309 9.75 -67.5 6.166602767300278 17
0001 0005 1711358039309 16.25 -62.5 4.448544284868359 17
0001 0007 1711358039310 -52.0625 -60.0 5.178719139901925 17
0001 0015 1711358039311 -6.5 -60.0 1.4051264017032472 17
0001 0000 1711358039311 -192.0 -75.0 1.2087768608538851 17
0001 0011 1711358039311 -32.5 -72.0 4.0987966652304335 17
0001 0010 1711358039312 -156.1875 -72.5 2.9145634969827183 17
0001 0015 1711358039534 3.25 -60.5 1.4173982480063325 17
0001 0005 1711358039535 -6.5 -61.0 3.3011266555298997 17
0001 0011 1711358039535 -130.1875 -68.5 4.4362724385652745 17
0001 0009 1711358039535 -35.75 -64.5 0.4295146206079795 17
0001 0000 1711358039536 94.375 -72.0 0.20248546400090464 17
0001 0010 1711358039536 100.875 -69.5 3.2336315008629315 17
0001 0014 1711358039536 22.75 -61.0 4.632621979414636 17
0001 0008 1711358039537 73.1875 -70.5 4.25833066717054 17
0001 0007 1711358039537 -29.25 -60.5 5.166447293598839 17
0001 0004 1711358039537 -0.5625 -71.5 0.07363107781851078 17
0001 0014 1711358039538 -68.3125 -61.0 4.6878452877785195 17
0001 0007 1711358039538 -39.0 -60.0 5.178719139901925 17
0001 0011 1711358039538 -22.75 -65.5 4.356505437595221 17
0001 0015 1711358039539 -29.25 -60.5 1.4480778637640452 17
0001 0009 1711358039539 -68.3125 -66.5 0.5092816215780329 17
0001 0004 1711358039539 -26.0 -68.0 5.497787143782138 17
0001 0005 1711358039540 0.0 -58.5 2.356194490192345 17
0001 0010 1711358039540 -26.0 -67.0 3.3747577333484107 17
0001 0008 1711358039540 7.3125 -70.0 3.472932503773092 17
0001 0000 1711358039540 74.8125 -73.5 5.117359908386499 17
0001 0001 1711358039628 -0.5625 -74.5 1.5401167110371838 17
0001 0008 1711358039763 -180.625 -70.0 3.2090878082567613 17
0001 0000 1711358039763 -182.25 -73.0 4.97623367590102 17
0001 0007 1711358039764 -39.0 -59.5 5.098952138931871 17
0001 0005 1711358039764 9.75 -56.5 1.7671458676442586 17
0001 0004 1711358039764 -52.0625 -63.5 4.859651136021712 17
0001 0014 1711358039764 6.5 -61.0 4.632621979414636 17
0001 0015 1711358039765 -9.75 -60.5 1.423534171157875 17
0001 0011 1711358039765 16.25 -65.0 4.25833066717054 17
0001 0010 1711358039765 16.25 -67.0 3.160000423044421 17
0001 0001 1711358039766 61.8125 -68.0 0.46019423636569234 17
0001 0009 1711358039766 9.75 -68.5 0.1902136176978195 17
0001 0015 1711358039766 3.25 -60.5 1.4051264017032472 17
0001 0005 1711358039767 3.25 -56.5 1.423534171157875 17
0001 0014 1711358039767 -52.0625 -61.5 4.7307967498393175 17
0001 0011 1711358039768 45.5625 -64.0 4.23378697456437 17
0001 0004 1711358039768 -26.0 -61.0 4.411728745959104 17
0001 0007 1711358039768 -45.5625 -59.0 4.957825906446392 17
0001 0009 1711358039769 13.0 -68.5 0.11044661672776616 17
0001 0001 1711358039769 -9.75 -68.5 5.927301764390117 17
0001 0008 1711358039770 65.0625 -69.0 2.521864415283994 17
0001 0010 1711358039770 29.25 -66.5 3.000466421104314 17
0001 0000 1711358039868 -2.4375 -73.5 1.2210487071569704 17
0001 0014 1711358039994 32.5 -61.0 4.577398671050753 17
0001 0005 1711358039994 13.0 -56.0 1.1903690913992575 17
0001 0015 1711358039995 3.25 -60.5 1.423534171157875 17
0001 0007 1711358039995 3.25 -59.5 4.651029748869264 17
0001 0010 1711358039995 -61.8125 -67.5 3.117048960983623 17
0001 0001 1711358039996 -81.375 -69.5 5.166447293598839 17
0001 0004 1711358039996 -19.5 -60.5 4.196971435655114 17
0001 0011 1711358039996 -3.25 -64.0 4.25833066717054 17
0001 0009 1711358039997 -35.75 -68.0 0.25157284921324513 17
0001 0008 1711358039997 -79.75 -70.0 2.736621725587984 17
0001 0000 1711358039997 -39.0 -72.5 4.0987966652304335 17
0001 0015 1711358039997 3.25 -60.5 1.423534171157875 17
0001 0009 1711358039998 -91.125 -68.5 0.3129320807286708 17
0001 0014 1711358039999 3.25 -61.0 4.577398671050753 17
0001 0005 1711358039999 3.25 -56.0 1.1044661672776617 17
0001 0011 1711358039999 6.5 -64.0 4.215379205109742 17
0001 0007 1711358039999 -16.25 -59.0 4.485359823777615 17
0001 0004 1711358040000 -9.75 -60.0 4.074252972624263 17
0001 0010 1711358040000 -32.5 -67.0 3.000466421104314 17
0001 0008 1711358040000 55.3125 -69.5 2.411417798556228 17
0001 0001 1711358040001 -152.9375 -70.0 4.957825906446392 17
0001 0000 1711358040001 48.8125 -73.5 4.1601558967458585 17
0001 0009 1711358040139 -136.6875 -69.0 0.2638446955163303 17
0001 0007 1711358040139 -26.0 -59.0 4.387185053352934 17
0001 0004 1711358040139 -45.5625 -60.5 4.0987966652304335 17
0001 0010 1711358040139 13.8125 -67.0 2.9575149590435164 17
0001 0015 1711358040140 16.25 -60.5 1.3867186322486196 17
0001 0011 1711358040140 -16.25 -64.5 4.25833066717054 17
0001 0008 1711358040140 -62.625 -70.0 2.478912953223196 17
0001 0014 1711358040141 13.0 -61.0 4.595806440505381 17
0001 0005 1711358040141 -19.5 -56.0 1.086058397823034 17
0001 0001 1711358040141 94.375 -71.5 4.546719055293041 17
0001 0000 1711358040142 208.3125 -73.0 3.9269908169872414 17
0001 0009 1711358040334 26.0 -68.5 0.11044661672776616 17
0001 0004 1711358040334 -13.0 -60.0 3.9822141253511245 17
0001 0010 1711358040334 81.375 -67.0 2.662990647769473 17
0001 0005 1711358040334 9.75 -56.0 1.0492428589137786 17
0001 0011 1711358040334 -35.75 -64.5 4.276738436625168 17
0001 0015 1711358040334 9.75 -60.5 1.41126232485479 17
0001 0008 1711358040335 -159.5 -69.0 2.650718801466388 17
0001 0014 1711358040336 3.25 -61.0 4.595806440505381 17
0001 0007 1711358040336 -22.75 -59.0 4.405592822807561 17
0001 0001 1711358040336 107.375 -70.5 4.601942363656923 17
0001 0000 1711358040336 16.25 -73.0 4.1172044346850605 17
0001 0015 1711358040337 22.75 -60.5 1.3989904785517047 17
0001 0011 1711358040338 3.25 -64.5 4.2031073588066565 17
0001 0009 1711358040338 -152.9375 -68.5 0.30066023442558565 17
0001 0005 1711358040338 -22.75 -56.5 1.0983302441261191 17
0001 0014 1711358040339 -19.5 -61.5 4.589670517353839 17
0001 0004 1711358040339 0.0 -60.5 3.9515345095934116 17
0001 0007 1711358040339 -35.75 -59.5 4.362641360746763 17
0001 0010 1711358040340 -74.8125 -67.5 2.9391071895888885 17
0001 0008 1711358040340 149.6875 -69.0 2.1537090261914402 17
0001 0001 1711358040340 -45.5625 -71.0 4.871922982324796 17
0001 0000 1711358040340 29.25 -72.5 3.9638063558964967 17
0001 0009 1711358040560 -16.25 -68.5 0.12885438618239387 17
0001 0014 1711358040560 16.25 -61.0 4.546719055293041 17
0001 0005 1711358040561 9.75 -56.0 1.0737865515199487 17
0001 0011 1711358040561 6.5 -64.5 4.1601558967458585 17
0001 0000 1711358040561 -84.625 -73.0 4.074252972624263 17
0001 0010 1711358040562 9.75 -67.0 2.8102528034064944 17
0001 0007 1711358040562 6.5 -59.0 4.325825821837508 17
0001 0008 1711358040562 -24.375 -69.0 2.356194490192345 17
0001 0004 1711358040562 -9.75 -60.0 3.9515345095934116 17
0001 0001 1711358040563 -172.5 -71.0 5.0682725231741586 17
0001 0015 1711358040563 9.75 -60.5 1.3989904785517047 17
0001 0005 1711358040563 -13.0 -56.0 1.1106020904292042 17
0001 0001 1711358040564 139.9375 -70.5 4.865787059173254 17
0001 0009 1711358040564 42.3125 -67.5 0.04908738521234052 17
0001 0010 1711358040564 16.25 -67.0 2.7857091108003242 17
0001 0014 1711358040565 -3.25 -61.0 4.589670517353839 17
0001 0015 1711358040565 6.5 -60.5 1.4051264017032472 17
0001 0007 1711358040565 3.25 -59.0 4.3503695144436785 17
0001 0004 1711358040565 -42.3125 -59.5 4.0128937411088375 17
0001 0011 1711358040566 13.0 -64.0 4.1601558967458585 17
0001 0000 1711358040566 104.125 -72.5 3.773592738198677 17
0001 0008 1711358040566 -55.3125 -69.5 2.4175537217077703 17
0001 0001 1711358040794 16.25 -71.0 4.896466674930966 17
0001 0004 1711358040794 -26.0 -60.0 3.9944859716542096 17
0001 0005 1711358040795 -3.25 -56.0 1.0737865515199487 17
0001 0014 1711358040795 29.25 -61.0 4.528311285838413 17
0001 0015 1711358040795 -19.5 -60.5 1.4358060174609601 17
0001 0011 1711358040796 16.25 -64.5 4.190835512503572 17
0001 0007 1711358040796 -26.0 -59.0 4.399456899656019 17
0001 0010 1711358040796 97.625 -67.5 2.6691265709210157 17
0001 0009 1711358040797 35.75 -68.0 0.1349903093339364 17
0001 0008 1711358040797 -41.5 -68.0 2.1353012567368124 17
0001 0000 1711358040797 -117.125 -72.5 4.239922897715912 17
0001 0014 1711358040798 -13.0 -61.0 4.571262747899211 17
0001 0005 1711358040798 13.0 -56.0 1.0369710126106935 17
0001 0015 1711358040798 19.5 -60.5 1.380582709097077 17
0001 0009 1711358040798 39.0 -68.5 0.4172427743048944 17
0001 0007 1711358040799 -29.25 -59.0 4.546719055293041 17
0001 0011 1711358040799 -74.8125 -65.0 4.374913207049849 17
0001 0010 1711358040799 3.25 -66.0 2.8838838812250054 17
0001 0000 1711358040800 -107.375 -72.0 4.166291819897402 17
0001 0004 1711358040800 -32.5 -60.0 4.04357335686655 17
0001 0008 1711358040800 177.375 -69.0 1.662835174068035 17
0001 0001 1711358040800 35.75 -72.0 4.890330751779424 17
0001 0007 1711358041021 3.25 -59.0 4.485359823777615 17
0001 0010 1711358041021 -52.0625 -67.5 3.0127382674073995 17
0001 0001 1711358041021 94.375 -71.5 4.970097752749477 17
0001 0014 1711358041022 -32.5 -60.5 4.6448938257177215 17
0001 0011 1711358041022 -61.8125 -65.0 4.325825821837508 17
0001 0015 1711358041022 26.0 -60.5 1.4051264017032472 17
0001 0005 1711358041023 16.25 -56.0 1.0246991663076084 17
0001 0009 1711358041023 -26.0 -68.0 0.5092816215780329 17
0001 0004 1711358041023 16.25 -60.0 3.9760782021995817 17
0001 0008 1711358041024 -38.1875 -68.5 1.9266798695843652 17
0001 0000 1711358041024 -159.5 -74.5 4.166291819897402 17
0001 0001 1711358041024 -81.375 -70.5 5.227806525114265 17
0001 0015 1711358041024 52.0625 -60.5 1.3314953238847365 17
0001 0010 1711358041025 3.25 -67.5 2.9820586516496865 17
0001 0011 1711358041025 6.5 -64.5 4.2092432819582 17
0001 0007 1711358041025 -16.25 -59.5 4.546719055293041 17
0001 0014 1711358041026 22.75 -61.5 4.516039439535327 17
0001 0008 1711358041026 128.5625 -68.5 1.8039614065535141 17
0001 0009 1711358041026 -126.9375 -67.5 0.6442719309119693 17
0001 0005 1711358041027 22.75 -56.0 1.0185632431560658 17
0001 0004 1711358041027 -19.5 -60.0 4.074252972624263 17
0001 0000 1711358041027 87.875 -71.5 3.792000507653305 17
0001 0007 1711358041246 29.25 -59.0 4.454680208019902 17
0001 0008 1711358041247 76.4375 -69.0 1.9082721001297376 17
0001 0004 1711358041247 -35.75 -60.5 4.0987966652304335 17
0001 0011 1711358041247 -26.0 -64.5 4.276738436625168 17
0001 0005 1711358041248 13.0 -56.0 1.0737865515199487 17
0001 0010 1711358041248 58.5625 -68.0 2.7120780329818137 17
0001 0015 1711358041248 6.5 -60.5 1.423534171157875 17
0001 0001 1711358041249 97.625 -70.0 4.95168998329485 17
0001 0009 1711358041249 35.75 -67.5 0.46019423636569234 17
0001 0014 1711358041249 -6.5 -61.0 4.608078286808466 17
0001 0000 1711358041249 81.375 -72.5 4.01902966426038 17
0001 0005 1711358041250 -9.75 -56.0 1.1044661672776617 17
0001 0014 1711358041250 22.75 -61.0 4.558990901596125 17
0001 0015 1711358041250 48.8125 -60.5 1.3560390164909069 17
0001 0007 1711358041251 -6.5 -59.5 4.503767593232243 17
0001 0008 1711358041251 -48.8125 -68.0 2.061670178918302 17
0001 0004 1711358041251 -29.25 -60.0 4.0558452031696355 17
0001 0011 1711358041252 -84.625 -65.0 4.3074180523828804 17
0001 0001 1711358041252 -32.5 -70.0 5.111223985234957 17
0001 0009 1711358041252 143.1875 -67.5 0.2761165418194154 17
0001 0000 1711358041252 26.0 -74.5 3.9944859716542096 17
0001 0010 1711358041253 -26.0 -67.0 2.8838838812250054 17
0001 0010 1711358041379 6.5 -68.0 2.84706834231575 17
0001 0005 1711358041379 9.75 -56.5 1.086058397823034 17
0001 0001 1711358041379 -65.0625 -70.0 5.203262832508095 17
0001 0007 1711358041380 13.0 -59.0 4.516039439535327 17
0001 0014 1711358041380 0.0 -61.0 4.571262747899211 17
0001 0011 1711358041380 16.25 -65.0 4.135612204139688 17
0001 0015 1711358041381 29.25 -60.5 1.380582709097077 17
0001 0004 1711358041381 -22.75 -60.5 4.0558452031696355 17
0001 0009 1711358041381 -29.25 -68.5 0.4172427743048944 17
0001 0008 1711358041382 61.8125 -69.0 1.8407769454627694 17
0001 0000 1711358041382 -68.3125 -73.0 4.276738436625168 17
0001 0011 1711358041593 -19.5 -64.5 4.2031073588066565 17
0001 0007 1711358041594 3.25 -59.5 4.491495746929157 17
0001 0005 1711358041594 6.5 -56.5 1.0983302441261191 17
0001 0008 1711358041594 34.9375 -68.0 1.9389517158874505 17
0001 0009 1711358041594 13.0 -68.0 0.3313398501832985 17
0001 0015 1711358041595 -3.25 -60.5 1.4480778637640452 17
0001 0014 1711358041595 -26.0 -61.5 4.614214209960009 17
0001 0001 1711358041595 -166.0 -71.0 5.448699758569798 17
0001 0004 1711358041595 -3.25 -60.0 4.01902966426038 17
0001 0010 1711358041596 -19.5 -67.5 2.9513790358919736 17
0001 0000 1711358041596 -179.0 -72.0 4.190835512503572 17
0001 0008 1711358041596 -73.1875 -68.0 2.067806102069844 17
0001 0009 1711358041597 -52.0625 -69.0 0.48473792897186263 17
0001 0011 1711358041597 0.0 -65.5 4.184699589352029 17
0001 0001 1711358041598 136.6875 -70.0 4.871922982324796 17
0001 0015 1711358041598 -3.25 -60.5 1.4296700943094176 17
0001 0004 1711358041598 -13.0 -60.5 4.031301510563465 17
0001 0007 1711358041599 0.0 -59.0 4.503767593232243 17
0001 0014 1711358041599 -42.3125 -61.0 4.651029748869264 17
0001 0005 1711358041599 22.75 -56.0 1.055378782065321 17
0001 0010 1711358041599 -52.0625 -67.5 2.8409324191642074 17
0001 0000 1711358041600 -179.0 -72.5 4.424000592262189 17
0001 0005 1711358041820 13.0 -56.0 1.0983302441261191 17
0001 0001 1711358041820 -97.625 -70.5 5.043728830567988 17
0001 0014 1711358041820 -19.5 -61.5 4.583534594202296 17
0001 0004 1711358041820 -19.5 -60.0 4.06811704947272 17
0001 0007 1711358041821 -9.75 -59.0 4.534447208989955 17
0001 0015 1711358041821 -6.5 -60.5 1.4480778637640452 17
0001 0008 1711358041821 76.4375 -68.5 1.932815792735908 17
0001 0009 1711358041822 68.3125 -68.5 0.4049709280018093 17
0001 0011 1711358041822 -42.3125 -65.0 4.246058820867455 17
0001 0010 1711358041822 -120.4375 -67.5 2.8102528034064944 17
0001 0000 1711358041822 -78.0625 -72.0 4.338097668140593 17
0001 0007 1711358041823 -22.75 -59.0 4.534447208989955 17
0001 0010 1711358041823 -35.75 -67.5 2.767301341345697 17
0001 0001 1711358041824 52.0625 -69.5 5.049864753719531 17
0001 0014 1711358041824 -16.25 -61.0 4.614214209960009 17
0001 0009 1711358041825 -35.75 -68.5 0.47860200582032003 17
0001 0004 1711358041825 -16.25 -60.0 4.061981126321178 17
0001 0011 1711358041825 45.5625 -65.0 4.074252972624263 17
0001 0008 1711358041825 -24.375 -68.0 2.055534255766759 17
0001 0005 1711358041826 16.25 -56.0 1.055378782065321 17
0001 0015 1711358041826 29.25 -60.5 1.3928545554001621 17
0001 0000 1711358041826 -74.8125 -73.5 4.319689898685965 17
