0001 0008 1711358665777 -3.25 -67.0 4.577398671050753 17
0001 0005 1711358665777 -26.0 -59.5 6.043884304269426 17
0001 0004 1711358665778 13.0 -58.5 1.1719613219446299 17
0001 0015 1711358665778 58.5625 -65.5 2.761165418194154 17
0001 0014 1711358665779 -6.5 -61.0 6.160466844148735 17
0001 0007 1711358665779 3.625 -73.0 0.20248546400090464 17
0001 0000 1711358665779 -17.6875 -77.0 5.939573610693203 17
0001 0004 1711358665780 9.75 -58.5 1.1290098598838318 17
0001 0014 1711358665781 42.3125 -61.5 6.056156150572511 17
0001 0008 1711358665781 -45.5625 -67.5 4.76147636559703 17
0001 0015 1711358665782 29.25 -65.5 2.859340188618835 17
0001 0003 1711358665782 19.5 -72.0 4.902602598082509 17
0001 0005 1711358665783 -22.75 -60.0 6.129787228391022 17
0001 0007 1711358665783 7.3125 -72.5 0.19634954084936207 17
0001 0000 1711358665783 1.8125 -77.5 2.423689644859313 17
0001 0007 1711358665783 -35.75 -71.0 0.2454369260617026 17
0001 0015 1711358665784 13.0 -66.0 2.9268353432858034 17
0001 0014 1711358665784 -16.25 -61.5 6.17273869045182 17
0001 0003 1711358665784 126.9375 -72.5 4.767612288748572 17
0001 0004 1711358665785 -3.25 -59.0 1.1290098598838318 17
0001 0005 1711358665785 -26.0 -60.0 6.129787228391022 17
0001 0008 1711358665785 52.0625 -68.0 4.534447208989955 17
0001 0000 1711358666024 -15.25 -77.5 5.816855147662351 17
0001 0004 1711358666024 22.75 -58.5 1.0737865515199487 17
0001 0003 1711358666024 -123.6875 -71.0 5.2339424482658075 17
0001 0007 1711358666024 6.5 -71.5 0.37429131224409645 17
0001 0015 1711358666025 -61.8125 -65.5 3.031146036862027 17
0001 0008 1711358666025 120.4375 -67.5 4.387185053352934 17
0001 0005 1711358666025 29.25 -60.0 6.092971689481767 17
0001 0014 1711358666026 65.0625 -61.5 6.025476534814799 17
0001 0000 1711358666026 18.25 -77.5 2.552544031041707 17
0001 0008 1711358666180 3.25 -68.0 4.552854978444583 17
0001 0003 1711358666181 149.6875 -73.5 4.847379289718626 17
0001 0005 1711358666181 -13.0 -60.0 6.19728238305799 17
0001 0004 1711358666181 22.75 -59.0 1.0615147052168636 17
0001 0015 1711358666182 32.5 -65.5 2.8532042654672924 17
0001 0014 1711358666182 42.3125 -62.0 6.013204688511713 17
0001 0007 1711358666182 -35.75 -71.0 0.4295146206079795 17
0001 0000 1711358666183 18.875 -77.5 5.675728915176872 17
0001 0015 1711358666183 13.0 -65.5 2.9022916506796332 17
0001 0004 1711358666183 0.0 -59.0 1.0492428589137786 17
0001 0005 1711358666183 52.0625 -60.0 6.129787228391022 17
0001 0014 1711358666184 32.5 -61.5 6.000932842208628 17
0001 0003 1711358666184 -78.0625 -73.5 5.123495831538041 17
0001 0008 1711358666185 -21.125 -68.0 4.546719055293041 17
0001 0007 1711358666185 -110.625 -70.5 0.44178646691106466 17
0001 0000 1711358666185 -1.1875 -77.5 5.595961914206819 17
0001 0003 1711358666275 -224.5625 -72.0 5.418020142812084 17
0001 0008 1711358666275 -87.0625 -68.5 4.681709364626977 17
0001 0005 1711358666276 3.25 -60.0 6.160466844148735 17
0001 0014 1711358666276 -32.5 -61.0 6.129787228391022 17
0001 0015 1711358666276 -6.5 -66.0 2.8409324191642074 17
0001 0004 1711358666277 -3.25 -59.0 0.9817477042468103 17
0001 0007 1711358666277 13.0 -70.5 0.3988350048502667 17
0001 0000 1711358666516 -6.6875 -77.5 5.64504929941916 17
0001 0015 1711358666517 -32.5 -65.5 2.9697868053466014 17
0001 0005 1711358666517 6.5 -59.5 6.111379458936394 17
0001 0014 1711358666517 42.3125 -61.0 6.007068765360171 17
0001 0008 1711358666517 0.0 -68.5 4.479223900626073 17
0001 0007 1711358666518 -126.9375 -70.0 0.5645049299419159 17
0001 0004 1711358666518 16.25 -58.5 0.9756117810952678 17
0001 0003 1711358666518 143.1875 -73.0 4.822835597112456 17
0001 0000 1711358666519 -18.875 -77.5 2.448233337465483 17
0001 0003 1711358666519 26.0 -71.5 5.00077736850719 17
0001 0015 1711358666519 32.5 -65.5 2.890019804376548 17
0001 0007 1711358666520 -166.0 -71.0 0.44178646691106466 17
0001 0004 1711358666521 -22.75 -58.5 1.043106935762236 17
0001 0005 1711358666521 16.25 -60.0 6.050020227420969 17
0001 0008 1711358666521 -142.375 -69.0 4.651029748869264 17
0001 0014 1711358666521 -19.5 -61.0 6.117515382087937 17
0001 0000 1711358666737 -6.6875 -77.5 5.681864838328415 17
0001 0004 1711358666737 -13.0 -58.5 1.0062913968529805 17
0001 0007 1711358666738 -71.5625 -71.0 0.4663301595172349 17
0001 0005 1711358666738 -32.5 -59.5 6.12365130523948 17
0001 0014 1711358666738 -13.0 -61.5 6.135923151542564 17
0001 0008 1711358666739 -24.375 -68.5 4.485359823777615 17
0001 0015 1711358666739 -16.25 -65.5 2.9268353432858034 17
0001 0003 1711358666739 -55.3125 -71.5 5.123495831538041 17
0001 0000 1711358666739 12.1875 -77.5 5.516194913236766 17
0001 0014 1711358666740 -22.75 -61.5 6.14819499784565 17
0001 0004 1711358666740 -26.0 -58.5 1.0369710126106935 17
0001 0015 1711358666740 -74.8125 -65.0 2.9636508821950587 17
0001 0007 1711358666741 -6.5 -70.5 0.30679615757712825 17
0001 0003 1711358666741 -126.9375 -73.0 5.264622064023521 17
0001 0008 1711358666741 35.75 -69.0 4.424000592262189 17
0001 0005 1711358666742 -3.25 -60.0 6.086835766330224 17
0001 0000 1711358666772 -15.25 -78.0 5.589825991055276 17
0001 0005 1711358666991 16.25 -59.5 6.031612457966341 17
0001 0007 1711358666991 97.625 -70.0 0.1902136176978195 17
0001 0015 1711358666991 35.75 -65.5 2.8716120349219203 17
0001 0014 1711358666991 -9.75 -61.5 6.1420590746941075 17
0001 0004 1711358666992 -9.75 -58.5 1.012427320004523 17
0001 0008 1711358666992 -59.375 -69.5 4.583534594202296 17
0001 0003 1711358666992 -3.25 -72.0 4.878058905476339 17
0001 0000 1711358666993 -3.0 -78.0 5.620505606812989 17
0001 0003 1711358666993 -19.5 -73.5 4.663301595172349 17
0001 0005 1711358666993 -29.25 -59.5 6.080699843178682 17
0001 0014 1711358666994 -13.0 -61.5 6.111379458936394 17
0001 0008 1711358666994 10.5625 -68.0 4.528311285838413 17
0001 0015 1711358666995 91.125 -65.5 2.773437264497239 17
0001 0007 1711358666995 -117.125 -71.0 0.4479223900626072 17
0001 0004 1711358666995 6.5 -58.5 0.9756117810952678 17
0001 0000 1711358666996 16.4375 -77.5 5.344389064993574 17
0001 0004 1711358667204 -16.25 -58.5 1.0185632431560658 17
0001 0015 1711358667205 94.375 -65.5 2.724349879284899 17
0001 0014 1711358667205 -3.25 -61.0 6.074563920027139 17
0001 0005 1711358667205 3.25 -59.5 6.050020227420969 17
0001 0003 1711358667205 -250.625 -72.0 5.209398755659637 17
0001 0008 1711358667206 -117.9375 -68.5 4.73693267299086 17
0001 0000 1711358667206 227.8125 -76.0 5.546874528994478 17
0001 0007 1711358667206 -0.8125 -71.5 3.334874232863384 17
0001 0003 1711358667207 97.625 -72.5 4.73693267299086 17
0001 0005 1711358667207 -58.5625 -59.5 6.129787228391022 17
0001 0004 1711358667207 13.0 -58.5 0.9817477042468103 17
0001 0008 1711358667208 90.3125 -69.5 4.338097668140593 17
0001 0015 1711358667208 0.0 -65.5 2.9022916506796332 17
0001 0014 1711358667208 13.0 -61.5 6.074563920027139 17
0001 0000 1711358667209 -192.0 -75.5 5.565282298449106 17
0001 0007 1711358667209 32.5 -71.5 3.347146079166469 17
0001 0008 1711358667478 -100.875 -68.5 4.626486056263094 17
0001 0007 1711358667478 3.25 -71.0 0.2638446955163303 17
0001 0004 1711358667478 0.0 -58.5 0.9940195505498954 17
0001 0014 1711358667478 35.75 -61.5 6.062292073724054 17
0001 0015 1711358667479 58.5625 -66.0 2.8286605728611223 17
0001 0005 1711358667479 -35.75 -59.5 6.111379458936394 17
0001 0003 1711358667479 -227.8125 -72.0 5.190990986205009 17
0001 0000 1711358667480 31.125 -77.5 5.399612373357457 17
0001 0008 1711358667480 -121.25 -67.0 4.81056375080937 17
0001 0005 1711358667480 6.5 -60.0 6.080699843178682 17
0001 0014 1711358667481 45.5625 -61.0 6.043884304269426 17
0001 0015 1711358667481 -87.875 -64.5 3.104777114680538 17
0001 0004 1711358667481 16.25 -59.0 1.0246991663076084 17
0001 0003 1711358667482 -48.8125 -73.5 4.9394181369917645 17
0001 0007 1711358667482 -152.9375 -71.5 0.619728238305799 17
0001 0000 1711358667482 -3.0 -77.0 2.9145634969827183 17
0001 0015 1711358667698 74.8125 -65.5 2.84706834231575 17
0001 0014 1711358667699 9.75 -60.5 6.129787228391022 17
0001 0005 1711358667699 -26.0 -63.0 0.09817477042468103 17
0001 0004 1711358667699 9.75 -60.5 1.0676506283684062 17
0001 0008 1711358667700 17.0625 -63.0 4.663301595172349 17
0001 0000 1711358667700 -23.5625 -74.0 0.6350680461846554 17
0001 0003 1711358667700 9.125 -78.0 5.338253141842031 17
0001 0007 1711358667700 -14.0 -73.0 1.5401167110371838 17
0001 0002 1711358667701 -9.125 -80.0 5.166447293598839 17
0001 0004 1711358667701 -39.0 -67.5 1.4603497100671303 17
0001 0014 1711358667701 0.0 -59.5 6.14819499784565 17
0001 0000 1711358667702 -179.0 -72.5 1.902136176978195 17
0001 0005 1711358667702 0.0 -69.0 1.9144080232812801 17
0001 0008 1711358667702 62.625 -65.5 4.859651136021712 17
0001 0015 1711358667703 13.0 -64.5 3.055689729468197 17
0001 0007 1711358667703 175.75 -68.0 2.2580197197676637 17
0001 0002 1711358667792 -25.3125 -78.5 1.1474176293384597 17
0001 0003 1711358667792 -7.0 -79.5 0.0 17
0001 0005 1711358668029 35.75 -60.5 2.5586799541932495 17
0001 0007 1711358668030 39.0 -62.5 3.2029518851052186 17
0001 0014 1711358668030 -58.5625 -59.5 5.976389149602458 17
0001 0015 1711358668030 -26.0 -62.5 2.9391071895888885 17
0001 0008 1711358668030 4.0625 -73.0 0.4356505437595221 17
0001 0014 1711358668031 -22.75 -59.5 5.9088939949354895 17
0001 0005 1711358668031 29.25 -59.5 1.5033011721279284 17
0001 0007 1711358668031 29.25 -61.0 3.147728576741336 17
0001 0008 1711358668032 74.8125 -68.0 3.2090878082567613 17
0001 0015 1711358668032 13.0 -62.5 2.779573187648782 17
0001 0009 1711358668032 3.625 -74.0 4.890330751779424 17
0001 0011 1711358668033 -12.5 -79.5 1.761009944492716 17
0001 0010 1711358668185 -2.25 -76.0 4.4976316700806995 17
0001 0010 1711358668185 -91.125 -74.0 1.3928545554001621 17
0001 0011 1711358668185 -26.0 -73.0 1.7548740213411735 17
0001 0015 1711358668186 19.5 -62.5 2.552544031041707 17
0001 0005 1711358668186 42.3125 -58.0 5.822991070813893 17
0001 0014 1711358668186 3.25 -60.0 5.994796919057086 17
0001 0007 1711358668187 22.75 -60.0 2.82252464970958 17
0001 0009 1711358668187 -107.375 -66.0 5.129631754689584 17
0001 0008 1711358668187 -121.25 -66.5 2.478912953223196 17
0001 0000 1711358668187 -25.625 -78.0 1.6689710972195777 17
0001 0001 1711358668188 -0.5625 -77.5 5.792311455056181 17
0001 0015 1711358668188 3.25 -63.5 2.5893595699509624 17
0001 0008 1711358668189 -41.5 -67.0 1.1044661672776617 17
0001 0007 1711358668189 -29.25 -59.0 2.773437264497239 17
0001 0011 1711358668190 52.0625 -68.5 1.2701360923693108 17
0001 0005 1711358668190 -22.75 -57.0 4.755340442445488 17
0001 0001 1711358668190 -113.875 -70.0 1.7855536370988863 17
0001 0009 1711358668190 -94.375 -62.5 5.062136600022616 17
0001 0010 1711358668191 26.0 -68.5 1.3560390164909069 17
0001 0014 1711358668191 -19.5 -58.5 6.050020227420969 17
0001 0000 1711358668479 10.375 -79.5 5.301437602932776 17
0001 0014 1711358668479 -6.5 -58.0 5.896622148632405 17
0001 0005 1711358668479 3.25 -56.5 3.663146121470911 17
0001 0007 1711358668479 19.5 -58.5 2.6445828783148455 17
0001 0010 1711358668480 -32.5 -66.5 0.9081166264282996 17
0001 0008 1711358668480 -145.625 -67.5 0.03681553890925539 17
0001 0015 1711358668480 -9.75 -63.5 2.6016314162540475 17
0001 0009 1711358668481 6.5 -63.5 4.681709364626977 17
0001 0004 1711358668481 26.0 -64.5 1.5462526341887264 17
0001 0011 1711358668481 0.0 -66.0 1.2333205534600555 17
0001 0000 1711358668482 6.6875 -77.5 4.841243366567084 17
0001 0006 1711358668483 -1.75 -75.5 1.7978254834019713 17
0001 0004 1711358668483 26.0 -62.0 1.4051264017032472 17
0001 0005 1711358668483 68.3125 -57.0 3.0066023442558567 17
0001 0008 1711358668484 114.6875 -69.0 5.418020142812084 17
0001 0011 1711358668484 -61.8125 -65.5 1.282407938672396 17
0001 0001 1711358668484 84.625 -68.0 3.3195344249845276 17
0001 0015 1711358668485 45.5625 -63.5 2.497320722677824 17
0001 0014 1711358668485 -19.5 -58.0 5.859806609723149 17
0001 0007 1711358668485 0.0 -60.0 2.2027964114037806 17
0001 0009 1711358668486 19.5 -63.0 4.405592822807561 17
0001 0010 1711358668486 -68.3125 -67.5 0.9265243958829272 17
0001 0000 1711358668522 -8.5 -77.5 4.577398671050753 17
0001 0005 1711358668709 -9.75 -56.5 2.8409324191642074 17
0001 0015 1711358668710 32.5 -63.5 2.509592568980909 17
0001 0008 1711358668710 -130.1875 -69.5 5.700272607783043 17
0001 0011 1711358668710 -6.5 -65.0 1.1290098598838318 17
0001 0009 1711358668711 52.0625 -63.5 4.313553975534423 17
0001 0001 1711358668711 35.75 -66.5 2.5893595699509624 17
0001 0014 1711358668711 19.5 -58.0 5.7616318392984684 17
0001 0007 1711358668711 13.0 -60.5 1.902136176978195 17
0001 0004 1711358668712 35.75 -61.5 1.3560390164909069 17
0001 0010 1711358668712 -107.375 -68.0 0.9694758579437253 17
0001 0000 1711358668712 -5.4375 -77.0 4.540583132141498 17
0001 0005 1711358668713 6.5 -56.5 2.767301341345697 17
0001 0004 1711358668714 16.25 -62.0 1.4296700943094176 17
0001 0010 1711358668714 13.0 -67.5 0.8099418560036186 17
0001 0007 1711358668714 35.75 -60.5 1.9573594853420782 17
0001 0015 1711358668715 68.3125 -63.5 2.4850488763747385 17
0001 0008 1711358668715 -24.375 -69.0 5.595961914206819 17
0001 0009 1711358668715 42.3125 -62.5 4.356505437595221 17
0001 0014 1711358668715 6.5 -58.5 5.810719224510809 17
0001 0011 1711358668716 22.75 -65.5 1.055378782065321 17
0001 0001 1711358668716 117.125 -68.5 2.2027964114037806 17
0001 0000 1711358668792 -7.875 -77.5 1.533980787885641 17
0001 0015 1711358668927 71.5625 -63.5 2.5280003384355365 17
0001 0001 1711358668927 9.75 -68.0 2.5280003384355365 17
0001 0011 1711358668928 19.5 -66.5 0.9940195505498954 17
0001 0014 1711358668928 -16.25 -58.5 5.822991070813893 17
0001 0009 1711358668928 45.5625 -62.5 4.374913207049849 17
0001 0005 1711358668929 19.5 -56.5 2.8102528034064944 17
0001 0007 1711358668929 42.3125 -60.5 2.030990563160589 17
0001 0008 1711358668929 35.75 -69.0 5.436427912266712 17
0001 0004 1711358668930 -19.5 -62.0 1.521708941582556 17
0001 0010 1711358668930 -52.0625 -67.5 0.8713010875190442 17
0001 0000 1711358668931 1.8125 -77.0 4.4976316700806995 17
0001 0007 1711358668931 55.3125 -61.0 2.2396119503130363 17
0001 0001 1711358668932 -9.75 -68.5 2.7120780329818137 17
0001 0004 1711358668932 -3.25 -62.5 1.5830681730979816 17
0001 0015 1711358668933 0.0 -63.5 2.6016314162540475 17
0001 0014 1711358668933 9.75 -58.5 5.8659425328746915 17
0001 0005 1711358668933 29.25 -57.0 2.9084275738311756 17
0001 0008 1711358668934 62.625 -69.0 5.626641529964532 17
0001 0010 1711358668934 55.3125 -67.5 0.8406214717613314 17
0001 0009 1711358668934 100.875 -63.5 4.313553975534423 17
0001 0011 1711358668934 -32.5 -66.5 1.000155473701438 17
0001 0000 1711358669036 -27.4375 -77.5 4.890330751779424 17
0001 0006 1711358669036 -3.9375 -76.0 5.037592907416445 17
0001 0011 1711358669183 16.25 -66.5 1.030835089459151 17
0001 0007 1711358669183 26.0 -59.5 2.675262494072558 17
0001 0009 1711358669184 35.75 -63.5 4.411728745959104 17
0001 0005 1711358669184 26.0 -56.5 3.055689729468197 17
0001 0014 1711358669184 -22.75 -58.5 5.884350302329319 17
0001 0001 1711358669185 9.75 -68.5 3.043417883165112 17
0001 0004 1711358669185 3.25 -64.0 1.5155730184310134 17
0001 0015 1711358669185 -3.25 -63.5 2.6200391857086753 17
0001 0010 1711358669185 -16.25 -67.0 1.0615147052168636 17
0001 0008 1711358669186 26.0 -68.0 5.767767762450011 17
0001 0000 1711358669186 7.3125 -78.0 1.6321555583103222 17
0001 0006 1711358669186 8.1875 -76.0 5.111223985234957 17
0001 0004 1711358669187 65.0625 -64.0 1.4051264017032472 17
0001 0011 1711358669188 -29.25 -67.5 1.1106020904292042 17
0001 0005 1711358669188 -3.25 -57.0 3.153864499892878 17
0001 0015 1711358669188 -3.25 -63.5 2.6016314162540475 17
0001 0009 1711358669188 61.8125 -64.0 4.546719055293041 17
0001 0007 1711358669189 -39.0 -59.5 2.9206994201342606 17
0001 0014 1711358669189 -3.25 -58.5 5.878214379177777 17
0001 0008 1711358669189 -27.625 -70.0 5.859806609723149 17
0001 0001 1711358669190 -42.3125 -67.5 3.3072625786814425 17
0001 0010 1711358669190 48.8125 -67.0 0.944932165337555 17
0001 0000 1711358669273 3.0 -77.5 4.651029748869264 17
0001 0006 1711358669273 -10.625 -75.0 5.356660911296659 17
0001 0007 1711358669432 -3.25 -60.0 2.9268353432858034 17
0001 0008 1711358669432 -45.5625 -69.5 5.890486225480862 17
0001 0014 1711358669432 3.25 -58.5 5.853670686571607 17
0001 0004 1711358669432 -58.5625 -63.5 1.6382914814618648 17
0001 0015 1711358669433 45.5625 -63.5 2.5034566458293663 17
0001 0005 1711358669434 -19.5 -56.5 3.215223731408304 17
0001 0001 1711358669434 65.0625 -68.0 3.1661363461959633 17
0001 0010 1711358669434 113.875 -66.5 0.859029241215959 17
0001 0009 1711358669435 3.25 -64.0 4.589670517353839 17
0001 0011 1711358669435 -45.5625 -67.5 1.086058397823034 17
0001 0000 1711358669435 -29.875 -78.0 4.95168998329485 17
0001 0006 1711358669436 16.4375 -74.5 1.4971652489763858 17
0001 0014 1711358669437 26.0 -58.5 5.810719224510809 17
0001 0009 1711358669437 -81.375 -63.5 4.908738521234052 17
0001 0008 1711358669437 -3.25 -68.5 5.491651220630596 17
0001 0005 1711358669438 -35.75 -56.5 3.2213596545598464 17
0001 0011 1711358669438 19.5 -67.0 1.012427320004523 17
0001 0007 1711358669438 -39.0 -60.0 3.031146036862027 17
0001 0015 1711358669439 45.5625 -63.5 2.5280003384355365 17
0001 0010 1711358669439 48.8125 -67.0 0.9572040116406401 17
0001 0004 1711358669439 48.8125 -63.0 1.6014759425526093 17
0001 0001 1711358669439 16.25 -68.0 3.2581751934691017 17
0001 0000 1711358669525 -1.1875 -77.5 4.706253057233147 17
0001 0006 1711358669525 7.3125 -74.5 4.822835597112456 17
0001 0009 1711358669683 9.75 -63.0 4.816699673960914 17
0001 0001 1711358669684 13.0 -69.5 3.3440781175906977 17
0001 0004 1711358669684 32.5 -63.5 1.6873788666742053 17
0001 0008 1711358669684 -29.25 -68.0 5.368932757599744 17
0001 0007 1711358669685 35.75 -60.0 2.9084275738311756 17
0001 0015 1711358669685 6.5 -64.0 2.5954954931025047 17
0001 0011 1711358669685 -48.8125 -67.0 1.0983302441261191 17
0001 0005 1711358669686 0.0 -57.0 3.117048960983623 17
0001 0014 1711358669686 9.75 -58.5 5.859806609723149 17
0001 0010 1711358669686 -107.375 -67.5 1.1965050145508 17
0001 0006 1711358669686 23.1875 -75.0 1.4971652489763858 17
0001 0000 1711358669687 12.1875 -77.5 4.8351074434155406 17
0001 0007 1711358669688 19.5 -59.5 2.834796496012665 17
0001 0014 1711358669688 -26.0 -58.5 5.9088939949354895 17
0001 0011 1711358669688 16.25 -67.5 0.9940195505498954 17
0001 0005 1711358669688 0.0 -57.0 3.104777114680538 17
0001 0008 1711358669689 104.125 -68.0 5.295301679781233 17
0001 0015 1711358669689 -39.0 -64.0 2.662990647769473 17
0001 0009 1711358669689 -35.75 -63.0 4.896466674930966 17
0001 0010 1711358669690 -84.625 -67.0 1.2517283229146832 17
0001 0004 1711358669690 -6.5 -63.5 1.7671458676442586 17
0001 0001 1711358669690 -26.0 -68.5 3.5342917352885173 17
0001 0006 1711358669787 -7.875 -74.5 4.657165672020807 17
0001 0000 1711358669787 -18.875 -77.5 4.859651136021712 17
0001 0010 1711358669924 78.0625 -67.5 0.9940195505498954 17
0001 0005 1711358669924 19.5 -56.5 3.11091303783208 17
0001 0015 1711358669925 -22.75 -64.0 2.6323110320117604 17
0001 0004 1711358669925 -22.75 -64.0 1.761009944492716 17
0001 0009 1711358669925 -68.3125 -63.0 4.914874444385594 17
0001 0008 1711358669926 -21.125 -67.5 5.559146375297564 17
0001 0001 1711358669926 48.8125 -68.0 3.436116964863836 17
0001 0014 1711358669926 19.5 -58.5 5.853670686571607 17
0001 0011 1711358669927 74.8125 -67.5 0.9387962421860124 17
0001 0007 1711358669927 -13.0 -59.5 2.9391071895888885 17
0001 0006 1711358669927 -0.5625 -75.0 1.4848934026733007 17
0001 0000 1711358669927 3.0 -77.5 5.013049214810275 17
0001 0010 1711358669928 -22.75 -67.0 1.055378782065321 17
0001 0008 1711358669929 -78.0625 -68.0 5.6941366846315 17
0001 0011 1711358669929 58.5625 -67.0 0.9081166264282996 17
0001 0014 1711358669929 13.0 -58.5 5.853670686571607 17
0001 0005 1711358669930 -3.25 -56.5 3.153864499892878 17
0001 0015 1711358669930 65.0625 -63.5 2.521864415283994 17
0001 0007 1711358669930 13.0 -59.5 2.945243112740431 17
0001 0009 1711358669931 -22.75 -63.0 4.884194828627882 17
0001 0004 1711358669931 42.3125 -63.5 1.705786636128833 17
0001 0001 1711358669931 78.0625 -68.5 3.5281558121369745 17
0001 0006 1711358670027 -3.625 -75.5 1.521708941582556 17
0001 0000 1711358670028 -18.875 -77.0 1.8530487917658545 17
0001 0009 1711358670182 -26.0 -63.0 4.902602598082509 17
0001 0004 1711358670183 -13.0 -63.5 1.8653206380689396 17
0001 0005 1711358670183 0.0 -56.5 3.1968159619536762 17
0001 0001 1711358670183 -39.0 -68.5 3.7551849687440497 17
0001 0007 1711358670184 3.25 -59.5 2.9759227284981438 17
0001 0014 1711358670184 0.0 -58.5 5.896622148632405 17
0001 0015 1711358670184 16.25 -63.5 2.6016314162540475 17
0001 0011 1711358670184 -6.5 -68.0 1.043106935762236 17
0001 0010 1711358670185 -45.5625 -66.5 1.1780972450961724 17
0001 0008 1711358670185 3.25 -68.0 5.577554144752192 17
0001 0000 1711358670185 9.75 -77.0 1.748738098189631 17
0001 0006 1711358670186 -3.1875 -75.5 1.3989904785517047 17
0001 0005 1711358670187 -6.5 -56.5 3.2336315008629315 17
0001 0014 1711358670187 -6.5 -58.5 5.884350302329319 17
0001 0015 1711358670187 -22.75 -63.0 2.6323110320117604 17
0001 0004 1711358670188 16.25 -63.5 1.7119225592803755 17
0001 0009 1711358670188 -16.25 -63.0 4.841243366567084 17
0001 0011 1711358670188 182.25 -68.0 0.7976700097005334 17
0001 0007 1711358670188 13.0 -59.5 2.9575149590435164 17
0001 0010 1711358670189 -61.8125 -67.0 1.2455923997631406 17
0001 0001 1711358670189 48.8125 -69.0 3.6815538909255388 17
0001 0008 1711358670190 -3.25 -68.0 5.632777453116074 17
0001 0000 1711358670190 48.8125 -75.5 2.0371264863121317 17
0001 0006 1711358670276 -8.5 -75.0 1.5278448647340985 17
0001 0009 1711358670421 55.3125 -63.0 4.73693267299086 17
0001 0014 1711358670421 -9.75 -58.5 5.884350302329319 17
0001 0010 1711358670422 -22.75 -67.0 1.1106020904292042 17
0001 0008 1711358670422 -73.1875 -68.5 5.700272607783043 17
0001 0001 1711358670422 -42.3125 -69.0 3.8963112012295285 17
0001 0004 1711358670423 6.5 -64.0 1.7916895602504288 17
0001 0005 1711358670423 6.5 -56.5 3.184544115650591 17
0001 0007 1711358670423 35.75 -59.0 2.890019804376548 17
0001 0011 1711358670423 -13.0 -67.5 1.141281706186917 17
0001 0015 1711358670424 26.0 -63.0 2.6016314162540475 17
0001 0006 1711358670424 -9.125 -75.0 4.620350133111551 17
0001 0000 1711358670425 7.875 -77.0 1.8039614065535141 17
0001 0010 1711358670426 42.3125 -66.5 1.043106935762236 17
0001 0001 1711358670426 45.5625 -68.0 3.80427235395639 17
0001 0014 1711358670426 13.0 -58.5 5.829126993965437 17
0001 0015 1711358670426 -100.875 -63.5 2.8286605728611223 17
0001 0011 1711358670427 -45.5625 -68.0 1.055378782065321 17
0001 0004 1711358670427 3.25 -63.5 1.7426021750380885 17
0001 0009 1711358670427 -45.5625 -63.0 4.871922982324796 17
0001 0008 1711358670428 -62.625 -68.5 5.706408530934585 17
0001 0005 1711358670428 -26.0 -56.5 3.2643111166206444 17
0001 0007 1711358670428 13.0 -59.0 2.9513790358919736 17
0001 0006 1711358670518 -24.375 -75.0 4.6878452877785195 17
0001 0000 1711358670519 -12.1875 -77.0 4.896466674930966 17
