0000 0014 1711011583926 32.5 -64.0 2.466641106920111 12
0000 0006 1711011583935 -65.0625 -60.0 3.9822141253511245 12
0000 0010 1711011583935 -48.8125 -63.5 3.2029518851052186 12
0000 0000 1711011583936 65.0625 -69.5 0.02454369260617026 12
0000 0008 1711011583937 -81.375 -67.0 5.43029198911517 12
0000 0004 1711011583937 -22.75 -57.0 4.172427743048944 12
0000 0005 1711011583938 19.5 -58.5 2.6200391857086753 12
0000 0007 1711011583938 -13.0 -55.5 5.47937937432751 12
0000 0011 1711011583939 -3.25 -56.0 5.197126909356553 12
0000 0009 1711011583939 -16.875 -77.5 1.6014759425526093 12
0000 0005 1711011583940 -13.0 -56.0 2.3746022596469727 12
0000 0007 1711011583940 -13.0 -56.0 5.289165756629691 12
0000 0008 1711011583941 -68.3125 -60.5 6.062292073724054 12
0000 0010 1711011583941 110.625 -67.0 1.9696313316451632 12
0000 0014 1711011583942 26.0 -64.0 2.60776733940559 12
0000 0006 1711011583942 -9.75 -58.5 3.6201946594101133 12
0000 0004 1711011583942 16.25 -58.0 4.129476280988146 12
0000 0000 1711011583943 -13.8125 -69.5 0.4479223900626072 12
0000 0009 1711011583943 -55.3125 -64.5 3.509748042682347 12
0000 0011 1711011583944 13.0 -56.0 5.2339424482658075 12
0000 0014 1711011584131 13.0 -66.0 0.5338253141842031 12
0000 0008 1711011584132 -48.8125 -61.0 6.007068765360171 12
0000 0005 1711011584133 3.25 -56.5 2.564815877344792 12
0000 0011 1711011584134 19.5 -58.0 4.9823695990525625 12
0000 0007 1711011584135 -19.5 -56.0 5.595961914206819 12
0000 0004 1711011584136 19.5 -57.5 4.000621894805752 12
0000 0006 1711011584137 -39.0 -59.0 3.8410878928656453 12
0000 0000 1711011584138 114.6875 -70.5 0.12885438618239387 12
0000 0010 1711011584139 -35.75 -64.0 2.2396119503130363 12
0000 0009 1711011584141 41.5 -65.5 2.767301341345697 12
0000 0015 1711011584142 11.5625 -76.0 4.325825821837508 12
0000 0006 1711011584143 6.5 -59.5 4.09266074207889 12
0000 0005 1711011584146 -13.8125 -58.0 2.4175537217077703 12
0000 0007 1711011584147 22.75 -54.5 5.436427912266712 12
0000 0010 1711011584148 16.25 -62.5 2.9391071895888885 12
0000 0004 1711011584149 3.25 -56.5 4.362641360746763 12
0000 0011 1711011584150 -6.5 -57.5 4.651029748869264 12
0000 0014 1711011584151 -22.75 -62.0 6.215690152512618 12
0000 0008 1711011584152 104.125 -71.0 4.509903516383785 12
0000 0015 1711011584153 -22.75 -70.0 0.6504078540635119 12
0000 0000 1711011584154 -68.3125 -73.0 0.17794177139473438 12
0000 0009 1711011584155 121.25 -73.5 1.325359400733194 12
0000 0015 1711011584252 39.0 -65.0 0.5890486225480862 12
0000 0010 1711011584253 0.0 -61.5 3.650874275167826 12
0000 0009 1711011584254 173.3125 -72.5 2.380738182798515 12
0000 0012 1711011584255 -22.75 -67.0 6.1420590746941075 12
0000 0000 1711011584256 100.875 -71.5 0.5092816215780329 12
0000 0005 1711011584257 0.0 -57.5 1.7855536370988863 12
0000 0004 1711011584258 -3.25 -55.5 4.994641445355648 12
0000 0006 1711011584259 3.25 -61.5 4.111068511533518 12
0000 0014 1711011584260 -6.5 -60.0 4.724660826687775 12
0000 0007 1711011584261 32.5 -57.0 4.583534594202296 12
0000 0011 1711011584261 3.25 -56.5 4.0558452031696355 12
0000 0008 1711011584262 -100.875 -72.0 5.270757987175063 12
0000 0001 1711011584493 -4.25 -78.0 1.6873788666742053 12
0000 0004 1711011584493 19.5 -57.0 4.558990901596125 12
0000 0012 1711011584494 -22.75 -69.0 2.730485802436441 12
0000 0014 1711011584495 -6.5 -55.5 0.17794177139473438 12
0000 0011 1711011584496 -9.75 -54.5 5.240078371417351 12
0000 0010 1711011584497 -32.5 -60.5 3.356349963893783 12
0000 0006 1711011584498 26.0 -60.5 3.411573272257666 12
0000 0007 1711011584499 3.25 -56.5 4.338097668140593 12
0000 0009 1711011584500 83.0 -67.0 4.074252972624263 12
0000 0000 1711011584501 19.5 -71.0 0.6933593161243098 12
0000 0005 1711011584501 19.5 -58.0 1.8653206380689396 12
0000 0015 1711011584502 94.375 -63.5 2.3746022596469727 12
0000 0008 1711011584505 -3.25 -70.0 5.810719224510809 12
0000 0013 1711011584506 5.6875 -70.0 4.678641403051206 12
0000 0001 1711011584507 0.8125 -77.0 4.896466674930966 12
0000 0007 1711011584508 13.0 -56.0 4.28287435977671 12
0000 0004 1711011584509 -19.5 -58.5 3.877903431774901 12
0000 0015 1711011584510 -32.5 -62.0 5.982525072754001 12
0000 0010 1711011584510 52.0625 -63.5 2.3316507975861747 12
0000 0009 1711011584511 -159.5 -68.5 5.252350217720435 12
0000 0008 1711011584512 42.3125 -69.5 0.04295146206079795 12
0000 0011 1711011584513 -22.75 -63.0 5.6941366846315 12
0000 0014 1711011584514 -16.25 -58.5 0.4111068511533518 12
0000 0005 1711011584515 16.25 -59.5 2.442097414313941 12
0000 0006 1711011584516 22.75 -61.5 2.8838838812250054 12
0000 0000 1711011584517 -87.0625 -74.0 0.14726215563702155 12
0000 0013 1711011584731 -22.75 -73.0 0.6718835850939109 12
0000 0012 1711011584731 4.0625 -70.0 5.8567386481473775 12
0000 0010 1711011584732 13.0 -64.5 3.0495538063166547 12
0000 0007 1711011584733 35.75 -57.0 4.196971435655114 12
0000 0000 1711011584734 10.5625 -72.5 0.25157284921324513 12
0000 0015 1711011584735 -3.25 -60.0 3.5895150436524004 12
0000 0008 1711011584736 42.3125 -66.0 0.006135923151542565 12
0000 0005 1711011584737 32.5 -59.5 1.8960002538266525 12
0000 0012 1711011584738 -13.0 -58.5 4.356505437595221 12
0000 0006 1711011584738 16.25 -63.5 2.8532042654672924 12
0000 0004 1711011584739 19.5 -62.0 3.6447383520162835 12
0000 0014 1711011584740 22.75 -65.5 1.6198837120072371 12
0000 0009 1711011584741 -3.625 -76.0 1.3928545554001621 12
0000 0011 1711011584742 -0.25 -74.5 6.2034183062095325 12
0000 0007 1711011584743 -13.0 -57.0 3.877903431774901 12
0000 0006 1711011584743 19.5 -65.5 3.5833791205008576 12
0000 0005 1711011584744 16.25 -59.5 1.7794177139473437 12
0000 0015 1711011584745 42.3125 -63.5 0.7117670855789375 12
0000 0000 1711011584746 39.0 -71.0 0.30679615757712825 12
0000 0012 1711011584747 9.75 -59.0 4.356505437595221 12
0000 0009 1711011584748 17.0625 -67.5 2.6323110320117604 12
0000 0004 1711011584749 22.75 -58.5 4.552854978444583 12
0000 0008 1711011584750 6.5 -61.5 0.9572040116406401 12
0000 0010 1711011584751 84.625 -64.5 3.724505352986337 12
0000 0011 1711011584752 227.8125 -72.5 2.5157284921324514 12
0000 0014 1711011584971 2.125 -74.5 5.6941366846315 12
0000 0008 1711011584972 -58.5625 -64.5 1.086058397823034 12
0000 0012 1711011584973 -19.5 -58.0 4.387185053352934 12
0000 0007 1711011584974 -13.0 -58.0 3.9147189706841563 12
0000 0005 1711011584974 -52.0625 -60.5 1.662835174068035 12
0000 0014 1711011584975 -139.9375 -68.0 2.1598449493429825 12
0000 0015 1711011584976 -45.5625 -66.5 5.921165841238575 12
0000 0006 1711011584977 78.0625 -65.0 3.380893656499953 12
0000 0004 1711011584978 -13.0 -61.0 4.221515128261284 12
0000 0010 1711011584978 6.5 -61.0 3.055689729468197 12
0000 0009 1711011584979 163.5625 -70.5 1.8285050991596843 12
0000 0000 1711011584980 -162.75 -72.5 0.8651651643675016 12
0000 0011 1711011584981 0.625 -72.5 4.970097752749477 12
0000 0005 1711011584982 55.3125 -61.0 1.9941750242513334 12
0000 0012 1711011584982 26.0 -57.0 4.743068596142402 12
0000 0014 1711011584983 16.25 -65.0 1.3130875544301088 12
0000 0006 1711011584984 -22.75 -65.0 3.522019888985432 12
0000 0010 1711011584985 -3.25 -65.0 2.773437264497239 12
0000 0015 1711011584986 35.75 -61.0 4.2092432819582 12
0000 0004 1711011584987 -35.75 -60.5 4.276738436625168 12
0000 0008 1711011584987 61.8125 -69.0 6.135923151542564 12
0000 0007 1711011584988 26.0 -57.5 4.1172044346850605 12
0000 0011 1711011584989 -13.0 -67.0 1.736466251886546 12
0000 0000 1711011584990 -125.3125 -70.5 1.0369710126106935 12
0000 0009 1711011584999 -17.875 -72.0 1.8285050991596843 12
0000 0009 1711011585213 38.1875 -68.0 5.522330836388308 12
0000 0004 1711011585213 -26.0 -61.5 4.626486056263094 12
0000 0007 1711011585214 -3.25 -55.0 5.264622064023521 12
0000 0008 1711011585215 -42.3125 -69.5 0.5645049299419159 12
0000 0010 1711011585216 71.5625 -65.0 2.6998061866787286 12
0000 0014 1711011585216 -19.5 -61.5 0.7547185476397354 12
0000 0011 1711011585217 22.75 -58.0 1.1474176293384597 12
0000 0012 1711011585218 -19.5 -57.5 5.473243451175968 12
0000 0006 1711011585219 42.3125 -62.0 3.3379421944391554 12
0000 0005 1711011585219 -3.25 -59.5 3.2643111166206444 12
0000 0000 1711011585220 78.0625 -71.0 1.4051264017032472 12
0000 0013 1711011585221 -19.5 -66.0 0.30066023442558565 12
0000 0015 1711011585221 4.875 -68.5 1.9205439464328227 12
0000 0001 1711011585222 3.0 -78.0 5.3198453723874035 12
0000 0004 1711011585223 13.0 -61.0 4.994641445355648 12
0000 0011 1711011585224 -19.5 -52.0 0.7485826244881929 12
0000 0009 1711011585224 111.4375 -68.5 5.031456984264903 12
0000 0012 1711011585225 -3.25 -58.0 5.270757987175063 12
0000 0000 1711011585226 81.375 -71.0 1.4910293258248433 12
0000 0006 1711011585226 9.75 -63.5 3.5711072741977725 12
0000 0007 1711011585227 -52.0625 -55.0 0.07976700097005335 12
0000 0005 1711011585228 -19.5 -60.0 3.129320807286708 12
0000 0015 1711011585229 16.25 -67.0 3.2520392703175593 12
0000 0014 1711011585229 -13.0 -56.5 1.0185632431560658 12
0000 0010 1711011585230 42.3125 -60.5 4.344233591292136 12
0000 0008 1711011585231 78.0625 -71.0 0.5399612373357456 12
0000 0013 1711011585253 44.75 -72.5 3.822680123411018 12
0000 0001 1711011585253 -25.625 -77.0 5.577554144752192 12
0000 0015 1711011585454 48.8125 -63.5 2.718213956133356 12
0000 0010 1711011585454 -9.75 -61.0 4.025165587411922 12
0000 0007 1711011585455 -6.5 -54.5 0.8713010875190442 12
0000 0005 1711011585456 -9.75 -58.5 3.5465635815916023 12
0000 0011 1711011585457 6.5 -53.5 6.1850105367549055 12
0000 0014 1711011585457 22.75 -62.5 0.21475731030398976 12
0000 0004 1711011585458 -32.5 -59.5 5.8659425328746915 12
0000 0000 1711011585459 69.125 -71.5 1.41126232485479 12
0000 0006 1711011585459 -244.125 -69.0 5.448699758569798 12
0000 0009 1711011585460 126.9375 -70.5 4.215379205109742 12
0000 0008 1711011585461 -133.4375 -69.0 0.3620194659410113 12
0000 0013 1711011585462 -5.0 -73.5 5.411884219660542 12
0000 0014 1711011585462 39.0 -61.0 2.1475731030398975 12
0000 0004 1711011585463 -16.25 -55.0 5.325981295538946 12
0000 0008 1711011585464 -39.0 -68.0 0.28838838812250056 12
0000 0011 1711011585464 -26.0 -58.0 0.32520392703175593 12
0000 0010 1711011585465 13.0 -61.0 2.9697868053466014 12
0000 0006 1711011585466 9.75 -63.5 5.0253210611133605 12
0000 0007 1711011585466 -6.5 -54.5 1.3499030933393643 12
0000 0005 1711011585467 -22.75 -59.5 4.399456899656019 12
0000 0000 1711011585468 48.8125 -72.0 1.2885438618239387 12
0000 0009 1711011585499 -4.875 -73.0 3.80427235395639 12
0000 0011 1711011585700 -26.0 -58.5 6.2463697682703305 12
0000 0010 1711011585701 55.3125 -69.5 2.6445828783148455 12
0000 0004 1711011585701 -22.75 -56.0 4.773748211900116 12
0000 0007 1711011585701 -22.75 -55.5 1.6137477888556946 12
0000 0006 1711011585702 -16.25 -62.0 3.9208548938356986 12
0000 0005 1711011585702 -9.75 -55.5 5.258486140871978 12
0000 0009 1711011585704 -32.5 -61.0 5.332117218690489 12
0000 0008 1711011585704 -22.75 -61.0 0.5031456984264903 12
0000 0014 1711011585705 45.5625 -64.0 3.730641276137879 12
0000 0000 1711011585705 -35.75 -70.5 1.4603497100671303 12
0000 0008 1711011585706 3.25 -60.0 1.030835089459151 12
0000 0007 1711011585707 35.75 -56.0 1.4296700943094176 12
0000 0004 1711011585708 -32.5 -54.5 4.841243366567084 12
0000 0005 1711011585708 -22.75 -57.0 4.718524903536232 12
0000 0006 1711011585709 13.0 -61.5 3.0250101137104846 12
0000 0014 1711011585710 -9.75 -63.0 1.4480778637640452 12
0000 0011 1711011585710 39.0 -61.5 5.559146375297564 12
0000 0010 1711011585711 39.0 -63.0 2.5893595699509624 12
0000 0009 1711011585712 52.0625 -59.0 4.902602598082509 12
0000 0000 1711011585712 -6.5 -70.5 1.1474176293384597 12
0000 0013 1711011585955 0.25 -72.0 4.104932588381976 12
0000 0006 1711011585956 -16.25 -62.5 2.9943304979527716 12
0000 0010 1711011585957 9.75 -61.0 3.436116964863836 12
0000 0009 1711011585958 -191.1875 -65.0 4.908738521234052 12
0000 0005 1711011585958 0.0 -57.0 3.6876898140770815 12
0000 0000 1711011585959 10.5625 -71.5 0.8774370106705868 12
0000 0007 1711011585960 13.0 -54.0 0.705631162427395 12
0000 0013 1711011585961 -65.0625 -68.0 3.454524734318464 12
0000 0008 1711011585961 -55.3125 -67.0 0.8835729338221293 12
0000 0004 1711011585962 -6.5 -56.0 4.76147636559703 12
0000 0014 1711011585963 -65.0625 -60.5 5.749359992995383 12
0000 0011 1711011585963 -16.25 -65.0 4.841243366567084 12
0000 0012 1711011585964 -6.3125 -74.5 6.031612457966341 12
0000 0001 1711011585965 0.4375 -77.5 5.062136600022616 12
0000 0005 1711011585965 16.25 -56.0 2.5893595699509624 12
0000 0009 1711011585966 27.625 -63.0 5.013049214810275 12
0000 0011 1711011585967 117.125 -63.0 4.3933209765044765 12
0000 0004 1711011585967 0.0 -57.5 4.914874444385594 12
0000 0010 1711011585968 42.3125 -63.5 3.718369429834794 12
0000 0014 1711011585969 16.25 -61.0 4.154019973594316 12
0000 0007 1711011585969 -29.25 -54.5 5.927301764390117 12
0000 0006 1711011585970 61.8125 -63.5 2.2764274892222915 12
0000 0000 1711011585971 69.125 -71.5 0.9326603190344698 12
0000 0008 1711011585972 -113.875 -69.0 0.7301748550335652 12
0000 0013 1711011585973 68.3125 -68.0 4.25833066717054 12
0000 0015 1711011585974 -3.25 -69.5 0.5767767762450011 12
0000 0012 1711011585974 100.875 -72.0 3.0066023442558567 12
0000 0001 1711011586009 -4.25 -78.0 1.8039614065535141 12
0000 0000 1711011586191 -45.5625 -71.5 0.6933593161243098 12
0000 0008 1711011586194 -130.1875 -70.5 0.5583690067903734 12
0000 0009 1711011586194 41.5 -65.0 4.638757902566179 12
0000 0004 1711011586195 -16.25 -61.0 3.9576704327449543 12
0000 0013 1711011586196 -26.0 -66.5 5.2768939103266055 12
0000 0006 1711011586197 6.5 -64.0 1.6996507129772904 12
0000 0015 1711011586197 58.5625 -72.0 1.0246991663076084 12
0000 0005 1711011586198 35.75 -57.5 2.405281875404685 12
0000 0014 1711011586199 6.5 -54.0 6.080699843178682 12
0000 0007 1711011586199 -19.5 -54.5 5.393476450205914 12
0000 0010 1711011586200 45.5625 -59.0 3.0127382674073995 12
0000 0011 1711011586200 -19.5 -56.5 4.95168998329485 12
0000 0001 1711011586201 -9.75 -76.5 4.681709364626977 12
0000 0011 1711011586202 -16.25 -59.0 4.884194828627882 12
0000 0004 1711011586202 -136.6875 -67.5 2.282563412373834 12
0000 0000 1711011586203 34.9375 -71.5 5.927301764390117 12
0000 0006 1711011586204 42.3125 -65.0 1.41126232485479 12
0000 0014 1711011586204 -48.8125 -60.0 0.11044661672776616 12
0000 0007 1711011586219 13.0 -55.5 5.2768939103266055 12
0000 0015 1711011586220 39.0 -67.0 3.08636934522591 12
0000 0005 1711011586221 52.0625 -59.0 2.718213956133356 12
0000 0013 1711011586222 -22.75 -63.0 1.3499030933393643 12
0000 0010 1711011586222 -48.8125 -62.5 1.214912784005428 12
0000 0009 1711011586223 52.0625 -71.0 4.01902966426038 12
0000 0008 1711011586254 4.25 -72.0 2.5341362615870793 12
0000 0001 1711011586447 -3.125 -77.0 4.755340442445488 12
0000 0005 1711011586448 -16.25 -59.0 1.8285050991596843 12
0000 0004 1711011586448 -45.5625 -69.5 2.1046216409791 12
0000 0012 1711011586449 52.0625 -61.5 2.693670263527186 12
0000 0015 1711011586450 3.25 -63.5 0.6504078540635119 12
0000 0014 1711011586450 -9.75 -62.0 0.662679700366597 12
0000 0006 1711011586451 -97.625 -68.5 1.0369710126106935 12
0000 0008 1711011586451 -9.75 -65.0 5.829126993965437 12
0000 0000 1711011586452 62.625 -72.0 5.583690067903734 12
0000 0011 1711011586453 22.75 -69.5 3.423845118560751 12
0000 0007 1711011586453 26.0 -57.5 5.45483568172134 12
0000 0010 1711011586454 3.25 -64.0 1.368310862793992 12
0000 0009 1711011586455 -0.5625 -75.0 0.5031456984264903 12
0000 0001 1711011586455 6.6875 -77.5 1.6137477888556946 12
0000 0005 1711011586456 26.0 -57.0 1.902136176978195 12
0000 0007 1711011586457 6.5 -56.5 5.460971604872882 12
0000 0010 1711011586457 52.0625 -64.0 0.8958447801252144 12
0000 0014 1711011586458 130.1875 -68.0 1.9205439464328227 12
0000 0006 1711011586458 -35.75 -63.0 1.7978254834019713 12
0000 0008 1711011586459 -13.0 -62.0 6.258641614573416 12
0000 0012 1711011586459 -13.0 -59.0 3.2949907323783574 12
0000 0004 1711011586460 -61.8125 -64.0 3.6140587362585705 12
0000 0009 1711011586461 97.625 -66.0 1.607611865704152 12
0000 0015 1711011586461 0.0 -65.0 5.743224069843841 12
0000 0000 1711011586462 -125.3125 -72.0 5.921165841238575 12
0000 0001 1711011586498 22.5625 -75.5 1.4664856332186729 12
0000 0006 1711011586696 48.8125 -63.5 1.6689710972195777 12
0000 0004 1711011586696 32.5 -61.0 3.4913402732277192 12
0000 0007 1711011586697 9.75 -60.0 4.9823695990525625 12
0000 0009 1711011586698 24.375 -67.0 1.3314953238847365 12
0000 0005 1711011586698 -6.5 -59.0 1.0799224746714913 12
0000 0012 1711011586699 6.5 -57.5 3.2949907323783574 12
0000 0014 1711011586699 9.75 -66.0 1.2885438618239387 12
0000 0010 1711011586700 -6.5 -61.0 0.05522330836388308 12
0000 0008 1711011586700 9.75 -67.0 0.11044661672776616 12
0000 0000 1711011586701 -117.125 -72.0 5.835262917116979 12
0000 0015 1711011586702 16.25 -65.0 1.4818254410975293 12
0000 0001 1711011586702 -18.25 -77.0 1.2333205534600555 12
0000 0013 1711011586703 -11.1875 -76.5 1.0983302441261191 12
0000 0014 1711011586703 3.25 -61.5 0.5460971604872883 12
0000 0000 1711011586704 120.4375 -71.5 5.350524988145116 12
0000 0005 1711011586705 -6.5 -60.0 0.5583690067903734 12
0000 0012 1711011586705 -6.5 -57.0 3.9085830475326135 12
0000 0011 1711011586706 -32.5 -65.5 0.09817477042468103 12
0000 0006 1711011586706 -26.0 -64.5 2.4727770300716534 12
0000 0015 1711011586707 52.0625 -58.5 2.5709518004963345 12
0000 0010 1711011586708 48.8125 -65.5 6.000932842208628 12
0000 0013 1711011586708 -61.8125 -66.5 5.258486140871978 12
0000 0007 1711011586709 13.0 -60.0 3.9208548938356986 12
0000 0004 1711011586709 42.3125 -64.5 3.0250101137104846 12
0000 0009 1711011586760 5.1875 -74.0 4.246058820867455 12
0000 0001 1711011586760 1.5 -77.5 0.6320000846088841 12
0000 0000 1711011586938 -257.125 -71.0 0.23930100291016002 12
0000 0009 1711011586938 87.0625 -69.0 4.853515212870168 12
0000 0011 1711011586940 9.75 -60.5 0.16566992509164924 12
0000 0014 1711011586940 -35.75 -56.5 6.135923151542564 12
0000 0005 1711011586941 19.5 -60.0 1.1474176293384597 12
0000 0006 1711011586941 22.75 -61.0 2.3071071049800045 12
0000 0007 1711011586942 26.0 -58.0 3.749049045592507 12
0000 0004 1711011586942 9.75 -63.0 3.454524734318464 12
0000 0015 1711011586943 65.0625 -67.5 0.37429131224409645 12
0000 0013 1711011586943 -32.5 -67.0 3.1354567304382504 12
0000 0012 1711011586944 22.75 -59.5 3.730641276137879 12
0000 0010 1711011586944 -55.3125 -63.0 1.3499030933393643 12
0000 0001 1711011586945 38.4375 -77.0 0.6872233929727672 12
0000 0004 1711011586946 19.5 -60.5 4.129476280988146 12
0000 0009 1711011586946 -100.875 -68.5 4.534447208989955 12
0000 0006 1711011586947 32.5 -61.5 2.435961491162398 12
0000 0012 1711011586947 -22.75 -60.5 4.546719055293041 12
0000 0014 1711011586948 6.5 -57.5 0.5583690067903734 12
0000 0011 1711011586948 3.25 -53.5 5.307573526084319 12
0000 0007 1711011586949 -26.0 -57.0 4.828971520263998 12
0000 0005 1711011586949 19.5 -60.0 1.564660403643354 12
0000 0010 1711011586950 6.5 -60.0 1.9757672547967058 12
0000 0015 1711011586950 6.5 -66.5 2.442097414313941 12
0000 0000 1711011586951 -35.75 -72.0 0.2945243112740431 12
0000 0001 1711011587009 16.4375 -76.0 0.8897088569736719 12
0000 0008 1711011587198 -1.75 -73.5 5.945709533844745 12
0000 0005 1711011587198 29.25 -57.5 1.8653206380689396 12
0000 0010 1711011587199 26.0 -62.5 2.552544031041707 12
0000 0004 1711011587199 29.25 -56.5 4.23378697456437 12
0000 0011 1711011587200 3.25 -53.5 4.289010282928253 12
0000 0015 1711011587201 19.5 -64.5 1.9389517158874505 12
0000 0006 1711011587201 -13.0 -63.0 2.5586799541932495 12
0000 0014 1711011587202 13.0 -61.0 3.2520392703175593 12
0000 0007 1711011587202 19.5 -56.0 5.368932757599744 12
0000 0008 1711011587203 -110.625 -71.5 5.890486225480862 12
0000 0000 1711011587203 87.875 -72.0 5.681864838328415 12
0000 0009 1711011587204 26.0625 -78.0 1.607611865704152 12
0000 0009 1711011587206 -27.625 -69.5 2.2457478734645786 12
0000 0005 1711011587207 52.0625 -58.0 2.086213871524472 12
0000 0007 1711011587207 3.25 -55.5 6.062292073724054 12
0000 0004 1711011587208 26.0 -56.0 3.6815538909255388 12
0000 0011 1711011587208 -19.5 -53.5 4.724660826687775 12
0000 0006 1711011587209 -22.75 -60.0 3.129320807286708 12
0000 0010 1711011587210 29.25 -65.0 2.098485717827557 12
0000 0014 1711011587210 -39.0 -62.0 1.7916895602504288 12
0000 0008 1711011587211 -117.125 -67.5 5.853670686571607 12
0000 0000 1711011587211 0.0 -72.5 5.368932757599744 12
0000 0008 1711011587425 -26.0 -60.0 5.982525072754001 12
0000 0005 1711011587426 -3.25 -53.5 2.742757648739526 12
0000 0004 1711011587426 32.5 -57.0 3.7122335066832517 12
0000 0011 1711011587427 -19.5 -54.0 5.240078371417351 12
0000 0006 1711011587427 -16.25 -58.5 2.816388726558037 12
0000 0007 1711011587428 -39.0 -55.0 0.25770877236478773 12
0000 0014 1711011587428 -19.5 -62.0 5.890486225480862 12
0000 0009 1711011587429 58.5625 -62.5 3.706097583531709 12
0000 0000 1711011587429 -250.625 -70.5 5.8045833013592665 12
0000 0010 1711011587430 0.0 -72.0 0.2270291566070749 12
0000 0006 1711011587430 13.0 -59.5 2.4911847995262812 12
0000 0010 1711011587431 58.5625 -67.0 1.3744467859455345 12
0000 0007 1711011587431 -16.25 -55.5 0.5890486225480862 12
0000 0005 1711011587432 9.75 -55.5 2.6998061866787286 12
0000 0004 1711011587432 -13.0 -56.0 3.423845118560751 12
0000 0011 1711011587433 -22.75 -57.0 5.056000676871073 12
0000 0014 1711011587433 65.0625 -63.5 2.3746022596469727 12
0000 0008 1711011587434 -156.1875 -62.5 6.080699843178682 12
0000 0009 1711011587435 -45.5625 -61.5 3.4913402732277192 12
0000 0000 1711011587506 8.9375 -73.0 5.080544369477243 12
0000 0011 1711011587671 -32.5 -62.5 4.448544284868359 12
0000 0007 1711011587678 3.25 -54.5 0.42337869745643697 12
0000 0006 1711011587679 16.25 -61.0 2.3930100291016 12
0000 0008 1711011587679 87.875 -68.5 5.5284667595398505 12
0000 0010 1711011587680 35.75 -62.0 2.761165418194154 12
0000 0009 1711011587681 -7.3125 -72.0 2.478912953223196 12
0000 0005 1711011587681 22.75 -56.5 2.6139032625571326 12
0000 0004 1711011587682 3.25 -57.0 3.77972866135022 12
0000 0014 1711011587682 -6.5 -60.0 2.435961491162398 12
0000 0000 1711011587683 3.25 -73.0 5.049864753719531 12
0000 0012 1711011587683 -11.25 -77.5 2.110757564130642 12
0000 0014 1711011587684 -13.0 -56.0 2.018718716857504 12
0000 0009 1711011587686 172.5 -70.5 2.693670263527186 12
0000 0007 1711011587686 -3.25 -55.5 6.031612457966341 12
0000 0006 1711011587687 26.0 -62.5 1.8285050991596843 12
0000 0005 1711011587687 16.25 -56.0 2.2518837966161214 12
0000 0008 1711011587688 -55.3125 -70.0 5.0253210611133605 12
0000 0010 1711011587689 -48.8125 -60.5 3.5465635815916023 12
0000 0011 1711011587689 0.0 -60.0 3.9638063558964967 12
0000 0004 1711011587690 -26.0 -57.0 4.301282129231338 12
0000 0015 1711011587690 39.0 -68.0 0.25157284921324513 12
0000 0000 1711011587691 123.6875 -74.0 5.565282298449106 12
0000 0012 1711011587691 91.125 -72.0 0.9756117810952678 12
0000 0012 1711011587912 84.625 -64.0 4.2031073588066565 12
0000 0013 1711011587913 -74.8125 -67.0 5.074408446325701 12
0000 0015 1711011587913 139.9375 -68.0 6.240233845118788 12
0000 0011 1711011587913 -6.5 -56.5 4.522175362686871 12
0000 0010 1711011587914 19.5 -62.5 3.9944859716542096 12
0000 0005 1711011587914 3.25 -56.5 2.429825568010856 12
0000 0007 1711011587915 3.25 -55.0 5.872078456026235 12
0000 0008 1711011587915 71.5625 -68.0 5.589825991055276 12
0000 0004 1711011587915 -3.25 -59.0 3.9515345095934116 12
0000 0014 1711011587916 -3.25 -57.5 2.2886993355253766 12
0000 0006 1711011587916 32.5 -64.0 1.902136176978195 12
0000 0009 1711011587917 114.6875 -69.0 3.785864584501762 12
0000 0000 1711011587917 -55.3125 -72.0 0.4908738521234052 12
0000 0001 1711011587917 -5.4375 -77.5 4.693981210930062 12
0000 0005 1711011587918 -41.5 -57.0 3.5772431973493153 12
0000 0010 1711011587918 -19.5 -61.0 3.0250101137104846 12
0000 0014 1711011587919 -9.75 -55.0 0.5583690067903734 12
0000 0000 1711011587919 173.3125 -71.5 0.7731263170943632 12
0000 0012 1711011587919 48.8125 -59.0 3.6140587362585705 12
0000 0004 1711011587920 -32.5 -61.5 3.3440781175906977 12
0000 0011 1711011587920 -26.0 -53.5 5.829126993965437 12
0000 0008 1711011587921 48.8125 -70.5 0.07976700097005335 12
0000 0006 1711011587921 19.5 -63.5 1.4848934026733007 12
0000 0007 1711011587921 0.0 -54.0 6.227961998815704 12
0000 0013 1711011587922 71.5625 -70.0 0.7792622402459057 12
0000 0015 1711011587923 42.3125 -66.0 1.509437095279471 12
0000 0009 1711011587923 61.8125 -70.0 4.270602513473625 12
0000 0008 1711011588147 159.5 -70.5 0.30679615757712825 12
0000 0010 1711011588147 -19.5 -61.5 2.773437264497239 12
0000 0000 1711011588147 126.9375 -69.5 0.5092816215780329 12
0000 0015 1711011588148 -65.0625 -65.5 2.386874105950058 12
0000 0006 1711011588148 61.8125 -63.5 1.4726215563702154 12
0000 0009 1711011588149 -38.1875 -67.5 5.424156065963627 12
0000 0005 1711011588149 3.25 -57.5 3.785864584501762 12
0000 0004 1711011588149 -26.0 -65.5 2.7120780329818137 12
0000 0011 1711011588150 22.75 -57.5 5.964117303299373 12
0000 0007 1711011588150 26.0 -55.5 6.080699843178682 12
0000 0014 1711011588150 32.5 -59.5 1.214912784005428 12
0000 0013 1711011588151 0.0 -71.0 1.012427320004523 12
0000 0012 1711011588151 -2.5625 -71.0 5.405748296509 12
0000 0008 1711011588152 16.25 -65.5 0.8651651643675016 12
0000 0007 1711011588152 -13.0 -56.0 6.000932842208628 12
0000 0004 1711011588152 9.75 -65.0 3.0066023442558567 12
0000 0010 1711011588154 9.75 -67.0 2.2089323345553233 12
0000 0005 1711011588154 -13.0 -57.5 3.56497135104623 12
0000 0000 1711011588154 -39.0 -70.0 0.9019807032767571 12
0000 0015 1711011588155 48.8125 -64.0 0.6749515466696822 12
0000 0006 1711011588155 22.75 -64.0 1.7978254834019713 12
0000 0014 1711011588156 -3.25 -64.5 0.9572040116406401 12
0000 0012 1711011588156 -22.75 -62.0 4.73693267299086 12
0000 0011 1711011588156 -35.75 -69.5 5.638913376267617 12
0000 0009 1711011588248 -15.4375 -74.0 5.421088104387856 12
0000 0007 1711011588428 -32.5 -55.5 5.301437602932776 12
0000 0004 1711011588429 -65.0625 -60.5 4.516039439535327 12
0000 0006 1711011588429 -87.875 -65.5 3.215223731408304 12
0000 0005 1711011588429 6.5 -56.0 2.724349879284899 12
0000 0008 1711011588430 19.5 -63.0 1.9205439464328227 12
0000 0012 1711011588430 -48.8125 -60.0 5.00077736850719 12
0000 0010 1711011588431 -55.3125 -65.0 4.061981126321178 12
0000 0000 1711011588431 13.0 -70.0 1.1719613219446299 12
0000 0009 1711011588431 41.5 -69.5 3.1661363461959633 12
0000 0011 1711011588432 8.5 -76.0 0.3313398501832985 12
0000 0015 1711011588432 -4.6875 -66.0 5.368932757599744 12
0000 0014 1711011588433 3.6875 -69.5 4.700117134081604 12
0000 0007 1711011588433 9.75 -56.0 4.970097752749477 12
0000 0010 1711011588433 32.5 -62.5 2.9206994201342606 12
0000 0005 1711011588434 -13.0 -57.5 2.6016314162540475 12
0000 0008 1711011588434 52.0625 -63.5 1.4787574795217582 12
0000 0012 1711011588435 26.0 -58.0 5.031456984264903 12
0000 0015 1711011588435 13.0 -60.5 4.1172044346850605 12
0000 0004 1711011588435 -45.5625 -63.5 4.706253057233147 12
0000 0014 1711011588436 113.875 -67.0 1.5278448647340985 12
0000 0009 1711011588436 32.5 -71.0 3.7551849687440497 12
0000 0006 1711011588437 -6.5 -71.0 3.5833791205008576 12
0000 0000 1711011588437 87.875 -69.5 1.0369710126106935 12
0000 0001 1711011588498 5.75 -77.5 5.546874528994478 12
0000 0011 1711011588499 5.4375 -71.5 5.049864753719531 12
0000 0015 1711011588673 -6.5 -57.5 2.454369260617026 12
0000 0000 1711011588673 55.3125 -70.0 1.3008157081270237 12
0000 0007 1711011588673 -6.5 -56.5 4.76147636559703 12
0000 0004 1711011588674 -58.5625 -63.0 4.749204519293945 12
0000 0005 1711011588674 13.0 -57.0 2.325514874434632 12
0000 0011 1711011588674 13.0 -64.0 2.098485717827557 12
0000 0012 1711011588675 -22.75 -57.0 5.632777453116074 12
0000 0008 1711011588675 39.0 -69.5 0.4908738521234052 12
0000 0010 1711011588676 -52.0625 -66.0 2.9022916506796332 12
0000 0009 1711011588676 117.9375 -68.5 5.473243451175968 12
0000 0014 1711011588676 26.0 -62.0 0.944932165337555 12
0000 0006 1711011588677 -74.8125 -69.5 4.227651051412827 12
0000 0001 1711011588678 -6.0625 -77.0 5.50392306693368 12
0000 0010 1711011588678 -9.75 -65.5 3.429981041712294 12
0000 0012 1711011588679 -13.0 -56.5 5.724816300389213 12
0000 0007 1711011588679 -29.25 -56.0 5.0253210611133605 12
0000 0008 1711011588680 58.5625 -72.0 0.7424467013366504 12
0000 0011 1711011588680 -19.5 -56.0 1.6751070203711202 12
0000 0005 1711011588681 6.5 -56.0 2.5954954931025047 12
0000 0014 1711011588681 19.5 -57.0 0.3620194659410113 12
0000 0004 1711011588682 -22.75 -62.0 5.074408446325701 12
0000 0015 1711011588682 -6.5 -66.0 0.6688156235181395 12
0000 0006 1711011588683 -185.5 -67.0 4.454680208019902 12
0000 0000 1711011588683 126.9375 -70.0 1.4542137869155878 12
0000 0009 1711011588684 -104.125 -67.0 5.902758071783947 12
0000 0001 1711011588749 24.375 -76.5 5.50392306693368 12
