0000 0005 1710223411259 7.3125 -63.5 0.4049709280018093 5
0000 0000 1710223411260 79.75 -70.0 0.4356505437595221 5
0000 0007 1710223411260 48.8125 -66.5 2.761165418194154 5
0000 0006 1710223411260 6.5 -64.0 0.380427235395639 5
0000 0008 1710223411261 3.25 -59.0 1.2578642460662257 5
0000 0014 1710223411261 -71.5625 -65.5 4.908738521234052 5
0000 0015 1710223411262 19.5 -69.0 5.896622148632405 5
0000 0003 1710223411262 -172.5 -71.5 3.718369429834794 5
0000 0001 1710223411262 -8.9375 -74.5 6.2034183062095325 5
0000 0012 1710223411263 -9.125 -73.0 0.3988350048502667 5
0000 0006 1710223411263 35.75 -64.0 0.4356505437595221 5
0000 0005 1710223411264 58.5625 -63.5 0.32520392703175593 5
0000 0003 1710223411264 58.5625 -70.5 3.522019888985432 5
0000 0014 1710223411264 -74.8125 -65.0 4.871922982324796 5
0000 0008 1710223411265 32.5 -59.5 1.2455923997631406 5
0000 0007 1710223411265 -71.5625 -66.0 3.0250101137104846 5
0000 0000 1710223411265 90.3125 -70.5 0.28225246497095796 5
0000 0015 1710223411266 159.5 -71.5 5.706408530934585 5
0000 0001 1710223411371 5.6875 -75.0 6.169670728876048 5
0000 0012 1710223411371 4.875 -73.0 0.32520392703175593 5
0000 0014 1710223411507 -58.5625 -65.0 4.890330751779424 5
0000 0008 1710223411507 -3.25 -59.5 1.337631247036279 5
0000 0006 1710223411508 61.8125 -64.0 0.39269908169872414 5
0000 0015 1710223411508 97.625 -71.0 5.71868037723767 5
0000 0005 1710223411508 35.75 -63.5 0.3436116964863836 5
0000 0000 1710223411508 41.5 -72.0 0.4356505437595221 5
0000 0003 1710223411509 55.3125 -71.5 3.5036121195308043 5
0000 0001 1710223411509 61.0 -75.5 6.071495958451368 5
0000 0012 1710223411509 -6.0625 -73.5 0.30679615757712825 5
0000 0014 1710223411510 6.5 -65.5 4.749204519293945 5
0000 0005 1710223411510 91.125 -63.5 0.3129320807286708 5
0000 0007 1710223411510 -39.0 -66.5 2.9145634969827183 5
0000 0001 1710223411511 52.0625 -72.5 2.9513790358919736 5
0000 0008 1710223411511 26.0 -59.5 1.2701360923693108 5
0000 0015 1710223411512 113.875 -71.0 5.675728915176872 5
0000 0006 1710223411512 -9.75 -64.5 0.47860200582032003 5
0000 0000 1710223411512 30.875 -71.5 0.5583690067903734 5
0000 0003 1710223411621 -21.9375 -72.5 0.3865631585471816 5
0000 0012 1710223411621 -6.5 -73.5 0.3620194659410113 5
0000 0000 1710223411748 104.125 -72.0 0.4172427743048944 5
0000 0007 1710223411748 -45.5625 -66.0 2.8838838812250054 5
0000 0014 1710223411748 -52.0625 -65.5 4.828971520263998 5
0000 0015 1710223411749 -81.375 -70.5 6.092971689481767 5
0000 0005 1710223411749 45.5625 -63.5 0.3988350048502667 5
0000 0006 1710223411749 3.25 -63.5 0.4479223900626072 5
0000 0008 1710223411749 32.5 -59.0 1.2762720155208536 5
0000 0001 1710223411750 -52.0625 -73.5 3.1661363461959633 5
0000 0003 1710223411750 -7.3125 -72.5 0.4295146206079795 5
0000 0012 1710223411750 -11.125 -73.5 0.32520392703175593 5
0000 0006 1710223411751 52.0625 -64.0 0.3620194659410113 5
0000 0015 1710223411751 -45.5625 -70.5 6.12365130523948 5
0000 0007 1710223411752 22.75 -66.5 2.773437264497239 5
0000 0008 1710223411752 -16.25 -59.0 1.325359400733194 5
0000 0005 1710223411752 55.3125 -63.5 0.39269908169872414 5
0000 0014 1710223411753 -84.625 -65.5 4.921010367537137 5
0000 0000 1710223411753 -30.875 -71.0 0.5951845456996288 5
0000 0003 1710223411871 -0.8125 -72.5 0.3712233506683252 5
0000 0001 1710223411871 -12.1875 -74.5 0.0030679615757712823 5
0000 0012 1710223411872 7.3125 -73.5 0.3313398501832985 5
0000 0000 1710223412000 191.1875 -71.0 0.2454369260617026 5
0000 0014 1710223412000 -16.25 -65.5 4.773748211900116 5
0000 0006 1710223412001 32.5 -64.5 0.3865631585471816 5
0000 0005 1710223412001 -29.25 -64.0 0.521553467881118 5
0000 0008 1710223412001 9.75 -59.0 1.3192234775816514 5
0000 0007 1710223412002 -3.25 -67.0 2.8532042654672924 5
0000 0015 1710223412002 0.0 -71.0 5.970253226450915 5
0000 0003 1710223412002 28.4375 -73.0 0.3282718886075272 5
0000 0001 1710223412002 30.875 -74.5 6.10217557420908 5
0000 0012 1710223412003 12.9375 -74.0 0.2270291566070749 5
0000 0015 1710223412003 -3.25 -71.0 5.8659425328746915 5
0000 0005 1710223412003 24.375 -64.0 0.3865631585471816 5
0000 0008 1710223412004 55.3125 -59.5 1.1903690913992575 5
0000 0014 1710223412004 -61.8125 -65.5 4.853515212870168 5
0000 0006 1710223412005 35.75 -64.5 0.34974761963792617 5
0000 0007 1710223412005 61.8125 -66.5 2.742757648739526 5
0000 0000 1710223412005 -156.1875 -71.0 0.619728238305799 5
0000 0003 1710223412121 -0.8125 -72.5 0.3374757733348411 5
0000 0012 1710223412122 -0.5625 -74.0 0.2699806186678728 5
0000 0008 1710223412122 26.0 -59.0 1.214912784005428 5
0000 0015 1710223412122 19.5 -71.5 5.9518454569962875 5
0000 0014 1710223412123 -58.5625 -65.0 4.822835597112456 5
0000 0007 1710223412123 55.3125 -66.5 2.7120780329818137 5
0000 0005 1710223412123 42.3125 -63.5 0.3313398501832985 5
0000 0000 1710223412124 156.1875 -71.5 0.3313398501832985 5
0000 0006 1710223412124 13.0 -64.5 0.35588354278946877 5
0000 0001 1710223412365 -6.6875 -75.5 6.117515382087937 5
0000 0003 1710223412365 -9.75 -72.5 0.42337869745643697 5
0000 0012 1710223412365 3.1875 -73.5 0.2638446955163303 5
0000 0005 1710223412366 -13.0 -64.0 0.35588354278946877 5
0000 0006 1710223412366 45.5625 -65.0 0.2638446955163303 5
0000 0007 1710223412366 0.0 -67.0 2.767301341345697 5
0000 0008 1710223412366 6.5 -59.0 1.227184630308513 5
0000 0000 1710223412366 -34.9375 -72.0 0.4970097752749477 5
0000 0014 1710223412366 19.5 -65.5 4.675573441475434 5
0000 0015 1710223412367 -6.5 -71.0 5.970253226450915 5
0000 0003 1710223412368 -17.875 -72.5 0.3466796580621549 5
0000 0001 1710223412368 22.75 -75.0 6.14819499784565 5
0000 0012 1710223412369 -1.8125 -73.5 0.25770877236478773 5
0000 0005 1710223412369 71.5625 -63.0 0.19634954084936207 5
0000 0015 1710223412369 -146.4375 -71.5 6.086835766330224 5
0000 0007 1710223412370 45.5625 -66.0 2.6691265709210157 5
0000 0008 1710223412370 0.0 -59.0 1.2026409377023426 5
0000 0014 1710223412370 -3.25 -65.0 4.6878452877785195 5
0000 0006 1710223412370 22.75 -65.0 0.3313398501832985 5
0000 0000 1710223412371 -48.8125 -72.0 0.4663301595172349 5
0000 0001 1710223412617 81.375 -75.0 6.043884304269426 5
0000 0012 1710223412618 -2.5625 -73.5 0.32520392703175593 5
0000 0003 1710223412618 3.625 -72.5 0.3129320807286708 5
0000 0006 1710223412618 68.3125 -64.0 0.18407769454627693 5
0000 0015 1710223412618 -55.3125 -71.0 5.902758071783947 5
0000 0014 1710223412619 -78.0625 -64.5 4.865787059173254 5
0000 0005 1710223412619 48.8125 -63.5 0.23930100291016002 5
0000 0007 1710223412619 -97.625 -66.5 2.8777479580734626 5
0000 0008 1710223412620 0.0 -59.5 1.1903690913992575 5
0000 0001 1710223412620 -45.5625 -73.0 3.2090878082567613 5
0000 0000 1710223412620 -22.75 -73.0 0.3865631585471816 5
0000 0003 1710223412621 40.6875 -72.5 0.14419419406125028 5
0000 0012 1710223412621 1.1875 -73.5 0.30066023442558565 5
0000 0008 1710223412621 45.5625 -59.0 1.1106020904292042 5
0000 0014 1710223412621 48.8125 -65.5 4.7307967498393175 5
0000 0006 1710223412622 16.25 -64.5 0.23930100291016002 5
0000 0015 1710223412622 -84.625 -71.0 5.93343768754166 5
0000 0005 1710223412622 61.8125 -63.0 0.20248546400090464 5
0000 0007 1710223412623 32.5 -66.5 2.6875343403756435 5
0000 0003 1710223412867 18.6875 -72.5 0.2239611950313036 5
0000 0000 1710223412867 4.0625 -72.5 0.35895150436524004 5
0000 0001 1710223412867 -0.8125 -75.0 6.138991113118336 5
0000 0012 1710223412868 13.6875 -73.5 0.28225246497095796 5
0000 0001 1710223412868 -345.0 -73.5 3.522019888985432 5
0000 0007 1710223412868 61.8125 -65.5 2.6139032625571326 5
0000 0008 1710223412869 6.5 -58.5 1.1780972450961724 5
0000 0014 1710223412869 -35.75 -66.0 4.828971520263998 5
0000 0006 1710223412869 32.5 -65.0 0.21475731030398976 5
0000 0015 1710223412870 -182.25 -71.5 6.17273869045182 5
0000 0005 1710223412870 3.25 -63.5 0.35588354278946877 5
0000 0003 1710223412870 0.0 -72.5 0.24850488763747386 5
0000 0000 1710223412871 14.625 -73.0 0.42337869745643697 5
0000 0012 1710223412871 14.625 -73.5 3.3870295796514958 5
0000 0008 1710223412871 29.25 -59.0 1.1780972450961724 5
0000 0006 1710223412871 -3.25 -64.5 0.2761165418194154 5
0000 0014 1710223412872 6.5 -65.0 4.718524903536232 5
0000 0005 1710223412872 27.625 -64.0 0.30679615757712825 5
0000 0015 1710223412872 -65.0625 -71.5 5.835262917116979 5
0000 0007 1710223412873 61.8125 -66.5 2.761165418194154 5
0000 0001 1710223412873 84.625 -75.5 2.890019804376548 5
0000 0003 1710223413115 -8.125 -73.0 0.3313398501832985 5
0000 0000 1710223413115 22.75 -72.5 3.4391849264396077 5
0000 0012 1710223413116 23.4375 -73.5 0.2270291566070749 5
0000 0006 1710223413116 16.25 -65.0 0.30679615757712825 5
0000 0008 1710223413116 35.75 -59.0 1.1535535524900022 5
0000 0005 1710223413117 24.375 -63.5 0.2761165418194154 5
0000 0014 1710223413117 -19.5 -65.0 4.718524903536232 5
0000 0007 1710223413117 68.3125 -66.0 2.6691265709210157 5
0000 0015 1710223413118 120.4375 -69.5 5.890486225480862 5
0000 0001 1710223413118 -270.125 -74.0 3.6079228131070282 5
0000 0003 1710223413118 -10.5625 -72.5 0.25770877236478773 5
0000 0000 1710223413118 -26.0 -73.0 0.4724660826687775 5
0000 0012 1710223413119 -3.625 -73.5 0.3374757733348411 5
0000 0015 1710223413119 169.25 -71.0 5.559146375297564 5
0000 0003 1710223413119 -16.25 -71.0 2.9206994201342606 5
0000 0014 1710223413120 -84.625 -65.0 4.804427827657828 5
0000 0006 1710223413120 32.5 -64.0 0.2638446955163303 5
0000 0008 1710223413120 3.25 -59.0 1.1535535524900022 5
0000 0005 1710223413121 42.3125 -63.5 0.2638446955163303 5
0000 0007 1710223413121 6.5 -67.0 2.6813984172241008 5
0000 0000 1710223413121 90.3125 -72.0 0.2270291566070749 5
0000 0001 1710223413121 -55.3125 -73.5 2.9391071895888885 5
0000 0012 1710223413349 2.5625 -73.0 0.2761165418194154 5
0000 0015 1710223413349 19.5 -71.0 5.896622148632405 5
0000 0003 1710223413350 91.125 -72.5 2.748893571891069 5
0000 0006 1710223413350 -32.5 -64.5 0.37429131224409645 5
0000 0008 1710223413350 19.5 -59.0 1.1167380135807468 5
0000 0014 1710223413350 16.25 -66.0 4.71238898038469 5
0000 0007 1710223413351 -87.875 -66.5 2.8286605728611223 5
0000 0005 1710223413351 3.25 -63.5 0.28838838812250056 5
0000 0000 1710223413351 19.5 -73.0 0.34974761963792617 5
0000 0001 1710223413352 -4.0625 -74.5 6.065360035299825 5
0000 0012 1710223413352 2.5625 -73.0 0.28225246497095796 5
0000 0006 1710223413352 29.25 -64.5 0.2454369260617026 5
0000 0000 1710223413353 -197.6875 -71.0 0.6688156235181395 5
0000 0005 1710223413353 22.75 -63.5 0.23930100291016002 5
0000 0003 1710223413353 39.0 -71.5 2.816388726558037 5
0000 0007 1710223413353 -45.5625 -66.0 2.767301341345697 5
0000 0008 1710223413354 35.75 -59.0 1.0799224746714913 5
0000 0015 1710223413354 133.4375 -71.0 5.688000761479957 5
0000 0014 1710223413354 32.5 -66.0 4.724660826687775 5
0000 0001 1710223413355 325.5 -74.0 2.6445828783148455 5
0000 0012 1710223413380 5.1875 -73.0 0.20248546400090464 5
0000 0003 1710223413602 325.5 -71.0 2.356194490192345 5
0000 0007 1710223413602 6.5 -66.0 2.736621725587984 5
0000 0005 1710223413603 -16.25 -64.0 0.3129320807286708 5
0000 0000 1710223413603 -45.5625 -72.0 0.3436116964863836 5
0000 0014 1710223413603 -26.0 -65.0 4.73693267299086 5
0000 0008 1710223413604 0.0 -59.0 1.1106020904292042 5
0000 0006 1710223413604 -19.5 -64.5 0.2638446955163303 5
0000 0015 1710223413604 -29.25 -71.0 5.915029918087033 5
0000 0001 1710223413605 43.125 -75.5 6.086835766330224 5
0000 0012 1710223413605 -9.75 -73.5 0.3129320807286708 5
0000 0006 1710223413605 22.75 -65.0 0.18407769454627693 5
0000 0008 1710223413605 16.25 -59.0 1.0983302441261191 5
0000 0007 1710223413606 13.0 -66.0 2.662990647769473 5
0000 0005 1710223413606 -48.8125 -64.5 0.3436116964863836 5
0000 0014 1710223413607 -32.5 -65.0 4.76147636559703 5
0000 0015 1710223413608 -9.75 -71.5 5.988660995905543 5
0000 0000 1710223413608 48.8125 -72.5 0.2454369260617026 5
0000 0001 1710223413608 312.4375 -75.5 2.5341362615870793 5
0000 0003 1710223413609 -22.75 -71.0 2.834796496012665 5
0000 0012 1710223413840 11.125 -73.5 0.1595340019401067 5
0000 0014 1710223413840 -22.75 -65.5 4.6878452877785195 5
0000 0007 1710223413840 -48.8125 -66.0 2.8409324191642074 5
0000 0006 1710223413840 -55.3125 -64.0 0.25770877236478773 5
0000 0015 1710223413841 -35.75 -72.0 5.945709533844745 5
0000 0008 1710223413841 0.0 -59.0 1.0799224746714913 5
0000 0000 1710223413841 113.875 -70.0 0.07363107781851078 5
0000 0005 1710223413842 6.5 -63.5 0.2945243112740431 5
0000 0003 1710223413842 -29.25 -71.0 2.804116880254952 5
0000 0001 1710223413842 52.0625 -75.0 5.942641572268974 5
0000 0012 1710223413843 -16.875 -73.5 0.2945243112740431 5
0000 0007 1710223413843 45.5625 -67.0 2.6875343403756435 5
0000 0014 1710223413843 -58.5625 -65.0 4.792155981354743 5
0000 0008 1710223413844 -35.75 -58.5 1.1474176293384597 5
0000 0003 1710223413844 -71.5625 -71.5 2.9329712664373457 5
0000 0006 1710223413844 -39.0 -65.0 0.1902136176978195 5
0000 0005 1710223413844 -26.0 -63.5 0.4049709280018093 5
0000 0015 1710223413845 -68.3125 -71.5 6.056156150572511 5
0000 0000 1710223413845 93.5625 -70.0 0.15339807878856412 5
0000 0001 1710223413845 136.6875 -73.5 2.724349879284899 5
0000 0012 1710223413871 -8.5 -73.5 0.3190680038802134 5
0000 0008 1710223414076 -13.0 -59.0 1.1228739367322893 5
0000 0007 1710223414076 139.9375 -66.0 2.662990647769473 5
0000 0003 1710223414076 26.0 -71.5 2.82252464970958 5
0000 0015 1710223414077 -78.0625 -71.5 5.927301764390117 5
0000 0005 1710223414077 -22.75 -63.0 0.34974761963792617 5
0000 0014 1710223414077 -123.6875 -65.5 4.921010367537137 5
0000 0006 1710223414078 3.25 -65.5 0.1718058482431918 5
0000 0000 1710223414078 -123.6875 -72.0 0.521553467881118 5
0000 0001 1710223414078 13.0 -74.0 3.2643111166206444 5
0000 0012 1710223414079 9.125 -73.0 0.2454369260617026 5
0000 0000 1710223414079 17.0625 -71.5 0.23930100291016002 5
0000 0005 1710223414079 48.8125 -63.5 0.2638446955163303 5
0000 0008 1710223414080 -26.0 -58.5 1.1106020904292042 5
0000 0006 1710223414080 -13.0 -64.5 0.20248546400090464 5
0000 0003 1710223414080 126.9375 -71.0 2.779573187648782 5
0000 0014 1710223414081 -22.75 -65.0 4.7307967498393175 5
0000 0007 1710223414081 -13.0 -66.0 2.8286605728611223 5
0000 0015 1710223414081 -100.875 -70.5 6.12365130523948 5
0000 0001 1710223414082 0.0 -73.0 3.1906800388021335 5
0000 0012 1710223414124 -9.75 -73.5 0.3436116964863836 5
0000 0015 1710223414316 -123.6875 -71.0 6.2034183062095325 5
0000 0007 1710223414317 35.75 -66.5 2.791845033951867 5
0000 0005 1710223414317 -26.0 -63.5 0.3313398501832985 5
0000 0006 1710223414317 -48.8125 -65.0 0.21475731030398976 5
0000 0008 1710223414317 13.0 -59.0 1.0676506283684062 5
0000 0000 1710223414318 17.0625 -72.0 0.30066023442558565 5
0000 0003 1710223414318 -152.9375 -71.0 3.06182565261974 5
0000 0014 1710223414318 -68.3125 -65.0 4.798291904506286 5
0000 0001 1710223414319 -21.125 -74.5 6.240233845118788 5
0000 0012 1710223414319 5.1875 -73.5 0.23316507975861744 5
0000 0000 1710223414320 -38.1875 -70.0 0.28225246497095796 5
0000 0006 1710223414320 19.5 -65.0 0.16566992509164924 5
0000 0008 1710223414321 39.0 -59.0 1.0615147052168636 5
0000 0014 1710223414321 13.0 -65.0 4.6448938257177215 5
0000 0003 1710223414321 -91.125 -71.5 3.104777114680538 5
0000 0015 1710223414322 -117.125 -70.5 6.22182607566416 5
0000 0005 1710223414322 -3.25 -63.5 0.3129320807286708 5
0000 0007 1710223414322 -22.75 -66.5 2.7979809571034093 5
0000 0001 1710223414323 279.9375 -73.5 2.6875343403756435 5
0000 0012 1710223414380 -16.875 -73.0 0.3988350048502667 5
0000 0007 1710223414555 -146.4375 -66.5 2.9513790358919736 5
0000 0000 1710223414555 -152.9375 -72.0 0.4724660826687775 5
0000 0014 1710223414555 -97.625 -65.0 4.8351074434155406 5
0000 0006 1710223414556 6.5 -65.0 0.2761165418194154 5
0000 0015 1710223414556 -126.9375 -72.0 6.0991076126333095 5
0000 0008 1710223414556 13.0 -59.0 1.1290098598838318 5
0000 0003 1710223414557 130.1875 -71.5 2.859340188618835 5
0000 0001 1710223414557 -3.25 -74.0 3.104777114680538 5
0000 0005 1710223414557 -52.0625 -64.0 0.3436116964863836 5
0000 0012 1710223414557 2.5625 -73.0 0.28225246497095796 5
0000 0003 1710223414558 55.3125 -71.0 2.804116880254952 5
0000 0005 1710223414558 32.5 -64.0 0.34974761963792617 5
0000 0000 1710223414559 340.125 -70.5 0.0 5
0000 0008 1710223414559 9.75 -59.5 1.1658253987930873 5
0000 0014 1710223414560 39.0 -65.0 4.620350133111551 5
0000 0006 1710223414560 -74.8125 -65.0 0.3620194659410113 5
0000 0007 1710223414560 48.8125 -66.0 2.693670263527186 5
0000 0015 1710223414560 -39.0 -71.0 6.0991076126333095 5
0000 0001 1710223414561 -110.625 -75.0 3.104777114680538 5
0000 0012 1710223414620 7.125 -73.5 0.2761165418194154 5
0000 0005 1710223414788 3.25 -63.5 0.4356505437595221 5
0000 0006 1710223414788 3.25 -64.5 0.25770877236478773 5
0000 0000 1710223414788 -69.125 -71.0 0.5154175447295755 5
0000 0008 1710223414788 9.75 -59.0 1.1903690913992575 5
0000 0014 1710223414789 45.5625 -65.0 4.663301595172349 5
0000 0003 1710223414789 -13.0 -71.0 2.8838838812250054 5
0000 0001 1710223414789 234.3125 -72.5 2.650718801466388 5
0000 0015 1710223414790 -74.8125 -71.0 5.994796919057086 5
0000 0007 1710223414790 29.25 -66.5 2.7550294950426117 5
0000 0012 1710223414790 0.5625 -73.5 0.32520392703175593 5
0000 0000 1710223414790 -48.8125 -70.5 0.3620194659410113 5
0000 0008 1710223414791 3.25 -59.0 1.2026409377023426 5
0000 0005 1710223414791 29.25 -63.5 0.3865631585471816 5
0000 0006 1710223414792 -42.3125 -65.0 0.30679615757712825 5
0000 0014 1710223414792 -3.25 -65.0 4.7307967498393175 5
0000 0007 1710223414792 55.3125 -66.5 2.748893571891069 5
0000 0015 1710223414793 -100.875 -71.5 6.056156150572511 5
0000 0003 1710223414793 -22.75 -71.0 2.9268353432858034 5
0000 0001 1710223414793 -45.5625 -73.5 3.227495577711389 5
0000 0012 1710223414870 1.9375 -73.0 0.28225246497095796 5
0000 0014 1710223415035 32.5 -65.0 4.601942363656923 5
0000 0007 1710223415035 126.9375 -66.5 2.7120780329818137 5
0000 0006 1710223415035 19.5 -65.0 0.2270291566070749 5
0000 0008 1710223415035 -16.25 -59.0 1.2210487071569704 5
0000 0005 1710223415036 -65.875 -64.0 0.5338253141842031 5
0000 0003 1710223415036 -149.6875 -71.0 3.2090878082567613 5
0000 0000 1710223415036 -100.875 -70.0 0.47860200582032003 5
0000 0015 1710223415037 68.3125 -71.5 5.8475347634200645 5
0000 0001 1710223415037 -42.3125 -73.5 2.8961557275280905 5
0000 0012 1710223415037 -2.5625 -73.5 0.2761165418194154 5
0000 0006 1710223415037 42.3125 -65.5 0.1902136176978195 5
0000 0015 1710223415038 -126.9375 -71.0 6.129787228391022 5
0000 0008 1710223415038 16.25 -58.5 1.1965050145508 5
0000 0014 1710223415039 74.8125 -65.0 4.595806440505381 5
0000 0005 1710223415039 32.5 -64.0 0.44178646691106466 5
0000 0007 1710223415039 68.3125 -66.5 2.6875343403756435 5
0000 0003 1710223415040 -87.875 -71.5 2.8838838812250054 5
0000 0001 1710223415040 224.5625 -73.5 2.945243112740431 5
0000 0000 1710223415041 45.5625 -71.5 0.25157284921324513 5
0000 0012 1710223415121 5.4375 -73.0 0.25770877236478773 5
0000 0000 1710223415272 -100.875 -71.0 0.5767767762450011 5
0000 0005 1710223415272 13.8125 -63.5 0.36815538909255385 5
0000 0003 1710223415273 -52.0625 -70.5 2.8716120349219203 5
0000 0014 1710223415273 -61.8125 -65.5 4.804427827657828 5
0000 0006 1710223415273 19.5 -65.0 0.25157284921324513 5
0000 0008 1710223415273 13.0 -59.0 1.1719613219446299 5
0000 0007 1710223415274 78.0625 -66.5 2.6998061866787286 5
0000 0015 1710223415274 -13.0 -71.0 5.994796919057086 5
0000 0001 1710223415274 -45.5625 -73.0 3.3072625786814425 5
0000 0012 1710223415275 -5.4375 -73.5 0.30066023442558565 5
0000 0007 1710223415275 91.125 -66.5 2.718213956133356 5
0000 0000 1710223415275 225.375 -71.0 0.14112623248547898 5
0000 0008 1710223415276 -13.0 -59.0 1.2210487071569704 5
0000 0006 1710223415276 -19.5 -65.0 0.2761165418194154 5
0000 0005 1710223415277 84.625 -63.5 0.30066023442558565 5
0000 0014 1710223415277 -26.0 -65.5 4.755340442445488 5
0000 0003 1710223415277 81.375 -70.5 2.84706834231575 5
0000 0015 1710223415277 -133.4375 -71.5 6.062292073724054 5
0000 0001 1710223415278 -113.875 -74.0 3.2704470397721868 5
0000 0012 1710223415371 -4.5625 -73.5 0.37429131224409645 5
0000 0014 1710223415509 9.75 -64.5 4.749204519293945 5
0000 0000 1710223415509 27.625 -71.5 0.3190680038802134 5
0000 0006 1710223415510 -9.75 -64.5 0.3129320807286708 5
0000 0003 1710223415510 -42.3125 -71.0 2.9513790358919736 5
0000 0008 1710223415510 -19.5 -59.0 1.239456476611598 5
0000 0005 1710223415510 -13.8125 -63.5 0.4663301595172349 5
0000 0001 1710223415511 -9.75 -72.0 3.000466421104314 5
0000 0015 1710223415511 65.0625 -71.5 5.767767762450011 5
0000 0007 1710223415511 -3.25 -67.0 2.7979809571034093 5
0000 0012 1710223415512 -5.75 -73.5 0.34974761963792617 5
0000 0005 1710223415512 26.0 -63.5 0.4356505437595221 5
0000 0003 1710223415512 -117.125 -71.0 3.018874190558942 5
0000 0000 1710223415513 -76.4375 -70.5 0.521553467881118 5
0000 0008 1710223415513 52.0625 -58.5 1.141281706186917 5
0000 0014 1710223415513 87.875 -66.0 4.558990901596125 5
0000 0015 1710223415514 -299.4375 -70.5 0.1349903093339364 5
0000 0006 1710223415514 -35.75 -64.5 0.2699806186678728 5
0000 0007 1710223415514 -58.5625 -66.0 2.9206994201342606 5
0000 0001 1710223415515 68.3125 -72.5 2.945243112740431 5
0000 0012 1710223415621 5.4375 -73.5 0.23316507975861744 5
0000 0007 1710223415747 -71.5625 -66.5 2.9145634969827183 5
0000 0014 1710223415747 52.0625 -65.5 4.669437518323892 5
0000 0008 1710223415747 13.0 -59.0 1.2455923997631406 5
0000 0000 1710223415747 -65.875 -71.5 0.5829126993965437 5
0000 0003 1710223415748 182.25 -70.5 2.945243112740431 5
0000 0015 1710223415748 -123.6875 -71.0 6.2034183062095325 5
0000 0005 1710223415748 27.625 -63.5 0.4295146206079795 5
0000 0006 1710223415749 -3.25 -64.0 0.28225246497095796 5
0000 0001 1710223415749 6.5 -74.5 2.9513790358919736 5
0000 0012 1710223415749 -9.75 -73.5 0.30066023442558565 5
0000 0008 1710223415749 55.3125 -59.0 1.1596894756415448 5
0000 0003 1710223415750 -65.0625 -70.5 2.9820586516496865 5
0000 0000 1710223415750 -26.0 -72.0 0.5829126993965437 5
0000 0005 1710223415751 27.625 -63.0 0.4540583132141498 5
0000 0015 1710223415751 185.5 -72.0 5.546874528994478 5
0000 0007 1710223415751 68.3125 -66.5 2.705942109830271 5
0000 0014 1710223415752 -39.0 -65.5 4.767612288748572 5
0000 0006 1710223415752 -3.25 -65.0 0.3313398501832985 5
0000 0001 1710223415753 81.375 -74.5 2.9145634969827183 5
0000 0012 1710223415872 5.75 -73.0 0.2086213871524472 5
0000 0006 1710223415872 55.3125 -64.5 0.23316507975861744 5
0000 0015 1710223415872 -71.5625 -72.0 6.037748381117884 5
0000 0003 1710223415873 74.8125 -71.5 2.804116880254952 5
0000 0005 1710223415873 34.9375 -63.5 0.4540583132141498 5
0000 0008 1710223415873 -6.5 -59.5 1.2517283229146832 5
0000 0014 1710223415874 -97.625 -65.5 4.878058905476339 5
0000 0000 1710223415874 17.0625 -72.0 0.39269908169872414 5
0000 0007 1710223415874 -52.0625 -67.0 2.859340188618835 5
0000 0001 1710223415874 -234.3125 -73.5 3.3624858870453256 5
0000 0012 1710223416098 -7.75 -73.5 0.2945243112740431 5
0000 0005 1710223416098 45.5625 -64.0 0.4663301595172349 5
0000 0003 1710223416099 -78.0625 -70.5 3.153864499892878 5
0000 0008 1710223416099 3.25 -59.0 1.239456476611598 5
0000 0006 1710223416099 19.5 -64.0 0.28225246497095796 5
0000 0014 1710223416100 -84.625 -65.5 4.841243366567084 5
0000 0007 1710223416100 -48.8125 -67.0 2.8286605728611223 5
0000 0001 1710223416100 188.75 -73.5 2.8532042654672924 5
0000 0015 1710223416100 -3.25 -72.0 5.872078456026235 5
0000 0000 1710223416101 97.625 -71.5 0.36815538909255385 5
0000 0012 1710223416101 4.5625 -73.5 0.30679615757712825 5
0000 0015 1710223416101 -113.875 -71.5 6.0991076126333095 5
0000 0007 1710223416102 71.5625 -66.5 2.662990647769473 5
0000 0003 1710223416102 -65.0625 -71.0 3.104777114680538 5
0000 0008 1710223416103 16.25 -59.0 1.2455923997631406 5
0000 0014 1710223416103 -65.0625 -65.5 4.865787059173254 5
0000 0006 1710223416103 -3.25 -64.5 0.3129320807286708 5
0000 0005 1710223416103 7.3125 -63.5 0.47860200582032003 5
0000 0000 1710223416104 152.9375 -72.0 0.32520392703175593 5
0000 0001 1710223416119 -10.5625 -74.5 6.126719266815251 5
