0000 0005 1710224096510 32.5 -60.5 1.2455923997631406 5
0000 0015 1710224096511 3.25 -68.0 2.497320722677824 5
0000 0001 1710224096511 -19.5 -72.0 1.8775924843720249 5
0000 0007 1710224096511 35.75 -70.0 5.166447293598839 5
0000 0008 1710224096512 -22.75 -64.5 3.706097583531709 5
0000 0000 1710224096512 41.5 -66.5 5.056000676871073 5
0000 0004 1710224096513 -42.3125 -67.0 2.7857091108003242 5
0000 0014 1710224096513 -110.625 -68.5 2.2212041808584084 5
0000 0013 1710224096513 -2.4375 -75.0 2.024854640009046 5
0000 0005 1710224096514 35.75 -61.0 1.2026409377023426 5
0000 0015 1710224096514 -97.625 -68.0 2.6813984172241008 5
0000 0004 1710224096515 -9.75 -66.0 2.6691265709210157 5
0000 0008 1710224096516 -39.0 -64.0 3.6754179677739964 5
0000 0000 1710224096516 -30.875 -66.0 5.117359908386499 5
0000 0014 1710224096516 74.8125 -68.0 2.018718716857504 5
0000 0001 1710224096517 19.5 -71.0 1.8100973297050567 5
0000 0007 1710224096517 -143.1875 -70.5 5.546874528994478 5
0000 0013 1710224096629 -6.0625 -75.5 2.0800779483729293 5
0000 0008 1710224096629 -16.25 -64.0 3.6140587362585705 5
0000 0005 1710224096630 -35.75 -60.5 1.325359400733194 5
0000 0014 1710224096630 -133.4375 -68.5 2.2641556429192065 5
0000 0000 1710224096630 -55.3125 -66.5 5.178719139901925 5
0000 0001 1710224096631 97.625 -71.5 1.9082721001297376 5
0000 0007 1710224096631 -94.375 -70.5 5.381204603902829 5
0000 0015 1710224096631 -32.5 -68.0 2.6813984172241008 5
0000 0004 1710224096632 87.875 -66.5 2.5770877236478773 5
0000 0013 1710224096833 -17.6875 -75.0 2.2089323345553233 5
0000 0005 1710224096833 -3.25 -60.5 1.2640001692177683 5
0000 0001 1710224096833 32.5 -72.0 1.7794177139473437 5
0000 0008 1710224096834 -48.8125 -64.0 3.6570101983193686 5
0000 0000 1710224096834 -27.625 -67.5 5.160311370447297 5
0000 0015 1710224096834 97.625 -67.5 2.411417798556228 5
0000 0007 1710224096835 78.0625 -71.5 5.1725832167503825 5
0000 0004 1710224096835 -26.0 -66.5 2.791845033951867 5
0000 0014 1710224096835 -52.0625 -69.0 2.1782527187976104 5
0000 0013 1710224096836 16.4375 -74.5 1.9757672547967058 5
0000 0007 1710224096836 26.0 -70.5 5.227806525114265 5
0000 0014 1710224096836 19.5 -68.5 2.1353012567368124 5
0000 0005 1710224096837 29.25 -60.5 1.227184630308513 5
0000 0015 1710224096838 42.3125 -68.5 2.5157284921324514 5
0000 0008 1710224096838 -78.0625 -64.0 3.6815538909255388 5
0000 0000 1710224096838 -38.1875 -66.0 5.037592907416445 5
0000 0001 1710224096839 48.8125 -72.0 1.9266798695843652 5
0000 0004 1710224096839 -13.0 -67.0 2.7550294950426117 5
0000 0013 1710224096879 1.8125 -75.0 2.0923497946760143 5
0000 0008 1710224097052 -19.5 -64.0 3.650874275167826 5
0000 0014 1710224097053 -52.0625 -69.0 2.227340104009951 5
0000 0007 1710224097053 -71.5625 -70.0 5.190990986205009 5
0000 0000 1710224097053 -73.1875 -66.0 5.221670601962723 5
0000 0005 1710224097054 45.5625 -61.0 1.2087768608538851 5
0000 0004 1710224097054 0.0 -66.5 2.7120780329818137 5
0000 0015 1710224097054 0.0 -68.5 2.6568547246179306 5
0000 0001 1710224097054 -224.5625 -72.0 2.227340104009951 5
0000 0013 1710224097055 -3.0 -75.0 5.098952138931871 5
0000 0000 1710224097055 79.75 -66.5 4.963961829597935 5
0000 0005 1710224097056 13.0 -60.5 1.2946797849754812 5
0000 0008 1710224097056 -3.25 -64.5 3.6324665057131984 5
0000 0015 1710224097057 16.25 -68.0 2.552544031041707 5
0000 0004 1710224097057 45.5625 -67.0 2.6998061866787286 5
0000 0014 1710224097057 74.8125 -69.0 2.1905245651006955 5
0000 0007 1710224097058 29.25 -71.0 5.154175447295755 5
0000 0001 1710224097059 -35.75 -71.5 1.8837284075235674 5
0000 0013 1710224097129 3.0 -74.5 2.030990563160589 5
0000 0007 1710224097273 -179.0 -71.0 5.424156065963627 5
0000 0015 1710224097273 -133.4375 -68.5 2.8716120349219203 5
0000 0008 1710224097274 29.25 -64.0 3.5956509668039427 5
0000 0005 1710224097274 21.125 -60.5 1.2210487071569704 5
0000 0014 1710224097274 81.375 -68.0 1.9941750242513334 5
0000 0000 1710224097275 93.5625 -66.5 4.9823695990525625 5
0000 0004 1710224097275 -100.875 -67.0 2.9022916506796332 5
0000 0001 1710224097275 84.625 -71.5 1.9144080232812801 5
0000 0013 1710224097276 11.5625 -75.0 2.0371264863121317 5
0000 0004 1710224097276 32.5 -66.5 2.705942109830271 5
0000 0000 1710224097276 -69.125 -66.5 5.258486140871978 5
0000 0014 1710224097277 -97.625 -69.0 2.2212041808584084 5
0000 0007 1710224097277 -58.5625 -70.5 5.283029833478148 5
0000 0005 1710224097278 -3.25 -60.5 1.282407938672396 5
0000 0008 1710224097278 -29.25 -64.5 3.6999616603801666 5
0000 0015 1710224097278 6.5 -68.0 2.662990647769473 5
0000 0001 1710224097279 -6.5 -72.5 1.945087639038993 5
0000 0013 1710224097380 7.875 -75.0 2.018718716857504 5
0000 0007 1710224097490 133.4375 -70.0 5.013049214810275 5
0000 0001 1710224097490 351.5 -73.0 1.4358060174609601 5
0000 0005 1710224097491 65.875 -61.0 1.1965050145508 5
0000 0004 1710224097491 26.0 -67.0 2.705942109830271 5
0000 0008 1710224097491 -52.0625 -64.0 3.7122335066832517 5
0000 0015 1710224097492 48.8125 -68.0 2.521864415283994 5
0000 0014 1710224097492 149.6875 -69.0 1.8775924843720249 5
0000 0000 1710224097492 117.125 -66.5 4.9823695990525625 5
0000 0013 1710224097493 0.0 -75.0 2.067806102069844 5
0000 0014 1710224097493 156.1875 -69.0 1.9573594853420782 5
0000 0001 1710224097493 55.3125 -72.0 1.6566992509164924 5
0000 0004 1710224097494 42.3125 -66.5 2.6875343403756435 5
0000 0007 1710224097494 -107.375 -70.0 5.350524988145116 5
0000 0000 1710224097495 -13.8125 -66.5 5.166447293598839 5
0000 0005 1710224097495 0.0 -60.5 1.2640001692177683 5
0000 0008 1710224097495 -35.75 -63.5 3.6017868899554855 5
0000 0015 1710224097496 94.375 -67.5 2.509592568980909 5
0000 0013 1710224097629 12.8125 -75.0 5.086680292628786 5
0000 0015 1710224097629 -32.5 -68.0 2.6568547246179306 5
0000 0014 1710224097629 113.875 -69.0 1.9573594853420782 5
0000 0008 1710224097629 -22.75 -64.0 3.6324665057131984 5
0000 0005 1710224097630 22.75 -60.5 1.282407938672396 5
0000 0004 1710224097630 48.8125 -67.0 2.675262494072558 5
0000 0000 1710224097630 97.625 -66.5 5.0253210611133605 5
0000 0007 1710224097631 -71.5625 -69.5 5.313709449235861 5
0000 0001 1710224097631 19.5 -71.5 1.8837284075235674 5
0000 0013 1710224097631 18.25 -74.5 1.945087639038993 5
0000 0008 1710224097815 -26.0 -64.5 3.663146121470911 5
0000 0015 1710224097815 35.75 -68.5 2.5709518004963345 5
0000 0007 1710224097816 -113.875 -70.0 5.2339424482658075 5
0000 0005 1710224097816 9.75 -60.5 1.2701360923693108 5
0000 0001 1710224097816 97.625 -73.0 1.705786636128833 5
0000 0000 1710224097817 104.125 -66.5 5.00077736850719 5
0000 0004 1710224097817 -91.125 -66.5 2.8532042654672924 5
0000 0014 1710224097817 -3.25 -69.0 2.1475731030398975 5
0000 0013 1710224097817 10.9375 -75.0 1.902136176978195 5
0000 0000 1710224097818 -10.5625 -66.5 5.043728830567988 5
0000 0007 1710224097818 146.4375 -70.5 4.95168998329485 5
0000 0004 1710224097818 -22.75 -66.5 2.718213956133356 5
0000 0015 1710224097819 -16.25 -69.0 2.4727770300716534 5
0000 0005 1710224097820 -3.25 -61.5 1.2762720155208536 5
0000 0014 1710224097820 29.25 -68.5 2.172116795646068 5
0000 0008 1710224097820 22.75 -64.0 3.454524734318464 5
0000 0001 1710224097821 146.4375 -71.0 1.5953400194010667 5
0000 0013 1710224097878 1.8125 -75.0 2.086213871524472 5
0000 0007 1710224098033 68.3125 -70.5 5.098952138931871 5
0000 0001 1710224098034 84.625 -71.5 1.8039614065535141 5
0000 0008 1710224098034 22.75 -64.5 3.472932503773092 5
0000 0000 1710224098034 83.0 -66.5 4.933282213840222 5
0000 0014 1710224098034 -175.75 -68.5 2.4727770300716534 5
0000 0015 1710224098035 -107.375 -69.5 2.730485802436441 5
0000 0005 1710224098035 59.375 -61.0 1.1903690913992575 5
0000 0004 1710224098035 61.8125 -66.5 2.5280003384355365 5
0000 0013 1710224098036 -0.5625 -75.0 2.061670178918302 5
0000 0000 1710224098036 34.9375 -66.5 5.043728830567988 5
0000 0014 1710224098036 -179.0 -69.0 2.325514874434632 5
0000 0001 1710224098037 29.25 -71.0 1.6935147898257479 5
0000 0004 1710224098037 32.5 -66.5 2.5770877236478773 5
0000 0005 1710224098038 0.0 -61.0 1.227184630308513 5
0000 0008 1710224098038 -32.5 -63.5 3.522019888985432 5
0000 0007 1710224098038 -143.1875 -69.5 5.344389064993574 5
0000 0015 1710224098039 -39.0 -68.0 2.5157284921324514 5
0000 0013 1710224098138 9.75 -75.0 5.043728830567988 5
0000 0005 1710224098253 62.625 -60.5 1.1596894756415448 5
0000 0015 1710224098253 48.8125 -68.0 2.509592568980909 5
0000 0014 1710224098253 146.4375 -69.5 1.9266798695843652 5
0000 0004 1710224098253 -87.875 -66.0 2.8286605728611223 5
0000 0000 1710224098254 -26.0 -67.0 5.092816215780329 5
0000 0008 1710224098254 -3.25 -63.5 3.479068426924634 5
0000 0007 1710224098254 45.5625 -70.0 5.203262832508095 5
0000 0001 1710224098255 -149.6875 -71.0 2.1598449493429825 5
0000 0013 1710224098255 0.5625 -75.0 2.0923497946760143 5
0000 0008 1710224098255 -61.8125 -64.0 3.5281558121369745 5
0000 0001 1710224098256 -9.75 -71.5 1.932815792735908 5
0000 0014 1710224098256 52.0625 -69.0 1.9696313316451632 5
0000 0007 1710224098257 -172.5 -69.5 5.460971604872882 5
0000 0005 1710224098258 26.0 -60.5 1.2026409377023426 5
0000 0004 1710224098258 -52.0625 -66.0 2.7857091108003242 5
0000 0000 1710224098258 -117.9375 -66.5 5.270757987175063 5
0000 0013 1710224098379 -17.0625 -75.0 2.172116795646068 5
0000 0000 1710224098379 -100.875 -67.0 5.240078371417351 5
0000 0004 1710224098379 52.0625 -66.0 2.6445828783148455 5
0000 0008 1710224098380 3.25 -64.0 3.423845118560751 5
0000 0014 1710224098380 9.75 -68.5 2.043262409463674 5
0000 0015 1710224098380 32.5 -68.5 2.5464081078901644 5
0000 0005 1710224098381 3.25 -61.5 1.1965050145508 5
0000 0007 1710224098381 0.0 -69.5 5.246214294568893 5
0000 0001 1710224098381 -35.75 -71.0 1.8346410223112268 5
0000 0013 1710224098590 -17.6875 -75.0 2.116893487282185 5
0000 0001 1710224098590 -45.5625 -72.0 1.9634954084936207 5
0000 0004 1710224098591 -97.625 -66.5 2.773437264497239 5
0000 0005 1710224098591 19.5 -61.0 1.239456476611598 5
0000 0008 1710224098591 -26.0 -64.5 3.393165502803038 5
0000 0000 1710224098592 -52.0625 -67.0 5.197126909356553 5
0000 0007 1710224098592 -39.0 -70.0 5.307573526084319 5
0000 0014 1710224098592 91.125 -69.0 1.9819031779482483 5
0000 0015 1710224098593 -26.0 -68.5 2.5464081078901644 5
0000 0013 1710224098593 -4.875 -74.5 2.141437179888355 5
0000 0001 1710224098593 -302.6875 -71.0 2.399145952253143 5
0000 0007 1710224098594 22.75 -70.5 5.0682725231741586 5
0000 0008 1710224098594 16.25 -64.5 3.2581751934691017 5
0000 0015 1710224098595 -13.0 -67.5 2.5586799541932495 5
0000 0005 1710224098595 48.8125 -60.5 1.141281706186917 5
0000 0014 1710224098595 45.5625 -69.5 2.073942025221387 5
0000 0004 1710224098596 9.75 -67.0 2.6016314162540475 5
0000 0000 1710224098596 74.8125 -67.0 4.994641445355648 5
0000 0013 1710224098632 2.4375 -75.0 5.184855063053467 5
0000 0008 1710224098807 107.375 -64.0 3.1231848841351653 5
0000 0004 1710224098807 6.5 -66.5 2.5402721847386216 5
0000 0014 1710224098808 13.0 -69.0 2.1230294104337273 5
0000 0007 1710224098808 26.0 -69.5 5.184855063053467 5
0000 0000 1710224098808 -34.9375 -67.0 5.080544369477243 5
0000 0005 1710224098809 3.25 -61.5 1.227184630308513 5
0000 0001 1710224098809 55.3125 -72.5 1.576932249946439 5
0000 0015 1710224098809 -9.75 -68.5 2.4911847995262812 5
0000 0013 1710224098810 10.9375 -75.0 2.018718716857504 5
0000 0007 1710224098810 -221.3125 -69.0 5.675728915176872 5
0000 0000 1710224098810 -22.75 -66.5 5.043728830567988 5
0000 0008 1710224098811 -61.8125 -63.5 3.399301425954581 5
0000 0005 1710224098811 -13.0 -61.0 1.239456476611598 5
0000 0015 1710224098812 13.0 -68.0 2.5402721847386216 5
0000 0014 1710224098812 16.25 -69.0 2.086213871524472 5
0000 0004 1710224098812 35.75 -66.0 2.4850488763747385 5
0000 0001 1710224098813 -3.25 -72.0 1.7671458676442586 5
0000 0013 1710224098879 -10.9375 -75.0 5.2339424482658075 5
0000 0008 1710224099023 -26.0 -64.5 3.4054373491061236 5
0000 0004 1710224099023 -19.5 -66.0 2.662990647769473 5
0000 0014 1710224099023 55.3125 -69.0 2.0064468705544187 5
0000 0015 1710224099024 130.1875 -68.0 2.454369260617026 5
0000 0005 1710224099024 84.625 -61.5 1.1903690913992575 5
0000 0000 1710224099024 -133.4375 -67.0 5.3198453723874035 5
0000 0007 1710224099025 -32.5 -71.0 5.344389064993574 5
0000 0001 1710224099025 58.5625 -71.5 1.7916895602504288 5
0000 0013 1710224099025 -14.625 -75.0 2.1537090261914402 5
0000 0008 1710224099026 -39.0 -64.0 3.429981041712294 5
0000 0005 1710224099026 21.125 -61.0 1.2333205534600555 5
0000 0014 1710224099026 71.5625 -69.0 1.9082721001297376 5
0000 0000 1710224099027 -52.0625 -67.0 5.203262832508095 5
0000 0015 1710224099027 65.0625 -67.5 2.5464081078901644 5
0000 0001 1710224099028 6.5 -72.0 1.902136176978195 5
0000 0004 1710224099028 -146.4375 -66.0 2.9391071895888885 5
0000 0007 1710224099028 -107.375 -70.0 5.3627968344482015 5
0000 0013 1710224099139 11.5625 -75.0 5.197126909356553 5
0000 0015 1710224099139 29.25 -68.5 2.5770877236478773 5
0000 0008 1710224099140 22.75 -63.5 3.4054373491061236 5
0000 0004 1710224099140 0.0 -66.5 2.742757648739526 5
0000 0014 1710224099140 117.125 -68.0 1.8775924843720249 5
0000 0007 1710224099140 78.0625 -70.0 5.184855063053467 5
0000 0005 1710224099141 -17.0625 -61.0 1.3437671701878218 5
0000 0000 1710224099141 -128.5625 -66.5 5.338253141842031 5
0000 0001 1710224099141 -156.1875 -72.0 2.086213871524472 5
0000 0013 1710224099348 -3.0 -75.0 1.9941750242513334 5
0000 0007 1710224099348 -91.125 -70.5 5.344389064993574 5
0000 0008 1710224099349 -48.8125 -64.0 3.5772431973493153 5
0000 0005 1710224099349 30.875 -60.5 1.282407938672396 5
0000 0014 1710224099349 97.625 -68.5 1.9573594853420782 5
0000 0000 1710224099350 26.0 -67.0 5.141903600992669 5
0000 0004 1710224099350 55.3125 -66.0 2.5770877236478773 5
0000 0015 1710224099350 81.375 -68.0 2.466641106920111 5
0000 0001 1710224099351 -146.4375 -71.0 2.116893487282185 5
0000 0013 1710224099351 8.5 -75.0 2.024854640009046 5
0000 0008 1710224099351 35.75 -63.5 3.466796580621549 5
0000 0007 1710224099351 113.875 -69.5 5.031456984264903 5
0000 0004 1710224099352 -9.75 -67.0 2.6813984172241008 5
0000 0000 1710224099353 -84.625 -67.0 5.166447293598839 5
0000 0005 1710224099353 -16.25 -61.0 1.3621749396424494 5
0000 0014 1710224099353 -149.6875 -69.5 2.356194490192345 5
0000 0001 1710224099354 29.25 -71.5 1.8714565612204823 5
0000 0015 1710224099354 -32.5 -68.0 2.6875343403756435 5
0000 0013 1710224099378 -18.875 -75.0 5.227806525114265 5
0000 0007 1710224099566 -32.5 -70.0 5.344389064993574 5
0000 0001 1710224099566 35.75 -71.5 1.8407769454627694 5
0000 0005 1710224099567 38.1875 -61.0 1.282407938672396 5
0000 0015 1710224099568 29.25 -68.5 2.5770877236478773 5
0000 0000 1710224099568 -55.3125 -66.5 5.160311370447297 5
0000 0008 1710224099568 -32.5 -64.0 3.5465635815916023 5
0000 0014 1710224099569 65.0625 -68.5 1.9573594853420782 5
0000 0004 1710224099569 48.8125 -66.5 2.693670263527186 5
0000 0013 1710224099569 3.0 -75.0 2.0371264863121317 5
0000 0005 1710224099570 0.0 -61.0 1.337631247036279 5
0000 0000 1710224099570 -52.0625 -66.5 5.148039524144211 5
0000 0015 1710224099570 52.0625 -68.0 2.509592568980909 5
0000 0007 1710224099571 -42.3125 -70.0 5.252350217720435 5
0000 0008 1710224099571 -52.0625 -64.0 3.6570101983193686 5
0000 0001 1710224099572 -74.8125 -71.0 2.067806102069844 5
0000 0014 1710224099572 97.625 -68.5 1.9205439464328227 5
0000 0004 1710224099572 -55.3125 -66.5 2.84706834231575 5
0000 0013 1710224099628 -9.125 -75.0 2.098485717827557 5
0000 0004 1710224099791 -6.5 -67.0 2.791845033951867 5
0000 0008 1710224099791 29.25 -63.0 3.552699504743145 5
0000 0001 1710224099792 52.0625 -71.0 1.8407769454627694 5
0000 0005 1710224099792 -10.5625 -61.0 1.3744467859455345 5
0000 0000 1710224099792 -30.875 -66.0 5.111223985234957 5
0000 0014 1710224099793 81.375 -69.0 2.000310947402876 5
0000 0007 1710224099793 -192.0 -70.5 5.5100589900852235 5
0000 0015 1710224099793 6.5 -68.0 2.5586799541932495 5
0000 0013 1710224099794 5.4375 -75.0 2.116893487282185 5
0000 0005 1710224099794 34.9375 -61.0 1.3560390164909069 5
0000 0007 1710224099794 -97.625 -69.5 5.2339424482658075 5
0000 0004 1710224099795 -100.875 -67.0 2.9206994201342606 5
0000 0008 1710224099795 6.5 -63.5 3.6570101983193686 5
0000 0001 1710224099796 224.5625 -70.5 1.705786636128833 5
0000 0014 1710224099796 39.0 -69.5 2.012582793705961 5
0000 0000 1710224099796 48.8125 -66.5 4.945554060143307 5
0000 0015 1710224099796 -162.75 -68.0 2.816388726558037 5
0000 0013 1710224099878 -6.0625 -75.0 2.067806102069844 5
0000 0006 1710224100036 -6.125 -74.5 5.902758071783947 5
0000 0014 1710224100036 -91.125 -69.0 2.2089323345553233 5
0000 0000 1710224100036 52.0625 -66.5 5.049864753719531 5
0000 0005 1710224100037 52.0625 -60.5 1.3130875544301088 5
0000 0008 1710224100037 29.25 -63.5 3.6079228131070282 5
0000 0015 1710224100037 -32.5 -68.0 2.650718801466388 5
0000 0004 1710224100037 55.3125 -66.5 2.6384469551633027 5
0000 0007 1710224100038 68.3125 -71.5 5.129631754689584 5
0000 0001 1710224100038 -227.8125 -71.0 2.3071071049800045 5
0000 0013 1710224100038 -14.625 -75.0 1.9205439464328227 5
0000 0005 1710224100039 0.0 -61.0 1.41126232485479 5
0000 0000 1710224100039 -21.125 -66.5 5.092816215780329 5
0000 0004 1710224100040 29.25 -66.5 2.724349879284899 5
0000 0015 1710224100040 94.375 -68.5 2.399145952253143 5
0000 0008 1710224100040 -71.5625 -63.5 3.761320891895592 5
0000 0007 1710224100041 -192.0 -71.5 5.491651220630596 5
0000 0014 1710224100042 185.5 -69.0 1.8714565612204823 5
0000 0001 1710224100042 -175.75 -70.5 2.141437179888355 5
0000 0013 1710224100128 -12.1875 -74.5 2.1598449493429825 5
0000 0015 1710224100273 0.0 -68.0 2.6139032625571326 5
0000 0004 1710224100274 -42.3125 -67.0 2.9084275738311756 5
0000 0008 1710224100274 -35.75 -63.5 3.730641276137879 5
0000 0005 1710224100274 17.0625 -61.5 1.4296700943094176 5
0000 0000 1710224100274 -121.25 -66.0 5.258486140871978 5
0000 0014 1710224100275 94.375 -69.0 1.902136176978195 5
0000 0007 1710224100275 -81.375 -70.0 5.2339424482658075 5
0000 0001 1710224100275 279.9375 -71.5 1.6751070203711202 5
0000 0013 1710224100276 -14.0 -75.0 2.1475731030398975 5
0000 0006 1710224100276 1.4375 -74.5 5.816855147662351 5
0000 0004 1710224100276 139.9375 -66.5 2.5034566458293663 5
0000 0008 1710224100277 -9.75 -63.5 3.6754179677739964 5
0000 0005 1710224100277 19.5 -61.0 1.4603497100671303 5
0000 0014 1710224100278 -32.5 -68.5 2.055534255766759 5
0000 0001 1710224100278 -48.8125 -71.0 1.9941750242513334 5
0000 0007 1710224100278 32.5 -70.0 5.129631754689584 5
0000 0013 1710224100279 -263.625 -72.5 2.4911847995262812 5
0000 0015 1710224100279 29.25 -68.0 2.5157284921324514 5
0000 0000 1710224100279 -117.9375 -67.5 5.264622064023521 5
0000 0013 1710224100378 14.625 -75.0 2.086213871524472 5
0000 0014 1710224100613 48.8125 -69.0 2.024854640009046 5
0000 0008 1710224100613 -13.0 -62.5 3.7122335066832517 5
0000 0004 1710224100613 -32.5 -67.0 2.816388726558037 5
0000 0005 1710224100613 -38.1875 -61.0 1.5033011721279284 5
0000 0000 1710224100614 -100.875 -66.5 5.246214294568893 5
0000 0015 1710224100614 -84.625 -68.5 2.804116880254952 5
0000 0001 1710224100614 -175.75 -72.0 2.0800779483729293 5
0000 0007 1710224100615 74.8125 -69.0 5.117359908386499 5
0000 0013 1710224100615 6.6875 -75.0 5.258486140871978 5
0000 0000 1710224100615 -41.5 -66.5 5.111223985234957 5
0000 0007 1710224100616 -201.8125 -70.5 5.620505606812989 5
0000 0005 1710224100616 35.75 -61.0 1.3192234775816514 5
0000 0008 1710224100617 0.0 -63.5 3.663146121470911 5
0000 0014 1710224100617 19.5 -68.5 2.086213871524472 5
0000 0001 1710224100617 100.875 -72.0 1.8039614065535141 5
0000 0015 1710224100618 123.6875 -67.5 2.478912953223196 5
0000 0004 1710224100618 26.0 -67.5 2.761165418194154 5
0000 0013 1710224100830 -9.125 -75.0 2.1537090261914402 5
0000 0000 1710224100831 41.5 -66.5 5.019185137961818 5
0000 0014 1710224100831 6.5 -69.0 2.0064468705544187 5
0000 0004 1710224100831 68.3125 -67.0 2.552544031041707 5
0000 0015 1710224100832 -19.5 -69.0 2.5402721847386216 5
0000 0008 1710224100832 -48.8125 -63.0 3.6999616603801666 5
0000 0005 1710224100833 -3.25 -61.0 1.3989904785517047 5
0000 0001 1710224100833 110.625 -71.5 1.6505633277649499 5
0000 0007 1710224100834 39.0 -71.0 5.111223985234957 5
0000 0013 1710224100834 3.0 -75.0 1.9634954084936207 5
0000 0015 1710224100834 -26.0 -68.5 2.5770877236478773 5
0000 0008 1710224100835 55.3125 -63.0 3.5036121195308043 5
0000 0007 1710224100835 -39.0 -71.0 5.325981295538946 5
0000 0005 1710224100835 7.3125 -60.5 1.337631247036279 5
0000 0001 1710224100836 9.75 -70.5 1.8714565612204823 5
0000 0004 1710224100836 -55.3125 -66.5 2.7979809571034093 5
0000 0014 1710224100836 -87.875 -68.5 2.1966604882522383 5
0000 0000 1710224100837 -114.6875 -66.5 5.111223985234957 5
0000 0013 1710224100878 7.3125 -75.0 2.043262409463674 5
0000 0015 1710224101047 97.625 -67.5 2.466641106920111 5
0000 0007 1710224101047 -136.6875 -69.5 5.381204603902829 5
0000 0008 1710224101048 0.0 -63.5 3.6201946594101133 5
0000 0000 1710224101048 13.8125 -67.0 5.019185137961818 5
0000 0005 1710224101048 24.375 -61.5 1.3192234775816514 5
0000 0001 1710224101049 -42.3125 -71.5 1.9880391010997909 5
0000 0004 1710224101049 -55.3125 -66.5 2.730485802436441 5
0000 0014 1710224101049 71.5625 -68.5 2.024854640009046 5
0000 0013 1710224101050 -2.4375 -75.0 1.9573594853420782 5
0000 0008 1710224101050 -9.75 -63.0 3.5895150436524004 5
0000 0014 1710224101050 -52.0625 -69.0 2.1659808724945253 5
0000 0015 1710224101051 52.0625 -69.0 2.4850488763747385 5
0000 0005 1710224101051 -7.3125 -61.0 1.2885438618239387 5
0000 0007 1710224101052 13.0 -69.5 5.264622064023521 5
0000 0001 1710224101052 -9.75 -71.5 1.7794177139473437 5
0000 0000 1710224101052 -191.1875 -67.0 5.258486140871978 5
0000 0004 1710224101053 52.0625 -66.0 2.5402721847386216 5
0000 0013 1710224101129 1.1875 -75.5 1.9634954084936207 5
0000 0007 1710224101266 -133.4375 -69.5 5.4671075280244255 5
0000 0004 1710224101266 61.8125 -67.0 2.552544031041707 5
0000 0014 1710224101266 32.5 -68.0 2.098485717827557 5
0000 0008 1710224101267 -16.25 -62.5 3.6324665057131984 5
0000 0001 1710224101267 -13.0 -72.0 1.8530487917658545 5
0000 0005 1710224101267 34.9375 -61.0 1.2762720155208536 5
0000 0015 1710224101268 68.3125 -68.0 2.4850488763747385 5
0000 0000 1710224101268 -41.5 -66.5 5.049864753719531 5
0000 0013 1710224101268 -5.4375 -75.0 1.932815792735908 5
0000 0008 1710224101268 6.5 -63.0 3.56497135104623 5
0000 0014 1710224101269 -45.5625 -68.0 2.061670178918302 5
0000 0015 1710224101269 6.5 -68.5 2.6568547246179306 5
0000 0005 1710224101270 10.5625 -60.5 1.3314953238847365 5
0000 0004 1710224101270 -74.8125 -67.0 2.7857091108003242 5
0000 0001 1710224101271 26.0 -71.5 1.8039614065535141 5
0000 0000 1710224101271 -3.25 -67.0 5.080544369477243 5
0000 0007 1710224101271 -87.875 -69.5 5.2768939103266055 5
0000 0013 1710224101375 7.875 -75.5 1.9819031779482483 5
