0001 0014 1711246420493 -87.875 -65.5 4.859651136021712 6
0001 0003 1711246420493 81.375 -68.0 4.006757817957295 6
0001 0000 1711246420493 -48.8125 -70.5 4.460816131171445 6
0001 0004 1711246420494 -26.0 -57.0 4.865787059173254 6
0001 0015 1711246420494 -19.5 -57.0 0.4970097752749477 6
0001 0008 1711246420495 22.75 -58.0 0.9694758579437253 6
0001 0009 1711246420495 -16.25 -69.5 1.564660403643354 6
0001 0002 1711246420495 100.875 -70.0 6.277049384028044 6
0001 0005 1711246420496 0.0 -63.5 2.521864415283994 6
0001 0010 1711246420496 -78.0625 -70.5 3.2029518851052186 6
0001 0008 1711246420497 9.75 -57.5 1.012427320004523 6
0001 0004 1711246420497 -26.0 -57.0 4.890330751779424 6
0001 0002 1711246420497 38.1875 -70.5 0.36815538909255385 6
0001 0000 1711246420498 -136.6875 -71.5 4.657165672020807 6
0001 0003 1711246420498 -68.3125 -68.0 4.313553975534423 6
0001 0005 1711246420498 26.0 -62.5 2.5280003384355365 6
0001 0015 1711246420499 26.0 -56.5 0.47860200582032003 6
0001 0014 1711246420499 22.75 -65.5 4.675573441475434 6
0001 0010 1711246420499 74.8125 -71.5 3.0250101137104846 6
0001 0009 1711246420500 52.0625 -71.5 1.576932249946439 6
0001 0000 1711246420615 3.25 -69.5 4.743068596142402 6
0001 0008 1711246420616 24.375 -57.5 1.0062913968529805 6
0001 0003 1711246420616 -78.0625 -67.5 4.4976316700806995 6
0001 0004 1711246420617 -16.25 -57.0 4.914874444385594 6
0001 0002 1711246420617 34.9375 -70.5 0.36815538909255385 6
0001 0014 1711246420618 -42.3125 -65.5 4.878058905476339 6
0001 0005 1711246420618 48.8125 -62.5 2.6568547246179306 6
0001 0010 1711246420618 152.9375 -71.0 3.055689729468197 6
0001 0009 1711246420619 208.3125 -70.5 1.533980787885641 6
0001 0015 1711246420619 -16.25 -57.0 0.5276893910326605 6
0001 0004 1711246420827 -16.25 -57.0 4.914874444385594 6
0001 0002 1711246420827 48.8125 -70.0 0.3129320807286708 6
0001 0005 1711246420827 -3.25 -62.5 2.779573187648782 6
0001 0000 1711246420828 -65.0625 -69.5 4.884194828627882 6
0001 0009 1711246420828 -3.25 -71.0 1.902136176978195 6
0001 0014 1711246420828 -16.25 -65.0 4.73693267299086 6
0001 0008 1711246420829 13.8125 -57.0 1.055378782065321 6
0001 0015 1711246420829 -3.25 -57.0 0.5031456984264903 6
0001 0010 1711246420829 358.0625 -71.5 2.6875343403756435 6
0001 0003 1711246420830 -45.5625 -67.5 4.362641360746763 6
0001 0000 1711246420830 -32.5 -69.5 4.632621979414636 6
0001 0002 1711246420830 -100.875 -71.0 0.42337869745643697 6
0001 0008 1711246420831 27.625 -57.5 1.030835089459151 6
0001 0003 1711246420831 -6.5 -68.0 4.460816131171445 6
0001 0004 1711246420832 -13.0 -57.0 4.908738521234052 6
0001 0015 1711246420832 19.5 -57.0 0.5031456984264903 6
0001 0009 1711246420832 58.5625 -70.0 1.718058482431918 6
0001 0005 1711246420833 -19.5 -62.5 2.8961557275280905 6
0001 0014 1711246420833 6.5 -65.5 4.71238898038469 6
0001 0010 1711246420833 197.6875 -73.0 2.945243112740431 6
0001 0015 1711246421058 6.5 -57.0 0.5031456984264903 6
0001 0004 1711246421058 -19.5 -57.5 4.921010367537137 6
0001 0008 1711246421058 30.875 -58.0 1.043106935762236 6
0001 0009 1711246421058 26.0 -70.0 1.7855536370988863 6
0001 0005 1711246421059 29.25 -62.0 2.890019804376548 6
0001 0010 1711246421059 45.5625 -71.5 3.313398501832985 6
0001 0003 1711246421059 -16.25 -66.5 4.534447208989955 6
0001 0000 1711246421060 -22.75 -70.0 4.693981210930062 6
0001 0014 1711246421060 -13.0 -64.5 4.6448938257177215 6
0001 0002 1711246421060 -38.1875 -70.5 0.2454369260617026 6
0001 0010 1711246421061 -110.625 -71.5 3.5772431973493153 6
0001 0002 1711246421061 -62.625 -70.0 0.35588354278946877 6
0001 0014 1711246421061 22.75 -66.0 4.657165672020807 6
0001 0015 1711246421062 0.0 -57.5 0.5522330836388308 6
0001 0000 1711246421062 -87.875 -69.5 4.822835597112456 6
0001 0004 1711246421062 -19.5 -57.0 4.95168998329485 6
0001 0003 1711246421063 -52.0625 -67.0 4.540583132141498 6
0001 0008 1711246421063 62.625 -57.5 0.9817477042468103 6
0001 0005 1711246421063 -32.5 -63.0 2.9636508821950587 6
0001 0009 1711246421064 26.0 -70.5 1.846912868614312 6
0001 0000 1711246421283 -32.5 -70.0 4.724660826687775 6
0001 0002 1711246421283 59.375 -70.5 0.23930100291016002 6
0001 0010 1711246421283 -191.1875 -71.5 3.6999616603801666 6
0001 0008 1711246421284 -13.8125 -58.0 1.1106020904292042 6
0001 0014 1711246421284 -35.75 -65.0 4.681709364626977 6
0001 0004 1711246421284 -52.0625 -57.0 5.0253210611133605 6
0001 0009 1711246421285 -123.6875 -70.5 2.073942025221387 6
0001 0015 1711246421285 22.75 -57.0 0.5031456984264903 6
0001 0005 1711246421285 35.75 -62.5 2.8654761117703775 6
0001 0003 1711246421286 -19.5 -68.0 4.411728745959104 6
0001 0009 1711246421286 120.4375 -70.0 1.8223691760081417 6
0001 0002 1711246421286 149.6875 -70.5 0.06135923151542565 6
0001 0004 1711246421287 -16.25 -57.0 4.9823695990525625 6
0001 0003 1711246421287 9.75 -68.0 4.473087977474529 6
0001 0014 1711246421287 39.0 -66.0 4.626486056263094 6
0001 0000 1711246421288 -61.8125 -70.0 4.767612288748572 6
0001 0005 1711246421288 45.5625 -62.5 2.834796496012665 6
0001 0008 1711246421288 -13.8125 -57.5 1.1044661672776617 6
0001 0015 1711246421289 13.0 -57.0 0.521553467881118 6
0001 0010 1711246421289 104.125 -70.5 3.2827188860752723 6
0001 0000 1711246421500 35.75 -69.5 4.632621979414636 6
0001 0004 1711246421500 3.25 -57.0 4.970097752749477 6
0001 0003 1711246421500 -97.625 -68.0 4.706253057233147 6
0001 0008 1711246421501 -10.5625 -57.5 1.0983302441261191 6
0001 0015 1711246421501 3.25 -57.5 0.4970097752749477 6
0001 0009 1711246421501 130.1875 -70.0 1.7241944055834606 6
0001 0014 1711246421502 -39.0 -65.0 4.700117134081604 6
0001 0005 1711246421503 -68.3125 -62.5 2.9636508821950587 6
0001 0002 1711246421503 -87.0625 -69.5 0.3620194659410113 6
0001 0010 1711246421503 -163.5625 -71.5 3.6140587362585705 6
0001 0004 1711246421504 0.0 -57.5 4.957825906446392 6
0001 0003 1711246421504 -74.8125 -67.0 4.540583132141498 6
0001 0005 1711246421504 -16.25 -62.5 2.9022916506796332 6
0001 0010 1711246421505 201.8125 -72.5 3.11091303783208 6
0001 0000 1711246421505 -39.0 -69.0 4.71238898038469 6
0001 0008 1711246421505 17.0625 -57.5 1.043106935762236 6
0001 0015 1711246421506 52.0625 -57.0 0.4479223900626072 6
0001 0009 1711246421506 19.5 -71.0 1.8346410223112268 6
0001 0014 1711246421506 52.0625 -66.0 4.657165672020807 6
0001 0002 1711246421507 59.375 -70.0 0.3190680038802134 6
0001 0004 1711246421626 -3.25 -57.5 4.9394181369917645 6
0001 0009 1711246421627 136.6875 -70.0 1.8039614065535141 6
0001 0002 1711246421627 -48.8125 -69.5 0.28838838812250056 6
0001 0015 1711246421627 3.25 -57.5 0.5154175447295755 6
0001 0008 1711246421627 30.875 -57.5 1.0185632431560658 6
0001 0003 1711246421628 -9.75 -67.0 4.552854978444583 6
0001 0000 1711246421628 -48.8125 -68.5 4.792155981354743 6
0001 0005 1711246421628 19.5 -62.5 2.8777479580734626 6
0001 0010 1711246421629 126.9375 -71.0 3.11091303783208 6
0001 0014 1711246421629 -61.8125 -65.5 4.767612288748572 6
0001 0004 1711246421853 -13.0 -57.0 4.921010367537137 6
0001 0000 1711246421853 -39.0 -68.5 4.773748211900116 6
0001 0002 1711246421853 -65.875 -70.5 0.2638446955163303 6
0001 0008 1711246421853 24.375 -57.5 1.0246991663076084 6
0001 0010 1711246421853 87.875 -71.5 3.399301425954581 6
0001 0015 1711246421854 9.75 -57.0 0.5031456984264903 6
0001 0014 1711246421854 -22.75 -65.0 4.706253057233147 6
0001 0005 1711246421854 19.5 -62.5 2.8532042654672924 6
0001 0003 1711246421855 -39.0 -67.5 4.577398671050753 6
0001 0009 1711246421855 32.5 -71.0 2.067806102069844 6
0001 0015 1711246421855 -3.25 -57.0 0.5031456984264903 6
0001 0000 1711246421857 -97.625 -68.5 4.963961829597935 6
0001 0002 1711246421857 73.1875 -71.0 0.28225246497095796 6
0001 0009 1711246421858 113.875 -70.0 1.6566992509164924 6
0001 0005 1711246421858 48.8125 -62.5 2.7979809571034093 6
0001 0010 1711246421858 32.5 -71.0 3.3502140407422405 6
0001 0014 1711246421859 45.5625 -65.0 4.6878452877785195 6
0001 0008 1711246421859 0.0 -57.5 1.0369710126106935 6
0001 0003 1711246421859 -71.5625 -67.0 4.657165672020807 6
0001 0004 1711246421860 -32.5 -57.0 4.9394181369917645 6
0001 0004 1711246422058 -29.25 -57.0 4.908738521234052 6
0001 0008 1711246422058 0.0 -57.0 1.0246991663076084 6
0001 0014 1711246422058 -39.0 -65.0 4.743068596142402 6
0001 0010 1711246422059 -121.25 -71.0 3.5833791205008576 6
0001 0000 1711246422059 84.625 -69.0 4.7307967498393175 6
0001 0002 1711246422059 -45.5625 -70.0 0.4663301595172349 6
0001 0009 1711246422060 221.3125 -71.0 1.6014759425526093 6
0001 0015 1711246422060 13.0 -57.0 0.4970097752749477 6
0001 0005 1711246422060 16.25 -62.5 2.8286605728611223 6
0001 0003 1711246422061 -13.0 -67.0 4.589670517353839 6
0001 0009 1711246422061 78.0625 -71.0 1.8775924843720249 6
0001 0003 1711246422061 58.5625 -66.5 4.546719055293041 6
0001 0004 1711246422061 0.0 -57.0 4.871922982324796 6
0001 0000 1711246422062 -45.5625 -68.0 4.847379289718626 6
0001 0008 1711246422062 7.3125 -57.5 1.0062913968529805 6
0001 0005 1711246422062 -9.75 -62.5 2.748893571891069 6
0001 0002 1711246422063 3.25 -69.0 0.3374757733348411 6
0001 0010 1711246422063 156.1875 -70.5 3.129320807286708 6
0001 0015 1711246422063 22.75 -57.0 0.48473792897186263 6
0001 0014 1711246422064 -110.625 -65.0 4.890330751779424 6
0001 0014 1711246422300 -45.5625 -65.0 4.755340442445488 6
0001 0004 1711246422300 -6.5 -57.0 4.878058905476339 6
0001 0010 1711246422300 131.8125 -70.5 3.184544115650591 6
0001 0003 1711246422301 -32.5 -66.5 4.700117134081604 6
0001 0005 1711246422301 -6.5 -62.5 2.6568547246179306 6
0001 0002 1711246422301 41.5 -70.0 0.25770877236478773 6
0001 0009 1711246422302 100.875 -71.5 1.8837284075235674 6
0001 0015 1711246422302 -13.0 -57.0 0.5154175447295755 6
0001 0008 1711246422303 -7.3125 -57.0 0.9878836273983529 6
0001 0000 1711246422303 29.25 -69.5 4.669437518323892 6
0001 0002 1711246422304 -48.8125 -69.5 0.47860200582032003 6
0001 0000 1711246422304 -52.0625 -69.0 4.706253057233147 6
0001 0015 1711246422304 -6.5 -57.0 0.5031456984264903 6
0001 0014 1711246422305 -32.5 -64.5 4.7307967498393175 6
0001 0004 1711246422305 -6.5 -57.0 4.847379289718626 6
0001 0005 1711246422305 -42.3125 -63.0 2.6384469551633027 6
0001 0009 1711246422305 52.0625 -70.5 1.6014759425526093 6
0001 0008 1711246422306 -3.25 -57.0 0.9326603190344698 6
0001 0010 1711246422306 123.6875 -71.5 3.466796580621549 6
0001 0003 1711246422306 -35.75 -66.0 4.6448938257177215 6
0001 0001 1711246422363 2.5625 -71.0 4.430136515413731 6
0001 0004 1711246422536 -39.0 -57.0 4.970097752749477 6
0001 0005 1711246422536 -52.0625 -63.5 2.5770877236478773 6
0001 0008 1711246422536 10.5625 -56.0 0.7301748550335652 6
0001 0010 1711246422536 130.1875 -70.5 3.2397674240144743 6
0001 0014 1711246422537 68.3125 -65.0 4.454680208019902 6
0001 0015 1711246422537 0.0 -56.5 0.47860200582032003 6
0001 0001 1711246422537 65.0625 -62.0 2.386874105950058 6
0001 0003 1711246422538 3.25 -65.5 4.632621979414636 6
0001 0000 1711246422538 -84.625 -66.5 5.810719224510809 6
0001 0002 1711246422538 139.125 -67.5 1.3008157081270237 6
0001 0003 1711246422539 58.5625 -66.0 5.056000676871073 6
0001 0005 1711246422539 9.75 -66.0 2.6016314162540475 6
0001 0008 1711246422540 10.5625 -55.0 0.8958447801252144 6
0001 0000 1711246422540 6.5 -63.5 1.3130875544301088 6
0001 0015 1711246422541 -13.0 -56.0 0.5276893910326605 6
0001 0001 1711246422541 -16.25 -54.5 3.773592738198677 6
0001 0010 1711246422541 -81.375 -69.0 4.76147636559703 6
0001 0002 1711246422542 45.5625 -61.0 2.380738182798515 6
0001 0004 1711246422542 0.0 -60.0 5.387340527054372 6
0001 0014 1711246422542 19.5 -64.0 4.589670517353839 6
0001 0009 1711246422615 -4.875 -70.0 5.743224069843841 6
0001 0002 1711246422762 -24.375 -60.5 2.5034566458293663 6
0001 0004 1711246422763 -9.75 -68.5 0.7853981633974483 6
0001 0009 1711246422763 -55.3125 -59.5 5.66959299202533 6
0001 0015 1711246422763 3.25 -55.5 0.5031456984264903 6
0001 0010 1711246422764 65.0625 -72.0 0.607456392002714 6
0001 0014 1711246422764 -9.75 -63.0 4.405592822807561 6
0001 0003 1711246422764 42.3125 -68.5 0.1718058482431918 6
0001 0001 1711246422765 3.25 -57.0 2.60776733940559 6
0001 0000 1711246422765 -6.5 -65.0 5.792311455056181 6
0001 0005 1711246422765 14.625 -70.0 4.522175362686871 6
0001 0008 1711246422765 -4.875 -66.0 6.000932842208628 6
0001 0011 1711246422766 -1.1875 -71.5 1.8039614065535141 6
0001 0009 1711246422767 -6.5 -60.0 0.9142525495798421 6
0001 0014 1711246422767 -35.75 -60.5 4.362641360746763 6
0001 0001 1711246422767 -13.0 -57.0 4.847379289718626 6
0001 0011 1711246422768 13.0 -65.0 6.013204688511713 6
0001 0002 1711246422768 10.5625 -66.0 3.933126740138784 6
0001 0015 1711246422768 -22.75 -55.0 0.6258641614573416 6
0001 0008 1711246422769 -13.8125 -59.5 0.39269908169872414 6
0001 0004 1711246422769 -26.0 -66.5 4.123340357836604 6
0001 0010 1711246422769 0.0 -67.0 4.424000592262189 6
0001 0003 1711246422770 3.25 -62.5 1.1474176293384597 6
0001 0005 1711246422770 13.0 -58.0 1.846912868614312 6
0001 0000 1711246422770 0.0 -60.5 1.564660403643354 6
0001 0004 1711246423039 29.25 -66.5 4.743068596142402 6
0001 0005 1711246423039 22.75 -57.5 1.6014759425526093 6
0001 0015 1711246423039 19.5 -55.5 0.5460971604872883 6
0001 0002 1711246423040 79.75 -67.5 3.5342917352885173 6
0001 0014 1711246423040 -22.75 -60.0 4.239922897715912 6
0001 0011 1711246423040 0.0 -64.5 1.3621749396424494 6
0001 0003 1711246423040 16.25 -65.5 0.4970097752749477 6
0001 0001 1711246423041 3.25 -52.5 4.552854978444583 6
0001 0009 1711246423041 0.0 -59.5 6.117515382087937 6
0001 0000 1711246423041 32.5 -64.0 2.184388641949153 6
0001 0010 1711246423042 -29.25 -60.5 6.240233845118788 6
0001 0006 1711246423042 -30.0625 -75.5 5.338253141842031 6
0001 0012 1711246423043 -1.125 -77.5 0.7179030087304801 6
0001 0013 1711246423043 4.375 -77.5 4.779884135051658 6
0001 0014 1711246423044 -35.75 -59.0 4.374913207049849 6
0001 0015 1711246423044 -22.75 -56.5 0.7915340865489908 6
0001 0009 1711246423044 48.8125 -61.0 0.11658253987930872 6
0001 0005 1711246423045 0.0 -57.5 1.8039614065535141 6
0001 0000 1711246423045 39.0 -63.0 2.110757564130642 6
0001 0001 1711246423045 29.25 -57.5 1.6198837120072371 6
0001 0010 1711246423046 34.9375 -57.5 1.3437671701878218 6
0001 0003 1711246423046 35.75 -66.5 6.031612457966341 6
0001 0011 1711246423046 -29.25 -65.5 4.362641360746763 6
0001 0013 1711246423046 -42.3125 -72.0 5.632777453116074 6
0001 0004 1711246423047 166.0 -71.0 6.080699843178682 6
0001 0008 1711246423048 -128.5625 -72.5 3.0802334220743677 6
0001 0002 1711246423048 -312.4375 -74.5 2.12916533358527 6
0001 0006 1711246423048 -97.625 -73.5 2.767301341345697 6
0001 0012 1711246423112 -0.5625 -76.5 0.9265243958829272 6
0001 0010 1711246423316 -16.25 -57.5 1.7916895602504288 6
0001 0014 1711246423316 -16.25 -58.5 4.356505437595221 6
0001 0000 1711246423316 -55.3125 -63.5 1.6444274046134073 6
0001 0015 1711246423316 -9.75 -57.0 0.9326603190344698 6
0001 0011 1711246423317 0.0 -65.5 4.71238898038469 6
0001 0008 1711246423317 41.5 -70.0 2.442097414313941 6
0001 0005 1711246423317 3.25 -57.0 1.576932249946439 6
0001 0001 1711246423318 -35.75 -57.5 5.258486140871978 6
0001 0013 1711246423318 35.75 -62.5 1.8223691760081417 6
0001 0012 1711246423318 -16.25 -71.5 4.767612288748572 6
0001 0009 1711246423319 48.8125 -65.0 0.09203884727313846 6
0001 0004 1711246423319 -97.625 -70.5 0.803805932852076 6
0001 0003 1711246423319 3.25 -67.0 5.393476450205914 6
0001 0002 1711246423320 48.8125 -75.0 1.1228739367322893 6
0001 0006 1711246423320 6.8125 -79.5 3.2827188860752723 6
0001 0012 1711246423320 -58.5625 -69.0 5.105088062083414 6
0001 0004 1711246423321 -39.0 -69.5 0.9387962421860124 6
0001 0013 1711246423321 3.25 -64.5 2.313243028131547 6
0001 0000 1711246423321 39.0 -63.0 1.0983302441261191 6
0001 0009 1711246423322 -26.0 -65.0 0.1902136176978195 6
0001 0010 1711246423322 -42.3125 -58.0 1.607611865704152 6
0001 0011 1711246423322 42.3125 -64.5 4.552854978444583 6
0001 0005 1711246423323 26.0 -57.0 1.5892040962495242 6
0001 0001 1711246423323 -39.0 -60.0 3.785864584501762 6
0001 0008 1711246423324 -59.375 -70.0 2.5157284921324514 6
0001 0014 1711246423324 -19.5 -59.0 4.338097668140593 6
0001 0003 1711246423325 0.0 -67.5 5.111223985234957 6
0001 0015 1711246423325 29.25 -57.0 1.012427320004523 6
0001 0002 1711246423326 274.1875 -73.5 0.7547185476397354 6
0001 0015 1711246423563 -9.75 -57.0 1.0737865515199487 6
0001 0009 1711246423563 32.5 -65.5 0.06135923151542565 6
0001 0002 1711246423564 13.8125 -72.5 1.141281706186917 6
0001 0004 1711246423564 -3.25 -68.0 0.8283496254582462 6
0001 0010 1711246423564 22.75 -57.5 1.5401167110371838 6
0001 0011 1711246423564 19.5 -64.5 4.798291904506286 6
0001 0000 1711246423565 32.5 -63.0 0.8283496254582462 6
0001 0014 1711246423565 0.0 -58.5 4.313553975534423 6
0001 0005 1711246423565 -9.75 -57.0 1.4971652489763858 6
0001 0001 1711246423566 -35.75 -59.5 3.6140587362585705 6
0001 0012 1711246423566 71.5625 -69.0 4.816699673960914 6
0001 0013 1711246423566 -32.5 -64.0 2.5586799541932495 6
0001 0008 1711246423567 -131.8125 -70.5 2.5709518004963345 6
0001 0003 1711246423567 13.0 -66.5 5.056000676871073 6
0001 0000 1711246423567 26.0 -62.5 0.7485826244881929 6
0001 0014 1711246423568 -6.5 -58.5 4.270602513473625 6
0001 0015 1711246423568 29.25 -56.5 1.0185632431560658 6
0001 0009 1711246423568 -13.0 -67.5 6.270913460876501 6
0001 0008 1711246423569 -107.375 -69.5 2.448233337465483 6
0001 0010 1711246423569 6.5 -57.0 1.6566992509164924 6
0001 0002 1711246423569 -21.125 -71.0 1.043106935762236 6
0001 0011 1711246423569 29.25 -64.5 4.706253057233147 6
0001 0001 1711246423570 -16.25 -59.0 3.6079228131070282 6
0001 0004 1711246423570 -87.875 -69.0 0.8283496254582462 6
0001 0012 1711246423570 -156.1875 -69.5 4.706253057233147 6
0001 0005 1711246423571 35.75 -56.5 1.2640001692177683 6
0001 0003 1711246423572 91.125 -66.0 5.031456984264903 6
0001 0013 1711246423572 -26.0 -64.5 2.6384469551633027 6
0001 0014 1711246423793 -19.5 -59.0 4.3074180523828804 6
0001 0008 1711246423793 -45.5625 -70.0 2.2886993355253766 6
0001 0015 1711246423793 9.75 -57.0 1.030835089459151 6
0001 0005 1711246423794 -13.0 -56.5 1.1290098598838318 6
0001 0001 1711246423794 -19.5 -60.0 3.5036121195308043 6
0001 0010 1711246423794 0.0 -56.5 1.859184714917397 6
0001 0003 1711246423795 -16.25 -66.5 4.988505522204105 6
0001 0013 1711246423795 -9.75 -63.5 2.4850488763747385 6
0001 0000 1711246423795 19.5 -63.0 0.5890486225480862 6
0001 0011 1711246423796 0.0 -65.0 4.693981210930062 6
0001 0009 1711246423796 -3.25 -68.5 6.000932842208628 6
0001 0004 1711246423796 -48.8125 -70.5 0.6994952392758523 6
0001 0012 1711246423796 -107.375 -69.5 4.264466590322082 6
0001 0002 1711246423797 97.625 -71.0 0.6688156235181395 6
0001 0001 1711246423797 -6.5 -59.5 3.356349963893783 6
0001 0015 1711246423797 22.75 -56.5 1.000155473701438 6
0001 0010 1711246423798 -3.25 -56.5 1.7119225592803755 6
0001 0012 1711246423798 -91.125 -70.0 4.166291819897402 6
0001 0000 1711246423798 -61.8125 -63.0 0.5276893910326605 6
0001 0011 1711246423799 -13.0 -64.5 4.571262747899211 6
0001 0005 1711246423799 -3.25 -57.0 0.9326603190344698 6
0001 0014 1711246423799 -19.5 -59.5 4.3074180523828804 6
0001 0003 1711246423800 -22.75 -67.0 4.73693267299086 6
0001 0008 1711246423800 -3.25 -69.5 2.141437179888355 6
0001 0013 1711246423800 32.5 -64.5 2.350058567040802 6
0001 0004 1711246423800 -3.25 -69.5 0.5951845456996288 6
0001 0009 1711246423801 -32.5 -68.0 6.227961998815704 6
0001 0002 1711246423801 -48.8125 -73.0 0.6013204688511713 6
0001 0012 1711246424024 -52.0625 -70.5 3.77972866135022 6
0001 0015 1711246424024 22.75 -56.5 0.9878836273983529 6
0001 0003 1711246424025 22.75 -68.5 4.405592822807561 6
0001 0011 1711246424025 55.3125 -65.0 4.289010282928253 6
0001 0010 1711246424025 3.25 -57.0 1.607611865704152 6
0001 0014 1711246424026 -22.75 -59.0 4.301282129231338 6
0001 0005 1711246424026 -9.75 -57.5 0.8528933180644165 6
0001 0001 1711246424026 3.25 -60.0 3.2459033471660166 6
0001 0002 1711246424027 -30.875 -71.5 0.25157284921324513 6
0001 0009 1711246424027 -32.5 -68.0 6.019340611663256 6
0001 0000 1711246424027 3.25 -63.0 0.21475731030398976 6
0001 0004 1711246424027 -26.0 -70.5 0.6688156235181395 6
0001 0013 1711246424028 -68.3125 -64.5 2.399145952253143 6
0001 0008 1711246424028 -163.5625 -69.0 2.2089323345553233 6
0001 0011 1711246424028 3.25 -65.0 4.246058820867455 6
0001 0008 1711246424029 0.0 -68.5 1.9389517158874505 6
0001 0000 1711246424029 35.75 -64.0 6.22182607566416 6
0001 0001 1711246424029 -16.25 -60.5 3.117048960983623 6
0001 0003 1711246424030 -117.125 -67.5 4.620350133111551 6
0001 0015 1711246424030 13.0 -56.5 1.0185632431560658 6
0001 0004 1711246424030 -39.0 -70.0 0.607456392002714 6
0001 0012 1711246424031 -104.125 -70.0 3.767456815047135 6
0001 0013 1711246424031 -55.3125 -64.5 2.350058567040802 6
0001 0010 1711246424031 24.375 -57.0 1.5278448647340985 6
0001 0014 1711246424031 16.25 -59.0 4.215379205109742 6
0001 0005 1711246424032 -3.25 -57.5 0.8406214717613314 6
0001 0009 1711246424032 -39.0 -68.5 5.896622148632405 6
0001 0002 1711246424032 -73.1875 -73.0 0.1043106935762236 6
0001 0005 1711246424266 -3.25 -57.5 0.7424467013366504 6
0001 0010 1711246424266 7.3125 -57.0 1.4787574795217582 6
0001 0004 1711246424266 35.75 -70.0 0.4479223900626072 6
0001 0003 1711246424267 -68.3125 -68.0 4.460816131171445 6
0001 0012 1711246424267 61.8125 -70.0 3.6140587362585705 6
0001 0008 1711246424267 48.8125 -70.0 1.7426021750380885 6
0001 0013 1711246424268 45.5625 -63.5 2.12916533358527 6
0001 0011 1711246424268 13.0 -65.0 4.23378697456437 6
0001 0015 1711246424269 26.0 -56.5 0.9817477042468103 6
0001 0014 1711246424269 -29.25 -59.0 4.270602513473625 6
0001 0001 1711246424269 35.75 -60.0 2.9391071895888885 6
0001 0002 1711246424270 -7.3125 -74.0 0.0 6
0001 0000 1711246424270 -22.75 -63.5 6.154330920997192 6
0001 0009 1711246424270 71.5625 -69.0 5.638913376267617 6
0001 0005 1711246424271 -9.75 -57.0 0.8160777791551611 6
0001 0008 1711246424271 -90.3125 -69.0 1.9819031779482483 6
0001 0014 1711246424271 -16.25 -59.0 4.227651051412827 6
0001 0011 1711246424272 -35.75 -64.5 4.601942363656923 6
0001 0000 1711246424272 9.75 -63.0 6.068427996875596 6
0001 0015 1711246424272 9.75 -56.5 0.9878836273983529 6
0001 0010 1711246424273 -9.75 -57.0 1.5953400194010667 6
0001 0012 1711246424273 22.75 -70.0 3.6570101983193686 6
0001 0013 1711246424273 -120.4375 -63.5 2.693670263527186 6
0001 0004 1711246424273 -42.3125 -71.0 0.1902136176978195 6
0001 0001 1711246424274 -19.5 -60.0 2.779573187648782 6
0001 0009 1711246424274 32.5 -68.5 5.6573211457222445 6
0001 0003 1711246424274 -26.0 -68.0 4.172427743048944 6
0001 0002 1711246424275 13.8125 -72.0 6.025476534814799 6
0001 0015 1711246424506 22.75 -56.0 0.9572040116406401 6
0001 0005 1711246424506 -13.0 -57.5 0.7547185476397354 6
0001 0014 1711246424507 -65.0625 -59.0 4.325825821837508 6
0001 0013 1711246424507 45.5625 -63.0 2.5280003384355365 6
0001 0004 1711246424507 -61.8125 -69.5 0.2638446955163303 6
0001 0009 1711246424508 68.3125 -68.0 5.448699758569798 6
0001 0003 1711246424508 3.25 -68.0 4.09266074207889 6
0001 0010 1711246424508 7.3125 -57.0 1.4971652489763858 6
0001 0001 1711246424508 6.5 -59.5 2.718213956133356 6
0001 0000 1711246424509 -39.0 -63.5 6.068427996875596 6
0001 0008 1711246424509 -52.0625 -68.5 1.8653206380689396 6
0001 0012 1711246424509 -48.8125 -69.5 3.773592738198677 6
0001 0011 1711246424510 3.25 -65.0 4.534447208989955 6
0001 0002 1711246424510 83.0 -72.0 6.050020227420969 6
0001 0001 1711246424510 9.75 -59.5 2.730485802436441 6
0001 0009 1711246424511 0.0 -68.5 5.589825991055276 6
0001 0008 1711246424511 135.0625 -69.0 1.6321555583103222 6
0001 0014 1711246424511 -52.0625 -59.0 4.276738436625168 6
0001 0015 1711246424512 29.25 -56.5 0.9387962421860124 6
0001 0011 1711246424512 19.5 -65.0 4.4362724385652745 6
0001 0012 1711246424512 -143.1875 -70.0 3.9944859716542096 6
0001 0003 1711246424513 -32.5 -68.5 4.221515128261284 6
0001 0010 1711246424513 38.1875 -57.0 1.41126232485479 6
0001 0005 1711246424513 -3.25 -57.5 0.7179030087304801 6
0001 0013 1711246424513 -84.625 -63.5 2.5709518004963345 6
0001 0000 1711246424514 -35.75 -63.0 6.037748381117884 6
0001 0002 1711246424514 -90.3125 -73.5 0.07976700097005335 6
0001 0004 1711246424514 13.0 -70.0 0.07363107781851078 6
0001 0015 1711246424620 39.0 -56.0 0.9265243958829272 6
0001 0008 1711246424620 -45.5625 -69.0 1.748738098189631 6
0001 0012 1711246424620 -48.8125 -70.0 3.9515345095934116 6
0001 0009 1711246424620 -22.75 -68.0 5.5100589900852235 6
0001 0010 1711246424621 27.625 -57.0 1.4173982480063325 6
0001 0000 1711246424621 -19.5 -63.0 6.031612457966341 6
0001 0001 1711246424621 3.25 -59.5 2.736621725587984 6
0001 0013 1711246424622 26.0 -63.5 2.442097414313941 6
0001 0005 1711246424622 22.75 -57.5 0.6688156235181395 6
0001 0003 1711246424622 -74.8125 -68.5 4.1417481272912315 6
0001 0002 1711246424623 73.1875 -73.5 6.050020227420969 6
0001 0004 1711246424623 13.0 -70.0 0.16566992509164924 6
0001 0011 1711246424623 16.25 -65.5 4.399456899656019 6
0001 0014 1711246424623 6.5 -59.0 4.166291819897402 6
0001 0011 1711246424850 -26.0 -65.0 4.479223900626073 6
0001 0000 1711246424850 -3.25 -62.5 6.025476534814799 6
0001 0003 1711246424850 -55.3125 -67.5 4.1601558967458585 6
0001 0010 1711246424850 -3.25 -57.0 1.4358060174609601 6
0001 0008 1711246424851 -45.5625 -69.0 1.859184714917397 6
0001 0001 1711246424851 6.5 -59.5 2.748893571891069 6
0001 0015 1711246424851 29.25 -56.5 0.9510680884890975 6
0001 0005 1711246424852 6.5 -57.5 0.6749515466696822 6
0001 0009 1711246424852 3.25 -68.0 5.497787143782138 6
0001 0014 1711246424852 -13.0 -59.5 4.196971435655114 6
0001 0013 1711246424853 16.25 -63.0 2.521864415283994 6
0001 0002 1711246424854 30.875 -72.0 6.0991076126333095 6
0001 0012 1711246424854 -87.875 -69.5 4.0128937411088375 6
0001 0004 1711246424854 65.0625 -71.5 0.07976700097005335 6
0001 0015 1711246424855 3.25 -56.5 0.9572040116406401 6
0001 0009 1711246424855 13.0 -68.5 5.448699758569798 6
0001 0008 1711246424855 131.8125 -69.5 1.6137477888556946 6
0001 0005 1711246424856 0.0 -57.5 0.7731263170943632 6
0001 0011 1711246424856 6.5 -64.5 4.522175362686871 6
0001 0013 1711246424856 13.0 -63.5 2.5709518004963345 6
0001 0010 1711246424856 0.0 -57.0 1.423534171157875 6
0001 0001 1711246424857 -29.25 -59.5 2.791845033951867 6
0001 0004 1711246424857 6.5 -70.5 0.22089323345553233 6
0001 0012 1711246424858 -45.5625 -67.5 4.1417481272912315 6
0001 0003 1711246424858 -6.5 -68.0 4.246058820867455 6
0001 0014 1711246424859 -26.0 -59.0 4.196971435655114 6
0001 0000 1711246424859 3.25 -63.5 6.019340611663256 6
0001 0002 1711246424859 -225.375 -75.0 0.09817477042468103 6
0001 0004 1711246425092 166.0 -70.0 6.086835766330224 6
0001 0001 1711246425092 -6.5 -59.0 2.791845033951867 6
0001 0010 1711246425092 7.3125 -56.5 1.3867186322486196 6
0001 0015 1711246425092 16.25 -56.5 0.9572040116406401 6
0001 0003 1711246425093 -58.5625 -68.0 4.239922897715912 6
0001 0014 1711246425093 -9.75 -59.0 4.190835512503572 6
0001 0012 1711246425093 205.0625 -68.5 3.9576704327449543 6
0001 0005 1711246425094 -19.5 -57.5 0.8835729338221293 6
0001 0013 1711246425094 -42.3125 -63.0 2.6323110320117604 6
0001 0011 1711246425094 -26.0 -65.0 4.522175362686871 6
0001 0000 1711246425095 3.25 -63.5 6.037748381117884 6
0001 0008 1711246425095 -62.625 -69.5 1.9573594853420782 6
0001 0002 1711246425095 79.75 -73.0 5.957981380147831 6
0001 0009 1711246425096 -32.5 -67.5 5.608233760509904 6
0001 0014 1711246425096 -32.5 -58.5 4.2092432819582 6
0001 0009 1711246425096 16.25 -68.0 5.448699758569798 6
0001 0003 1711246425097 -58.5625 -67.5 4.417864669110647 6
0001 0010 1711246425097 9.75 -57.0 1.368310862793992 6
0001 0008 1711246425097 55.3125 -69.5 1.718058482431918 6
0001 0000 1711246425098 113.875 -63.0 5.890486225480862 6
0001 0011 1711246425098 0.0 -64.5 4.546719055293041 6
0001 0001 1711246425098 6.5 -59.5 2.82252464970958 6
0001 0012 1711246425098 -26.0 -69.0 4.166291819897402 6
0001 0002 1711246425099 -130.1875 -73.5 6.037748381117884 6
0001 0015 1711246425099 26.0 -56.5 0.9387962421860124 6
0001 0005 1711246425099 29.25 -57.5 0.8467573949128739 6
0001 0004 1711246425100 -6.5 -70.0 6.258641614573416 6
0001 0013 1711246425100 26.0 -63.0 2.4850488763747385 6
0001 0011 1711246425307 -42.3125 -64.5 4.528311285838413 6
0001 0014 1711246425308 -35.75 -59.0 4.215379205109742 6
0001 0010 1711246425308 13.8125 -57.0 1.3437671701878218 6
0001 0008 1711246425308 65.0625 -69.5 1.7794177139473437 6
0001 0002 1711246425309 159.5 -74.0 5.767767762450011 6
0001 0012 1711246425309 -16.25 -68.0 4.172427743048944 6
0001 0004 1711246425309 -45.5625 -71.0 0.14112623248547898 6
0001 0009 1711246425309 58.5625 -68.0 5.47937937432751 6
0001 0003 1711246425310 -48.8125 -68.0 4.430136515413731 6
0001 0013 1711246425310 -35.75 -63.0 2.564815877344792 6
0001 0000 1711246425310 -48.8125 -63.5 6.129787228391022 6
0001 0001 1711246425311 19.5 -59.0 2.84706834231575 6
0001 0005 1711246425311 6.5 -57.0 0.944932165337555 6
0001 0015 1711246425311 3.25 -56.5 0.9756117810952678 6
0001 0005 1711246425312 0.0 -57.0 0.9510680884890975 6
0001 0001 1711246425312 16.25 -59.0 2.834796496012665 6
0001 0002 1711246425312 -55.3125 -74.5 6.043884304269426 6
0001 0012 1711246425313 42.3125 -68.5 4.3074180523828804 6
0001 0015 1711246425313 13.0 -56.5 0.9572040116406401 6
0001 0000 1711246425313 -3.25 -63.0 6.025476534814799 6
0001 0010 1711246425313 -17.0625 -56.5 1.3744467859455345 6
0001 0009 1711246425314 32.5 -68.0 5.442563835418255 6
0001 0014 1711246425314 9.75 -59.0 4.135612204139688 6
0001 0008 1711246425314 -59.375 -68.0 1.8039614065535141 6
0001 0013 1711246425315 -32.5 -63.5 2.5280003384355365 6
0001 0011 1711246425315 -26.0 -64.5 4.516039439535327 6
0001 0003 1711246425315 -227.8125 -67.5 4.577398671050753 6
0001 0004 1711246425316 -45.5625 -71.0 0.1718058482431918 6
