0000 0008 1711093707633 3.25 -53.0 1.4296700943094176 18
0000 0005 1711093707633 35.75 -65.5 2.8838838812250054 18
0000 0001 1711093707634 -6.5 -55.5 3.4606606574700063 18
0000 0000 1711093707634 -29.25 -66.5 5.043728830567988 18
0000 0003 1711093707635 309.1875 -71.5 1.6873788666742053 18
0000 0014 1711093707635 156.1875 -65.0 2.724349879284899 18
0000 0002 1711093707636 -59.375 -69.0 5.424156065963627 18
0000 0009 1711093707636 -32.5 -54.0 3.5158839658338894 18
0000 0015 1711093707636 -65.0625 -63.0 4.792155981354743 18
0000 0010 1711093707637 19.5 -63.5 6.19728238305799 18
0000 0006 1711093707638 -48.8125 -69.5 1.8100973297050567 18
0000 0004 1711093707638 9.75 -63.5 6.086835766330224 18
0000 0011 1711093707639 -4.875 -78.0 4.994641445355648 18
0000 0004 1711093707639 61.8125 -63.5 6.013204688511713 18
0000 0008 1711093707639 13.0 -53.5 1.4051264017032472 18
0000 0009 1711093707640 35.75 -54.5 3.4606606574700063 18
0000 0014 1711093707640 -32.5 -65.5 3.055689729468197 18
0000 0000 1711093707640 -58.5625 -66.5 5.080544369477243 18
0000 0002 1711093707641 128.5625 -68.0 5.289165756629691 18
0000 0015 1711093707641 13.0 -62.5 4.663301595172349 18
0000 0005 1711093707641 -48.8125 -66.0 2.9268353432858034 18
0000 0010 1711093707642 65.875 -63.0 6.1850105367549055 18
0000 0001 1711093707642 -13.0 -55.0 3.479068426924634 18
0000 0006 1711093707643 94.375 -70.0 1.6689710972195777 18
0000 0003 1711093707643 74.8125 -72.0 1.9389517158874505 18
0000 0011 1711093707870 -14.625 -77.5 5.203262832508095 18
0000 0015 1711093707871 6.5 -63.0 4.657165672020807 18
0000 0002 1711093707871 117.9375 -69.0 5.0682725231741586 18
0000 0003 1711093707871 6.5 -72.0 2.073942025221387 18
0000 0010 1711093707872 21.125 -63.5 6.234097921967246 18
0000 0008 1711093707872 -13.8125 -53.0 1.4419419406125027 18
0000 0009 1711093707872 9.75 -54.5 3.509748042682347 18
0000 0014 1711093707873 -16.25 -64.5 3.074097498922825 18
0000 0001 1711093707873 9.75 -55.5 3.423845118560751 18
0000 0005 1711093707873 -19.5 -65.5 2.988194574801229 18
0000 0004 1711093707874 39.0 -63.5 6.056156150572511 18
0000 0000 1711093707874 48.8125 -67.5 4.908738521234052 18
0000 0006 1711093707875 13.0 -70.5 1.7426021750380885 18
0000 0011 1711093707875 32.3125 -78.0 5.062136600022616 18
0000 0004 1711093707875 48.8125 -63.5 6.0991076126333095 18
0000 0001 1711093707876 -9.75 -55.0 3.509748042682347 18
0000 0010 1711093707877 19.5 -63.5 6.258641614573416 18
0000 0015 1711093707877 19.5 -62.5 4.632621979414636 18
0000 0000 1711093707877 84.625 -68.5 4.718524903536232 18
0000 0008 1711093707878 3.25 -53.5 1.4296700943094176 18
0000 0014 1711093707878 -84.625 -65.0 3.1784081924990484 18
0000 0009 1711093707879 6.5 -54.5 3.522019888985432 18
0000 0006 1711093707879 -65.0625 -71.0 1.7671458676442586 18
0000 0003 1711093707879 45.5625 -73.0 2.270291566070749 18
0000 0002 1711093707880 -38.1875 -68.5 5.47937937432751 18
0000 0005 1711093707880 -6.5 -66.0 2.890019804376548 18
0000 0011 1711093708110 1.1875 -78.5 5.00077736850719 18
0000 0005 1711093708110 -91.125 -66.0 2.8838838812250054 18
0000 0001 1711093708110 -6.5 -55.0 3.5588354278946874 18
0000 0006 1711093708111 19.5 -70.5 1.5278448647340985 18
0000 0010 1711093708111 17.0625 -63.0 6.258641614573416 18
0000 0008 1711093708111 -6.5 -53.5 1.4726215563702154 18
0000 0009 1711093708112 3.25 -54.5 3.522019888985432 18
0000 0004 1711093708112 16.25 -63.5 6.178874613603362 18
0000 0003 1711093708112 152.9375 -72.5 1.7548740213411735 18
0000 0002 1711093708113 142.375 -68.5 5.258486140871978 18
0000 0015 1711093708113 -16.25 -62.5 4.6448938257177215 18
0000 0000 1711093708113 -29.25 -67.5 5.098952138931871 18
0000 0014 1711093708114 -13.0 -64.5 3.0250101137104846 18
0000 0011 1711093708114 -32.9375 -78.5 5.338253141842031 18
0000 0008 1711093708114 0.0 -53.0 1.4848934026733007 18
0000 0014 1711093708115 -68.3125 -64.0 3.117048960983623 18
0000 0006 1711093708115 39.0 -70.5 1.521708941582556 18
0000 0001 1711093708115 -19.5 -55.0 3.6324665057131984 18
0000 0015 1711093708116 -13.0 -63.0 4.804427827657828 18
0000 0009 1711093708116 0.0 -54.0 3.5158839658338894 18
0000 0000 1711093708116 58.5625 -67.0 4.865787059173254 18
0000 0003 1711093708117 133.4375 -73.0 2.0371264863121317 18
0000 0010 1711093708117 -10.5625 -63.5 6.270913460876501 18
0000 0002 1711093708117 100.875 -68.5 5.338253141842031 18
0000 0005 1711093708118 32.5 -66.0 2.7979809571034093 18
0000 0004 1711093708118 48.8125 -63.5 6.105243535784852 18
0000 0011 1711093708140 -2.4375 -78.5 5.0253210611133605 18
0000 0001 1711093708342 -6.5 -55.5 3.6692820446224537 18
0000 0015 1711093708342 78.0625 -63.0 4.681709364626977 18
0000 0014 1711093708343 -9.75 -65.0 3.018874190558942 18
0000 0009 1711093708343 9.75 -54.5 3.485204350076177 18
0000 0004 1711093708343 97.625 -63.5 6.062292073724054 18
0000 0005 1711093708344 -32.5 -66.0 2.779573187648782 18
0000 0008 1711093708344 -13.8125 -53.5 1.5278448647340985 18
0000 0010 1711093708345 -10.5625 -63.5 6.258641614573416 18
0000 0002 1711093708345 17.0625 -68.0 5.565282298449106 18
0000 0000 1711093708345 -35.75 -67.0 5.105088062083414 18
0000 0006 1711093708345 -84.625 -71.0 1.846912868614312 18
0000 0003 1711093708346 87.875 -72.0 1.932815792735908 18
0000 0011 1711093708346 8.5 -78.5 4.743068596142402 18
0000 0000 1711093708347 13.0 -67.0 5.0682725231741586 18
0000 0009 1711093708347 -16.25 -54.0 3.5281558121369745 18
0000 0003 1711093708347 -139.9375 -72.5 2.478912953223196 18
0000 0001 1711093708348 0.0 -55.5 3.693825737228624 18
0000 0002 1711093708348 -17.0625 -68.5 5.577554144752192 18
0000 0014 1711093708348 94.375 -64.5 2.8532042654672924 18
0000 0015 1711093708349 -29.25 -63.0 4.853515212870168 18
0000 0005 1711093708349 -78.0625 -66.0 2.9329712664373457 18
0000 0008 1711093708349 6.5 -53.5 1.4971652489763858 18
0000 0006 1711093708350 -32.5 -71.0 1.6935147898257479 18
0000 0004 1711093708350 0.0 -63.5 6.22182607566416 18
0000 0010 1711093708351 24.375 -63.5 6.258641614573416 18
0000 0011 1711093708390 62.25 -79.5 4.638757902566179 18
0000 0015 1711093708575 16.25 -63.0 4.8351074434155406 18
0000 0009 1711093708576 -6.5 -54.0 3.4913402732277192 18
0000 0001 1711093708576 -19.5 -55.5 3.7551849687440497 18
0000 0014 1711093708576 3.25 -65.0 3.0495538063166547 18
0000 0000 1711093708577 26.0 -66.5 5.123495831538041 18
0000 0004 1711093708577 26.0 -63.5 6.2034183062095325 18
0000 0005 1711093708577 78.0625 -64.5 2.662990647769473 18
0000 0008 1711093708578 -6.5 -53.0 1.533980787885641 18
0000 0010 1711093708578 21.125 -63.5 6.270913460876501 18
0000 0003 1711093708578 48.8125 -73.0 2.184388641949153 18
0000 0002 1711093708579 -17.0625 -68.0 5.534602682691394 18
0000 0006 1711093708579 68.3125 -71.0 1.509437095279471 18
0000 0011 1711093708579 -72.0 -79.0 5.2768939103266055 18
0000 0005 1711093708580 19.5 -65.5 2.718213956133356 18
0000 0002 1711093708580 -3.25 -67.0 5.706408530934585 18
0000 0004 1711093708580 68.3125 -63.0 6.105243535784852 18
0000 0009 1711093708581 -13.0 -54.5 3.485204350076177 18
0000 0008 1711093708581 19.5 -53.0 1.4910293258248433 18
0000 0001 1711093708581 -9.75 -55.5 3.785864584501762 18
0000 0014 1711093708582 74.8125 -65.0 2.9575149590435164 18
0000 0015 1711093708582 -48.8125 -62.5 4.92714629068868 18
0000 0003 1711093708582 -9.75 -73.0 2.380738182798515 18
0000 0000 1711093708583 13.0 -66.0 5.209398755659637 18
0000 0010 1711093708583 41.5 -63.5 6.227961998815704 18
0000 0006 1711093708584 -13.0 -70.5 1.5155730184310134 18
0000 0011 1711093708640 1.5 -80.0 4.9394181369917645 18
0000 0006 1711093708820 19.5 -71.5 1.533980787885641 18
0000 0009 1711093708820 -6.5 -54.0 3.4606606574700063 18
0000 0008 1711093708820 7.3125 -53.0 1.521708941582556 18
0000 0001 1711093708821 -45.5625 -55.5 3.8717675086233583 18
0000 0015 1711093708821 -13.0 -62.5 4.92714629068868 18
0000 0005 1711093708821 13.0 -65.5 2.6875343403756435 18
0000 0002 1711093708822 83.0 -67.0 5.608233760509904 18
0000 0010 1711093708822 41.5 -64.0 6.2463697682703305 18
0000 0014 1711093708822 -39.0 -65.0 3.0925052683774528 18
0000 0000 1711093708823 -55.3125 -66.5 5.178719139901925 18
0000 0004 1711093708823 -39.0 -64.0 0.04295146206079795 18
0000 0003 1711093708823 -29.25 -71.5 2.337786720737717 18
0000 0011 1711093708824 0.0 -78.5 5.086680292628786 18
0000 0010 1711093708824 30.875 -64.5 6.234097921967246 18
0000 0001 1711093708824 -6.5 -55.5 3.8717675086233583 18
0000 0008 1711093708825 -6.5 -53.5 1.5585244804918115 18
0000 0006 1711093708825 -13.0 -71.0 1.509437095279471 18
0000 0014 1711093708825 45.5625 -64.5 3.0250101137104846 18
0000 0009 1711093708826 -3.25 -54.0 3.442252888015379 18
0000 0002 1711093708826 -65.875 -67.5 5.798447378207723 18
0000 0015 1711093708826 29.25 -62.5 4.902602598082509 18
0000 0000 1711093708827 -26.0 -66.0 5.356660911296659 18
0000 0004 1711093708827 3.25 -63.5 6.227961998815704 18
0000 0005 1711093708827 -68.3125 -65.5 2.834796496012665 18
0000 0003 1711093708828 -58.5625 -73.0 2.3930100291016 18
0000 0011 1711093708890 -7.3125 -79.0 4.81056375080937 18
0000 0003 1711093709059 16.25 -72.0 2.454369260617026 18
0000 0005 1711093709059 -39.0 -65.5 2.761165418194154 18
0000 0008 1711093709059 -13.0 -53.0 1.5585244804918115 18
0000 0009 1711093709060 6.5 -54.0 3.423845118560751 18
0000 0006 1711093709060 218.0625 -71.5 1.325359400733194 18
0000 0001 1711093709060 3.25 -55.5 3.877903431774901 18
0000 0010 1711093709061 39.0 -64.5 6.240233845118788 18
0000 0015 1711093709061 -6.5 -62.5 5.019185137961818 18
0000 0002 1711093709062 7.3125 -66.0 5.681864838328415 18
0000 0004 1711093709062 -32.5 -63.5 6.240233845118788 18
0000 0000 1711093709062 35.75 -65.5 5.301437602932776 18
0000 0014 1711093709063 13.0 -65.0 3.0802334220743677 18
0000 0011 1711093709063 -35.375 -79.0 5.105088062083414 18
0000 0006 1711093709063 16.25 -71.0 1.6935147898257479 18
0000 0008 1711093709064 -9.75 -53.0 1.552388557340269 18
0000 0002 1711093709064 -97.625 -67.0 5.927301764390117 18
0000 0000 1711093709064 6.5 -65.0 5.393476450205914 18
0000 0009 1711093709065 6.5 -54.0 3.411573272257666 18
0000 0005 1711093709065 -13.0 -66.0 2.718213956133356 18
0000 0001 1711093709065 16.25 -56.0 3.9453985864418692 18
0000 0010 1711093709066 59.375 -64.0 6.191146459906448 18
0000 0003 1711093709066 32.5 -71.5 2.3623304133438876 18
0000 0014 1711093709066 -13.0 -65.0 3.141592653589793 18
0000 0004 1711093709067 29.25 -63.5 6.19728238305799 18
0000 0015 1711093709067 -42.3125 -62.5 5.160311370447297 18
0000 0011 1711093709141 -12.8125 -79.5 5.178719139901925 18
0000 0001 1711093709285 6.5 -55.5 3.988350048502667 18
0000 0002 1711093709285 59.375 -66.0 5.780039608753096 18
0000 0008 1711093709285 -9.75 -53.0 1.6014759425526093 18
0000 0004 1711093709286 26.0 -63.5 6.2034183062095325 18
0000 0005 1711093709286 100.875 -66.0 2.552544031041707 18
0000 0010 1711093709286 55.3125 -64.0 0.01227184630308513 18
0000 0014 1711093709287 29.25 -65.0 3.160000423044421 18
0000 0003 1711093709287 13.0 -72.0 2.5402721847386216 18
0000 0015 1711093709287 -16.25 -62.0 5.252350217720435 18
0000 0000 1711093709288 26.0 -65.0 5.411884219660542 18
0000 0006 1711093709288 55.3125 -70.5 1.4358060174609601 18
0000 0009 1711093709288 -13.0 -53.5 3.4054373491061236 18
0000 0004 1711093709289 -16.25 -63.5 0.01227184630308513 18
0000 0005 1711093709289 -78.0625 -66.0 2.9697868053466014 18
0000 0003 1711093709289 -126.9375 -71.0 2.742757648739526 18
0000 0000 1711093709290 13.0 -64.5 5.559146375297564 18
0000 0008 1711093709290 -16.25 -53.0 1.6689710972195777 18
0000 0010 1711093709290 0.0 -65.0 6.277049384028044 18
0000 0014 1711093709291 6.5 -65.0 3.2704470397721868 18
0000 0002 1711093709291 48.8125 -66.5 5.835262917116979 18
0000 0009 1711093709291 0.0 -53.5 3.4177091954092087 18
0000 0015 1711093709391 26.0 -62.0 4.970097752749477 18
0000 0006 1711093709391 214.8125 -71.5 1.2762720155208536 18
0000 0001 1711093709392 9.75 -55.0 4.09266074207889 18
0000 0010 1711093709525 81.375 -64.0 5.743224069843841 18
0000 0003 1711093709526 -6.5 -71.0 2.8716120349219203 18
0000 0009 1711093709526 9.75 -53.5 3.5465635815916023 18
0000 0015 1711093709526 42.3125 -63.0 4.479223900626073 18
0000 0001 1711093709527 0.0 -55.5 4.381049130201391 18
0000 0008 1711093709527 3.25 -53.5 1.7241944055834606 18
0000 0000 1711093709527 -16.25 -64.5 5.964117303299373 18
0000 0005 1711093709528 -71.5625 -66.5 3.147728576741336 18
0000 0002 1711093709528 -35.75 -67.5 6.031612457966341 18
0000 0014 1711093709529 91.125 -64.5 3.522019888985432 18
0000 0004 1711093709529 3.25 -62.5 0.0859029241215959 18
0000 0006 1711093709530 19.5 -71.5 1.6996507129772904 18
0000 0001 1711093709530 -22.75 -55.0 5.0682725231741586 18
0000 0000 1711093709531 -22.75 -64.0 0.18407769454627693 18
0000 0006 1711093709531 52.0625 -73.0 1.3560390164909069 18
0000 0014 1711093709531 -3.25 -65.0 3.423845118560751 18
0000 0002 1711093709532 -81.375 -69.0 6.277049384028044 18
0000 0008 1711093709532 19.5 -54.0 1.9819031779482483 18
0000 0015 1711093709532 -3.25 -63.0 4.387185053352934 18
0000 0009 1711093709533 -22.75 -54.0 3.8717675086233583 18
0000 0005 1711093709533 55.3125 -67.5 3.5588354278946874 18
0000 0004 1711093709533 -9.75 -62.5 0.46019423636569234 18
0000 0010 1711093709534 -29.25 -64.0 5.957981380147831 18
0000 0003 1711093709534 -169.25 -69.0 3.7429131224409646 18
0000 0008 1711093709641 6.5 -55.5 2.5832236467994196 18
0000 0010 1711093709642 -34.9375 -63.5 6.019340611663256 18
0000 0014 1711093709642 -13.0 -65.5 3.160000423044421 18
0000 0009 1711093709642 9.75 -53.5 4.325825821837508 18
0000 0002 1711093709643 45.5625 -72.0 0.5154175447295755 18
0000 0006 1711093709643 -136.6875 -72.0 1.8285050991596843 18
0000 0001 1711093709643 -22.75 -56.0 0.34974761963792617 18
0000 0003 1711093709644 58.5625 -66.5 4.338097668140593 18
0000 0004 1711093709644 16.25 -61.5 0.9633399347921826 18
0000 0015 1711093709644 32.5 -64.5 4.0128937411088375 18
0000 0000 1711093709645 26.0 -64.0 1.2762720155208536 18
0000 0005 1711093709645 -55.3125 -70.0 4.4362724385652745 18
0000 0006 1711093709877 -13.0 -72.0 1.7671458676442586 18
0000 0001 1711093709877 13.0 -55.0 2.3009711818284617 18
0000 0004 1711093709877 0.0 -61.5 1.9266798695843652 18
0000 0014 1711093709877 -3.25 -65.0 2.890019804376548 18
0000 0015 1711093709878 19.5 -66.0 3.54042765844006 18
0000 0009 1711093709878 3.25 -55.0 5.522330836388308 18
0000 0008 1711093709878 19.5 -57.5 3.773592738198677 18
0000 0010 1711093709879 -48.8125 -63.0 0.7363107781851077 18
0000 0003 1711093709879 -156.1875 -67.0 5.638913376267617 18
0000 0000 1711093709880 -39.0 -66.5 2.9084275738311756 18
0000 0002 1711093709880 -191.1875 -74.0 2.350058567040802 18
0000 0005 1711093709880 0.5625 -73.0 5.031456984264903 18
0000 0009 1711093709881 13.0 -55.0 1.0676506283684062 18
0000 0003 1711093709882 35.75 -69.5 0.7731263170943632 18
0000 0008 1711093709882 -9.75 -55.5 5.313709449235861 18
0000 0001 1711093709882 0.0 -52.5 4.344233591292136 18
0000 0011 1711093709883 -65.0625 -67.5 2.8286605728611223 18
0000 0010 1711093709883 -48.8125 -61.5 2.4850488763747385 18
0000 0014 1711093709883 -78.0625 -65.5 2.7120780329818137 18
0000 0006 1711093709884 9.75 -69.0 0.4295146206079795 18
0000 0000 1711093709884 -13.0 -67.0 4.71238898038469 18
0000 0007 1711093709884 -185.5 -71.5 2.043262409463674 18
0000 0005 1711093709885 -39.0 -69.0 2.7550294950426117 18
0000 0015 1711093709885 65.0625 -66.0 3.368621810196868 18
0000 0004 1711093709885 -39.0 -62.5 4.037437433715008 18
0000 0002 1711093710043 10.9375 -76.5 1.5401167110371838 18
0000 0013 1711093710044 16.4375 -78.0 3.810408277107933 18
0000 0012 1711093710044 -7.625 -79.0 4.000621894805752 18
0000 0000 1711093710044 -32.5 -67.0 0.9817477042468103 18
0000 0015 1711093710045 -65.0625 -66.5 4.681709364626977 18
0000 0001 1711093710045 -13.0 -53.0 0.20248546400090464 18
0000 0011 1711093710045 22.75 -57.0 3.3440781175906977 18
0000 0010 1711093710046 39.0 -57.5 6.2034183062095325 18
0000 0008 1711093710046 55.3125 -61.0 2.399145952253143 18
0000 0007 1711093710046 29.25 -63.0 5.135767677841127 18
0000 0009 1711093710047 0.0 -55.5 5.835262917116979 18
0000 0004 1711093710047 -29.25 -58.0 0.6994952392758523 18
0000 0012 1711093710048 -237.5625 -75.0 0.4724660826687775 18
0000 0005 1711093710048 97.625 -64.0 5.019185137961818 18
0000 0014 1711093710049 -26.0 -66.5 2.350058567040802 18
0000 0013 1711093710049 61.8125 -68.5 4.09266074207889 18
0000 0003 1711093710150 0.0 -74.0 2.00951483213019 18
0000 0002 1711093710150 52.875 -75.0 0.9295923574586985 18
0000 0006 1711093710151 2.4375 -77.0 2.7979809571034093 18
0000 0002 1711093710169 170.0625 -73.5 1.533980787885641 18
0000 0014 1711093710170 -16.25 -66.5 2.386874105950058 18
0000 0013 1711093710170 -58.5625 -59.0 4.76147636559703 18
0000 0000 1711093710170 39.0 -69.0 2.2580197197676637 18
0000 0006 1711093710171 -58.5625 -69.5 3.8288160465625602 18
0000 0008 1711093710171 9.75 -58.0 4.706253057233147 18
0000 0001 1711093710171 -9.75 -53.5 0.7424467013366504 18
0000 0010 1711093710172 0.0 -55.5 2.1598449493429825 18
0000 0004 1711093710172 -9.75 -65.0 2.478912953223196 18
0000 0009 1711093710172 -26.0 -55.0 1.141281706186917 18
0000 0011 1711093710173 6.5 -58.0 0.0 18
0000 0015 1711093710173 -3.25 -65.0 5.381204603902829 18
0000 0012 1711093710173 -26.0 -63.5 5.7616318392984684 18
0000 0005 1711093710174 -9.75 -62.5 0.760854470791278 18
0000 0003 1711093710174 35.75 -69.0 0.018407769454627694 18
0000 0007 1711093710174 48.8125 -68.5 2.2948352586769194 18
0000 0001 1711093710294 -22.75 -53.0 0.5890486225480862 18
0000 0013 1711093710294 -22.75 -56.5 5.3627968344482015 18
0000 0015 1711093710295 -13.0 -63.0 6.166602767300278 18
0000 0011 1711093710295 6.5 -56.5 1.4419419406125027 18
0000 0010 1711093710295 -35.75 -56.5 3.32567034813607 18
0000 0008 1711093710296 -48.8125 -58.0 5.295301679781233 18
0000 0004 1711093710296 -68.3125 -68.0 4.460816131171445 18
0000 0014 1711093710296 -6.5 -68.5 2.0800779483729293 18
0000 0006 1711093710297 -13.0 -69.0 4.994641445355648 18
0000 0009 1711093710297 -48.8125 -59.5 2.073942025221387 18
0000 0007 1711093710297 48.8125 -66.0 4.319689898685965 18
0000 0005 1711093710298 19.5 -61.0 1.2762720155208536 18
0000 0012 1711093710298 0.0 -61.5 4.509903516383785 18
0000 0002 1711093710298 430.4375 -74.0 1.521708941582556 18
0000 0003 1711093710299 78.0625 -69.5 0.5399612373357456 18
0000 0000 1711093710299 39.0 -70.0 2.9329712664373457 18
0000 0003 1711093710412 110.625 -69.0 0.4172427743048944 18
0000 0010 1711093710412 -3.25 -56.0 3.730641276137879 18
0000 0004 1711093710413 65.0625 -69.0 4.6448938257177215 18
0000 0008 1711093710413 -22.75 -59.0 5.47937937432751 18
0000 0006 1711093710413 29.25 -70.0 5.460971604872882 18
0000 0011 1711093710414 -16.25 -56.0 1.8653206380689396 18
0000 0015 1711093710414 9.75 -64.0 0.3620194659410113 18
0000 0001 1711093710414 -13.0 -53.0 0.3190680038802134 18
0000 0009 1711093710415 -22.75 -61.0 2.7857091108003242 18
0000 0014 1711093710415 -71.5625 -70.0 2.2089323345553233 18
0000 0007 1711093710415 9.75 -64.0 5.411884219660542 18
0000 0013 1711093710416 6.5 -56.5 5.688000761479957 18
0000 0002 1711093710416 364.5625 -73.5 1.8407769454627694 18
0000 0005 1711093710416 32.5 -62.0 1.3437671701878218 18
0000 0012 1711093710417 -16.25 -62.0 4.718524903536232 18
0000 0000 1711093710417 3.25 -74.5 2.6813984172241008 18
0000 0001 1711093710599 0.0 -53.0 0.2761165418194154 18
0000 0010 1711093710600 16.25 -56.0 4.0128937411088375 18
0000 0006 1711093710601 74.8125 -71.5 5.620505606812989 18
0000 0008 1711093710601 13.0 -59.5 5.589825991055276 18
0000 0009 1711093710601 39.0 -62.0 2.9759227284981438 18
0000 0003 1711093710601 -29.25 -69.0 0.5645049299419159 18
0000 0013 1711093710602 -16.25 -57.5 6.258641614573416 18
0000 0011 1711093710602 -26.0 -55.5 2.1353012567368124 18
0000 0005 1711093710602 -42.3125 -62.0 1.5892040962495242 18
0000 0004 1711093710603 97.625 -67.5 4.859651136021712 18
0000 0012 1711093710603 74.8125 -62.0 5.013049214810275 18
0000 0015 1711093710603 97.625 -63.5 0.21475731030398976 18
0000 0014 1711093710604 3.25 -69.5 2.141437179888355 18
0000 0007 1711093710604 -19.5 -63.0 5.890486225480862 18
0000 0002 1711093710604 13.0 -74.0 5.50392306693368 18
0000 0000 1711093710605 20.75 -77.0 5.6941366846315 18
0000 0013 1711093710748 -6.5 -57.0 0.28225246497095796 18
0000 0011 1711093710749 13.0 -56.0 2.386874105950058 18
0000 0012 1711093710749 -19.5 -64.0 5.577554144752192 18
0000 0010 1711093710749 -16.25 -56.0 4.362641360746763 18
0000 0007 1711093710750 0.0 -63.0 5.8659425328746915 18
0000 0003 1711093710750 -48.8125 -69.0 0.803805932852076 18
0000 0001 1711093710750 0.0 -53.5 0.3313398501832985 18
0000 0005 1711093710751 9.75 -61.0 1.5953400194010667 18
0000 0009 1711093710751 16.25 -61.5 3.399301425954581 18
0000 0006 1711093710751 -78.0625 -72.0 6.191146459906448 18
0000 0015 1711093710752 6.5 -64.0 0.3436116964863836 18
0000 0014 1711093710752 -139.9375 -70.0 2.3071071049800045 18
0000 0008 1711093710752 -29.25 -59.0 5.8659425328746915 18
0000 0004 1711093710753 -192.0 -68.0 5.71868037723767 18
0000 0002 1711093710753 -156.1875 -74.0 2.662990647769473 18
0000 0000 1711093710753 3.625 -76.5 6.013204688511713 18
0000 0008 1711093710868 -19.5 -59.0 5.9518454569962875 18
0000 0009 1711093710869 19.5 -62.0 3.5711072741977725 18
0000 0001 1711093710869 -26.0 -53.0 0.5399612373357456 18
0000 0010 1711093710869 -24.375 -56.0 4.466952054322987 18
0000 0013 1711093710870 -39.0 -57.0 0.42337869745643697 18
0000 0011 1711093710870 6.5 -55.0 2.564815877344792 18
0000 0014 1711093710870 -39.0 -69.0 2.0923497946760143 18
0000 0006 1711093710871 97.625 -72.0 0.04908738521234052 18
0000 0007 1711093710871 0.0 -62.5 5.964117303299373 18
0000 0012 1711093710871 3.25 -63.5 5.608233760509904 18
0000 0003 1711093710872 6.5 -69.0 0.7731263170943632 18
0000 0015 1711093710872 65.0625 -64.5 0.2638446955163303 18
0000 0005 1711093710872 -9.75 -61.0 1.8162332528565992 18
0000 0004 1711093710873 -71.5625 -68.5 5.859806609723149 18
0000 0002 1711093710873 36.5625 -74.5 5.3842725654786 18
0000 0000 1711093710873 77.3125 -76.0 5.915029918087033 18
0000 0015 1711093711050 -13.0 -64.0 0.3190680038802134 18
0000 0003 1711093711050 136.6875 -69.5 0.9203884727313847 18
0000 0012 1711093711050 -58.5625 -63.5 5.675728915176872 18
0000 0007 1711093711051 -32.5 -62.5 6.209554229361076 18
0000 0008 1711093711051 29.25 -59.0 5.9088939949354895 18
0000 0005 1711093711051 -29.25 -61.0 1.8039614065535141 18
0000 0001 1711093711052 6.5 -53.5 0.6320000846088841 18
0000 0010 1711093711052 30.875 -56.0 4.448544284868359 18
0000 0009 1711093711052 39.0 -61.5 3.5956509668039427 18
0000 0013 1711093711053 13.0 -57.0 0.39269908169872414 18
0000 0004 1711093711053 0.0 -69.5 5.816855147662351 18
0000 0014 1711093711053 -120.4375 -69.5 2.350058567040802 18
0000 0011 1711093711054 39.0 -55.5 2.521864415283994 18
0000 0002 1711093711054 69.125 -73.0 2.466641106920111 18
0000 0006 1711093711054 -45.5625 -71.5 0.17794177139473438 18
0000 0000 1711093711055 24.375 -76.5 6.000932842208628 18
0000 0010 1711093711151 0.0 -56.0 4.448544284868359 18
0000 0012 1711093711151 -9.75 -64.0 5.620505606812989 18
0000 0006 1711093711151 0.0 -71.0 0.07976700097005335 18
0000 0013 1711093711152 19.5 -57.5 0.36815538909255385 18
0000 0015 1711093711152 32.5 -65.0 0.3129320807286708 18
0000 0011 1711093711152 32.5 -56.0 2.552544031041707 18
0000 0008 1711093711153 -3.25 -59.0 6.031612457966341 18
0000 0005 1711093711153 55.3125 -61.0 1.7732817907958012 18
0000 0001 1711093711153 -13.0 -54.0 0.7731263170943632 18
0000 0007 1711093711154 -9.75 -62.5 6.22182607566416 18
0000 0002 1711093711154 139.125 -73.0 2.435961491162398 18
0000 0003 1711093711154 139.9375 -68.5 0.8651651643675016 18
0000 0009 1711093711155 -9.75 -60.5 3.6017868899554855 18
0000 0014 1711093711155 -97.625 -69.0 2.2580197197676637 18
0000 0004 1711093711155 107.375 -69.0 5.743224069843841 18
0000 0000 1711093711156 -260.375 -74.0 3.411573272257666 18
0000 0001 1711093711279 9.75 -54.0 0.8099418560036186 18
0000 0005 1711093711280 6.5 -61.0 1.6260196351587797 18
0000 0007 1711093711280 -55.3125 -62.5 0.35588354278946877 18
0000 0004 1711093711280 -26.0 -69.0 5.534602682691394 18
0000 0009 1711093711281 6.5 -61.5 3.5588354278946874 18
0000 0011 1711093711281 39.0 -55.5 2.8838838812250054 18
0000 0003 1711093711281 -35.75 -68.0 1.0062913968529805 18
0000 0008 1711093711282 -16.25 -59.0 5.5284667595398505 18
0000 0015 1711093711282 39.0 -64.0 0.46019423636569234 18
0000 0013 1711093711282 -26.0 -56.5 0.5583690067903734 18
0000 0012 1711093711283 9.75 -63.0 6.043884304269426 18
0000 0006 1711093711283 -42.3125 -72.5 0.4172427743048944 18
0000 0010 1711093711283 -32.5 -56.0 4.638757902566179 18
0000 0014 1711093711284 6.5 -67.5 1.7671458676442586 18
0000 0000 1711093711284 -26.0 -74.0 3.1354567304382504 18
0000 0002 1711093711284 159.5 -73.0 2.2580197197676637 18
0000 0003 1711093711396 81.375 -68.0 0.944932165337555 18
0000 0001 1711093711396 -6.5 -53.5 0.859029241215959 18
0000 0009 1711093711397 0.0 -60.5 3.56497135104623 18
0000 0008 1711093711397 6.5 -59.0 5.497787143782138 18
0000 0005 1711093711397 6.5 -60.5 1.5892040962495242 18
0000 0011 1711093711398 -6.5 -55.5 2.9145634969827183 18
0000 0013 1711093711398 9.75 -57.0 0.5092816215780329 18
0000 0010 1711093711398 -16.25 -56.0 4.577398671050753 18
0000 0015 1711093711398 58.5625 -64.5 0.4172427743048944 18
0000 0007 1711093711399 -61.8125 -63.0 0.23316507975861744 18
0000 0000 1711093711399 -218.0625 -72.0 3.54042765844006 18
0000 0004 1711093711399 61.8125 -69.5 5.43029198911517 18
0000 0012 1711093711400 42.3125 -62.5 5.964117303299373 18
0000 0002 1711093711400 -91.125 -72.0 2.718213956133356 18
0000 0006 1711093711400 84.625 -72.5 0.4111068511533518 18
0000 0014 1711093711401 3.25 -69.5 1.7794177139473437 18
0000 0008 1711093711518 -32.5 -58.5 5.620505606812989 18
0000 0013 1711093711518 29.25 -57.5 0.5399612373357456 18
0000 0009 1711093711518 -3.25 -60.5 3.509748042682347 18
0000 0001 1711093711518 -22.75 -53.5 0.9265243958829272 18
0000 0000 1711093711519 -120.4375 -71.0 3.393165502803038 18
0000 0015 1711093711519 -65.0625 -64.5 0.5645049299419159 18
0000 0011 1711093711519 48.8125 -56.0 2.7857091108003242 18
0000 0010 1711093711520 -19.5 -56.0 4.577398671050753 18
0000 0007 1711093711520 -29.25 -62.5 0.09203884727313846 18
0000 0005 1711093711520 22.75 -61.0 1.5278448647340985 18
0000 0012 1711093711521 0.0 -62.5 5.964117303299373 18
0000 0003 1711093711522 120.4375 -67.5 0.6872233929727672 18
0000 0002 1711093711522 117.9375 -72.0 2.405281875404685 18
0000 0014 1711093711522 -68.3125 -69.0 1.8530487917658545 18
0000 0006 1711093711523 100.875 -70.5 0.3988350048502667 18
0000 0004 1711093711523 -32.5 -69.5 5.4671075280244255 18
0000 0000 1711093711638 130.1875 -71.0 2.9697868053466014 18
0000 0008 1711093711638 6.5 -58.0 5.534602682691394 18
0000 0001 1711093711638 -26.0 -53.5 0.9756117810952678 18
0000 0006 1711093711639 45.5625 -71.0 0.4172427743048944 18
0000 0015 1711093711639 35.75 -63.5 0.3865631585471816 18
0000 0005 1711093711639 19.5 -61.0 1.533980787885641 18
0000 0013 1711093711640 -3.25 -57.0 0.5767767762450011 18
0000 0011 1711093711640 13.0 -56.0 2.791845033951867 18
0000 0007 1711093711641 29.25 -63.0 6.240233845118788 18
0000 0009 1711093711641 -19.5 -60.0 3.479068426924634 18
0000 0010 1711093711641 17.0625 -56.0 4.503767593232243 18
0000 0012 1711093711642 42.3125 -62.5 5.884350302329319 18
0000 0014 1711093711642 166.0 -69.0 1.533980787885641 18
0000 0004 1711093711642 -123.6875 -71.0 5.663457068873787 18
0000 0003 1711093711643 -3.25 -68.5 0.8406214717613314 18
0000 0002 1711093711643 6.5 -73.0 2.5586799541932495 18
0000 0004 1711093711757 -97.625 -69.5 5.712544454086128 18
0000 0012 1711093711757 32.5 -62.0 5.884350302329319 18
0000 0010 1711093711757 17.0625 -56.0 4.479223900626073 18
0000 0001 1711093711758 -9.75 -53.5 1.000155473701438 18
0000 0014 1711093711758 68.3125 -68.5 1.6198837120072371 18
0000 0011 1711093711758 22.75 -56.0 2.7979809571034093 18
0000 0008 1711093711759 -29.25 -58.5 5.602097837358362 18
0000 0009 1711093711759 -6.5 -59.5 3.442252888015379 18
0000 0006 1711093711759 -19.5 -71.5 0.4908738521234052 18
0000 0002 1711093711760 61.8125 -72.5 2.350058567040802 18
0000 0005 1711093711760 19.5 -61.0 1.576932249946439 18
0000 0015 1711093711760 -9.75 -64.5 0.46019423636569234 18
0000 0013 1711093711761 22.75 -57.5 0.5092816215780329 18
0000 0007 1711093711761 -58.5625 -63.5 0.1227184630308513 18
0000 0003 1711093711761 -29.25 -69.0 0.8713010875190442 18
0000 0000 1711093711762 0.0 -70.5 3.423845118560751 18
0000 0015 1711093711880 26.0 -65.0 0.380427235395639 18
0000 0001 1711093711880 13.0 -53.5 1.012427320004523 18
0000 0013 1711093711881 -9.75 -57.5 0.5583690067903734 18
0000 0010 1711093711881 27.625 -56.0 4.473087977474529 18
0000 0007 1711093711881 -22.75 -62.5 0.04908738521234052 18
0000 0008 1711093711881 3.25 -58.0 5.6143696836614465 18
0000 0012 1711093711882 -100.875 -62.5 6.019340611663256 18
0000 0005 1711093711882 55.3125 -61.0 1.576932249946439 18
0000 0009 1711093711882 0.0 -59.5 3.4606606574700063 18
0000 0004 1711093711883 -175.75 -71.0 5.786175531904639 18
0000 0014 1711093711883 -120.4375 -69.5 1.8714565612204823 18
0000 0011 1711093711883 6.5 -56.0 2.8286605728611223 18
0000 0006 1711093711884 48.8125 -72.0 0.4908738521234052 18
0000 0003 1711093711884 -104.125 -67.5 0.9878836273983529 18
0000 0000 1711093711884 -32.5 -69.5 3.5895150436524004 18
0000 0002 1711093711885 -62.625 -72.0 2.7979809571034093 18
0000 0006 1711093711998 139.9375 -72.0 0.46019423636569234 18
0000 0004 1711093711999 -9.75 -69.0 5.6143696836614465 18
0000 0011 1711093711999 16.25 -56.5 2.82252464970958 18
0000 0003 1711093711999 -29.25 -67.5 0.9326603190344698 18
0000 0007 1711093712000 -9.75 -62.5 0.14112623248547898 18
0000 0001 1711093712000 3.25 -53.5 1.0737865515199487 18
0000 0009 1711093712001 6.5 -60.5 3.5036121195308043 18
0000 0005 1711093712001 3.25 -61.0 1.6812429435226628 18
0000 0012 1711093712002 -9.75 -62.5 6.062292073724054 18
0000 0008 1711093712002 -27.625 -58.0 5.651185222570702 18
0000 0014 1711093712002 -35.75 -69.0 1.8837284075235674 18
0000 0010 1711093712003 -45.5625 -56.0 4.583534594202296 18
0000 0015 1711093712003 48.8125 -64.5 0.380427235395639 18
0000 0000 1711093712003 -52.0625 -69.5 3.399301425954581 18
0000 0013 1711093712004 19.5 -57.0 0.5890486225480862 18
0000 0002 1711093712004 87.875 -72.0 2.6323110320117604 18
0000 0009 1711093712117 -22.75 -60.0 3.522019888985432 18
0000 0012 1711093712118 3.25 -62.5 6.086835766330224 18
0000 0011 1711093712118 6.5 -56.0 2.890019804376548 18
0000 0010 1711093712118 -19.5 -56.0 4.589670517353839 18
0000 0001 1711093712119 6.5 -53.5 1.0983302441261191 18
0000 0015 1711093712119 -32.5 -64.5 0.44178646691106466 18
0000 0007 1711093712119 -3.25 -63.0 0.09203884727313846 18
0000 0013 1711093712120 0.0 -57.5 0.6320000846088841 18
0000 0003 1711093712120 35.75 -68.0 0.9633399347921826 18
0000 0014 1711093712120 -162.75 -69.5 2.000310947402876 18
0000 0008 1711093712121 -9.75 -58.0 5.64504929941916 18
0000 0002 1711093712121 65.0625 -72.5 2.662990647769473 18
0000 0005 1711093712121 39.0 -60.0 1.6689710972195777 18
0000 0006 1711093712122 -146.4375 -71.5 0.7179030087304801 18
0000 0000 1711093712122 22.75 -71.0 3.3379421944391554 18
0000 0004 1711093712122 -45.5625 -69.0 5.749359992995383 18
0000 0002 1711093712237 29.25 -72.5 2.6016314162540475 18
0000 0014 1711093712237 -78.0625 -69.5 2.024854640009046 18
0000 0004 1711093712237 61.8125 -68.5 5.565282298449106 18
0000 0008 1711093712238 -19.5 -58.0 5.712544454086128 18
0000 0013 1711093712238 22.75 -57.5 0.5951845456996288 18
0000 0011 1711093712238 -19.5 -56.0 2.9759227284981438 18
0000 0010 1711093712239 13.8125 -56.0 4.558990901596125 18
0000 0001 1711093712239 -6.5 -53.5 1.141281706186917 18
0000 0015 1711093712239 -52.0625 -64.0 0.4724660826687775 18
0000 0009 1711093712240 -45.5625 -61.0 3.5772431973493153 18
0000 0005 1711093712240 -29.25 -60.0 1.8653206380689396 18
0000 0007 1711093712240 19.5 -62.5 0.12885438618239387 18
0000 0000 1711093712241 -71.5625 -71.5 3.54042765844006 18
0000 0012 1711093712241 -35.75 -63.5 6.234097921967246 18
0000 0003 1711093712241 -29.25 -67.5 1.030835089459151 18
0000 0006 1711093712242 130.1875 -71.0 0.3988350048502667 18
0000 0001 1711093712356 13.0 -53.5 1.1719613219446299 18
0000 0014 1711093712356 117.125 -68.5 1.4971652489763858 18
0000 0012 1711093712357 32.5 -63.0 6.1850105367549055 18
0000 0008 1711093712357 3.25 -58.0 5.64504929941916 18
0000 0007 1711093712357 -55.3125 -62.0 0.30679615757712825 18
0000 0005 1711093712358 19.5 -60.5 1.8039614065535141 18
0000 0013 1711093712358 19.5 -57.5 0.6749515466696822 18
0000 0015 1711093712358 -68.3125 -65.0 0.521553467881118 18
0000 0010 1711093712359 -13.8125 -56.0 4.608078286808466 18
0000 0011 1711093712359 -6.5 -56.0 3.0066023442558567 18
0000 0009 1711093712359 3.25 -61.5 3.5772431973493153 18
0000 0002 1711093712360 -97.625 -74.5 2.748893571891069 18
0000 0003 1711093712360 -42.3125 -68.0 1.141281706186917 18
0000 0006 1711093712360 169.25 -72.0 0.2270291566070749 18
0000 0004 1711093712361 55.3125 -69.5 5.688000761479957 18
0000 0000 1711093712361 91.125 -72.5 3.08636934522591 18
