0000 0010 1711009178985 -42.3125 -62.5 2.3930100291016 9
0000 0004 1711009178986 130.1875 -68.5 5.013049214810275 9
0000 0012 1711009178987 26.0 -59.5 1.902136176978195 9
0000 0007 1711009178987 55.3125 -64.5 1.2762720155208536 9
0000 0015 1711009178988 26.0 -66.0 5.5284667595398505 9
0000 0000 1711009178988 34.4375 -78.0 1.6689710972195777 9
0000 0011 1711009178988 1.1875 -73.0 3.3072625786814425 9
0000 0008 1711009178988 5.0 -76.0 6.043884304269426 9
0000 0015 1711009178989 6.5 -66.5 5.608233760509904 9
0000 0012 1711009178989 -26.0 -58.5 1.9082721001297376 9
0000 0010 1711009178990 6.5 -62.5 2.429825568010856 9
0000 0007 1711009178990 -48.8125 -65.0 1.736466251886546 9
0000 0004 1711009178990 -136.6875 -69.5 5.485515297479052 9
0000 0000 1711009179223 1.8125 -77.5 1.932815792735908 9
0000 0011 1711009179223 -0.5625 -73.5 0.7301748550335652 9
0000 0008 1711009179224 4.375 -76.0 6.178874613603362 9
0000 0004 1711009179224 -68.3125 -69.0 5.135767677841127 9
0000 0012 1711009179224 29.25 -60.0 2.2457478734645786 9
0000 0010 1711009179225 -48.8125 -63.0 2.761165418194154 9
0000 0015 1711009179225 -9.75 -67.0 5.485515297479052 9
0000 0007 1711009179225 -29.25 -66.5 2.1966604882522383 9
0000 0011 1711009179225 13.0 -70.0 0.8774370106705868 9
0000 0011 1711009179225 -8.5 -72.0 0.9572040116406401 9
0000 0000 1711009179225 1.9375 -77.5 2.399145952253143 9
0000 0005 1711009179225 -6.5 -71.5 4.663301595172349 9
0000 0012 1711009179226 -45.5625 -64.5 3.2827188860752723 9
0000 0005 1711009179226 0.0 -68.5 4.583534594202296 9
0000 0015 1711009179227 3.25 -67.5 5.399612373357457 9
0000 0010 1711009179227 84.625 -66.5 2.5832236467994196 9
0000 0011 1711009179227 130.1875 -70.0 1.0737865515199487 9
0000 0000 1711009179486 7.75 -78.0 5.516194913236766 9
0000 0007 1711009179486 0.125 -75.0 6.031612457966341 9
0000 0011 1711009179486 149.6875 -68.0 1.380582709097077 9
0000 0007 1711009179487 -91.125 -71.0 6.270913460876501 9
0000 0010 1711009179487 19.5 -68.5 3.043417883165112 9
0000 0015 1711009179487 -48.8125 -66.0 5.589825991055276 9
0000 0005 1711009179487 -34.9375 -65.5 4.0128937411088375 9
0000 0012 1711009179488 -13.0 -63.5 4.09266074207889 9
0000 0012 1711009179488 -65.0625 -64.5 4.23378697456437 9
0000 0015 1711009179488 -26.0 -65.5 5.810719224510809 9
0000 0005 1711009179489 -71.5625 -65.0 4.6448938257177215 9
0000 0007 1711009179489 19.5 -66.0 1.184233168247715 9
0000 0015 1711009179735 -22.75 -65.5 6.007068765360171 9
0000 0012 1711009179736 -39.0 -64.0 4.325825821837508 9
0000 0007 1711009179736 -16.25 -69.0 2.423689644859313 9
0000 0005 1711009179737 -21.125 -64.0 5.043728830567988 9
0000 0005 1711009179737 21.125 -67.5 5.221670601962723 9
0000 0012 1711009179737 -22.75 -59.5 4.331961744989051 9
0000 0015 1711009179738 113.875 -68.5 6.264777537724958 9
0000 0007 1711009179738 1.1875 -73.5 5.252350217720435 9
0000 0007 1711009179996 -42.3125 -70.0 1.4787574795217582 9
0000 0012 1711009179996 -29.25 -61.5 4.9394181369917645 9
0000 0005 1711009179997 39.0 -67.5 4.129476280988146 9
0000 0008 1711009179997 -1.8125 -73.0 0.5767767762450011 9
0000 0012 1711009179997 -22.75 -61.0 5.632777453116074 9
0000 0005 1711009179997 -39.0 -64.5 2.9759227284981438 9
0000 0007 1711009179998 65.0625 -66.0 0.2454369260617026 9
0000 0008 1711009179998 237.5625 -69.5 0.7117670855789375 9
0000 0015 1711009179998 26.0 -67.5 5.737088146692298 9
0000 0012 1711009179999 -6.5 -60.0 5.620505606812989 9
0000 0004 1711009179999 -13.0 -67.5 2.6200391857086753 9
0000 0005 1711009179999 -29.25 -67.0 2.5709518004963345 9
0000 0007 1711009180000 35.75 -66.0 5.982525072754001 9
0000 0008 1711009180235 3.0 -71.5 5.111223985234957 9
0000 0004 1711009180235 -26.0 -64.0 3.129320807286708 9
0000 0015 1711009180235 16.25 -68.5 1.564660403643354 9
0000 0012 1711009180236 -29.25 -64.5 1.6198837120072371 9
0000 0007 1711009180236 6.5 -68.0 5.902758071783947 9
0000 0008 1711009180236 -68.3125 -65.5 3.172272269347506 9
0000 0012 1711009180237 -39.0 -63.5 2.6998061866787286 9
0000 0007 1711009180237 19.5 -70.5 0.2699806186678728 9
0000 0008 1711009180237 -29.25 -66.0 4.25833066717054 9
0000 0004 1711009180238 16.25 -64.0 3.32567034813607 9
0000 0015 1711009180238 33.3125 -70.5 5.783107570328867 9
0000 0011 1711009180238 -3.0 -71.5 0.5092816215780329 9
0000 0000 1711009180485 6.375 -77.5 2.60776733940559 9
0000 0015 1711009180485 -9.75 -64.5 2.7979809571034093 9
0000 0011 1711009180485 -100.875 -65.0 3.822680123411018 9
0000 0004 1711009180486 -78.0625 -65.5 4.448544284868359 9
0000 0012 1711009180486 -27.625 -63.0 3.6324665057131984 9
0000 0007 1711009180486 2.125 -74.0 5.013049214810275 9
0000 0015 1711009180487 -55.3125 -68.5 1.8407769454627694 9
0000 0010 1711009180487 -159.5 -70.0 6.080699843178682 9
0000 0012 1711009180487 -123.6875 -65.0 4.1417481272912315 9
0000 0011 1711009180488 -35.75 -65.0 4.301282129231338 9
0000 0007 1711009180488 -84.625 -68.5 6.068427996875596 9
0000 0008 1711009180488 4.0625 -72.5 4.451612246444131 9
0000 0010 1711009180489 -6.0625 -73.0 5.957981380147831 9
0000 0004 1711009180736 0.9375 -73.0 4.92714629068868 9
0000 0012 1711009180736 -29.25 -62.0 4.614214209960009 9
0000 0005 1711009180736 61.8125 -62.5 0.5522330836388308 9
0000 0007 1711009180737 65.0625 -71.0 3.153864499892878 9
0000 0004 1711009180737 11.5625 -72.5 5.970253226450915 9
0000 0008 1711009180737 -6.3125 -74.0 1.6505633277649499 9
0000 0008 1711009180738 -42.3125 -72.0 2.3193789512830896 9
0000 0007 1711009180738 39.0 -64.5 6.111379458936394 9
0000 0004 1711009180985 -1.1875 -66.0 4.571262747899211 9
0000 0013 1711009180985 4.375 -71.5 0.14726215563702155 9
0000 0010 1711009180985 2.6875 -71.5 1.1228739367322893 9
0000 0004 1711009180986 -29.25 -62.0 2.1905245651006955 9
0000 0010 1711009180986 -113.875 -67.5 4.933282213840222 9
0000 0011 1711009180986 -156.1875 -66.0 4.411728745959104 9
0000 0005 1711009180987 -100.875 -64.5 4.362641360746763 9
0000 0009 1711009180987 -9.125 -76.0 1.945087639038993 9
0000 0014 1711009180987 -0.5625 -72.0 0.030679615757712823 9
0000 0010 1711009180988 1.1875 -71.5 0.5645049299419159 9
0000 0004 1711009181215 0.25 -72.5 5.786175531904639 9
0000 0006 1711009181215 3.3125 -74.0 4.190835512503572 9
0000 0013 1711009181215 5.0 -72.0 0.35588354278946877 9
0000 0000 1711009181215 14.0 -77.0 4.853515212870168 9
0000 0012 1711009181216 -4.0 -77.0 5.497787143782138 9
0000 0014 1711009181216 84.625 -66.5 1.000155473701438 9
0000 0008 1711009181216 32.5 -71.0 5.663457068873787 9
0000 0005 1711009181217 -39.0 -63.0 1.5707963267948966 9
0000 0011 1711009181217 -9.75 -64.5 0.6688156235181395 9
0000 0004 1711009181217 -104.125 -66.0 3.509748042682347 9
0000 0013 1711009181218 35.75 -62.5 1.1351457830353744 9
0000 0000 1711009181218 142.375 -73.0 5.71868037723767 9
0000 0010 1711009181219 25.1875 -69.5 0.6166602767300278 9
0000 0006 1711009181219 52.0625 -73.0 4.663301595172349 9
0000 0009 1711009181219 -9.75 -76.0 0.6442719309119693 9
0000 0011 1711009181220 -52.0625 -67.0 3.3747577333484107 9
0000 0013 1711009181220 -13.0 -64.5 2.84706834231575 9
0000 0005 1711009181220 -3.25 -64.0 5.368932757599744 9
0000 0010 1711009181221 68.3125 -67.0 1.8530487917658545 9
0000 0014 1711009181221 78.0625 -69.0 0.6504078540635119 9
0000 0004 1711009181221 6.5 -59.5 3.9147189706841563 9
0000 0011 1711009181463 -78.0625 -66.0 6.0991076126333095 9
0000 0010 1711009181463 -29.25 -66.0 4.1172044346850605 9
0000 0014 1711009181463 -9.75 -66.5 0.39269908169872414 9
0000 0004 1711009181464 -13.0 -58.5 4.81056375080937 9
0000 0005 1711009181464 29.25 -61.5 0.5829126993965437 9
0000 0007 1711009181464 35.75 -68.0 0.2270291566070749 9
0000 0013 1711009181465 6.5 -69.0 3.2213596545598464 9
0000 0004 1711009181465 -65.0625 -61.5 5.9088939949354895 9
0000 0010 1711009181465 39.0 -66.0 0.006135923151542565 9
0000 0013 1711009181466 -9.75 -64.0 4.289010282928253 9
0000 0014 1711009181466 -32.5 -67.0 6.019340611663256 9
0000 0011 1711009181466 3.25 -67.5 2.1046216409791 9
0000 0005 1711009181467 -32.5 -64.0 1.2455923997631406 9
0000 0006 1711009181467 -61.8125 -68.0 5.64504929941916 9
0000 0007 1711009181467 -29.25 -66.5 0.6749515466696822 9
0000 0009 1711009181468 -40.375 -77.0 0.9081166264282996 9
0000 0000 1711009181735 7.625 -79.0 4.558990901596125 9
0000 0011 1711009181736 -32.5 -63.0 4.166291819897402 9
0000 0013 1711009181736 -39.0 -62.0 5.730952223540755 9
0000 0006 1711009181736 58.5625 -69.0 1.0737865515199487 9
0000 0010 1711009181736 -45.5625 -65.5 4.166291819897402 9
0000 0014 1711009181737 19.5 -63.5 3.227495577711389 9
0000 0004 1711009181737 1.5 -73.0 1.3744467859455345 9
0000 0005 1711009181737 1.9375 -69.5 4.196971435655114 9
0000 0011 1711009181738 13.0 -65.0 6.227961998815704 9
0000 0004 1711009181738 -39.0 -61.0 2.5402721847386216 9
0000 0005 1711009181738 -9.75 -65.5 1.2885438618239387 9
0000 0014 1711009181739 -156.1875 -69.5 5.203262832508095 9
0000 0013 1711009181739 -16.25 -65.0 0.3988350048502667 9
0000 0006 1711009181739 65.0625 -72.0 0.3129320807286708 9
0000 0010 1711009181740 6.5 -64.0 1.8100973297050567 9
0000 0008 1711009181919 -0.25 -77.5 2.043262409463674 9
0000 0006 1711009181920 149.6875 -73.5 3.1661363461959633 9
0000 0004 1711009181920 -9.75 -67.0 0.0859029241215959 9
0000 0013 1711009181920 55.3125 -62.0 5.135767677841127 9
0000 0011 1711009181920 -52.0625 -64.5 3.9638063558964967 9
0000 0010 1711009181921 -71.5625 -61.5 5.6573211457222445 9
0000 0015 1711009181921 -32.5 -63.0 4.638757902566179 9
0000 0007 1711009181921 3.5 -70.5 4.994641445355648 9
0000 0000 1711009181922 -1.8125 -79.0 1.846912868614312 9
0000 0008 1711009181922 0.875 -75.0 4.663301595172349 9
0000 0013 1711009181922 -91.125 -69.0 5.620505606812989 9
0000 0012 1711009181923 9.75 -59.5 0.7731263170943632 9
0000 0015 1711009181923 -16.25 -68.0 5.534602682691394 9
0000 0007 1711009181923 -22.75 -62.5 3.3624858870453256 9
0000 0010 1711009181923 -45.5625 -60.0 1.9941750242513334 9
0000 0008 1711009181924 81.375 -69.0 2.9391071895888885 9
0000 0004 1711009181925 35.75 -64.0 3.6017868899554855 9
0000 0006 1711009181925 -152.9375 -71.0 0.05522330836388308 9
0000 0000 1711009181925 135.0625 -72.5 3.0250101137104846 9
0000 0011 1711009181984 8.5 -71.0 0.28838838812250056 9
0000 0013 1711009182153 3.25 -70.0 0.3988350048502667 9
0000 0010 1711009182154 -58.5625 -60.0 4.442408361716817 9
0000 0015 1711009182154 -78.0625 -65.0 5.773903685601553 9
0000 0006 1711009182154 -26.0 -68.5 2.086213871524472 9
0000 0008 1711009182155 39.0 -66.5 5.835262917116979 9
0000 0004 1711009182155 -6.5 -63.0 6.000932842208628 9
0000 0012 1711009182155 0.0 -57.0 1.9144080232812801 9
0000 0000 1711009182155 61.8125 -73.0 4.552854978444583 9
0000 0005 1711009182156 3.0 -69.5 4.583534594202296 9
0000 0007 1711009182156 -2.875 -72.5 1.6014759425526093 9
0000 0007 1711009182156 107.375 -67.0 2.9329712664373457 9
0000 0012 1711009182157 16.25 -59.5 3.067961575771282 9
0000 0006 1711009182157 -68.3125 -70.0 3.172272269347506 9
0000 0010 1711009182158 6.5 -63.0 0.4663301595172349 9
0000 0005 1711009182158 0.0 -61.0 4.92714629068868 9
0000 0004 1711009182158 0.0 -60.0 1.7119225592803755 9
0000 0008 1711009182159 -78.0625 -67.0 2.429825568010856 9
0000 0000 1711009182235 25.625 -78.5 0.7117670855789375 9
0000 0015 1711009182235 5.1875 -63.5 5.688000761479957 9
0000 0011 1711009182235 5.4375 -71.0 1.4848934026733007 9
0000 0004 1711009182485 19.5 -62.5 2.6568547246179306 9
0000 0010 1711009182486 29.25 -63.0 1.1658253987930873 9
0000 0007 1711009182486 91.125 -69.5 3.6999616603801666 9
0000 0008 1711009182486 -71.5625 -64.0 4.362641360746763 9
0000 0012 1711009182486 13.0 -57.5 2.748893571891069 9
0000 0005 1711009182487 -9.75 -61.5 6.129787228391022 9
0000 0000 1711009182487 -162.75 -74.5 3.067961575771282 9
0000 0006 1711009182487 -1.5 -74.5 5.559146375297564 9
0000 0012 1711009182488 9.75 -61.0 5.283029833478148 9
0000 0006 1711009182488 55.3125 -70.5 6.1420590746941075 9
0000 0000 1711009182488 45.5625 -70.5 4.23378697456437 9
0000 0004 1711009182489 -35.75 -64.0 4.319689898685965 9
0000 0008 1711009182489 0.0 -65.0 5.3198453723874035 9
0000 0005 1711009182489 13.0 -63.0 0.1349903093339364 9
0000 0010 1711009182490 -52.0625 -65.5 2.9636508821950587 9
0000 0015 1711009182687 6.5 -69.5 2.8961557275280905 9
0000 0004 1711009182688 -13.0 -64.5 5.884350302329319 9
0000 0010 1711009182688 16.25 -69.0 4.632621979414636 9
0000 0008 1711009182688 13.0 -67.5 0.4356505437595221 9
0000 0006 1711009182689 42.3125 -67.5 1.3621749396424494 9
0000 0012 1711009182689 104.125 -66.5 6.1850105367549055 9
0000 0000 1711009182689 78.0625 -70.0 5.50392306693368 9
0000 0005 1711009182690 2.5625 -66.5 5.418020142812084 9
0000 0006 1711009182690 146.4375 -67.5 1.8162332528565992 9
0000 0011 1711009182690 45.5625 -70.5 4.405592822807561 9
0000 0004 1711009182690 9.75 -62.0 1.9266798695843652 9
0000 0005 1711009182691 -9.75 -59.5 0.04908738521234052 9
0000 0008 1711009182691 240.875 -72.0 2.2886993355253766 9
0000 0015 1711009182691 3.625 -71.5 3.773592738198677 9
0000 0009 1711009182692 14.9375 -77.0 1.5953400194010667 9
0000 0000 1711009182692 20.875 -77.5 3.393165502803038 9
0000 0010 1711009182969 -6.3125 -75.5 2.466641106920111 9
0000 0006 1711009182970 185.5 -72.0 4.178563666200486 9
0000 0000 1711009182970 -55.3125 -72.5 0.28225246497095796 9
0000 0015 1711009182970 19.5 -63.5 3.5281558121369745 9
0000 0011 1711009182971 45.5625 -65.5 1.4480778637640452 9
0000 0005 1711009182971 26.0 -61.0 2.2764274892222915 9
0000 0008 1711009182971 -110.625 -71.0 0.0859029241215959 9
0000 0010 1711009182972 -11.5625 -76.0 6.14819499784565 9
0000 0009 1711009182972 9.125 -77.0 5.681864838328415 9
0000 0011 1711009182972 -26.0 -61.5 5.105088062083414 9
0000 0006 1711009182972 0.0 -70.5 2.012582793705961 9
0000 0005 1711009182973 48.8125 -66.0 6.1420590746941075 9
0000 0009 1711009182973 170.0625 -74.5 2.2150682577068657 9
0000 0000 1711009182973 -1.8125 -79.5 0.3313398501832985 9
0000 0007 1711009182974 3.1875 -72.5 2.1782527187976104 9
0000 0004 1711009182974 5.4375 -71.0 4.859651136021712 9
0000 0008 1711009183165 10.4375 -76.0 1.4603497100671303 9
0000 0010 1711009183166 4.5625 -71.5 2.3746022596469727 9
0000 0010 1711009183166 -42.3125 -68.0 3.9208548938356986 9
0000 0011 1711009183166 55.3125 -59.0 2.386874105950058 9
0000 0004 1711009183166 -32.5 -60.5 4.460816131171445 9
0000 0005 1711009183167 13.0 -60.5 3.730641276137879 9
0000 0007 1711009183167 107.375 -64.5 0.5706408530934585 9
0000 0014 1711009183167 68.3125 -66.5 0.9633399347921826 9
0000 0000 1711009183168 65.875 -71.0 2.9820586516496865 9
0000 0009 1711009183168 -79.75 -71.0 6.240233845118788 9
0000 0008 1711009183168 3.0 -75.0 0.32520392703175593 9
0000 0004 1711009183168 39.0 -59.0 0.8160777791551611 9
0000 0011 1711009183169 42.3125 -60.0 4.71238898038469 9
0000 0000 1711009183169 -139.125 -72.5 5.442563835418255 9
0000 0005 1711009183169 29.25 -66.5 0.11658253987930872 9
0000 0014 1711009183170 117.125 -67.5 4.473087977474529 9
0000 0010 1711009183171 -13.0 -62.5 3.215223731408304 9
0000 0013 1711009183171 -29.25 -64.5 3.552699504743145 9
0000 0008 1711009183171 -26.0 -73.5 5.559146375297564 9
0000 0007 1711009183234 3.5 -74.5 1.000155473701438 9
0000 0012 1711009183420 10.875 -75.0 1.4480778637640452 9
0000 0010 1711009183421 22.75 -60.5 5.902758071783947 9
0000 0013 1711009183421 -48.8125 -63.5 3.859495662320273 9
0000 0004 1711009183421 26.0 -57.5 2.791845033951867 9
0000 0011 1711009183421 42.3125 -58.5 1.368310862793992 9
0000 0014 1711009183422 -13.0 -64.0 4.239922897715912 9
0000 0006 1711009183422 -266.875 -72.0 5.8475347634200645 9
0000 0005 1711009183422 9.75 -62.5 3.706097583531709 9
0000 0012 1711009183423 6.5 -62.5 0.9387962421860124 9
0000 0008 1711009183423 65.0625 -68.0 1.932815792735908 9
0000 0007 1711009183423 35.75 -64.5 2.172116795646068 9
0000 0000 1711009183423 -576.125 -72.0 4.031301510563465 9
0000 0009 1711009183424 -20.75 -77.0 4.963961829597935 9
0000 0004 1711009183425 6.5 -62.0 4.448544284868359 9
0000 0010 1711009183425 -22.75 -62.0 1.576932249946439 9
0000 0011 1711009183425 19.5 -59.0 3.0250101137104846 9
0000 0006 1711009183426 9.75 -69.5 0.5460971604872883 9
0000 0013 1711009183426 48.8125 -61.5 5.080544369477243 9
0000 0008 1711009183426 -39.0 -68.5 3.933126740138784 9
0000 0000 1711009183426 -117.125 -69.0 5.203262832508095 9
0000 0014 1711009183427 -3.25 -58.5 3.509748042682347 9
0000 0012 1711009183484 -6.5 -76.0 4.424000592262189 9
0000 0005 1711009183732 4.375 -71.5 5.473243451175968 9
0000 0009 1711009183732 -1.8125 -79.5 0.5399612373357456 9
0000 0007 1711009183732 -1.25 -73.0 2.055534255766759 9
0000 0015 1711009183732 3.875 -72.0 1.41126232485479 9
0000 0010 1711009183733 9.75 -62.5 4.755340442445488 9
0000 0005 1711009183733 -19.5 -65.5 3.834951969714103 9
0000 0011 1711009183733 3.25 -60.5 1.030835089459151 9
0000 0014 1711009183734 39.0 -59.0 4.693981210930062 9
0000 0004 1711009183734 52.0625 -62.0 2.380738182798515 9
0000 0007 1711009183734 117.125 -66.5 2.2764274892222915 9
0000 0000 1711009183735 156.1875 -70.0 2.423689644859313 9
0000 0006 1711009183735 42.3125 -68.5 3.1661363461959633 9
0000 0015 1711009183736 188.75 -70.0 1.2333205534600555 9
0000 0008 1711009183736 52.0625 -66.0 1.41126232485479 9
0000 0012 1711009183736 7.3125 -76.0 1.380582709097077 9
