0000 0004 1711009247162 71.5625 -67.0 6.068427996875596 9
0000 0011 1711009247162 94.375 -67.5 1.521708941582556 9
0000 0007 1711009247162 -42.3125 -70.5 2.6323110320117604 9
0000 0005 1711009247163 -42.3125 -67.5 4.331961744989051 9
0000 0010 1711009247163 -6.0625 -70.5 0.5767767762450011 9
0000 0012 1711009247411 16.25 -59.5 3.1354567304382504 9
0000 0004 1711009247411 -39.0 -68.0 0.07363107781851078 9
0000 0011 1711009247412 39.0 -67.5 2.0493983326152168 9
0000 0005 1711009247412 -179.0 -65.5 3.865631585471816 9
0000 0010 1711009247412 7.3125 -72.0 3.6692820446224537 9
0000 0012 1711009247413 -6.5 -60.0 3.117048960983623 9
0000 0011 1711009247413 -26.0 -68.0 1.9696313316451632 9
0000 0005 1711009247414 22.75 -66.0 3.5833791205008576 9
0000 0004 1711009247414 71.5625 -69.0 6.240233845118788 9
0000 0010 1711009247414 4.25 -72.0 0.4540583132141498 9
0000 0011 1711009247661 -48.8125 -68.0 2.3071071049800045 9
0000 0012 1711009247661 -16.25 -58.5 3.313398501832985 9
0000 0004 1711009247662 -175.75 -68.0 0.06135923151542565 9
0000 0005 1711009247662 26.0 -66.0 3.54042765844006 9
0000 0007 1711009247911 0.8125 -75.0 5.559146375297564 9
0000 0005 1711009247911 74.8125 -66.5 3.3072625786814425 9
0000 0004 1711009247912 -78.0625 -67.0 0.09203884727313846 9
0000 0012 1711009247912 -39.0 -58.0 3.2336315008629315 9
0000 0011 1711009247912 133.4375 -67.5 2.043262409463674 9
0000 0007 1711009247913 21.9375 -74.0 5.681864838328415 9
0000 0012 1711009247913 -22.75 -56.5 3.3195344249845276 9
0000 0007 1711009247914 39.0 -69.5 6.056156150572511 9
0000 0011 1711009247914 65.0625 -68.5 2.6998061866787286 9
0000 0005 1711009247914 87.0625 -65.5 3.117048960983623 9
0000 0014 1711009248162 3.125 -74.0 5.516194913236766 9
0000 0007 1711009248162 65.0625 -68.0 5.5714182216006485 9
0000 0012 1711009248163 -22.75 -57.5 3.147728576741336 9
0000 0005 1711009248163 -3.25 -65.0 2.6875343403756435 9
0000 0014 1711009248163 -257.125 -70.5 6.209554229361076 9
0000 0014 1711009248164 -227.8125 -70.5 5.9518454569962875 9
0000 0012 1711009248164 26.0 -58.5 3.000466421104314 9
0000 0005 1711009248164 10.5625 -63.5 2.0800779483729293 9
0000 0007 1711009248165 0.0 -70.5 5.111223985234957 9
0000 0005 1711009248411 19.5 -63.5 2.1046216409791 9
0000 0012 1711009248412 -3.25 -57.5 4.368777283898306 9
0000 0007 1711009248412 -61.8125 -70.0 5.534602682691394 9
0000 0012 1711009248412 13.0 -56.0 3.773592738198677 9
0000 0005 1711009248413 10.5625 -64.0 1.9757672547967058 9
0000 0007 1711009248413 211.5625 -70.0 4.957825906446392 9
0000 0015 1711009248413 -29.25 -71.5 0.7148350471547088 9
0000 0004 1711009248662 -3.8125 -72.5 0.521553467881118 9
0000 0007 1711009248662 45.5625 -70.0 5.129631754689584 9
0000 0005 1711009248662 -45.5625 -64.5 2.043262409463674 9
0000 0004 1711009248663 -78.0625 -69.5 0.5460971604872883 9
0000 0012 1711009248663 -22.75 -58.5 4.473087977474529 9
0000 0008 1711009248663 4.6875 -71.5 0.5890486225480862 9
0000 0005 1711009248664 -32.5 -65.5 2.448233337465483 9
0000 0007 1711009248664 -74.8125 -68.5 5.700272607783043 9
0000 0008 1711009248664 -52.0625 -68.5 1.0983302441261191 9
0000 0012 1711009248665 -55.3125 -63.0 5.399612373357457 9
0000 0004 1711009248665 -3.25 -69.5 0.9387962421860124 9
0000 0006 1711009248911 4.0 -76.0 0.6381360077604268 9
0000 0004 1711009248911 3.25 -69.5 1.2762720155208536 9
0000 0008 1711009248912 16.25 -68.5 1.736466251886546 9
0000 0012 1711009248912 16.25 -65.5 6.025476534814799 9
0000 0007 1711009248912 -104.125 -70.0 0.3436116964863836 9
0000 0015 1711009248913 -6.5 -70.0 4.7829520966274295 9
0000 0000 1711009248913 -9.125 -78.5 1.0676506283684062 9
0000 0011 1711009248913 0.25 -72.5 0.7915340865489908 9
0000 0004 1711009248914 65.0625 -66.0 2.6813984172241008 9
0000 0011 1711009248914 -6.5 -67.0 4.074252972624263 9
0000 0012 1711009248914 71.5625 -65.5 1.2333205534600555 9
0000 0015 1711009248915 16.25 -60.5 1.000155473701438 9
0000 0015 1711009249158 9.75 -63.0 0.8160777791551611 9
0000 0004 1711009249158 -16.25 -63.5 3.988350048502667 9
0000 0012 1711009249159 -9.75 -65.0 2.1966604882522383 9
0000 0011 1711009249160 -3.25 -62.0 4.301282129231338 9
0000 0005 1711009249160 2.5625 -70.5 6.12365130523948 9
0000 0007 1711009249160 156.1875 -69.5 1.5462526341887264 9
0000 0005 1711009249161 45.5625 -67.0 6.240233845118788 9
0000 0012 1711009249161 -13.0 -64.5 3.184544115650591 9
0000 0011 1711009249161 9.75 -63.5 5.497787143782138 9
0000 0010 1711009249162 -78.0625 -73.0 5.031456984264903 9
0000 0008 1711009249162 7.625 -76.5 0.02454369260617026 9
0000 0004 1711009249162 9.125 -73.5 5.970253226450915 9
0000 0012 1711009249163 42.3125 -63.5 3.6570101983193686 9
0000 0005 1711009249163 -76.4375 -68.5 1.1535535524900022 9
0000 0004 1711009249164 74.8125 -67.5 4.841243366567084 9
0000 0007 1711009249164 13.0 -66.0 5.037592907416445 9
0000 0008 1711009249164 6.5 -72.0 4.792155981354743 9
0000 0011 1711009249411 1.1875 -70.5 2.116893487282185 9
0000 0011 1711009249412 16.25 -65.5 6.007068765360171 9
0000 0004 1711009249412 -2.125 -70.5 5.822991070813893 9
0000 0005 1711009249412 5.625 -70.5 1.8530487917658545 9
0000 0014 1711009249413 -35.75 -64.0 0.6810874698212247 9
0000 0004 1711009249413 -13.0 -61.0 2.227340104009951 9
0000 0011 1711009249413 -16.25 -67.0 1.9205439464328227 9
0000 0005 1711009249413 -26.0 -64.5 2.5341362615870793 9
0000 0009 1711009249646 2.125 -78.5 5.013049214810275 9
0000 0010 1711009249647 0.9375 -72.5 6.056156150572511 9
0000 0007 1711009249647 0.0 -71.0 2.350058567040802 9
0000 0005 1711009249647 48.8125 -59.0 4.669437518323892 9
0000 0011 1711009249648 -19.5 -65.0 4.295146206079795 9
0000 0004 1711009249648 29.25 -65.5 3.454524734318464 9
0000 0013 1711009249648 0.8125 -70.0 6.025476534814799 9
0000 0015 1711009249649 -29.25 -71.0 0.6166602767300278 9
0000 0010 1711009249649 27.625 -71.0 0.6810874698212247 9
0000 0006 1711009249649 0.8125 -73.0 0.8774370106705868 9
0000 0009 1711009249649 -6.6875 -76.5 0.7976700097005334 9
0000 0012 1711009249650 0.5625 -76.5 0.6258641614573416 9
0000 0014 1711009249651 9.0625 -67.0 4.485359823777615 9
0000 0000 1711009249651 -5.6875 -76.5 1.7855536370988863 9
0000 0010 1711009249651 26.0 -66.5 0.22089323345553233 9
0000 0006 1711009249652 -250.625 -70.5 5.700272607783043 9
0000 0014 1711009249652 42.3125 -64.0 1.2455923997631406 9
0000 0005 1711009249652 -3.25 -64.5 0.6565437772150544 9
0000 0013 1711009249653 68.3125 -64.5 0.28838838812250056 9
0000 0011 1711009249653 -26.0 -64.0 0.9387962421860124 9
0000 0004 1711009249661 31.6875 -69.0 0.0674951546669682 9
0000 0000 1711009249903 -1.9375 -78.0 5.491651220630596 9
0000 0013 1711009249903 -3.25 -68.0 2.024854640009046 9
0000 0011 1711009249903 -61.8125 -67.5 3.3195344249845276 9
0000 0014 1711009249904 -42.3125 -66.0 5.927301764390117 9
0000 0004 1711009249904 3.25 -60.5 4.491495746929157 9
0000 0010 1711009249904 -65.0625 -65.5 1.9082721001297376 9
0000 0005 1711009249904 10.5625 -69.0 5.123495831538041 9
0000 0009 1711009249905 11.5625 -80.0 0.8222137023067037 9
0000 0010 1711009249905 113.875 -64.5 4.657165672020807 9
0000 0004 1711009249905 13.0 -59.5 6.105243535784852 9
0000 0011 1711009249906 -9.75 -66.0 0.4295146206079795 9
0000 0005 1711009249906 48.8125 -60.5 0.4295146206079795 9
0000 0014 1711009249907 19.5 -62.0 1.0185632431560658 9
0000 0013 1711009249907 68.3125 -71.5 3.509748042682347 9
0000 0007 1711009249907 -71.5625 -67.0 5.325981295538946 9
0000 0009 1711009249908 -25.0 -78.5 2.184388641949153 9
0000 0004 1711009250172 -13.0 -60.5 2.012582793705961 9
0000 0014 1711009250172 0.0 -61.5 5.976389149602458 9
0000 0010 1711009250173 65.0625 -65.0 1.6996507129772904 9
0000 0013 1711009250173 -6.5 -68.5 4.7307967498393175 9
0000 0005 1711009250173 55.3125 -65.5 2.1537090261914402 9
0000 0006 1711009250174 -227.8125 -71.5 1.8407769454627694 9
0000 0011 1711009250174 9.75 -62.0 3.11091303783208 9
0000 0013 1711009250174 3.25 -66.0 5.9088939949354895 9
0000 0004 1711009250175 81.375 -67.0 1.9205439464328227 9
0000 0010 1711009250175 81.375 -69.5 5.6143696836614465 9
0000 0011 1711009250175 -58.5625 -63.5 5.737088146692298 9
0000 0005 1711009250176 3.25 -64.0 0.5829126993965437 9
0000 0010 1711009250176 3.1875 -72.5 1.5401167110371838 9
0000 0012 1711009250176 8.1875 -75.0 4.718524903536232 9
0000 0015 1711009250176 6.0625 -70.5 0.7915340865489908 9
0000 0012 1711009250363 35.75 -63.0 3.6876898140770815 9
0000 0010 1711009250363 -29.25 -69.5 3.0495538063166547 9
0000 0011 1711009250363 35.75 -65.0 3.5833791205008576 9
0000 0004 1711009250363 26.0 -60.0 4.368777283898306 9
0000 0015 1711009250364 52.0625 -66.5 4.9394181369917645 9
0000 0007 1711009250364 6.8125 -74.5 3.736777199289422 9
0000 0013 1711009250364 -2.125 -78.5 4.890330751779424 9
0000 0000 1711009250364 -0.875 -79.5 1.4051264017032472 9
0000 0005 1711009250365 4.0625 -66.0 1.4971652489763858 9
0000 0006 1711009250365 3.3125 -74.5 6.000932842208628 9
0000 0008 1711009250365 5.0 -77.5 0.4540583132141498 9
0000 0007 1711009250366 32.5 -62.5 2.675262494072558 9
0000 0006 1711009250367 52.0625 -71.5 3.9822141253511245 9
0000 0013 1711009250367 -22.75 -69.5 1.1167380135807468 9
0000 0000 1711009250367 65.0625 -72.0 2.350058567040802 9
0000 0004 1711009250369 -13.0 -66.0 1.41126232485479 9
0000 0015 1711009250369 3.25 -64.5 0.8528933180644165 9
0000 0010 1711009250369 -39.0 -66.0 0.9203884727313847 9
0000 0011 1711009250370 16.25 -67.0 4.221515128261284 9
0000 0008 1711009250370 130.1875 -72.5 1.748738098189631 9
0000 0012 1711009250370 -26.0 -58.0 0.36815538909255385 9
0000 0007 1711009250607 113.875 -70.0 3.8963112012295285 9
0000 0012 1711009250607 26.0 -58.5 1.7732817907958012 9
0000 0004 1711009250607 -84.625 -65.0 5.295301679781233 9
0000 0015 1711009250607 22.75 -66.0 3.816544200259475 9
0000 0010 1711009250608 32.5 -68.0 3.454524734318464 9
0000 0006 1711009250608 9.75 -72.0 0.46019423636569234 9
0000 0000 1711009250608 -55.3125 -69.0 4.215379205109742 9
0000 0008 1711009250609 -146.4375 -72.5 4.632621979414636 9
0000 0014 1711009250609 8.5 -72.5 4.399456899656019 9
0000 0006 1711009250609 19.5 -70.0 2.3071071049800045 9
0000 0005 1711009250610 -6.5 -63.5 4.270602513473625 9
0000 0015 1711009250610 78.0625 -68.0 5.730952223540755 9
0000 0007 1711009250610 -55.3125 -65.0 2.36846633649543 9
0000 0004 1711009250611 -22.75 -63.0 2.141437179888355 9
0000 0010 1711009250611 -133.4375 -66.0 5.93343768754166 9
0000 0012 1711009250611 -22.75 -59.0 2.448233337465483 9
0000 0008 1711009250612 -16.25 -72.0 1.3130875544301088 9
0000 0000 1711009250670 6.5 -75.0 0.4816699673960913 9
0000 0012 1711009250846 29.25 -58.5 2.0493983326152168 9
0000 0007 1711009250847 -52.0625 -63.0 3.472932503773092 9
0000 0004 1711009250847 -3.25 -63.5 3.9147189706841563 9
0000 0015 1711009250847 16.25 -68.5 0.32520392703175593 9
0000 0005 1711009250848 -3.25 -59.5 5.141903600992669 9
0000 0008 1711009250848 -42.3125 -68.5 3.693825737228624 9
0000 0000 1711009250848 -110.625 -73.0 2.804116880254952 9
0000 0010 1711009250849 9.75 -72.0 4.7307967498393175 9
0000 0011 1711009250849 1.5625 -71.5 0.030679615757712823 9
0000 0011 1711009250849 123.6875 -68.5 3.1906800388021335 9
0000 0000 1711009250849 65.875 -72.0 4.528311285838413 9
0000 0007 1711009250850 -117.125 -69.5 5.332117218690489 9
0000 0015 1711009250850 -58.5625 -62.5 2.8286605728611223 9
0000 0004 1711009250851 -71.5625 -63.5 5.491651220630596 9
0000 0005 1711009250851 -16.25 -64.5 6.2034183062095325 9
0000 0008 1711009250851 -91.125 -68.0 5.792311455056181 9
0000 0000 1711009251094 16.25 -70.0 0.17794177139473438 9
0000 0008 1711009251094 192.0 -71.0 1.184233168247715 9
0000 0004 1711009251094 71.5625 -64.0 0.5031456984264903 9
0000 0015 1711009251095 -179.0 -71.0 4.381049130201391 9
0000 0011 1711009251095 97.625 -68.5 4.632621979414636 9
0000 0006 1711009251095 198.5625 -71.0 1.0799224746714913 9
0000 0005 1711009251096 -9.75 -65.0 5.037592907416445 9
0000 0007 1711009251096 -22.75 -71.0 2.945243112740431 9
0000 0013 1711009251096 8.8125 -78.0 3.822680123411018 9
0000 0009 1711009251096 -6.25 -79.0 4.509903516383785 9
0000 0007 1711009251097 -162.75 -67.5 4.970097752749477 9
0000 0004 1711009251097 22.75 -65.0 1.9941750242513334 9
0000 0006 1711009251097 42.3125 -69.5 2.3193789512830896 9
0000 0005 1711009251098 6.5 -56.5 0.6013204688511713 9
0000 0015 1711009251098 -39.0 -65.5 4.086524818927348 9
0000 0008 1711009251098 -107.375 -72.0 4.528311285838413 9
0000 0000 1711009251099 41.5 -71.5 4.558990901596125 9
0000 0011 1711009251161 8.5 -72.5 5.841398840268521 9
0000 0012 1711009251161 0.0 -74.0 0.6013204688511713 9
0000 0011 1711009251412 -55.3125 -65.0 4.9823695990525625 9
0000 0005 1711009251412 -52.0625 -67.0 4.822835597112456 9
0000 0000 1711009251412 139.125 -74.0 1.8714565612204823 9
0000 0007 1711009251412 -39.0 -70.0 1.7426021750380885 9
0000 0008 1711009251413 0.5625 -75.5 0.5890486225480862 9
0000 0006 1711009251413 3.625 -74.0 2.12916533358527 9
0000 0004 1711009251413 1.4375 -70.5 2.0371264863121317 9
0000 0004 1711009251414 -26.0 -64.5 3.1968159619536762 9
0000 0005 1711009251414 6.5 -60.0 1.9266798695843652 9
0000 0009 1711009251414 -35.75 -70.5 5.313709449235861 9
0000 0007 1711009251415 42.3125 -63.0 5.749359992995383 9
0000 0011 1711009251415 -84.625 -66.5 1.902136176978195 9
0000 0006 1711009251416 16.25 -72.0 3.988350048502667 9
0000 0000 1711009251416 -353.9375 -72.0 2.6323110320117604 9
0000 0008 1711009251416 -1.8125 -74.5 1.9082721001297376 9
0000 0013 1711009251613 1.125 -71.5 0.8713010875190442 9
0000 0005 1711009251613 35.75 -62.5 4.4976316700806995 9
0000 0004 1711009251614 19.5 -59.0 0.9387962421860124 9
0000 0013 1711009251614 -120.4375 -69.0 4.25833066717054 9
0000 0014 1711009251614 48.8125 -64.5 1.8530487917658545 9
0000 0009 1711009251615 34.9375 -68.5 2.2396119503130363 9
0000 0011 1711009251615 0.0 -63.0 5.019185137961818 9
0000 0010 1711009251615 19.5 -62.0 0.8160777791551611 9
0000 0007 1711009251616 -78.0625 -65.5 2.36846633649543 9
0000 0000 1711009251616 -69.125 -72.5 5.3627968344482015 9
0000 0008 1711009251617 43.9375 -74.0 2.423689644859313 9
0000 0012 1711009251617 4.6875 -75.5 4.743068596142402 9
0000 0009 1711009251617 10.5625 -69.5 4.755340442445488 9
0000 0014 1711009251618 -19.5 -66.0 4.1172044346850605 9
0000 0007 1711009251618 -32.5 -67.0 2.2027964114037806 9
0000 0011 1711009251618 61.8125 -60.5 2.4911847995262812 9
0000 0008 1711009251619 179.0 -71.0 1.9389517158874505 9
0000 0010 1711009251619 -32.5 -58.0 4.95168998329485 9
0000 0004 1711009251619 3.25 -58.5 3.117048960983623 9
0000 0012 1711009251620 -16.25 -70.0 4.693981210930062 9
0000 0013 1711009251620 -87.875 -65.5 5.325981295538946 9
0000 0005 1711009251620 68.3125 -62.5 3.9208548938356986 9
0000 0000 1711009251621 -198.5625 -73.5 3.767456815047135 9
0000 0014 1711009251856 0.0 -58.0 4.626486056263094 9
0000 0012 1711009251856 -22.75 -56.0 3.485204350076177 9
0000 0000 1711009251857 -34.9375 -69.5 5.3627968344482015 9
0000 0013 1711009251857 -16.25 -63.0 5.915029918087033 9
0000 0004 1711009251857 6.5 -64.0 4.859651136021712 9
0000 0011 1711009251857 -22.75 -59.0 5.178719139901925 9
0000 0008 1711009251858 110.625 -68.0 4.828971520263998 9
0000 0010 1711009251858 13.0 -60.0 1.6689710972195777 9
0000 0009 1711009251858 21.125 -69.5 1.4358060174609601 9
0000 0006 1711009251859 58.5625 -67.5 1.4910293258248433 9
0000 0005 1711009251859 3.125 -71.0 0.03681553890925539 9
0000 0007 1711009251859 1.75 -69.5 2.5586799541932495 9
0000 0015 1711009251860 1.4375 -71.5 1.5462526341887264 9
0000 0010 1711009251860 -16.25 -63.0 4.04357335686655 9
0000 0014 1711009251860 -9.75 -57.5 2.0800779483729293 9
0000 0006 1711009251861 -94.375 -70.0 3.0066023442558567 9
0000 0004 1711009251861 58.5625 -64.0 2.1659808724945253 9
0000 0005 1711009251861 -117.125 -65.0 4.28287435977671 9
0000 0011 1711009251862 -6.5 -60.5 1.509437095279471 9
0000 0008 1711009251862 -22.75 -66.5 1.4726215563702154 9
0000 0007 1711009251862 -74.8125 -65.5 2.9697868053466014 9
0000 0000 1711009251863 52.0625 -69.5 2.386874105950058 9
