0000 0005 1711009426000 -3.25 -65.0 4.97623367590102 9
0000 0004 1711009426001 84.625 -66.5 0.37429131224409645 9
0000 0010 1711009426001 -201.8125 -65.5 4.503767593232243 9
0000 0011 1711009426001 35.75 -68.5 4.1601558967458585 9
0000 0012 1711009426002 -19.5 -58.5 4.571262747899211 9
0000 0015 1711009426003 -22.75 -64.0 0.4049709280018093 9
0000 0004 1711009426003 52.0625 -67.0 0.7240389318820226 9
0000 0007 1711009426003 126.9375 -67.5 1.4480778637640452 9
0000 0005 1711009426004 -27.625 -65.0 4.853515212870168 9
0000 0010 1711009426004 6.5 -68.0 4.111068511533518 9
0000 0011 1711009426005 -6.0625 -73.0 4.73693267299086 9
0000 0007 1711009426005 61.8125 -68.0 1.521708941582556 9
0000 0012 1711009426005 -39.0 -58.0 4.583534594202296 9
0000 0005 1711009426006 -55.3125 -65.0 4.718524903536232 9
0000 0004 1711009426006 71.5625 -67.0 0.9878836273983529 9
0000 0015 1711009426006 19.5 -64.0 0.3988350048502667 9
0000 0011 1711009426283 0.0 -73.0 1.4910293258248433 9
0000 0012 1711009426284 -16.25 -58.5 4.571262747899211 9
0000 0011 1711009426284 110.625 -69.0 4.25833066717054 9
0000 0007 1711009426284 32.5 -69.0 0.9572040116406401 9
0000 0005 1711009426285 -246.5625 -68.0 4.1601558967458585 9
0000 0004 1711009426285 -29.25 -67.5 1.4173982480063325 9
0000 0015 1711009426285 87.875 -64.0 0.30066023442558565 9
0000 0015 1711009426286 35.75 -63.5 0.380427235395639 9
0000 0012 1711009426286 22.75 -58.0 4.534447208989955 9
0000 0005 1711009426286 -195.25 -68.0 4.09266074207889 9
0000 0004 1711009426287 -26.0 -65.5 1.5462526341887264 9
0000 0007 1711009426287 9.75 -68.0 0.5522330836388308 9
0000 0011 1711009426288 3.25 -69.5 3.9515345095934116 9
0000 0015 1711009426522 81.375 -64.0 0.25770877236478773 9
0000 0011 1711009426523 -136.6875 -68.5 4.1172044346850605 9
0000 0004 1711009426523 26.0 -65.0 1.423534171157875 9
0000 0012 1711009426523 3.25 -58.5 4.71238898038469 9
0000 0005 1711009426524 -135.0625 -68.5 3.5772431973493153 9
0000 0007 1711009426524 71.5625 -68.5 0.01227184630308513 9
0000 0005 1711009426524 -48.8125 -66.5 3.4177091954092087 9
0000 0012 1711009426525 0.0 -58.0 4.884194828627882 9
0000 0007 1711009426525 100.875 -65.5 0.1227184630308513 9
0000 0011 1711009426526 6.5 -69.0 3.7981364308048478 9
0000 0004 1711009426526 81.375 -66.5 0.9572040116406401 9
0000 0015 1711009426527 32.5 -65.5 0.6381360077604268 9
0000 0015 1711009426772 87.875 -69.0 0.9081166264282996 9
0000 0012 1711009426773 -16.25 -58.0 4.921010367537137 9
0000 0007 1711009426773 104.125 -65.0 0.4479223900626072 9
0000 0011 1711009426773 -19.5 -67.0 4.25833066717054 9
0000 0005 1711009426774 3.25 -66.5 3.736777199289422 9
0000 0005 1711009426774 -284.8125 -67.5 4.626486056263094 9
0000 0007 1711009426774 45.5625 -65.5 0.7976700097005334 9
0000 0012 1711009426775 -61.8125 -59.5 4.847379289718626 9
0000 0011 1711009426775 -9.75 -69.0 4.454680208019902 9
0000 0012 1711009426775 13.0 -62.0 4.700117134081604 9
0000 0005 1711009426776 16.25 -66.0 3.436116964863836 9
0000 0007 1711009426776 65.0625 -67.5 0.39269908169872414 9
0000 0008 1711009427023 -1.5625 -75.5 6.215690152512618 9
0000 0007 1711009427023 -71.5625 -67.0 0.17794177139473438 9
0000 0012 1711009427023 -9.75 -63.0 5.289165756629691 9
0000 0005 1711009427024 -32.5 -63.5 2.6323110320117604 9
0000 0015 1711009427024 12.1875 -69.0 4.816699673960914 9
0000 0005 1711009427024 61.8125 -65.5 2.2948352586769194 9
0000 0012 1711009427025 71.5625 -63.0 5.602097837358362 9
0000 0015 1711009427025 48.8125 -61.5 5.50392306693368 9
0000 0007 1711009427025 -78.0625 -67.5 6.12365130523948 9
0000 0004 1711009427026 19.5 -71.5 4.086524818927348 9
0000 0008 1711009427272 6.5 -70.0 0.9265243958829272 9
0000 0005 1711009427273 -159.5 -68.0 2.791845033951867 9
0000 0012 1711009427273 52.0625 -67.0 0.859029241215959 9
0000 0007 1711009427273 -6.5 -66.0 0.12885438618239387 9
0000 0004 1711009427274 22.75 -69.0 1.0615147052168636 9
0000 0012 1711009427274 42.3125 -67.5 1.3744467859455345 9
0000 0004 1711009427274 39.0 -68.0 0.8835729338221293 9
0000 0007 1711009427275 65.0625 -65.5 0.380427235395639 9
0000 0008 1711009427275 45.5625 -67.5 1.5401167110371838 9
0000 0006 1711009427275 3.0 -75.5 0.6442719309119693 9
0000 0004 1711009427523 110.625 -69.5 1.0246991663076084 9
0000 0012 1711009427523 45.5625 -66.5 1.9757672547967058 9
0000 0007 1711009427523 55.3125 -66.0 0.8222137023067037 9
0000 0006 1711009427524 -58.5625 -71.5 0.8099418560036186 9
0000 0000 1711009427524 20.875 -78.0 0.8099418560036186 9
0000 0015 1711009427524 -2.125 -70.0 4.914874444385594 9
0000 0012 1711009427525 16.25 -66.5 2.466641106920111 9
0000 0004 1711009427525 -3.25 -67.0 1.8407769454627694 9
0000 0015 1711009427525 104.125 -66.0 1.8223691760081417 9
0000 0000 1711009427526 29.25 -73.5 1.260932207641997 9
0000 0011 1711009427526 5.4375 -73.0 0.3865631585471816 9
0000 0006 1711009427526 -14.0 -75.5 1.4848934026733007 9
0000 0011 1711009427774 -39.0 -65.5 4.154019973594316 9
0000 0004 1711009427774 39.0 -65.5 2.8777479580734626 9
0000 0000 1711009427774 -130.1875 -71.0 2.227340104009951 9
0000 0012 1711009427775 55.3125 -63.5 2.4605051837685683 9
0000 0015 1711009427775 35.75 -62.0 1.6198837120072371 9
0000 0011 1711009427775 -71.5625 -62.0 4.638757902566179 9
0000 0012 1711009427776 0.0 -63.5 2.6384469551633027 9
0000 0007 1711009427776 146.4375 -69.5 0.9326603190344698 9
0000 0004 1711009427776 -22.75 -64.0 4.074252972624263 9
0000 0013 1711009427777 -0.5625 -75.0 5.5284667595398505 9
0000 0005 1711009427777 0.5625 -70.5 5.062136600022616 9
0000 0015 1711009427777 -3.9375 -71.5 1.3621749396424494 9
0000 0010 1711009427778 2.125 -75.5 5.325981295538946 9
0000 0008 1711009428023 -3.375 -76.5 2.024854640009046 9
0000 0012 1711009428023 -29.25 -63.0 3.767456815047135 9
0000 0005 1711009428023 -13.0 -64.0 0.25770877236478773 9
0000 0007 1711009428024 -6.5 -67.0 3.423845118560751 9
0000 0011 1711009428024 45.5625 -68.5 0.3988350048502667 9
0000 0008 1711009428024 -1.8125 -75.0 1.0799224746714913 9
0000 0004 1711009428025 0.875 -73.5 1.6996507129772904 9
0000 0004 1711009428025 29.25 -68.5 0.14112623248547898 9
0000 0011 1711009428025 19.5 -69.5 5.497787143782138 9
0000 0007 1711009428026 26.0 -67.5 5.743224069843841 9
0000 0011 1711009428272 3.25 -69.0 0.28838838812250056 9
0000 0004 1711009428272 -0.5625 -69.5 5.608233760509904 9
0000 0013 1711009428273 2.125 -72.5 0.42337869745643697 9
0000 0005 1711009428273 -62.625 -65.0 2.736621725587984 9
0000 0011 1711009428273 3.25 -69.0 1.9512235621905356 9
0000 0014 1711009428274 -6.5 -67.5 0.6258641614573416 9
0000 0004 1711009428274 45.5625 -60.5 2.073942025221387 9
0000 0013 1711009428274 39.0 -68.5 0.11658253987930872 9
0000 0000 1711009428275 12.9375 -77.0 5.117359908386499 9
0000 0007 1711009428275 104.125 -67.5 2.000310947402876 9
0000 0011 1711009428275 -68.3125 -66.5 3.767456815047135 9
0000 0004 1711009428276 22.75 -58.5 2.4850488763747385 9
0000 0013 1711009428276 9.75 -64.0 5.841398840268521 9
0000 0005 1711009428277 -9.75 -60.5 4.374913207049849 9
0000 0014 1711009428277 -126.9375 -68.0 2.9268353432858034 9
0000 0009 1711009428514 9.75 -78.5 5.086680292628786 9
0000 0015 1711009428514 -2.4375 -70.5 0.2454369260617026 9
0000 0011 1711009428515 16.25 -67.5 5.356660911296659 9
0000 0004 1711009428515 -3.25 -60.5 2.693670263527186 9
0000 0005 1711009428515 -13.0 -64.5 6.092971689481767 9
0000 0013 1711009428516 -45.5625 -61.0 5.988660995905543 9
0000 0014 1711009428516 -9.75 -65.0 5.00077736850719 9
0000 0009 1711009428516 -4.25 -78.0 0.6504078540635119 9
0000 0010 1711009428517 3.625 -73.5 6.117515382087937 9
0000 0014 1711009428517 -100.875 -67.0 4.743068596142402 9
0000 0011 1711009428517 -6.5 -68.0 1.1474176293384597 9
0000 0004 1711009428518 -68.3125 -66.0 2.8409324191642074 9
0000 0005 1711009428519 87.0625 -67.5 0.1595340019401067 9
0000 0010 1711009428519 -58.5625 -68.5 4.466952054322987 9
0000 0013 1711009428519 55.3125 -62.5 0.7424467013366504 9
0000 0006 1711009428520 -7.3125 -74.0 4.1172044346850605 9
0000 0008 1711009428773 -61.8125 -69.0 5.473243451175968 9
0000 0014 1711009428773 -100.875 -69.0 2.662990647769473 9
0000 0006 1711009428774 -198.5625 -71.0 5.283029833478148 9
0000 0011 1711009428774 52.0625 -65.5 2.3009711818284617 9
0000 0010 1711009428774 -7.3125 -71.5 5.890486225480862 9
0000 0000 1711009428775 11.6875 -76.5 4.779884135051658 9
0000 0011 1711009428775 -87.875 -66.5 3.393165502803038 9
0000 0006 1711009428775 19.5 -69.5 5.8659425328746915 9
0000 0000 1711009428776 -35.75 -74.0 5.295301679781233 9
0000 0014 1711009428776 13.0 -69.5 4.448544284868359 9
0000 0010 1711009428776 15.25 -72.5 4.374913207049849 9
0000 0008 1711009428777 -7.875 -73.0 0.6013204688511713 9
0000 0010 1711009429023 188.75 -68.5 2.1046216409791 9
0000 0014 1711009429023 -19.5 -69.5 4.000621894805752 9
0000 0004 1711009429023 169.25 -66.0 3.890175278077986 9
0000 0011 1711009429024 -6.5 -67.0 4.129476280988146 9
0000 0006 1711009429024 -58.5625 -71.5 0.521553467881118 9
0000 0005 1711009429024 -1.1875 -71.0 5.534602682691394 9
0000 0007 1711009429025 -0.125 -75.0 4.988505522204105 9
0000 0010 1711009429025 -3.25 -66.0 4.325825821837508 9
0000 0005 1711009429025 35.75 -62.5 6.135923151542564 9
0000 0014 1711009429026 26.0 -63.5 1.4603497100671303 9
0000 0004 1711009429026 13.0 -63.0 5.356660911296659 9
0000 0011 1711009429027 74.8125 -68.5 6.080699843178682 9
0000 0007 1711009429027 17.0625 -72.0 5.009981253234504 9
0000 0005 1711009429228 -24.375 -61.0 0.803805932852076 9
0000 0007 1711009429228 133.4375 -69.5 4.9823695990525625 9
0000 0011 1711009429229 48.8125 -65.0 1.8039614065535141 9
0000 0004 1711009429229 16.25 -63.5 1.0799224746714913 9
0000 0014 1711009429229 -19.5 -63.0 5.706408530934585 9
0000 0010 1711009429230 -68.3125 -70.5 0.5154175447295755 9
0000 0013 1711009429230 -120.4375 -71.0 4.700117134081604 9
0000 0000 1711009429230 -143.1875 -72.5 1.0062913968529805 9
0000 0006 1711009429231 -19.5 -71.0 2.1966604882522383 9
0000 0011 1711009429231 29.25 -66.5 3.5772431973493153 9
0000 0013 1711009429231 -94.375 -66.0 5.442563835418255 9
0000 0004 1711009429232 -13.0 -64.5 3.129320807286708 9
0000 0010 1711009429232 10.375 -71.0 1.6812429435226628 9
0000 0005 1711009429233 7.3125 -68.5 6.135923151542564 9
0000 0007 1711009429233 -1.1875 -72.0 6.019340611663256 9
0000 0000 1711009429233 -9.75 -79.0 1.2026409377023426 9
0000 0004 1711009429444 -35.75 -70.0 2.411417798556228 9
0000 0013 1711009429444 -120.4375 -68.0 3.1354567304382504 9
0000 0011 1711009429445 -42.3125 -67.5 1.4358060174609601 9
0000 0015 1711009429445 117.125 -70.0 3.865631585471816 9
0000 0010 1711009429445 -29.25 -69.5 1.3437671701878218 9
0000 0007 1711009429446 1.8125 -74.0 0.7179030087304801 9
0000 0005 1711009429446 0.5625 -65.0 1.6321555583103222 9
0000 0012 1711009429446 1.8125 -71.0 4.540583132141498 9
0000 0006 1711009429447 0.125 -76.0 1.7855536370988863 9
0000 0008 1711009429447 -4.6875 -76.0 5.638913376267617 9
0000 0013 1711009429447 5.6875 -72.5 4.1417481272912315 9
0000 0015 1711009429448 -81.375 -64.5 5.037592907416445 9
0000 0011 1711009429448 -61.8125 -68.0 2.5893595699509624 9
0000 0006 1711009429448 123.6875 -73.0 2.2089323345553233 9
0000 0007 1711009429449 -13.0 -66.0 3.448388811166921 9
0000 0013 1711009429449 48.8125 -70.5 5.491651220630596 9
0000 0010 1711009429449 -48.8125 -65.5 5.056000676871073 9
0000 0004 1711009429450 -39.0 -60.5 4.908738521234052 9
0000 0012 1711009429450 45.5625 -59.5 5.626641529964532 9
0000 0008 1711009429522 31.6875 -72.5 3.877903431774901 9
0000 0010 1711009429749 13.0 -67.5 1.2333205534600555 9
0000 0008 1711009429749 6.5 -70.0 2.429825568010856 9
0000 0015 1711009429749 3.25 -63.0 6.068427996875596 9
0000 0012 1711009429749 58.5625 -60.5 0.11658253987930872 9
0000 0011 1711009429750 -26.0 -68.0 5.792311455056181 9
0000 0004 1711009429750 126.9375 -65.5 1.368310862793992 9
0000 0000 1711009429750 -16.25 -73.5 2.098485717827557 9
0000 0013 1711009429751 7.625 -78.5 5.534602682691394 9
0000 0006 1711009429751 -2.4375 -75.5 6.037748381117884 9
0000 0010 1711009429751 -22.75 -69.5 3.1906800388021335 9
0000 0000 1711009429752 52.0625 -72.0 3.442252888015379 9
0000 0006 1711009429752 126.9375 -72.0 0.4172427743048944 9
0000 0012 1711009429753 -41.5 -64.5 0.8467573949128739 9
0000 0004 1711009429753 -29.25 -62.0 4.589670517353839 9
0000 0011 1711009429754 19.5 -68.0 1.7855536370988863 9
0000 0005 1711009429754 -2.5625 -68.5 3.552699504743145 9
0000 0015 1711009429754 7.625 -65.0 0.8835729338221293 9
0000 0014 1711009429755 1.5 -74.5 1.9757672547967058 9
0000 0013 1711009429755 -2.875 -76.0 4.417864669110647 9
0000 0012 1711009429927 55.3125 -59.5 1.552388557340269 9
0000 0010 1711009429927 55.3125 -66.5 4.865787059173254 9
0000 0004 1711009429927 6.5 -61.5 6.013204688511713 9
0000 0000 1711009429928 -61.8125 -72.0 5.203262832508095 9
0000 0005 1711009429928 -87.875 -63.5 4.460816131171445 9
0000 0011 1711009429929 26.0 -71.0 2.6875343403756435 9
0000 0007 1711009429929 13.0 -68.0 2.6139032625571326 9
0000 0006 1711009429929 39.0 -69.5 1.9144080232812801 9
0000 0015 1711009429929 2.6875 -68.5 5.706408530934585 9
0000 0012 1711009429930 -120.4375 -66.0 4.884194828627882 9
0000 0007 1711009429930 -26.0 -64.0 3.117048960983623 9
0000 0008 1711009429930 26.0 -69.5 2.2089323345553233 9
0000 0010 1711009429931 16.25 -69.5 0.3129320807286708 9
0000 0004 1711009429932 16.25 -61.0 1.3928545554001621 9
0000 0015 1711009429932 0.0 -62.0 0.8406214717613314 9
0000 0005 1711009429932 0.0 -61.0 4.356505437595221 9
0000 0000 1711009429933 71.5625 -73.0 0.4049709280018093 9
0000 0006 1711009429933 -19.5 -70.5 3.3072625786814425 9
0000 0007 1711009430270 -22.75 -63.5 3.736777199289422 9
0000 0015 1711009430270 29.25 -60.0 1.7916895602504288 9
0000 0000 1711009430270 65.875 -73.5 1.7426021750380885 9
0000 0005 1711009430271 -91.125 -63.0 5.037592907416445 9
0000 0004 1711009430271 19.5 -60.0 2.3746022596469727 9
0000 0006 1711009430271 -74.8125 -71.0 4.76147636559703 9
0000 0008 1711009430272 -130.1875 -71.0 3.2704470397721868 9
0000 0012 1711009430272 4.875 -72.5 5.160311370447297 9
0000 0010 1711009430272 -3.875 -72.5 5.66959299202533 9
0000 0004 1711009430273 -29.25 -62.0 3.3318062712876126 9
0000 0015 1711009430273 19.5 -62.5 2.043262409463674 9
0000 0006 1711009430273 -35.75 -69.5 5.620505606812989 9
0000 0008 1711009430274 13.0 -70.5 4.693981210930062 9
0000 0000 1711009430274 -130.1875 -72.0 4.049709280018092 9
0000 0012 1711009430274 -4.0625 -73.0 5.6941366846315 9
0000 0005 1711009430274 4.0 -69.5 1.5830681730979816 9
0000 0007 1711009430275 4.0 -74.5 2.2764274892222915 9
0000 0011 1711009430432 22.75 -68.0 2.6261751088602177 9
0000 0005 1711009430433 -39.0 -64.0 5.178719139901925 9
0000 0004 1711009430433 48.8125 -64.5 4.97623367590102 9
0000 0000 1711009430433 130.1875 -70.0 5.9518454569962875 9
0000 0006 1711009430433 -22.75 -68.0 0.5276893910326605 9
0000 0007 1711009430434 16.25 -71.0 2.718213956133356 9
0000 0012 1711009430434 1.8125 -74.0 0.9940195505498954 9
0000 0015 1711009430434 1.1875 -70.0 0.9633399347921826 9
0000 0013 1711009430435 -1.8125 -75.5 4.724660826687775 9
0000 0008 1711009430435 1.8125 -74.5 4.528311285838413 9
0000 0009 1711009430435 7.75 -75.5 0.9326603190344698 9
0000 0004 1711009430436 13.0 -63.0 2.411417798556228 9
0000 0011 1711009430436 52.0625 -64.0 5.473243451175968 9
0000 0007 1711009430436 -16.25 -64.0 4.4362724385652745 9
0000 0005 1711009430437 -9.75 -60.0 0.01227184630308513 9
0000 0006 1711009430437 -39.0 -70.5 2.4727770300716534 9
0000 0000 1711009430522 -15.5625 -74.5 5.0682725231741586 9
0000 0008 1711009430522 1.1875 -78.5 4.626486056263094 9
0000 0011 1711009430771 0.0 -63.5 1.7548740213411735 9
0000 0007 1711009430771 29.25 -65.5 0.6565437772150544 9
0000 0005 1711009430771 -26.0 -64.0 3.9453985864418692 9
0000 0000 1711009430772 -65.0625 -69.5 1.3437671701878218 9
0000 0004 1711009430772 -10.9375 -71.5 4.608078286808466 9
0000 0009 1711009430772 11.6875 -77.5 5.976389149602458 9
0000 0010 1711009430773 -13.375 -76.0 3.5833791205008576 9
0000 0006 1711009430773 -3.625 -75.0 5.00077736850719 9
0000 0005 1711009430774 16.25 -65.5 6.037748381117884 9
0000 0011 1711009430774 65.0625 -65.5 4.914874444385594 9
0000 0010 1711009430775 -175.75 -72.0 0.25157284921324513 9
0000 0004 1711009430775 55.3125 -62.0 1.2762720155208536 9
0000 0007 1711009430776 205.0625 -70.0 2.399145952253143 9
0000 0009 1711009430776 20.125 -75.0 0.5890486225480862 9
0000 0000 1711009430776 3.625 -78.0 0.3620194659410113 9
