0000 0009 1711012547434 1.1875 -80.0 0.6135923151542565 14
0000 0014 1711012547435 -126.9375 -67.5 4.878058905476339 14
0000 0015 1711012547435 29.25 -57.5 6.17273869045182 14
0000 0006 1711012547435 -32.5 -61.5 3.663146121470911 14
0000 0008 1711012547436 -3.25 -53.5 3.7429131224409646 14
0000 0005 1711012547436 -13.0 -60.5 0.9203884727313847 14
0000 0011 1711012547437 6.5 -63.0 2.6445828783148455 14
0000 0004 1711012547437 45.5625 -64.0 2.2948352586769194 14
0000 0000 1711012547437 -454.875 -73.0 4.129476280988146 14
0000 0009 1711012547438 1.5 -78.5 3.650874275167826 14
0000 0005 1711012547438 35.75 -60.5 0.8528933180644165 14
0000 0008 1711012547439 -6.5 -53.5 3.7551849687440497 14
0000 0015 1711012547439 6.5 -57.0 6.191146459906448 14
0000 0011 1711012547439 -9.75 -64.0 2.736621725587984 14
0000 0006 1711012547440 -16.25 -62.0 3.6140587362585705 14
0000 0014 1711012547440 -19.5 -67.0 4.804427827657828 14
0000 0004 1711012547440 94.375 -64.0 2.141437179888355 14
0000 0000 1711012547689 -12.1875 -73.0 3.380893656499953 14
0000 0009 1711012547690 21.9375 -77.5 3.761320891895592 14
0000 0015 1711012547690 19.5 -57.0 6.2034183062095325 14
0000 0005 1711012547690 10.5625 -60.5 0.9019807032767571 14
0000 0011 1711012547690 -35.75 -63.5 2.804116880254952 14
0000 0004 1711012547691 -3.25 -64.0 2.350058567040802 14
0000 0006 1711012547691 -55.3125 -62.5 3.6692820446224537 14
0000 0008 1711012547691 6.5 -53.5 3.736777199289422 14
0000 0014 1711012547692 -19.5 -67.0 4.822835597112456 14
0000 0000 1711012547692 -358.0625 -72.5 3.761320891895592 14
0000 0009 1711012547692 -9.75 -76.5 0.9081166264282996 14
0000 0004 1711012547805 -100.875 -64.0 2.454369260617026 14
0000 0011 1711012547806 -71.5625 -63.5 2.8409324191642074 14
0000 0006 1711012547806 -26.0 -61.5 3.5956509668039427 14
0000 0005 1711012547806 41.5 -60.5 0.8835729338221293 14
0000 0008 1711012547806 13.0 -53.5 3.7551849687440497 14
0000 0015 1711012547807 16.25 -57.0 6.191146459906448 14
0000 0014 1711012547807 -68.3125 -67.5 4.755340442445488 14
0000 0000 1711012547807 -13.0 -73.5 3.6570101983193686 14
0000 0009 1711012547808 -1.9375 -76.0 0.8528933180644165 14
0000 0014 1711012547808 -113.875 -67.0 4.865787059173254 14
0000 0005 1711012547808 55.3125 -60.0 0.8958447801252144 14
0000 0015 1711012547809 -6.5 -57.5 6.240233845118788 14
0000 0006 1711012547810 -74.8125 -61.5 3.693825737228624 14
0000 0004 1711012547810 179.0 -64.0 2.018718716857504 14
0000 0008 1711012547810 6.5 -54.0 3.773592738198677 14
0000 0011 1711012547811 13.0 -63.5 2.7550294950426117 14
0000 0000 1711012547811 27.625 -71.5 3.454524734318464 14
0000 0009 1711012547939 20.3125 -74.0 0.5338253141842031 14
0000 0005 1711012547939 10.5625 -61.0 0.944932165337555 14
0000 0014 1711012547939 -172.5 -67.0 4.957825906446392 14
0000 0015 1711012547940 -3.25 -57.0 6.252505691421874 14
0000 0008 1711012547940 -3.25 -53.5 3.767456815047135 14
0000 0006 1711012547940 9.75 -62.0 3.5588354278946874 14
0000 0011 1711012547941 -61.8125 -63.5 2.7979809571034093 14
0000 0004 1711012547941 107.375 -64.5 2.1659808724945253 14
0000 0009 1711012547941 3.25 -72.0 3.877903431774901 14
0000 0000 1711012547941 -45.5625 -73.0 3.6079228131070282 14
0000 0015 1711012548161 -13.0 -57.0 6.252505691421874 14
0000 0014 1711012548161 -55.3125 -67.5 4.749204519293945 14
0000 0011 1711012548162 9.75 -63.5 2.736621725587984 14
0000 0004 1711012548162 6.5 -64.5 2.2886993355253766 14
0000 0008 1711012548162 0.0 -54.0 3.736777199289422 14
0000 0005 1711012548162 27.625 -61.0 0.8897088569736719 14
0000 0006 1711012548163 -65.0625 -61.5 3.6754179677739964 14
0000 0000 1711012548163 -180.625 -72.5 3.724505352986337 14
0000 0009 1711012548163 4.25 -75.5 3.9269908169872414 14
0000 0008 1711012548164 -19.5 -53.5 3.736777199289422 14
0000 0005 1711012548164 19.5 -61.0 0.8774370106705868 14
0000 0015 1711012548164 16.25 -57.5 6.209554229361076 14
0000 0004 1711012548165 42.3125 -64.5 2.2150682577068657 14
0000 0014 1711012548165 -32.5 -66.5 4.822835597112456 14
0000 0006 1711012548166 -13.0 -62.0 3.6140587362585705 14
0000 0011 1711012548166 16.25 -64.0 2.6323110320117604 14
0000 0000 1711012548166 7.3125 -73.0 3.56497135104623 14
0000 0009 1711012548400 -9.125 -79.5 0.4356505437595221 14
0000 0004 1711012548400 48.8125 -64.5 2.270291566070749 14
0000 0005 1711012548400 16.25 -60.0 0.9265243958829272 14
0000 0014 1711012548400 16.25 -66.5 4.675573441475434 14
0000 0008 1711012548401 9.75 -53.5 3.7551849687440497 14
0000 0011 1711012548401 9.75 -64.0 2.6568547246179306 14
0000 0000 1711012548401 180.625 -73.0 3.429981041712294 14
0000 0015 1711012548402 -16.25 -57.0 6.215690152512618 14
0000 0006 1711012548402 -32.5 -62.0 3.5833791205008576 14
0000 0011 1711012548402 -94.375 -64.0 2.82252464970958 14
0000 0008 1711012548403 6.5 -53.5 3.6876898140770815 14
0000 0006 1711012548403 -3.25 -61.5 3.56497135104623 14
0000 0005 1711012548404 3.25 -60.5 0.944932165337555 14
0000 0004 1711012548404 -19.5 -64.5 2.4605051837685683 14
0000 0015 1711012548404 0.0 -57.5 6.234097921967246 14
0000 0014 1711012548405 6.5 -66.5 4.626486056263094 14
0000 0000 1711012548405 68.3125 -72.5 3.3011266555298997 14
0000 0008 1711012548619 -6.5 -53.0 3.693825737228624 14
0000 0004 1711012548620 -87.875 -64.0 2.509592568980909 14
0000 0011 1711012548620 29.25 -64.5 2.5893595699509624 14
0000 0014 1711012548620 -42.3125 -66.0 4.755340442445488 14
0000 0015 1711012548621 -9.75 -57.5 6.252505691421874 14
0000 0005 1711012548621 13.8125 -60.5 0.9203884727313847 14
0000 0006 1711012548621 16.25 -62.0 3.6017868899554855 14
0000 0000 1711012548621 120.4375 -73.0 3.448388811166921 14
0000 0005 1711012548622 6.5 -60.0 0.8897088569736719 14
0000 0015 1711012548622 6.5 -57.5 6.240233845118788 14
0000 0004 1711012548622 -3.25 -64.5 2.4175537217077703 14
0000 0008 1711012548623 -13.0 -53.5 3.6999616603801666 14
0000 0014 1711012548623 -6.5 -67.0 4.71238898038469 14
0000 0011 1711012548623 -71.5625 -64.0 2.7120780329818137 14
0000 0006 1711012548624 -26.0 -62.0 3.6447383520162835 14
0000 0000 1711012548624 -24.375 -73.0 3.7122335066832517 14
0000 0006 1711012548853 26.0 -62.0 3.6017868899554855 14
0000 0005 1711012548853 22.75 -60.5 0.8713010875190442 14
0000 0015 1711012548853 35.75 -57.0 6.17273869045182 14
0000 0014 1711012548854 -3.25 -66.5 4.706253057233147 14
0000 0008 1711012548854 -3.25 -53.0 3.736777199289422 14
0000 0011 1711012548854 13.0 -64.5 2.6016314162540475 14
0000 0004 1711012548855 55.3125 -64.5 2.3316507975861747 14
0000 0000 1711012548855 97.625 -71.5 3.3440781175906977 14
0000 0005 1711012548855 3.25 -60.5 0.8897088569736719 14
0000 0014 1711012548855 35.75 -67.0 4.608078286808466 14
0000 0008 1711012548856 26.0 -53.5 3.6999616603801666 14
0000 0011 1711012548856 61.8125 -64.5 2.5157284921324514 14
0000 0015 1711012548856 3.25 -57.5 6.240233845118788 14
0000 0006 1711012548857 35.75 -62.5 3.6201946594101133 14
0000 0004 1711012548857 22.75 -65.5 2.454369260617026 14
0000 0000 1711012548857 -43.125 -73.0 0.45712627478992107 14
0000 0015 1711012549062 13.0 -57.5 6.2463697682703305 14
0000 0005 1711012549062 26.0 -60.5 0.859029241215959 14
0000 0014 1711012549062 -22.75 -67.5 4.638757902566179 14
0000 0011 1711012549063 -45.5625 -64.5 2.6384469551633027 14
0000 0008 1711012549063 22.75 -53.0 3.6999616603801666 14
0000 0006 1711012549064 3.25 -62.0 3.6386024288647407 14
0000 0004 1711012549064 39.0 -65.0 2.4175537217077703 14
0000 0000 1711012549064 139.125 -73.5 3.3624858870453256 14
0000 0005 1711012549065 35.75 -60.5 0.8528933180644165 14
0000 0015 1711012549065 -35.75 -57.5 0.05522330836388308 14
0000 0008 1711012549065 6.5 -53.5 3.7122335066832517 14
0000 0006 1711012549066 -13.0 -62.0 3.6140587362585705 14
0000 0011 1711012549066 6.5 -64.5 2.509592568980909 14
0000 0014 1711012549066 -42.3125 -67.0 4.626486056263094 14
0000 0004 1711012549066 9.75 -64.5 2.3930100291016 14
0000 0000 1711012549067 -61.8125 -71.0 3.767456815047135 14
0000 0004 1711012549188 13.0 -64.5 2.405281875404685 14
0000 0005 1711012549188 19.5 -60.5 0.8528933180644165 14
0000 0006 1711012549188 29.25 -62.5 3.5956509668039427 14
0000 0008 1711012549188 -6.5 -53.0 3.7551849687440497 14
0000 0011 1711012549189 81.375 -64.0 2.386874105950058 14
0000 0014 1711012549189 -231.0625 -67.5 5.031456984264903 14
0000 0015 1711012549189 -29.25 -57.5 0.01227184630308513 14
0000 0000 1711012549190 139.125 -71.5 3.3195344249845276 14
0000 0015 1711012549394 0.0 -57.5 6.258641614573416 14
0000 0008 1711012549394 16.25 -53.0 3.749049045592507 14
0000 0005 1711012549394 -29.25 -60.5 0.9817477042468103 14
0000 0000 1711012549395 -126.9375 -74.0 3.423845118560751 14
0000 0006 1711012549395 -9.75 -62.0 3.56497135104623 14
0000 0011 1711012549395 -58.5625 -64.0 2.6875343403756435 14
0000 0014 1711012549396 -39.0 -66.5 4.724660826687775 14
0000 0004 1711012549396 -3.25 -64.0 2.3439226438892597 14
0000 0004 1711012549396 26.0 -64.5 2.3193789512830896 14
0000 0014 1711012549396 6.5 -66.5 4.522175362686871 14
0000 0011 1711012549397 -29.25 -63.5 2.718213956133356 14
0000 0015 1711012549397 -29.25 -57.5 0.0 14
0000 0008 1711012549398 6.5 -53.5 3.773592738198677 14
0000 0000 1711012549398 62.625 -71.0 3.2765829629237295 14
0000 0005 1711012549398 -19.5 -60.5 0.9081166264282996 14
0000 0006 1711012549399 35.75 -62.0 3.5036121195308043 14
0000 0005 1711012549616 -3.25 -60.5 0.8958447801252144 14
0000 0014 1711012549616 -3.25 -66.5 4.663301595172349 14
0000 0008 1711012549616 0.0 -53.5 3.736777199289422 14
0000 0006 1711012549616 -9.75 -62.0 3.56497135104623 14
0000 0015 1711012549617 22.75 -57.5 6.234097921967246 14
0000 0004 1711012549617 -48.8125 -64.5 2.435961491162398 14
0000 0011 1711012549617 -81.375 -64.5 2.6384469551633027 14
0000 0000 1711012549618 218.0625 -72.0 3.1661363461959633 14
0000 0005 1711012549619 3.25 -60.5 0.8406214717613314 14
0000 0008 1711012549619 16.25 -53.5 3.6815538909255388 14
0000 0015 1711012549619 -19.5 -57.5 0.018407769454627694 14
0000 0000 1711012549620 -24.375 -72.0 3.454524734318464 14
0000 0011 1711012549620 -52.0625 -64.0 2.767301341345697 14
0000 0006 1711012549620 9.75 -61.5 3.5281558121369745 14
0000 0004 1711012549621 74.8125 -64.5 2.282563412373834 14
0000 0014 1711012549621 -13.0 -67.0 4.6878452877785195 14
0000 0011 1711012549845 -6.5 -64.5 2.6323110320117604 14
0000 0014 1711012549845 -9.75 -66.5 4.718524903536232 14
0000 0006 1711012549846 19.5 -61.5 3.5281558121369745 14
0000 0005 1711012549846 0.0 -60.5 0.8835729338221293 14
0000 0015 1711012549846 -22.75 -57.5 0.018407769454627694 14
0000 0004 1711012549847 -9.75 -64.5 2.4175537217077703 14
0000 0008 1711012549847 3.25 -53.5 3.693825737228624 14
0000 0000 1711012549847 -149.6875 -72.5 3.706097583531709 14
0000 0006 1711012549847 48.8125 -62.0 3.5342917352885173 14
0000 0005 1711012549848 22.75 -61.0 0.8528933180644165 14
0000 0004 1711012549848 87.875 -64.5 2.2334760271614935 14
0000 0008 1711012549848 -26.0 -53.5 3.736777199289422 14
0000 0015 1711012549849 6.5 -57.5 6.227961998815704 14
0000 0014 1711012549849 16.25 -67.0 4.81056375080937 14
0000 0011 1711012549849 -3.25 -64.0 2.5280003384355365 14
0000 0000 1711012549850 6.5 -73.0 0.3712233506683252 14
0000 0006 1711012550058 -6.5 -62.0 3.5588354278946874 14
0000 0008 1711012550058 22.75 -53.5 3.6815538909255388 14
0000 0015 1711012550058 -6.5 -57.5 6.234097921967246 14
0000 0011 1711012550059 58.5625 -64.0 2.4850488763747385 14
0000 0005 1711012550059 3.25 -60.5 0.8958447801252144 14
0000 0014 1711012550059 -39.0 -67.0 4.76147636559703 14
0000 0004 1711012550060 -32.5 -65.0 2.442097414313941 14
0000 0000 1711012550060 -152.9375 -72.5 3.6876898140770815 14
0000 0006 1711012550060 -32.5 -62.5 3.6201946594101133 14
0000 0008 1711012550061 19.5 -54.0 3.693825737228624 14
0000 0005 1711012550061 29.25 -60.5 0.8774370106705868 14
0000 0015 1711012550061 0.0 -57.5 6.209554229361076 14
0000 0014 1711012550061 9.75 -67.0 4.718524903536232 14
0000 0011 1711012550062 3.25 -64.5 2.6568547246179306 14
0000 0004 1711012550062 -29.25 -64.0 2.4727770300716534 14
0000 0000 1711012550062 10.5625 -72.5 3.6079228131070282 14
0000 0011 1711012550188 -3.25 -64.0 2.60776733940559 14
0000 0005 1711012550188 -3.25 -61.0 0.8774370106705868 14
0000 0008 1711012550189 -22.75 -53.5 3.736777199289422 14
0000 0014 1711012550190 -113.875 -67.0 4.878058905476339 14
0000 0015 1711012550190 0.0 -57.5 6.240233845118788 14
0000 0006 1711012550190 -22.75 -62.0 3.5711072741977725 14
0000 0004 1711012550191 -35.75 -64.5 2.435961491162398 14
0000 0000 1711012550191 65.0625 -72.0 3.3440781175906977 14
0000 0014 1711012550393 -84.625 -66.5 4.81056375080937 14
0000 0005 1711012550393 29.25 -60.5 0.8467573949128739 14
0000 0008 1711012550393 6.5 -53.5 3.7122335066832517 14
0000 0004 1711012550394 -78.0625 -64.5 2.4911847995262812 14
0000 0015 1711012550394 13.0 -57.5 6.22182607566416 14
0000 0011 1711012550394 61.8125 -64.0 2.5157284921324514 14
0000 0006 1711012550394 22.75 -61.5 3.479068426924634 14
0000 0000 1711012550395 -62.625 -72.0 3.724505352986337 14
0000 0008 1711012550395 0.0 -53.5 3.736777199289422 14
0000 0004 1711012550395 16.25 -65.0 2.380738182798515 14
0000 0015 1711012550396 3.25 -57.5 6.270913460876501 14
0000 0014 1711012550396 29.25 -66.5 4.601942363656923 14
0000 0006 1711012550397 -42.3125 -62.0 3.6201946594101133 14
0000 0011 1711012550397 -81.375 -64.0 2.773437264497239 14
0000 0005 1711012550397 32.5 -60.5 0.8222137023067037 14
0000 0000 1711012550398 -13.0 -72.0 3.5895150436524004 14
0000 0015 1711012550613 9.75 -57.5 6.240233845118788 14
0000 0008 1711012550613 -3.25 -53.5 3.7122335066832517 14
0000 0005 1711012550614 6.5 -60.5 0.9019807032767571 14
0000 0006 1711012550614 26.0 -62.0 3.5895150436524004 14
0000 0011 1711012550614 -9.75 -63.5 2.6261751088602177 14
0000 0004 1711012550615 81.375 -64.5 2.2027964114037806 14
0000 0014 1711012550615 97.625 -67.0 4.534447208989955 14
0000 0000 1711012550615 -201.8125 -72.0 3.8963112012295285 14
0000 0004 1711012550616 6.5 -65.0 2.2886993355253766 14
0000 0015 1711012550616 3.25 -57.5 6.240233845118788 14
0000 0014 1711012550616 39.0 -66.5 4.540583132141498 14
0000 0011 1711012550616 -6.5 -64.0 2.650718801466388 14
0000 0008 1711012550617 19.5 -53.5 3.6876898140770815 14
0000 0006 1711012550617 13.0 -62.0 3.552699504743145 14
0000 0000 1711012550617 -83.0 -72.0 3.6876898140770815 14
0000 0005 1711012550618 13.0 -60.5 0.8958447801252144 14
0000 0011 1711012550839 52.0625 -63.5 2.509592568980909 14
0000 0008 1711012550840 -9.75 -53.5 3.730641276137879 14
0000 0015 1711012550840 32.5 -57.5 6.215690152512618 14
0000 0014 1711012550840 -91.125 -66.5 4.8351074434155406 14
0000 0004 1711012550840 35.75 -64.5 2.2948352586769194 14
0000 0005 1711012550841 13.0 -60.5 0.9265243958829272 14
0000 0006 1711012550842 32.5 -61.5 3.497476196379262 14
0000 0000 1711012550842 -19.5 -73.5 3.5373596968642884 14
0000 0011 1711012550842 -35.75 -64.0 2.730485802436441 14
0000 0004 1711012550843 6.5 -64.5 2.350058567040802 14
0000 0014 1711012550843 -94.375 -67.5 4.81056375080937 14
0000 0008 1711012550843 0.0 -53.5 3.736777199289422 14
0000 0015 1711012550844 -13.0 -57.5 0.006135923151542565 14
0000 0005 1711012550844 39.0 -60.0 0.8099418560036186 14
0000 0006 1711012550844 -6.5 -62.5 3.5772431973493153 14
0000 0000 1711012550845 -78.0625 -72.0 3.890175278077986 14
0000 0008 1711012551064 -16.25 -53.5 3.7429131224409646 14
0000 0005 1711012551064 -9.75 -60.5 0.8897088569736719 14
0000 0006 1711012551064 16.25 -61.5 3.5342917352885173 14
0000 0004 1711012551064 74.8125 -65.0 2.2764274892222915 14
0000 0011 1711012551065 13.0 -64.5 2.5954954931025047 14
0000 0015 1711012551065 9.75 -57.5 6.252505691421874 14
0000 0014 1711012551065 -29.25 -66.5 4.73693267299086 14
0000 0000 1711012551066 17.0625 -72.0 3.6815538909255388 14
0000 0004 1711012551066 -3.25 -65.0 2.3316507975861747 14
0000 0006 1711012551066 19.5 -61.5 3.5342917352885173 14
0000 0008 1711012551067 9.75 -53.5 3.724505352986337 14
0000 0015 1711012551067 -13.0 -57.5 0.0 14
0000 0011 1711012551067 32.5 -64.0 2.564815877344792 14
0000 0014 1711012551068 -6.5 -67.0 4.724660826687775 14
0000 0005 1711012551068 29.25 -60.5 0.8528933180644165 14
0000 0000 1711012551068 126.9375 -71.5 3.423845118560751 14
0000 0000 1711012551187 -30.875 -70.5 3.472932503773092 14
0000 0014 1711012551188 -58.5625 -66.5 4.6878452877785195 14
0000 0004 1711012551188 29.25 -65.0 2.270291566070749 14
0000 0008 1711012551188 -3.25 -53.5 3.7429131224409646 14
0000 0015 1711012551189 -22.75 -57.5 0.006135923151542565 14
0000 0011 1711012551189 -55.3125 -64.0 2.705942109830271 14
0000 0005 1711012551189 16.25 -60.5 0.8897088569736719 14
0000 0006 1711012551189 13.0 -62.0 3.552699504743145 14
0000 0011 1711012551401 68.3125 -64.0 2.60776733940559 14
0000 0015 1711012551401 9.75 -57.5 6.264777537724958 14
0000 0014 1711012551401 -78.0625 -67.0 4.779884135051658 14
0000 0008 1711012551402 26.0 -53.5 3.6815538909255388 14
0000 0006 1711012551402 16.25 -62.0 3.5342917352885173 14
0000 0000 1711012551402 -21.125 -74.0 3.4177091954092087 14
0000 0005 1711012551403 -9.75 -60.5 0.9326603190344698 14
0000 0004 1711012551403 97.625 -64.0 2.2212041808584084 14
0000 0004 1711012551403 -42.3125 -65.0 2.454369260617026 14
0000 0011 1711012551404 3.25 -64.5 2.675262494072558 14
0000 0008 1711012551404 -16.25 -53.5 3.7551849687440497 14
0000 0015 1711012551405 -3.25 -57.5 6.252505691421874 14
0000 0005 1711012551406 26.0 -60.0 0.9265243958829272 14
0000 0014 1711012551406 -58.5625 -67.0 4.828971520263998 14
0000 0006 1711012551406 -110.625 -62.0 3.730641276137879 14
0000 0000 1711012551407 -3.25 -73.0 0.3466796580621549 14
0000 0005 1711012551612 3.25 -60.5 0.8835729338221293 14
0000 0004 1711012551612 -3.25 -64.5 2.3193789512830896 14
0000 0011 1711012551613 22.75 -64.5 2.60776733940559 14
0000 0008 1711012551613 -3.25 -53.5 3.7429131224409646 14
0000 0015 1711012551613 -22.75 -57.5 0.01227184630308513 14
0000 0014 1711012551613 -78.0625 -67.0 4.779884135051658 14
0000 0006 1711012551614 13.0 -62.5 3.552699504743145 14
0000 0000 1711012551614 -152.9375 -72.5 3.6815538909255388 14
0000 0005 1711012551614 6.5 -60.0 0.8835729338221293 14
0000 0015 1711012551615 -35.75 -57.5 0.02454369260617026 14
0000 0008 1711012551615 13.0 -54.0 3.706097583531709 14
0000 0011 1711012551615 -6.5 -64.0 2.5709518004963345 14
0000 0004 1711012551616 9.75 -65.0 2.3316507975861747 14
0000 0006 1711012551616 0.0 -62.0 3.5158839658338894 14
0000 0014 1711012551616 -13.0 -67.0 4.657165672020807 14
0000 0000 1711012551616 -83.0 -73.0 3.6999616603801666 14
0000 0006 1711012551834 -6.5 -62.0 3.54042765844006 14
0000 0004 1711012551834 22.75 -64.5 2.3071071049800045 14
0000 0008 1711012551834 -13.0 -53.5 3.7429131224409646 14
0000 0011 1711012551835 42.3125 -64.0 2.564815877344792 14
0000 0005 1711012551835 16.25 -60.0 0.8528933180644165 14
0000 0014 1711012551835 -3.25 -66.5 4.583534594202296 14
0000 0015 1711012551835 -9.75 -57.5 6.2463697682703305 14
0000 0000 1711012551836 74.8125 -72.5 3.442252888015379 14
0000 0006 1711012551836 16.25 -62.0 3.54042765844006 14
0000 0014 1711012551836 3.25 -66.5 4.608078286808466 14
0000 0008 1711012551837 19.5 -53.5 3.6876898140770815 14
0000 0011 1711012551837 58.5625 -64.0 2.5280003384355365 14
0000 0005 1711012551837 52.0625 -60.0 0.8222137023067037 14
0000 0015 1711012551838 -6.5 -57.5 6.270913460876501 14
0000 0004 1711012551838 91.125 -64.5 2.227340104009951 14
0000 0000 1711012551838 -152.9375 -72.5 3.6876898140770815 14
0000 0004 1711012552057 13.0 -64.5 2.2886993355253766 14
0000 0008 1711012552058 -9.75 -53.5 3.730641276137879 14
0000 0015 1711012552058 0.0 -57.5 6.270913460876501 14
0000 0005 1711012552058 -45.5625 -60.5 0.9510680884890975 14
0000 0011 1711012552059 32.5 -64.0 2.5464081078901644 14
0000 0006 1711012552060 3.25 -62.0 3.56497135104623 14
0000 0014 1711012552060 71.5625 -66.5 4.601942363656923 14
0000 0000 1711012552060 -170.0625 -72.5 3.877903431774901 14
0000 0014 1711012552061 -26.0 -67.0 4.7307967498393175 14
0000 0006 1711012552061 -29.25 -62.0 3.5895150436524004 14
0000 0004 1711012552061 -32.5 -65.0 2.411417798556228 14
0000 0005 1711012552062 22.75 -60.5 0.8528933180644165 14
0000 0015 1711012552062 -39.0 -57.5 0.018407769454627694 14
0000 0011 1711012552062 -39.0 -64.0 2.675262494072558 14
0000 0008 1711012552062 3.25 -53.5 3.736777199289422 14
0000 0000 1711012552063 114.6875 -72.0 3.5833791205008576 14
0000 0011 1711012552189 55.3125 -64.0 2.5586799541932495 14
0000 0008 1711012552189 0.0 -53.5 3.724505352986337 14
0000 0014 1711012552189 81.375 -66.5 4.503767593232243 14
0000 0004 1711012552189 26.0 -64.5 2.313243028131547 14
0000 0006 1711012552190 -3.25 -62.5 3.56497135104623 14
0000 0015 1711012552190 -13.0 -58.0 0.006135923151542565 14
0000 0005 1711012552190 35.75 -60.5 0.8406214717613314 14
