0001 0015 1711701083371 -19.5 -58.5 3.313398501832985 17
0001 0004 1711701083375 84.625 -61.5 6.178874613603362 17
0001 0006 1711701083375 -48.8125 -65.0 4.9823695990525625 17
0001 0007 1711701083376 -6.5 -62.5 4.399456899656019 17
0001 0009 1711701083377 -139.9375 -62.5 4.1601558967458585 17
0001 0008 1711701083377 27.625 -69.5 5.746292031419612 17
0001 0005 1711701083378 0.625 -74.5 0.2761165418194154 17
0001 0015 1711701083379 6.5 -58.5 3.2765829629237295 17
0001 0006 1711701083379 -19.5 -65.5 4.890330751779424 17
0001 0004 1711701083380 -3.25 -61.5 0.05522330836388308 17
0001 0007 1711701083381 -9.75 -62.0 4.411728745959104 17
0001 0009 1711701083382 -61.8125 -62.5 4.037437433715008 17
0001 0008 1711701083382 -13.8125 -69.0 2.75196153346684 17
0001 0005 1711701083383 2.875 -74.5 0.25157284921324513 17
0001 0004 1711701083383 -39.0 -61.5 0.09203884727313846 17
0001 0009 1711701083385 -29.25 -63.0 4.0128937411088375 17
0001 0007 1711701083386 0.0 -62.5 4.374913207049849 17
0001 0015 1711701083386 35.75 -58.5 3.2213596545598464 17
0001 0006 1711701083386 39.0 -65.5 4.908738521234052 17
0001 0008 1711701083626 14.625 -69.0 5.902758071783947 17
0001 0005 1711701083626 0.4375 -74.5 0.3374757733348411 17
0001 0007 1711701083627 -22.75 -61.5 4.4976316700806995 17
0001 0008 1711701083627 -104.125 -68.5 5.9518454569962875 17
0001 0006 1711701083628 -22.75 -66.0 4.945554060143307 17
0001 0009 1711701083628 -52.0625 -62.5 4.025165587411922 17
0001 0015 1711701083629 -16.25 -58.5 3.2704470397721868 17
0001 0004 1711701083629 22.75 -62.0 0.01227184630308513 17
0001 0005 1711701083629 2.25 -74.5 0.2086213871524472 17
0001 0007 1711701083630 -9.75 -62.5 4.424000592262189 17
0001 0009 1711701083630 -29.25 -62.0 3.9699422790480394 17
0001 0008 1711701083631 0.0 -68.0 5.927301764390117 17
0001 0015 1711701083631 9.75 -58.5 3.2336315008629315 17
0001 0006 1711701083632 19.5 -65.0 4.896466674930966 17
0001 0004 1711701083632 9.75 -61.0 0.030679615757712823 17
0001 0005 1711701083876 3.375 -74.5 0.2699806186678728 17
0001 0004 1711701083876 6.5 -61.5 0.09203884727313846 17
0001 0007 1711701083876 -9.75 -62.0 4.430136515413731 17
0001 0015 1711701083877 -6.5 -58.5 3.2643111166206444 17
0001 0009 1711701083877 -3.25 -62.5 3.9760782021995817 17
0001 0006 1711701083878 -26.0 -66.0 4.914874444385594 17
0001 0008 1711701083878 -152.9375 -68.0 6.105243535784852 17
0001 0005 1711701083879 -1.5625 -74.5 0.3374757733348411 17
0001 0007 1711701083879 -16.25 -62.0 4.454680208019902 17
0001 0004 1711701083880 -42.3125 -61.5 0.14112623248547898 17
0001 0009 1711701083880 -94.375 -62.0 4.104932588381976 17
0001 0015 1711701083880 19.5 -58.5 3.215223731408304 17
0001 0008 1711701083881 -21.125 -68.5 6.007068765360171 17
0001 0006 1711701083881 -42.3125 -66.0 4.9394181369917645 17
0001 0005 1711701084126 -3.125 -74.5 0.3190680038802134 17
0001 0006 1711701084126 -71.5625 -65.0 5.080544369477243 17
0001 0009 1711701084126 -26.0 -62.5 3.9760782021995817 17
0001 0007 1711701084127 -55.3125 -62.5 4.571262747899211 17
0001 0008 1711701084127 -48.8125 -67.5 6.007068765360171 17
0001 0004 1711701084128 48.8125 -62.0 6.270913460876501 17
0001 0015 1711701084128 -6.5 -58.5 3.227495577711389 17
0001 0005 1711701084129 0.625 -74.5 0.1718058482431918 17
0001 0004 1711701084129 32.5 -61.5 0.01227184630308513 17
0001 0015 1711701084130 32.5 -58.5 3.1968159619536762 17
0001 0009 1711701084130 -13.0 -62.0 3.988350048502667 17
0001 0008 1711701084130 -48.8125 -68.0 6.086835766330224 17
0001 0007 1711701084131 -65.0625 -62.5 4.528311285838413 17
0001 0006 1711701084131 -68.3125 -65.5 5.0253210611133605 17
0001 0005 1711701084320 -1.125 -74.5 0.21475731030398976 17
0001 0005 1711701084321 -1.5625 -74.5 0.2086213871524472 17
0001 0006 1711701084321 -22.75 -65.5 4.92714629068868 17
0001 0004 1711701084322 -3.25 -62.0 0.09203884727313846 17
0001 0009 1711701084322 -74.8125 -62.0 4.031301510563465 17
0001 0007 1711701084323 -39.0 -62.5 4.485359823777615 17
0001 0008 1711701084324 97.625 -68.0 5.835262917116979 17
0001 0015 1711701084324 16.25 -58.5 3.2397674240144743 17
0001 0000 1711701084324 6.8125 -78.0 4.7860200582032 17
0001 0005 1711701084325 -2.25 -74.5 0.11658253987930872 17
0001 0006 1711701084325 -39.0 -65.5 4.9823695990525625 17
0001 0004 1711701084326 -42.3125 -61.5 0.1349903093339364 17
0001 0007 1711701084326 -9.75 -62.0 4.460816131171445 17
0001 0009 1711701084327 -26.0 -62.0 3.9515345095934116 17
0001 0015 1711701084327 -22.75 -58.5 3.2336315008629315 17
0001 0008 1711701084328 -7.3125 -67.5 5.890486225480862 17
0001 0000 1711701084375 21.3125 -79.0 4.884194828627882 17
0001 0005 1711701084610 0.125 -74.5 0.1349903093339364 17
0001 0007 1711701084610 0.0 -62.0 4.430136515413731 17
0001 0006 1711701084611 -94.375 -65.5 5.160311370447297 17
0001 0015 1711701084611 22.75 -59.0 3.153864499892878 17
0001 0008 1711701084612 -6.5 -67.0 6.062292073724054 17
0001 0004 1711701084612 22.75 -61.5 0.018407769454627694 17
0001 0009 1711701084613 -9.75 -62.5 3.9638063558964967 17
0001 0000 1711701084613 27.4375 -78.5 4.896466674930966 17
0001 0005 1711701084613 -1.125 -74.5 0.1043106935762236 17
0001 0007 1711701084614 -32.5 -62.5 4.466952054322987 17
0001 0009 1711701084614 -19.5 -62.0 3.988350048502667 17
0001 0006 1711701084615 -42.3125 -64.5 5.013049214810275 17
0001 0004 1711701084616 -26.0 -62.0 0.0859029241215959 17
0001 0015 1711701084616 42.3125 -59.0 3.153864499892878 17
0001 0008 1711701084617 -73.1875 -68.0 6.0991076126333095 17
0001 0000 1711701084617 4.25 -79.5 1.6812429435226628 17
0001 0009 1711701084876 -45.5625 -62.0 4.0128937411088375 17
0001 0008 1711701084877 -62.625 -67.0 6.050020227420969 17
0001 0004 1711701084877 35.75 -61.5 0.04295146206079795 17
0001 0015 1711701084877 16.25 -58.5 3.2029518851052186 17
0001 0007 1711701084878 26.0 -62.5 4.405592822807561 17
0001 0006 1711701084878 29.25 -66.0 4.902602598082509 17
0001 0008 1711701084879 7.3125 -67.5 5.982525072754001 17
0001 0004 1711701084879 65.0625 -62.0 0.018407769454627694 17
0001 0007 1711701084879 -29.25 -62.0 4.454680208019902 17
0001 0015 1711701084880 -9.75 -59.0 3.2090878082567613 17
0001 0006 1711701084880 39.0 -65.5 4.933282213840222 17
0001 0009 1711701084880 -87.875 -61.5 4.0987966652304335 17
0001 0008 1711701085126 -52.0625 -68.0 6.17273869045182 17
0001 0007 1711701085127 -32.5 -62.5 4.485359823777615 17
0001 0004 1711701085127 26.0 -61.5 0.14726215563702155 17
0001 0015 1711701085127 9.75 -58.5 3.147728576741336 17
0001 0006 1711701085128 35.75 -65.0 4.914874444385594 17
0001 0009 1711701085128 -74.8125 -61.0 4.1172044346850605 17
0001 0006 1711701085128 -84.625 -65.0 5.117359908386499 17
0001 0015 1711701085129 -3.25 -59.0 3.172272269347506 17
0001 0008 1711701085129 -27.625 -66.5 0.06135923151542565 17
0001 0007 1711701085130 -58.5625 -62.0 4.595806440505381 17
0001 0004 1711701085130 -6.5 -62.0 0.2270291566070749 17
0001 0009 1711701085130 0.0 -60.0 4.0558452031696355 17
0001 0001 1711701085131 2.4375 -78.0 4.71238898038469 17
0001 0006 1711701085361 -26.0 -65.0 5.350524988145116 17
0001 0007 1711701085361 -26.0 -61.0 4.700117134081604 17
0001 0015 1711701085362 -13.0 -58.5 3.0495538063166547 17
0001 0009 1711701085362 3.25 -58.5 3.9760782021995817 17
0001 0004 1711701085362 9.75 -61.5 0.30066023442558565 17
0001 0008 1711701085363 7.3125 -63.5 0.2086213871524472 17
0001 0001 1711701085363 4.875 -76.5 4.276738436625168 17
0001 0009 1711701085364 3.25 -56.5 3.7429131224409646 17
0001 0007 1711701085364 6.5 -61.0 4.632621979414636 17
0001 0015 1711701085365 35.75 -58.5 2.9022916506796332 17
0001 0008 1711701085365 65.0625 -61.5 6.209554229361076 17
0001 0006 1711701085365 -29.25 -64.0 5.3198453723874035 17
0001 0004 1711701085366 6.5 -62.0 0.48473792897186263 17
0001 0001 1711701085366 -45.5625 -70.5 3.380893656499953 17
0001 0005 1711701085367 8.5 -74.0 3.2949907323783574 17
0001 0006 1711701085370 32.5 -64.0 5.338253141842031 17
0001 0007 1711701085371 -13.0 -60.0 4.675573441475434 17
0001 0004 1711701085372 0.0 -60.5 0.6565437772150544 17
0001 0005 1711701085372 -61.8125 -70.5 3.2704470397721868 17
0001 0001 1711701085372 -35.75 -69.5 2.2396119503130363 17
0001 0009 1711701085373 0.0 -55.0 3.3318062712876126 17
0001 0015 1711701085373 61.8125 -59.5 2.7857091108003242 17
0001 0008 1711701085374 -29.25 -59.5 5.786175531904639 17
0001 0004 1711701085578 39.0 -59.5 0.5951845456996288 17
0001 0015 1711701085578 -35.75 -59.5 2.9022916506796332 17
0001 0006 1711701085579 -26.0 -64.5 5.184855063053467 17
0001 0008 1711701085579 13.8125 -57.0 5.031456984264903 17
0001 0005 1711701085579 -3.25 -68.0 2.675262494072558 17
0001 0009 1711701085579 29.25 -53.5 2.773437264497239 17
0001 0001 1711701085580 55.3125 -68.5 0.662679700366597 17
0001 0007 1711701085580 6.5 -60.5 4.595806440505381 17
0001 0007 1711701085580 -6.5 -60.5 4.546719055293041 17
0001 0006 1711701085581 -22.75 -66.0 4.7307967498393175 17
0001 0005 1711701085581 100.875 -65.5 1.88986433067511 17
0001 0001 1711701085582 74.8125 -69.0 5.737088146692298 17
0001 0015 1711701085582 0.0 -60.0 2.8838838812250054 17
0001 0009 1711701085582 -39.0 -53.5 2.405281875404685 17
0001 0008 1711701085583 -17.0625 -56.5 4.331961744989051 17
0001 0004 1711701085583 -42.3125 -59.0 0.42337869745643697 17
0001 0010 1711701085624 10.9375 -75.0 5.105088062083414 17
0001 0009 1711701085801 16.25 -52.5 1.9819031779482483 17
0001 0004 1711701085801 -39.0 -58.0 0.21475731030398976 17
0001 0015 1711701085802 0.0 -60.0 2.8838838812250054 17
0001 0010 1711701085802 162.75 -72.5 4.878058905476339 17
0001 0001 1711701085803 -26.0 -70.5 5.049864753719531 17
0001 0007 1711701085803 -9.75 -61.0 4.4362724385652745 17
0001 0006 1711701085803 35.75 -66.0 4.675573441475434 17
0001 0008 1711701085804 0.0 -56.0 3.693825737228624 17
0001 0005 1711701085804 -16.25 -64.5 1.4542137869155878 17
0001 0010 1711701085804 -139.9375 -72.0 5.154175447295755 17
0001 0008 1711701085805 -10.5625 -55.5 3.2336315008629315 17
0001 0001 1711701085805 87.875 -71.5 4.06811704947272 17
0001 0004 1711701085806 6.5 -58.5 0.0 17
0001 0007 1711701085806 -6.5 -61.5 4.466952054322987 17
0001 0009 1711701085807 3.25 -53.0 1.8100973297050567 17
0001 0005 1711701085807 19.5 -63.0 1.2210487071569704 17
0001 0015 1711701085808 0.0 -59.5 2.8716120349219203 17
0001 0006 1711701085809 -13.0 -65.0 4.92714629068868 17
0001 0015 1711701086022 -29.25 -60.0 2.890019804376548 17
0001 0009 1711701086022 26.0 -53.5 1.6689710972195777 17
0001 0004 1711701086022 3.25 -57.5 6.227961998815704 17
0001 0006 1711701086023 -65.0625 -65.0 5.086680292628786 17
0001 0008 1711701086023 13.0 -55.0 2.8654761117703775 17
0001 0007 1711701086023 -68.3125 -61.5 4.657165672020807 17
0001 0005 1711701086024 3.25 -62.5 0.9940195505498954 17
0001 0010 1711701086024 71.5625 -71.5 4.95168998329485 17
0001 0001 1711701086024 68.3125 -71.0 3.3440781175906977 17
0001 0001 1711701086025 120.4375 -71.0 2.7550294950426117 17
0001 0007 1711701086025 55.3125 -61.5 4.381049130201391 17
0001 0010 1711701086025 -68.3125 -70.0 5.074408446325701 17
0001 0005 1711701086026 -19.5 -63.0 0.8406214717613314 17
0001 0009 1711701086026 26.0 -54.5 1.576932249946439 17
0001 0008 1711701086027 -22.75 -54.0 2.675262494072558 17
0001 0015 1711701086027 22.75 -59.0 2.82252464970958 17
0001 0006 1711701086027 -3.25 -65.0 5.074408446325701 17
0001 0004 1711701086028 0.0 -57.5 6.154330920997192 17
0001 0009 1711701086243 -13.0 -54.5 1.576932249946439 17
0001 0004 1711701086244 -16.25 -57.5 6.086835766330224 17
0001 0010 1711701086244 3.25 -69.0 4.8351074434155406 17
0001 0007 1711701086244 -16.25 -61.5 4.558990901596125 17
0001 0005 1711701086245 9.75 -63.0 0.7117670855789375 17
0001 0001 1711701086245 -6.5 -70.0 2.7979809571034093 17
0001 0015 1711701086245 -3.25 -59.0 2.84706834231575 17
0001 0008 1711701086246 -16.25 -54.5 2.5341362615870793 17
0001 0006 1711701086246 -71.5625 -65.0 5.21553467881118 17
0001 0009 1711701086246 6.5 -55.0 1.5155730184310134 17
0001 0015 1711701086247 32.5 -59.5 2.730485802436441 17
0001 0010 1711701086247 -100.875 -68.5 5.240078371417351 17
0001 0008 1711701086247 13.8125 -54.0 2.423689644859313 17
0001 0007 1711701086248 0.0 -61.5 4.4976316700806995 17
0001 0004 1711701086248 3.25 -57.5 6.019340611663256 17
0001 0001 1711701086249 9.75 -70.0 2.730485802436441 17
0001 0006 1711701086249 -32.5 -64.5 5.0682725231741586 17
0001 0005 1711701086249 13.0 -63.0 0.7424467013366504 17
0001 0008 1711701086375 -7.3125 -54.0 2.442097414313941 17
0001 0001 1711701086376 0.0 -69.0 2.5341362615870793 17
0001 0004 1711701086376 -26.0 -57.5 6.043884304269426 17
0001 0010 1711701086376 -45.5625 -69.5 5.031456984264903 17
0001 0009 1711701086377 -16.25 -54.5 1.5401167110371838 17
0001 0006 1711701086377 13.0 -65.0 5.0682725231741586 17
0001 0015 1711701086377 68.3125 -59.5 2.736621725587984 17
0001 0007 1711701086378 -22.75 -61.5 4.558990901596125 17
0001 0005 1711701086378 -29.25 -63.0 0.8099418560036186 17
0001 0005 1711701086574 19.5 -62.5 0.7547185476397354 17
0001 0006 1711701086574 3.25 -65.0 5.074408446325701 17
0001 0007 1711701086575 35.75 -61.5 4.460816131171445 17
0001 0008 1711701086575 -3.25 -54.0 2.3930100291016 17
0001 0001 1711701086575 16.25 -69.5 2.521864415283994 17
0001 0004 1711701086577 -6.5 -57.5 5.994796919057086 17
0001 0009 1711701086577 19.5 -54.5 1.4910293258248433 17
0001 0015 1711701086577 3.25 -59.5 2.8102528034064944 17
0001 0010 1711701086578 65.0625 -69.5 4.963961829597935 17
0001 0009 1711701086578 9.75 -55.0 1.5401167110371838 17
0001 0008 1711701086578 27.625 -54.0 2.3746022596469727 17
0001 0007 1711701086579 -22.75 -62.0 4.503767593232243 17
0001 0005 1711701086580 -22.75 -63.0 0.7976700097005334 17
0001 0001 1711701086580 139.9375 -68.5 2.3623304133438876 17
0001 0004 1711701086581 0.0 -57.5 5.976389149602458 17
0001 0010 1711701086581 -104.125 -69.5 5.154175447295755 17
0001 0015 1711701086581 71.5625 -59.0 2.7120780329818137 17
0001 0006 1711701086582 -201.8125 -65.0 5.43029198911517 17
0001 0009 1711701086796 -3.25 -54.5 1.552388557340269 17
0001 0006 1711701086797 45.5625 -64.5 4.994641445355648 17
0001 0005 1711701086797 52.0625 -62.0 0.6872233929727672 17
0001 0015 1711701086797 6.5 -59.5 2.8102528034064944 17
0001 0004 1711701086798 0.0 -58.0 5.93343768754166 17
0001 0010 1711701086798 107.375 -69.5 4.749204519293945 17
0001 0007 1711701086798 -9.75 -62.0 4.577398671050753 17
0001 0008 1711701086799 -7.3125 -54.0 2.411417798556228 17
0001 0001 1711701086799 -6.5 -69.0 2.60776733940559 17
0001 0001 1711701086799 133.4375 -68.0 2.6261751088602177 17
0001 0008 1711701086800 -16.25 -54.0 2.448233337465483 17
0001 0004 1711701086800 6.5 -57.5 5.939573610693203 17
0001 0010 1711701086800 19.5 -69.0 4.841243366567084 17
0001 0007 1711701086801 29.25 -61.5 4.528311285838413 17
0001 0009 1711701086801 -29.25 -55.0 1.564660403643354 17
0001 0005 1711701086801 0.0 -63.5 0.8160777791551611 17
0001 0006 1711701086802 -6.5 -65.5 5.086680292628786 17
0001 0015 1711701086802 42.3125 -59.0 2.761165418194154 17
0001 0008 1711701087028 -3.25 -54.0 2.435961491162398 17
0001 0009 1711701087029 9.75 -55.0 1.5155730184310134 17
0001 0004 1711701087029 16.25 -57.5 5.945709533844745 17
0001 0005 1711701087029 -71.5625 -62.5 0.9142525495798421 17
0001 0006 1711701087030 -9.75 -64.5 5.178719139901925 17
0001 0015 1711701087030 -3.25 -59.5 2.82252464970958 17
0001 0007 1711701087030 -55.3125 -61.5 4.632621979414636 17
0001 0010 1711701087031 113.875 -69.0 4.865787059173254 17
0001 0001 1711701087031 13.0 -69.0 2.6016314162540475 17
0001 0006 1711701087032 -32.5 -65.0 4.9823695990525625 17
0001 0009 1711701087032 -13.0 -54.5 1.6812429435226628 17
0001 0004 1711701087032 26.0 -57.5 5.921165841238575 17
0001 0005 1711701087033 3.25 -62.5 0.8160777791551611 17
0001 0007 1711701087033 19.5 -61.5 4.540583132141498 17
0001 0015 1711701087033 32.5 -59.0 2.7857091108003242 17
0001 0008 1711701087034 3.25 -53.5 2.5770877236478773 17
0001 0010 1711701087034 100.875 -68.5 5.227806525114265 17
0001 0001 1711701087034 0.0 -68.5 2.7979809571034093 17
0001 0001 1711701087248 39.0 -67.5 2.791845033951867 17
0001 0005 1711701087248 65.0625 -63.0 0.7240389318820226 17
0001 0010 1711701087249 -19.5 -68.5 5.264622064023521 17
0001 0008 1711701087250 0.0 -54.0 2.6261751088602177 17
0001 0009 1711701087251 13.0 -54.5 1.6751070203711202 17
0001 0006 1711701087251 -42.3125 -64.5 5.00077736850719 17
0001 0007 1711701087251 -9.75 -61.5 4.577398671050753 17
0001 0015 1711701087252 6.5 -59.0 2.8286605728611223 17
0001 0004 1711701087252 0.0 -57.5 5.994796919057086 17
0001 0007 1711701087252 32.5 -61.5 4.509903516383785 17
0001 0006 1711701087253 -136.6875 -65.0 5.037592907416445 17
0001 0010 1711701087253 29.25 -68.5 5.283029833478148 17
0001 0009 1711701087253 -26.0 -54.0 1.736466251886546 17
0001 0008 1711701087254 -39.0 -53.5 2.675262494072558 17
0001 0004 1711701087254 -19.5 -57.5 6.013204688511713 17
0001 0005 1711701087254 -26.0 -62.5 0.859029241215959 17
0001 0015 1711701087255 52.0625 -59.0 2.742757648739526 17
0001 0001 1711701087255 58.5625 -68.0 2.9391071895888885 17
0001 0006 1711701087375 -68.3125 -64.5 5.043728830567988 17
0001 0015 1711701087375 -9.75 -59.5 2.816388726558037 17
0001 0007 1711701087376 -6.5 -61.5 4.565126824747668 17
0001 0001 1711701087376 107.375 -68.0 2.6813984172241008 17
0001 0005 1711701087376 9.75 -62.0 0.7915340865489908 17
0001 0009 1711701087377 19.5 -54.0 1.6873788666742053 17
0001 0008 1711701087377 6.5 -53.5 2.6261751088602177 17
0001 0004 1711701087377 -9.75 -57.5 6.019340611663256 17
0001 0010 1711701087378 -65.0625 -69.0 5.50392306693368 17
0001 0004 1711701087580 -19.5 -57.5 6.062292073724054 17
0001 0008 1711701087580 6.5 -53.5 2.650718801466388 17
0001 0015 1711701087580 -26.0 -59.5 2.82252464970958 17
0001 0001 1711701087580 19.5 -67.5 2.779573187648782 17
0001 0007 1711701087581 3.25 -61.5 4.565126824747668 17
0001 0010 1711701087581 -32.5 -69.5 5.227806525114265 17
0001 0005 1711701087582 -16.25 -62.5 0.859029241215959 17
0001 0009 1711701087582 -6.5 -54.0 1.718058482431918 17
0001 0006 1711701087582 6.5 -65.0 4.994641445355648 17
0001 0007 1711701087583 6.5 -61.5 4.577398671050753 17
0001 0009 1711701087583 0.0 -54.0 1.6996507129772904 17
0001 0008 1711701087583 -3.25 -53.5 2.6875343403756435 17
0001 0001 1711701087584 68.3125 -67.0 2.816388726558037 17
0001 0015 1711701087584 -22.75 -59.0 2.8654761117703775 17
0001 0005 1711701087585 32.5 -63.0 0.8406214717613314 17
0001 0004 1711701087585 -16.25 -57.5 6.019340611663256 17
0001 0006 1711701087585 -45.5625 -66.0 5.037592907416445 17
0001 0010 1711701087586 -146.4375 -69.0 5.5100589900852235 17
0001 0009 1711701087804 6.5 -54.0 1.7119225592803755 17
0001 0004 1711701087804 0.0 -57.5 6.031612457966341 17
0001 0006 1711701087805 -19.5 -64.5 5.037592907416445 17
0001 0007 1711701087805 16.25 -61.0 4.583534594202296 17
0001 0008 1711701087805 -3.25 -54.0 2.736621725587984 17
0001 0005 1711701087806 35.75 -62.5 0.7976700097005334 17
0001 0001 1711701087806 0.0 -67.0 2.9697868053466014 17
0001 0015 1711701087806 39.0 -59.0 2.742757648739526 17
0001 0010 1711701087807 -224.5625 -69.0 5.632777453116074 17
0001 0008 1711701087807 7.3125 -53.5 2.718213956133356 17
0001 0006 1711701087807 9.75 -65.0 5.0682725231741586 17
0001 0004 1711701087808 -6.5 -57.5 6.031612457966341 17
0001 0005 1711701087808 6.5 -62.5 0.8528933180644165 17
0001 0007 1711701087808 -9.75 -61.5 4.571262747899211 17
0001 0009 1711701087809 9.75 -53.5 1.6996507129772904 17
0001 0010 1711701087810 39.0 -68.5 5.178719139901925 17
0001 0015 1711701087810 -9.75 -59.0 2.82252464970958 17
0001 0001 1711701087811 22.75 -67.5 3.0066023442558567 17
0001 0015 1711701088023 52.0625 -59.0 2.748893571891069 17
0001 0001 1711701088023 -45.5625 -67.5 3.129320807286708 17
0001 0005 1711701088023 -6.5 -62.5 0.9019807032767571 17
0001 0009 1711701088024 0.0 -54.0 1.7119225592803755 17
0001 0004 1711701088024 -16.25 -58.0 6.050020227420969 17
0001 0006 1711701088024 45.5625 -65.0 4.97623367590102 17
0001 0010 1711701088025 -65.0625 -69.0 5.332117218690489 17
0001 0008 1711701088025 19.5 -54.0 2.705942109830271 17
0001 0007 1711701088025 -22.75 -61.5 4.595806440505381 17
0001 0005 1711701088026 19.5 -63.0 0.8774370106705868 17
0001 0007 1711701088026 0.0 -61.5 4.509903516383785 17
0001 0004 1711701088026 3.25 -57.5 5.994796919057086 17
0001 0015 1711701088027 -16.25 -59.5 2.834796496012665 17
0001 0010 1711701088027 117.125 -70.0 5.117359908386499 17
0001 0008 1711701088027 -13.8125 -54.0 2.761165418194154 17
0001 0009 1711701088028 -3.25 -54.0 1.736466251886546 17
0001 0001 1711701088028 84.625 -67.5 2.9636508821950587 17
0001 0006 1711701088028 9.75 -65.0 4.890330751779424 17
