0001 0006 1711701193299 -9.75 -68.0 5.681864838328415 17
0001 0008 1711701193306 -52.0625 -63.5 4.080388895775806 17
0001 0007 1711701193307 26.0 -64.5 2.405281875404685 17
0001 0015 1711701193308 -35.75 -59.0 3.650874275167826 17
0001 0004 1711701193308 26.0 -60.5 0.4908738521234052 17
0001 0005 1711701193309 -48.8125 -67.0 4.871922982324796 17
0001 0001 1711701193309 -16.25 -62.5 5.448699758569798 17
0001 0009 1711701193310 227.8125 -67.0 2.1353012567368124 17
0001 0000 1711701193310 -12.8125 -76.5 2.2150682577068657 17
0001 0007 1711701193310 -78.0625 -64.5 2.6568547246179306 17
0001 0009 1711701193311 -133.4375 -67.5 2.7120780329818137 17
0001 0008 1711701193311 3.25 -64.0 4.09266074207889 17
0001 0004 1711701193312 -13.0 -61.0 0.607456392002714 17
0001 0001 1711701193312 -48.8125 -62.5 5.497787143782138 17
0001 0006 1711701193313 -22.75 -69.0 5.773903685601553 17
0001 0015 1711701193313 3.25 -59.0 3.6079228131070282 17
0001 0005 1711701193314 -78.0625 -67.5 5.037592907416445 17
0001 0000 1711701193367 5.4375 -77.0 2.1598449493429825 17
0001 0007 1711701193530 -65.0625 -65.0 2.6261751088602177 17
0001 0009 1711701193531 -159.5 -66.5 2.9943304979527716 17
0001 0006 1711701193532 -42.3125 -68.5 5.724816300389213 17
0001 0001 1711701193533 -55.3125 -63.0 5.448699758569798 17
0001 0008 1711701193534 -10.5625 -63.5 4.135612204139688 17
0001 0004 1711701193535 35.75 -61.0 0.5399612373357456 17
0001 0015 1711701193536 -48.8125 -59.0 3.6815538909255388 17
0001 0005 1711701193537 42.3125 -67.5 4.890330751779424 17
0001 0000 1711701193538 -36.5625 -75.5 5.347457026569345 17
0001 0006 1711701193539 -9.75 -69.0 5.8475347634200645 17
0001 0005 1711701193540 -84.625 -67.0 5.043728830567988 17
0001 0015 1711701193541 0.0 -59.0 3.6386024288647407 17
0001 0007 1711701193544 -32.5 -65.0 2.5954954931025047 17
0001 0009 1711701193545 143.1875 -66.5 2.478912953223196 17
0001 0001 1711701193546 -3.25 -63.0 5.405748296509 17
0001 0008 1711701193547 -9.75 -63.5 4.184699589352029 17
0001 0004 1711701193548 6.5 -61.0 0.5890486225480862 17
0001 0000 1711701193616 13.8125 -76.0 5.298369641357005 17
0001 0015 1711701193798 13.0 -58.5 3.6447383520162835 17
0001 0004 1711701193799 16.25 -60.5 0.5706408530934585 17
0001 0007 1711701193800 9.75 -65.0 2.4727770300716534 17
0001 0008 1711701193801 7.3125 -64.0 4.0987966652304335 17
0001 0009 1711701193802 0.0 -67.5 2.736621725587984 17
0001 0001 1711701193803 -97.625 -63.0 5.577554144752192 17
0001 0005 1711701193805 -71.5625 -67.5 5.080544369477243 17
0001 0006 1711701193806 205.0625 -68.5 5.45483568172134 17
0001 0000 1711701193806 -21.3125 -76.5 5.485515297479052 17
0001 0001 1711701193807 -13.0 -63.5 5.4671075280244255 17
0001 0009 1711701193808 -42.3125 -67.0 2.7979809571034093 17
0001 0008 1711701193809 10.5625 -64.0 4.135612204139688 17
0001 0015 1711701193811 22.75 -58.5 3.5833791205008576 17
0001 0004 1711701193812 13.0 -61.5 0.6013204688511713 17
0001 0005 1711701193813 -22.75 -67.5 4.933282213840222 17
0001 0007 1711701193826 9.75 -64.5 2.552544031041707 17
0001 0006 1711701193828 -123.6875 -68.0 6.043884304269426 17
0001 0000 1711701193866 28.625 -76.0 5.270757987175063 17
0001 0004 1711701194044 -45.5625 -61.5 0.6810874698212247 17
0001 0001 1711701194045 -35.75 -63.5 5.473243451175968 17
0001 0008 1711701194045 -6.5 -63.5 4.2031073588066565 17
0001 0007 1711701194046 9.75 -64.5 2.5586799541932495 17
0001 0006 1711701194047 81.375 -68.5 5.620505606812989 17
0001 0015 1711701194048 13.0 -58.5 3.6447383520162835 17
0001 0009 1711701194049 -6.5 -67.0 2.834796496012665 17
0001 0005 1711701194050 26.0 -68.0 4.95168998329485 17
0001 0000 1711701194051 77.3125 -75.5 5.378136642327058 17
0001 0005 1711701194052 -9.75 -67.0 4.8351074434155406 17
0001 0009 1711701194052 -9.75 -66.5 2.791845033951867 17
0001 0007 1711701194053 29.25 -65.0 2.478912953223196 17
0001 0006 1711701194055 -58.5625 -67.5 5.902758071783947 17
0001 0001 1711701194056 -3.25 -63.5 5.448699758569798 17
0001 0015 1711701194057 19.5 -58.5 3.5956509668039427 17
0001 0004 1711701194058 -26.0 -61.0 0.705631162427395 17
0001 0008 1711701194058 41.5 -62.5 4.129476280988146 17
0001 0000 1711701194059 -149.6875 -77.0 2.4850488763747385 17
0001 0004 1711701194269 -48.8125 -61.5 0.7301748550335652 17
0001 0015 1711701194269 22.75 -58.5 3.5956509668039427 17
0001 0005 1711701194270 48.8125 -67.0 4.755340442445488 17
0001 0006 1711701194271 32.5 -68.5 5.755495916146925 17
0001 0009 1711701194272 -48.8125 -67.0 2.8654761117703775 17
0001 0008 1711701194273 -26.0 -63.0 4.227651051412827 17
0001 0007 1711701194274 94.375 -65.0 2.429825568010856 17
0001 0001 1711701194275 -42.3125 -63.0 5.460971604872882 17
0001 0006 1711701194275 22.75 -69.0 5.767767762450011 17
0001 0001 1711701194277 42.3125 -63.5 5.344389064993574 17
0001 0007 1711701194278 -87.875 -65.0 2.705942109830271 17
0001 0004 1711701194279 6.5 -61.0 0.6381360077604268 17
0001 0015 1711701194280 9.75 -59.0 3.6263305825616556 17
0001 0009 1711701194281 39.0 -66.0 2.736621725587984 17
0001 0008 1711701194281 -26.0 -63.5 4.190835512503572 17
0001 0005 1711701194282 35.75 -67.5 4.884194828627882 17
0001 0000 1711701194366 -23.1875 -77.0 2.380738182798515 17
0001 0007 1711701194505 42.3125 -65.0 2.4850488763747385 17
0001 0006 1711701194506 100.875 -68.5 5.724816300389213 17
0001 0001 1711701194507 65.0625 -63.5 5.344389064993574 17
0001 0004 1711701194508 13.0 -61.5 0.6320000846088841 17
0001 0015 1711701194509 19.5 -59.0 3.6140587362585705 17
0001 0008 1711701194510 42.3125 -63.5 4.123340357836604 17
0001 0005 1711701194511 -146.4375 -68.0 5.098952138931871 17
0001 0009 1711701194511 22.75 -67.0 2.6875343403756435 17
0001 0000 1711701194512 45.5625 -75.0 2.184388641949153 17
0001 0007 1711701194513 -3.25 -64.5 2.564815877344792 17
0001 0000 1711701194514 133.4375 -75.0 2.0800779483729293 17
0001 0015 1711701194515 -6.5 -58.5 3.6692820446224537 17
0001 0009 1711701194517 35.75 -67.0 2.82252464970958 17
0001 0006 1711701194518 -68.3125 -67.5 5.829126993965437 17
0001 0005 1711701194519 126.9375 -67.0 4.718524903536232 17
0001 0008 1711701194520 -27.625 -63.5 4.227651051412827 17
0001 0004 1711701194521 22.75 -61.0 0.6320000846088841 17
0001 0001 1711701194521 42.3125 -63.0 5.387340527054372 17
0001 0005 1711701194617 -35.75 -66.5 4.9394181369917645 17
0001 0007 1711701194618 0.0 -65.0 2.5402721847386216 17
0001 0004 1711701194618 35.75 -61.5 0.6320000846088841 17
0001 0015 1711701194619 -6.5 -58.5 3.6692820446224537 17
0001 0009 1711701194620 -188.75 -66.0 3.2213596545598464 17
0001 0006 1711701194621 84.625 -68.5 5.632777453116074 17
0001 0008 1711701194621 13.8125 -63.5 4.2092432819582 17
0001 0001 1711701194622 -61.8125 -63.0 5.4671075280244255 17
0001 0000 1711701194867 12.8125 -77.0 5.387340527054372 17
0001 0001 1711701194868 22.75 -63.0 5.43029198911517 17
0001 0008 1711701194869 65.875 -63.0 4.074252972624263 17
0001 0004 1711701194869 -3.25 -61.0 0.7424467013366504 17
0001 0006 1711701194870 -19.5 -68.0 5.927301764390117 17
0001 0007 1711701194871 6.5 -65.0 2.60776733940559 17
0001 0005 1711701194872 81.375 -67.0 4.853515212870168 17
0001 0015 1711701194873 -13.0 -58.5 3.650874275167826 17
0001 0009 1711701194873 58.5625 -66.5 2.736621725587984 17
0001 0000 1711701194874 -21.3125 -76.5 5.553010452146021 17
0001 0001 1711701195029 29.25 -63.0 5.442563835418255 17
0001 0004 1711701195029 9.75 -61.0 0.7669903939428205 17
0001 0009 1711701195030 -22.75 -66.0 3.06182565261974 17
0001 0015 1711701195031 -13.0 -58.5 3.650874275167826 17
0001 0007 1711701195031 -19.5 -65.5 2.5893595699509624 17
0001 0005 1711701195032 39.0 -68.0 4.914874444385594 17
0001 0008 1711701195033 -7.3125 -63.0 4.23378697456437 17
0001 0006 1711701195034 110.625 -68.0 5.577554144752192 17
0001 0000 1711701195034 169.25 -73.5 2.1537090261914402 17
0001 0008 1711701195035 -90.3125 -63.5 4.424000592262189 17
0001 0015 1711701195036 -6.5 -58.5 3.6324665057131984 17
0001 0009 1711701195037 16.25 -65.0 2.890019804376548 17
0001 0004 1711701195039 19.5 -62.0 0.7485826244881929 17
0001 0007 1711701195040 26.0 -65.0 2.5709518004963345 17
0001 0001 1711701195040 19.5 -64.0 5.350524988145116 17
0001 0006 1711701195041 39.0 -69.5 5.798447378207723 17
0001 0005 1711701195042 -107.375 -67.5 5.135767677841127 17
0001 0000 1711701195042 -78.0625 -75.0 2.4605051837685683 17
0001 0001 1711701195249 -45.5625 -65.0 5.497787143782138 17
0001 0005 1711701195250 87.875 -67.0 4.847379289718626 17
0001 0006 1711701195250 65.0625 -67.5 5.810719224510809 17
0001 0009 1711701195251 19.5 -65.0 2.9759227284981438 17
0001 0015 1711701195252 42.3125 -58.5 3.56497135104623 17
0001 0007 1711701195252 -35.75 -65.0 2.7857091108003242 17
0001 0004 1711701195253 52.0625 -61.5 0.8897088569736719 17
0001 0008 1711701195254 30.875 -63.0 4.362641360746763 17
0001 0000 1711701195254 25.1875 -75.0 5.896622148632405 17
0001 0004 1711701195255 -6.5 -62.0 1.1535535524900022 17
0001 0001 1711701195256 -32.5 -69.5 6.0991076126333095 17
0001 0015 1711701195256 0.0 -58.5 3.6447383520162835 17
0001 0009 1711701195257 -6.5 -62.5 3.2827188860752723 17
0001 0006 1711701195258 52.0625 -67.5 5.884350302329319 17
0001 0005 1711701195258 -13.0 -67.5 5.080544369477243 17
0001 0008 1711701195259 -93.5625 -63.5 4.884194828627882 17
0001 0007 1711701195260 87.875 -65.0 2.6813984172241008 17
0001 0000 1711701195366 -7.3125 -77.5 0.6135923151542565 17
0001 0015 1711701195367 -22.75 -58.0 3.6447383520162835 17
0001 0009 1711701195367 -39.0 -60.0 3.479068426924634 17
0001 0007 1711701195368 91.125 -66.5 2.890019804376548 17
0001 0008 1711701195369 3.25 -63.0 4.957825906446392 17
0001 0004 1711701195370 74.8125 -62.5 1.3008157081270237 17
0001 0005 1711701195370 -91.125 -69.5 5.5100589900852235 17
0001 0006 1711701195371 29.25 -67.5 6.234097921967246 17
0001 0001 1711701195372 -39.0 -66.5 1.086058397823034 17
0001 0000 1711701195590 3.0 -77.0 4.718524903536232 17
0001 0006 1711701195591 126.9375 -67.0 6.227961998815704 17
0001 0000 1711701195591 -100.875 -73.0 4.988505522204105 17
0001 0009 1711701195592 16.25 -57.5 3.1968159619536762 17
0001 0004 1711701195593 -9.75 -63.5 1.7794177139473437 17
0001 0007 1711701195593 84.625 -65.5 3.141592653589793 17
0001 0001 1711701195594 26.0 -60.0 0.6933593161243098 17
0001 0015 1711701195595 -16.25 -57.5 3.56497135104623 17
0001 0008 1711701195595 -21.125 -63.0 5.037592907416445 17
0001 0005 1711701195596 -65.0625 -70.5 5.43029198911517 17
0001 0009 1711701195597 26.0 -55.5 2.816388726558037 17
0001 0001 1711701195597 -16.25 -57.0 5.957981380147831 17
0001 0005 1711701195599 -133.4375 -69.5 5.381204603902829 17
0001 0004 1711701195600 0.0 -63.0 1.945087639038993 17
0001 0015 1711701195601 48.8125 -57.5 3.423845118560751 17
0001 0007 1711701195601 48.8125 -66.0 3.368621810196868 17
0001 0000 1711701195602 -6.5 -70.5 4.025165587411922 17
0001 0006 1711701195603 -22.75 -67.0 0.37429131224409645 17
0001 0008 1711701195603 48.8125 -63.0 4.841243366567084 17
0001 0007 1711701195821 -45.5625 -65.0 3.56497135104623 17
0001 0001 1711701195821 -6.5 -58.5 4.1417481272912315 17
0001 0015 1711701195822 6.5 -57.5 3.479068426924634 17
0001 0009 1711701195823 -9.75 -55.0 2.399145952253143 17
0001 0000 1711701195823 179.0 -72.5 2.3439226438892597 17
0001 0006 1711701195824 -110.625 -66.0 0.5951845456996288 17
0001 0005 1711701195825 -74.8125 -66.0 4.540583132141498 17
0001 0004 1711701195825 -13.0 -61.0 1.932815792735908 17
0001 0008 1711701195826 73.1875 -64.0 4.430136515413731 17
0001 0006 1711701195827 -94.375 -67.0 0.42337869745643697 17
0001 0007 1711701195827 -16.25 -63.5 3.5588354278946874 17
0001 0009 1711701195828 -26.0 -53.0 2.0064468705544187 17
0001 0005 1711701195828 32.5 -64.0 3.56497135104623 17
0001 0004 1711701195829 19.5 -59.5 1.4971652489763858 17
0001 0008 1711701195830 -61.8125 -65.0 3.9576704327449543 17
0001 0001 1711701195830 0.0 -60.0 2.2641556429192065 17
0001 0015 1711701195831 -3.25 -58.5 3.3440781175906977 17
0001 0011 1711701195832 -68.3125 -71.0 4.025165587411922 17
0001 0005 1711701196047 26.0 -63.0 2.8654761117703775 17
0001 0008 1711701196047 59.375 -66.0 2.5341362615870793 17
0001 0006 1711701196048 -45.5625 -68.5 0.4049709280018093 17
0001 0011 1711701196048 -48.8125 -66.0 4.135612204139688 17
0001 0007 1711701196049 22.75 -63.0 3.6263305825616556 17
0001 0004 1711701196050 19.5 -58.0 0.9817477042468103 17
0001 0009 1711701196050 -6.5 -53.5 1.5462526341887264 17
0001 0001 1711701196051 -26.0 -61.0 0.8958447801252144 17
0001 0015 1711701196051 -29.25 -58.5 3.3011266555298997 17
0001 0004 1711701196052 19.5 -58.5 0.5767767762450011 17
0001 0009 1711701196053 16.25 -52.5 1.0983302441261191 17
0001 0001 1711701196053 -13.0 -62.0 5.896622148632405 17
0001 0005 1711701196054 22.75 -62.5 2.2027964114037806 17
0001 0007 1711701196055 -6.5 -63.0 3.6815538909255388 17
0001 0008 1711701196055 -10.5625 -67.0 1.6382914814618648 17
0001 0015 1711701196056 22.75 -58.5 3.2213596545598464 17
0001 0011 1711701196056 19.5 -63.0 4.031301510563465 17
0001 0010 1711701196057 175.75 -73.5 0.09817477042468103 17
0001 0006 1711701196058 74.8125 -68.0 0.6565437772150544 17
0001 0007 1711701196270 0.0 -63.0 3.429981041712294 17
0001 0009 1711701196271 -3.25 -52.0 0.7792622402459057 17
0001 0005 1711701196271 45.5625 -63.5 1.368310862793992 17
0001 0008 1711701196272 -13.8125 -67.0 1.1290098598838318 17
0001 0011 1711701196273 0.0 -66.5 3.5036121195308043 17
0001 0004 1711701196273 9.75 -59.0 0.1902136176978195 17
0001 0006 1711701196274 -65.0625 -69.0 1.0921943209745766 17
0001 0001 1711701196274 -13.0 -63.0 4.9823695990525625 17
0001 0015 1711701196275 29.25 -58.5 3.1784081924990484 17
0001 0010 1711701196276 218.0625 -73.0 5.737088146692298 17
0001 0007 1711701196277 29.25 -62.5 3.06182565261974 17
0001 0015 1711701196277 -29.25 -59.0 3.2336315008629315 17
0001 0005 1711701196278 22.75 -64.0 0.7363107781851077 17
0001 0009 1711701196279 -13.0 -52.0 0.6688156235181395 17
0001 0001 1711701196280 -26.0 -64.5 4.509903516383785 17
0001 0008 1711701196281 30.875 -67.5 1.000155473701438 17
0001 0004 1711701196281 3.25 -59.5 0.018407769454627694 17
0001 0011 1711701196282 35.75 -69.5 3.0925052683774528 17
0001 0006 1711701196283 -48.8125 -68.5 1.1780972450961724 17
0001 0010 1711701196366 16.4375 -75.0 5.767767762450011 17
0001 0004 1711701196500 -19.5 -59.5 0.11044661672776616 17
0001 0001 1711701196501 52.0625 -63.5 4.399456899656019 17
0001 0015 1711701196501 48.8125 -59.5 3.074097498922825 17
0001 0009 1711701196502 -16.25 -52.0 0.7547185476397354 17
0001 0008 1711701196502 32.5 -67.0 0.9694758579437253 17
0001 0006 1711701196503 91.125 -70.0 0.9572040116406401 17
0001 0007 1711701196504 19.5 -62.0 2.8286605728611223 17
0001 0005 1711701196504 35.75 -65.0 0.5706408530934585 17
0001 0011 1711701196505 -61.8125 -70.0 3.06182565261974 17
0001 0010 1711701196505 17.6875 -75.5 5.749359992995383 17
0001 0005 1711701196506 0.0 -65.0 0.7117670855789375 17
0001 0007 1711701196507 16.25 -62.0 2.988194574801229 17
0001 0015 1711701196508 42.3125 -59.0 3.11091303783208 17
0001 0009 1711701196509 -16.25 -52.0 0.7424467013366504 17
0001 0004 1711701196509 -48.8125 -59.5 0.07976700097005335 17
0001 0008 1711701196510 -26.0 -66.0 1.184233168247715 17
0001 0001 1711701196510 35.75 -62.5 4.669437518323892 17
0001 0011 1711701196511 -253.875 -73.5 3.2336315008629315 17
0001 0006 1711701196511 -22.75 -69.0 1.2762720155208536 17
0001 0010 1711701196615 -1.8125 -75.5 6.025476534814799 17
0001 0008 1711701196755 17.0625 -66.5 0.9694758579437253 17
0001 0006 1711701196755 -29.25 -70.5 1.0676506283684062 17
0001 0005 1711701196756 35.75 -64.5 0.7117670855789375 17
0001 0004 1711701196756 6.5 -60.0 6.178874613603362 17
0001 0007 1711701196757 -9.75 -62.5 3.117048960983623 17
0001 0009 1711701196757 6.5 -51.5 0.6013204688511713 17
0001 0001 1711701196758 -48.8125 -61.5 5.006913291658733 17
0001 0015 1711701196758 9.75 -59.0 3.1354567304382504 17
0001 0011 1711701196759 26.0 -72.0 2.6384469551633027 17
0001 0010 1711701196759 34.75 -74.5 5.921165841238575 17
0001 0014 1711701196760 -2.25 -74.5 0.28225246497095796 17
0001 0006 1711701196760 3.25 -71.5 0.7547185476397354 17
0001 0005 1711701196762 35.75 -64.5 0.760854470791278 17
0001 0007 1711701196762 -68.3125 -62.5 3.08636934522591 17
0001 0008 1711701196763 -117.9375 -66.5 1.000155473701438 17
0001 0004 1711701196763 29.25 -59.5 6.2463697682703305 17
0001 0009 1711701196764 22.75 -52.0 0.619728238305799 17
0001 0001 1711701196764 3.25 -61.0 5.141903600992669 17
0001 0015 1711701196765 13.0 -59.5 3.08636934522591 17
0001 0011 1711701196765 16.25 -74.0 2.8409324191642074 17
0001 0010 1711701196866 10.9375 -75.5 0.03681553890925539 17
0001 0014 1711701196866 3.0 -72.5 0.35588354278946877 17
0001 0004 1711701197020 6.5 -59.5 0.1349903093339364 17
0001 0009 1711701197021 -19.5 -52.0 0.7547185476397354 17
0001 0001 1711701197021 -81.375 -61.0 5.418020142812084 17
0001 0005 1711701197022 26.0 -64.5 0.8835729338221293 17
0001 0006 1711701197022 -26.0 -71.0 0.9694758579437253 17
0001 0015 1711701197023 3.25 -60.0 3.1231848841351653 17
0001 0007 1711701197023 -9.75 -62.0 3.06182565261974 17
0001 0011 1711701197024 328.75 -74.0 2.36846633649543 17
0001 0008 1711701197024 0.0 -66.5 1.1658253987930873 17
0001 0014 1711701197026 -65.0625 -70.0 0.7424467013366504 17
0001 0010 1711701197027 -2.125 -75.5 0.4295146206079795 17
0001 0001 1711701197027 42.3125 -61.0 5.485515297479052 17
0001 0015 1711701197028 -32.5 -59.0 3.2888548092268146 17
0001 0007 1711701197029 3.25 -62.0 3.043417883165112 17
0001 0004 1711701197029 13.0 -59.5 0.07976700097005335 17
0001 0009 1711701197030 6.5 -51.0 0.9387962421860124 17
0001 0005 1711701197030 3.25 -64.5 0.9694758579437253 17
0001 0008 1711701197031 -26.0 -66.5 1.2762720155208536 17
0001 0006 1711701197031 55.3125 -71.0 0.6994952392758523 17
0001 0010 1711701197116 -3.0 -75.0 0.4356505437595221 17
0001 0011 1711701197116 -5.4375 -78.0 2.7550294950426117 17
0001 0014 1711701197289 2.4375 -74.0 4.0128937411088375 17
0001 0007 1711701197289 -22.75 -62.5 3.11091303783208 17
0001 0005 1711701197290 3.25 -63.5 1.012427320004523 17
0001 0004 1711701197290 9.75 -60.0 0.14112623248547898 17
0001 0008 1711701197291 3.25 -66.0 1.3499030933393643 17
0001 0006 1711701197291 -13.0 -70.5 0.5767767762450011 17
0001 0001 1711701197292 6.5 -60.5 5.559146375297564 17
0001 0009 1711701197292 -16.25 -51.0 0.9694758579437253 17
0001 0015 1711701197293 16.25 -58.5 3.393165502803038 17
0001 0010 1711701197293 4.25 -75.0 0.20248546400090464 17
0001 0011 1711701197294 7.3125 -79.5 5.553010452146021 17
0001 0014 1711701197295 -1.5625 -74.5 4.25833066717054 17
0001 0015 1711701197296 9.75 -58.5 3.399301425954581 17
0001 0008 1711701197297 32.5 -68.0 1.3621749396424494 17
0001 0009 1711701197297 -6.5 -51.0 1.0246991663076084 17
0001 0005 1711701197297 42.3125 -64.0 0.9510680884890975 17
0001 0004 1711701197298 0.0 -59.5 0.2638446955163303 17
0001 0007 1711701197299 0.0 -62.5 3.08636934522591 17
0001 0006 1711701197299 -71.5625 -70.0 0.8651651643675016 17
0001 0001 1711701197300 16.25 -60.0 5.6573211457222445 17
0001 0010 1711701197365 10.9375 -75.0 0.34974761963792617 17
0001 0011 1711701197365 -6.6875 -80.5 5.816855147662351 17
0001 0014 1711701197616 -2.6875 -75.0 4.252194744018997 17
0001 0004 1711701197616 26.0 -59.0 0.25770877236478773 17
0001 0008 1711701197617 3.25 -68.0 1.4358060174609601 17
0001 0001 1711701197617 -9.75 -60.0 5.767767762450011 17
0001 0007 1711701197618 0.0 -62.0 3.0495538063166547 17
0001 0005 1711701197618 32.5 -64.5 1.1044661672776617 17
0001 0015 1711701197619 -9.75 -58.0 3.4177091954092087 17
0001 0009 1711701197619 -6.5 -51.0 0.9878836273983529 17
0001 0006 1711701197620 -13.0 -71.0 0.6258641614573416 17
0001 0010 1711701197785 -1.5625 -75.0 0.35588354278946877 17
0001 0014 1711701197785 1.9375 -74.5 4.154019973594316 17
0001 0015 1711701197786 22.75 -58.5 3.399301425954581 17
0001 0008 1711701197786 13.8125 -68.0 1.4173982480063325 17
0001 0007 1711701197787 3.25 -62.0 3.08636934522591 17
0001 0001 1711701197788 -48.8125 -60.0 6.056156150572511 17
0001 0005 1711701197788 45.5625 -65.0 1.1719613219446299 17
0001 0004 1711701197789 -29.25 -59.5 0.37429131224409645 17
0001 0009 1711701197789 -19.5 -51.5 0.9081166264282996 17
0001 0006 1711701197790 -13.0 -71.5 0.5890486225480862 17
0001 0014 1711701197791 -2.875 -74.5 4.190835512503572 17
0001 0010 1711701197792 0.0 -75.0 0.3988350048502667 17
0001 0004 1711701197793 -19.5 -59.5 0.35588354278946877 17
0001 0005 1711701197794 9.75 -65.0 1.1965050145508 17
0001 0007 1711701197794 -6.5 -62.0 3.172272269347506 17
0001 0009 1711701197795 -3.25 -52.0 0.8467573949128739 17
0001 0001 1711701197795 -3.25 -60.5 6.007068765360171 17
0001 0008 1711701197796 87.875 -67.0 1.282407938672396 17
0001 0015 1711701197797 3.25 -58.5 3.4177091954092087 17
0001 0006 1711701197797 -48.8125 -72.0 0.6688156235181395 17
0001 0014 1711701198118 3.25 -74.0 4.074252972624263 17
0001 0010 1711701198119 2.125 -75.0 0.35588354278946877 17
0001 0005 1711701198119 35.75 -65.5 1.1903690913992575 17
0001 0007 1711701198120 55.3125 -62.0 3.043417883165112 17
0001 0006 1711701198120 162.75 -70.0 0.4540583132141498 17
0001 0001 1711701198121 16.25 -60.5 6.025476534814799 17
0001 0008 1711701198121 83.0 -68.0 1.3130875544301088 17
0001 0015 1711701198122 26.0 -58.0 3.3870295796514958 17
0001 0009 1711701198122 -19.5 -52.0 0.8099418560036186 17
0001 0004 1711701198123 9.75 -59.0 0.28838838812250056 17
