0000 0004 1710225287331 -19.5 -65.0 5.190990986205009 7
0000 0000 1710225287332 12.8125 -75.5 4.166291819897402 7
0000 0007 1710225287332 -0.5625 -74.0 1.3192234775816514 7
0000 0008 1710225287332 0.25 -74.5 1.1290098598838318 7
0000 0012 1710225287333 -45.5625 -71.5 1.8039614065535141 7
0000 0004 1710225287333 -71.5625 -65.0 5.289165756629691 7
0000 0000 1710225287334 -5.4375 -77.0 1.1535535524900022 7
0000 0007 1710225287582 0.625 -74.5 1.214912784005428 7
0000 0008 1710225287582 6.4375 -74.5 1.1106020904292042 7
0000 0012 1710225287582 19.5 -72.5 1.8162332528565992 7
0000 0004 1710225287583 110.625 -65.0 5.00077736850719 7
0000 0000 1710225287583 3.625 -77.0 1.030835089459151 7
0000 0008 1710225287583 -0.875 -74.0 4.3074180523828804 7
0000 0007 1710225287584 1.125 -74.5 1.337631247036279 7
0000 0012 1710225287585 76.4375 -71.5 1.6689710972195777 7
0000 0004 1710225287585 6.5 -65.0 5.190990986205009 7
0000 0000 1710225287585 -25.625 -76.5 1.239456476611598 7
0000 0008 1710225287586 0.5625 -74.0 1.214912784005428 7
0000 0007 1710225287832 -0.625 -74.5 1.3560390164909069 7
0000 0004 1710225287836 65.0625 -65.0 5.062136600022616 7
0000 0012 1710225287837 183.875 -71.0 1.6935147898257479 7
0000 0000 1710225287838 12.1875 -75.5 4.23378697456437 7
0000 0008 1710225287838 -0.625 -74.5 1.1106020904292042 7
0000 0007 1710225287838 2.6875 -74.5 1.1596894756415448 7
0000 0004 1710225287839 107.375 -65.0 4.921010367537137 7
0000 0012 1710225287839 42.3125 -72.0 1.6505633277649499 7
0000 0000 1710225287840 -8.5 -77.0 1.1780972450961724 7
0000 0007 1710225288082 -2.4375 -74.0 1.337631247036279 7
0000 0004 1710225288082 -19.5 -65.5 4.970097752749477 7
0000 0012 1710225288082 130.1875 -72.0 1.564660403643354 7
0000 0000 1710225288083 -4.25 -75.5 0.8283496254582462 7
0000 0007 1710225288083 -3.5625 -74.5 1.3069516312785663 7
0000 0012 1710225288083 -218.0625 -72.0 2.000310947402876 7
0000 0004 1710225288084 -71.5625 -65.5 4.97623367590102 7
0000 0000 1710225288084 -9.75 -76.0 0.9387962421860124 7
0000 0004 1710225288332 -52.0625 -66.0 4.859651136021712 7
0000 0012 1710225288332 3.25 -70.5 1.88986433067511 7
0000 0000 1710225288332 -4.25 -76.0 0.7915340865489908 7
0000 0004 1710225288592 -42.3125 -66.0 4.638757902566179 7
0000 0012 1710225288592 74.8125 -70.0 1.736466251886546 7
0000 0000 1710225288593 -19.5 -76.5 3.9822141253511245 7
0000 0008 1710225288593 2.875 -74.5 0.9878836273983529 7
0000 0007 1710225288593 4.0 -74.0 1.1351457830353744 7
0000 0012 1710225288594 159.5 -70.5 1.9266798695843652 7
0000 0004 1710225288595 26.0 -66.5 4.301282129231338 7
0000 0000 1710225288595 -40.375 -77.5 4.331961744989051 7
0000 0008 1710225288595 9.125 -73.0 4.368777283898306 7
0000 0004 1710225288596 -26.0 -67.5 4.620350133111551 7
0000 0008 1710225288596 143.1875 -70.5 1.282407938672396 7
0000 0012 1710225288596 -7.3125 -71.5 2.5341362615870793 7
0000 0004 1710225288832 -39.0 -71.0 4.914874444385594 7
0000 0012 1710225288832 78.0625 -72.5 3.0802334220743677 7
0000 0008 1710225288833 19.5 -68.5 1.9389517158874505 7
0000 0008 1710225288833 -29.25 -68.5 2.067806102069844 7
0000 0012 1710225288833 -183.875 -71.0 3.117048960983623 7
0000 0005 1710225288834 6.0625 -72.5 0.4049709280018093 7
0000 0004 1710225289081 6.625 -76.0 5.227806525114265 7
0000 0005 1710225289081 71.5625 -68.0 0.07363107781851078 7
0000 0012 1710225289082 41.5 -67.0 3.77972866135022 7
0000 0008 1710225289082 -65.0625 -67.0 2.429825568010856 7
0000 0004 1710225289082 -7.3125 -76.5 0.12885438618239387 7
0000 0015 1710225289083 -0.8125 -72.0 5.902758071783947 7
0000 0004 1710225289332 39.0 -71.0 3.0250101137104846 7
0000 0008 1710225289332 0.0 -68.0 4.25833066717054 7
0000 0006 1710225289333 -58.5625 -64.5 6.000932842208628 7
0000 0015 1710225289333 6.5 -70.0 0.5154175447295755 7
0000 0000 1710225289333 -1.8125 -74.0 1.7794177139473437 7
0000 0007 1710225289334 -1.125 -75.0 4.06811704947272 7
0000 0000 1710225289335 27.625 -69.0 5.411884219660542 7
0000 0004 1710225289335 -26.0 -67.0 3.393165502803038 7
0000 0015 1710225289335 -110.625 -67.0 5.712544454086128 7
0000 0007 1710225289336 3.625 -73.0 1.6198837120072371 7
0000 0014 1710225289336 7.625 -74.0 6.154330920997192 7
0000 0008 1710225289336 8.125 -74.0 2.399145952253143 7
0000 0004 1710225289581 52.0625 -69.0 3.816544200259475 7
0000 0006 1710225289582 -152.9375 -69.5 5.884350302329319 7
0000 0005 1710225289582 188.75 -69.0 2.055534255766759 7
0000 0000 1710225289582 -131.8125 -70.5 0.521553467881118 7
0000 0008 1710225289583 19.5 -72.0 0.4295146206079795 7
0000 0007 1710225289583 -7.3125 -72.5 5.209398755659637 7
0000 0010 1710225289583 -0.4375 -78.0 6.12365130523948 7
0000 0006 1710225289584 -19.5 -71.0 1.846912868614312 7
0000 0008 1710225289584 -19.5 -67.0 0.521553467881118 7
0000 0010 1710225289585 -23.1875 -77.5 4.319689898685965 7
0000 0007 1710225289585 7.625 -73.0 5.6143696836614465 7
0000 0004 1710225289585 3.9375 -73.0 6.105243535784852 7
0000 0005 1710225289586 7.625 -74.5 2.9636508821950587 7
0000 0000 1710225289831 3.5625 -78.5 1.6382914814618648 7
0000 0007 1710225289832 -29.25 -72.0 0.7117670855789375 7
0000 0004 1710225289832 -48.8125 -69.5 0.9940195505498954 7
0000 0008 1710225289832 26.0 -71.0 0.19634954084936207 7
0000 0000 1710225289833 -2.4375 -76.0 0.6872233929727672 7
0000 0013 1710225289833 -4.6875 -79.0 5.013049214810275 7
0000 0004 1710225289833 55.3125 -67.0 3.117048960983623 7
0000 0000 1710225289834 9.75 -76.5 4.368777283898306 7
0000 0009 1710225289834 -0.5625 -76.5 6.17273869045182 7
0000 0013 1710225290079 4.375 -71.0 0.8528933180644165 7
0000 0007 1710225290080 2.875 -70.5 5.393476450205914 7
0000 0013 1710225290080 -52.0625 -64.0 5.019185137961818 7
0000 0015 1710225290080 100.875 -71.5 2.859340188618835 7
0000 0009 1710225290081 -45.5625 -71.5 1.2517283229146832 7
0000 0000 1710225290081 58.5625 -74.0 2.9084275738311756 7
0000 0014 1710225290081 -10.375 -66.5 5.031456984264903 7
0000 0007 1710225290082 9.4375 -72.5 1.4787574795217582 7
0000 0005 1710225290082 6.25 -75.0 0.1595340019401067 7
0000 0007 1710225290082 22.75 -66.5 0.6442719309119693 7
0000 0000 1710225290083 -163.5625 -71.0 5.350524988145116 7
0000 0013 1710225290083 6.5 -65.0 5.8659425328746915 7
0000 0015 1710225290084 -68.3125 -70.0 3.1354567304382504 7
0000 0005 1710225290084 -76.4375 -70.5 3.749049045592507 7
0000 0014 1710225290084 65.0625 -67.0 2.4727770300716534 7
0000 0013 1710225290085 13.0 -65.5 1.0185632431560658 7
0000 0014 1710225290085 22.75 -64.0 3.9515345095934116 7
0000 0003 1710225290332 -9.4375 -79.0 0.15339807878856412 7
0000 0009 1710225290332 -3.5 -79.0 2.116893487282185 7
0000 0000 1710225290332 -9.4375 -78.0 5.295301679781233 7
0000 0004 1710225290333 1.9375 -72.5 5.240078371417351 7
0000 0000 1710225290333 -30.875 -72.0 0.3865631585471816 7
0000 0014 1710225290333 42.3125 -63.5 1.214912784005428 7
0000 0013 1710225290334 100.875 -69.5 2.9943304979527716 7
0000 0004 1710225290334 -32.5 -67.0 2.521864415283994 7
0000 0007 1710225290335 -16.25 -68.0 4.331961744989051 7
0000 0013 1710225290335 39.0 -66.0 5.651185222570702 7
0000 0000 1710225290582 39.625 -76.0 0.6258641614573416 7
0000 0004 1710225290582 1.1875 -67.0 0.4908738521234052 7
0000 0013 1710225290583 -42.3125 -68.0 2.718213956133356 7
0000 0000 1710225290583 40.6875 -74.5 5.341321103417803 7
0000 0008 1710225290583 4.25 -72.0 4.4976316700806995 7
0000 0004 1710225290584 11.5625 -68.0 2.9268353432858034 7
0000 0004 1710225290584 -65.0625 -68.5 0.9572040116406401 7
0000 0000 1710225290584 194.4375 -71.0 2.988194574801229 7
0000 0013 1710225290585 29.25 -62.0 5.184855063053467 7
0000 0015 1710225290585 19.5 -65.0 4.97623367590102 7
0000 0008 1710225290585 -39.0 -66.5 4.724660826687775 7
0000 0005 1710225290586 -41.5 -69.5 3.663146121470911 7
0000 0006 1710225290586 -87.875 -71.5 4.135612204139688 7
0000 0012 1710225290587 32.5 -72.5 2.083145909948701 7
0000 0012 1710225290831 -39.0 -67.0 1.761009944492716 7
0000 0000 1710225290832 -27.625 -65.5 0.6994952392758523 7
0000 0005 1710225290832 -52.0625 -66.5 3.865631585471816 7
0000 0008 1710225290832 78.0625 -65.0 2.061670178918302 7
0000 0004 1710225290833 52.0625 -64.5 2.9820586516496865 7
0000 0009 1710225290833 -21.125 -75.0 1.380582709097077 7
0000 0015 1710225290833 0.5625 -70.5 6.264777537724958 7
0000 0006 1710225290834 1.1875 -69.0 1.8775924843720249 7
0000 0002 1710225290834 6.25 -77.0 4.460816131171445 7
0000 0005 1710225290834 62.625 -68.5 3.877903431774901 7
0000 0000 1710225290835 3.25 -67.5 5.00077736850719 7
0000 0008 1710225290835 -97.625 -64.5 5.976389149602458 7
0000 0006 1710225290835 -6.5 -68.5 6.1420590746941075 7
0000 0002 1710225290836 0.0 -73.0 3.9914180100784384 7
0000 0012 1710225290836 1.1875 -72.5 0.23930100291016002 7
0000 0004 1710225291058 1.8125 -68.0 0.30066023442558565 7
0000 0011 1710225291058 -0.75 -76.0 1.3314953238847365 7
0000 0009 1710225291059 6.8125 -76.0 5.663457068873787 7
0000 0015 1710225291059 1.4375 -71.5 0.5276893910326605 7
0000 0002 1710225291059 61.8125 -69.0 0.3436116964863836 7
0000 0008 1710225291060 -94.375 -67.0 4.76147636559703 7
0000 0009 1710225291060 83.0 -71.5 3.6140587362585705 7
0000 0000 1710225291060 -27.625 -66.5 3.1906800388021335 7
0000 0004 1710225291061 13.0 -65.0 5.117359908386499 7
0000 0012 1710225291061 22.75 -70.5 0.20248546400090464 7
0000 0006 1710225291061 13.0 -72.5 0.45099035163837853 7
0000 0005 1710225291062 -6.6875 -72.0 4.957825906446392 7
0000 0007 1710225291062 3.25 -74.0 2.5893595699509624 7
0000 0015 1710225291062 -1.4375 -71.5 1.846912868614312 7
0000 0007 1710225291063 -110.625 -71.0 3.1968159619536762 7
0000 0004 1710225291063 26.0 -60.0 4.252194744018997 7
0000 0008 1710225291064 -19.5 -67.5 2.325514874434632 7
0000 0002 1710225291064 169.25 -69.5 0.3190680038802134 7
0000 0000 1710225291065 10.5625 -66.0 1.7548740213411735 7
0000 0015 1710225291065 26.0 -69.0 1.9634954084936207 7
0000 0009 1710225291332 -1.8125 -76.0 2.6813984172241008 7
0000 0005 1710225291332 1.8125 -69.0 5.043728830567988 7
0000 0006 1710225291332 -0.25 -73.5 6.240233845118788 7
0000 0013 1710225291333 6.8125 -77.0 0.006135923151542565 7
0000 0004 1710225291333 -9.75 -65.0 0.9081166264282996 7
0000 0006 1710225291333 48.8125 -64.5 0.22089323345553233 7
0000 0000 1710225291334 100.875 -70.0 1.214912784005428 7
0000 0008 1710225291334 29.25 -67.0 2.067806102069844 7
0000 0009 1710225291334 -21.9375 -75.0 1.064582666792635 7
0000 0005 1710225291335 7.875 -69.0 4.847379289718626 7
0000 0002 1710225291335 5.4375 -77.0 0.8651651643675016 7
0000 0011 1710225291335 6.375 -79.5 5.829126993965437 7
0000 0015 1710225291336 2.125 -72.0 5.0253210611133605 7
0000 0008 1710225291474 52.0625 -65.5 2.7857091108003242 7
0000 0015 1710225291474 -16.25 -67.0 3.834951969714103 7
0000 0004 1710225291475 -16.25 -65.0 3.6570101983193686 7
0000 0000 1710225291475 -79.75 -71.0 2.5770877236478773 7
0000 0007 1710225291475 81.375 -64.0 6.227961998815704 7
0000 0006 1710225291476 29.25 -69.0 0.2086213871524472 7
0000 0005 1710225291476 -6.5 -64.0 4.847379289718626 7
0000 0009 1710225291476 -367.8125 -71.5 5.896622148632405 7
0000 0013 1710225291477 123.6875 -75.0 2.030990563160589 7
0000 0011 1710225291477 13.8125 -74.0 0.8375535101855601 7
0000 0014 1710225291477 5.3125 -73.5 4.706253057233147 7
0000 0013 1710225291478 0.0 -69.0 4.037437433715008 7
0000 0015 1710225291478 -45.5625 -63.5 4.28287435977671 7
0000 0000 1710225291478 38.1875 -66.5 1.043106935762236 7
0000 0004 1710225291479 9.75 -65.5 3.5772431973493153 7
0000 0008 1710225291479 9.75 -60.0 2.073942025221387 7
0000 0007 1710225291479 -97.625 -69.0 3.4054373491061236 7
0000 0014 1710225291480 -94.375 -65.0 3.816544200259475 7
0000 0009 1710225291480 -163.5625 -71.5 5.117359908386499 7
0000 0011 1710225291480 -185.5 -72.5 1.9389517158874505 7
0000 0005 1710225291581 4.5625 -75.0 0.7731263170943632 7
0000 0008 1710225291841 19.5 -61.0 4.871922982324796 7
0000 0000 1710225291842 -22.75 -65.0 4.411728745959104 7
0000 0007 1710225291842 61.8125 -69.0 5.2768939103266055 7
0000 0003 1710225291842 58.5625 -69.5 0.7731263170943632 7
0000 0005 1710225291843 13.0 -64.5 2.82252464970958 7
0000 0014 1710225291843 55.3125 -63.0 0.030679615757712823 7
0000 0004 1710225291843 -45.5625 -63.5 5.829126993965437 7
0000 0009 1710225291844 -208.3125 -69.5 1.4603497100671303 7
0000 0002 1710225291844 9.4375 -79.0 0.5829126993965437 7
0000 0013 1710225291972 5.5625 -73.5 1.5707963267948966 7
0000 0006 1710225291973 -0.8125 -76.0 5.325981295538946 7
0000 0013 1710225291974 -87.875 -69.5 2.748893571891069 7
0000 0002 1710225291974 32.5 -74.5 1.41126232485479 7
0000 0014 1710225291974 -48.8125 -72.0 5.436427912266712 7
0000 0007 1710225291975 0.0 -63.0 0.3129320807286708 7
0000 0008 1710225291975 -22.75 -64.0 5.418020142812084 7
0000 0003 1710225291975 -32.5 -68.0 1.8100973297050567 7
0000 0000 1710225291976 -10.5625 -66.0 6.178874613603362 7
0000 0005 1710225291976 -78.0625 -71.0 5.074408446325701 7
0000 0009 1710225291976 -142.375 -69.5 1.5707963267948966 7
0000 0006 1710225291977 -214.8125 -74.0 0.20248546400090464 7
0000 0004 1710225291978 13.375 -71.0 5.976389149602458 7
0000 0002 1710225291978 -107.375 -72.0 5.9088939949354895 7
0000 0008 1710225291978 74.8125 -66.5 2.2089323345553233 7
0000 0003 1710225291979 3.25 -68.5 5.816855147662351 7
0000 0014 1710225291979 -39.0 -66.0 4.442408361716817 7
0000 0000 1710225291979 -7.3125 -67.0 3.859495662320273 7
0000 0015 1710225291980 -100.875 -70.0 4.2031073588066565 7
0000 0007 1710225291980 6.5 -67.0 2.313243028131547 7
0000 0009 1710225291980 79.75 -70.0 4.417864669110647 7
0000 0005 1710225292077 27.625 -75.0 0.3282718886075272 7
0000 0004 1710225292078 -0.25 -68.0 5.71868037723767 7
0000 0013 1710225292078 0.875 -74.0 5.522330836388308 7
