0000 0007 1711008134367 -110.625 -70.0 2.6691265709210157 7
0000 0012 1711008134374 -48.8125 -62.0 4.95168998329485 7
0000 0011 1711008134375 -146.4375 -68.0 4.344233591292136 7
0000 0015 1711008134375 5.4375 -70.0 3.9147189706841563 7
0000 0012 1711008134376 -13.0 -62.0 4.994641445355648 7
0000 0011 1711008134376 100.875 -69.0 4.0987966652304335 7
0000 0007 1711008134377 175.75 -71.0 2.356194490192345 7
0000 0015 1711008134377 -5.4375 -69.5 3.9822141253511245 7
0000 0007 1711008134378 -45.5625 -71.5 2.509592568980909 7
0000 0012 1711008134378 6.5 -62.0 4.970097752749477 7
0000 0011 1711008134379 3.25 -69.0 4.2031073588066565 7
0000 0015 1711008134569 2.4375 -70.0 0.8099418560036186 7
0000 0012 1711008134570 19.5 -62.5 4.896466674930966 7
0000 0011 1711008134572 -159.5 -69.0 4.534447208989955 7
0000 0007 1711008134573 84.625 -72.0 2.1230294104337273 7
0000 0015 1711008134574 -3.8125 -70.0 0.803805932852076 7
0000 0012 1711008134575 32.5 -62.0 4.878058905476339 7
0000 0007 1711008134577 -166.0 -72.0 2.748893571891069 7
0000 0011 1711008134578 65.0625 -71.5 3.9822141253511245 7
0000 0015 1711008134819 2.125 -70.5 3.902447124381071 7
0000 0005 1711008134820 2.125 -72.0 5.712544454086128 7
0000 0012 1711008134821 35.75 -62.0 4.921010367537137 7
0000 0011 1711008134822 91.125 -69.5 4.061981126321178 7
0000 0007 1711008134823 71.5625 -72.0 2.282563412373834 7
0000 0005 1711008134824 -1.1875 -72.0 5.755495916146925 7
0000 0015 1711008134825 1.5 -70.0 0.803805932852076 7
0000 0012 1711008134826 6.5 -62.5 5.019185137961818 7
0000 0007 1711008134827 133.4375 -70.5 2.1475731030398975 7
0000 0011 1711008134828 -61.8125 -69.0 4.2031073588066565 7
0000 0005 1711008134829 -1.1875 -71.5 5.829126993965437 7
0000 0015 1711008135069 3.625 -70.5 0.7792622402459057 7
0000 0011 1711008135070 -104.125 -71.5 4.135612204139688 7
0000 0007 1711008135070 3.25 -71.5 2.5157284921324514 7
0000 0012 1711008135071 22.75 -62.0 4.933282213840222 7
0000 0005 1711008135073 12.8125 -71.5 5.755495916146925 7
0000 0015 1711008135074 -0.4375 -70.0 0.8467573949128739 7
0000 0011 1711008135318 78.0625 -70.5 4.1172044346850605 7
0000 0007 1711008135319 -52.0625 -71.0 2.9575149590435164 7
0000 0012 1711008135320 35.75 -62.5 4.884194828627882 7
0000 0005 1711008135321 5.75 -71.0 5.749359992995383 7
0000 0015 1711008135569 3.125 -70.0 0.7792622402459057 7
0000 0011 1711008135570 -188.75 -69.5 4.657165672020807 7
0000 0012 1711008135571 -19.5 -63.5 5.460971604872882 7
0000 0007 1711008135572 94.375 -69.0 3.074097498922825 7
0000 0005 1711008135573 26.0 -69.0 5.583690067903734 7
0000 0015 1711008135573 -1.1875 -69.5 3.988350048502667 7
0000 0005 1711008135575 145.625 -68.5 5.086680292628786 7
0000 0015 1711008135576 -81.375 -68.5 1.0062913968529805 7
0000 0011 1711008135577 104.125 -70.0 4.424000592262189 7
0000 0007 1711008135578 6.5 -69.0 3.2704470397721868 7
0000 0012 1711008135579 -130.1875 -63.5 6.215690152512618 7
0000 0012 1711008135819 -19.5 -63.0 0.0 7
0000 0007 1711008135820 26.0 -69.5 2.6200391857086753 7
0000 0011 1711008135821 -29.25 -69.0 5.117359908386499 7
0000 0008 1711008135822 10.9375 -74.5 2.429825568010856 7
0000 0011 1711008135823 -42.3125 -70.0 6.12365130523948 7
0000 0007 1711008135824 162.75 -69.0 1.6198837120072371 7
0000 0012 1711008135824 3.25 -59.5 0.25157284921324513 7
0000 0008 1711008135825 13.0 -70.0 2.9391071895888885 7
0000 0014 1711008135826 0.25 -74.0 1.6444274046134073 7
0000 0014 1711008135827 -48.8125 -69.0 2.3439226438892597 7
0000 0012 1711008135828 6.5 -61.0 0.9572040116406401 7
0000 0008 1711008135829 16.25 -68.0 3.1784081924990484 7
0000 0007 1711008135830 9.75 -69.5 1.368310862793992 7
0000 0006 1711008136069 -1.5 -71.0 6.17273869045182 7
0000 0012 1711008136070 55.3125 -64.5 1.1903690913992575 7
0000 0008 1711008136070 6.5 -66.5 4.301282129231338 7
0000 0007 1711008136071 -152.9375 -66.5 0.47860200582032003 7
0000 0000 1711008136072 -15.25 -76.5 5.6941366846315 7
0000 0012 1711008136073 0.0 -61.5 1.8714565612204823 7
0000 0011 1711008136074 -107.375 -69.5 2.5034566458293663 7
0000 0008 1711008136074 -19.5 -66.5 5.264622064023521 7
0000 0007 1711008136075 91.125 -71.0 5.93343768754166 7
0000 0000 1711008136076 10.5625 -76.5 6.231029960391474 7
0000 0015 1711008136319 5.4375 -72.0 5.66959299202533 7
0000 0015 1711008136321 -100.875 -66.0 1.030835089459151 7
0000 0012 1711008136322 0.0 -60.5 2.9329712664373457 7
0000 0011 1711008136323 58.5625 -66.5 3.0495538063166547 7
0000 0008 1711008136323 -74.8125 -66.5 0.6994952392758523 7
0000 0000 1711008136324 42.3125 -72.0 3.8533597391687304 7
0000 0015 1711008136325 -29.25 -66.0 3.074097498922825 7
0000 0011 1711008136326 16.25 -65.0 3.6692820446224537 7
0000 0008 1711008136327 -29.25 -62.5 2.509592568980909 7
0000 0012 1711008136328 13.0 -59.5 4.344233591292136 7
0000 0007 1711008136569 6.3125 -74.0 0.0674951546669682 7
0000 0012 1711008136570 -29.25 -60.0 4.884194828627882 7
0000 0007 1711008136571 16.25 -68.5 0.48473792897186263 7
0000 0008 1711008136572 -13.0 -63.0 4.546719055293041 7
0000 0011 1711008136573 -55.3125 -66.5 5.031456984264903 7
0000 0009 1711008136573 18.875 -76.0 3.736777199289422 7
0000 0008 1711008136574 -123.6875 -68.0 0.6135923151542565 7
0000 0009 1711008136575 194.4375 -73.5 5.0253210611133605 7
0000 0007 1711008136576 39.0 -68.0 2.466641106920111 7
0000 0012 1711008136577 -65.0625 -62.5 6.086835766330224 7
0000 0005 1711008136577 4.6875 -67.5 5.915029918087033 7
0000 0011 1711008136578 2.125 -72.0 5.681864838328415 7
0000 0004 1711008136818 1.875 -77.5 0.0 7
0000 0012 1711008136819 -29.25 -61.5 2.270291566070749 7
0000 0011 1711008136819 52.0625 -63.5 1.2333205534600555 7
0000 0007 1711008136820 -13.0 -66.0 4.319689898685965 7
0000 0006 1711008136821 -1.5625 -75.0 0.5767767762450011 7
0000 0005 1711008136822 1.5625 -66.0 5.792311455056181 7
0000 0009 1711008136823 -1.5625 -76.0 3.429981041712294 7
0000 0005 1711008136824 -9.75 -64.5 3.429981041712294 7
0000 0011 1711008136825 0.0 -65.5 3.8288160465625602 7
0000 0014 1711008136825 10.375 -72.5 0.6872233929727672 7
0000 0006 1711008136826 15.25 -73.5 1.2578642460662257 7
0000 0013 1711008136827 18.25 -72.0 4.657165672020807 7
0000 0009 1711008136828 -3.0 -77.5 0.7853981633974483 7
0000 0004 1711008137078 4.875 -74.5 4.344233591292136 7
0000 0000 1711008137079 11.5625 -79.5 0.6258641614573416 7
0000 0010 1711008137079 -1.5 -73.0 0.3865631585471816 7
0000 0013 1711008137080 35.75 -62.0 2.024854640009046 7
0000 0010 1711008137081 -35.75 -67.0 0.4172427743048944 7
0000 0006 1711008137082 -68.3125 -68.5 5.203262832508095 7
0000 0014 1711008137083 4.0625 -69.0 4.743068596142402 7
0000 0000 1711008137084 18.6875 -75.0 5.402680334933228 7
0000 0011 1711008137084 23.1875 -71.5 4.908738521234052 7
0000 0013 1711008137085 -26.0 -63.0 2.3071071049800045 7
0000 0012 1711008137087 32.5 -68.0 2.4911847995262812 7
0000 0011 1711008137087 -78.0625 -66.5 2.4850488763747385 7
0000 0000 1711008137285 7.625 -79.0 4.387185053352934 7
0000 0009 1711008137285 15.0625 -78.5 6.019340611663256 7
0000 0010 1711008137286 0.875 -72.0 5.780039608753096 7
0000 0014 1711008137287 4.375 -69.5 4.338097668140593 7
0000 0007 1711008137288 -0.5625 -79.0 0.7976700097005334 7
0000 0013 1711008137289 -32.5 -61.0 2.945243112740431 7
0000 0014 1711008137289 22.75 -64.0 1.6321555583103222 7
0000 0007 1711008137290 -16.25 -63.0 3.9147189706841563 7
0000 0005 1711008137291 -65.0625 -66.5 1.5953400194010667 7
0000 0000 1711008137291 81.375 -71.0 3.356349963893783 7
0000 0009 1711008137292 -14.625 -76.0 5.890486225480862 7
0000 0004 1711008137293 -4.25 -73.5 0.4724660826687775 7
0000 0011 1711008137294 0.875 -70.5 1.0983302441261191 7
0000 0011 1711008137295 16.25 -67.0 1.8960002538266525 7
0000 0013 1711008137296 -35.75 -66.0 4.442408361716817 7
0000 0014 1711008137296 16.25 -61.0 1.0799224746714913 7
0000 0000 1711008137297 29.25 -66.0 5.902758071783947 7
0000 0004 1711008137298 120.4375 -65.5 3.6324665057131984 7
0000 0009 1711008137546 -1.1875 -78.5 0.11658253987930872 7
0000 0010 1711008137546 -0.5625 -73.5 6.215690152512618 7
0000 0007 1711008137547 -1.4375 -77.5 2.5709518004963345 7
0000 0005 1711008137547 -7.3125 -76.0 3.0495538063166547 7
0000 0013 1711008137548 -117.125 -65.5 5.577554144752192 7
0000 0011 1711008137549 6.5 -61.5 2.8409324191642074 7
0000 0014 1711008137549 29.25 -61.5 1.8039614065535141 7
0000 0004 1711008137550 -13.0 -62.0 4.97623367590102 7
0000 0000 1711008137551 152.9375 -68.0 1.5033011721279284 7
0000 0010 1711008137551 71.5625 -71.0 1.4787574795217582 7
0000 0007 1711008137552 -16.25 -75.0 3.215223731408304 7
0000 0005 1711008137553 -27.625 -72.5 0.2055534255766759 7
0000 0009 1711008137553 -20.875 -78.0 1.8960002538266525 7
0000 0007 1711008137554 9.75 -71.0 4.92714629068868 7
0000 0004 1711008137555 55.3125 -63.5 2.2150682577068657 7
0000 0014 1711008137555 -78.0625 -63.5 0.39269908169872414 7
0000 0013 1711008137556 9.75 -65.0 0.2699806186678728 7
0000 0005 1711008137557 -52.0625 -68.5 1.0615147052168636 7
0000 0011 1711008137557 -45.5625 -65.5 3.9760782021995817 7
0000 0000 1711008137577 16.3125 -74.5 6.129787228391022 7
0000 0010 1711008137577 -2.4375 -72.5 5.890486225480862 7
0000 0009 1711008137815 -4.6875 -77.5 2.098485717827557 7
0000 0013 1711008137815 -32.5 -67.5 2.8532042654672924 7
0000 0007 1711008137816 136.6875 -69.5 0.25157284921324513 7
0000 0004 1711008137816 58.5625 -64.5 2.4605051837685683 7
0000 0012 1711008137817 35.75 -70.0 1.2701360923693108 7
0000 0010 1711008137818 1.625 -71.5 6.2555736529976445 7
0000 0011 1711008137819 6.6875 -73.0 4.945554060143307 7
0000 0003 1711008137819 -4.0625 -79.0 0.4724660826687775 7
0000 0000 1711008137820 -8.8125 -79.5 5.5100589900852235 7
0000 0014 1711008137821 0.0 -72.5 4.571262747899211 7
0000 0015 1711008137821 4.0 -73.0 0.9019807032767571 7
0000 0012 1711008137835 -3.25 -57.5 3.5772431973493153 7
0000 0015 1711008137838 -58.5625 -66.5 4.601942363656923 7
0000 0000 1711008137838 -156.1875 -70.0 1.6751070203711202 7
0000 0008 1711008137839 -26.0 -69.0 2.773437264497239 7
0000 0004 1711008137839 58.5625 -67.5 0.8467573949128739 7
0000 0007 1711008137840 -39.0 -69.5 3.160000423044421 7
0000 0010 1711008137841 -9.75 -67.5 0.5338253141842031 7
0000 0013 1711008137842 -30.0625 -74.0 5.0774764079014725 7
0000 0011 1711008138069 -1.8125 -74.0 5.853670686571607 7
0000 0010 1711008138069 26.0 -62.0 2.6323110320117604 7
0000 0008 1711008138070 45.5625 -66.0 4.749204519293945 7
0000 0007 1711008138071 19.5 -64.5 3.3072625786814425 7
0000 0013 1711008138071 -113.875 -70.0 5.0682725231741586 7
0000 0000 1711008138072 -22.75 -69.5 3.650874275167826 7
0000 0015 1711008138072 42.3125 -62.0 5.356660911296659 7
0000 0012 1711008138073 -6.5 -56.0 5.608233760509904 7
0000 0011 1711008138074 2.125 -74.0 1.055378782065321 7
0000 0000 1711008138074 114.6875 -70.0 4.73693267299086 7
0000 0008 1711008138075 -58.5625 -67.0 0.9878836273983529 7
0000 0012 1711008138076 9.75 -58.5 1.1228739367322893 7
0000 0015 1711008138077 52.0625 -67.5 0.8897088569736719 7
0000 0005 1711008138078 84.625 -68.5 1.6935147898257479 7
0000 0011 1711008138319 17.0625 -73.0 5.246214294568893 7
0000 0010 1711008138320 14.0 -71.0 1.662835174068035 7
0000 0007 1711008138320 -1.5 -75.0 4.97623367590102 7
0000 0008 1711008138321 58.5625 -69.5 3.6692820446224537 7
0000 0007 1711008138322 97.625 -69.5 0.8897088569736719 7
0000 0012 1711008138322 -19.5 -61.0 2.6384469551633027 7
0000 0015 1711008138323 9.75 -68.5 4.8074957892336 7
0000 0000 1711008138324 9.125 -76.0 5.307573526084319 7
0000 0010 1711008138324 0.25 -71.5 4.988505522204105 7
0000 0015 1711008138325 -45.5625 -65.5 4.577398671050753 7
0000 0000 1711008138325 -117.9375 -70.0 4.657165672020807 7
0000 0008 1711008138326 -81.375 -65.5 5.0253210611133605 7
0000 0012 1711008138327 3.25 -62.5 3.6017868899554855 7
0000 0010 1711008138578 -0.5625 -71.5 0.12885438618239387 7
0000 0007 1711008138578 -0.25 -73.0 1.1535535524900022 7
0000 0008 1711008138579 78.0625 -65.0 0.4479223900626072 7
0000 0011 1711008138579 13.0 -70.5 2.767301341345697 7
0000 0000 1711008138580 7.3125 -66.0 6.056156150572511 7
0000 0007 1711008138581 -42.3125 -67.5 1.4480778637640452 7
0000 0015 1711008138581 27.625 -71.0 1.0707185899441776 7
0000 0005 1711008138582 -0.5625 -71.5 4.601942363656923 7
0000 0015 1711008138583 68.3125 -65.0 1.6137477888556946 7
0000 0005 1711008138583 48.8125 -64.5 4.792155981354743 7
0000 0011 1711008138584 -29.25 -66.0 4.97623367590102 7
0000 0007 1711008138584 -42.3125 -64.0 3.104777114680538 7
0000 0008 1711008138586 26.0 -67.5 3.442252888015379 7
0000 0009 1711008138818 -6.5 -78.5 5.117359908386499 7
0000 0015 1711008138818 39.0 -65.5 0.9694758579437253 7
0000 0011 1711008138819 52.0625 -65.0 1.4664856332186729 7
0000 0007 1711008138819 91.125 -67.5 2.2518837966161214 7
0000 0008 1711008138820 42.3125 -67.0 6.2034183062095325 7
0000 0000 1711008138821 59.375 -72.5 5.976389149602458 7
0000 0005 1711008138821 4.0625 -69.5 1.7426021750380885 7
0000 0004 1711008138822 -1.0625 -78.0 5.21553467881118 7
0000 0011 1711008138823 -6.5 -62.5 5.835262917116979 7
0000 0000 1711008138823 -179.0 -74.5 3.1231848841351653 7
0000 0005 1711008138824 6.5 -60.0 5.749359992995383 7
0000 0004 1711008138825 -4.875 -75.5 4.681709364626977 7
0000 0009 1711008139015 5.1875 -78.5 0.2638446955163303 7
0000 0013 1711008139016 6.5 -74.5 2.6384469551633027 7
0000 0002 1711008139017 -5.625 -78.0 4.945554060143307 7
0000 0008 1711008139017 3.8125 -70.5 1.1290098598838318 7
0000 0005 1711008139018 6.5 -65.5 1.337631247036279 7
0000 0009 1711008139018 192.0 -70.5 5.442563835418255 7
0000 0013 1711008139019 -3.25 -68.5 5.270757987175063 7
0000 0008 1711008139020 0.0 -63.5 2.6384469551633027 7
0000 0011 1711008139020 39.0 -60.5 2.411417798556228 7
0000 0004 1711008139021 48.8125 -65.0 2.8654761117703775 7
0000 0002 1711008139022 299.4375 -74.0 6.154330920997192 7
0000 0014 1711008139022 -61.8125 -65.0 4.000621894805752 7
0000 0010 1711008139024 -71.5625 -65.5 5.45483568172134 7
0000 0011 1711008139024 -87.875 -64.0 5.307573526084319 7
0000 0004 1711008139028 -19.5 -64.5 2.7120780329818137 7
0000 0000 1711008139028 -100.875 -72.0 4.399456899656019 7
0000 0008 1711008139029 81.375 -70.5 4.755340442445488 7
0000 0006 1711008139067 -5.4375 -79.5 1.6444274046134073 7
0000 0009 1711008139067 15.5625 -78.0 1.030835089459151 7
