0000 0011 1711008323680 -32.5 -70.5 3.810408277107933 7
0000 0012 1711008323680 -6.5 -60.5 4.0128937411088375 7
0000 0014 1711008323681 -26.0 -68.5 5.062136600022616 7
0000 0005 1711008323681 -32.5 -61.5 5.688000761479957 7
0000 0010 1711008323682 -4.25 -71.5 1.7855536370988863 7
0000 0007 1711008323682 8.5 -75.0 1.2026409377023426 7
0000 0004 1711008323682 15.8125 -74.0 0.4970097752749477 7
0000 0014 1711008323683 107.375 -69.0 5.074408446325701 7
0000 0005 1711008323683 -35.75 -63.5 5.148039524144211 7
0000 0012 1711008323684 6.5 -60.5 4.196971435655114 7
0000 0007 1711008323684 149.6875 -72.5 3.4177091954092087 7
0000 0011 1711008323684 -87.875 -70.0 4.0987966652304335 7
0000 0007 1711008323930 130.1875 -72.0 2.9145634969827183 7
0000 0005 1711008323931 17.0625 -65.5 4.933282213840222 7
0000 0014 1711008323931 -104.125 -67.0 5.295301679781233 7
0000 0011 1711008323932 6.5 -66.5 3.773592738198677 7
0000 0012 1711008323933 3.25 -61.0 4.2092432819582 7
0000 0005 1711008323933 -45.5625 -67.0 4.755340442445488 7
0000 0012 1711008323934 0.0 -61.0 4.25833066717054 7
0000 0014 1711008323934 -13.0 -67.5 5.197126909356553 7
0000 0011 1711008323934 -26.0 -68.0 3.7122335066832517 7
0000 0004 1711008323935 -9.75 -72.5 0.619728238305799 7
0000 0007 1711008323935 -10.9375 -75.0 0.5951845456996288 7
0000 0012 1711008324181 -9.75 -61.0 4.319689898685965 7
0000 0014 1711008324181 45.5625 -68.5 5.184855063053467 7
0000 0005 1711008324181 -13.0 -68.0 4.3933209765044765 7
0000 0004 1711008324182 -68.3125 -70.0 0.4663301595172349 7
0000 0011 1711008324182 -78.0625 -70.0 3.749049045592507 7
0000 0007 1711008324182 17.0625 -75.0 0.16566992509164924 7
0000 0014 1711008324183 -35.75 -68.5 5.135767677841127 7
0000 0005 1711008324183 34.9375 -68.0 4.166291819897402 7
0000 0012 1711008324183 -10.5625 -61.5 4.270602513473625 7
0000 0011 1711008324184 13.0 -69.0 3.485204350076177 7
0000 0004 1711008324184 -9.75 -74.5 0.6933593161243098 7
0000 0007 1711008324184 6.0625 -74.5 1.1044661672776617 7
0000 0011 1711008324431 32.5 -67.5 3.5342917352885173 7
0000 0005 1711008324431 7.3125 -67.5 4.172427743048944 7
0000 0012 1711008324431 35.75 -61.0 4.080388895775806 7
0000 0007 1711008324431 205.0625 -72.5 1.6566992509164924 7
0000 0014 1711008324431 -39.0 -67.0 5.160311370447297 7
0000 0004 1711008324431 26.1875 -73.0 0.9572040116406401 7
0000 0014 1711008324432 13.0 -67.0 5.203262832508095 7
0000 0012 1711008324432 -13.0 -60.0 4.344233591292136 7
0000 0005 1711008324433 -73.1875 -65.0 4.405592822807561 7
0000 0011 1711008324433 35.75 -68.0 3.6447383520162835 7
0000 0007 1711008324433 -65.0625 -70.5 2.804116880254952 7
0000 0004 1711008324433 1.8125 -73.5 1.2946797849754812 7
0000 0012 1711008324680 -3.25 -60.0 4.319689898685965 7
0000 0014 1711008324680 13.0 -67.0 4.92714629068868 7
0000 0011 1711008324681 -48.8125 -70.5 3.859495662320273 7
0000 0005 1711008324681 -19.5 -64.0 4.154019973594316 7
0000 0007 1711008324681 -104.125 -71.0 2.748893571891069 7
0000 0004 1711008324682 6.6875 -73.0 5.203262832508095 7
0000 0005 1711008324682 -16.25 -64.5 3.6447383520162835 7
0000 0014 1711008324682 -13.0 -65.0 4.92714629068868 7
0000 0012 1711008324683 19.5 -59.0 4.405592822807561 7
0000 0007 1711008324683 -84.625 -70.5 1.4358060174609601 7
0000 0011 1711008324683 -2.6875 -74.5 0.944932165337555 7
0000 0014 1711008324684 9.75 -65.0 5.939573610693203 7
0000 0005 1711008324684 -13.8125 -65.0 2.399145952253143 7
0000 0012 1711008324685 0.0 -61.0 4.466952054322987 7
0000 0011 1711008324685 -10.5625 -71.5 0.4724660826687775 7
0000 0008 1711008324930 0.5625 -71.5 0.30679615757712825 7
0000 0005 1711008324931 -91.125 -63.5 3.141592653589793 7
0000 0012 1711008324932 -3.25 -61.0 4.4362724385652745 7
0000 0014 1711008324932 -29.25 -69.5 5.602097837358362 7
0000 0011 1711008324933 3.0 -72.0 0.6381360077604268 7
0000 0012 1711008324933 61.8125 -61.0 4.540583132141498 7
0000 0007 1711008324933 3.25 -68.0 0.7179030087304801 7
0000 0012 1711008325180 6.5 -60.5 4.914874444385594 7
0000 0007 1711008325180 65.0625 -66.0 5.93343768754166 7
0000 0015 1711008325181 0.875 -71.5 0.5092816215780329 7
0000 0012 1711008325181 6.5 -63.0 5.829126993965437 7
0000 0015 1711008325181 -68.3125 -68.5 4.71238898038469 7
0000 0008 1711008325182 -39.0 -68.5 2.9697868053466014 7
0000 0007 1711008325182 -84.625 -69.5 5.019185137961818 7
0000 0005 1711008325182 -73.1875 -69.5 2.350058567040802 7
0000 0011 1711008325441 -2.875 -73.5 4.73693267299086 7
0000 0015 1711008325441 71.5625 -70.0 5.074408446325701 7
0000 0012 1711008325442 48.8125 -64.5 0.6688156235181395 7
0000 0008 1711008325442 -61.8125 -68.0 4.215379205109742 7
0000 0005 1711008325443 -26.0 -63.5 2.0371264863121317 7
0000 0007 1711008325443 0.0 -70.5 5.491651220630596 7
0000 0011 1711008325443 -100.875 -71.0 2.1046216409791 7
0000 0008 1711008325444 -22.75 -69.0 5.460971604872882 7
0000 0005 1711008325444 -3.25 -65.5 2.9575149590435164 7
0000 0012 1711008325444 16.25 -63.0 1.4296700943094176 7
0000 0011 1711008325445 3.25 -66.0 3.466796580621549 7
0000 0007 1711008325446 3.25 -73.0 4.543651093717269 7
0000 0012 1711008325680 68.3125 -63.5 2.2027964114037806 7
0000 0011 1711008325680 -71.5625 -70.5 5.829126993965437 7
0000 0007 1711008325680 -133.4375 -70.0 0.7424467013366504 7
0000 0004 1711008325680 7.625 -79.5 4.577398671050753 7
0000 0005 1711008325681 0.125 -68.5 0.1902136176978195 7
0000 0012 1711008325681 16.25 -63.5 4.319689898685965 7
0000 0005 1711008325682 -16.25 -64.5 0.2454369260617026 7
0000 0011 1711008325682 -58.5625 -68.5 3.736777199289422 7
0000 0004 1711008325682 16.25 -72.0 6.025476534814799 7
0000 0008 1711008325683 5.0 -74.0 4.1417481272912315 7
0000 0004 1711008325940 -68.3125 -67.0 0.6994952392758523 7
0000 0011 1711008325940 -3.25 -64.0 5.160311370447297 7
0000 0008 1711008325940 -136.6875 -68.5 2.60776733940559 7
0000 0005 1711008325940 1.9375 -75.5 4.356505437595221 7
0000 0004 1711008325941 -9.75 -62.5 0.4970097752749477 7
0000 0006 1711008325941 19.5 -68.5 2.5586799541932495 7
0000 0005 1711008325941 91.125 -70.0 2.5832236467994196 7
0000 0000 1711008325942 9.125 -76.5 4.448544284868359 7
0000 0004 1711008325942 -61.8125 -62.0 6.264777537724958 7
0000 0011 1711008326180 -39.0 -67.0 4.196971435655114 7
0000 0013 1711008326180 -35.75 -69.5 3.1661363461959633 7
0000 0014 1711008326180 9.75 -67.0 3.552699504743145 7
0000 0004 1711008326181 -48.8125 -64.0 5.841398840268521 7
0000 0012 1711008326182 11.5625 -74.5 1.1535535524900022 7
0000 0009 1711008326182 5.0 -78.5 4.473087977474529 7
0000 0011 1711008326183 -68.3125 -67.5 5.626641529964532 7
0000 0004 1711008326183 13.0 -66.0 4.614214209960009 7
0000 0014 1711008326183 -42.3125 -63.0 1.7794177139473437 7
0000 0013 1711008326184 -6.5 -63.5 3.5158839658338894 7
0000 0000 1711008326184 7.3125 -72.0 3.6754179677739964 7
0000 0009 1711008326184 43.625 -77.5 1.3130875544301088 7
0000 0011 1711008326430 39.0 -64.0 0.8406214717613314 7
0000 0013 1711008326430 -9.75 -65.0 4.196971435655114 7
0000 0014 1711008326430 -55.3125 -63.5 5.982525072754001 7
0000 0004 1711008326430 -94.375 -70.0 4.289010282928253 7
0000 0000 1711008326431 21.125 -67.5 5.767767762450011 7
0000 0008 1711008326431 4.875 -70.0 5.773903685601553 7
0000 0015 1711008326431 0.625 -72.5 6.209554229361076 7
0000 0000 1711008326625 19.5 -67.5 1.705786636128833 7
0000 0011 1711008326625 68.3125 -61.0 2.5586799541932495 7
0000 0013 1711008326625 -39.0 -66.5 5.190990986205009 7
0000 0014 1711008326625 29.25 -62.0 1.4173982480063325 7
0000 0015 1711008326626 -6.6875 -71.5 6.227961998815704 7
0000 0004 1711008326626 -0.25 -73.0 0.4111068511533518 7
0000 0012 1711008326626 -4.875 -74.0 0.3374757733348411 7
0000 0014 1711008326627 0.0 -67.5 0.1595340019401067 7
0000 0013 1711008326627 -29.25 -65.5 0.4970097752749477 7
0000 0015 1711008326627 3.25 -69.5 3.055689729468197 7
0000 0012 1711008326628 84.625 -69.5 0.2699806186678728 7
0000 0004 1711008326628 16.25 -63.5 3.423845118560751 7
0000 0010 1711008326629 143.1875 -69.5 4.81056375080937 7
0000 0000 1711008326629 -30.875 -70.5 4.571262747899211 7
0000 0009 1711008326630 2.875 -80.0 0.21475731030398976 7
0000 0011 1711008326630 2.4375 -68.0 4.657165672020807 7
0000 0013 1711008326689 -26.0 -64.5 2.9513790358919736 7
0000 0011 1711008326690 42.3125 -63.0 2.9697868053466014 7
0000 0012 1711008326690 -42.3125 -69.0 0.8897088569736719 7
0000 0005 1711008326930 1.9375 -74.0 5.381204603902829 7
0000 0015 1711008326931 0.9375 -71.0 0.3865631585471816 7
0000 0000 1711008326931 1.9375 -77.5 6.234097921967246 7
0000 0012 1711008326931 19.5 -62.0 4.552854978444583 7
0000 0010 1711008326932 -133.4375 -69.0 1.0185632431560658 7
0000 0015 1711008326932 -19.5 -61.0 4.411728745959104 7
0000 0008 1711008326932 10.5625 -70.5 5.583690067903734 7
0000 0000 1711008326933 -1.8125 -77.5 0.8406214717613314 7
0000 0013 1711008326933 0.0 -78.0 0.4295146206079795 7
0000 0012 1711008327180 -16.25 -56.0 0.42337869745643697 7
0000 0013 1711008327180 -146.4375 -70.5 4.111068511533518 7
0000 0008 1711008327180 -61.8125 -66.0 4.71238898038469 7
0000 0015 1711008327181 16.25 -62.5 4.614214209960009 7
0000 0000 1711008327181 -79.75 -74.0 2.84706834231575 7
0000 0010 1711008327181 0.25 -71.5 0.8835729338221293 7
0000 0014 1711008327183 1.125 -72.5 0.4295146206079795 7
0000 0007 1711008327183 -9.75 -67.0 1.4603497100671303 7
0000 0012 1711008327183 45.5625 -57.5 1.8653206380689396 7
0000 0014 1711008327184 139.9375 -70.5 1.3560390164909069 7
0000 0010 1711008327184 -120.4375 -70.0 5.859806609723149 7
0000 0008 1711008327184 -0.5625 -71.5 5.393476450205914 7
0000 0000 1711008327185 2.875 -79.0 4.6878452877785195 7
0000 0015 1711008327326 6.3125 -72.0 5.442563835418255 7
0000 0011 1711008327327 0.25 -72.5 1.6996507129772904 7
0000 0010 1711008327327 6.5 -65.5 2.0064468705544187 7
0000 0007 1711008327327 182.25 -66.5 4.841243366567084 7
0000 0012 1711008327327 42.3125 -59.5 2.184388641949153 7
0000 0014 1711008327328 26.0 -68.0 2.804116880254952 7
0000 0015 1711008327328 42.3125 -69.0 1.9266798695843652 7
0000 0008 1711008327329 0.0 -68.5 3.380893656499953 7
0000 0011 1711008327329 -0.8125 -71.0 5.062136600022616 7
0000 0000 1711008327329 22.75 -73.5 0.19941750242513334 7
0000 0010 1711008327329 35.75 -66.5 4.09266074207889 7
0000 0012 1711008327330 13.0 -62.0 3.552699504743145 7
0000 0015 1711008327330 -45.5625 -67.5 5.712544454086128 7
0000 0000 1711008327330 -30.875 -69.5 4.767612288748572 7
0000 0008 1711008327331 -61.8125 -66.0 5.338253141842031 7
0000 0007 1711008327331 19.5 -66.0 5.859806609723149 7
0000 0005 1711008327429 2.875 -73.0 4.933282213840222 7
0000 0012 1711008327677 -19.5 -68.5 4.196971435655114 7
0000 0007 1711008327677 -16.25 -63.0 0.28838838812250056 7
0000 0010 1711008327678 -91.125 -70.0 0.07363107781851078 7
0000 0000 1711008327678 48.8125 -71.5 0.11044661672776616 7
0000 0015 1711008327678 71.5625 -65.5 1.5278448647340985 7
0000 0008 1711008327679 -68.3125 -67.5 2.086213871524472 7
0000 0005 1711008327679 10.5625 -70.5 5.138835639416898 7
0000 0008 1711008327679 -42.3125 -65.5 4.534447208989955 7
0000 0015 1711008327680 -13.0 -67.0 2.282563412373834 7
0000 0000 1711008327680 -201.8125 -73.0 4.331961744989051 7
0000 0011 1711008327680 12.8125 -71.0 6.22182607566416 7
0000 0010 1711008327681 1.8125 -71.5 5.730952223540755 7
0000 0005 1711008327681 -1.1875 -72.5 0.8467573949128739 7
0000 0007 1711008327682 1.5 -65.5 2.0371264863121317 7
0000 0008 1711008327682 58.5625 -69.0 1.607611865704152 7
0000 0005 1711008327682 -3.25 -63.0 4.06811704947272 7
0000 0007 1711008327683 -65.0625 -65.0 3.9453985864418692 7
0000 0000 1711008327683 -30.875 -73.0 0.4479223900626072 7
0000 0011 1711008327930 2.6875 -73.0 1.4358060174609601 7
0000 0007 1711008327930 -68.3125 -64.5 3.9453985864418692 7
0000 0011 1711008327931 -13.0 -64.0 0.6688156235181395 7
0000 0008 1711008327931 -26.0 -64.5 6.068427996875596 7
0000 0005 1711008327931 84.625 -71.0 3.368621810196868 7
0000 0000 1711008327932 -30.875 -73.0 4.957825906446392 7
0000 0002 1711008327933 -0.5625 -77.5 0.8958447801252144 7
0000 0001 1711008327933 -0.125 -77.5 5.3198453723874035 7
0000 0013 1711008327934 0.9375 -72.5 5.896622148632405 7
0000 0011 1711008327934 6.5 -62.0 3.2704470397721868 7
0000 0008 1711008327934 78.0625 -66.0 2.184388641949153 7
0000 0000 1711008327935 61.8125 -69.5 1.9266798695843652 7
0000 0004 1711008327935 3.25 -71.0 0.1718058482431918 7
0000 0009 1711008327935 -21.125 -74.0 5.71868037723767 7
0000 0005 1711008328181 17.0625 -75.0 0.6227961998815703 7
0000 0006 1711008328181 -2.6875 -74.0 4.362641360746763 7
0000 0015 1711008328181 0.25 -71.5 0.9019807032767571 7
0000 0013 1711008328182 5.625 -73.5 0.662679700366597 7
0000 0000 1711008328182 131.8125 -72.0 5.945709533844745 7
0000 0014 1711008328182 -91.125 -68.0 2.834796496012665 7
0000 0004 1711008328182 0.0 -66.0 5.325981295538946 7
0000 0011 1711008328182 -45.5625 -67.5 5.816855147662351 7
0000 0013 1711008328183 -3.25 -66.5 1.8346410223112268 7
0000 0008 1711008328183 -5.6875 -70.5 5.997864880632857 7
0000 0010 1711008328183 11.5625 -71.5 5.2339424482658075 7
0000 0012 1711008328348 6.3125 -76.5 0.04295146206079795 7
0000 0009 1711008328348 0.0 -77.0 1.8039614065535141 7
0000 0013 1711008328348 -6.5 -59.0 3.043417883165112 7
0000 0008 1711008328349 26.0 -68.0 3.877903431774901 7
0000 0004 1711008328349 -91.125 -64.5 5.4671075280244255 7
0000 0000 1711008328349 34.9375 -68.0 1.7732817907958012 7
0000 0011 1711008328349 22.75 -59.0 1.8407769454627694 7
0000 0012 1711008328350 16.25 -71.0 1.6198837120072371 7
0000 0014 1711008328350 0.0 -61.0 4.049709280018092 7
0000 0009 1711008328350 83.0 -74.0 5.491651220630596 7
0000 0007 1711008328351 28.625 -75.0 6.1420590746941075 7
0000 0013 1711008328351 -42.3125 -59.0 4.123340357836604 7
0000 0015 1711008328352 214.8125 -70.5 0.7792622402459057 7
0000 0008 1711008328352 71.5625 -63.5 0.5154175447295755 7
0000 0006 1711008328353 117.125 -69.5 4.215379205109742 7
0000 0012 1711008328353 -78.0625 -68.5 4.252194744018997 7
0000 0007 1711008328353 -22.75 -68.5 1.043106935762236 7
0000 0011 1711008328353 16.25 -59.5 3.650874275167826 7
0000 0014 1711008328354 -35.75 -60.5 2.7120780329818137 7
0000 0000 1711008328354 -97.625 -67.5 5.240078371417351 7
0000 0009 1711008328355 -6.5 -74.0 2.030990563160589 7
