0001 0009 1711247677495 -32.5 -64.5 6.166602767300278 7
0001 0015 1711247677503 45.5625 -65.0 1.736466251886546 7
0001 0011 1711247677504 94.375 -61.0 1.0983302441261191 7
0001 0012 1711247677505 97.625 -63.0 1.533980787885641 7
0001 0013 1711247677505 -126.9375 -65.0 2.9636508821950587 7
0001 0003 1711247677506 -7.3125 -73.5 6.068427996875596 7
0001 0010 1711247677506 5.75 -73.5 1.3069516312785663 7
0001 0012 1711247677507 -9.75 -62.5 1.6873788666742053 7
0001 0013 1711247677507 22.75 -65.5 2.6691265709210157 7
0001 0015 1711247677508 -78.0625 -65.0 1.9696313316451632 7
0001 0009 1711247677508 123.6875 -64.5 5.994796919057086 7
0001 0011 1711247677509 61.8125 -61.0 1.2087768608538851 7
0001 0003 1711247677509 7.3125 -73.5 6.050020227420969 7
0001 0010 1711247677510 -4.875 -73.5 4.583534594202296 7
0001 0009 1711247677510 -22.75 -65.0 6.22182607566416 7
0001 0015 1711247677510 -9.75 -65.0 1.846912868614312 7
0001 0011 1711247677511 19.5 -61.5 1.2578642460662257 7
0001 0013 1711247677511 -29.25 -65.0 2.7979809571034093 7
0001 0012 1711247677512 42.3125 -62.5 1.6321555583103222 7
0001 0003 1711247677720 9.125 -73.0 5.878214379177777 7
0001 0010 1711247677721 1.8125 -73.5 4.516039439535327 7
0001 0009 1711247677722 -19.5 -65.5 6.209554229361076 7
0001 0011 1711247677723 39.0 -61.5 1.2517283229146832 7
0001 0013 1711247677724 -42.3125 -65.5 2.816388726558037 7
0001 0015 1711247677725 71.5625 -65.5 1.718058482431918 7
0001 0012 1711247677726 -22.75 -62.5 1.6689710972195777 7
0001 0003 1711247677727 48.0 -72.5 5.9610493417236015 7
0001 0010 1711247677728 3.8125 -74.0 4.430136515413731 7
0001 0015 1711247677729 -3.25 -65.0 1.9082721001297376 7
0001 0011 1711247677730 78.0625 -61.5 1.1719613219446299 7
0001 0009 1711247677731 -48.8125 -65.0 6.240233845118788 7
0001 0013 1711247677733 113.875 -65.0 2.4727770300716534 7
0001 0012 1711247677734 -3.25 -63.0 1.6812429435226628 7
0001 0003 1711247677735 -1.625 -72.5 6.019340611663256 7
0001 0010 1711247677968 4.375 -74.0 1.325359400733194 7
0001 0012 1711247677969 29.25 -62.5 1.6444274046134073 7
0001 0003 1711247677970 22.75 -71.0 5.872078456026235 7
0001 0009 1711247677971 16.25 -65.0 6.160466844148735 7
0001 0011 1711247677972 39.0 -61.5 1.2455923997631406 7
0001 0015 1711247677973 19.5 -65.5 1.846912868614312 7
0001 0013 1711247677974 48.8125 -65.5 2.5832236467994196 7
0001 0010 1711247677975 3.5 -74.0 1.3744467859455345 7
0001 0015 1711247678219 -9.75 -65.5 1.9266798695843652 7
0001 0009 1711247678220 45.5625 -64.5 6.129787228391022 7
0001 0012 1711247678220 -35.75 -62.5 1.736466251886546 7
0001 0013 1711247678221 -42.3125 -65.5 2.791845033951867 7
0001 0011 1711247678222 35.75 -61.5 1.2333205534600555 7
0001 0003 1711247678223 -42.3125 -71.5 6.043884304269426 7
0001 0010 1711247678224 0.0 -74.0 4.534447208989955 7
0001 0011 1711247678225 32.5 -61.5 1.2762720155208536 7
0001 0013 1711247678226 84.625 -65.0 2.552544031041707 7
0001 0015 1711247678227 -55.3125 -66.0 2.0064468705544187 7
0001 0012 1711247678228 6.5 -62.5 1.6321555583103222 7
0001 0009 1711247678229 6.5 -64.5 6.14819499784565 7
0001 0003 1711247678230 39.0 -71.0 5.767767762450011 7
0001 0010 1711247678231 -0.125 -74.0 4.577398671050753 7
0001 0003 1711247678469 -32.5 -70.5 5.902758071783947 7
0001 0011 1711247678470 32.5 -61.0 1.2517283229146832 7
0001 0012 1711247678471 -3.25 -62.0 1.6812429435226628 7
0001 0009 1711247678472 13.0 -64.5 6.17273869045182 7
0001 0015 1711247678473 13.0 -66.0 1.9266798695843652 7
0001 0013 1711247678474 22.75 -65.5 2.6691265709210157 7
0001 0010 1711247678475 6.8125 -74.0 4.417864669110647 7
0001 0013 1711247678476 -35.75 -65.0 2.724349879284899 7
0001 0003 1711247678477 -110.625 -70.0 6.209554229361076 7
0001 0009 1711247678478 94.375 -64.0 6.062292073724054 7
0001 0011 1711247678479 13.0 -61.0 1.2946797849754812 7
0001 0012 1711247678480 16.25 -62.5 1.7548740213411735 7
0001 0015 1711247678480 13.0 -65.0 1.7794177139473437 7
0001 0010 1711247678481 2.4375 -73.5 4.546719055293041 7
0001 0009 1711247678692 9.75 -64.5 6.191146459906448 7
0001 0012 1711247678693 42.3125 -62.0 1.8223691760081417 7
0001 0011 1711247678694 74.8125 -61.0 1.2087768608538851 7
0001 0003 1711247678695 32.5 -71.0 5.872078456026235 7
0001 0015 1711247678696 19.5 -65.5 1.902136176978195 7
0001 0013 1711247678697 9.75 -65.5 2.7979809571034093 7
0001 0010 1711247678698 0.5625 -74.0 4.626486056263094 7
0001 0009 1711247678698 22.75 -65.0 0.09203884727313846 7
0001 0013 1711247678699 -68.3125 -65.5 2.9022916506796332 7
0001 0012 1711247678700 71.5625 -62.5 1.8714565612204823 7
0001 0011 1711247678701 -19.5 -61.5 1.3621749396424494 7
0001 0015 1711247678702 100.875 -65.5 1.736466251886546 7
0001 0010 1711247678703 8.5 -73.0 4.522175362686871 7
0001 0012 1711247678704 -19.5 -62.0 2.1230294104337273 7
0001 0013 1711247678705 -58.5625 -66.0 2.9820586516496865 7
0001 0011 1711247678705 22.75 -61.5 1.3560390164909069 7
0001 0009 1711247678706 58.5625 -65.5 0.2454369260617026 7
0001 0015 1711247678707 -6.5 -65.0 1.945087639038993 7
0001 0010 1711247678716 25.625 -73.0 4.411728745959104 7
0001 0015 1711247678968 -9.75 -66.0 1.9266798695843652 7
0001 0009 1711247678969 48.8125 -66.0 0.5092816215780329 7
0001 0012 1711247678970 -16.25 -62.5 2.3623304133438876 7
0001 0013 1711247678970 -39.0 -67.0 3.6324665057131984 7
0001 0011 1711247678971 94.375 -61.0 1.2087768608538851 7
0001 0010 1711247678972 -33.3125 -72.0 1.945087639038993 7
0001 0015 1711247678973 -45.5625 -68.5 4.215379205109742 7
0001 0009 1711247678974 39.0 -66.5 0.9265243958829272 7
0001 0012 1711247678974 52.0625 -64.5 2.423689644859313 7
0001 0011 1711247678975 9.75 -62.0 1.1965050145508 7
0001 0005 1711247678976 -3.625 -72.0 5.387340527054372 7
0001 0011 1711247679218 58.5625 -64.0 1.0737865515199487 7
0001 0009 1711247679219 146.4375 -68.5 1.1474176293384597 7
0001 0012 1711247679220 -9.75 -64.0 2.3193789512830896 7
0001 0005 1711247679221 100.875 -65.5 1.0921943209745766 7
0001 0015 1711247679222 5.1875 -63.0 4.172427743048944 7
0001 0015 1711247679223 3.25 -58.5 0.7547185476397354 7
0001 0005 1711247679224 -13.0 -65.0 0.8160777791551611 7
0001 0009 1711247679225 52.0625 -67.0 1.9573594853420782 7
0001 0011 1711247679225 -84.625 -70.0 0.2761165418194154 7
0001 0012 1711247679226 -6.5 -62.0 3.0127382674073995 7
0001 0000 1711247679227 -19.5 -71.0 0.4724660826687775 7
0001 0007 1711247679227 4.25 -73.0 6.105243535784852 7
0001 0015 1711247679469 6.5 -68.0 4.190835512503572 7
0001 0009 1711247679470 16.25 -63.0 3.5772431973493153 7
0001 0012 1711247679470 9.75 -59.5 3.7429131224409646 7
0001 0000 1711247679471 -22.75 -69.0 1.2333205534600555 7
0001 0007 1711247679472 -5.6875 -71.5 6.132855189966794 7
0001 0010 1711247679473 1.5 -74.0 3.552699504743145 7
0001 0005 1711247679473 2.125 -72.5 4.675573441475434 7
0001 0000 1711247679474 -130.1875 -72.0 2.6875343403756435 7
0001 0010 1711247679475 90.3125 -71.5 0.8160777791551611 7
0001 0012 1711247679476 -26.0 -62.5 4.669437518323892 7
0001 0015 1711247679476 35.75 -61.5 2.675262494072558 7
0001 0009 1711247679477 6.5 -59.5 5.473243451175968 7
0001 0005 1711247679478 3.25 -70.0 2.650718801466388 7
0001 0014 1711247679479 -5.4375 -72.0 2.405281875404685 7
0001 0004 1711247679480 2.125 -73.0 0.4356505437595221 7
0001 0012 1711247679718 -52.0625 -69.5 5.835262917116979 7
0001 0009 1711247679720 -13.0 -67.0 0.705631162427395 7
0001 0011 1711247679720 -58.5625 -63.0 2.2396119503130363 7
0001 0015 1711247679720 94.375 -64.0 5.289165756629691 7
0001 0004 1711247679720 -4.0625 -72.0 0.30679615757712825 7
0001 0000 1711247679721 4.5625 -72.5 0.0674951546669682 7
0001 0011 1711247679723 -48.8125 -62.0 5.0253210611133605 7
0001 0000 1711247679723 -78.0625 -69.0 4.086524818927348 7
0001 0015 1711247679724 -117.125 -67.0 5.681864838328415 7
0001 0013 1711247679725 -52.0625 -69.5 1.6751070203711202 7
0001 0001 1711247679725 3.0 -72.0 2.2518837966161214 7
0001 0008 1711247679725 6.3125 -78.0 1.012427320004523 7
0001 0015 1711247679960 16.25 -67.5 5.5284667595398505 7
0001 0011 1711247679960 -29.25 -66.5 1.141281706186917 7
0001 0010 1711247679961 0.0 -68.5 1.8837284075235674 7
0001 0003 1711247679962 6.5 -65.5 1.902136176978195 7
0001 0000 1711247679963 32.5 -68.0 5.577554144752192 7
0001 0005 1711247679963 32.5 -63.5 2.043262409463674 7
0001 0008 1711247679964 3.9375 -77.5 4.663301595172349 7
0001 0001 1711247679964 6.6875 -72.5 5.031456984264903 7
0001 0011 1711247679965 -9.75 -66.0 3.2888548092268146 7
0001 0010 1711247679966 -79.75 -66.5 2.2089323345553233 7
0001 0001 1711247679967 -146.4375 -70.0 4.172427743048944 7
0001 0008 1711247679967 142.375 -72.0 5.393476450205914 7
0001 0005 1711247679969 -55.3125 -65.5 3.067961575771282 7
0001 0007 1711247679969 -4.875 -75.0 4.985437560628334 7
0001 0003 1711247679970 -0.625 -73.5 5.786175531904639 7
0001 0004 1711247679971 1.5625 -71.0 5.724816300389213 7
0001 0015 1711247679971 -2.125 -72.0 1.9205439464328227 7
0001 0004 1711247680094 22.75 -66.5 3.1968159619536762 7
0001 0011 1711247680095 -58.5625 -66.0 5.5714182216006485 7
0001 0001 1711247680095 45.5625 -67.5 0.5399612373357456 7
0001 0010 1711247680096 -125.3125 -69.5 3.448388811166921 7
0001 0003 1711247680097 65.0625 -68.5 3.5465635815916023 7
0001 0014 1711247680098 19.5 -65.5 4.828971520263998 7
0001 0013 1711247680098 19.5 -67.0 5.798447378207723 7
0001 0007 1711247680099 -149.6875 -72.0 3.466796580621549 7
0001 0008 1711247680100 21.125 -75.0 1.9266798695843652 7
0001 0015 1711247680101 38.25 -70.5 1.911340061705509 7
0001 0000 1711247680102 71.5625 -71.5 2.761165418194154 7
0001 0007 1711247680102 71.5625 -72.0 4.362641360746763 7
0001 0014 1711247680103 -61.8125 -65.5 5.190990986205009 7
0001 0003 1711247680104 35.75 -67.0 5.092816215780329 7
0001 0001 1711247680104 -52.0625 -67.5 2.9943304979527716 7
0001 0006 1711247680105 -32.5 -68.0 4.749204519293945 7
0001 0004 1711247680106 -9.75 -62.5 5.344389064993574 7
0001 0013 1711247680106 -68.3125 -68.0 0.8958447801252144 7
0001 0011 1711247680107 68.3125 -67.5 1.4542137869155878 7
0001 0015 1711247680217 4.25 -73.0 5.589825991055276 7
0001 0010 1711247680217 5.0 -74.5 0.7731263170943632 7
0001 0008 1711247680218 0.0 -79.0 3.9822141253511245 7
0001 0012 1711247680219 5.1875 -77.5 6.19728238305799 7
0001 0013 1711247680388 22.75 -69.5 1.748738098189631 7
0001 0010 1711247680389 0.0 -66.0 5.608233760509904 7
0001 0005 1711247680389 45.5625 -65.5 4.227651051412827 7
0001 0001 1711247680390 -55.3125 -68.0 6.2034183062095325 7
0001 0011 1711247680391 71.5625 -69.5 5.0682725231741586 7
0001 0012 1711247680391 -36.5625 -71.5 4.543651093717269 7
0001 0014 1711247680392 2.4375 -70.0 4.715456941960461 7
0001 0008 1711247680393 -9.75 -77.0 0.6749515466696822 7
0001 0003 1711247680393 2.5625 -74.0 5.638913376267617 7
0001 0007 1711247680394 1.1875 -78.0 6.129787228391022 7
0001 0004 1711247680395 1.1875 -72.5 1.8407769454627694 7
0001 0000 1711247680396 -1.9375 -74.5 4.325825821837508 7
0001 0007 1711247680398 -97.625 -65.5 4.448544284868359 7
0001 0012 1711247680398 -9.75 -66.5 5.663457068873787 7
0001 0008 1711247680399 -55.3125 -73.0 6.086835766330224 7
0001 0000 1711247680400 81.375 -71.5 4.841243366567084 7
0001 0009 1711247680401 97.625 -68.5 2.086213871524472 7
0001 0014 1711247680401 22.75 -69.5 2.030990563160589 7
0001 0003 1711247680402 32.5 -69.0 0.36815538909255385 7
0001 0010 1711247680403 -87.0625 -67.5 3.9453985864418692 7
0001 0005 1711247680403 -84.625 -70.0 4.884194828627882 7
0001 0004 1711247680404 35.75 -66.0 0.9019807032767571 7
0001 0001 1711247680405 22.75 -70.0 5.350524988145116 7
0001 0011 1711247680405 -19.5 -69.5 4.460816131171445 7
0001 0014 1711247680467 27.625 -70.5 5.105088062083414 7
0001 0012 1711247680632 117.125 -66.5 0.7301748550335652 7
0001 0005 1711247680632 48.8125 -59.5 1.5033011721279284 7
0001 0007 1711247680633 -19.5 -69.5 3.902447124381071 7
0001 0014 1711247680634 -231.0625 -71.0 2.8102528034064944 7
0001 0001 1711247680635 42.3125 -64.5 1.3499030933393643 7
0001 0004 1711247680635 -9.75 -70.0 0.521553467881118 7
0001 0000 1711247680636 16.25 -72.0 0.8222137023067037 7
0001 0008 1711247680637 309.1875 -74.0 2.4911847995262812 7
0001 0015 1711247680637 2.4375 -64.0 5.93343768754166 7
0001 0010 1711247680638 12.3125 -72.0 1.859184714917397 7
0001 0009 1711247680638 4.6875 -72.5 4.546719055293041 7
0001 0011 1711247680639 2.4375 -75.0 0.28225246497095796 7
0001 0009 1711247680641 -81.375 -68.5 1.761009944492716 7
0001 0005 1711247680641 156.1875 -68.0 1.227184630308513 7
0001 0012 1711247680642 16.25 -66.0 3.6201946594101133 7
0001 0000 1711247680643 -205.0625 -70.5 4.749204519293945 7
0001 0010 1711247680643 30.875 -63.5 3.074097498922825 7
0001 0015 1711247680644 0.0 -60.5 3.172272269347506 7
0001 0011 1711247680717 12.8125 -74.0 1.1228739367322893 7
0001 0008 1711247680717 -22.125 -77.5 6.12365130523948 7
0001 0001 1711247680718 0.25 -73.0 1.6014759425526093 7
0001 0008 1711247680916 -175.75 -74.5 2.141437179888355 7
0001 0012 1711247680916 -61.8125 -65.5 5.632777453116074 7
0001 0010 1711247680917 -27.625 -62.0 4.626486056263094 7
0001 0009 1711247680918 39.0 -65.0 3.160000423044421 7
0001 0000 1711247680918 65.0625 -69.5 0.9510680884890975 7
0001 0015 1711247680919 30.0625 -71.0 3.8717675086233583 7
0001 0011 1711247680920 -9.125 -72.0 4.657165672020807 7
0001 0001 1711247680920 4.875 -73.5 0.5951845456996288 7
0001 0005 1711247680921 3.125 -73.5 0.07363107781851078 7
0001 0015 1711247680922 -26.0 -59.5 4.374913207049849 7
0001 0009 1711247680922 -91.125 -68.0 3.2459033471660166 7
0001 0004 1711247680923 13.0 -68.0 1.6873788666742053 7
0001 0011 1711247680938 -78.0625 -63.5 5.123495831538041 7
0001 0013 1711247680938 110.625 -71.5 4.828971520263998 7
0001 0000 1711247680939 -68.3125 -72.0 5.6143696836614465 7
0001 0007 1711247680940 -1.1875 -73.5 1.3867186322486196 7
0001 0005 1711247680940 -1.8125 -71.5 1.1658253987930873 7
0001 0008 1711247680941 13.375 -79.0 1.2333205534600555 7
0001 0001 1711247680967 3.5 -71.5 5.792311455056181 7
0001 0005 1711247681163 16.25 -61.5 1.3928545554001621 7
0001 0009 1711247681170 16.25 -64.0 5.712544454086128 7
0001 0010 1711247681171 -27.625 -65.0 6.135923151542564 7
0001 0001 1711247681171 -104.125 -66.0 5.056000676871073 7
0001 0013 1711247681172 -13.0 -70.5 1.0185632431560658 7
0001 0003 1711247681173 -16.25 -69.5 4.822835597112456 7
0001 0007 1711247681173 130.1875 -70.5 3.6140587362585705 7
0001 0006 1711247681174 -78.0625 -69.0 3.4177091954092087 7
0001 0011 1711247681175 39.0 -69.0 4.945554060143307 7
0001 0004 1711247681175 13.0 -73.0 1.2578642460662257 7
0001 0015 1711247681176 29.25 -69.0 4.058913164745406 7
0001 0008 1711247681177 -1.9375 -76.5 0.1595340019401067 7
0001 0000 1711247681179 7.875 -76.0 5.915029918087033 7
0001 0003 1711247681179 1.5625 -73.0 3.6999616603801666 7
0001 0004 1711247681180 -68.3125 -67.0 5.301437602932776 7
0001 0003 1711247681180 -61.8125 -68.0 4.466952054322987 7
0001 0001 1711247681181 218.0625 -66.5 1.9573594853420782 7
0001 0000 1711247681181 -22.75 -69.5 2.12916533358527 7
0001 0013 1711247681182 9.75 -58.0 0.6688156235181395 7
0001 0010 1711247681182 -6.5 -66.0 4.528311285838413 7
0001 0009 1711247681183 149.6875 -71.5 4.0558452031696355 7
0001 0011 1711247681183 -32.5 -70.5 3.442252888015379 7
0001 0015 1711247681184 -42.3125 -68.5 4.454680208019902 7
0001 0007 1711247681185 -146.4375 -71.0 2.3746022596469727 7
0001 0005 1711247681227 4.25 -69.0 1.1290098598838318 7
0001 0012 1711247681227 -11.25 -79.5 2.12916533358527 7
0001 0008 1711247681228 15.375 -77.0 4.816699673960914 7
0001 0005 1711247681419 -39.0 -66.5 5.927301764390117 7
0001 0003 1711247681419 42.3125 -64.0 1.564660403643354 7
0001 0013 1711247681420 0.0 -56.5 2.5341362615870793 7
0001 0001 1711247681421 0.0 -67.5 0.11044661672776616 7
0001 0011 1711247681421 139.9375 -72.5 5.64504929941916 7
0001 0007 1711247681422 74.8125 -69.0 3.3440781175906977 7
0001 0009 1711247681422 39.0 -70.0 0.6442719309119693 7
0001 0010 1711247681423 97.625 -71.5 0.04908738521234052 7
0001 0000 1711247681423 -26.0 -68.0 6.191146459906448 7
0001 0004 1711247681424 16.25 -67.0 1.8775924843720249 7
0001 0014 1711247681424 12.1875 -67.5 5.660389107298016 7
0001 0006 1711247681425 -2.4375 -73.5 5.71868037723767 7
0001 0012 1711247681426 -6.0625 -79.0 4.3503695144436785 7
0001 0008 1711247681427 -1.125 -76.0 1.576932249946439 7
0001 0003 1711247681427 0.0 -64.5 6.000932842208628 7
0001 0007 1711247681428 3.25 -62.0 5.47937937432751 7
0001 0001 1711247681428 -22.75 -66.0 3.6876898140770815 7
0001 0000 1711247681429 35.75 -67.5 3.472932503773092 7
0001 0010 1711247681429 -58.5625 -68.5 3.06182565261974 7
0001 0013 1711247681430 -39.0 -60.0 5.092816215780329 7
0001 0014 1711247681431 -35.75 -65.0 5.387340527054372 7
0001 0011 1711247681431 48.8125 -68.0 2.8409324191642074 7
0001 0008 1711247681466 -1.1875 -75.0 2.380738182798515 7
0001 0012 1711247681570 2.125 -79.0 5.816855147662351 7
0001 0004 1711247681571 0.0 -73.5 3.9392626632903265 7
0001 0005 1711247681571 -2.125 -73.0 6.252505691421874 7
0001 0006 1711247681571 -2.4375 -72.0 2.9759227284981438 7
0001 0009 1711247681572 1.5625 -73.0 4.3933209765044765 7
0001 0005 1711247681573 16.25 -66.5 0.07363107781851078 7
0001 0011 1711247681573 -22.75 -68.0 4.902602598082509 7
0001 0013 1711247681574 29.25 -58.5 1.1290098598838318 7
0001 0006 1711247681574 78.0625 -71.5 2.442097414313941 7
0001 0007 1711247681575 -3.25 -64.0 1.2640001692177683 7
0001 0012 1711247681575 35.75 -71.5 1.1965050145508 7
0001 0000 1711247681576 -42.3125 -66.5 0.4540583132141498 7
0001 0004 1711247681577 0.0 -68.0 3.663146121470911 7
0001 0001 1711247681578 -26.0 -63.5 1.3499030933393643 7
0001 0009 1711247681578 68.3125 -68.5 1.4848934026733007 7
0001 0010 1711247681579 -73.1875 -65.0 2.5034566458293663 7
0001 0003 1711247681579 45.5625 -65.5 2.60776733940559 7
0001 0015 1711247681727 -21.125 -70.5 1.1320778214596032 7
0001 0008 1711247681727 5.9375 -78.5 1.214912784005428 7
0001 0014 1711247681728 1.5625 -69.5 5.497787143782138 7
0001 0003 1711247681728 3.375 -72.5 1.0799224746714913 7
0001 0002 1711247681729 7.125 -77.5 1.7426021750380885 7
0001 0011 1711247681729 -29.25 -66.5 4.2031073588066565 7
0001 0005 1711247681730 3.25 -60.0 1.1780972450961724 7
0001 0002 1711247681730 93.5625 -74.5 5.356660911296659 7
0001 0000 1711247681731 -26.0 -65.0 5.632777453116074 7
0001 0001 1711247681731 -6.5 -64.0 5.816855147662351 7
0001 0003 1711247681732 -26.0 -65.0 2.3193789512830896 7
0001 0010 1711247681733 -55.3125 -65.5 1.9757672547967058 7
0001 0007 1711247681733 -13.0 -67.5 2.5709518004963345 7
0001 0004 1711247681734 -26.0 -68.0 5.890486225480862 7
0001 0009 1711247681962 -3.0 -72.5 2.1537090261914402 7
0001 0008 1711247681962 -9.125 -75.5 2.012582793705961 7
0001 0012 1711247681963 0.625 -73.5 5.0682725231741586 7
0001 0015 1711247681963 5.6875 -66.0 0.48473792897186263 7
0001 0015 1711247681964 26.0 -63.0 1.4480778637640452 7
0001 0005 1711247681965 -32.5 -65.5 6.086835766330224 7
0001 0001 1711247681965 -48.8125 -65.0 3.792000507653305 7
0001 0009 1711247681966 -3.25 -64.0 4.651029748869264 7
0001 0008 1711247681966 -32.5 -69.0 4.583534594202296 7
0001 0000 1711247681967 84.625 -67.0 2.7857091108003242 7
0001 0004 1711247681967 -39.0 -68.0 1.368310862793992 7
0001 0011 1711247681968 45.5625 -67.5 2.000310947402876 7
0001 0012 1711247681968 17.0625 -76.0 0.8222137023067037 7
0001 0010 1711247681969 0.0 -75.5 0.22089323345553233 7
0001 0002 1711247681970 0.125 -78.0 0.5767767762450011 7
0001 0007 1711247681970 -1.5625 -71.5 5.810719224510809 7
0001 0011 1711247682106 -48.8125 -65.5 4.749204519293945 7
0001 0000 1711247682106 52.0625 -65.5 5.620505606812989 7
0001 0005 1711247682107 -9.75 -62.5 3.5772431973493153 7
0001 0001 1711247682107 58.5625 -60.5 1.8714565612204823 7
0001 0015 1711247682108 -13.0 -57.5 5.203262832508095 7
0001 0012 1711247682108 6.5 -68.5 4.847379289718626 7
0001 0009 1711247682109 22.75 -69.0 1.521708941582556 7
0001 0007 1711247682109 195.25 -70.5 2.270291566070749 7
0001 0010 1711247682110 2.5625 -72.0 0.1718058482431918 7
0001 0002 1711247682110 5.4375 -77.5 5.473243451175968 7
0001 0006 1711247682111 -25.0 -77.0 4.73693267299086 7
0001 0008 1711247682111 -15.25 -78.0 1.012427320004523 7
0001 0009 1711247682112 6.5 -62.5 4.301282129231338 7
0001 0011 1711247682112 -91.125 -67.0 0.22089323345553233 7
0001 0012 1711247682113 61.8125 -62.0 1.6444274046134073 7
0001 0006 1711247682113 -16.25 -73.0 1.3560390164909069 7
0001 0001 1711247682114 -55.3125 -60.0 4.878058905476339 7
0001 0015 1711247682115 -13.0 -52.5 5.246214294568893 7
0001 0005 1711247682115 -9.75 -70.5 3.6999616603801666 7
0001 0000 1711247682116 -6.5 -64.0 2.748893571891069 7
0001 0010 1711247682116 -41.5 -66.0 5.982525072754001 7
0001 0007 1711247682117 227.8125 -72.0 1.7732817907958012 7
0001 0014 1711247682219 9.75 -71.0 5.816855147662351 7
0001 0002 1711247682219 5.4375 -78.0 2.2457478734645786 7
