0001 0012 1711248033592 91.125 -61.5 1.7916895602504288 7
0001 0013 1711248033599 26.0 -64.0 3.5281558121369745 7
0001 0014 1711248033600 -13.0 -69.5 2.2764274892222915 7
0001 0015 1711248033600 91.125 -67.5 1.9573594853420782 7
0001 0011 1711248033601 -6.5 -62.0 0.8774370106705868 7
0001 0003 1711248033601 -22.75 -70.5 5.154175447295755 7
0001 0009 1711248033602 68.3125 -64.0 5.442563835418255 7
0001 0010 1711248033602 1.3125 -73.0 1.2455923997631406 7
0001 0013 1711248033603 -13.0 -64.0 3.6386024288647407 7
0001 0012 1711248033603 -29.25 -61.5 1.9696313316451632 7
0001 0003 1711248033604 -117.125 -71.0 5.589825991055276 7
0001 0014 1711248033604 97.625 -70.0 2.012582793705961 7
0001 0015 1711248033605 0.0 -68.0 2.2089323345553233 7
0001 0011 1711248033605 3.25 -62.5 0.8528933180644165 7
0001 0009 1711248033606 -19.5 -65.0 5.583690067903734 7
0001 0010 1711248033606 -5.75 -73.5 1.337631247036279 7
0001 0009 1711248033658 16.25 -64.0 5.608233760509904 7
0001 0003 1711248033659 123.6875 -70.5 5.178719139901925 7
0001 0012 1711248033660 -26.0 -61.0 2.012582793705961 7
0001 0011 1711248033661 -26.0 -62.5 0.9572040116406401 7
0001 0013 1711248033662 3.25 -64.0 3.5895150436524004 7
0001 0014 1711248033663 3.25 -70.5 2.227340104009951 7
0001 0015 1711248033665 68.3125 -67.0 2.0371264863121317 7
0001 0010 1711248033868 5.1875 -73.0 1.2333205534600555 7
0001 0011 1711248033869 -6.5 -61.5 0.8958447801252144 7
0001 0009 1711248033870 16.25 -64.5 5.626641529964532 7
0001 0003 1711248033872 -32.5 -71.0 5.252350217720435 7
0001 0015 1711248033873 87.875 -68.0 1.9389517158874505 7
0001 0014 1711248033874 65.0625 -69.5 2.0800779483729293 7
0001 0012 1711248033875 65.0625 -61.5 1.846912868614312 7
0001 0013 1711248033876 26.0 -65.0 3.6017868899554855 7
0001 0010 1711248033877 0.5625 -73.5 1.2885438618239387 7
0001 0011 1711248033878 35.75 -62.5 0.8651651643675016 7
0001 0009 1711248033879 -61.8125 -64.0 5.7616318392984684 7
0001 0012 1711248033880 9.75 -61.5 2.000310947402876 7
0001 0013 1711248033895 -29.25 -63.5 3.6324665057131984 7
0001 0003 1711248033896 78.0625 -70.0 5.1725832167503825 7
0001 0015 1711248033897 19.5 -67.0 2.043262409463674 7
0001 0014 1711248033898 74.8125 -70.0 2.0371264863121317 7
0001 0010 1711248033906 3.625 -73.0 4.528311285838413 7
0001 0003 1711248034122 -29.25 -71.0 5.246214294568893 7
0001 0013 1711248034122 13.0 -64.0 3.56497135104623 7
0001 0012 1711248034123 35.75 -61.5 1.8960002538266525 7
0001 0014 1711248034124 -139.9375 -70.5 2.3071071049800045 7
0001 0011 1711248034125 6.5 -62.5 0.9142525495798421 7
0001 0015 1711248034126 -104.125 -67.0 2.337786720737717 7
0001 0009 1711248034127 45.5625 -65.0 5.583690067903734 7
0001 0010 1711248034128 2.125 -73.5 4.473087977474529 7
0001 0011 1711248034128 -3.25 -62.5 0.8528933180644165 7
0001 0003 1711248034129 152.9375 -69.5 4.804427827657828 7
0001 0012 1711248034130 19.5 -62.0 1.9819031779482483 7
0001 0009 1711248034131 -74.8125 -64.5 5.755495916146925 7
0001 0014 1711248034133 -16.25 -70.5 2.1230294104337273 7
0001 0013 1711248034134 9.75 -64.5 3.5036121195308043 7
0001 0015 1711248034135 35.75 -67.5 2.0800779483729293 7
0001 0010 1711248034135 10.375 -73.5 1.3008157081270237 7
0001 0011 1711248034388 -39.0 -62.0 0.9510680884890975 7
0001 0012 1711248034389 6.5 -61.5 1.9757672547967058 7
0001 0013 1711248034390 -39.0 -64.0 3.650874275167826 7
0001 0003 1711248034390 -58.5625 -70.0 5.332117218690489 7
0001 0009 1711248034391 39.0 -64.5 5.620505606812989 7
0001 0014 1711248034392 -91.125 -70.5 2.2150682577068657 7
0001 0015 1711248034393 81.375 -68.5 2.012582793705961 7
0001 0010 1711248034394 9.125 -74.0 1.2455923997631406 7
0001 0009 1711248034395 -45.5625 -64.0 5.780039608753096 7
0001 0014 1711248034396 156.1875 -69.5 1.8162332528565992 7
0001 0003 1711248034396 -68.3125 -70.0 5.375068680751287 7
0001 0012 1711248034397 91.125 -62.0 1.8223691760081417 7
0001 0013 1711248034398 29.25 -64.0 3.5711072741977725 7
0001 0011 1711248034399 -22.75 -62.5 0.8774370106705868 7
0001 0015 1711248034400 48.8125 -67.5 2.067806102069844 7
0001 0010 1711248034400 9.4375 -74.0 4.3074180523828804 7
0001 0013 1711248034585 45.5625 -64.5 3.5711072741977725 7
0001 0014 1711248034585 -84.625 -70.5 2.2886993355253766 7
0001 0015 1711248034586 -6.5 -67.5 2.172116795646068 7
0001 0012 1711248034588 55.3125 -61.5 1.8960002538266525 7
0001 0003 1711248034589 -91.125 -69.5 5.270757987175063 7
0001 0009 1711248034589 -29.25 -64.0 5.7616318392984684 7
0001 0011 1711248034590 -42.3125 -62.5 0.9142525495798421 7
0001 0010 1711248034591 -7.875 -73.5 1.282407938672396 7
0001 0012 1711248034592 39.0 -61.5 1.9389517158874505 7
0001 0015 1711248034593 58.5625 -67.5 1.9819031779482483 7
0001 0011 1711248034594 0.0 -62.5 0.8222137023067037 7
0001 0013 1711248034595 39.0 -63.5 3.552699504743145 7
0001 0003 1711248034596 -74.8125 -69.0 5.393476450205914 7
0001 0009 1711248034596 -6.5 -63.5 5.7616318392984684 7
0001 0014 1711248034597 205.0625 -70.0 1.718058482431918 7
0001 0010 1711248034598 15.8125 -74.0 1.2640001692177683 7
0001 0011 1711248034810 16.25 -62.0 0.7853981633974483 7
0001 0009 1711248034811 -9.75 -63.5 5.786175531904639 7
0001 0003 1711248034812 19.5 -69.5 5.123495831538041 7
0001 0014 1711248034812 6.5 -69.5 2.0493983326152168 7
0001 0015 1711248034813 68.3125 -67.5 2.073942025221387 7
0001 0012 1711248034814 55.3125 -62.0 1.8960002538266525 7
0001 0013 1711248034815 -16.25 -64.5 3.6017868899554855 7
0001 0010 1711248034815 -14.9375 -73.0 1.3621749396424494 7
0001 0015 1711248034816 -19.5 -68.0 2.116893487282185 7
0001 0009 1711248034817 9.75 -63.0 5.767767762450011 7
0001 0003 1711248034818 68.3125 -69.5 5.105088062083414 7
0001 0011 1711248034819 -35.75 -62.0 0.9203884727313847 7
0001 0013 1711248034819 6.5 -64.0 3.6140587362585705 7
0001 0012 1711248034820 58.5625 -61.5 1.8960002538266525 7
0001 0014 1711248034821 -110.625 -71.0 2.429825568010856 7
0001 0010 1711248034822 0.5625 -73.5 1.2701360923693108 7
0001 0003 1711248034907 -94.375 -70.5 5.338253141842031 7
0001 0011 1711248034907 -13.0 -62.5 0.859029241215959 7
0001 0015 1711248034908 -71.5625 -68.0 2.1598449493429825 7
0001 0009 1711248034909 -26.0 -63.5 5.945709533844745 7
0001 0013 1711248034909 -35.75 -63.5 3.6447383520162835 7
0001 0012 1711248034910 39.0 -61.5 1.932815792735908 7
0001 0014 1711248034911 32.5 -70.5 2.067806102069844 7
0001 0010 1711248035148 -15.5625 -73.0 1.4173982480063325 7
0001 0009 1711248035149 6.5 -64.0 5.8045833013592665 7
0001 0003 1711248035150 -29.25 -70.0 5.184855063053467 7
0001 0015 1711248035151 16.25 -68.0 2.1537090261914402 7
0001 0012 1711248035151 55.3125 -62.0 2.141437179888355 7
0001 0011 1711248035152 -9.75 -62.0 0.7792622402459057 7
0001 0013 1711248035153 -13.0 -63.5 3.7551849687440497 7
0001 0014 1711248035154 59.375 -71.5 5.264622064023521 7
0001 0010 1711248035155 -12.1875 -73.5 4.509903516383785 7
0001 0013 1711248035156 6.5 -64.0 3.8717675086233583 7
0001 0011 1711248035157 -22.75 -62.0 0.8774370106705868 7
0001 0012 1711248035157 3.25 -61.5 2.270291566070749 7
0001 0009 1711248035159 61.8125 -65.5 5.798447378207723 7
0001 0015 1711248035160 55.3125 -68.0 2.000310947402876 7
0001 0014 1711248035161 1.625 -71.5 5.1725832167503825 7
0001 0003 1711248035161 -12.1875 -74.0 1.9880391010997909 7
0001 0010 1711248035382 3.375 -74.0 4.534447208989955 7
0001 0009 1711248035382 74.8125 -66.0 5.872078456026235 7
0001 0011 1711248035383 -19.5 -61.5 0.9694758579437253 7
0001 0012 1711248035384 3.25 -64.0 2.5341362615870793 7
0001 0014 1711248035384 188.75 -70.0 1.945087639038993 7
0001 0013 1711248035385 0.0 -64.0 4.724660826687775 7
0001 0010 1711248035386 -3.625 -71.5 5.049864753719531 7
0001 0015 1711248035387 12.1875 -72.5 2.399145952253143 7
0001 0004 1711248035387 2.125 -74.0 0.8835729338221293 7
0001 0005 1711248035388 -55.3125 -69.5 2.1598449493429825 7
0001 0011 1711248035389 9.75 -64.0 0.8835729338221293 7
0001 0012 1711248035389 -16.25 -65.5 2.1782527187976104 7
0001 0009 1711248035390 16.25 -66.0 0.5829126993965437 7
0001 0014 1711248035391 16.25 -69.0 1.8653206380689396 7
0001 0004 1711248035391 120.4375 -71.5 4.086524818927348 7
0001 0015 1711248035392 26.8125 -67.5 4.936350175415993 7
0001 0011 1711248035658 -107.375 -67.0 0.4172427743048944 7
0001 0014 1711248035658 -55.3125 -68.0 2.116893487282185 7
0001 0005 1711248035659 -52.0625 -63.5 1.3314953238847365 7
0001 0015 1711248035659 -32.5 -67.0 2.116893487282185 7
0001 0012 1711248035660 84.625 -61.0 2.736621725587984 7
0001 0009 1711248035661 22.75 -64.5 1.7732817907958012 7
0001 0000 1711248035662 0.8125 -75.5 0.09817477042468103 7
0001 0006 1711248035662 8.75 -76.5 6.12365130523948 7
0001 0012 1711248035663 58.5625 -60.0 3.77972866135022 7
0001 0005 1711248035663 -35.75 -65.0 1.1535535524900022 7
0001 0014 1711248035664 -16.25 -69.0 2.5157284921324514 7
0001 0009 1711248035665 -42.3125 -63.5 2.988194574801229 7
0001 0006 1711248035665 117.125 -70.5 3.890175278077986 7
0001 0000 1711248035665 -32.5 -72.5 0.521553467881118 7
0001 0012 1711248035917 22.75 -61.5 4.491495746929157 7
0001 0000 1711248035917 -130.1875 -69.5 1.5462526341887264 7
0001 0009 1711248035918 22.75 -60.0 4.4976316700806995 7
0001 0006 1711248035919 42.3125 -70.5 5.031456984264903 7
0001 0005 1711248035919 39.0 -67.5 1.6751070203711202 7
0001 0014 1711248035920 -58.5625 -68.5 2.5893595699509624 7
0001 0015 1711248035921 -71.5625 -61.5 0.32520392703175593 7
0001 0011 1711248035921 29.25 -67.0 6.160466844148735 7
0001 0009 1711248035922 -19.5 -59.5 5.976389149602458 7
0001 0014 1711248035924 -58.5625 -67.5 2.2886993355253766 7
0001 0010 1711248035925 83.0 -69.5 1.000155473701438 7
0001 0012 1711248035925 9.75 -65.5 5.393476450205914 7
0001 0000 1711248035926 -110.625 -73.0 2.466641106920111 7
0001 0003 1711248035927 15.25 -75.0 1.1228739367322893 7
0001 0002 1711248036157 -1.4375 -77.5 4.06811704947272 7
0001 0010 1711248036157 52.0625 -69.5 1.368310862793992 7
0001 0014 1711248036158 -84.625 -67.0 2.6139032625571326 7
0001 0009 1711248036158 -48.8125 -69.0 2.4911847995262812 7
0001 0015 1711248036159 61.8125 -66.0 4.031301510563465 7
0001 0011 1711248036160 0.0 -60.5 2.650718801466388 7
0001 0000 1711248036160 13.375 -76.0 2.356194490192345 7
0001 0012 1711248036161 -4.5625 -73.5 5.835262917116979 7
0001 0011 1711248036162 9.75 -64.5 0.2638446955163303 7
0001 0000 1711248036162 -87.875 -69.5 4.485359823777615 7
0001 0001 1711248036163 -22.75 -69.5 5.688000761479957 7
0001 0007 1711248036164 19.5 -74.0 5.117359908386499 7
0001 0009 1711248036164 -8.5 -69.5 1.8653206380689396 7
0001 0003 1711248036165 -5.4375 -73.0 1.521708941582556 7
0001 0012 1711248036326 3.25 -77.5 0.7669903939428205 7
0001 0006 1711248036326 -0.25 -71.5 3.6017868899554855 7
0001 0005 1711248036327 1.125 -67.0 5.013049214810275 7
0001 0004 1711248036327 -4.375 -71.5 4.896466674930966 7
0001 0010 1711248036328 2.875 -71.5 5.356660911296659 7
0001 0001 1711248036329 81.375 -68.5 2.5280003384355365 7
0001 0011 1711248036329 -26.0 -66.0 3.933126740138784 7
0001 0005 1711248036330 58.5625 -62.5 2.325514874434632 7
0001 0006 1711248036331 -130.1875 -71.5 3.356349963893783 7
0001 0000 1711248036331 -3.25 -71.0 0.32520392703175593 7
0001 0004 1711248036332 42.3125 -67.5 1.8530487917658545 7
0001 0010 1711248036332 27.625 -69.0 2.6323110320117604 7
0001 0008 1711248036333 -24.375 -73.0 5.252350217720435 7
0001 0007 1711248036334 52.0625 -71.5 1.9144080232812801 7
0001 0011 1711248036334 -126.9375 -66.5 5.915029918087033 7
0001 0007 1711248036335 58.5625 -68.5 2.5034566458293663 7
0001 0004 1711248036335 -48.8125 -65.5 2.454369260617026 7
0001 0015 1711248036336 0.0 -66.5 6.105243535784852 7
0001 0005 1711248036337 -81.375 -67.0 4.221515128261284 7
0001 0013 1711248036337 29.25 -63.5 0.15339807878856412 7
0001 0010 1711248036338 173.3125 -68.5 2.834796496012665 7
0001 0001 1711248036339 156.1875 -68.0 5.00077736850719 7
0001 0006 1711248036406 -6.0625 -76.5 6.270913460876501 7
0001 0008 1711248036406 6.0625 -77.0 1.0799224746714913 7
0001 0014 1711248036407 5.4375 -71.5 6.050020227420969 7
0001 0000 1711248036584 0.625 -75.0 1.9512235621905356 7
0001 0014 1711248036585 9.75 -69.0 1.7119225592803755 7
0001 0013 1711248036586 39.0 -64.5 2.116893487282185 7
0001 0004 1711248036586 22.75 -62.0 4.178563666200486 7
0001 0011 1711248036587 39.0 -67.0 1.662835174068035 7
0001 0001 1711248036588 -198.5625 -69.5 2.1659808724945253 7
0001 0000 1711248036588 133.4375 -72.0 2.429825568010856 7
0001 0007 1711248036589 -110.625 -68.0 5.00077736850719 7
0001 0003 1711248036589 126.9375 -70.5 4.914874444385594 7
0001 0008 1711248036590 7.625 -78.0 5.8045833013592665 7
0001 0005 1711248036591 1.4375 -75.0 5.632777453116074 7
0001 0010 1711248036591 3.6875 -73.5 1.4542137869155878 7
0001 0008 1711248036594 97.625 -73.5 1.1290098598838318 7
0001 0010 1711248036595 -170.0625 -69.0 5.148039524144211 7
0001 0004 1711248036595 100.875 -66.0 5.8045833013592665 7
0001 0005 1711248036596 -35.75 -70.0 5.988660995905543 7
0001 0007 1711248036597 16.25 -72.5 0.30066023442558565 7
0001 0001 1711248036597 19.5 -69.5 5.307573526084319 7
0001 0013 1711248036598 22.75 -69.0 3.2704470397721868 7
0001 0011 1711248036599 81.375 -66.5 4.442408361716817 7
0001 0000 1711248036599 -9.75 -73.0 4.595806440505381 7
0001 0006 1711248036815 -48.8125 -70.5 2.000310947402876 7
0001 0010 1711248036816 -7.3125 -64.0 0.7915340865489908 7
0001 0001 1711248036816 -146.4375 -70.0 2.2334760271614935 7
0001 0005 1711248036817 -29.25 -65.5 0.9878836273983529 7
0001 0008 1711248036818 348.25 -73.5 3.454524734318464 7
0001 0004 1711248036818 18.6875 -69.0 1.3406992086120504 7
0001 0011 1711248036819 8.8125 -73.0 5.160311370447297 7
0001 0002 1711248036820 3.3125 -80.0 5.129631754689584 7
0001 0005 1711248036820 32.5 -62.5 2.9084275738311756 7
0001 0000 1711248036821 -91.125 -73.0 5.522330836388308 7
0001 0007 1711248036822 -149.6875 -72.0 3.9453985864418692 7
0001 0004 1711248036822 -45.5625 -63.0 5.798447378207723 7
0001 0014 1711248036823 22.75 -69.0 5.534602682691394 7
0001 0003 1711248036824 45.5625 -71.0 2.1230294104337273 7
0001 0011 1711248036824 81.375 -69.5 4.442408361716817 7
0001 0001 1711248036825 -133.4375 -65.5 6.1850105367549055 7
0001 0008 1711248036906 5.75 -77.0 5.411884219660542 7
0001 0010 1711248036906 6.8125 -72.0 4.460816131171445 7
0001 0010 1711248037061 -38.1875 -61.5 2.693670263527186 7
0001 0009 1711248037062 -55.3125 -65.0 1.902136176978195 7
0001 0005 1711248037062 19.5 -60.5 4.6448938257177215 7
0001 0000 1711248037063 159.5 -71.5 3.4177091954092087 7
0001 0007 1711248037064 -32.5 -68.0 0.1595340019401067 7
0001 0008 1711248037064 -260.375 -73.0 5.485515297479052 7
0001 0004 1711248037065 23.5625 -71.0 3.752117007168278 7
0001 0015 1711248037066 11.25 -72.0 5.957981380147831 7
0001 0003 1711248037066 -1.5625 -74.0 5.638913376267617 7
0001 0001 1711248037067 1.5625 -74.5 1.282407938672396 7
0001 0012 1711248037067 48.8125 -68.0 0.23930100291016002 7
0001 0005 1711248037068 -9.75 -61.5 4.583534594202296 7
0001 0009 1711248037070 -6.5 -64.0 4.080388895775806 7
0001 0010 1711248037070 24.375 -63.0 5.258486140871978 7
0001 0015 1711248037071 9.75 -61.5 3.2213596545598464 7
0001 0001 1711248037071 22.75 -71.0 1.662835174068035 7
0001 0008 1711248037072 -13.8125 -72.5 2.141437179888355 7
0001 0000 1711248037155 -1.5 -76.5 5.049864753719531 7
0001 0006 1711248037315 4.375 -70.0 4.331961744989051 7
0001 0005 1711248037315 -185.5 -68.5 5.258486140871978 7
0001 0010 1711248037316 90.3125 -66.0 1.2517283229146832 7
0001 0011 1711248037316 32.5 -68.5 4.074252972624263 7
0001 0012 1711248037317 29.25 -66.0 2.073942025221387 7
0001 0015 1711248037317 -39.0 -65.0 5.540738605842936 7
0001 0001 1711248037318 -71.5625 -71.5 6.068427996875596 7
0001 0000 1711248037318 81.375 -72.0 4.442408361716817 7
0001 0006 1711248037319 -39.0 -64.0 5.178719139901925 7
0001 0009 1711248037319 37.375 -71.0 4.865787059173254 7
0001 0014 1711248037320 -1.4375 -73.0 0.2270291566070749 7
0001 0011 1711248037320 9.75 -68.5 0.7915340865489908 7
0001 0005 1711248037322 104.125 -66.5 2.3439226438892597 7
0001 0001 1711248037322 -117.125 -67.5 3.834951969714103 7
0001 0000 1711248037323 -6.5 -68.0 1.4051264017032472 7
0001 0014 1711248037323 78.0625 -70.5 3.0802334220743677 7
0001 0006 1711248037324 26.0 -64.5 0.9817477042468103 7
0001 0009 1711248037325 -9.75 -60.0 4.276738436625168 7
0001 0015 1711248037326 3.25 -63.5 3.663146121470911 7
0001 0010 1711248037326 0.0 -66.5 4.859651136021712 7
0001 0007 1711248037406 9.75 -74.0 0.8344855486097889 7
0001 0012 1711248037573 7.75 -72.0 5.154175447295755 7
0001 0001 1711248037574 81.375 -65.5 0.35588354278946877 7
0001 0010 1711248037574 100.875 -68.0 1.0676506283684062 7
0001 0015 1711248037575 13.0 -57.5 1.1658253987930873 7
0001 0009 1711248037575 65.0625 -67.0 1.8039614065535141 7
0001 0011 1711248037576 -136.6875 -69.5 5.994796919057086 7
0001 0012 1711248037576 19.5 -70.5 2.405281875404685 7
0001 0014 1711248037577 -139.9375 -68.5 3.32567034813607 7
0001 0005 1711248037577 71.5625 -68.5 2.055534255766759 7
0001 0013 1711248037578 -77.3125 -76.0 5.200194870932323 7
0001 0000 1711248037578 4.25 -73.5 4.28287435977671 7
0001 0008 1711248037579 0.0 -80.5 5.006913291658733 7
0001 0006 1711248037580 -5.3125 -78.5 0.380427235395639 7
0001 0004 1711248037581 32.5 -65.5 5.730952223540755 7
0001 0009 1711248037581 6.5 -59.5 6.264777537724958 7
0001 0015 1711248037582 -13.0 -61.0 5.884350302329319 7
0001 0005 1711248037582 -6.5 -60.0 1.9819031779482483 7
0001 0010 1711248037583 -62.625 -68.0 5.921165841238575 7
0001 0011 1711248037583 -61.8125 -71.0 4.2092432819582 7
0001 0001 1711248037584 -74.8125 -64.5 5.246214294568893 7
0001 0000 1711248037585 -13.0 -71.5 4.779884135051658 7
0001 0003 1711248037585 146.4375 -70.5 5.608233760509904 7
0001 0013 1711248037586 -61.8125 -73.5 0.9203884727313847 7
0001 0002 1711248037655 2.6875 -75.0 5.0253210611133605 7
0001 0014 1711248037655 1.8125 -72.0 4.166291819897402 7
0001 0015 1711248037817 48.8125 -61.5 0.4111068511533518 7
0001 0009 1711248037817 -6.5 -60.5 4.565126824747668 7
0001 0007 1711248037818 39.0 -62.0 3.9699422790480394 7
0001 0000 1711248037818 -29.25 -68.0 3.6754179677739964 7
0001 0013 1711248037819 3.25 -63.5 4.921010367537137 7
0001 0005 1711248037819 -3.25 -65.0 5.71868037723767 7
0001 0010 1711248037820 10.5625 -61.5 3.11091303783208 7
0001 0001 1711248037820 19.5 -64.5 3.466796580621549 7
0001 0011 1711248037821 52.0625 -63.0 2.804116880254952 7
0001 0004 1711248037821 55.3125 -69.0 1.1474176293384597 7
0001 0003 1711248037822 10.5625 -72.0 2.3071071049800045 7
0001 0014 1711248037822 7.3125 -69.0 0.2945243112740431 7
0001 0014 1711248037824 91.125 -62.5 2.724349879284899 7
0001 0007 1711248037824 65.0625 -65.0 0.5951845456996288 7
0001 0013 1711248037825 -6.5 -57.5 2.3316507975861747 7
0001 0003 1711248037825 35.75 -67.5 1.7978254834019713 7
0001 0000 1711248037826 19.5 -65.0 0.2086213871524472 7
0001 0009 1711248037826 19.5 -64.0 1.552388557340269 7
0001 0011 1711248037827 55.3125 -67.5 5.675728915176872 7
0001 0005 1711248037827 35.75 -62.0 0.619728238305799 7
0001 0010 1711248037828 97.625 -69.0 1.3008157081270237 7
0001 0004 1711248037828 195.25 -69.5 2.564815877344792 7
0001 0001 1711248037829 32.5 -64.5 1.3008157081270237 7
0001 0015 1711248037829 55.3125 -63.0 1.214912784005428 7
0001 0008 1711248037905 -32.5 -75.0 5.47937937432751 7
0001 0006 1711248037906 36.5625 -78.0 5.45483568172134 7
0001 0003 1711248038071 1.4375 -72.5 0.5767767762450011 7
0001 0013 1711248038072 -16.25 -57.5 4.773748211900116 7
0001 0007 1711248038072 9.75 -64.0 6.068427996875596 7
0001 0001 1711248038073 -22.75 -65.0 4.626486056263094 7
0001 0000 1711248038073 -68.3125 -66.0 4.184699589352029 7
0001 0004 1711248038074 -6.5 -65.5 5.387340527054372 7
0001 0003 1711248038075 26.0 -69.5 1.0799224746714913 7
0001 0005 1711248038076 -94.375 -67.5 2.6691265709210157 7
0001 0010 1711248038076 41.5 -68.0 5.197126909356553 7
0001 0008 1711248038078 -110.625 -74.0 5.589825991055276 7
0001 0011 1711248038078 21.125 -73.5 0.3712233506683252 7
0001 0014 1711248038079 4.875 -68.0 2.3439226438892597 7
0001 0003 1711248038082 -32.5 -67.0 3.2827188860752723 7
0001 0008 1711248038083 87.875 -72.0 1.932815792735908 7
0001 0011 1711248038083 -6.5 -68.0 5.675728915176872 7
0001 0007 1711248038084 45.5625 -64.0 1.6935147898257479 7
0001 0013 1711248038085 3.25 -60.5 0.14112623248547898 7
0001 0010 1711248038086 81.375 -67.5 0.9878836273983529 7
0001 0014 1711248038086 -48.8125 -62.5 5.8475347634200645 7
0001 0001 1711248038087 123.6875 -65.5 1.8653206380689396 7
0001 0000 1711248038088 71.5625 -64.5 0.803805932852076 7
0001 0005 1711248038089 58.5625 -67.0 0.7853981633974483 7
0001 0004 1711248038089 32.5 -67.0 3.2397674240144743 7
0001 0012 1711248038350 -3.6875 -77.5 2.227340104009951 7
0001 0007 1711248038350 3.25 -64.0 3.9822141253511245 7
0001 0010 1711248038351 -107.375 -70.0 5.608233760509904 7
0001 0000 1711248038351 -65.0625 -66.0 4.239922897715912 7
0001 0001 1711248038351 -6.5 -65.0 5.792311455056181 7
0001 0005 1711248038352 -48.8125 -60.0 2.5709518004963345 7
0001 0013 1711248038352 0.0 -59.0 2.356194490192345 7
0001 0014 1711248038353 45.5625 -69.0 4.859651136021712 7
0001 0011 1711248038353 -52.0625 -67.0 2.3193789512830896 7
0001 0003 1711248038354 -8.125 -72.0 0.01227184630308513 7
0001 0008 1711248038354 28.0625 -76.5 4.190835512503572 7
0001 0004 1711248038361 2.4375 -63.0 1.4051264017032472 7
0001 0002 1711248038362 6.9375 -77.0 1.1474176293384597 7
0001 0002 1711248038362 38.1875 -74.5 1.7855536370988863 7
0001 0003 1711248038363 61.8125 -67.0 0.6381360077604268 7
0001 0000 1711248038364 107.375 -66.5 2.5034566458293663 7
0001 0011 1711248038364 -16.25 -62.5 0.803805932852076 7
0001 0004 1711248038365 9.75 -65.5 2.227340104009951 7
0001 0001 1711248038365 6.5 -60.0 4.331961744989051 7
0001 0005 1711248038366 3.25 -57.5 5.822991070813893 7
0001 0007 1711248038366 55.3125 -69.0 3.9699422790480394 7
0001 0010 1711248038367 214.8125 -70.0 0.23930100291016002 7
0001 0008 1711248038367 -136.6875 -73.5 4.356505437595221 7
0001 0009 1711248038406 4.5625 -72.5 1.5830681730979816 7
