0001 0011 1711609746552 35.75 -65.5 2.834796496012665 9
0001 0005 1711609746552 22.75 -70.0 2.8654761117703775 9
0001 0007 1711609746553 61.8125 -66.5 4.884194828627882 9
0001 0015 1711609746553 -39.0 -65.5 0.1043106935762236 9
0001 0012 1711609746554 -6.5 -61.0 4.442408361716817 9
0001 0015 1711609746554 -3.25 -65.5 0.09817477042468103 9
0001 0011 1711609746554 -6.5 -65.5 2.859340188618835 9
0001 0013 1711609746555 26.0 -70.0 2.018718716857504 9
0001 0005 1711609746555 -61.8125 -70.5 2.9820586516496865 9
0001 0012 1711609746555 -3.25 -61.0 4.399456899656019 9
0001 0007 1711609746557 9.75 -66.0 4.988505522204105 9
0001 0011 1711609746557 22.75 -65.0 2.9206994201342606 9
0001 0013 1711609746557 -48.8125 -71.0 2.2027964114037806 9
0001 0012 1711609746558 -3.25 -60.5 4.430136515413731 9
0001 0007 1711609746558 -71.5625 -65.5 5.043728830567988 9
0001 0015 1711609746558 -42.3125 -66.0 0.2086213871524472 9
0001 0005 1711609746559 -48.8125 -69.5 2.84706834231575 9
0001 0013 1711609746831 -39.0 -70.5 2.098485717827557 9
0001 0011 1711609746831 32.5 -65.0 2.779573187648782 9
0001 0012 1711609746832 -9.75 -60.5 4.503767593232243 9
0001 0007 1711609746832 81.375 -66.0 4.8351074434155406 9
0001 0005 1711609746832 26.0 -71.0 2.8777479580734626 9
0001 0015 1711609746833 -45.5625 -65.0 0.22089323345553233 9
0001 0011 1711609746833 9.75 -66.0 2.6384469551633027 9
0001 0015 1711609746833 -97.625 -66.0 0.30066023442558565 9
0001 0013 1711609746834 65.0625 -70.0 1.9634954084936207 9
0001 0005 1711609746834 78.0625 -70.0 2.742757648739526 9
0001 0007 1711609746834 -22.75 -66.5 4.970097752749477 9
0001 0012 1711609746835 -6.5 -60.5 4.485359823777615 9
0001 0005 1711609747079 156.1875 -70.0 2.448233337465483 9
0001 0007 1711609747080 -3.25 -67.0 5.019185137961818 9
0001 0011 1711609747080 -22.75 -66.0 2.5464081078901644 9
0001 0012 1711609747080 26.0 -61.0 4.773748211900116 9
0001 0013 1711609747081 71.5625 -69.5 1.8837284075235674 9
0001 0015 1711609747081 22.75 -65.5 0.07976700097005335 9
0001 0011 1711609747081 16.25 -64.0 2.270291566070749 9
0001 0007 1711609747081 -9.75 -66.5 4.706253057233147 9
0001 0015 1711609747082 22.75 -67.5 0.8774370106705868 9
0001 0012 1711609747082 6.5 -61.5 4.871922982324796 9
0001 0005 1711609747082 0.0 -71.5 2.5770877236478773 9
0001 0013 1711609747083 26.0 -71.0 3.663146121470911 9
0001 0012 1711609747083 22.75 -63.5 4.473087977474529 9
0001 0011 1711609747084 0.0 -60.0 1.8775924843720249 9
0001 0005 1711609747084 65.0625 -71.5 2.791845033951867 9
0001 0007 1711609747084 65.0625 -68.0 3.9576704327449543 9
0001 0015 1711609747331 4.875 -70.5 6.2463697682703305 9
0001 0011 1711609747331 -81.375 -67.5 1.4419419406125027 9
0001 0005 1711609747331 26.0 -67.5 3.2643111166206444 9
0001 0012 1711609747331 -48.8125 -69.0 4.129476280988146 9
0001 0007 1711609747332 -48.8125 -67.5 3.6017868899554855 9
0001 0009 1711609747332 13.375 -71.5 5.602097837358362 9
0001 0005 1711609747332 42.3125 -67.5 3.031146036862027 9
0001 0012 1711609747333 19.5 -67.5 4.865787059173254 9
0001 0007 1711609747333 16.25 -68.5 3.2949907323783574 9
0001 0009 1711609747334 -6.5 -67.5 3.730641276137879 9
0001 0009 1711609747580 32.5 -69.0 4.313553975534423 9
0001 0007 1711609747581 9.75 -66.0 3.172272269347506 9
0001 0012 1711609747581 6.5 -68.5 0.5522330836388308 9
0001 0005 1711609747581 39.0 -67.5 3.055689729468197 9
0001 0015 1711609747582 -3.625 -75.5 1.8100973297050567 9
0001 0012 1711609747582 -9.75 -66.5 1.5401167110371838 9
0001 0005 1711609747582 -9.75 -70.0 3.380893656499953 9
0001 0007 1711609747582 -126.9375 -66.0 3.411573272257666 9
0001 0009 1711609747583 2.4375 -71.0 5.810719224510809 9
0001 0011 1711609747841 -5.0 -77.0 5.3198453723874035 9
0001 0010 1711609747841 2.875 -73.5 0.8835729338221293 9
0001 0015 1711609747841 -1.75 -70.0 1.7855536370988863 9
0001 0015 1711609747842 -48.8125 -66.0 4.73693267299086 9
0001 0012 1711609747842 -58.5625 -63.5 2.3623304133438876 9
0001 0011 1711609747842 -104.125 -69.5 0.1227184630308513 9
0001 0011 1711609747843 -13.0 -60.0 1.9819031779482483 9
0001 0012 1711609747843 113.875 -67.0 2.6323110320117604 9
0001 0004 1711609747843 0.25 -75.5 1.0615147052168636 9
0001 0011 1711609748081 22.75 -60.5 5.6941366846315 9
0001 0007 1711609748081 -16.25 -71.0 5.135767677841127 9
0001 0002 1711609748081 -3.9375 -77.5 6.191146459906448 9
0001 0005 1711609748082 -91.125 -70.0 0.12885438618239387 9
0001 0011 1711609748082 -52.0625 -67.5 2.2886993355253766 9
0001 0004 1711609748082 55.3125 -67.5 6.0991076126333095 9
0001 0013 1711609748083 2.5625 -74.5 4.675573441475434 9
0001 0015 1711609748083 2.25 -72.0 5.485515297479052 9
0001 0014 1711609748083 -1.75 -63.5 3.80427235395639 9
0001 0014 1711609748321 9.75 -61.0 0.47860200582032003 9
0001 0013 1711609748322 22.75 -64.0 5.9518454569962875 9
0001 0010 1711609748322 6.5 -62.5 4.81056375080937 9
0001 0004 1711609748322 -91.125 -65.0 5.921165841238575 9
0001 0011 1711609748322 -110.625 -68.5 5.829126993965437 9
0001 0015 1711609748323 -3.25 -67.5 2.6875343403756435 9
0001 0005 1711609748323 -42.3125 -72.0 5.8475347634200645 9
0001 0008 1711609748323 10.0625 -78.0 4.147884050442774 9
0001 0011 1711609748324 16.25 -65.0 1.607611865704152 9
0001 0010 1711609748324 16.25 -64.5 6.22182607566416 9
0001 0015 1711609748324 74.8125 -69.5 3.3502140407422405 9
0001 0013 1711609748325 -19.5 -58.0 2.325514874434632 9
0001 0002 1711609748326 7.3125 -67.5 5.786175531904639 9
0001 0004 1711609748326 -10.5625 -73.5 6.2555736529976445 9
0001 0008 1711609748327 2.5625 -75.5 5.3627968344482015 9
0001 0015 1711609748327 -120.4375 -68.0 3.509748042682347 9
0001 0010 1711609748328 -9.75 -62.5 2.2886993355253766 9
0001 0013 1711609748328 39.0 -59.5 5.148039524144211 9
0001 0011 1711609748328 -9.75 -64.5 3.6079228131070282 9
0001 0002 1711609748328 -183.875 -70.0 0.34974761963792617 9
0001 0009 1711609748556 8.1875 -72.5 2.8286605728611223 9
0001 0004 1711609748556 5.75 -74.5 4.23378697456437 9
0001 0008 1711609748557 0.4375 -71.5 3.5036121195308043 9
0001 0013 1711609748557 -19.5 -60.0 0.0859029241215959 9
0001 0009 1711609748557 104.125 -65.5 2.067806102069844 9
0001 0014 1711609748558 16.25 -59.5 5.970253226450915 9
0001 0008 1711609748558 -121.25 -68.5 0.9633399347921826 9
0001 0010 1711609748558 26.0 -64.5 4.178563666200486 9
0001 0015 1711609748559 42.3125 -67.5 3.724505352986337 9
0001 0004 1711609748559 26.0 -68.5 1.2455923997631406 9
0001 0007 1711609748559 20.3125 -72.0 5.71868037723767 9
0001 0005 1711609748560 -7.875 -73.5 5.0253210611133605 9
0001 0009 1711609748560 -26.0 -65.0 4.890330751779424 9
0001 0015 1711609748560 -6.5 -68.0 3.6079228131070282 9
0001 0007 1711609748560 32.5 -69.0 2.466641106920111 9
0001 0008 1711609748561 -65.875 -71.5 2.890019804376548 9
0001 0010 1711609748561 6.5 -62.0 0.5706408530934585 9
0001 0013 1711609748561 29.25 -61.0 0.9019807032767571 9
0001 0014 1711609748562 -78.0625 -65.0 5.957981380147831 9
0001 0005 1711609748562 100.875 -69.5 1.748738098189631 9
0001 0004 1711609748831 3.625 -74.0 0.6810874698212247 9
0001 0009 1711609748832 29.25 -68.5 0.6749515466696822 9
0001 0011 1711609748832 58.5625 -71.5 5.45483568172134 9
0001 0014 1711609748832 39.0 -66.0 1.5953400194010667 9
0001 0015 1711609748833 -42.3125 -71.5 3.56497135104623 9
0001 0010 1711609748833 -9.75 -59.5 3.1968159619536762 9
0001 0013 1711609748833 -29.25 -61.0 2.6139032625571326 9
0001 0004 1711609748834 -65.0625 -64.5 5.749359992995383 9
0001 0002 1711609748834 2.6875 -77.0 4.104932588381976 9
0001 0013 1711609748834 -9.75 -60.5 3.5036121195308043 9
0001 0015 1711609748834 -22.75 -71.5 3.77972866135022 9
0001 0010 1711609748835 -58.5625 -63.0 0.8160777791551611 9
0001 0002 1711609748835 133.4375 -72.0 4.6878452877785195 9
0001 0004 1711609749080 2.125 -74.5 4.552854978444583 9
0001 0011 1711609749081 -1.125 -72.5 1.1596894756415448 9
0001 0015 1711609749081 -35.75 -69.5 1.5033011721279284 9
0001 0011 1711609749082 16.25 -68.5 1.2455923997631406 9
0001 0004 1711609749082 61.8125 -73.0 1.380582709097077 9
0001 0010 1711609749083 -3.25 -59.5 4.417864669110647 9
0001 0013 1711609749083 -16.25 -73.5 1.8530487917658545 9
0001 0001 1711609749083 8.5625 -77.0 0.760854470791278 9
0001 0007 1711609749084 -2.1875 -75.0 6.19728238305799 9
0001 0011 1711609749084 29.25 -64.0 3.031146036862027 9
0001 0004 1711609749084 172.5 -72.5 1.5892040962495242 9
0001 0009 1711609749084 39.0 -68.5 2.9636508821950587 9
0001 0010 1711609749085 -52.0625 -62.0 0.9142525495798421 9
0001 0015 1711609749085 9.75 -68.0 2.2948352586769194 9
0001 0012 1711609749268 4.0 -67.0 5.608233760509904 9
0001 0014 1711609749268 2.6875 -75.0 3.552699504743145 9
0001 0009 1711609749268 -58.5625 -66.0 0.04295146206079795 9
0001 0005 1711609749269 208.3125 -71.5 5.626641529964532 9
0001 0011 1711609749269 6.5 -65.5 4.859651136021712 9
0001 0012 1711609749269 35.75 -63.5 3.2459033471660166 9
0001 0010 1711609749270 58.5625 -64.5 3.4913402732277192 9
0001 0015 1711609749270 29.25 -66.5 1.6137477888556946 9
0001 0014 1711609749270 -14.625 -72.0 4.4454763232925885 9
0001 0007 1711609749271 -2.1875 -74.5 5.123495831538041 9
0001 0010 1711609749271 16.25 -69.5 5.577554144752192 9
0001 0012 1711609749271 -78.0625 -68.0 5.9088939949354895 9
0001 0014 1711609749271 61.8125 -69.5 2.2334760271614935 9
0001 0005 1711609749272 0.0 -67.0 4.626486056263094 9
0001 0009 1711609749272 -22.75 -61.0 3.3502140407422405 9
0001 0011 1711609749272 -32.5 -68.5 0.803805932852076 9
0001 0007 1711609749273 55.3125 -71.0 4.319689898685965 9
0001 0009 1711609749580 -3.25 -61.0 5.632777453116074 9
0001 0012 1711609749581 71.5625 -68.5 2.2396119503130363 9
0001 0007 1711609749581 9.75 -68.0 3.6140587362585705 9
0001 0005 1711609749581 -74.8125 -70.0 5.21553467881118 9
0001 0010 1711609749582 -71.5625 -69.5 2.1659808724945253 9
0001 0011 1711609749582 4.875 -76.0 1.6198837120072371 9
0001 0002 1711609749582 10.0625 -79.0 0.2454369260617026 9
0001 0012 1711609749582 -19.5 -69.0 4.031301510563465 9
0001 0011 1711609749583 3.25 -68.0 0.04295146206079795 9
0001 0010 1711609749583 -6.5 -65.0 4.405592822807561 9
0001 0009 1711609749583 -32.5 -65.0 2.411417798556228 9
0001 0015 1711609749584 -61.8125 -64.0 5.350524988145116 9
0001 0005 1711609749584 3.0 -70.0 1.7732817907958012 9
0001 0010 1711609749831 61.8125 -69.0 5.688000761479957 9
0001 0012 1711609749832 -13.0 -66.0 4.399456899656019 9
0001 0011 1711609749832 19.5 -63.0 1.6873788666742053 9
0001 0004 1711609749833 -166.0 -72.0 1.3560390164909069 9
0001 0005 1711609749834 -48.8125 -62.5 5.577554144752192 9
0001 0015 1711609749834 -9.75 -59.0 6.154330920997192 9
0001 0009 1711609749835 29.25 -62.0 4.1417481272912315 9
0001 0014 1711609749835 58.5625 -71.5 2.9391071895888885 9
0001 0004 1711609749835 -117.125 -72.0 6.135923151542564 9
0001 0011 1711609749836 -113.875 -70.0 0.3129320807286708 9
0001 0005 1711609749836 -9.4375 -74.5 1.9512235621905356 9
0001 0007 1711609749982 -4.5625 -75.5 2.1230294104337273 9
0001 0002 1711609749983 0.25 -76.0 5.5714182216006485 9
0001 0014 1711609749983 100.875 -69.5 1.9634954084936207 9
0001 0011 1711609749984 29.25 -59.0 4.289010282928253 9
0001 0005 1711609749984 -172.5 -68.0 0.3620194659410113 9
0001 0002 1711609749984 -24.375 -74.5 3.3011266555298997 9
0001 0007 1711609749985 6.0625 -74.5 1.7671458676442586 9
0001 0004 1711609749985 8.5 -72.5 2.767301341345697 9
0001 0008 1711609749986 3.6875 -78.0 5.4671075280244255 9
0001 0013 1711609749986 7.0 -73.5 4.601942363656923 9
0001 0015 1711609749986 29.25 -69.0 4.178563666200486 9
0001 0011 1711609749987 -19.5 -62.0 1.0921943209745766 9
0001 0004 1711609749988 -100.875 -68.0 4.828971520263998 9
0001 0013 1711609749988 48.8125 -65.5 0.6994952392758523 9
0001 0010 1711609749988 16.25 -65.0 1.214912784005428 9
0001 0005 1711609749989 -29.25 -70.5 2.4175537217077703 9
0001 0007 1711609749989 61.8125 -69.0 0.8160777791551611 9
0001 0008 1711609749990 179.0 -72.0 3.865631585471816 9
0001 0002 1711609750085 35.75 -73.5 6.151262959421421 9
0001 0011 1711609750227 -13.0 -58.0 4.8351074434155406 9
0001 0004 1711609750227 -19.5 -66.0 0.1718058482431918 9
0001 0010 1711609750227 35.75 -60.0 3.718369429834794 9
0001 0002 1711609750228 114.6875 -67.0 4.037437433715008 9
0001 0013 1711609750228 29.25 -66.5 3.184544115650591 9
0001 0008 1711609750229 -45.5625 -70.0 1.0921943209745766 9
0001 0015 1711609750229 -25.1875 -72.0 2.1445051414641263 9
0001 0007 1711609750229 16.25 -72.5 0.7516505860639642 9
0001 0009 1711609750230 4.875 -69.0 0.0 9
0001 0005 1711609750230 -0.875 -74.5 5.3627968344482015 9
0001 0009 1711609750231 -35.75 -61.5 4.1601558967458585 9
0001 0010 1711609750231 35.75 -60.0 6.117515382087937 9
0001 0011 1711609750232 29.25 -59.0 2.2027964114037806 9
0001 0015 1711609750232 -68.3125 -66.5 5.835262917116979 9
0001 0004 1711609750233 -29.25 -64.0 3.11091303783208 9
0001 0013 1711609750233 -71.5625 -67.0 4.724660826687775 9
0001 0008 1711609750234 135.0625 -67.5 4.239922897715912 9
0001 0005 1711609750234 205.0625 -67.5 2.1659808724945253 9
0001 0007 1711609750235 -45.5625 -71.5 0.5706408530934585 9
0001 0014 1711609750331 1.1875 -68.5 0.2945243112740431 9
0001 0002 1711609750331 0.8125 -77.0 1.5278448647340985 9
0001 0011 1711609750522 -13.0 -58.5 5.031456984264903 9
0001 0002 1711609750523 -74.8125 -73.0 5.5100589900852235 9
0001 0004 1711609750523 113.875 -68.0 5.399612373357457 9
0001 0009 1711609750524 0.0 -59.5 0.3129320807286708 9
0001 0010 1711609750524 13.0 -58.0 3.0127382674073995 9
0001 0015 1711609750524 78.0625 -65.0 1.0983302441261191 9
0001 0008 1711609750525 -3.25 -67.0 1.3560390164909069 9
0001 0014 1711609750525 -152.9375 -62.5 4.23378697456437 9
0001 0013 1711609750526 1.8125 -74.5 0.5092816215780329 9
0001 0001 1711609750526 6.25 -79.0 1.000155473701438 9
0001 0005 1711609750527 -3.25 -74.5 6.264777537724958 9
0001 0015 1711609750527 61.8125 -67.0 2.012582793705961 9
0001 0011 1711609750528 -65.0625 -68.5 3.448388811166921 9
0001 0010 1711609750529 32.5 -55.5 2.018718716857504 9
0001 0004 1711609750529 -26.0 -64.0 4.933282213840222 9
0001 0013 1711609750529 188.75 -66.5 1.1658253987930873 9
0001 0005 1711609750530 16.25 -70.5 2.8286605728611223 9
0001 0001 1711609750581 18.25 -77.5 3.8717675086233583 9
0001 0011 1711609750841 9.75 -66.5 2.337786720737717 9
0001 0004 1711609750841 -152.9375 -64.0 3.11091303783208 9
0001 0010 1711609750841 -3.25 -60.0 0.17794177139473438 9
0001 0015 1711609750842 16.25 -63.5 4.454680208019902 9
0001 0009 1711609750842 12.8125 -78.0 4.853515212870168 9
0001 0007 1711609750843 1.1875 -72.0 5.6941366846315 9
0001 0005 1711609750843 1.9375 -74.5 0.34974761963792617 9
0001 0008 1711609750843 -3.875 -78.0 4.583534594202296 9
0001 0015 1711609750844 45.5625 -64.5 2.9759227284981438 9
0001 0011 1711609750844 -9.75 -52.5 5.841398840268521 9
0001 0009 1711609750845 3.25 -66.5 6.2034183062095325 9
0001 0010 1711609750845 19.5 -58.5 4.491495746929157 9
0001 0002 1711609750846 29.25 -72.5 0.2761165418194154 9
0001 0005 1711609750847 -22.75 -69.5 0.1349903093339364 9
0001 0014 1711609750847 -1.1875 -75.5 4.479223900626073 9
0001 0008 1711609750847 0.0 -78.0 0.1595340019401067 9
0001 0004 1711609751037 0.125 -76.0 5.878214379177777 9
0001 0009 1711609751037 -19.5 -63.0 3.3011266555298997 9
0001 0005 1711609751037 -9.75 -64.5 4.239922897715912 9
0001 0011 1711609751039 6.5 -57.5 1.2517283229146832 9
0001 0012 1711609751039 -6.5 -60.0 2.030990563160589 9
0001 0010 1711609751039 19.5 -60.0 1.012427320004523 9
0001 0015 1711609751040 26.0 -57.0 0.25157284921324513 9
0001 0008 1711609751040 -52.0625 -72.5 5.295301679781233 9
0001 0002 1711609751041 45.5625 -70.0 3.736777199289422 9
0001 0001 1711609751041 7.875 -78.5 6.037748381117884 9
0001 0014 1711609751042 -2.4375 -73.5 1.8162332528565992 9
0001 0000 1711609751042 -11.25 -78.0 1.239456476611598 9
0001 0002 1711609751042 -34.9375 -69.0 0.3988350048502667 9
0001 0009 1711609751043 58.5625 -64.5 5.559146375297564 9
0001 0008 1711609751043 -59.375 -71.5 2.141437179888355 9
0001 0005 1711609751044 -9.75 -67.0 5.853670686571607 9
0001 0011 1711609751044 22.75 -59.0 3.9638063558964967 9
0001 0010 1711609751044 -6.5 -61.5 4.135612204139688 9
0001 0000 1711609751045 113.875 -74.0 5.957981380147831 9
0001 0012 1711609751045 -22.75 -70.0 5.0682725231741586 9
0001 0015 1711609751299 6.375 -75.0 2.2580197197676637 9
0001 0001 1711609751299 -1.8125 -78.0 0.5645049299419159 9
0001 0011 1711609751300 6.5 -60.0 0.6688156235181395 9
0001 0002 1711609751300 58.5625 -67.0 2.1230294104337273 9
0001 0004 1711609751301 -71.5625 -62.0 4.693981210930062 9
0001 0010 1711609751301 35.75 -61.0 0.25157284921324513 9
0001 0015 1711609751301 19.5 -58.0 0.7301748550335652 9
0001 0001 1711609751302 -107.375 -73.5 5.252350217720435 9
0001 0008 1711609751302 55.3125 -72.0 5.1725832167503825 9
0001 0000 1711609751303 -305.9375 -73.5 3.411573272257666 9
0001 0009 1711609751303 117.125 -73.0 1.902136176978195 9
0001 0005 1711609751304 48.0 -70.5 5.506991028509452 9
0001 0013 1711609751304 0.125 -76.0 1.2762720155208536 9
0001 0007 1711609751304 -39.0 -68.0 0.03681553890925539 9
0001 0015 1711609751305 13.0 -54.5 2.024854640009046 9
0001 0004 1711609751305 45.5625 -64.5 0.018407769454627694 9
0001 0001 1711609751306 -107.375 -74.0 1.8530487917658545 9
0001 0011 1711609751306 -45.5625 -58.0 4.289010282928253 9
0001 0009 1711609751307 -39.0 -63.0 1.0492428589137786 9
0001 0005 1711609751307 32.5 -69.0 0.4908738521234052 9
0001 0008 1711609751307 -239.25 -72.5 1.8837284075235674 9
0001 0010 1711609751308 84.625 -64.5 2.730485802436441 9
0001 0002 1711609751308 -315.6875 -74.0 4.847379289718626 9
