0001 0007 1711615248443 6.5 -67.5 5.332117218690489 17
0001 0009 1711615248443 188.75 -73.0 0.9878836273983529 17
0001 0008 1711615248443 39.0 -67.0 0.5829126993965437 17
0001 0004 1711615248444 -19.5 -70.5 6.12365130523948 17
0001 0004 1711615248444 100.875 -70.0 6.025476534814799 17
0001 0002 1711615248444 -34.9375 -66.5 6.129787228391022 17
0001 0008 1711615248445 -24.375 -67.0 0.7301748550335652 17
0001 0007 1711615248445 -61.8125 -67.0 5.559146375297564 17
0001 0009 1711615248445 224.5625 -72.5 0.8099418560036186 17
0001 0003 1711615248694 -84.625 -76.0 5.402680334933228 17
0001 0008 1711615248694 52.0625 -67.5 0.619728238305799 17
0001 0004 1711615248694 29.25 -72.0 6.166602767300278 17
0001 0007 1711615248694 13.0 -66.5 5.43029198911517 17
0001 0002 1711615248695 13.8125 -66.5 6.025476534814799 17
0001 0009 1711615248695 43.125 -73.5 4.2123112435339705 17
0001 0003 1711615248696 2.4375 -76.5 2.2212041808584084 17
0001 0006 1711615248696 -9.4375 -78.5 0.7485826244881929 17
0001 0004 1711615248943 -250.625 -72.0 0.2699806186678728 17
0001 0007 1711615248944 -13.0 -67.0 5.424156065963627 17
0001 0008 1711615248944 -13.8125 -66.5 0.6504078540635119 17
0001 0002 1711615248944 0.0 -66.0 6.056156150572511 17
0001 0009 1711615248944 -21.9375 -74.0 1.3222914391574228 17
0001 0003 1711615248945 20.125 -76.5 2.024854640009046 17
0001 0002 1711615248946 -97.625 -66.5 6.17273869045182 17
0001 0004 1711615248946 -65.0625 -71.5 6.191146459906448 17
0001 0009 1711615248946 117.125 -72.0 0.9817477042468103 17
0001 0007 1711615248946 9.75 -67.0 5.387340527054372 17
0001 0008 1711615248947 45.5625 -66.5 0.5890486225480862 17
0001 0003 1711615248947 12.1875 -76.5 2.043262409463674 17
0001 0008 1711615249194 87.875 -67.0 0.5154175447295755 17
0001 0007 1711615249194 39.0 -67.0 5.43029198911517 17
0001 0002 1711615249194 34.9375 -66.0 6.092971689481767 17
0001 0004 1711615249194 -123.6875 -72.0 0.018407769454627694 17
0001 0009 1711615249195 296.1875 -73.0 0.7853981633974483 17
0001 0003 1711615249195 11.5625 -77.0 1.932815792735908 17
0001 0002 1711615249195 27.625 -65.5 6.105243535784852 17
0001 0007 1711615249196 -136.6875 -67.0 5.6573211457222445 17
0001 0004 1711615249196 -81.375 -70.5 6.264777537724958 17
0001 0008 1711615249196 -6.5 -67.0 0.6688156235181395 17
0001 0009 1711615249196 322.25 -73.5 0.9265243958829272 17
0001 0003 1711615249197 10.9375 -76.5 5.154175447295755 17
0001 0007 1711615249443 -3.25 -66.5 5.393476450205914 17
0001 0009 1711615249444 71.5625 -74.0 1.1351457830353744 17
0001 0004 1711615249444 16.25 -71.5 6.22182607566416 17
0001 0002 1711615249444 17.0625 -66.0 6.129787228391022 17
0001 0008 1711615249445 24.375 -67.5 0.5829126993965437 17
0001 0003 1711615249445 -9.75 -77.0 2.1230294104337273 17
0001 0002 1711615249445 62.625 -66.5 6.000932842208628 17
0001 0009 1711615249445 26.0 -73.0 1.2455923997631406 17
0001 0008 1711615249446 -19.5 -67.5 0.6688156235181395 17
0001 0004 1711615249446 -84.625 -71.0 6.135923151542564 17
0001 0007 1711615249446 39.0 -67.0 5.295301679781233 17
0001 0003 1711615249447 -36.0 -77.0 5.3627968344482015 17
0001 0004 1711615249694 -16.25 -72.0 6.074563920027139 17
0001 0002 1711615249694 -166.8125 -66.0 0.02454369260617026 17
0001 0008 1711615249694 117.9375 -67.0 0.4295146206079795 17
0001 0007 1711615249694 -91.125 -68.0 5.559146375297564 17
0001 0009 1711615249695 61.8125 -73.5 1.1658253987930873 17
0001 0003 1711615249695 -24.375 -76.5 2.086213871524472 17
0001 0004 1711615249695 -68.3125 -72.0 0.09203884727313846 17
0001 0007 1711615249696 91.125 -67.5 5.3198453723874035 17
0001 0002 1711615249696 78.0625 -65.5 5.994796919057086 17
0001 0008 1711615249696 55.3125 -67.5 0.4724660826687775 17
0001 0003 1711615249697 -94.375 -76.0 2.1138255257064134 17
0001 0007 1711615249943 87.875 -67.5 5.2339424482658075 17
0001 0002 1711615249943 73.1875 -66.0 5.9518454569962875 17
0001 0008 1711615249943 10.5625 -67.0 0.5951845456996288 17
0001 0004 1711615249944 -113.875 -71.5 0.03681553890925539 17
0001 0009 1711615249944 -100.875 -72.5 1.141281706186917 17
0001 0003 1711615249944 17.0625 -77.0 1.9573594853420782 17
0001 0008 1711615249945 48.8125 -67.0 0.4356505437595221 17
0001 0003 1711615249945 -6.5 -72.0 2.6200391857086753 17
0001 0007 1711615249945 -110.625 -67.5 5.522330836388308 17
0001 0002 1711615249946 79.75 -65.5 5.982525072754001 17
0001 0004 1711615249946 22.75 -71.5 6.1850105367549055 17
0001 0009 1711615249947 61.8125 -74.0 0.8774370106705868 17
0001 0015 1711615249947 2.3125 -73.0 4.344233591292136 17
0001 0008 1711615250077 -166.8125 -67.5 1.1658253987930873 17
0001 0004 1711615250078 22.75 -65.0 0.25157284921324513 17
0001 0009 1711615250078 -74.8125 -66.5 1.7916895602504288 17
0001 0007 1711615250078 -71.5625 -64.5 5.64504929941916 17
0001 0003 1711615250078 19.5 -71.5 3.3195344249845276 17
0001 0002 1711615250079 -1.625 -69.0 2.6476508398906167 17
0001 0015 1711615250079 5.6875 -70.5 1.4081943632790186 17
0001 0006 1711615250079 0.4375 -74.0 0.42337869745643697 17
0001 0009 1711615250080 -13.0 -66.5 2.8777479580734626 17
0001 0002 1711615250080 -6.5 -58.5 4.669437518323892 17
0001 0008 1711615250080 22.75 -66.5 5.546874528994478 17
0001 0001 1711615250080 179.0 -70.0 1.6935147898257479 17
0001 0007 1711615250081 -55.3125 -67.0 5.743224069843841 17
0001 0004 1711615250081 -26.0 -66.5 2.736621725587984 17
0001 0015 1711615250081 45.5625 -65.0 1.7241944055834606 17
0001 0003 1711615250082 68.3125 -70.0 0.4663301595172349 17
0001 0006 1711615250082 94.375 -67.5 0.9142525495798421 17
0001 0005 1711615250192 61.0 -73.0 5.982525072754001 17
0001 0011 1711615250193 16.125 -76.0 5.982525072754001 17
0001 0000 1711615250193 20.75 -78.0 4.994641445355648 17
0001 0005 1711615250321 3.25 -60.0 2.7120780329818137 17
0001 0004 1711615250322 -19.5 -63.5 0.6810874698212247 17
0001 0006 1711615250322 16.25 -66.0 4.1417481272912315 17
0001 0008 1711615250322 10.5625 -60.5 6.240233845118788 17
0001 0003 1711615250322 -110.625 -69.5 2.1659808724945253 17
0001 0015 1711615250323 -26.0 -65.5 2.061670178918302 17
0001 0002 1711615250323 65.875 -63.0 0.7179030087304801 17
0001 0009 1711615250323 -58.5625 -64.0 2.5832236467994196 17
0001 0011 1711615250324 -22.75 -71.0 4.767612288748572 17
0001 0001 1711615250324 65.0625 -71.5 3.129320807286708 17
0001 0007 1711615250324 -91.125 -66.5 4.865787059173254 17
0001 0015 1711615250325 -32.5 -67.0 2.055534255766759 17
0001 0010 1711615250325 6.5 -61.5 5.424156065963627 17
0001 0006 1711615250326 9.75 -60.5 3.356349963893783 17
0001 0011 1711615250326 13.0 -67.0 0.3313398501832985 17
0001 0003 1711615250326 -159.5 -71.5 1.9880391010997909 17
0001 0009 1711615250327 3.25 -57.0 3.3195344249845276 17
0001 0008 1711615250327 -26.0 -62.0 4.933282213840222 17
0001 0005 1711615250327 -39.0 -64.0 3.730641276137879 17
0001 0002 1711615250327 -21.125 -63.5 5.64504929941916 17
0001 0001 1711615250328 139.9375 -69.5 3.730641276137879 17
0001 0004 1711615250328 -42.3125 -71.5 0.5645049299419159 17
0001 0012 1711615250444 -2.125 -74.5 4.718524903536232 17
0001 0006 1711615250444 -16.25 -62.0 3.215223731408304 17
0001 0008 1711615250444 -9.75 -52.0 3.693825737228624 17
0001 0010 1711615250444 -42.3125 -56.0 4.933282213840222 17
0001 0001 1711615250445 -139.9375 -66.5 2.7857091108003242 17
0001 0007 1711615250445 -61.8125 -69.0 0.21475731030398976 17
0001 0005 1711615250445 9.75 -60.0 2.5832236467994196 17
0001 0009 1711615250446 0.0 -56.5 3.4913402732277192 17
0001 0004 1711615250446 -52.0625 -62.0 2.9145634969827183 17
0001 0012 1711615250446 -130.1875 -70.5 5.056000676871073 17
0001 0011 1711615250446 -126.9375 -66.5 1.0615147052168636 17
0001 0015 1711615250447 -26.0 -65.0 2.3746022596469727 17
0001 0002 1711615250692 6.25 -78.0 5.148039524144211 17
0001 0003 1711615250692 -0.25 -77.0 5.270757987175063 17
0001 0009 1711615250693 0.0 -57.5 3.411573272257666 17
0001 0008 1711615250693 6.5 -54.5 2.2641556429192065 17
0001 0001 1711615250693 -26.0 -68.0 5.098952138931871 17
0001 0010 1711615250694 -22.75 -58.5 4.6448938257177215 17
0001 0015 1711615250694 35.75 -61.5 2.024854640009046 17
0001 0004 1711615250694 6.5 -56.5 1.4542137869155878 17
0001 0011 1711615250695 -81.375 -65.5 1.9573594853420782 17
0001 0005 1711615250695 -22.75 -56.0 0.5031456984264903 17
0001 0007 1711615250695 -22.75 -61.0 5.344389064993574 17
0001 0012 1711615250695 -39.0 -68.0 4.1172044346850605 17
0001 0006 1711615250696 42.3125 -65.5 2.2027964114037806 17
0001 0003 1711615250697 3.625 -77.0 4.865787059173254 17
0001 0006 1711615250697 19.5 -67.0 1.8223691760081417 17
0001 0011 1711615250697 -71.5625 -64.5 2.1782527187976104 17
0001 0005 1711615250697 -19.5 -55.0 5.411884219660542 17
0001 0007 1711615250698 19.5 -60.5 4.430136515413731 17
0001 0009 1711615250698 -3.25 -61.5 3.2827188860752723 17
0001 0010 1711615250698 13.0 -58.0 5.086680292628786 17
0001 0008 1711615250699 32.5 -64.0 0.9203884727313847 17
0001 0004 1711615250699 0.0 -57.5 6.092971689481767 17
0001 0015 1711615250699 42.3125 -60.5 1.9266798695843652 17
0001 0001 1711615250700 -26.0 -66.5 2.043262409463674 17
0001 0012 1711615250700 26.0 -68.5 3.448388811166921 17
0001 0010 1711615250925 -19.5 -56.0 5.203262832508095 17
0001 0007 1711615250925 -22.75 -59.5 4.074252972624263 17
0001 0015 1711615250925 -48.8125 -60.5 2.098485717827557 17
0001 0005 1711615250925 6.5 -54.5 4.430136515413731 17
0001 0011 1711615250926 -29.25 -65.0 2.521864415283994 17
0001 0004 1711615250926 -22.75 -57.5 4.743068596142402 17
0001 0009 1711615250926 -13.0 -66.5 3.2827188860752723 17
0001 0006 1711615250927 -61.8125 -66.5 1.6137477888556946 17
0001 0001 1711615250927 9.75 -69.5 0.04908738521234052 17
0001 0012 1711615250927 48.8125 -71.5 3.1968159619536762 17
0001 0008 1711615250928 13.375 -74.5 5.64504929941916 17
0001 0010 1711615250928 -35.75 -55.5 5.129631754689584 17
0001 0007 1711615250928 -13.0 -59.0 3.6386024288647407 17
0001 0015 1711615250928 6.5 -60.5 2.0800779483729293 17
0001 0009 1711615250929 162.75 -68.5 2.736621725587984 17
0001 0011 1711615250930 -29.25 -64.0 2.5586799541932495 17
0001 0006 1711615250930 16.25 -66.0 1.214912784005428 17
0001 0012 1711615250930 -26.0 -72.0 3.215223731408304 17
0001 0004 1711615250931 -6.5 -55.5 4.0558452031696355 17
0001 0005 1711615250931 26.0 -55.5 3.730641276137879 17
0001 0001 1711615250931 133.4375 -69.5 4.822835597112456 17
0001 0008 1711615251156 22.125 -75.0 5.037592907416445 17
0001 0015 1711615251157 13.0 -60.0 2.1230294104337273 17
0001 0006 1711615251157 -58.5625 -66.0 1.3192234775816514 17
0001 0010 1711615251157 9.75 -55.5 4.988505522204105 17
0001 0009 1711615251157 -126.9375 -71.0 2.8716120349219203 17
0001 0007 1711615251158 -3.25 -58.5 3.3502140407422405 17
0001 0005 1711615251158 -13.0 -56.0 3.380893656499953 17
0001 0004 1711615251158 -6.5 -55.0 3.785864584501762 17
0001 0011 1711615251159 6.5 -63.0 2.509592568980909 17
0001 0012 1711615251159 152.9375 -72.5 3.3747577333484107 17
0001 0001 1711615251159 45.5625 -70.5 3.9944859716542096 17
0001 0015 1711615251159 -6.5 -61.0 2.1659808724945253 17
0001 0010 1711615251160 -3.25 -55.5 5.037592907416445 17
0001 0001 1711615251160 91.125 -70.5 3.3379421944391554 17
0001 0011 1711615251160 16.25 -64.0 2.466641106920111 17
0001 0007 1711615251161 9.75 -59.0 3.1968159619536762 17
0001 0006 1711615251161 6.5 -66.0 1.2333205534600555 17
0001 0012 1711615251161 39.0 -71.5 3.3747577333484107 17
0001 0005 1711615251162 -9.75 -56.5 3.117048960983623 17
0001 0004 1711615251162 -19.5 -54.5 3.6447383520162835 17
0001 0009 1711615251197 26.8125 -72.0 5.737088146692298 17
0001 0010 1711615251413 -45.5625 -55.0 5.117359908386499 17
0001 0001 1711615251413 -48.8125 -70.0 3.5342917352885173 17
0001 0011 1711615251413 -6.5 -63.5 2.5157284921324514 17
0001 0007 1711615251414 3.25 -59.5 3.1968159619536762 17
0001 0012 1711615251414 205.0625 -72.0 3.2029518851052186 17
0001 0009 1711615251414 39.0 -70.0 2.60776733940559 17
0001 0015 1711615251415 -19.5 -60.5 2.1905245651006955 17
0001 0006 1711615251415 74.8125 -66.5 1.2210487071569704 17
0001 0005 1711615251415 -22.75 -56.5 3.0372819600135696 17
0001 0004 1711615251415 0.0 -54.5 3.5772431973493153 17
0001 0005 1711615251416 19.5 -57.0 2.9391071895888885 17
0001 0015 1711615251416 19.5 -60.5 2.116893487282185 17
0001 0001 1711615251417 -146.4375 -69.5 3.522019888985432 17
0001 0006 1711615251417 45.5625 -66.5 1.1965050145508 17
0001 0010 1711615251417 -6.5 -55.0 5.043728830567988 17
0001 0004 1711615251417 3.25 -54.5 3.5956509668039427 17
0001 0007 1711615251418 0.0 -59.5 3.129320807286708 17
0001 0011 1711615251418 16.25 -64.5 2.4605051837685683 17
0001 0009 1711615251418 81.375 -71.0 2.399145952253143 17
0001 0012 1711615251419 -117.125 -72.0 3.706097583531709 17
0001 0009 1711615251650 156.1875 -70.0 2.5709518004963345 17
0001 0015 1711615251651 35.75 -61.0 2.1475731030398975 17
0001 0005 1711615251651 3.25 -57.0 3.0802334220743677 17
0001 0012 1711615251651 0.0 -73.0 3.368621810196868 17
0001 0010 1711615251651 -13.0 -55.0 5.092816215780329 17
0001 0004 1711615251652 -3.25 -54.5 3.6754179677739964 17
0001 0007 1711615251652 0.0 -60.0 3.0495538063166547 17
0001 0006 1711615251652 -13.0 -66.0 1.2578642460662257 17
0001 0001 1711615251653 94.375 -69.0 3.4913402732277192 17
0001 0011 1711615251653 3.25 -64.5 2.497320722677824 17
0001 0006 1711615251653 13.0 -67.0 1.239456476611598 17
0001 0005 1711615251654 42.3125 -57.5 3.031146036862027 17
0001 0015 1711615251654 22.75 -60.5 2.1475731030398975 17
0001 0004 1711615251654 3.25 -55.0 3.761320891895592 17
0001 0009 1711615251654 -48.8125 -71.0 2.9697868053466014 17
0001 0011 1711615251655 -61.8125 -64.5 2.724349879284899 17
0001 0010 1711615251655 -9.75 -55.0 5.135767677841127 17
0001 0012 1711615251655 -42.3125 -72.5 3.509748042682347 17
0001 0007 1711615251656 29.25 -59.5 3.043417883165112 17
0001 0001 1711615251656 -16.25 -70.0 3.7981364308048478 17
0001 0000 1711615251895 1.8125 -80.0 6.264777537724958 17
0001 0009 1711615251895 -263.625 -71.0 3.0802334220743677 17
0001 0006 1711615251895 -35.75 -66.5 1.3928545554001621 17
0001 0007 1711615251896 26.0 -60.0 3.0802334220743677 17
0001 0001 1711615251896 -97.625 -69.5 4.04357335686655 17
0001 0004 1711615251896 -3.25 -55.5 3.877903431774901 17
0001 0015 1711615251897 35.75 -61.0 2.172116795646068 17
0001 0005 1711615251897 42.3125 -57.5 3.098641191528995 17
0001 0010 1711615251897 3.25 -54.5 5.166447293598839 17
0001 0011 1711615251898 -58.5625 -64.0 2.6200391857086753 17
0001 0012 1711615251898 87.875 -72.5 3.380893656499953 17
0001 0000 1711615251898 9.4375 -80.5 6.191146459906448 17
0001 0010 1711615251898 -16.25 -54.5 5.190990986205009 17
0001 0015 1711615251899 -42.3125 -60.5 2.2518837966161214 17
0001 0005 1711615251899 -16.25 -57.5 3.2213596545598464 17
0001 0009 1711615251899 -35.75 -71.5 2.675262494072558 17
0001 0006 1711615251900 29.25 -67.5 1.2455923997631406 17
0001 0001 1711615251900 -192.0 -70.0 4.540583132141498 17
0001 0011 1711615251900 -6.5 -64.5 2.6445828783148455 17
0001 0007 1711615251900 -3.25 -59.5 3.2029518851052186 17
0001 0004 1711615251901 -16.25 -55.5 3.9638063558964967 17
0001 0012 1711615251901 -296.1875 -71.5 3.9208548938356986 17
0001 0008 1711615252150 -8.0 -76.0 1.8530487917658545 17
0001 0011 1711615252150 13.0 -64.5 2.60776733940559 17
0001 0007 1711615252150 16.25 -59.5 3.1968159619536762 17
0001 0005 1711615252150 -3.25 -56.5 3.3195344249845276 17
0001 0010 1711615252151 3.25 -55.0 5.197126909356553 17
0001 0015 1711615252151 -136.6875 -61.0 2.429825568010856 17
0001 0009 1711615252151 -113.875 -72.5 2.6445828783148455 17
0001 0004 1711615252152 6.5 -55.5 4.000621894805752 17
0001 0006 1711615252152 22.75 -67.5 1.2455923997631406 17
0001 0001 1711615252152 -172.5 -69.5 4.706253057233147 17
0001 0012 1711615252152 -81.375 -73.0 3.4606606574700063 17
0001 0008 1711615252153 179.0 -74.5 3.9392626632903265 17
0001 0006 1711615252153 -29.25 -67.0 1.2762720155208536 17
0001 0005 1711615252153 0.0 -56.5 3.356349963893783 17
0001 0010 1711615252154 9.75 -54.5 5.166447293598839 17
0001 0004 1711615252154 9.75 -55.5 4.0128937411088375 17
0001 0009 1711615252154 -9.75 -70.5 2.5832236467994196 17
0001 0007 1711615252154 -39.0 -60.5 3.3072625786814425 17
0001 0011 1711615252155 3.25 -64.5 2.662990647769473 17
0001 0001 1711615252155 -55.3125 -70.0 4.583534594202296 17
0001 0015 1711615252155 29.25 -61.0 2.1353012567368124 17
0001 0012 1711615252156 94.375 -73.0 3.4913402732277192 17
0001 0008 1711615252156 -323.0625 -73.5 4.552854978444583 17
0001 0000 1711615252406 10.0625 -80.5 0.20248546400090464 17
0001 0005 1711615252407 -22.75 -56.5 3.485204350076177 17
0001 0006 1711615252407 -19.5 -67.0 1.2210487071569704 17
0001 0010 1711615252407 16.25 -54.5 5.184855063053467 17
0001 0004 1711615252407 -9.75 -55.5 4.037437433715008 17
0001 0001 1711615252408 71.5625 -70.0 4.565126824747668 17
0001 0015 1711615252408 29.25 -61.0 2.1537090261914402 17
0001 0007 1711615252408 -42.3125 -60.0 3.3011266555298997 17
0001 0011 1711615252409 -19.5 -65.0 2.6139032625571326 17
0001 0009 1711615252409 -208.3125 -70.5 2.736621725587984 17
0001 0012 1711615252409 52.0625 -72.5 3.2949907323783574 17
0001 0008 1711615252409 -12.1875 -74.0 1.2118448224296565 17
0001 0000 1711615252410 -2.125 -81.0 0.3313398501832985 17
0001 0004 1711615252410 19.5 -55.5 3.9944859716542096 17
0001 0006 1711615252410 26.0 -67.0 1.3130875544301088 17
0001 0012 1711615252411 94.375 -73.5 3.1968159619536762 17
0001 0007 1711615252411 39.0 -60.0 3.215223731408304 17
0001 0011 1711615252411 26.0 -64.5 2.5709518004963345 17
0001 0009 1711615252411 107.375 -70.0 2.4727770300716534 17
0001 0010 1711615252412 -6.5 -54.5 5.209398755659637 17
0001 0015 1711615252412 52.0625 -61.0 2.110757564130642 17
0001 0005 1711615252412 -16.25 -56.0 3.5465635815916023 17
0001 0001 1711615252413 -188.75 -69.5 4.970097752749477 17
0001 0008 1711615252443 4.875 -74.5 1.1198059751565181 17
0001 0000 1711615252693 -1.5 -80.0 0.3436116964863836 17
0001 0006 1711615252693 -68.3125 -67.5 1.3621749396424494 17
0001 0011 1711615252693 -19.5 -65.0 2.6813984172241008 17
0001 0004 1711615252694 -6.5 -55.5 4.01902966426038 17
0001 0007 1711615252694 9.75 -60.5 3.2520392703175593 17
0001 0010 1711615252694 3.25 -54.5 5.197126909356553 17
0001 0005 1711615252695 -9.75 -56.5 3.552699504743145 17
0001 0001 1711615252695 -68.3125 -70.0 4.970097752749477 17
0001 0015 1711615252695 32.5 -61.0 2.1353012567368124 17
0001 0009 1711615252695 19.5 -69.5 2.5832236467994196 17
0001 0008 1711615252696 73.1875 -72.0 4.2092432819582 17
0001 0012 1711615252696 29.25 -74.5 3.436116964863836 17
0001 0004 1711615252828 6.5 -55.5 4.031301510563465 17
0001 0015 1711615252828 26.0 -61.0 2.0923497946760143 17
0001 0001 1711615252828 -110.625 -70.0 4.963961829597935 17
0001 0007 1711615252828 -13.0 -60.5 3.3195344249845276 17
0001 0006 1711615252829 55.3125 -67.0 1.2762720155208536 17
0001 0012 1711615252829 244.125 -72.5 2.9636508821950587 17
0001 0005 1711615252829 3.25 -56.5 3.5588354278946874 17
0001 0011 1711615252830 6.5 -64.5 2.6568547246179306 17
0001 0010 1711615252830 -9.75 -54.5 5.240078371417351 17
0001 0008 1711615252830 -76.4375 -71.5 4.583534594202296 17
0001 0009 1711615252830 -6.5 -70.5 2.718213956133356 17
0001 0007 1711615252831 6.5 -60.5 3.2765829629237295 17
0001 0004 1711615252832 -3.25 -55.5 4.061981126321178 17
0001 0010 1711615252832 -3.25 -54.5 5.21553467881118 17
0001 0005 1711615252833 6.5 -56.5 3.5711072741977725 17
0001 0006 1711615252833 29.25 -67.5 1.3560390164909069 17
0001 0011 1711615252833 -48.8125 -64.0 2.6875343403756435 17
0001 0015 1711615252834 9.75 -61.5 2.116893487282185 17
0001 0001 1711615252834 91.125 -69.5 4.749204519293945 17
0001 0009 1711615252834 -22.75 -70.0 2.5832236467994196 17
0001 0012 1711615252834 -214.8125 -72.5 3.7122335066832517 17
0001 0008 1711615252835 -26.0 -73.5 4.565126824747668 17
0001 0000 1711615252943 -4.5625 -79.5 0.4540583132141498 17
0001 0001 1711615253111 -6.5 -70.0 4.902602598082509 17
0001 0005 1711615253111 -19.5 -56.5 3.6263305825616556 17
0001 0007 1711615253111 19.5 -60.0 3.2888548092268146 17
0001 0011 1711615253111 -48.8125 -64.5 2.675262494072558 17
0001 0004 1711615253112 -13.0 -55.5 4.111068511533518 17
0001 0010 1711615253112 -3.25 -54.5 5.252350217720435 17
0001 0006 1711615253112 45.5625 -67.5 1.1965050145508 17
0001 0015 1711615253113 -32.5 -61.5 2.1782527187976104 17
0001 0009 1711615253113 -48.8125 -69.5 2.748893571891069 17
0001 0012 1711615253113 159.5 -72.5 3.215223731408304 17
0001 0008 1711615253113 -104.125 -72.5 4.608078286808466 17
0001 0015 1711615253114 19.5 -61.5 2.1475731030398975 17
0001 0004 1711615253115 -6.5 -55.5 4.09266074207889 17
0001 0011 1711615253115 45.5625 -64.5 2.6691265709210157 17
0001 0006 1711615253115 13.0 -67.0 1.2946797849754812 17
0001 0010 1711615253116 29.25 -54.5 5.184855063053467 17
0001 0005 1711615253116 -3.25 -56.5 3.6263305825616556 17
0001 0001 1711615253116 3.25 -69.5 5.00077736850719 17
0001 0009 1711615253116 42.3125 -70.5 2.6568547246179306 17
0001 0007 1711615253117 0.0 -60.0 3.356349963893783 17
0001 0012 1711615253117 -19.5 -74.0 3.448388811166921 17
0001 0008 1711615253117 229.4375 -74.0 4.049709280018092 17
