0001 0004 1711615463494 -126.9375 -71.0 4.503767593232243 17
0001 0006 1711615463494 -84.625 -72.5 4.638757902566179 17
0001 0015 1711615463494 94.375 -64.0 2.724349879284899 17
0001 0002 1711615463495 10.5625 -69.5 1.6566992509164924 17
0001 0003 1711615463496 12.1875 -76.0 5.387340527054372 17
0001 0004 1711615463497 100.875 -72.5 4.239922897715912 17
0001 0002 1711615463497 -41.5 -68.5 1.705786636128833 17
0001 0015 1711615463497 -3.25 -64.5 2.9206994201342606 17
0001 0006 1711615463498 -123.6875 -72.5 4.908738521234052 17
0001 0003 1711615463498 257.125 -75.5 5.1725832167503825 17
0001 0002 1711615463734 -24.375 -67.5 1.662835174068035 17
0001 0015 1711615463734 71.5625 -65.0 2.779573187648782 17
0001 0004 1711615463734 162.75 -72.0 4.080388895775806 17
0001 0006 1711615463735 -169.25 -71.5 4.963961829597935 17
0001 0003 1711615463735 81.375 -74.0 5.344389064993574 17
0001 0015 1711615463735 -97.625 -64.5 3.0495538063166547 17
0001 0003 1711615463736 358.0625 -75.0 5.227806525114265 17
0001 0004 1711615463736 -149.6875 -73.0 4.534447208989955 17
0001 0002 1711615463737 38.1875 -68.0 1.5033011721279284 17
0001 0006 1711615463737 -120.4375 -72.5 4.779884135051658 17
0001 0015 1711615463983 26.0 -64.0 2.859340188618835 17
0001 0002 1711615463983 7.3125 -67.5 1.662835174068035 17
0001 0004 1711615463984 185.5 -71.5 4.061981126321178 17
0001 0006 1711615463984 16.25 -73.5 4.460816131171445 17
0001 0003 1711615463984 110.625 -74.5 5.651185222570702 17
0001 0006 1711615463984 -19.5 -73.0 4.424000592262189 17
0001 0015 1711615463985 48.8125 -64.0 2.7979809571034093 17
0001 0004 1711615463985 42.3125 -71.5 4.325825821837508 17
0001 0002 1711615463985 166.8125 -68.5 1.337631247036279 17
0001 0003 1711615464234 -6.0625 -76.5 5.522330836388308 17
0001 0015 1711615464234 3.25 -64.0 2.9084275738311756 17
0001 0003 1711615464234 -253.875 -75.5 5.872078456026235 17
0001 0002 1711615464234 87.0625 -67.5 1.552388557340269 17
0001 0004 1711615464235 -185.5 -73.0 4.540583132141498 17
0001 0006 1711615464235 -84.625 -71.5 4.509903516383785 17
0001 0015 1711615464235 48.8125 -64.5 2.859340188618835 17
0001 0002 1711615464236 -111.4375 -69.0 1.8100973297050567 17
0001 0006 1711615464236 0.0 -73.0 4.399456899656019 17
0001 0004 1711615464236 -152.9375 -71.0 4.552854978444583 17
0001 0003 1711615464237 -6.0625 -76.5 5.350524988145116 17
0001 0003 1711615464483 48.8125 -75.5 5.6143696836614465 17
0001 0002 1711615464483 13.8125 -67.5 1.5707963267948966 17
0001 0015 1711615464484 39.0 -64.5 2.8654761117703775 17
0001 0004 1711615464484 -107.375 -72.0 4.608078286808466 17
0001 0006 1711615464484 65.0625 -74.5 4.3933209765044765 17
0001 0003 1711615464485 -312.4375 -73.5 5.743224069843841 17
0001 0015 1711615464485 35.75 -64.5 2.834796496012665 17
0001 0002 1711615464486 -13.8125 -68.0 1.6198837120072371 17
0001 0004 1711615464487 -26.0 -72.0 4.344233591292136 17
0001 0006 1711615464487 136.6875 -72.0 4.270602513473625 17
0001 0006 1711615464733 3.25 -72.0 4.331961744989051 17
0001 0015 1711615464733 3.25 -64.5 2.8838838812250054 17
0001 0004 1711615464733 78.0625 -71.5 4.227651051412827 17
0001 0002 1711615464734 17.0625 -68.0 1.533980787885641 17
0001 0003 1711615464734 -179.0 -75.0 5.626641529964532 17
0001 0002 1711615464734 -117.125 -68.5 1.8223691760081417 17
0001 0015 1711615464735 -32.5 -64.5 2.945243112740431 17
0001 0006 1711615464735 -65.0625 -72.0 4.546719055293041 17
0001 0004 1711615464735 25.1875 -73.0 1.2670681307935396 17
0001 0003 1711615464736 6.6875 -76.5 5.356660911296659 17
0001 0002 1711615464983 48.8125 -68.5 1.5278448647340985 17
0001 0004 1711615464983 13.0 -71.5 4.466952054322987 17
0001 0015 1711615464983 22.75 -64.5 2.8409324191642074 17
0001 0006 1711615464984 221.3125 -73.5 4.178563666200486 17
0001 0003 1711615464984 -8.5 -77.0 5.442563835418255 17
0001 0003 1711615464984 45.5625 -74.0 5.21553467881118 17
0001 0015 1711615464985 -26.0 -64.0 2.9759227284981438 17
0001 0002 1711615464985 128.5625 -68.5 1.4726215563702154 17
0001 0004 1711615464985 139.9375 -72.0 4.190835512503572 17
0001 0006 1711615464986 87.875 -73.5 4.301282129231338 17
0001 0002 1711615465233 45.5625 -68.5 1.533980787885641 17
0001 0015 1711615465233 32.5 -64.5 2.8654761117703775 17
0001 0004 1711615465234 182.25 -71.5 3.890175278077986 17
0001 0006 1711615465234 0.0 -74.5 4.6878452877785195 17
0001 0003 1711615465234 0.0 -76.5 5.356660911296659 17
0001 0003 1711615465235 -9.75 -73.5 5.8045833013592665 17
0001 0002 1711615465235 -17.0625 -67.5 1.9512235621905356 17
0001 0015 1711615465235 52.0625 -64.5 2.9636508821950587 17
0001 0004 1711615465235 9.75 -71.0 4.2031073588066565 17
0001 0004 1711615465484 48.8125 -67.5 3.6815538909255388 17
0001 0015 1711615465484 6.5 -63.0 3.429981041712294 17
0001 0003 1711615465484 22.75 -71.0 6.154330920997192 17
0001 0002 1711615465484 -246.5625 -70.5 5.6941366846315 17
0001 0005 1711615465485 16.4375 -74.0 5.8659425328746915 17
0001 0008 1711615465485 0.25 -69.0 5.270757987175063 17
0001 0015 1711615465485 0.0 -63.0 3.749049045592507 17
0001 0008 1711615465486 19.5 -64.0 2.2580197197676637 17
0001 0006 1711615465486 -16.25 -60.5 3.877903431774901 17
0001 0002 1711615465486 3.25 -60.0 6.031612457966341 17
0001 0005 1711615465487 1.625 -71.0 5.375068680751287 17
0001 0003 1711615465487 2.4375 -75.5 0.7485826244881929 17
0001 0009 1711615465489 -4.25 -69.0 5.767767762450011 17
0001 0004 1711615465489 -4.25 -72.5 5.325981295538946 17
0001 0006 1711615465672 16.25 -66.5 5.45483568172134 17
0001 0015 1711615465672 -3.25 -62.0 3.816544200259475 17
0001 0009 1711615465673 -22.75 -57.5 4.921010367537137 17
0001 0014 1711615465673 16.25 -68.0 5.8475347634200645 17
0001 0008 1711615465673 145.625 -66.5 2.5954954931025047 17
0001 0005 1711615465674 22.75 -63.5 5.049864753719531 17
0001 0004 1711615465674 22.75 -61.5 2.7120780329818137 17
0001 0003 1711615465674 42.3125 -70.0 2.8532042654672924 17
0001 0007 1711615465675 78.0625 -67.5 3.877903431774901 17
0001 0002 1711615465675 -111.4375 -70.5 0.5645049299419159 17
0001 0001 1711615465675 -0.875 -78.0 5.049864753719531 17
0001 0011 1711615465676 0.5625 -74.0 0.2945243112740431 17
0001 0010 1711615465676 -0.875 -66.0 1.846912868614312 17
0001 0003 1711615465676 120.4375 -71.5 1.5278448647340985 17
0001 0008 1711615465677 34.9375 -58.0 5.743224069843841 17
0001 0009 1711615465677 -16.25 -55.0 4.798291904506286 17
0001 0004 1711615465677 3.25 -61.0 3.816544200259475 17
0001 0006 1711615465678 -39.0 -61.0 5.338253141842031 17
0001 0005 1711615465678 -9.75 -66.5 5.190990986205009 17
0001 0010 1711615465678 -6.5 -59.0 1.030835089459151 17
0001 0001 1711615465679 -136.6875 -73.0 4.031301510563465 17
0001 0011 1711615465679 42.3125 -66.5 3.485204350076177 17
0001 0015 1711615465679 0.0 -63.5 3.9085830475326135 17
0001 0007 1711615465679 68.3125 -66.0 5.313709449235861 17
0001 0012 1711615465733 0.0 -76.5 1.6260196351587797 17
0001 0007 1711615465922 42.3125 -66.0 4.080388895775806 17
0001 0012 1711615465923 -227.8125 -70.0 1.88986433067511 17
0001 0006 1711615465923 39.0 -63.5 4.454680208019902 17
0001 0011 1711615465923 81.375 -65.5 3.718369429834794 17
0001 0005 1711615465924 -13.0 -59.5 2.9636508821950587 17
0001 0010 1711615465924 -16.25 -62.5 6.111379458936394 17
0001 0008 1711615465924 -19.5 -53.0 4.816699673960914 17
0001 0004 1711615465925 32.5 -58.5 2.6200391857086753 17
0001 0009 1711615465925 -39.0 -56.0 5.049864753719531 17
0001 0015 1711615465925 26.0 -62.5 4.049709280018092 17
0001 0001 1711615465926 -14.0 -77.5 0.1043106935762236 17
0001 0003 1711615465926 2.125 -77.5 5.203262832508095 17
0001 0014 1711615465927 -1.5625 -71.0 5.810719224510809 17
0001 0011 1711615465927 -3.25 -64.0 4.331961744989051 17
0001 0007 1711615465928 22.75 -62.5 1.6260196351587797 17
0001 0015 1711615465928 -32.5 -61.5 3.9576704327449543 17
0001 0008 1711615465929 -69.125 -60.5 3.3318062712876126 17
0001 0004 1711615465929 16.25 -57.0 0.34974761963792617 17
0001 0010 1711615465929 -22.75 -65.0 0.4356505437595221 17
0001 0005 1711615465930 3.25 -54.0 1.325359400733194 17
0001 0009 1711615465930 29.25 -64.5 4.4976316700806995 17
0001 0012 1711615465930 61.8125 -68.0 1.1780972450961724 17
0001 0006 1711615465931 9.75 -62.5 3.54042765844006 17
0001 0014 1711615465983 12.1875 -70.5 5.399612373357457 17
0001 0001 1711615465983 -4.875 -75.5 5.43029198911517 17
0001 0004 1711615466204 -9.75 -56.5 4.871922982324796 17
0001 0006 1711615466204 -52.0625 -60.5 2.736621725587984 17
0001 0007 1711615466204 -35.75 -60.0 0.18407769454627693 17
0001 0005 1711615466205 6.5 -58.0 6.050020227420969 17
0001 0015 1711615466205 32.5 -61.5 3.9085830475326135 17
0001 0012 1711615466205 -156.1875 -71.0 1.2087768608538851 17
0001 0011 1711615466206 -39.0 -63.5 4.675573441475434 17
0001 0010 1711615466206 -35.75 -61.0 0.3129320807286708 17
0001 0008 1711615466206 -29.25 -72.0 1.3069516312785663 17
0001 0001 1711615466207 2.4375 -76.5 0.4172427743048944 17
0001 0014 1711615466207 3.25 -73.0 5.859806609723149 17
0001 0015 1711615466207 0.0 -62.0 4.06811704947272 17
0001 0005 1711615466208 6.5 -59.5 4.614214209960009 17
0001 0006 1711615466208 19.5 -61.0 1.8714565612204823 17
0001 0011 1711615466209 -87.875 -63.0 4.798291904506286 17
0001 0004 1711615466209 0.0 -58.5 3.2827188860752723 17
0001 0007 1711615466209 -26.0 -58.5 5.737088146692298 17
0001 0010 1711615466210 -22.75 -60.0 0.1595340019401067 17
0001 0012 1711615466441 -3.9375 -76.5 0.5767767762450011 17
0001 0011 1711615466441 39.0 -63.0 4.675573441475434 17
0001 0007 1711615466441 -26.0 -58.5 5.706408530934585 17
0001 0015 1711615466442 -19.5 -62.5 4.006757817957295 17
0001 0006 1711615466442 -45.5625 -61.5 1.8653206380689396 17
0001 0004 1711615466442 -13.0 -58.5 2.9391071895888885 17
0001 0005 1711615466443 16.25 -59.0 4.172427743048944 17
0001 0010 1711615466443 22.75 -61.0 0.1043106935762236 17
0001 0012 1711615466443 -3.625 -77.0 0.5399612373357456 17
0001 0006 1711615466444 -97.625 -62.5 1.8346410223112268 17
0001 0005 1711615466444 6.5 -59.5 3.9699422790480394 17
0001 0010 1711615466444 -6.5 -61.0 0.0859029241215959 17
0001 0004 1711615466445 0.0 -58.0 2.773437264497239 17
0001 0015 1711615466445 6.5 -62.0 3.9944859716542096 17
0001 0007 1711615466445 26.0 -58.0 5.688000761479957 17
0001 0011 1711615466446 39.0 -63.5 4.700117134081604 17
0001 0012 1711615466484 9.125 -76.0 0.380427235395639 17
0001 0010 1711615466678 -35.75 -61.5 0.09203884727313846 17
0001 0006 1711615466678 -32.5 -63.0 1.6566992509164924 17
0001 0011 1711615466679 9.75 -63.5 4.7307967498393175 17
0001 0015 1711615466679 9.75 -61.5 4.037437433715008 17
0001 0005 1711615466679 3.25 -59.5 3.933126740138784 17
0001 0007 1711615466679 48.8125 -58.5 5.608233760509904 17
0001 0004 1711615466680 -3.25 -58.0 2.693670263527186 17
0001 0012 1711615466680 -7.3125 -77.5 0.37429131224409645 17
0001 0008 1711615466680 8.4375 -77.0 1.533980787885641 17
0001 0006 1711615466681 -9.75 -63.0 1.5707963267948966 17
0001 0005 1711615466681 -19.5 -60.0 4.0128937411088375 17
0001 0007 1711615466681 -19.5 -59.0 5.730952223540755 17
0001 0004 1711615466682 19.5 -58.5 2.5954954931025047 17
0001 0015 1711615466683 6.5 -61.5 4.025165587411922 17
0001 0011 1711615466683 -19.5 -64.0 4.816699673960914 17
0001 0010 1711615466683 -65.0625 -61.0 0.09817477042468103 17
0001 0012 1711615466983 -3.5625 -76.5 3.5833791205008576 17
0001 0008 1711615466983 -0.9375 -77.0 1.6812429435226628 17
0001 0010 1711615466984 -6.5 -61.0 0.006135923151542565 17
0001 0015 1711615466984 0.0 -61.5 4.074252972624263 17
0001 0007 1711615466984 -9.75 -59.0 5.737088146692298 17
0001 0004 1711615466985 29.25 -58.5 2.5832236467994196 17
0001 0006 1711615466985 -48.8125 -63.0 1.6198837120072371 17
0001 0011 1711615466985 32.5 -64.0 4.693981210930062 17
0001 0005 1711615466986 29.25 -59.5 4.147884050442774 17
0001 0008 1711615466986 5.0 -77.0 1.8039614065535141 17
0001 0012 1711615466986 6.8125 -76.5 6.031612457966341 17
0001 0011 1711615467133 13.0 -64.0 4.693981210930062 17
0001 0005 1711615467134 -3.25 -59.5 4.374913207049849 17
0001 0006 1711615467134 78.0625 -64.0 1.3928545554001621 17
0001 0007 1711615467134 -13.0 -59.0 5.810719224510809 17
0001 0010 1711615467134 -58.5625 -61.0 0.04908738521234052 17
0001 0015 1711615467135 -48.8125 -62.0 4.1417481272912315 17
0001 0004 1711615467135 -16.25 -59.0 2.779573187648782 17
0001 0008 1711615467135 -5.9375 -77.5 1.8775924843720249 17
0001 0001 1711615467136 4.5625 -77.0 4.700117134081604 17
0001 0011 1711615467136 -74.8125 -64.5 4.828971520263998 17
0001 0015 1711615467136 -68.3125 -62.0 4.196971435655114 17
0001 0004 1711615467137 -45.5625 -59.0 3.129320807286708 17
0001 0006 1711615467137 71.5625 -64.0 1.521708941582556 17
0001 0005 1711615467138 -45.5625 -60.0 4.706253057233147 17
0001 0007 1711615467138 -42.3125 -59.5 6.031612457966341 17
0001 0010 1711615467139 -35.75 -60.5 0.09203884727313846 17
0001 0008 1711615467416 0.0 -77.0 2.12916533358527 17
0001 0001 1711615467417 8.8125 -78.0 4.914874444385594 17
0001 0015 1711615467417 -9.75 -61.5 4.129476280988146 17
0001 0005 1711615467417 -3.25 -59.5 4.669437518323892 17
0001 0011 1711615467417 -6.5 -64.0 4.798291904506286 17
0001 0004 1711615467418 -32.5 -59.0 3.1661363461959633 17
0001 0010 1711615467418 32.5 -60.5 0.0 17
0001 0007 1711615467418 9.75 -59.5 5.9088939949354895 17
0001 0006 1711615467419 58.5625 -64.0 1.5033011721279284 17
0001 0008 1711615467419 5.1875 -76.0 5.203262832508095 17
0001 0001 1711615467419 -25.125 -78.5 5.258486140871978 17
0001 0010 1711615467420 -26.0 -60.5 0.1043106935762236 17
0001 0005 1711615467420 3.25 -59.5 4.632621979414636 17
0001 0015 1711615467420 -68.3125 -61.5 4.221515128261284 17
0001 0007 1711615467421 3.25 -59.5 5.982525072754001 17
0001 0006 1711615467421 32.5 -64.0 1.5155730184310134 17
0001 0011 1711615467421 13.0 -64.0 4.700117134081604 17
0001 0004 1711615467422 -13.0 -59.0 3.1354567304382504 17
0001 0008 1711615467483 -15.5625 -76.5 5.350524988145116 17
0001 0001 1711615467483 23.1875 -77.0 5.0682725231741586 17
0001 0010 1711615467652 13.0 -60.5 0.05522330836388308 17
0001 0004 1711615467653 -42.3125 -59.0 3.184544115650591 17
0001 0015 1711615467653 45.5625 -61.5 4.086524818927348 17
0001 0007 1711615467653 0.0 -59.5 5.93343768754166 17
0001 0005 1711615467654 42.3125 -60.0 4.632621979414636 17
0001 0011 1711615467654 -58.5625 -64.0 4.8351074434155406 17
0001 0006 1711615467654 45.5625 -64.0 1.576932249946439 17
0001 0001 1711615467655 -3.0 -77.0 5.178719139901925 17
0001 0008 1711615467655 12.8125 -76.0 5.190990986205009 17
0001 0007 1711615467655 -42.3125 -59.5 6.025476534814799 17
0001 0004 1711615467656 -29.25 -59.0 3.2029518851052186 17
0001 0011 1711615467656 -74.8125 -64.0 4.921010367537137 17
0001 0015 1711615467657 -29.25 -61.5 4.1172044346850605 17
0001 0010 1711615467657 -13.0 -60.5 0.07976700097005335 17
0001 0005 1711615467657 -39.0 -59.5 4.718524903536232 17
0001 0006 1711615467657 9.75 -64.0 1.5707963267948966 17
0001 0008 1711615467734 -10.9375 -76.0 5.283029833478148 17
0001 0001 1711615467734 0.0 -77.5 5.221670601962723 17
0001 0004 1711615467893 -22.75 -59.0 3.215223731408304 17
0001 0015 1711615467893 -42.3125 -61.5 4.1601558967458585 17
0001 0006 1711615467893 48.8125 -64.0 1.533980787885641 17
0001 0005 1711615467894 -13.0 -60.0 4.718524903536232 17
0001 0011 1711615467895 26.0 -64.5 4.700117134081604 17
0001 0010 1711615467895 -42.3125 -60.5 0.15339807878856412 17
0001 0007 1711615467895 32.5 -60.0 5.878214379177777 17
0001 0001 1711615467896 -1.1875 -77.5 5.258486140871978 17
0001 0008 1711615467896 3.1875 -75.5 5.2768939103266055 17
0001 0004 1711615467896 -29.25 -59.0 3.2520392703175593 17
0001 0011 1711615467897 -35.75 -63.5 4.7860200582032 17
0001 0010 1711615467897 -52.0625 -60.5 0.16566992509164924 17
0001 0007 1711615467898 -26.0 -60.0 5.970253226450915 17
0001 0006 1711615467898 19.5 -64.0 1.564660403643354 17
0001 0005 1711615467898 -13.0 -60.0 4.71238898038469 17
0001 0015 1711615467899 -6.5 -61.5 4.111068511533518 17
0001 0001 1711615467983 30.5 -77.0 5.111223985234957 17
0001 0008 1711615467984 11.125 -76.0 5.436427912266712 17
0001 0007 1711615468135 -9.75 -60.0 5.982525072754001 17
0001 0010 1711615468136 52.0625 -60.0 0.07363107781851078 17
0001 0005 1711615468136 -29.25 -60.0 4.779884135051658 17
0001 0015 1711615468136 -13.0 -62.0 4.1417481272912315 17
0001 0011 1711615468136 42.3125 -64.5 4.6878452877785195 17
0001 0004 1711615468137 -19.5 -59.0 3.2888548092268146 17
0001 0006 1711615468137 29.25 -64.5 1.5401167110371838 17
0001 0008 1711615468137 -3.1875 -75.5 5.436427912266712 17
0001 0001 1711615468138 8.5 -77.0 5.123495831538041 17
0001 0015 1711615468138 -42.3125 -61.0 4.166291819897402 17
0001 0004 1711615468138 0.0 -59.0 3.2704470397721868 17
0001 0005 1711615468139 -22.75 -60.0 4.779884135051658 17
0001 0011 1711615468139 -42.3125 -64.5 4.779884135051658 17
0001 0006 1711615468140 22.75 -64.0 1.533980787885641 17
0001 0007 1711615468140 9.75 -59.5 5.957981380147831 17
0001 0010 1711615468140 -35.75 -60.0 0.14726215563702155 17
0001 0001 1711615468233 -0.5625 -77.0 5.325981295538946 17
0001 0008 1711615468234 22.125 -75.5 5.252350217720435 17
