0000 0007 1711005639592 87.875 -64.5 4.25833066717054 3
0000 0005 1711005639600 -19.5 -56.5 4.6448938257177215 3
0000 0015 1711005639601 -19.5 -77.0 1.0492428589137786 3
0000 0005 1711005639601 6.5 -57.0 4.577398671050753 3
0000 0007 1711005639602 -6.5 -65.0 4.338097668140593 3
0000 0015 1711005639603 19.5 -76.5 4.0128937411088375 3
0000 0005 1711005639603 -16.25 -56.5 4.632621979414636 3
0000 0007 1711005639604 -113.875 -65.0 4.546719055293041 3
0000 0015 1711005639807 -6.0625 -76.5 1.0369710126106935 3
0000 0007 1711005639808 -74.8125 -65.0 4.534447208989955 3
0000 0005 1711005639809 -9.75 -56.5 4.608078286808466 3
0000 0015 1711005639810 -9.75 -76.0 0.8713010875190442 3
0000 0005 1711005639811 -39.0 -57.0 4.657165672020807 3
0000 0007 1711005639813 6.5 -64.5 4.319689898685965 3
0000 0015 1711005639814 -6.6875 -76.5 0.8467573949128739 3
0000 0007 1711005640057 -78.0625 -64.5 4.473087977474529 3
0000 0005 1711005640058 0.0 -57.0 4.614214209960009 3
0000 0015 1711005640060 -4.25 -76.0 0.7547185476397354 3
0000 0005 1711005640061 -26.0 -57.0 4.6448938257177215 3
0000 0007 1711005640062 9.75 -64.5 4.381049130201391 3
0000 0015 1711005640063 48.8125 -74.5 0.7915340865489908 3
0000 0007 1711005640307 45.5625 -65.0 4.356505437595221 3
0000 0005 1711005640308 -42.3125 -56.5 4.681709364626977 3
0000 0015 1711005640309 -10.375 -76.5 0.9081166264282996 3
0000 0007 1711005640310 19.5 -65.0 4.3503695144436785 3
0000 0005 1711005640311 -19.5 -57.0 4.620350133111551 3
0000 0015 1711005640312 -4.25 -76.5 0.859029241215959 3
0000 0005 1711005640314 -48.8125 -57.0 4.651029748869264 3
0000 0007 1711005640315 -3.25 -65.0 4.344233591292136 3
0000 0015 1711005640556 -8.5 -76.5 0.944932165337555 3
0000 0007 1711005640557 -19.5 -65.0 4.411728745959104 3
0000 0005 1711005640559 -16.25 -57.0 4.638757902566179 3
0000 0015 1711005640559 7.3125 -76.5 3.9147189706841563 3
0000 0007 1711005640560 139.9375 -64.5 4.184699589352029 3
0000 0005 1711005640561 0.0 -56.5 4.608078286808466 3
0000 0015 1711005640562 -6.0625 -76.5 4.086524818927348 3
0000 0005 1711005640806 -9.75 -57.0 4.626486056263094 3
0000 0007 1711005640807 -39.0 -64.5 4.424000592262189 3
0000 0015 1711005640808 0.5625 -77.0 0.8835729338221293 3
0000 0007 1711005640809 159.5 -65.0 4.166291819897402 3
0000 0005 1711005640809 3.25 -57.0 4.620350133111551 3
0000 0015 1711005640810 -9.75 -76.5 4.04357335686655 3
0000 0005 1711005641056 -9.75 -57.0 4.638757902566179 3
0000 0007 1711005641056 -29.25 -64.5 4.460816131171445 3
0000 0015 1711005641057 -8.5 -77.0 0.9817477042468103 3
0000 0005 1711005641058 -26.0 -57.0 4.663301595172349 3
0000 0007 1711005641059 3.25 -64.5 4.374913207049849 3
0000 0015 1711005641060 15.8125 -76.5 0.8222137023067037 3
0000 0005 1711005641306 -9.75 -57.0 4.638757902566179 3
0000 0007 1711005641307 74.8125 -64.5 4.331961744989051 3
0000 0015 1711005641308 4.875 -76.0 0.859029241215959 3
0000 0005 1711005641309 16.25 -56.5 4.632621979414636 3
0000 0007 1711005641309 -58.5625 -64.5 4.552854978444583 3
0000 0015 1711005641310 224.5625 -72.5 0.607456392002714 3
0000 0007 1711005641556 13.0 -64.0 4.841243366567084 3
0000 0015 1711005641557 -65.0625 -71.0 1.055378782065321 3
0000 0005 1711005641558 13.0 -55.5 5.049864753719531 3
0000 0000 1711005641559 15.8125 -78.5 5.3627968344482015 3
0000 0015 1711005641560 -65.0625 -66.0 1.7978254834019713 3
0000 0007 1711005641561 -26.0 -68.5 6.043884304269426 3
0000 0005 1711005641563 -39.0 -60.5 0.662679700366597 3
0000 0008 1711005641565 -26.0 -63.0 3.3502140407422405 3
0000 0000 1711005641566 -205.0625 -71.0 0.7792622402459057 3
0000 0000 1711005641567 -13.0 -66.0 2.012582793705961 3
0000 0015 1711005641567 0.0 -65.0 1.8530487917658545 3
0000 0008 1711005641568 -107.375 -66.0 3.522019888985432 3
0000 0004 1711005641569 -117.125 -66.0 5.448699758569798 3
0000 0007 1711005641570 -52.0625 -66.0 5.049864753719531 3
0000 0005 1711005641571 -29.25 -64.0 4.558990901596125 3
0000 0000 1711005641807 -104.125 -70.0 4.706253057233147 3
0000 0015 1711005641808 45.5625 -67.5 1.9573594853420782 3
0000 0007 1711005641809 78.0625 -62.0 5.546874528994478 3
0000 0004 1711005641809 71.5625 -66.0 2.1782527187976104 3
0000 0005 1711005641810 -26.0 -62.5 0.4908738521234052 3
0000 0000 1711005641811 -22.75 -65.5 1.2517283229146832 3
0000 0007 1711005641812 -48.8125 -70.0 2.497320722677824 3
0000 0005 1711005641813 55.3125 -64.0 4.614214209960009 3
0000 0004 1711005641814 22.75 -68.0 4.319689898685965 3
0000 0015 1711005641815 87.875 -67.0 1.7548740213411735 3
0000 0006 1711005641816 10.625 -77.5 0.662679700366597 3
0000 0010 1711005641999 2.5625 -71.5 0.2945243112740431 3
0000 0013 1711005642000 -2.6875 -78.0 5.0253210611133605 3
0000 0015 1711005642001 -26.0 -66.0 1.8960002538266525 3
0000 0005 1711005642002 -19.5 -60.5 0.4356505437595221 3
0000 0004 1711005642003 3.25 -61.5 1.423534171157875 3
0000 0007 1711005642003 -22.75 -66.0 4.454680208019902 3
0000 0010 1711005642004 -143.1875 -67.5 0.8774370106705868 3
0000 0006 1711005642005 -97.625 -72.5 4.546719055293041 3
0000 0000 1711005642006 -42.3125 -71.5 3.988350048502667 3
0000 0001 1711005642007 -5.75 -79.5 5.663457068873787 3
0000 0008 1711005642008 -2.5625 -77.0 0.07976700097005335 3
0000 0004 1711005642009 3.25 -61.5 2.6875343403756435 3
0000 0007 1711005642010 35.75 -65.5 2.705942109830271 3
0000 0000 1711005642011 45.5625 -69.5 5.473243451175968 3
0000 0015 1711005642012 0.0 -66.5 1.8407769454627694 3
0000 0010 1711005642013 107.375 -68.5 2.1598449493429825 3
0000 0005 1711005642014 13.0 -58.0 2.8409324191642074 3
0000 0012 1711005642015 13.0 -75.0 2.172116795646068 3
0000 0001 1711005642065 -37.1875 -78.0 2.4727770300716534 3
0000 0011 1711005642249 -2.0 -77.5 4.172427743048944 3
0000 0015 1711005642249 16.25 -66.5 1.6812429435226628 3
0000 0007 1711005642251 35.75 -60.5 3.5036121195308043 3
0000 0004 1711005642252 -16.25 -59.0 4.669437518323892 3
0000 0012 1711005642253 -13.0 -68.5 1.9819031779482483 3
0000 0010 1711005642253 -58.5625 -63.0 5.5284667595398505 3
0000 0013 1711005642254 68.3125 -65.0 2.0493983326152168 3
0000 0005 1711005642255 9.75 -63.0 3.6570101983193686 3
0000 0011 1711005642256 -3.25 -74.0 0.9265243958829272 3
0000 0000 1711005642256 12.1875 -74.5 4.509903516383785 3
0000 0011 1711005642257 -182.25 -72.0 2.350058567040802 3
0000 0007 1711005642258 -32.5 -67.0 4.454680208019902 3
0000 0012 1711005642260 136.6875 -68.5 1.705786636128833 3
0000 0010 1711005642261 29.25 -57.0 0.3865631585471816 3
0000 0013 1711005642262 -16.25 -65.0 3.3440781175906977 3
0000 0000 1711005642262 120.4375 -70.5 1.7732817907958012 3
0000 0004 1711005642263 -19.5 -59.0 5.375068680751287 3
0000 0015 1711005642264 3.25 -69.0 1.6198837120072371 3
0000 0005 1711005642305 -5.3125 -71.5 0.1349903093339364 3
0000 0008 1711005642306 -10.625 -78.5 5.056000676871073 3
0000 0012 1711005642494 -3.25 -69.0 1.6014759425526093 3
0000 0004 1711005642495 13.0 -61.5 5.608233760509904 3
0000 0007 1711005642496 -55.3125 -68.0 5.988660995905543 3
0000 0010 1711005642497 -3.25 -56.5 1.2026409377023426 3
0000 0013 1711005642497 26.0 -62.0 3.3624858870453256 3
0000 0000 1711005642498 39.0 -71.5 1.6751070203711202 3
0000 0015 1711005642499 22.75 -70.5 1.5892040962495242 3
0000 0005 1711005642500 10.5625 -70.5 0.04601942363656923 3
0000 0008 1711005642501 -17.0625 -76.0 5.3627968344482015 3
0000 0011 1711005642501 4.375 -76.5 5.71868037723767 3
0000 0009 1711005642502 16.25 -69.0 5.64504929941916 3
0000 0004 1711005642503 -35.75 -62.0 5.632777453116074 3
0000 0010 1711005642505 3.25 -58.0 1.4848934026733007 3
0000 0012 1711005642506 29.25 -67.0 1.5707963267948966 3
0000 0011 1711005642506 -6.5 -71.0 0.30066023442558565 3
0000 0007 1711005642507 -48.8125 -64.5 6.252505691421874 3
0000 0013 1711005642508 55.3125 -61.5 3.141592653589793 3
0000 0000 1711005642509 39.0 -72.0 1.6014759425526093 3
0000 0015 1711005642509 -19.5 -72.5 1.846912868614312 3
0000 0008 1711005642556 42.3125 -74.5 5.764699800874239 3
0000 0011 1711005642730 22.75 -65.5 1.1903690913992575 3
0000 0004 1711005642731 -42.3125 -61.5 5.66959299202533 3
0000 0012 1711005642731 -42.3125 -66.0 1.4542137869155878 3
0000 0010 1711005642732 35.75 -60.5 2.3746022596469727 3
0000 0009 1711005642733 -39.0 -63.0 5.424156065963627 3
0000 0000 1711005642733 74.8125 -71.0 1.7426021750380885 3
0000 0013 1711005642734 6.5 -59.5 3.172272269347506 3
0000 0007 1711005642735 6.5 -64.0 5.700272607783043 3
0000 0008 1711005642736 -16.25 -72.5 0.030679615757712823 3
0000 0000 1711005642736 -32.5 -72.5 2.073942025221387 3
0000 0011 1711005642737 39.0 -63.0 1.736466251886546 3
0000 0004 1711005642738 -6.5 -60.0 5.589825991055276 3
0000 0009 1711005642739 -26.0 -64.5 5.240078371417351 3
0000 0010 1711005642740 26.0 -63.0 3.472932503773092 3
0000 0013 1711005642741 39.0 -59.5 2.9636508821950587 3
0000 0012 1711005642741 13.0 -62.5 1.8346410223112268 3
0000 0007 1711005642742 -74.8125 -64.0 5.283029833478148 3
0000 0009 1711005642960 -182.25 -68.0 5.7616318392984684 3
0000 0012 1711005642960 -26.0 -61.0 2.1046216409791 3
0000 0011 1711005642961 -32.5 -61.0 2.1598449493429825 3
0000 0000 1711005642962 24.375 -72.5 2.36846633649543 3
0000 0010 1711005642962 -91.125 -64.0 4.074252972624263 3
0000 0004 1711005642963 -52.0625 -61.0 5.098952138931871 3
0000 0007 1711005642964 -39.0 -66.0 4.509903516383785 3
0000 0013 1711005642965 39.0 -58.5 3.0925052683774528 3
0000 0014 1711005642965 2.4375 -73.0 5.270757987175063 3
0000 0011 1711005642966 42.3125 -59.5 2.3623304133438876 3
0000 0012 1711005642967 29.25 -60.0 2.1046216409791 3
0000 0000 1711005642968 52.0625 -74.0 2.2886993355253766 3
0000 0013 1711005642968 26.0 -58.5 2.9697868053466014 3
0000 0009 1711005642969 -94.375 -71.0 0.04908738521234052 3
0000 0004 1711005642970 -22.75 -62.0 4.779884135051658 3
0000 0010 1711005642970 -9.75 -65.5 4.374913207049849 3
0000 0007 1711005642971 -22.75 -67.0 4.086524818927348 3
0000 0014 1711005643054 -15.25 -73.0 2.2948352586769194 3
0000 0013 1711005643198 19.5 -59.0 2.9943304979527716 3
0000 0010 1711005643198 -32.5 -65.0 4.381049130201391 3
0000 0004 1711005643199 -29.25 -61.5 5.2768939103266055 3
0000 0007 1711005643200 -29.25 -67.0 4.608078286808466 3
0000 0011 1711005643200 39.0 -60.0 2.6384469551633027 3
0000 0012 1711005643201 0.0 -60.0 2.350058567040802 3
0000 0000 1711005643202 45.5625 -72.0 2.779573187648782 3
0000 0009 1711005643203 -35.75 -70.5 0.11044661672776616 3
0000 0014 1711005643203 -0.25 -73.0 5.43029198911517 3
0000 0012 1711005643204 19.5 -59.5 2.84706834231575 3
0000 0013 1711005643205 -6.5 -59.0 3.3011266555298997 3
0000 0011 1711005643205 -26.0 -62.0 2.662990647769473 3
0000 0009 1711005643207 -52.0625 -72.0 6.160466844148735 3
0000 0010 1711005643208 -74.8125 -61.0 5.240078371417351 3
0000 0004 1711005643208 65.0625 -61.0 5.730952223540755 3
0000 0000 1711005643209 146.4375 -68.5 2.564815877344792 3
0000 0014 1711005643304 -1.625 -72.5 5.35972887287243 3
0000 0013 1711005643429 0.0 -59.5 3.1784081924990484 3
0000 0000 1711005643430 -114.6875 -69.0 2.773437264497239 3
0000 0011 1711005643430 22.75 -61.0 2.6323110320117604 3
0000 0010 1711005643431 -32.5 -61.5 5.209398755659637 3
0000 0009 1711005643432 -13.0 -70.0 5.915029918087033 3
0000 0012 1711005643433 -9.75 -59.5 2.8716120349219203 3
0000 0004 1711005643433 -16.25 -63.0 0.05522330836388308 3
0000 0014 1711005643434 -8.5 -72.5 5.497787143782138 3
0000 0001 1711005643435 -14.625 -78.0 0.5154175447295755 3
0000 0012 1711005643435 -35.75 -59.5 2.9329712664373457 3
0000 0011 1711005643436 55.3125 -61.5 2.6384469551633027 3
0000 0004 1711005643437 -48.8125 -63.5 0.14726215563702155 3
0000 0000 1711005643438 -94.375 -68.0 2.6445828783148455 3
0000 0007 1711005643439 -26.0 -69.5 5.062136600022616 3
0000 0010 1711005643440 3.25 -61.0 5.098952138931871 3
0000 0013 1711005643440 -9.75 -59.5 3.129320807286708 3
0000 0009 1711005643441 -58.5625 -70.0 5.945709533844745 3
0000 0001 1711005643555 -18.875 -77.5 0.37429131224409645 3
0000 0014 1711005643556 -8.5 -73.0 2.2641556429192065 3
0000 0006 1711005643556 -7.875 -79.5 5.190990986205009 3
0000 0000 1711005643708 -87.0625 -69.0 2.5034566458293663 3
0000 0007 1711005643709 162.75 -69.5 4.73693267299086 3
0000 0010 1711005643710 -16.25 -60.0 4.804427827657828 3
0000 0004 1711005643710 -19.5 -63.5 0.5031456984264903 3
0000 0013 1711005643711 58.5625 -59.5 2.8777479580734626 3
0000 0012 1711005643712 9.75 -60.0 2.730485802436441 3
0000 0009 1711005643712 13.0 -71.5 5.534602682691394 3
0000 0011 1711005643713 26.0 -61.0 2.662990647769473 3
0000 0006 1711005643714 46.9375 -79.0 5.105088062083414 3
0000 0014 1711005643714 -0.5625 -72.5 5.252350217720435 3
0000 0001 1711005643715 -3.625 -76.5 0.2638446955163303 3
0000 0012 1711005643716 32.5 -60.0 2.736621725587984 3
0000 0013 1711005643717 42.3125 -59.5 2.779573187648782 3
0000 0011 1711005643718 -19.5 -61.5 2.5157284921324514 3
0000 0007 1711005643719 16.25 -71.0 4.81056375080937 3
0000 0010 1711005643719 -13.0 -59.5 4.71238898038469 3
0000 0004 1711005643720 -3.25 -63.0 0.4049709280018093 3
0000 0000 1711005643721 10.5625 -68.0 2.172116795646068 3
0000 0009 1711005643722 29.25 -71.0 5.006913291658733 3
0000 0014 1711005643805 -1.8125 -73.5 2.1966604882522383 3
0000 0008 1711005643806 8.5 -78.5 0.9817477042468103 3
0000 0000 1711005643984 34.9375 -67.5 1.748738098189631 3
0000 0012 1711005643984 0.0 -59.5 2.761165418194154 3
0000 0004 1711005643985 9.75 -62.5 0.06135923151542565 3
0000 0010 1711005643985 -35.75 -59.5 4.534447208989955 3
0000 0007 1711005643986 -123.6875 -70.0 4.638757902566179 3
0000 0009 1711005643987 -39.0 -73.0 4.76147636559703 3
0000 0011 1711005643987 61.8125 -61.0 2.1230294104337273 3
0000 0013 1711005643988 39.0 -60.0 2.6998061866787286 3
0000 0014 1711005643989 -1.8125 -73.5 2.2027964114037806 3
0000 0008 1711005643989 1.1875 -76.5 0.9203884727313847 3
0000 0012 1711005643990 9.75 -59.5 2.6998061866787286 3
0000 0010 1711005643991 -19.5 -59.5 4.338097668140593 3
0000 0000 1711005643993 39.0 -67.5 1.6812429435226628 3
0000 0004 1711005644001 -16.25 -62.0 6.19728238305799 3
0000 0013 1711005644002 42.3125 -60.0 2.6261751088602177 3
0000 0011 1711005644002 22.75 -60.5 1.9389517158874505 3
0000 0007 1711005644003 -81.375 -69.5 4.460816131171445 3
0000 0008 1711005644004 113.875 -75.0 0.4049709280018093 3
0000 0009 1711005644055 17.875 -75.0 1.1259418983080607 3
0000 0014 1711005644055 9.75 -74.0 2.1475731030398975 3
0000 0008 1711005644056 4.25 -76.0 0.6688156235181395 3
0000 0013 1711005644238 13.0 -60.0 2.5893595699509624 3
0000 0010 1711005644239 16.25 -60.0 4.074252972624263 3
0000 0011 1711005644240 -19.5 -60.5 1.8039614065535141 3
0000 0008 1711005644240 -156.1875 -73.5 0.7669903939428205 3
0000 0007 1711005644241 13.0 -69.0 4.2031073588066565 3
0000 0000 1711005644241 0.0 -67.5 1.5033011721279284 3
0000 0009 1711005644242 -128.5625 -73.5 4.2092432819582 3
0000 0012 1711005644243 6.5 -59.5 2.693670263527186 3
0000 0004 1711005644243 -3.25 -61.0 5.890486225480862 3
0000 0014 1711005644244 -11.25 -74.5 5.350524988145116 3
0000 0013 1711005644245 -19.5 -60.5 2.6139032625571326 3
0000 0004 1711005644245 -22.75 -60.5 5.780039608753096 3
0000 0010 1711005644247 19.5 -60.0 3.9085830475326135 3
0000 0011 1711005644248 16.25 -60.5 1.6505633277649499 3
0000 0012 1711005644248 26.0 -59.5 2.662990647769473 3
0000 0000 1711005644249 24.375 -67.0 1.3989904785517047 3
0000 0007 1711005644249 -42.3125 -69.5 4.2092432819582 3
0000 0008 1711005644250 120.4375 -74.0 0.3865631585471816 3
0000 0009 1711005644306 60.1875 -75.0 0.9265243958829272 3
0000 0014 1711005644307 -0.875 -74.5 5.184855063053467 3
