0000 0015 1711005719218 42.3125 -62.0 2.442097414313941 3
0000 0007 1711005719219 19.5 -69.0 2.073942025221387 3
0000 0015 1711005719219 13.0 -63.0 2.36846633649543 3
0000 0008 1711005719219 -3.25 -62.0 3.5772431973493153 3
0000 0004 1711005719220 16.25 -67.0 4.3074180523828804 3
0000 0005 1711005719220 3.25 -61.5 1.227184630308513 3
0000 0000 1711005719221 69.125 -70.5 0.4111068511533518 3
0000 0004 1711005719221 -29.25 -66.5 4.466952054322987 3
0000 0005 1711005719221 -26.0 -62.0 1.3314953238847365 3
0000 0008 1711005719222 -9.75 -61.5 3.6140587362585705 3
0000 0000 1711005719222 133.4375 -71.0 0.3129320807286708 3
0000 0015 1711005719223 -35.75 -63.0 2.466641106920111 3
0000 0007 1711005719223 -45.5625 -68.5 2.3193789512830896 3
0000 0015 1711005719469 -35.75 -63.0 2.4850488763747385 3
0000 0000 1711005719469 32.5 -70.0 0.4172427743048944 3
0000 0004 1711005719469 -71.5625 -67.0 4.491495746929157 3
0000 0007 1711005719470 61.8125 -68.5 2.1475731030398975 3
0000 0005 1711005719470 -19.5 -62.0 1.2762720155208536 3
0000 0008 1711005719470 22.75 -61.5 3.5281558121369745 3
0000 0015 1711005719471 68.3125 -63.0 2.1905245651006955 3
0000 0005 1711005719471 -3.25 -61.5 1.3069516312785663 3
0000 0007 1711005719471 -162.75 -68.5 2.5770877236478773 3
0000 0000 1711005719472 65.0625 -70.5 0.4111068511533518 3
0000 0008 1711005719472 -3.25 -62.0 3.5711072741977725 3
0000 0004 1711005719472 -3.25 -66.5 4.374913207049849 3
0000 0008 1711005719719 6.5 -63.0 3.5465635815916023 3
0000 0007 1711005719719 -110.625 -69.0 2.5832236467994196 3
0000 0015 1711005719720 -29.25 -63.0 2.386874105950058 3
0000 0004 1711005719720 35.75 -66.5 4.454680208019902 3
0000 0005 1711005719720 39.0 -62.5 1.3499030933393643 3
0000 0000 1711005719720 48.8125 -72.0 0.4663301595172349 3
0000 0004 1711005719721 -45.5625 -66.5 4.626486056263094 3
0000 0007 1711005719722 -22.75 -69.0 2.5157284921324514 3
0000 0015 1711005719722 19.5 -63.5 2.3193789512830896 3
0000 0008 1711005719722 -48.8125 -63.0 3.6692820446224537 3
0000 0005 1711005719723 32.5 -62.5 1.2946797849754812 3
0000 0000 1711005719723 81.375 -70.5 0.4111068511533518 3
0000 0000 1711005719944 19.5 -71.0 0.4663301595172349 3
0000 0015 1711005719944 -9.75 -63.5 2.325514874434632 3
0000 0007 1711005719944 257.125 -68.5 2.116893487282185 3
0000 0008 1711005719944 3.25 -63.0 3.497476196379262 3
0000 0005 1711005719945 58.5625 -63.0 1.2578642460662257 3
0000 0004 1711005719945 -100.875 -66.0 4.651029748869264 3
0000 0008 1711005719945 -19.5 -63.5 3.5281558121369745 3
0000 0004 1711005719946 -26.0 -66.0 4.583534594202296 3
0000 0005 1711005719946 42.3125 -63.0 1.325359400733194 3
0000 0015 1711005719946 32.5 -63.5 2.2457478734645786 3
0000 0007 1711005719947 156.1875 -68.0 2.3009711818284617 3
0000 0000 1711005719947 42.3125 -71.5 0.3865631585471816 3
0000 0007 1711005719948 29.25 -68.0 2.454369260617026 3
0000 0005 1711005719948 29.25 -62.5 1.282407938672396 3
0000 0008 1711005719948 -26.0 -63.0 3.5465635815916023 3
0000 0004 1711005719949 26.0 -66.5 4.466952054322987 3
0000 0015 1711005719949 6.5 -63.5 2.2764274892222915 3
0000 0000 1711005719949 -22.75 -71.5 0.5522330836388308 3
0000 0015 1711005720219 104.125 -63.5 2.141437179888355 3
0000 0008 1711005720219 22.75 -63.5 3.522019888985432 3
0000 0000 1711005720220 45.5625 -71.0 0.4049709280018093 3
0000 0005 1711005720220 -13.0 -63.0 1.3130875544301088 3
0000 0007 1711005720220 -61.8125 -69.0 2.5893595699509624 3
0000 0004 1711005720221 -22.75 -67.0 4.565126824747668 3
0000 0008 1711005720221 29.25 -62.5 3.5036121195308043 3
0000 0005 1711005720221 -58.5625 -62.0 1.423534171157875 3
0000 0015 1711005720222 52.0625 -63.5 2.270291566070749 3
0000 0000 1711005720222 19.5 -72.0 0.5154175447295755 3
0000 0004 1711005720222 -6.5 -66.5 4.522175362686871 3
0000 0007 1711005720222 -74.8125 -68.5 2.4911847995262812 3
0000 0015 1711005720469 19.5 -64.0 2.3071071049800045 3
0000 0000 1711005720469 97.625 -70.5 0.380427235395639 3
0000 0008 1711005720470 52.0625 -63.0 3.552699504743145 3
0000 0005 1711005720470 -42.3125 -63.0 1.380582709097077 3
0000 0004 1711005720470 6.5 -66.5 4.473087977474529 3
0000 0007 1711005720471 81.375 -68.5 2.5157284921324514 3
0000 0008 1711005720471 -3.25 -63.5 3.718369429834794 3
0000 0007 1711005720471 81.375 -68.0 2.466641106920111 3
0000 0005 1711005720471 9.75 -62.5 1.3499030933393643 3
0000 0000 1711005720472 -19.5 -71.5 0.6749515466696822 3
0000 0015 1711005720472 26.0 -63.5 2.2948352586769194 3
0000 0004 1711005720472 -78.0625 -66.5 4.614214209960009 3
0000 0004 1711005720703 55.3125 -67.0 4.387185053352934 3
0000 0000 1711005720703 -87.875 -72.0 0.7424467013366504 3
0000 0008 1711005720703 -32.5 -62.5 3.724505352986337 3
0000 0005 1711005720703 -13.0 -62.5 1.3008157081270237 3
0000 0015 1711005720704 9.75 -62.5 2.5402721847386216 3
0000 0007 1711005720704 -169.25 -67.0 2.7550294950426117 3
0000 0015 1711005720704 -6.5 -60.5 2.7979809571034093 3
0000 0008 1711005720705 32.5 -60.5 3.767456815047135 3
0000 0000 1711005720705 -48.8125 -68.0 1.141281706186917 3
0000 0007 1711005720705 175.75 -72.5 2.5464081078901644 3
0000 0005 1711005720706 100.875 -66.0 1.8714565612204823 3
0000 0004 1711005720706 -19.5 -64.5 4.9394181369917645 3
0000 0014 1711005720707 -0.9375 -74.0 0.5276893910326605 3
0000 0008 1711005720707 35.75 -63.0 3.865631585471816 3
0000 0000 1711005720708 71.5625 -69.0 3.2520392703175593 3
0000 0005 1711005720708 3.25 -60.0 4.540583132141498 3
0000 0004 1711005720708 159.5 -66.0 0.6135923151542565 3
0000 0015 1711005720709 -3.25 -60.5 1.9757672547967058 3
0000 0007 1711005720709 48.8125 -63.0 4.608078286808466 3
0000 0014 1711005720718 50.4375 -70.5 3.6447383520162835 3
0000 0007 1711005720948 -139.9375 -70.5 6.154330920997192 3
0000 0004 1711005720949 68.3125 -63.5 3.2029518851052186 3
0000 0014 1711005720949 -84.625 -64.5 0.2945243112740431 3
0000 0015 1711005720949 26.0 -61.0 1.5033011721279284 3
0000 0000 1711005720950 -3.25 -66.0 0.8222137023067037 3
0000 0005 1711005720950 -3.25 -69.0 2.2886993355253766 3
0000 0008 1711005720950 -6.6875 -70.0 1.1965050145508 3
0000 0006 1711005720951 -3.0 -79.5 0.8774370106705868 3
0000 0010 1711005720951 4.5625 -74.0 2.0493983326152168 3
0000 0011 1711005720951 1.25 -76.5 4.693981210930062 3
0000 0015 1711005720952 -104.125 -60.0 1.7671458676442586 3
0000 0014 1711005720952 22.75 -61.0 5.227806525114265 3
0000 0000 1711005720953 -123.6875 -71.0 3.4054373491061236 3
0000 0006 1711005720953 283.1875 -74.5 4.8351074434155406 3
0000 0007 1711005720953 13.0 -63.5 5.203262832508095 3
0000 0010 1711005720954 45.5625 -63.5 0.0859029241215959 3
0000 0004 1711005720954 16.25 -60.0 1.6996507129772904 3
0000 0005 1711005720954 32.5 -66.5 5.497787143782138 3
0000 0011 1711005720967 48.375 -75.0 2.012582793705961 3
0000 0008 1711005721184 -0.25 -77.0 6.264777537724958 3
0000 0010 1711005721184 22.75 -61.5 1.7671458676442586 3
0000 0000 1711005721185 -29.25 -69.5 5.074408446325701 3
0000 0007 1711005721185 19.5 -61.0 4.1601558967458585 3
0000 0005 1711005721185 -9.75 -59.0 2.5034566458293663 3
0000 0014 1711005721186 -35.75 -61.0 4.963961829597935 3
0000 0004 1711005721186 -9.75 -60.5 4.190835512503572 3
0000 0015 1711005721186 -13.0 -60.0 1.6873788666742053 3
0000 0012 1711005721187 -43.9375 -74.0 0.2454369260617026 3
0000 0011 1711005721187 1.8125 -76.5 6.215690152512618 3
0000 0012 1711005721187 -32.5 -70.0 3.4606606574700063 3
0000 0014 1711005721188 16.25 -59.5 4.424000592262189 3
0000 0011 1711005721189 9.75 -71.0 1.214912784005428 3
0000 0000 1711005721189 -38.1875 -70.5 1.055378782065321 3
0000 0004 1711005721190 -6.5 -57.5 5.994796919057086 3
0000 0010 1711005721190 -48.8125 -58.0 5.816855147662351 3
0000 0015 1711005721190 13.0 -63.5 1.521708941582556 3
0000 0007 1711005721422 5.9375 -74.0 0.2945243112740431 3
0000 0005 1711005721422 -2.5625 -69.5 1.5830681730979816 3
0000 0010 1711005721423 6.5 -55.5 1.6198837120072371 3
0000 0008 1711005721423 -16.25 -74.0 5.460971604872882 3
0000 0005 1711005721423 -45.5625 -69.0 1.2333205534600555 3
0000 0007 1711005721424 61.8125 -65.5 3.5036121195308043 3
0000 0014 1711005721424 -32.5 -60.0 4.0128937411088375 3
0000 0000 1711005721424 -22.75 -69.5 1.4480778637640452 3
0000 0013 1711005721424 9.75 -69.5 0.6872233929727672 3
0000 0012 1711005721425 -52.0625 -63.5 2.859340188618835 3
0000 0004 1711005721425 3.25 -59.0 0.2945243112740431 3
0000 0015 1711005721425 -13.0 -67.5 1.4787574795217582 3
0000 0011 1711005721426 5.75 -75.0 5.829126993965437 3
0000 0011 1711005721426 3.25 -68.0 0.3620194659410113 3
0000 0013 1711005721426 -22.75 -65.5 0.4356505437595221 3
0000 0014 1711005721427 48.8125 -61.0 3.448388811166921 3
0000 0010 1711005721427 9.75 -57.5 2.9575149590435164 3
0000 0012 1711005721427 13.0 -56.5 2.350058567040802 3
0000 0004 1711005721428 -13.0 -58.5 0.07363107781851078 3
0000 0007 1711005721428 -32.5 -67.0 2.012582793705961 3
0000 0000 1711005721428 91.125 -70.5 1.4173982480063325 3
0000 0008 1711005721429 87.875 -74.5 5.743224069843841 3
0000 0009 1711005721655 -32.5 -68.0 5.117359908386499 3
0000 0010 1711005721655 22.75 -59.0 2.172116795646068 3
0000 0014 1711005721655 9.75 -60.5 3.423845118560751 3
0000 0000 1711005721656 -55.3125 -72.0 1.6137477888556946 3
0000 0013 1711005721656 3.25 -64.5 0.2454369260617026 3
0000 0007 1711005721656 3.25 -65.0 5.921165841238575 3
0000 0012 1711005721657 -6.5 -53.0 2.5157284921324514 3
0000 0011 1711005721657 22.75 -62.5 0.7240389318820226 3
0000 0004 1711005721657 13.0 -60.0 5.559146375297564 3
0000 0008 1711005721658 7.875 -78.5 5.8475347634200645 3
0000 0000 1711005721658 -26.0 -70.5 1.607611865704152 3
0000 0011 1711005721658 16.25 -58.5 0.859029241215959 3
0000 0012 1711005721658 -13.0 -51.5 2.564815877344792 3
0000 0010 1711005721659 19.5 -61.0 2.5893595699509624 3
0000 0009 1711005721659 24.375 -68.5 4.620350133111551 3
0000 0014 1711005721660 -19.5 -61.0 3.466796580621549 3
0000 0004 1711005721660 -13.0 -62.0 4.828971520263998 3
0000 0007 1711005721660 -6.5 -69.5 3.736777199289422 3
0000 0013 1711005721660 -65.0625 -67.0 5.890486225480862 3
0000 0013 1711005721878 6.5 -67.0 5.681864838328415 3
0000 0004 1711005721879 65.0625 -62.0 4.6878452877785195 3
0000 0014 1711005721879 0.0 -60.5 3.2827188860752723 3
0000 0012 1711005721879 -19.5 -52.5 2.3746022596469727 3
0000 0009 1711005721880 -38.1875 -70.0 4.896466674930966 3
0000 0010 1711005721880 45.5625 -60.5 2.478912953223196 3
0000 0007 1711005721880 45.5625 -67.5 3.11091303783208 3
0000 0011 1711005721881 -3.25 -60.5 0.859029241215959 3
0000 0000 1711005721881 -9.75 -69.5 1.4296700943094176 3
0000 0005 1711005721881 6.5 -70.0 1.9481556006147642 3
0000 0007 1711005721881 32.5 -64.5 3.5036121195308043 3
0000 0013 1711005721882 -136.6875 -68.5 6.025476534814799 3
0000 0010 1711005721882 -32.5 -60.0 2.325514874434632 3
0000 0011 1711005721882 -9.75 -60.0 0.9817477042468103 3
0000 0012 1711005721883 -9.75 -52.0 2.466641106920111 3
0000 0009 1711005721883 159.5 -71.5 4.442408361716817 3
0000 0014 1711005721883 19.5 -60.0 3.4913402732277192 3
0000 0004 1711005721884 -13.0 -61.5 5.595961914206819 3
0000 0005 1711005721884 97.625 -68.5 2.172116795646068 3
0000 0000 1711005721884 6.5 -68.5 1.368310862793992 3
0000 0008 1711005722220 -0.25 -77.5 0.25157284921324513 3
0000 0011 1711005722220 -13.0 -60.5 1.4419419406125027 3
0000 0014 1711005722221 16.25 -60.0 3.6079228131070282 3
0000 0013 1711005722221 -35.75 -66.0 5.595961914206819 3
0000 0012 1711005722221 19.5 -52.0 2.6568547246179306 3
0000 0004 1711005722222 -32.5 -62.5 0.14726215563702155 3
0000 0000 1711005722222 114.6875 -68.5 1.1719613219446299 3
0000 0010 1711005722222 -26.0 -57.5 2.478912953223196 3
0000 0009 1711005722223 -131.8125 -69.0 4.896466674930966 3
0000 0007 1711005722223 55.3125 -67.0 5.0253210611133605 3
0000 0008 1711005722223 -3.0 -77.0 0.16566992509164924 3
0000 0006 1711005722224 2.5625 -78.0 1.6812429435226628 3
0000 0011 1711005722224 39.0 -63.5 1.3437671701878218 3
0000 0004 1711005722224 -35.75 -63.0 0.5645049299419159 3
0000 0007 1711005722225 81.375 -67.0 6.117515382087937 3
0000 0014 1711005722225 -13.0 -60.0 3.6999616603801666 3
0000 0012 1711005722225 9.75 -52.0 2.748893571891069 3
0000 0000 1711005722225 104.125 -69.5 1.1106020904292042 3
0000 0010 1711005722226 -3.25 -56.0 2.5402721847386216 3
0000 0013 1711005722226 -133.4375 -66.5 6.154330920997192 3
0000 0009 1711005722226 -87.875 -71.5 5.442563835418255 3
0000 0006 1711005722469 -9.125 -78.0 1.846912868614312 3
0000 0008 1711005722469 4.25 -76.5 0.32520392703175593 3
0000 0010 1711005722470 0.0 -56.5 2.675262494072558 3
0000 0011 1711005722470 -3.25 -63.5 1.5401167110371838 3
0000 0013 1711005722470 -9.75 -66.5 6.025476534814799 3
0000 0000 1711005722471 107.375 -68.0 0.9265243958829272 3
0000 0004 1711005722471 16.25 -63.5 0.4049709280018093 3
0000 0012 1711005722471 -6.5 -52.0 2.804116880254952 3
0000 0014 1711005722472 -42.3125 -59.5 3.749049045592507 3
0000 0007 1711005722472 -110.625 -68.0 0.5399612373357456 3
0000 0009 1711005722472 30.875 -72.0 5.3198453723874035 3
0000 0008 1711005722472 -4.875 -77.0 0.3436116964863836 3
0000 0006 1711005722473 -12.1875 -78.0 1.9512235621905356 3
0000 0005 1711005722616 -1.125 -72.5 1.5278448647340985 3
0000 0000 1711005722616 19.5 -68.0 1.1290098598838318 3
0000 0014 1711005722617 -35.75 -60.0 3.6999616603801666 3
0000 0009 1711005722617 3.25 -73.0 4.718524903536232 3
0000 0012 1711005722617 9.75 -52.0 2.7857091108003242 3
0000 0013 1711005722618 -45.5625 -66.0 5.829126993965437 3
0000 0010 1711005722618 35.75 -57.0 2.497320722677824 3
0000 0004 1711005722618 -19.5 -63.5 6.270913460876501 3
0000 0011 1711005722619 -3.25 -61.0 1.7855536370988863 3
0000 0007 1711005722619 -13.0 -65.5 0.06135923151542565 3
0000 0005 1711005722619 -4.0625 -70.5 4.562058863171897 3
0000 0008 1711005722620 0.0 -77.0 0.3436116964863836 3
0000 0014 1711005722620 -42.3125 -60.0 3.6140587362585705 3
0000 0005 1711005722621 -26.0 -68.0 4.09266074207889 3
0000 0013 1711005722621 -78.0625 -67.0 5.816855147662351 3
0000 0010 1711005722621 0.0 -58.0 2.4727770300716534 3
0000 0000 1711005722622 16.25 -68.5 1.0676506283684062 3
0000 0012 1711005722622 -9.75 -52.5 2.748893571891069 3
0000 0007 1711005722622 -87.875 -62.5 5.792311455056181 3
0000 0009 1711005722623 -187.125 -72.5 5.123495831538041 3
0000 0004 1711005722623 -9.75 -62.0 5.878214379177777 3
0000 0011 1711005722623 -19.5 -59.5 1.6873788666742053 3
0000 0008 1711005722719 3.0 -77.5 0.1902136176978195 3
0000 0012 1711005722863 13.0 -52.0 2.693670263527186 3
0000 0014 1711005722863 0.0 -60.0 3.6324665057131984 3
0000 0004 1711005722863 -68.3125 -61.5 5.822991070813893 3
0000 0011 1711005722864 -9.75 -59.0 1.5892040962495242 3
0000 0009 1711005722864 -55.3125 -73.0 4.7860200582032 3
0000 0000 1711005722864 -35.75 -69.5 0.9756117810952678 3
0000 0010 1711005722865 -3.25 -58.5 2.478912953223196 3
0000 0007 1711005722865 -22.75 -63.0 5.258486140871978 3
0000 0005 1711005722865 16.25 -68.5 3.522019888985432 3
0000 0013 1711005722866 71.5625 -68.0 5.485515297479052 3
0000 0008 1711005722866 -4.0625 -78.0 0.1227184630308513 3
0000 0011 1711005722866 26.0 -59.0 1.6505633277649499 3
0000 0007 1711005722867 16.25 -63.0 5.178719139901925 3
0000 0004 1711005722867 -61.8125 -61.5 5.681864838328415 3
0000 0009 1711005722868 55.3125 -72.5 4.479223900626073 3
0000 0012 1711005722868 6.5 -52.0 2.791845033951867 3
0000 0005 1711005722868 -111.4375 -69.0 3.1231848841351653 3
0000 0014 1711005722868 -42.3125 -60.5 3.9638063558964967 3
0000 0013 1711005722869 -126.9375 -68.0 6.013204688511713 3
0000 0010 1711005722869 29.25 -58.0 2.693670263527186 3
0000 0000 1711005722869 71.5625 -68.5 0.7240389318820226 3
0000 0008 1711005722968 22.5625 -77.5 6.050020227420969 3
0000 0005 1711005723096 -13.0 -68.5 3.2459033471660166 3
0000 0007 1711005723096 -58.5625 -63.5 5.516194913236766 3
0000 0000 1711005723096 -69.125 -69.0 0.8160777791551611 3
0000 0011 1711005723096 42.3125 -59.5 1.7119225592803755 3
0000 0004 1711005723097 9.75 -61.0 5.583690067903734 3
0000 0012 1711005723097 6.5 -52.5 2.791845033951867 3
0000 0013 1711005723097 42.3125 -67.5 5.6143696836614465 3
0000 0010 1711005723098 -26.0 -57.5 2.773437264497239 3
0000 0014 1711005723098 -6.5 -60.0 3.9515345095934116 3
0000 0009 1711005723098 -239.25 -73.5 4.792155981354743 3
0000 0008 1711005723099 3.625 -77.5 6.12365130523948 3
0000 0014 1711005723099 -39.0 -60.5 3.9638063558964967 3
0000 0007 1711005723100 48.8125 -63.0 5.565282298449106 3
0000 0004 1711005723100 -26.0 -61.5 5.638913376267617 3
0000 0011 1711005723100 26.0 -60.5 1.7671458676442586 3
0000 0012 1711005723101 19.5 -52.0 2.7550294950426117 3
0000 0013 1711005723101 35.75 -67.0 5.737088146692298 3
0000 0010 1711005723102 0.0 -57.0 2.748893571891069 3
0000 0005 1711005723102 149.6875 -69.0 3.0127382674073995 3
0000 0000 1711005723102 84.625 -70.0 0.5890486225480862 3
0000 0009 1711005723103 -24.375 -73.5 4.81056375080937 3
0000 0008 1711005723218 0.0 -77.5 5.878214379177777 3
0000 0014 1711005723219 0.0 -60.0 3.902447124381071 3
0000 0012 1711005723219 26.0 -52.0 2.718213956133356 3
0000 0000 1711005723219 45.5625 -68.5 0.4663301595172349 3
0000 0010 1711005723220 29.25 -57.0 2.761165418194154 3
0000 0011 1711005723220 61.8125 -61.5 1.6566992509164924 3
0000 0005 1711005723220 110.625 -69.0 3.2213596545598464 3
0000 0013 1711005723220 -19.5 -66.5 5.6941366846315 3
0000 0009 1711005723221 21.125 -72.0 4.779884135051658 3
0000 0004 1711005723221 -39.0 -61.0 5.540738605842936 3
0000 0007 1711005723221 26.0 -63.5 5.583690067903734 3
0000 0008 1711005723467 27.4375 -77.5 5.724816300389213 3
0000 0010 1711005723467 13.0 -57.5 2.82252464970958 3
0000 0007 1711005723468 48.8125 -63.5 5.577554144752192 3
0000 0014 1711005723468 3.25 -60.0 3.8840393549264434 3
0000 0004 1711005723468 -3.25 -61.0 5.356660911296659 3
0000 0011 1711005723469 91.125 -62.0 1.6321555583103222 3
0000 0013 1711005723469 -9.75 -66.5 5.749359992995383 3
0000 0012 1711005723469 9.75 -52.0 2.705942109830271 3
0000 0000 1711005723470 100.875 -69.5 0.4724660826687775 3
0000 0009 1711005723470 24.375 -71.0 4.921010367537137 3
0000 0008 1711005723470 11.5625 -76.5 6.019340611663256 3
0000 0009 1711005723470 -177.375 -70.0 5.283029833478148 3
0000 0012 1711005723471 16.25 -52.5 2.675262494072558 3
0000 0010 1711005723472 3.25 -57.0 2.8716120349219203 3
0000 0004 1711005723472 16.25 -60.5 5.2768939103266055 3
0000 0014 1711005723472 19.5 -60.5 3.847223816017188 3
0000 0013 1711005723473 -9.75 -68.0 5.822991070813893 3
0000 0007 1711005723473 -6.5 -63.5 5.706408530934585 3
0000 0000 1711005723473 45.5625 -69.0 0.4356505437595221 3
0000 0011 1711005723473 0.0 -61.5 1.705786636128833 3
0000 0005 1711005723474 -3.25 -68.5 3.552699504743145 3
0000 0008 1711005723679 3.625 -76.5 5.9088939949354895 3
0000 0009 1711005723679 -69.125 -71.0 5.086680292628786 3
0000 0005 1711005723679 29.25 -69.5 3.448388811166921 3
0000 0014 1711005723680 3.25 -60.5 3.9269908169872414 3
0000 0013 1711005723680 52.0625 -66.5 5.71868037723767 3
0000 0007 1711005723680 -35.75 -63.0 5.724816300389213 3
0000 0012 1711005723681 -9.75 -52.0 2.742757648739526 3
0000 0010 1711005723681 48.8125 -57.0 2.8532042654672924 3
0000 0000 1711005723681 -22.75 -69.0 0.5951845456996288 3
0000 0004 1711005723682 -48.8125 -60.5 5.375068680751287 3
0000 0011 1711005723682 65.0625 -61.0 1.6382914814618648 3
0000 0008 1711005723682 143.1875 -73.0 6.19728238305799 3
0000 0010 1711005723683 -3.25 -57.0 3.0066023442558567 3
0000 0004 1711005723683 19.5 -60.5 5.289165756629691 3
0000 0014 1711005723684 -35.75 -60.5 3.9760782021995817 3
0000 0007 1711005723684 -42.3125 -63.5 5.663457068873787 3
0000 0008 1711005723684 -218.0625 -73.5 0.11658253987930872 3
0000 0011 1711005723685 74.8125 -61.0 1.6014759425526093 3
0000 0005 1711005723685 -16.25 -68.0 3.380893656499953 3
0000 0009 1711005723685 -183.875 -70.5 5.221670601962723 3
0000 0013 1711005723685 55.3125 -67.0 5.743224069843841 3
0000 0012 1711005723686 -16.25 -52.5 2.779573187648782 3
0000 0000 1711005723686 182.25 -68.0 0.34974761963792617 3
0000 0012 1711005723908 16.25 -52.0 2.718213956133356 3
0000 0014 1711005723909 -16.25 -60.5 3.9760782021995817 3
0000 0009 1711005723909 -52.0625 -70.0 5.295301679781233 3
0000 0005 1711005723909 -143.1875 -69.0 3.663146121470911 3
0000 0010 1711005723910 -13.0 -57.5 3.074097498922825 3
0000 0013 1711005723910 29.25 -67.0 5.71868037723767 3
0000 0000 1711005723910 6.5 -69.0 0.619728238305799 3
0000 0007 1711005723911 -35.75 -63.5 5.632777453116074 3
0000 0011 1711005723911 0.0 -61.0 1.7671458676442586 3
0000 0004 1711005723911 0.0 -61.0 5.405748296509 3
0000 0008 1711005723911 169.25 -74.0 6.013204688511713 3
0000 0000 1711005723912 7.3125 -70.0 0.6135923151542565 3
0000 0007 1711005723912 -68.3125 -63.0 5.651185222570702 3
0000 0014 1711005723912 -29.25 -60.5 4.000621894805752 3
0000 0004 1711005723913 16.25 -60.5 5.473243451175968 3
0000 0013 1711005723913 -110.625 -67.0 5.902758071783947 3
0000 0011 1711005723913 -3.25 -61.0 1.7671458676442586 3
0000 0010 1711005723914 -6.5 -56.5 3.1231848841351653 3
0000 0012 1711005723914 6.5 -52.5 2.773437264497239 3
0000 0005 1711005723914 -26.0 -68.5 3.399301425954581 3
0000 0008 1711005723915 -117.125 -74.0 0.1902136176978195 3
0000 0009 1711005723915 -208.3125 -70.0 5.301437602932776 3
