0000 0004 1710493939138 6.5 -62.0 0.07976700097005335 16
0000 0003 1710493939139 110.625 -72.5 1.3989904785517047 16
0000 0014 1710493939139 32.5 -66.0 0.944932165337555 16
0000 0005 1710493939139 -173.3125 -70.5 5.135767677841127 16
0000 0003 1710493939140 -58.5625 -70.5 1.5953400194010667 16
0000 0007 1710493939140 32.5 -65.5 2.9697868053466014 16
0000 0002 1710493939141 -9.75 -63.5 1.2517283229146832 16
0000 0004 1710493939141 29.25 -61.5 0.06135923151542565 16
0000 0015 1710493939141 -52.0625 -66.0 0.17794177139473438 16
0000 0014 1710493939142 13.0 -65.5 1.0185632431560658 16
0000 0005 1710493939142 -93.5625 -70.0 5.049864753719531 16
0000 0012 1710493939143 -30.875 -66.5 3.522019888985432 16
0000 0006 1710493939143 -107.375 -66.5 4.8351074434155406 16
0000 0008 1710493939143 -27.625 -69.5 5.049864753719531 16
0000 0005 1710493939143 -41.5 -71.5 4.97623367590102 16
0000 0003 1710493939256 185.5 -70.5 1.1290098598838318 16
0000 0015 1710493939256 45.5625 -66.0 0.03681553890925539 16
0000 0006 1710493939256 71.5625 -66.5 4.540583132141498 16
0000 0004 1710493939256 19.5 -62.0 0.11658253987930872 16
0000 0012 1710493939257 55.3125 -66.0 3.3747577333484107 16
0000 0007 1710493939257 6.5 -66.0 2.945243112740431 16
0000 0014 1710493939257 52.0625 -65.5 0.9326603190344698 16
0000 0002 1710493939258 -35.75 -63.0 1.3008157081270237 16
0000 0008 1710493939258 -15.4375 -69.5 5.056000676871073 16
0000 0005 1710493939258 41.5 -72.0 1.7211264440076894 16
0000 0002 1710493939259 -42.3125 -63.0 1.3008157081270237 16
0000 0007 1710493939259 -3.25 -65.0 2.9759227284981438 16
0000 0014 1710493939260 16.25 -66.0 0.9756117810952678 16
0000 0004 1710493939260 -3.25 -61.0 0.07363107781851078 16
0000 0003 1710493939261 29.25 -71.0 1.4603497100671303 16
0000 0012 1710493939261 146.4375 -66.5 3.1968159619536762 16
0000 0015 1710493939262 55.3125 -65.0 6.277049384028044 16
0000 0006 1710493939262 -55.3125 -67.5 4.749204519293945 16
0000 0008 1710493939389 17.0625 -70.0 4.945554060143307 16
0000 0005 1710493939389 3.1875 -72.5 4.859651136021712 16
0000 0014 1710493939389 -6.5 -66.0 0.944932165337555 16
0000 0002 1710493939390 -42.3125 -63.0 1.3130875544301088 16
0000 0015 1710493939390 68.3125 -65.5 6.191146459906448 16
0000 0003 1710493939390 35.75 -70.5 1.4480778637640452 16
0000 0007 1710493939391 -16.25 -65.5 3.000466421104314 16
0000 0012 1710493939391 78.0625 -66.5 3.3502140407422405 16
0000 0006 1710493939391 9.75 -67.5 4.589670517353839 16
0000 0004 1710493939392 22.75 -62.0 0.09203884727313846 16
0000 0008 1710493939392 -9.75 -70.0 5.049864753719531 16
0000 0005 1710493939612 5.75 -72.5 4.81056375080937 16
0000 0003 1710493939612 156.1875 -71.0 1.3192234775816514 16
0000 0004 1710493939612 9.75 -62.0 0.07363107781851078 16
0000 0014 1710493939612 -26.0 -66.5 1.055378782065321 16
0000 0007 1710493939613 52.0625 -65.5 3.000466421104314 16
0000 0012 1710493939613 97.625 -66.5 3.3624858870453256 16
0000 0015 1710493939613 -19.5 -65.5 0.14112623248547898 16
0000 0006 1710493939614 -9.75 -67.0 4.706253057233147 16
0000 0002 1710493939614 48.8125 -64.0 1.1351457830353744 16
0000 0008 1710493939614 11.375 -69.5 4.960893868022164 16
0000 0005 1710493939615 -5.1875 -72.5 4.871922982324796 16
0000 0007 1710493939615 -35.75 -65.5 3.11091303783208 16
0000 0006 1710493939616 -71.5625 -67.5 4.755340442445488 16
0000 0004 1710493939616 6.5 -61.5 0.07976700097005335 16
0000 0015 1710493939616 91.125 -66.0 6.209554229361076 16
0000 0002 1710493939616 -9.75 -63.0 1.2210487071569704 16
0000 0014 1710493939617 117.125 -66.5 0.8774370106705868 16
0000 0003 1710493939617 -42.3125 -71.5 1.576932249946439 16
0000 0012 1710493939617 39.0 -66.0 3.356349963893783 16
0000 0008 1710493939655 -12.1875 -70.0 4.991573483779876 16
0000 0005 1710493939852 10.375 -72.5 4.779884135051658 16
0000 0006 1710493939852 48.8125 -67.0 4.638757902566179 16
0000 0003 1710493939852 26.0 -70.5 1.6566992509164924 16
0000 0012 1710493939853 10.5625 -66.5 3.3747577333484107 16
0000 0002 1710493939853 -13.0 -63.5 1.2333205534600555 16
0000 0007 1710493939853 16.25 -65.0 2.9697868053466014 16
0000 0004 1710493939854 -48.8125 -61.5 0.11044661672776616 16
0000 0014 1710493939855 -35.75 -66.0 1.0737865515199487 16
0000 0015 1710493939855 45.5625 -66.5 6.240233845118788 16
0000 0005 1710493939855 -12.9375 -72.5 4.933282213840222 16
0000 0008 1710493939855 3.0 -70.5 4.957825906446392 16
0000 0007 1710493939856 -29.25 -66.0 2.9636508821950587 16
0000 0002 1710493939857 45.5625 -63.0 1.1167380135807468 16
0000 0015 1710493939857 39.0 -66.0 6.264777537724958 16
0000 0012 1710493939857 6.5 -66.5 3.448388811166921 16
0000 0006 1710493939858 120.4375 -67.5 4.3933209765044765 16
0000 0014 1710493939858 42.3125 -66.5 0.9756117810952678 16
0000 0003 1710493939858 52.0625 -70.0 1.4787574795217582 16
0000 0004 1710493939859 3.25 -61.5 0.04295146206079795 16
0000 0005 1710493939889 35.75 -71.5 4.853515212870168 16
0000 0008 1710493939889 8.5 -70.5 4.933282213840222 16
0000 0006 1710493940105 -22.75 -66.5 4.73693267299086 16
0000 0007 1710493940105 6.5 -65.5 2.988194574801229 16
0000 0012 1710493940105 -9.75 -66.5 3.3379421944391554 16
0000 0003 1710493940106 -68.3125 -70.5 1.6751070203711202 16
0000 0002 1710493940106 -3.25 -63.0 1.2333205534600555 16
0000 0004 1710493940106 -22.75 -62.0 0.11658253987930872 16
0000 0015 1710493940107 6.5 -66.5 0.04908738521234052 16
0000 0014 1710493940107 133.4375 -66.0 0.8528933180644165 16
0000 0005 1710493940107 1.9375 -72.5 4.921010367537137 16
0000 0008 1710493940107 0.0 -70.0 1.8039614065535141 16
0000 0014 1710493940108 32.5 -66.0 1.000155473701438 16
0000 0003 1710493940108 68.3125 -71.0 1.2762720155208536 16
0000 0015 1710493940109 19.5 -66.0 6.277049384028044 16
0000 0006 1710493940109 -9.75 -67.5 4.71238898038469 16
0000 0004 1710493940109 -9.75 -62.0 0.03681553890925539 16
0000 0002 1710493940110 -16.25 -63.0 1.239456476611598 16
0000 0007 1710493940110 26.0 -65.5 2.8777479580734626 16
0000 0012 1710493940110 94.375 -67.0 3.313398501832985 16
0000 0008 1710493940141 6.0625 -70.0 4.957825906446392 16
0000 0005 1710493940141 6.5 -72.0 4.822835597112456 16
0000 0006 1710493940347 13.0 -67.5 4.534447208989955 16
0000 0014 1710493940347 -13.0 -67.0 0.9142525495798421 16
0000 0012 1710493940347 -58.5625 -67.0 3.4913402732277192 16
0000 0015 1710493940347 -48.8125 -66.0 0.1349903093339364 16
0000 0004 1710493940348 -52.0625 -62.0 0.1043106935762236 16
0000 0007 1710493940348 48.8125 -65.5 2.9329712664373457 16
0000 0002 1710493940348 13.0 -63.5 1.1903690913992575 16
0000 0003 1710493940349 -68.3125 -71.0 1.5892040962495242 16
0000 0005 1710493940349 39.0625 -72.0 4.764544327172802 16
0000 0008 1710493940349 -4.875 -70.5 5.006913291658733 16
0000 0014 1710493940350 -87.875 -66.5 1.1351457830353744 16
0000 0007 1710493940350 -68.3125 -65.0 3.074097498922825 16
0000 0002 1710493940351 35.75 -63.0 1.1228739367322893 16
0000 0006 1710493940351 -94.375 -67.0 4.792155981354743 16
0000 0012 1710493940352 120.4375 -66.0 3.2704470397721868 16
0000 0004 1710493940352 -19.5 -62.5 0.09203884727313846 16
0000 0015 1710493940352 13.0 -66.5 0.006135923151542565 16
0000 0003 1710493940353 -19.5 -71.0 1.6137477888556946 16
0000 0005 1710493940388 24.375 -72.0 4.746136557718174 16
0000 0008 1710493940388 -6.0625 -70.0 4.994641445355648 16
0000 0002 1710493940582 6.5 -63.5 1.1780972450961724 16
0000 0015 1710493940582 42.3125 -66.5 0.06135923151542565 16
0000 0006 1710493940582 55.3125 -67.0 4.522175362686871 16
0000 0014 1710493940583 58.5625 -66.0 1.012427320004523 16
0000 0005 1710493940583 34.9375 -71.0 4.8351074434155406 16
0000 0007 1710493940583 32.5 -65.5 2.9268353432858034 16
0000 0012 1710493940584 -26.0 -67.0 3.411573272257666 16
0000 0004 1710493940584 22.75 -61.0 0.0 16
0000 0003 1710493940584 -78.0625 -72.0 1.607611865704152 16
0000 0005 1710493940585 52.0625 -71.5 4.755340442445488 16
0000 0008 1710493940585 14.0 -70.5 4.945554060143307 16
0000 0004 1710493940585 -68.3125 -62.0 0.09817477042468103 16
0000 0012 1710493940586 -22.75 -67.5 3.3747577333484107 16
0000 0006 1710493940586 -22.75 -66.5 4.693981210930062 16
0000 0014 1710493940587 -26.0 -66.0 1.0492428589137786 16
0000 0003 1710493940587 6.5 -70.5 1.4971652489763858 16
0000 0002 1710493940587 55.3125 -63.0 1.1044661672776617 16
0000 0007 1710493940587 -32.5 -66.0 3.031146036862027 16
0000 0015 1710493940588 -65.0625 -66.0 0.1718058482431918 16
0000 0005 1710493940639 -13.0 -71.5 1.705786636128833 16
0000 0008 1710493940640 7.875 -70.5 4.908738521234052 16
0000 0002 1710493940835 -3.25 -63.0 1.1658253987930873 16
0000 0015 1710493940835 -162.75 -65.5 0.3374757733348411 16
0000 0014 1710493940836 -71.5625 -66.5 1.0615147052168636 16
0000 0006 1710493940836 -3.25 -67.0 4.724660826687775 16
0000 0003 1710493940836 -162.75 -70.5 1.7303303287350031 16
0000 0007 1710493940837 -48.8125 -65.5 3.0250101137104846 16
0000 0004 1710493940837 -9.75 -62.0 0.030679615757712823 16
0000 0012 1710493940837 19.5 -66.0 3.466796580621549 16
0000 0005 1710493940838 20.3125 -71.5 4.890330751779424 16
0000 0008 1710493940838 6.6875 -70.5 4.92714629068868 16
0000 0004 1710493940838 -32.5 -61.5 0.02454369260617026 16
0000 0015 1710493940838 -52.0625 -66.0 0.16566992509164924 16
0000 0014 1710493940840 13.0 -66.5 0.9940195505498954 16
0000 0007 1710493940840 136.6875 -65.0 2.767301341345697 16
0000 0005 1710493940840 -35.75 -71.0 4.963961829597935 16
0000 0006 1710493940841 -9.75 -67.0 4.706253057233147 16
0000 0002 1710493940841 -26.0 -63.5 1.2333205534600555 16
0000 0003 1710493940841 175.75 -71.5 1.1474176293384597 16
0000 0012 1710493940842 113.875 -66.5 3.2949907323783574 16
0000 0008 1710493940891 -12.1875 -70.0 4.994641445355648 16
0000 0006 1710493941138 81.375 -66.5 4.522175362686871 16
0000 0007 1710493941139 16.25 -65.5 2.890019804376548 16
0000 0004 1710493941139 -55.3125 -61.5 0.07363107781851078 16
0000 0012 1710493941139 -9.75 -66.5 3.411573272257666 16
0000 0014 1710493941140 22.75 -65.5 0.9572040116406401 16
0000 0002 1710493941140 -9.75 -63.0 1.1965050145508 16
0000 0005 1710493941140 -182.25 -69.0 5.105088062083414 16
0000 0015 1710493941140 65.0625 -66.5 6.22182607566416 16
0000 0003 1710493941141 -32.5 -70.5 1.4480778637640452 16
0000 0008 1710493941141 5.6875 -70.0 4.924078329112908 16
0000 0012 1710493941389 110.625 -66.5 3.227495577711389 16
0000 0007 1710493941389 -42.3125 -65.0 2.9759227284981438 16
0000 0004 1710493941389 35.75 -61.5 6.2034183062095325 16
0000 0002 1710493941390 -26.0 -63.0 1.2026409377023426 16
0000 0003 1710493941390 -45.5625 -70.0 1.380582709097077 16
0000 0006 1710493941390 48.8125 -67.0 4.565126824747668 16
0000 0005 1710493941391 111.4375 -70.5 4.822835597112456 16
0000 0015 1710493941391 -22.75 -66.0 0.1227184630308513 16
0000 0014 1710493941391 22.75 -65.5 0.9817477042468103 16
0000 0008 1710493941392 -8.5 -70.5 4.914874444385594 16
0000 0005 1710493941524 -38.1875 -69.0 4.896466674930966 16
0000 0002 1710493941524 45.5625 -63.0 1.0615147052168636 16
0000 0015 1710493941524 -6.5 -66.0 0.1595340019401067 16
0000 0004 1710493941525 -26.0 -61.5 6.270913460876501 16
0000 0003 1710493941525 -45.5625 -70.0 1.4296700943094176 16
0000 0014 1710493941525 39.0 -66.0 0.9878836273983529 16
0000 0012 1710493941525 -35.75 -67.0 3.411573272257666 16
0000 0007 1710493941526 -9.75 -64.5 2.9697868053466014 16
0000 0006 1710493941526 -91.125 -66.5 4.71238898038469 16
0000 0008 1710493941526 -2.4375 -70.5 1.7119225592803755 16
0000 0005 1710493941527 83.0 -71.0 4.675573441475434 16
0000 0002 1710493941527 -87.875 -63.0 1.3008157081270237 16
0000 0003 1710493941528 107.375 -70.0 1.4971652489763858 16
0000 0004 1710493941528 -3.25 -62.0 6.2463697682703305 16
0000 0015 1710493941528 -22.75 -66.0 0.11658253987930872 16
0000 0012 1710493941529 -3.25 -66.0 3.423845118560751 16
0000 0006 1710493941529 -42.3125 -67.0 4.767612288748572 16
0000 0014 1710493941530 -22.75 -66.5 1.0492428589137786 16
0000 0007 1710493941530 3.25 -65.0 2.9697868053466014 16
0000 0008 1710493941638 0.0 -70.5 4.884194828627882 16
0000 0015 1710493941824 -3.25 -66.5 0.03681553890925539 16
0000 0005 1710493941825 -156.1875 -69.5 5.037592907416445 16
0000 0002 1710493941825 32.5 -62.5 1.1290098598838318 16
0000 0007 1710493941825 48.8125 -64.0 2.9084275738311756 16
0000 0014 1710493941825 100.875 -65.5 0.8528933180644165 16
0000 0006 1710493941826 -35.75 -67.5 4.693981210930062 16
0000 0004 1710493941826 -3.25 -62.0 6.258641614573416 16
0000 0012 1710493941826 81.375 -66.0 3.2765829629237295 16
0000 0003 1710493941827 -29.25 -70.5 1.5707963267948966 16
0000 0008 1710493941827 -29.25 -70.0 1.7548740213411735 16
0000 0014 1710493941827 52.0625 -65.0 0.9878836273983529 16
0000 0003 1710493941828 68.3125 -70.5 1.2517283229146832 16
0000 0002 1710493941828 -78.0625 -62.5 1.2517283229146832 16
0000 0015 1710493941829 -55.3125 -66.0 0.19634954084936207 16
0000 0006 1710493941829 -19.5 -67.5 4.76147636559703 16
0000 0012 1710493941829 58.5625 -66.0 3.3379421944391554 16
0000 0004 1710493941830 19.5 -61.5 6.22182607566416 16
0000 0007 1710493941830 -48.8125 -65.5 3.0250101137104846 16
0000 0005 1710493941830 -30.875 -70.0 4.933282213840222 16
0000 0008 1710493941899 -11.375 -70.0 4.967029791173706 16
0000 0003 1710493942148 -110.625 -70.5 1.6321555583103222 16
0000 0004 1710493942148 9.75 -61.5 6.264777537724958 16
0000 0012 1710493942148 16.25 -66.5 3.436116964863836 16
0000 0005 1710493942149 -131.8125 -70.5 4.957825906446392 16
0000 0006 1710493942149 13.0 -67.0 4.589670517353839 16
0000 0014 1710493942149 -22.75 -66.0 1.1044661672776617 16
0000 0002 1710493942150 -16.25 -63.0 1.1658253987930873 16
0000 0007 1710493942150 -52.0625 -65.0 2.9145634969827183 16
0000 0015 1710493942150 16.25 -66.0 6.264777537724958 16
0000 0008 1710493942151 4.875 -70.0 4.973165714325249 16
0000 0003 1710493942376 22.75 -70.0 1.552388557340269 16
0000 0004 1710493942376 19.5 -61.5 6.258641614573416 16
0000 0014 1710493942376 -22.75 -66.5 1.0369710126106935 16
0000 0002 1710493942376 39.0 -63.5 1.0983302441261191 16
0000 0007 1710493942377 39.0 -65.0 2.859340188618835 16
0000 0005 1710493942377 -3.25 -71.0 4.896466674930966 16
0000 0015 1710493942377 19.5 -66.0 0.11044661672776616 16
0000 0006 1710493942377 -26.0 -67.0 4.71238898038469 16
0000 0012 1710493942378 -74.8125 -66.5 3.454524734318464 16
0000 0008 1710493942379 18.25 -70.5 4.767612288748572 16
0000 0007 1710493942379 16.25 -65.5 2.9820586516496865 16
0000 0005 1710493942379 79.75 -70.0 4.675573441475434 16
0000 0002 1710493942380 -26.0 -63.0 1.2333205534600555 16
0000 0012 1710493942381 -42.3125 -67.0 3.3318062712876126 16
0000 0004 1710493942381 -26.0 -61.5 0.07363107781851078 16
0000 0014 1710493942381 19.5 -66.0 0.9940195505498954 16
0000 0003 1710493942381 -6.5 -70.5 1.4664856332186729 16
0000 0015 1710493942382 -84.625 -65.5 0.1349903093339364 16
0000 0006 1710493942382 -107.375 -67.0 4.884194828627882 16
0000 0008 1710493942648 1.8125 -70.5 4.859651136021712 16
0000 0015 1710493942648 -22.75 -66.0 0.07976700097005335 16
0000 0002 1710493942649 0.0 -63.0 1.227184630308513 16
0000 0007 1710493942649 65.0625 -65.0 2.8532042654672924 16
0000 0004 1710493942649 3.25 -61.5 0.030679615757712823 16
0000 0005 1710493942650 -78.0625 -70.5 4.7307967498393175 16
0000 0003 1710493942650 -29.25 -71.0 1.41126232485479 16
0000 0012 1710493942650 48.8125 -66.5 3.3440781175906977 16
0000 0014 1710493942650 -55.3125 -65.5 1.0185632431560658 16
0000 0006 1710493942651 35.75 -66.5 4.669437518323892 16
0000 0008 1710493942651 21.125 -70.0 4.838175404991312 16
0000 0005 1710493942651 26.0 -71.5 4.64182586414195 16
0000 0015 1710493942864 52.0625 -66.0 0.0 16
0000 0006 1710493942864 -110.625 -67.0 4.822835597112456 16
0000 0007 1710493942864 35.75 -65.0 3.160000423044421 16
0000 0003 1710493942865 19.5 -70.5 1.5155730184310134 16
0000 0002 1710493942865 0.0 -62.5 1.1658253987930873 16
0000 0004 1710493942865 -45.5625 -62.0 0.05522330836388308 16
0000 0008 1710493942866 71.5625 -68.0 1.8223691760081417 16
0000 0012 1710493942866 139.9375 -67.0 3.147728576741336 16
0000 0014 1710493942866 71.5625 -65.0 0.9326603190344698 16
0000 0005 1710493942866 -1.625 -72.5 1.0952622825503477 16
0000 0004 1710493942867 -6.5 -61.5 6.22182607566416 16
0000 0014 1710493942867 81.375 -65.0 0.8897088569736719 16
0000 0002 1710493942868 48.8125 -63.0 1.1351457830353744 16
0000 0012 1710493942868 -16.25 -67.0 3.454524734318464 16
0000 0015 1710493942868 16.25 -65.5 0.02454369260617026 16
0000 0006 1710493942869 -3.25 -67.5 4.816699673960914 16
0000 0008 1710493942869 198.5625 -69.0 1.576932249946439 16
0000 0003 1710493942869 61.8125 -71.5 1.4542137869155878 16
0000 0007 1710493942870 91.125 -64.0 2.9145634969827183 16
0000 0005 1710493942870 -27.625 -69.5 3.9392626632903265 16
0000 0002 1710493943095 -39.0 -63.0 1.2640001692177683 16
0000 0012 1710493943095 -22.75 -66.0 3.5342917352885173 16
0000 0007 1710493943095 -97.625 -64.5 3.4913402732277192 16
0000 0008 1710493943095 107.375 -68.5 1.607611865704152 16
0000 0014 1710493943096 120.4375 -65.0 0.9387962421860124 16
0000 0004 1710493943096 -9.75 -61.5 0.0 16
0000 0003 1710493943096 -3.25 -70.0 1.4296700943094176 16
0000 0006 1710493943097 -42.3125 -66.5 4.755340442445488 16
0000 0015 1710493943097 6.5 -66.0 0.07976700097005335 16
0000 0005 1710493943097 -0.5625 -73.0 0.9817477042468103 16
0000 0004 1710493943098 -6.5 -61.5 0.0 16
0000 0012 1710493943098 3.25 -66.5 3.356349963893783 16
0000 0007 1710493943098 68.3125 -63.5 3.4606606574700063 16
0000 0003 1710493943098 110.625 -70.5 1.2640001692177683 16
0000 0006 1710493943099 -48.8125 -67.0 4.8351074434155406 16
0000 0014 1710493943099 -16.25 -65.5 1.055378782065321 16
0000 0015 1710493943100 48.8125 -65.0 6.258641614573416 16
0000 0002 1710493943100 -22.75 -63.0 1.227184630308513 16
0000 0008 1710493943139 -2.4375 -69.5 4.960893868022164 16
0000 0005 1710493943334 1.8125 -74.0 1.2087768608538851 16
0000 0002 1710493943334 16.25 -63.0 1.214912784005428 16
0000 0004 1710493943334 6.5 -62.0 0.018407769454627694 16
0000 0015 1710493943335 -13.0 -65.5 0.06135923151542565 16
0000 0007 1710493943335 -48.8125 -63.5 3.859495662320273 16
0000 0014 1710493943335 -68.3125 -65.0 1.1965050145508 16
0000 0003 1710493943336 -104.125 -69.5 1.5892040962495242 16
0000 0012 1710493943336 -211.5625 -66.0 3.80427235395639 16
0000 0006 1710493943336 -13.0 -67.0 4.81056375080937 16
0000 0008 1710493943337 -10.5625 -70.5 1.8530487917658545 16
0000 0005 1710493943337 -7.75 -73.5 4.295146206079795 16
0000 0004 1710493943337 32.5 -61.5 6.234097921967246 16
0000 0015 1710493943338 13.0 -66.0 0.09203884727313846 16
0000 0006 1710493943338 -68.3125 -66.5 4.865787059173254 16
0000 0012 1710493943338 -35.75 -67.0 3.454524734318464 16
0000 0007 1710493943339 -45.5625 -64.0 3.9085830475326135 16
0000 0014 1710493943339 -3.25 -66.0 1.012427320004523 16
0000 0002 1710493943339 68.3125 -63.0 1.0983302441261191 16
0000 0003 1710493943340 91.125 -71.5 1.368310862793992 16
0000 0008 1710493943388 -9.125 -70.5 4.9823695990525625 16
0000 0005 1710493943389 3.9375 -73.0 4.104932588381976 16
0000 0007 1710493943577 -32.5 -64.0 3.877903431774901 16
0000 0002 1710493943577 -55.3125 -62.5 1.2701360923693108 16
0000 0014 1710493943577 91.125 -65.5 0.944932165337555 16
0000 0003 1710493943577 253.875 -69.5 1.0983302441261191 16
0000 0015 1710493943578 -39.0 -66.0 0.11044661672776616 16
0000 0012 1710493943578 29.25 -67.5 3.3624858870453256 16
0000 0004 1710493943578 -3.25 -61.5 6.264777537724958 16
0000 0006 1710493943579 -48.8125 -67.5 4.7860200582032 16
0000 0005 1710493943579 -4.5625 -73.0 4.23378697456437 16
0000 0008 1710493943579 -3.0 -70.5 4.92714629068868 16
0000 0012 1710493943579 -3.25 -66.5 3.5158839658338894 16
0000 0002 1710493943580 35.75 -62.5 1.1535535524900022 16
0000 0015 1710493943580 -16.25 -65.5 0.0859029241215959 16
0000 0007 1710493943581 -39.0 -64.0 3.847223816017188 16
0000 0014 1710493943581 39.0 -65.0 1.012427320004523 16
0000 0004 1710493943581 3.25 -61.0 0.0 16
0000 0003 1710493943581 -22.75 -71.5 1.4480778637640452 16
0000 0006 1710493943582 -107.375 -67.0 4.908738521234052 16
0000 0005 1710493943638 -4.25 -73.0 4.264466590322082 16
0000 0008 1710493943638 -14.0 -70.5 4.988505522204105 16
0000 0003 1710493943816 -45.5625 -70.5 1.5953400194010667 16
0000 0014 1710493943817 0.0 -65.0 1.030835089459151 16
0000 0007 1710493943817 -6.5 -64.5 3.767456815047135 16
0000 0002 1710493943817 32.5 -63.0 1.1596894756415448 16
0000 0015 1710493943817 39.0 -66.0 0.0859029241215959 16
0000 0004 1710493943817 -9.75 -61.5 6.270913460876501 16
0000 0006 1710493943819 -100.875 -66.5 4.988505522204105 16
0000 0012 1710493943819 -78.0625 -67.0 3.5281558121369745 16
0000 0005 1710493943819 16.875 -73.0 4.154019973594316 16
0000 0008 1710493943819 -7.875 -71.0 4.945554060143307 16
0000 0004 1710493943820 42.3125 -61.5 6.166602767300278 16
0000 0003 1710493943820 169.25 -70.0 1.2701360923693108 16
0000 0002 1710493943820 -39.0 -63.0 1.2210487071569704 16
0000 0014 1710493943820 29.25 -65.5 1.0369710126106935 16
0000 0012 1710493943820 -84.625 -66.5 3.56497135104623 16
0000 0015 1710493943821 58.5625 -65.0 0.05522330836388308 16
0000 0007 1710493943821 6.5 -64.0 3.5281558121369745 16
0000 0006 1710493943821 -100.875 -67.0 5.013049214810275 16
0000 0008 1710493943884 0.5625 -71.0 4.921010367537137 16
0000 0005 1710493943884 -1.1875 -73.5 4.368777283898306 16
