0000 0000 1710231312640 -83.0 -69.0 5.43029198911517 15
0000 0007 1710231312640 -9.75 -62.5 5.730952223540755 15
0000 0005 1710231312641 29.25 -67.5 0.3865631585471816 15
0000 0000 1710231312641 83.0 -69.0 5.258486140871978 15
0000 0014 1710231312642 -107.375 -64.0 4.841243366567084 15
0000 0015 1710231312646 87.875 -66.5 2.9268353432858034 15
0000 0008 1710231312646 -16.25 -70.5 3.031146036862027 15
0000 0007 1710231312647 32.5 -62.0 5.724816300389213 15
0000 0004 1710231312647 -126.9375 -69.5 5.896622148632405 15
0000 0009 1710231312648 17.5 -76.5 0.28225246497095796 15
0000 0001 1710231312649 -54.3125 -78.0 5.853670686571607 15
0000 0014 1710231312649 19.5 -64.5 4.681709364626977 15
0000 0008 1710231312650 185.5 -70.0 2.8532042654672924 15
0000 0005 1710231312650 55.3125 -69.0 0.5154175447295755 15
0000 0007 1710231312650 71.5625 -62.5 5.730952223540755 15
0000 0015 1710231312651 -19.5 -67.0 3.074097498922825 15
0000 0000 1710231312651 -26.0 -70.5 5.64504929941916 15
0000 0004 1710231312652 100.875 -70.0 5.632777453116074 15
0000 0009 1710231312886 -3.0 -76.5 0.37429131224409645 15
0000 0001 1710231312886 37.8125 -78.5 5.473243451175968 15
0000 0008 1710231312887 -58.5625 -70.0 3.215223731408304 15
0000 0000 1710231312887 -139.125 -71.0 5.9518454569962875 15
0000 0007 1710231312888 -29.25 -63.0 5.810719224510809 15
0000 0015 1710231312888 3.25 -66.5 3.0250101137104846 15
0000 0014 1710231312889 65.0625 -64.0 4.558990901596125 15
0000 0005 1710231312889 -16.25 -68.0 0.4479223900626072 15
0000 0004 1710231312889 -68.3125 -70.0 5.902758071783947 15
0000 0009 1710231312890 5.1875 -76.0 0.25770877236478773 15
0000 0001 1710231312890 -9.125 -78.0 5.6941366846315 15
0000 0007 1710231312890 0.0 -62.5 5.730952223540755 15
0000 0014 1710231312891 -6.5 -63.5 4.681709364626977 15
0000 0015 1710231312892 -6.5 -67.0 3.031146036862027 15
0000 0005 1710231312892 -65.0625 -68.0 0.42337869745643697 15
0000 0004 1710231312892 3.25 -70.0 5.872078456026235 15
0000 0000 1710231312893 13.0 -69.5 5.602097837358362 15
0000 0009 1710231312893 -121.25 -74.5 0.6810874698212247 15
0000 0008 1710231312894 16.25 -69.5 3.160000423044421 15
0000 0001 1710231313138 22.5625 -78.5 5.724816300389213 15
0000 0015 1710231313139 58.5625 -66.5 2.9391071895888885 15
0000 0007 1710231313139 -65.0625 -63.0 5.755495916146925 15
0000 0008 1710231313139 35.75 -70.5 2.9575149590435164 15
0000 0004 1710231313140 -19.5 -70.5 5.786175531904639 15
0000 0005 1710231313140 27.625 -69.5 0.32520392703175593 15
0000 0014 1710231313140 -3.25 -64.5 4.675573441475434 15
0000 0000 1710231313141 277.4375 -69.5 5.178719139901925 15
0000 0009 1710231313141 39.0 -75.5 0.5460971604872883 15
0000 0001 1710231313141 2.6875 -79.0 2.650718801466388 15
0000 0014 1710231313142 -26.0 -63.5 4.743068596142402 15
0000 0005 1710231313142 -19.5 -68.0 0.5645049299419159 15
0000 0004 1710231313142 -3.25 -70.0 5.798447378207723 15
0000 0008 1710231313143 -52.0625 -70.5 3.184544115650591 15
0000 0000 1710231313143 -68.3125 -70.0 5.6143696836614465 15
0000 0015 1710231313143 16.25 -67.0 3.0372819600135696 15
0000 0007 1710231313144 -9.75 -62.5 5.749359992995383 15
0000 0009 1710231313390 12.1875 -76.5 0.3313398501832985 15
0000 0001 1710231313391 -11.875 -79.5 6.068427996875596 15
0000 0005 1710231313391 -3.25 -68.5 0.5154175447295755 15
0000 0008 1710231313391 19.5 -70.0 3.0802334220743677 15
0000 0015 1710231313392 -13.0 -67.0 3.000466421104314 15
0000 0004 1710231313392 100.875 -69.5 5.589825991055276 15
0000 0007 1710231313392 16.25 -63.0 5.7616318392984684 15
0000 0014 1710231313393 -61.8125 -64.0 4.773748211900116 15
0000 0000 1710231313393 -71.5625 -69.5 5.608233760509904 15
0000 0009 1710231313393 2.4375 -75.5 0.3865631585471816 15
0000 0001 1710231313394 4.5625 -79.5 5.7616318392984684 15
0000 0000 1710231313568 -162.75 -70.0 5.859806609723149 15
0000 0005 1710231313569 -83.0 -69.0 0.6320000846088841 15
0000 0015 1710231313569 78.0625 -66.5 2.8961557275280905 15
0000 0004 1710231313569 -42.3125 -70.5 5.884350302329319 15
0000 0007 1710231313570 -71.5625 -63.0 5.890486225480862 15
0000 0008 1710231313571 -6.5 -70.0 3.153864499892878 15
0000 0014 1710231313571 52.0625 -64.0 4.558990901596125 15
0000 0009 1710231313571 10.9375 -76.5 0.3436116964863836 15
0000 0001 1710231313572 8.8125 -79.5 5.964117303299373 15
0000 0000 1710231313572 -7.3125 -70.5 5.681864838328415 15
0000 0015 1710231313572 3.25 -66.5 2.9820586516496865 15
0000 0004 1710231313573 -48.8125 -69.5 5.8475347634200645 15
0000 0007 1710231313574 -13.0 -63.0 5.8045833013592665 15
0000 0014 1710231313574 -9.75 -63.5 4.71238898038469 15
0000 0005 1710231313574 24.375 -68.5 0.5522330836388308 15
0000 0008 1710231313575 29.25 -70.5 3.031146036862027 15
0000 0009 1710231313640 -61.0 -75.0 0.4908738521234052 15
0000 0001 1710231313640 2.4375 -79.5 5.988660995905543 15
0000 0004 1710231313891 -149.6875 -70.5 6.160466844148735 15
0000 0014 1710231313891 -35.75 -64.0 4.749204519293945 15
0000 0015 1710231313892 3.25 -67.5 2.9329712664373457 15
0000 0008 1710231313892 -22.75 -70.0 3.2581751934691017 15
0000 0005 1710231313893 107.375 -68.5 0.5092816215780329 15
0000 0007 1710231313893 -16.25 -63.0 5.767767762450011 15
0000 0000 1710231313893 -91.125 -71.0 6.062292073724054 15
0000 0009 1710231313894 15.25 -76.0 0.42337869745643697 15
0000 0001 1710231313894 -6.0 -78.0 1.6996507129772904 15
0000 0007 1710231313894 -16.25 -63.5 5.816855147662351 15
0000 0008 1710231313895 211.5625 -70.0 3.485204350076177 15
0000 0014 1710231313895 -32.5 -63.0 4.718524903536232 15
0000 0004 1710231313896 -78.0625 -70.0 0.35588354278946877 15
0000 0015 1710231313896 3.25 -66.5 3.055689729468197 15
0000 0009 1710231313897 -30.875 -75.0 0.6933593161243098 15
0000 0005 1710231313897 -90.3125 -67.0 1.718058482431918 15
0000 0000 1710231314140 -38.25 -72.0 4.64182586414195 15
0000 0001 1710231314140 -19.5 -78.0 5.5100589900852235 15
0000 0003 1710231314140 8.5625 -78.0 1.2578642460662257 15
0000 0014 1710231314141 -29.25 -63.0 4.779884135051658 15
0000 0007 1710231314141 -16.25 -64.5 6.0991076126333095 15
0000 0005 1710231314141 -3.25 -66.5 2.8102528034064944 15
0000 0015 1710231314142 13.0 -66.5 3.0802334220743677 15
0000 0008 1710231314142 100.875 -69.5 4.3933209765044765 15
0000 0000 1710231314142 -9.75 -70.5 2.8409324191642074 15
0000 0001 1710231314143 13.375 -77.0 4.878058905476339 15
0000 0003 1710231314143 15.25 -77.0 5.301437602932776 15
0000 0009 1710231314143 -12.8125 -78.0 0.4111068511533518 15
0000 0004 1710231314144 -3.0 -74.0 4.822835597112456 15
0000 0000 1710231314390 0.0 -68.0 4.080388895775806 15
0000 0014 1710231314390 -9.75 -63.5 4.767612288748572 15
0000 0007 1710231314390 19.5 -65.5 0.46019423636569234 15
0000 0005 1710231314391 -61.8125 -64.5 4.828971520263998 15
0000 0008 1710231314391 -45.5625 -68.5 5.675728915176872 15
0000 0015 1710231314391 -68.3125 -68.5 3.0925052683774528 15
0000 0006 1710231314392 84.625 -71.5 5.755495916146925 15
0000 0001 1710231314392 2.4375 -79.0 0.6994952392758523 15
0000 0006 1710231314393 -81.375 -67.0 0.11658253987930872 15
0000 0005 1710231314393 114.6875 -64.5 6.160466844148735 15
0000 0015 1710231314393 29.25 -66.0 2.748893571891069 15
0000 0014 1710231314394 19.5 -63.5 4.706253057233147 15
0000 0007 1710231314394 -9.75 -68.5 1.6382914814618648 15
0000 0000 1710231314394 45.5625 -70.5 4.442408361716817 15
0000 0006 1710231314641 13.0 -67.5 0.705631162427395 15
0000 0015 1710231314641 -3.25 -66.0 3.11091303783208 15
0000 0014 1710231314641 -52.0625 -64.5 4.71238898038469 15
0000 0000 1710231314642 -6.5 -69.0 4.620350133111551 15
0000 0005 1710231314642 9.75 -67.5 2.6568547246179306 15
0000 0003 1710231314642 -39.0 -74.5 1.7548740213411735 15
0000 0005 1710231314643 9.75 -67.5 4.025165587411922 15
0000 0015 1710231314643 117.125 -65.5 2.945243112740431 15
0000 0014 1710231314643 65.0625 -63.0 4.675573441475434 15
0000 0000 1710231314644 0.0 -65.0 4.577398671050753 15
0000 0008 1710231314644 -156.1875 -69.0 5.872078456026235 15
0000 0000 1710231314645 -9.75 -71.5 3.5281558121369745 15
0000 0015 1710231314645 -42.3125 -67.0 3.098641191528995 15
0000 0014 1710231314645 -26.0 -65.0 5.00077736850719 15
0000 0004 1710231314900 4.25 -76.5 2.067806102069844 15
0000 0005 1710231314900 2.25 -76.0 5.080544369477243 15
0000 0014 1710231314901 -61.8125 -67.0 5.141903600992669 15
0000 0006 1710231314901 -231.0625 -69.5 5.767767762450011 15
0000 0015 1710231314901 -45.5625 -66.0 3.1906800388021335 15
0000 0004 1710231314902 -117.125 -74.0 5.939573610693203 15
0000 0005 1710231314902 2.125 -76.0 5.350524988145116 15
0000 0015 1710231314902 42.3125 -65.5 3.1661363461959633 15
0000 0006 1710231314903 -22.75 -64.5 0.4908738521234052 15
0000 0014 1710231314903 -172.5 -67.5 5.203262832508095 15
0000 0005 1710231314903 -239.25 -73.0 2.509592568980909 15
0000 0004 1710231314904 247.375 -75.0 5.448699758569798 15
0000 0006 1710231315131 32.5 -66.0 1.2087768608538851 15
0000 0014 1710231315131 39.0 -69.5 5.160311370447297 15
0000 0015 1710231315131 -6.5 -63.0 4.454680208019902 15
0000 0005 1710231315132 -79.75 -71.5 2.3623304133438876 15
0000 0004 1710231315132 21.3125 -78.0 5.1725832167503825 15
0000 0006 1710231315132 -19.5 -66.5 1.533980787885641 15
0000 0005 1710231315133 -61.8125 -71.0 2.000310947402876 15
0000 0015 1710231315133 -48.8125 -64.0 3.8963112012295285 15
0000 0014 1710231315133 -87.875 -70.5 5.896622148632405 15
0000 0004 1710231315134 4.25 -77.0 2.552544031041707 15
0000 0014 1710231315390 45.5625 -69.5 5.399612373357457 15
0000 0015 1710231315390 32.5 -64.5 3.399301425954581 15
0000 0005 1710231315391 253.875 -72.5 1.662835174068035 15
0000 0006 1710231315391 84.625 -65.5 1.5155730184310134 15
0000 0004 1710231315391 22.5625 -77.0 5.565282298449106 15
0000 0005 1710231315392 59.375 -71.0 1.945087639038993 15
0000 0015 1710231315392 -9.75 -64.5 3.5772431973493153 15
0000 0014 1710231315392 3.25 -69.5 5.424156065963627 15
0000 0006 1710231315393 113.875 -67.0 1.576932249946439 15
0000 0004 1710231315393 18.25 -76.5 5.706408530934585 15
0000 0005 1710231315640 81.375 -72.5 1.9573594853420782 15
0000 0006 1710231315641 -6.5 -66.0 1.6505633277649499 15
0000 0015 1710231315641 55.3125 -64.0 3.4606606574700063 15
0000 0014 1710231315642 97.625 -69.0 5.240078371417351 15
0000 0004 1710231315642 133.4375 -73.0 5.6941366846315 15
0000 0014 1710231315642 -58.5625 -69.0 5.730952223540755 15
0000 0006 1710231315643 52.0625 -66.5 1.509437095279471 15
0000 0015 1710231315643 -26.0 -64.0 3.485204350076177 15
0000 0005 1710231315643 -107.375 -73.0 2.1966604882522383 15
0000 0004 1710231315644 20.125 -76.5 5.71868037723767 15
0000 0006 1710231315889 48.8125 -67.0 1.4603497100671303 15
0000 0014 1710231315890 42.3125 -68.5 5.522330836388308 15
0000 0005 1710231315890 -65.0625 -70.5 2.0064468705544187 15
0000 0015 1710231315890 -19.5 -64.0 3.429981041712294 15
0000 0004 1710231315891 6.6875 -76.5 2.6323110320117604 15
0000 0014 1710231315891 -100.875 -69.0 5.632777453116074 15
0000 0006 1710231315891 -68.3125 -66.0 1.7794177139473437 15
0000 0005 1710231315892 83.0 -71.5 1.9389517158874505 15
0000 0015 1710231315892 -55.3125 -64.5 3.4913402732277192 15
0000 0004 1710231315892 22.75 -76.5 5.783107570328867 15
0000 0006 1710231316140 -100.875 -66.0 1.761009944492716 15
0000 0014 1710231316140 182.25 -69.5 5.264622064023521 15
0000 0015 1710231316140 55.3125 -64.0 3.3870295796514958 15
0000 0005 1710231316141 -107.375 -72.0 2.141437179888355 15
0000 0004 1710231316141 2.4375 -76.5 5.632777453116074 15
0000 0014 1710231316141 -87.875 -69.5 5.589825991055276 15
0000 0015 1710231316142 100.875 -64.5 3.215223731408304 15
0000 0005 1710231316142 45.5625 -72.0 2.073942025221387 15
0000 0006 1710231316142 26.0 -66.5 1.5953400194010667 15
0000 0004 1710231316143 -18.6875 -76.0 5.743224069843841 15
0000 0014 1710231316390 -55.3125 -70.0 5.546874528994478 15
0000 0015 1710231316390 -9.75 -64.0 3.436116964863836 15
0000 0006 1710231316390 -3.25 -67.0 1.5830681730979816 15
0000 0005 1710231316390 117.125 -71.0 1.9205439464328227 15
0000 0004 1710231316391 -1.8125 -77.0 2.6384469551633027 15
0000 0015 1710231316391 -29.25 -64.5 3.485204350076177 15
0000 0006 1710231316392 91.125 -66.5 1.4051264017032472 15
0000 0005 1710231316392 -13.0 -72.0 1.2210487071569704 15
0000 0014 1710231316392 55.3125 -69.5 5.399612373357457 15
0000 0004 1710231316393 3.625 -76.5 5.546874528994478 15
0000 0014 1710231316640 35.75 -69.5 5.393476450205914 15
0000 0015 1710231316640 -16.25 -64.0 3.454524734318464 15
0000 0006 1710231316640 87.875 -66.5 1.4726215563702154 15
0000 0005 1710231316641 -84.625 -70.5 1.3499030933393643 15
0000 0004 1710231316641 -8.5 -77.0 2.6261751088602177 15
0000 0014 1710231316641 68.3125 -69.5 5.368932757599744 15
0000 0006 1710231316642 -3.25 -66.0 1.6321555583103222 15
0000 0015 1710231316642 -32.5 -64.5 3.423845118560751 15
0000 0005 1710231316642 -208.3125 -72.5 1.3928545554001621 15
0000 0004 1710231316643 -10.375 -76.5 2.5832236467994196 15
0000 0015 1710231316890 3.25 -64.5 3.393165502803038 15
0000 0005 1710231316890 3.25 -71.0 1.2885438618239387 15
0000 0014 1710231316891 -133.4375 -69.5 5.632777453116074 15
0000 0006 1710231316891 22.75 -66.5 1.5892040962495242 15
0000 0004 1710231316892 139.125 -75.5 5.497787143782138 15
0000 0006 1710231316892 -68.3125 -66.5 1.718058482431918 15
0000 0014 1710231316892 6.5 -70.0 5.491651220630596 15
0000 0005 1710231316893 -9.75 -72.0 1.2455923997631406 15
0000 0015 1710231316893 -55.3125 -64.0 3.485204350076177 15
0000 0004 1710231316893 -4.0625 -76.0 5.730952223540755 15
0000 0015 1710231317130 -9.75 -64.0 3.3502140407422405 15
0000 0006 1710231317131 35.75 -66.5 1.5585244804918115 15
0000 0014 1710231317131 45.5625 -69.0 5.344389064993574 15
0000 0005 1710231317131 3.25 -71.5 1.1044661672776617 15
0000 0004 1710231317132 -4.25 -76.5 5.663457068873787 15
0000 0006 1710231317132 45.5625 -66.5 1.521708941582556 15
0000 0015 1710231317132 22.75 -64.5 3.3318062712876126 15
0000 0014 1710231317133 110.625 -68.5 5.368932757599744 15
0000 0005 1710231317133 197.6875 -72.0 0.944932165337555 15
0000 0004 1710231317133 -91.125 -74.5 5.71868037723767 15
0000 0006 1710231317386 68.3125 -66.0 1.4419419406125027 15
0000 0014 1710231317386 58.5625 -69.5 5.393476450205914 15
0000 0015 1710231317387 -55.3125 -64.5 3.423845118560751 15
0000 0005 1710231317387 113.875 -72.0 1.0246991663076084 15
0000 0004 1710231317387 185.5 -75.0 5.448699758569798 15
0000 0005 1710231317388 270.9375 -71.0 1.0185632431560658 15
0000 0006 1710231317388 48.8125 -66.5 1.6137477888556946 15
0000 0014 1710231317388 -16.25 -69.0 5.4671075280244255 15
0000 0015 1710231317389 71.5625 -65.0 3.2459033471660166 15
0000 0004 1710231317389 371.0625 -74.0 4.988505522204105 15
