0000 0000 1710212747432 -6.5 -58.5 4.086524818927348 15
0000 0010 1710212747432 -26.0 -67.0 6.043884304269426 15
0000 0014 1710212747432 -227.8125 -70.5 5.577554144752192 15
0000 0006 1710212747433 19.5 -64.0 5.620505606812989 15
0000 0003 1710212747433 26.0 -56.5 2.2212041808584084 15
0000 0008 1710212747434 9.75 -53.0 0.8467573949128739 15
0000 0002 1710212747435 35.75 -61.5 0.4295146206079795 15
0000 0014 1710212747435 -87.875 -70.0 5.381204603902829 15
0000 0000 1710212747435 -6.5 -58.5 4.06811704947272 15
0000 0005 1710212747436 13.8125 -64.0 5.792311455056181 15
0000 0007 1710212747437 32.5 -64.5 2.5341362615870793 15
0000 0004 1710212747437 6.5 -69.0 2.82252464970958 15
0000 0010 1710212747437 -9.75 -67.0 6.019340611663256 15
0000 0011 1710212747438 -3.5625 -74.5 5.921165841238575 15
0000 0002 1710212747438 35.75 -62.0 0.4479223900626072 15
0000 0006 1710212747438 48.8125 -63.5 5.583690067903734 15
0000 0005 1710212747439 24.375 -64.5 5.730952223540755 15
0000 0007 1710212747439 -16.25 -64.5 2.6200391857086753 15
0000 0003 1710212747439 -48.8125 -56.0 2.313243028131547 15
0000 0000 1710212747440 -9.75 -58.0 4.09266074207889 15
0000 0008 1710212747440 16.25 -53.0 0.8467573949128739 15
0000 0004 1710212747440 26.0 -70.0 2.6445828783148455 15
0000 0010 1710212747440 -68.3125 -68.0 6.062292073724054 15
0000 0014 1710212747441 -123.6875 -71.0 5.473243451175968 15
0000 0011 1710212747678 1.9375 -74.5 5.767767762450011 15
0000 0000 1710212747678 3.25 -58.5 4.080388895775806 15
0000 0005 1710212747678 16.25 -64.0 5.730952223540755 15
0000 0010 1710212747678 -6.5 -67.0 6.050020227420969 15
0000 0003 1710212747679 22.75 -56.0 2.2027964114037806 15
0000 0006 1710212747679 -133.4375 -63.5 5.829126993965437 15
0000 0008 1710212747679 -6.5 -53.0 0.8651651643675016 15
0000 0007 1710212747680 81.375 -64.5 2.435961491162398 15
0000 0014 1710212747680 -58.5625 -70.5 5.332117218690489 15
0000 0004 1710212747680 74.8125 -68.5 2.730485802436441 15
0000 0002 1710212747681 29.25 -62.0 0.4724660826687775 15
0000 0011 1710212747681 -0.625 -74.5 5.859806609723149 15
0000 0004 1710212747681 13.0 -68.5 2.693670263527186 15
0000 0008 1710212747682 6.5 -53.0 0.8467573949128739 15
0000 0000 1710212747682 -22.75 -58.5 4.080388895775806 15
0000 0006 1710212747682 -19.5 -63.5 5.712544454086128 15
0000 0005 1710212747682 -74.8125 -64.0 5.822991070813893 15
0000 0002 1710212747683 -39.0 -62.0 0.5706408530934585 15
0000 0010 1710212747683 22.75 -67.5 5.890486225480862 15
0000 0003 1710212747683 3.25 -56.0 2.227340104009951 15
0000 0007 1710212747684 -48.8125 -64.5 2.6568547246179306 15
0000 0014 1710212747684 65.0625 -71.0 5.289165756629691 15
0000 0011 1710212747915 1.125 -74.0 5.829126993965437 15
0000 0007 1710212747915 -32.5 -65.0 2.5893595699509624 15
0000 0005 1710212747915 -55.3125 -64.5 5.822991070813893 15
0000 0002 1710212747915 -13.0 -61.5 0.5522330836388308 15
0000 0003 1710212747916 0.0 -56.0 2.2457478734645786 15
0000 0006 1710212747916 -13.0 -63.5 5.663457068873787 15
0000 0000 1710212747916 -9.75 -58.5 4.0987966652304335 15
0000 0004 1710212747917 87.875 -68.0 2.650718801466388 15
0000 0008 1710212747917 -6.5 -53.0 0.8774370106705868 15
0000 0010 1710212747917 39.0 -67.0 5.964117303299373 15
0000 0014 1710212747918 -26.0 -72.5 5.344389064993574 15
0000 0011 1710212747918 -2.25 -74.5 6.000932842208628 15
0000 0008 1710212747918 -13.0 -52.5 0.8897088569736719 15
0000 0007 1710212747918 -13.0 -64.0 2.564815877344792 15
0000 0000 1710212747919 -9.75 -58.5 4.104932588381976 15
0000 0006 1710212747919 39.0 -63.5 5.620505606812989 15
0000 0014 1710212747919 -107.375 -70.5 5.546874528994478 15
0000 0002 1710212747920 0.0 -61.5 0.5399612373357456 15
0000 0003 1710212747920 3.25 -56.0 2.2334760271614935 15
0000 0004 1710212747920 -87.875 -69.0 2.9820586516496865 15
0000 0005 1710212747921 -13.0 -64.0 5.798447378207723 15
0000 0010 1710212747921 -117.125 -68.0 6.086835766330224 15
0000 0011 1710212748176 3.375 -74.0 5.786175531904639 15
0000 0010 1710212748176 -42.3125 -66.5 6.074563920027139 15
0000 0007 1710212748176 6.5 -64.5 2.509592568980909 15
0000 0002 1710212748177 16.25 -62.0 0.521553467881118 15
0000 0004 1710212748177 -61.8125 -68.5 2.9513790358919736 15
0000 0000 1710212748177 3.25 -58.0 4.086524818927348 15
0000 0003 1710212748178 -39.0 -56.5 2.3009711818284617 15
0000 0006 1710212748178 -35.75 -64.0 5.749359992995383 15
0000 0008 1710212748178 -13.0 -52.5 0.9081166264282996 15
0000 0005 1710212748178 32.5 -64.5 5.737088146692298 15
0000 0014 1710212748179 45.5625 -72.0 5.418020142812084 15
0000 0011 1710212748179 -0.4375 -74.0 5.896622148632405 15
0000 0004 1710212748179 -16.25 -69.0 2.8961557275280905 15
0000 0008 1710212748180 13.0 -52.5 0.8897088569736719 15
0000 0002 1710212748180 61.8125 -62.0 0.4724660826687775 15
0000 0000 1710212748180 -3.25 -58.5 4.111068511533518 15
0000 0005 1710212748181 -83.0 -64.5 5.755495916146925 15
0000 0010 1710212748181 32.5 -67.0 5.890486225480862 15
0000 0006 1710212748181 9.75 -64.0 5.577554144752192 15
0000 0003 1710212748182 26.0 -56.5 2.2150682577068657 15
0000 0014 1710212748182 58.5625 -72.5 5.209398755659637 15
0000 0007 1710212748182 -84.625 -65.0 2.5341362615870793 15
0000 0011 1710212748418 -2.4375 -74.0 5.970253226450915 15
0000 0014 1710212748418 -22.75 -72.5 5.356660911296659 15
0000 0003 1710212748418 13.0 -56.5 2.429825568010856 15
0000 0002 1710212748419 22.75 -61.5 0.760854470791278 15
0000 0007 1710212748419 45.5625 -64.5 2.454369260617026 15
0000 0008 1710212748419 -6.5 -52.5 1.0246991663076084 15
0000 0000 1710212748420 -16.25 -58.5 4.362641360746763 15
0000 0005 1710212748420 -3.25 -63.5 5.896622148632405 15
0000 0010 1710212748420 -26.0 -66.5 6.0991076126333095 15
0000 0006 1710212748421 -52.0625 -64.0 5.589825991055276 15
0000 0004 1710212748421 -29.25 -69.0 3.031146036862027 15
0000 0011 1710212748421 -4.1875 -74.5 6.129787228391022 15
0000 0003 1710212748421 0.0 -57.5 3.2090878082567613 15
0000 0010 1710212748422 3.25 -66.5 6.264777537724958 15
0000 0006 1710212748422 -29.25 -64.5 5.553010452146021 15
0000 0004 1710212748422 -71.5625 -69.5 3.522019888985432 15
0000 0000 1710212748423 -22.75 -58.0 4.933282213840222 15
0000 0005 1710212748423 48.8125 -63.0 6.264777537724958 15
0000 0008 1710212748423 0.0 -52.5 1.4051264017032472 15
0000 0002 1710212748424 16.25 -60.5 1.4910293258248433 15
0000 0007 1710212748424 -19.5 -63.5 2.6200391857086753 15
0000 0014 1710212748450 7.3125 -73.5 2.1659808724945253 15
0000 0005 1710212748661 16.25 -60.5 0.4172427743048944 15
0000 0004 1710212748661 -71.5625 -68.0 4.313553975534423 15
0000 0000 1710212748661 -13.0 -59.5 5.7616318392984684 15
0000 0003 1710212748662 -3.25 -59.5 4.620350133111551 15
0000 0002 1710212748662 22.75 -61.0 2.2396119503130363 15
0000 0010 1710212748662 -74.8125 -65.5 0.42337869745643697 15
0000 0006 1710212748663 0.0 -63.5 5.5100589900852235 15
0000 0008 1710212748663 16.25 -52.0 1.8653206380689396 15
0000 0007 1710212748663 -35.75 -62.5 2.773437264497239 15
0000 0014 1710212748663 -2.125 -75.0 5.246214294568893 15
0000 0003 1710212748664 -13.0 -60.0 0.1902136176978195 15
0000 0002 1710212748664 -9.75 -63.5 3.663146121470911 15
0000 0007 1710212748665 0.0 -61.0 2.9391071895888885 15
0000 0010 1710212748665 42.3125 -66.0 0.7915340865489908 15
0000 0008 1710212748665 -9.75 -53.5 2.564815877344792 15
0000 0006 1710212748666 -65.0625 -62.5 5.749359992995383 15
0000 0005 1710212748666 32.5 -59.0 0.8651651643675016 15
0000 0004 1710212748666 -26.0 -66.0 5.258486140871978 15
0000 0000 1710212748667 0.0 -65.0 1.1106020904292042 15
0000 0014 1710212748940 4.875 -75.0 4.921010367537137 15
0000 0002 1710212748941 -42.3125 -64.5 6.056156150572511 15
0000 0006 1710212748941 0.0 -61.0 6.111379458936394 15
0000 0000 1710212748941 -16.25 -67.5 2.6200391857086753 15
0000 0003 1710212748942 58.5625 -67.0 2.2089323345553233 15
0000 0007 1710212748942 -6.5 -62.5 3.356349963893783 15
0000 0005 1710212748943 6.5 -64.0 1.5830681730979816 15
0000 0004 1710212748943 22.75 -65.5 0.06135923151542565 15
0000 0008 1710212748944 -26.0 -63.5 3.368621810196868 15
0000 0014 1710212748944 -4.875 -74.0 4.871922982324796 15
0000 0007 1710212749126 -35.75 -64.0 3.80427235395639 15
0000 0004 1710212749127 9.75 -64.0 0.5154175447295755 15
0000 0002 1710212749127 -22.75 -62.5 0.4295146206079795 15
0000 0000 1710212749127 -87.875 -66.0 2.423689644859313 15
0000 0014 1710212749128 81.375 -71.5 5.013049214810275 15
0000 0006 1710212749128 -16.25 -62.0 5.737088146692298 15
0000 0005 1710212749128 -1.8125 -73.0 1.9941750242513334 15
0000 0008 1710212749129 -0.5625 -70.0 4.111068511533518 15
0000 0008 1710212749129 -48.8125 -62.5 0.06135923151542565 15
0000 0006 1710212749129 -71.5625 -67.5 5.3198453723874035 15
0000 0000 1710212749129 -13.8125 -61.0 2.478912953223196 15
0000 0005 1710212749130 52.0625 -69.5 1.8223691760081417 15
0000 0007 1710212749130 -22.75 -63.5 3.5711072741977725 15
0000 0004 1710212749131 -3.25 -62.5 1.4910293258248433 15
0000 0002 1710212749131 22.75 -59.5 1.4726215563702154 15
0000 0001 1710212749131 -9.75 -77.5 0.8528933180644165 15
0000 0003 1710212749180 -0.9375 -73.0 0.8344855486097889 15
0000 0004 1710212749413 42.3125 -61.0 2.693670263527186 15
0000 0000 1710212749413 -32.5 -68.0 2.5341362615870793 15
0000 0007 1710212749413 -32.5 -62.5 3.067961575771282 15
0000 0006 1710212749414 58.5625 -69.0 2.9391071895888885 15
0000 0002 1710212749414 61.8125 -59.0 2.7550294950426117 15
0000 0008 1710212749414 -9.75 -60.0 5.460971604872882 15
0000 0003 1710212749415 -52.0625 -68.0 4.000621894805752 15
0000 0005 1710212749415 -104.125 -66.0 1.9082721001297376 15
0000 0007 1710212749415 16.25 -61.5 2.5586799541932495 15
0000 0008 1710212749416 -55.3125 -66.0 5.313709449235861 15
0000 0005 1710212749416 -123.6875 -67.5 1.9696313316451632 15
0000 0004 1710212749416 -26.0 -63.0 3.356349963893783 15
0000 0006 1710212749417 35.75 -63.5 2.564815877344792 15
0000 0002 1710212749417 -55.3125 -65.5 3.429981041712294 15
0000 0003 1710212749418 26.0 -65.5 4.411728745959104 15
0000 0003 1710212749418 -29.25 -67.0 4.546719055293041 15
0000 0001 1710212749418 -3.25 -71.5 4.276738436625168 15
0000 0007 1710212749418 -9.75 -63.5 2.1905245651006955 15
0000 0006 1710212749419 26.0 -64.5 2.6691265709210157 15
0000 0004 1710212749419 16.25 -68.5 3.104777114680538 15
0000 0005 1710212749419 -16.25 -72.0 1.859184714917397 15
0000 0003 1710212749691 -52.0625 -69.5 4.558990901596125 15
0000 0007 1710212749691 0.0 -64.0 1.7303303287350031 15
0000 0001 1710212749692 -32.5 -70.5 4.111068511533518 15
0000 0006 1710212749692 0.0 -65.5 2.693670263527186 15
0000 0004 1710212749692 -9.75 -71.5 2.4850488763747385 15
0000 0002 1710212749693 6.3125 -75.0 5.497787143782138 15
0000 0001 1710212749693 -78.0625 -72.5 4.1417481272912315 15
0000 0007 1710212749693 -61.8125 -64.5 1.380582709097077 15
0000 0006 1710212749694 16.25 -67.5 2.6200391857086753 15
0000 0002 1710212749694 10.9375 -74.0 5.540738605842936 15
0000 0004 1710212749694 -10.375 -72.0 5.411884219660542 15
0000 0006 1710212749940 -133.4375 -68.0 2.767301341345697 15
0000 0007 1710212749940 -6.5 -65.0 1.1167380135807468 15
0000 0002 1710212749940 -227.8125 -71.0 5.982525072754001 15
0000 0001 1710212749941 -97.625 -73.5 4.000621894805752 15
0000 0004 1710212749941 10.9375 -72.5 2.067806102069844 15
0000 0006 1710212749941 52.0625 -70.5 2.386874105950058 15
0000 0007 1710212749942 16.25 -64.5 1.086058397823034 15
0000 0002 1710212749942 -32.5 -70.0 5.424156065963627 15
0000 0001 1710212749942 -504.5 -75.0 4.4976316700806995 15
0000 0004 1710212749943 7.3125 -72.0 5.062136600022616 15
0000 0007 1710212750190 -9.75 -66.0 1.0983302441261191 15
0000 0006 1710212750190 110.625 -70.5 2.5464081078901644 15
0000 0002 1710212750191 -45.5625 -70.5 5.5284667595398505 15
0000 0004 1710212750191 -1.1875 -72.5 5.043728830567988 15
0000 0001 1710212750191 12.8125 -76.0 0.46019423636569234 15
0000 0002 1710212750192 149.6875 -70.0 5.21553467881118 15
0000 0006 1710212750192 3.25 -69.0 2.5709518004963345 15
0000 0007 1710212750192 -16.25 -65.5 1.0983302441261191 15
0000 0001 1710212750193 6.6875 -76.5 0.47860200582032003 15
0000 0004 1710212750193 16.4375 -72.5 4.933282213840222 15
0000 0002 1710212750450 55.3125 -69.5 5.264622064023521 15
0000 0006 1710212750450 97.625 -71.0 2.5464081078901644 15
0000 0007 1710212750451 -26.0 -65.5 1.0737865515199487 15
0000 0001 1710212750451 -10.375 -76.5 0.4724660826687775 15
0000 0004 1710212750451 -2.4375 -73.0 1.8100973297050567 15
0000 0002 1710212750452 16.25 -69.0 5.221670601962723 15
0000 0007 1710212750452 -26.0 -65.0 1.0983302441261191 15
0000 0006 1710212750452 13.0 -71.5 5.746292031419612 15
0000 0001 1710212750452 8.5 -77.0 3.423845118560751 15
0000 0004 1710212750453 1.1875 -73.0 4.841243366567084 15
0000 0007 1710212750453 -22.75 -65.5 1.0246991663076084 15
0000 0002 1710212750453 -120.4375 -68.5 5.491651220630596 15
0000 0006 1710212750454 17.875 -71.5 5.654253184146473 15
0000 0004 1710212750691 14.0 -73.0 1.6812429435226628 15
0000 0001 1710212750691 7.3125 -77.0 3.5342917352885173 15
0000 0007 1710212750692 32.5 -65.5 1.0062913968529805 15
0000 0002 1710212750692 -71.5625 -69.5 5.473243451175968 15
0000 0006 1710212750692 0.0 -72.0 2.5709518004963345 15
0000 0004 1710212750692 23.75 -73.0 1.564660403643354 15
0000 0001 1710212750693 -5.8125 -77.5 0.4970097752749477 15
0000 0002 1710212750693 -94.375 -69.0 5.418020142812084 15
0000 0007 1710212750693 26.0 -65.5 0.9878836273983529 15
0000 0004 1710212750940 -10.375 -72.5 1.7303303287350031 15
0000 0006 1710212750940 9.125 -71.5 5.565282298449106 15
0000 0001 1710212750940 -1.9375 -77.5 0.28838838812250056 15
0000 0002 1710212750940 162.75 -69.0 5.00077736850719 15
0000 0007 1710212750941 -26.0 -65.0 0.9326603190344698 15
0000 0006 1710212750941 -3.625 -71.5 5.773903685601553 15
0000 0004 1710212750941 -1.8125 -73.0 1.7548740213411735 15
0000 0001 1710212750942 -1.125 -77.5 0.1902136176978195 15
0000 0002 1710212750942 61.8125 -69.0 5.258486140871978 15
0000 0007 1710212750942 65.0625 -65.5 0.8222137023067037 15
0000 0006 1710212751189 3.0 -72.0 5.626641529964532 15
0000 0004 1710212751189 6.0625 -73.0 1.607611865704152 15
0000 0002 1710212751190 -156.1875 -68.5 5.534602682691394 15
0000 0007 1710212751190 133.4375 -66.0 0.25157284921324513 15
0000 0006 1710212751190 -14.0 -72.0 2.6016314162540475 15
0000 0004 1710212751191 -6.0625 -73.0 1.3867186322486196 15
0000 0007 1710212751191 13.0 -65.5 0.3988350048502667 15
0000 0002 1710212751191 94.375 -68.0 5.148039524144211 15
0000 0004 1710212751439 -9.75 -72.5 1.3499030933393643 15
0000 0006 1710212751440 -3.0 -73.0 5.583690067903734 15
0000 0007 1710212751440 -52.0625 -65.5 0.4111068511533518 15
0000 0002 1710212751440 45.5625 -68.5 5.283029833478148 15
0000 0004 1710212751441 3.625 -72.5 1.3621749396424494 15
0000 0006 1710212751441 -1.5 -73.0 5.66959299202533 15
0000 0002 1710212751441 -84.625 -67.5 5.491651220630596 15
0000 0007 1710212751442 126.9375 -64.0 0.15339807878856412 15
0000 0006 1710212751442 15.25 -72.5 5.522330836388308 15
0000 0004 1710212751442 7.875 -72.5 1.3314953238847365 15
0000 0002 1710212751690 19.5 -69.0 5.227806525114265 15
0000 0007 1710212751690 48.8125 -66.0 0.35588354278946877 15
0000 0004 1710212751690 7.3125 -72.5 1.3192234775816514 15
0000 0006 1710212751690 17.6875 -72.5 5.565282298449106 15
0000 0002 1710212751691 22.75 -68.0 5.301437602932776 15
0000 0007 1710212751691 16.25 -64.5 0.4295146206079795 15
0000 0004 1710212751692 6.6875 -73.0 1.3192234775816514 15
0000 0006 1710212751692 2.4375 -73.5 5.620505606812989 15
0000 0007 1710212751950 -13.0 -65.0 0.3620194659410113 15
0000 0002 1710212751950 -133.4375 -68.0 5.534602682691394 15
0000 0004 1710212751950 1.1875 -73.0 1.380582709097077 15
0000 0006 1710212751951 -1.8125 -73.0 2.4727770300716534 15
0000 0007 1710212751951 45.5625 -65.0 0.28838838812250056 15
0000 0002 1710212751951 -45.5625 -68.0 5.325981295538946 15
0000 0004 1710212751952 -6.0625 -72.5 1.3069516312785663 15
0000 0006 1710212752190 0.4375 -73.0 5.595961914206819 15
0000 0007 1710212752190 107.375 -65.5 0.22089323345553233 15
0000 0002 1710212752190 -9.75 -68.5 5.332117218690489 15
0000 0004 1710212752191 9.75 -72.5 1.2517283229146832 15
0000 0006 1710212752191 -2.4375 -73.5 5.688000761479957 15
0000 0007 1710212752191 45.5625 -65.0 0.3313398501832985 15
0000 0002 1710212752192 -52.0625 -67.5 5.375068680751287 15
0000 0004 1710212752192 7.875 -73.0 1.1780972450961724 15
