0000 0002 1710577615980 -42.3125 -70.0 3.6140587362585705 17
0000 0008 1710577615980 -3.25 -59.5 5.5284667595398505 17
0000 0014 1710577615981 -39.0 -68.5 1.3621749396424494 17
0000 0007 1710577615981 -45.5625 -64.5 2.650718801466388 17
0000 0005 1710577615982 58.5625 -66.0 4.111068511533518 17
0000 0015 1710577615982 16.25 -65.0 4.71238898038469 17
0000 0004 1710577615982 -55.3125 -64.0 4.859651136021712 17
0000 0003 1710577615983 52.0625 -70.0 0.5031456984264903 17
0000 0013 1710577616230 7.3125 -79.0 5.092816215780329 17
0000 0005 1710577616231 94.375 -66.0 4.037437433715008 17
0000 0015 1710577616231 -29.25 -65.5 4.779884135051658 17
0000 0007 1710577616231 0.0 -63.5 2.5280003384355365 17
0000 0004 1710577616232 32.5 -64.5 4.7307967498393175 17
0000 0003 1710577616232 -9.75 -69.5 0.7363107781851077 17
0000 0008 1710577616233 13.0 -59.0 5.546874528994478 17
0000 0014 1710577616233 61.8125 -68.5 1.1167380135807468 17
0000 0002 1710577616233 -172.5 -69.5 3.663146121470911 17
0000 0013 1710577616234 -10.75 -79.0 5.516194913236766 17
0000 0004 1710577616368 -45.5625 -63.0 4.798291904506286 17
0000 0007 1710577616368 -32.5 -63.5 2.6323110320117604 17
0000 0002 1710577616368 84.625 -70.5 3.436116964863836 17
0000 0003 1710577616369 29.25 -69.5 0.5583690067903734 17
0000 0014 1710577616369 107.375 -69.5 1.1535535524900022 17
0000 0008 1710577616369 -45.5625 -59.0 5.675728915176872 17
0000 0015 1710577616370 48.8125 -65.5 4.6878452877785195 17
0000 0005 1710577616370 -29.25 -67.0 4.166291819897402 17
0000 0013 1710577616370 -1.1875 -80.0 5.375068680751287 17
0000 0007 1710577616371 32.5 -63.5 2.5770877236478773 17
0000 0002 1710577616371 -91.125 -69.5 3.718369429834794 17
0000 0014 1710577616371 52.0625 -69.0 1.2087768608538851 17
0000 0004 1710577616372 -16.25 -63.0 4.755340442445488 17
0000 0005 1710577616372 -42.3125 -67.0 4.246058820867455 17
0000 0015 1710577616373 22.75 -66.5 4.669437518323892 17
0000 0008 1710577616373 -22.75 -59.0 5.577554144752192 17
0000 0003 1710577616373 6.5 -69.0 0.5951845456996288 17
0000 0013 1710577616479 21.625 -80.0 4.97623367590102 17
0000 0015 1710577616700 3.25 -66.0 4.773748211900116 17
0000 0005 1710577616700 -35.75 -67.0 4.270602513473625 17
0000 0004 1710577616700 32.5 -63.0 4.71238898038469 17
0000 0007 1710577616701 -39.0 -64.5 2.60776733940559 17
0000 0008 1710577616701 -16.25 -59.0 5.620505606812989 17
0000 0003 1710577616701 -78.0625 -70.0 0.7117670855789375 17
0000 0002 1710577616702 13.0 -69.0 3.5158839658338894 17
0000 0014 1710577616702 -91.125 -68.5 1.4480778637640452 17
0000 0013 1710577616702 4.1875 -79.0 5.246214294568893 17
0000 0004 1710577616703 -22.75 -63.0 4.6448938257177215 17
0000 0007 1710577616703 29.25 -64.0 2.564815877344792 17
0000 0003 1710577616703 -91.125 -69.0 0.7485826244881929 17
0000 0008 1710577616704 13.0 -59.0 5.5714182216006485 17
0000 0014 1710577616704 -26.0 -68.5 1.3008157081270237 17
0000 0015 1710577616705 68.3125 -66.0 4.675573441475434 17
0000 0002 1710577616705 22.75 -69.5 3.423845118560751 17
0000 0005 1710577616705 13.0 -67.0 4.362641360746763 17
0000 0013 1710577616946 -6.125 -79.0 5.45483568172134 17
0000 0004 1710577616946 52.0625 -63.0 4.4976316700806995 17
0000 0007 1710577616946 -35.75 -64.0 2.6384469551633027 17
0000 0008 1710577616947 -32.5 -59.0 5.6573211457222445 17
0000 0002 1710577616947 -26.0 -70.0 3.497476196379262 17
0000 0005 1710577616947 -3.25 -67.0 4.430136515413731 17
0000 0014 1710577616948 -22.75 -69.0 1.423534171157875 17
0000 0015 1710577616948 45.5625 -66.5 4.718524903536232 17
0000 0003 1710577616948 -9.75 -69.0 0.619728238305799 17
0000 0013 1710577616949 1.75 -79.0 5.0682725231741586 17
0000 0007 1710577616949 -9.75 -64.0 2.6691265709210157 17
0000 0008 1710577616949 -32.5 -59.0 5.663457068873787 17
0000 0002 1710577616950 -13.0 -69.5 3.5465635815916023 17
0000 0014 1710577616950 -35.75 -68.5 1.2762720155208536 17
0000 0005 1710577616950 131.8125 -67.5 4.2031073588066565 17
0000 0004 1710577616951 22.75 -63.0 4.509903516383785 17
0000 0015 1710577616951 -42.3125 -67.0 4.945554060143307 17
0000 0003 1710577616951 58.5625 -68.5 0.5399612373357456 17
0000 0013 1710577617230 0.625 -79.0 5.141903600992669 17
0000 0007 1710577617230 58.5625 -63.5 2.552544031041707 17
0000 0015 1710577617230 -6.5 -66.5 4.767612288748572 17
0000 0003 1710577617231 -3.25 -70.0 0.6013204688511713 17
0000 0002 1710577617231 6.5 -69.0 3.399301425954581 17
0000 0014 1710577617231 45.5625 -69.0 1.3008157081270237 17
0000 0005 1710577617232 -166.0 -67.5 4.595806440505381 17
0000 0008 1710577617232 29.25 -59.5 5.577554144752192 17
0000 0004 1710577617232 3.25 -63.0 4.589670517353839 17
0000 0007 1710577617391 -58.5625 -64.5 2.773437264497239 17
0000 0005 1710577617391 -45.5625 -67.0 4.405592822807561 17
0000 0015 1710577617391 26.0 -66.5 4.773748211900116 17
0000 0003 1710577617392 136.6875 -70.5 0.3190680038802134 17
0000 0002 1710577617392 -16.25 -69.5 3.4054373491061236 17
0000 0008 1710577617392 -26.0 -59.0 5.626641529964532 17
0000 0014 1710577617393 -84.625 -69.0 1.5033011721279284 17
0000 0004 1710577617393 -16.25 -63.5 4.577398671050753 17
0000 0015 1710577617393 -48.8125 -66.0 4.896466674930966 17
0000 0002 1710577617394 -143.1875 -68.5 3.6999616603801666 17
0000 0003 1710577617394 19.5 -69.5 0.7117670855789375 17
0000 0007 1710577617394 9.75 -64.0 2.6200391857086753 17
0000 0008 1710577617395 3.25 -59.5 5.583690067903734 17
0000 0004 1710577617395 -16.25 -63.5 4.608078286808466 17
0000 0014 1710577617396 -52.0625 -68.0 1.3499030933393643 17
0000 0005 1710577617396 3.25 -67.0 4.313553975534423 17
0000 0013 1710577617698 -3.6875 -79.5 5.418020142812084 17
0000 0002 1710577617698 87.875 -69.5 3.3072625786814425 17
0000 0007 1710577617698 35.75 -64.5 2.442097414313941 17
0000 0005 1710577617699 38.1875 -67.5 4.3074180523828804 17
0000 0003 1710577617699 29.25 -69.0 0.662679700366597 17
0000 0015 1710577617699 3.25 -67.0 4.878058905476339 17
0000 0014 1710577617700 -52.0625 -69.5 1.4173982480063325 17
0000 0008 1710577617700 9.75 -59.5 5.589825991055276 17
0000 0004 1710577617701 32.5 -63.0 4.509903516383785 17
0000 0013 1710577617702 -1.9375 -79.0 5.264622064023521 17
0000 0014 1710577617702 -35.75 -70.0 1.4603497100671303 17
0000 0002 1710577617702 -52.0625 -69.0 3.522019888985432 17
0000 0008 1710577617703 26.0 -58.5 5.516194913236766 17
0000 0005 1710577617703 59.375 -68.0 4.289010282928253 17
0000 0004 1710577617703 9.75 -63.0 4.528311285838413 17
0000 0003 1710577617704 9.75 -69.0 0.37429131224409645 17
0000 0007 1710577617704 29.25 -64.5 2.6445828783148455 17
0000 0015 1710577617704 -117.125 -66.0 4.963961829597935 17
0000 0013 1710577617938 -14.4375 -79.5 5.405748296509 17
0000 0003 1710577617938 74.8125 -68.5 6.215690152512618 17
0000 0015 1710577617938 -9.75 -66.0 4.773748211900116 17
0000 0004 1710577617938 35.75 -62.5 4.466952054322987 17
0000 0002 1710577617939 48.8125 -69.0 3.4054373491061236 17
0000 0008 1710577617939 19.5 -57.5 5.47937937432751 17
0000 0014 1710577617939 -91.125 -68.5 1.4480778637640452 17
0000 0005 1710577617940 87.875 -71.0 4.558990901596125 17
0000 0007 1710577617940 19.5 -66.0 2.816388726558037 17
0000 0013 1710577617940 56.125 -78.5 5.117359908386499 17
0000 0007 1710577617941 -26.0 -67.0 3.6999616603801666 17
0000 0004 1710577617941 9.75 -62.5 4.399456899656019 17
0000 0008 1710577617941 -22.75 -56.0 5.516194913236766 17
0000 0015 1710577617942 13.0 -65.5 4.663301595172349 17
0000 0014 1710577617942 -78.0625 -68.0 1.3192234775816514 17
0000 0003 1710577617942 107.375 -67.5 5.8659425328746915 17
0000 0002 1710577617943 -133.4375 -70.5 3.6017868899554855 17
0000 0013 1710577617979 28.625 -78.0 2.2948352586769194 17
0000 0005 1710577617979 12.3125 -75.0 5.780039608753096 17
0000 0009 1710577618102 5.0 -72.5 3.785864584501762 17
0000 0010 1710577618102 0.25 -74.5 5.589825991055276 17
0000 0000 1710577618103 -0.4375 -73.0 3.6754179677739964 17
0000 0006 1710577618103 3.25 -73.5 1.2578642460662257 17
0000 0014 1710577618103 -55.3125 -66.5 0.9633399347921826 17
0000 0009 1710577618104 62.625 -68.0 0.8467573949128739 17
0000 0010 1710577618104 -26.0 -72.0 6.068427996875596 17
0000 0005 1710577618104 -65.0625 -69.5 0.4172427743048944 17
0000 0008 1710577618105 13.0 -56.0 5.602097837358362 17
0000 0002 1710577618105 -87.875 -69.5 2.834796496012665 17
0000 0004 1710577618105 0.0 -62.5 4.381049130201391 17
0000 0000 1710577618106 -52.0625 -70.0 0.47860200582032003 17
0000 0015 1710577618106 9.75 -66.0 4.331961744989051 17
0000 0006 1710577618107 -143.1875 -69.0 1.9144080232812801 17
0000 0007 1710577618107 32.5 -66.0 5.47937937432751 17
0000 0003 1710577618107 61.8125 -65.5 4.890330751779424 17
0000 0013 1710577618108 322.25 -75.0 2.3071071049800045 17
0000 0008 1710577618231 -16.25 -56.0 5.792311455056181 17
0000 0009 1710577618231 10.5625 -64.0 0.8897088569736719 17
0000 0003 1710577618231 29.25 -64.5 3.9515345095934116 17
0000 0014 1710577618231 -61.8125 -68.0 1.000155473701438 17
0000 0004 1710577618232 48.8125 -63.5 3.9576704327449543 17
0000 0005 1710577618232 -52.0625 -64.0 5.982525072754001 17
0000 0006 1710577618232 -39.0 -67.0 1.9880391010997909 17
0000 0002 1710577618233 68.3125 -69.5 1.6873788666742053 17
0000 0007 1710577618233 -9.75 -64.5 6.227961998815704 17
0000 0010 1710577618233 201.8125 -68.5 6.117515382087937 17
0000 0000 1710577618234 74.8125 -66.5 6.080699843178682 17
0000 0015 1710577618234 -260.375 -70.0 4.804427827657828 17
0000 0013 1710577618234 -166.0 -74.0 2.3746022596469727 17
0000 0008 1710577618466 -13.0 -55.5 5.700272607783043 17
0000 0014 1710577618466 -84.625 -68.0 1.1351457830353744 17
0000 0015 1710577618466 -3.25 -69.5 4.822835597112456 17
0000 0005 1710577618467 -29.25 -60.0 4.933282213840222 17
0000 0009 1710577618467 -39.0 -60.0 0.5154175447295755 17
0000 0003 1710577618467 26.0 -66.0 2.521864415283994 17
0000 0010 1710577618468 -117.125 -66.0 6.019340611663256 17
0000 0002 1710577618468 -260.375 -71.0 0.7731263170943632 17
0000 0006 1710577618468 0.0 -64.5 1.552388557340269 17
0000 0000 1710577618469 48.8125 -65.0 5.283029833478148 17
0000 0004 1710577618469 3.25 -62.5 2.650718801466388 17
0000 0007 1710577618469 -35.75 -63.5 6.074563920027139 17
0000 0013 1710577618470 -10.9375 -77.5 4.921010367537137 17
0000 0011 1710577618470 -3.625 -76.0 5.553010452146021 17
0000 0006 1710577618470 6.5 -68.0 0.2761165418194154 17
0000 0003 1710577618471 32.5 -66.0 1.3008157081270237 17
0000 0004 1710577618471 -3.25 -62.0 1.000155473701438 17
0000 0011 1710577618471 169.25 -73.5 4.859651136021712 17
0000 0008 1710577618472 13.0 -55.0 5.184855063053467 17
0000 0010 1710577618472 -52.0625 -62.5 4.95168998329485 17
0000 0009 1710577618472 -17.0625 -59.0 6.1850105367549055 17
0000 0007 1710577618473 -74.8125 -66.5 4.81056375080937 17
0000 0005 1710577618473 0.0 -58.5 3.4177091954092087 17
0000 0002 1710577618473 -126.9375 -71.5 4.994641445355648 17
0000 0000 1710577618474 41.5 -64.0 4.28287435977671 17
0000 0014 1710577618474 -35.75 -67.0 0.8467573949128739 17
0000 0015 1710577618475 -74.8125 -67.5 5.141903600992669 17
0000 0001 1710577618632 -2.6875 -73.0 1.0921943209745766 17
0000 0013 1710577618633 21.0 -80.0 5.117359908386499 17
0000 0000 1710577618633 -21.125 -63.5 3.423845118560751 17
0000 0001 1710577618633 -29.25 -69.0 0.7179030087304801 17
0000 0006 1710577618634 -19.5 -69.0 2.3930100291016 17
0000 0015 1710577618634 -19.5 -66.0 4.798291904506286 17
0000 0011 1710577618634 -156.1875 -71.5 4.25833066717054 17
0000 0008 1710577618635 -6.5 -56.5 4.945554060143307 17
0000 0005 1710577618635 6.5 -64.0 1.1719613219446299 17
0000 0009 1710577618635 -48.8125 -59.0 6.135923151542564 17
0000 0010 1710577618636 16.25 -62.5 4.3074180523828804 17
0000 0004 1710577618636 29.25 -62.0 4.921010367537137 17
0000 0003 1710577618636 6.5 -66.5 0.21475731030398976 17
0000 0002 1710577618637 55.3125 -74.0 3.3440781175906977 17
0000 0014 1710577618637 -42.3125 -66.0 0.5829126993965437 17
0000 0013 1710577618637 -46.375 -78.0 2.742757648739526 17
0000 0007 1710577618729 -8.1875 -74.5 0.7485826244881929 17
0000 0003 1710577618864 6.5 -67.5 5.534602682691394 17
0000 0005 1710577618864 -81.375 -64.0 5.632777453116074 17
0000 0004 1710577618864 -42.3125 -63.0 3.423845118560751 17
0000 0008 1710577618864 0.0 -56.5 4.804427827657828 17
0000 0009 1710577618865 -41.5 -58.5 0.006135923151542565 17
0000 0010 1710577618865 -22.75 -63.5 4.215379205109742 17
0000 0014 1710577618865 -6.5 -65.5 0.5399612373357456 17
0000 0000 1710577618866 65.875 -63.5 2.350058567040802 17
0000 0001 1710577618866 13.0 -64.5 5.884350302329319 17
0000 0015 1710577618867 39.0 -66.5 4.528311285838413 17
0000 0006 1710577618867 -120.4375 -70.0 0.6810874698212247 17
0000 0002 1710577618867 152.9375 -74.5 1.9941750242513334 17
0000 0007 1710577618867 -15.4375 -72.5 0.21475731030398976 17
0000 0013 1710577618868 -8.5 -77.5 5.338253141842031 17
0000 0006 1710577618868 -48.8125 -69.0 1.1596894756415448 17
0000 0001 1710577618868 -16.25 -63.5 4.614214209960009 17
0000 0004 1710577618869 -19.5 -63.5 2.8961557275280905 17
0000 0003 1710577618869 -16.25 -69.0 4.246058820867455 17
0000 0000 1710577618869 24.375 -63.5 1.9082721001297376 17
0000 0007 1710577618870 -159.5 -71.0 0.23316507975861744 17
0000 0009 1710577618870 -24.375 -57.5 0.06135923151542565 17
0000 0015 1710577618870 55.3125 -67.5 4.491495746929157 17
0000 0008 1710577618871 0.0 -57.0 4.669437518323892 17
0000 0010 1710577618871 -32.5 -64.5 4.086524818927348 17
0000 0014 1710577618872 -9.75 -65.5 0.48473792897186263 17
0000 0005 1710577618872 -26.0 -63.5 4.994641445355648 17
0000 0002 1710577618872 192.0 -73.0 1.3130875544301088 17
0000 0013 1710577618979 -7.875 -78.0 2.282563412373834 17
0000 0005 1710577619122 -10.5625 -63.5 4.7307967498393175 17
0000 0007 1710577619122 -130.1875 -71.5 0.09817477042468103 17
0000 0001 1710577619123 16.25 -62.5 3.32567034813607 17
0000 0014 1710577619123 9.75 -65.0 0.3129320807286708 17
0000 0004 1710577619123 -22.75 -63.5 3.1906800388021335 17
0000 0015 1710577619124 -3.25 -67.0 4.552854978444583 17
0000 0010 1710577619124 -81.375 -65.5 4.2031073588066565 17
0000 0003 1710577619124 21.125 -70.0 3.5772431973493153 17
0000 0008 1710577619125 6.5 -57.5 4.558990901596125 17
0000 0000 1710577619125 30.875 -63.5 1.5462526341887264 17
0000 0009 1710577619125 -13.8125 -57.0 0.006135923151542565 17
0000 0006 1710577619126 55.3125 -67.5 2.030990563160589 17
0000 0002 1710577619126 -227.8125 -71.5 1.4726215563702154 17
0000 0013 1710577619126 -23.75 -78.0 5.387340527054372 17
0000 0010 1710577619127 6.5 -65.0 4.2031073588066565 17
0000 0008 1710577619127 9.75 -58.0 4.528311285838413 17
0000 0009 1710577619127 -59.375 -56.5 0.1227184630308513 17
0000 0015 1710577619128 -39.0 -66.0 4.6448938257177215 17
0000 0003 1710577619128 -26.0 -71.5 3.172272269347506 17
0000 0014 1710577619128 45.5625 -65.5 0.32520392703175593 17
0000 0007 1710577619129 -71.5625 -67.5 0.21475731030398976 17
0000 0000 1710577619129 24.375 -64.0 1.2762720155208536 17
0000 0002 1710577619129 -52.0625 -72.5 0.8651651643675016 17
0000 0004 1710577619130 -19.5 -64.0 3.2581751934691017 17
0000 0001 1710577619130 -22.75 -61.5 2.5586799541932495 17
0000 0006 1710577619131 71.5625 -66.5 2.1046216409791 17
0000 0005 1710577619131 -16.25 -62.5 4.73693267299086 17
0000 0013 1710577619229 11.5625 -78.0 5.197126909356553 17
0000 0003 1710577619360 9.75 -71.5 2.9636508821950587 17
0000 0005 1710577619361 -6.5 -63.0 4.663301595172349 17
0000 0008 1710577619361 19.5 -59.5 4.638757902566179 17
0000 0006 1710577619361 -13.0 -67.0 2.2886993355253766 17
0000 0009 1710577619362 -3.25 -55.5 0.1227184630308513 17
0000 0004 1710577619362 26.0 -63.5 3.0925052683774528 17
0000 0015 1710577619362 -26.0 -67.5 4.693981210930062 17
0000 0007 1710577619363 -6.5 -67.0 6.234097921967246 17
0000 0001 1710577619363 3.25 -61.5 2.1230294104337273 17
0000 0014 1710577619363 3.25 -65.5 0.4295146206079795 17
0000 0000 1710577619364 13.8125 -64.5 1.1780972450961724 17
0000 0010 1710577619364 13.0 -65.0 4.289010282928253 17
0000 0002 1710577619364 -68.3125 -75.5 0.6994952392758523 17
0000 0013 1710577619365 -10.375 -78.5 5.3198453723874035 17
0000 0010 1710577619365 19.5 -65.5 4.319689898685965 17
0000 0000 1710577619366 -42.3125 -64.5 1.214912784005428 17
0000 0014 1710577619366 -48.8125 -65.5 0.5645049299419159 17
0000 0001 1710577619366 16.25 -60.5 1.9512235621905356 17
0000 0009 1710577619367 -21.125 -55.0 0.1595340019401067 17
0000 0005 1710577619367 -59.375 -62.0 4.595806440505381 17
0000 0007 1710577619367 -35.75 -65.5 5.9088939949354895 17
0000 0008 1710577619368 -6.5 -61.5 4.681709364626977 17
0000 0002 1710577619368 91.125 -74.0 0.8897088569736719 17
0000 0003 1710577619368 -130.1875 -72.5 2.779573187648782 17
0000 0004 1710577619369 48.8125 -63.0 2.9636508821950587 17
0000 0006 1710577619369 -71.5625 -66.5 2.380738182798515 17
0000 0015 1710577619370 13.0 -67.0 4.632621979414636 17
0000 0013 1710577619479 4.0625 -79.5 5.141903600992669 17
0000 0000 1710577619618 -22.75 -64.5 1.0983302441261191 17
0000 0001 1710577619618 29.25 -60.5 1.8837284075235674 17
0000 0004 1710577619619 -29.25 -63.5 3.0925052683774528 17
0000 0002 1710577619619 -159.5 -72.5 0.9633399347921826 17
0000 0007 1710577619619 29.25 -65.5 5.393476450205914 17
0000 0009 1710577619620 -22.75 -55.5 0.11044661672776616 17
0000 0008 1710577619620 6.5 -60.5 4.693981210930062 17
0000 0006 1710577619620 -13.0 -67.0 2.2396119503130363 17
0000 0005 1710577619621 26.0 -62.0 4.356505437595221 17
0000 0015 1710577619621 -71.5625 -66.0 4.7307967498393175 17
0000 0014 1710577619621 13.0 -65.5 0.35588354278946877 17
0000 0003 1710577619622 -29.25 -71.5 2.5464081078901644 17
0000 0010 1710577619622 9.75 -65.0 4.295146206079795 17
0000 0013 1710577619622 6.5 -79.5 5.301437602932776 17
0000 0004 1710577619623 -6.5 -63.0 2.9759227284981438 17
0000 0003 1710577619623 -3.25 -70.5 2.067806102069844 17
0000 0015 1710577619623 -32.5 -67.0 4.718524903536232 17
0000 0007 1710577619624 0.0 -65.5 5.270757987175063 17
0000 0000 1710577619624 3.25 -64.5 1.0246991663076084 17
0000 0009 1710577619624 -16.25 -55.0 0.4663301595172349 17
0000 0001 1710577619625 39.0 -61.0 1.8960002538266525 17
0000 0005 1710577619625 -39.0 -62.5 4.509903516383785 17
0000 0010 1710577619625 -29.25 -64.0 4.565126824747668 17
0000 0008 1710577619626 22.75 -60.0 4.522175362686871 17
0000 0014 1710577619626 -32.5 -65.0 0.44178646691106466 17
0000 0006 1710577619627 -74.8125 -67.5 2.282563412373834 17
0000 0002 1710577619627 123.6875 -73.5 0.6504078540635119 17
0000 0013 1710577619730 -9.125 -78.0 5.246214294568893 17
0000 0003 1710577619859 123.6875 -71.5 1.8100973297050567 17
0000 0010 1710577619859 107.375 -65.5 4.448544284868359 17
0000 0009 1710577619859 0.0 -55.0 0.4908738521234052 17
0000 0015 1710577619859 -52.0625 -67.0 4.773748211900116 17
0000 0014 1710577619860 87.875 -65.0 0.32520392703175593 17
0000 0007 1710577619860 32.5 -65.5 5.393476450205914 17
0000 0008 1710577619860 -16.25 -60.5 4.620350133111551 17
0000 0006 1710577619861 -29.25 -67.0 2.110757564130642 17
0000 0000 1710577619861 87.0625 -66.0 1.000155473701438 17
0000 0001 1710577619861 -29.25 -61.5 2.2457478734645786 17
0000 0004 1710577619862 -26.0 -63.0 3.06182565261974 17
0000 0005 1710577619862 -52.0625 -63.0 4.614214209960009 17
0000 0002 1710577619862 -26.0 -73.0 0.7731263170943632 17
0000 0013 1710577619863 -22.5625 -79.0 2.1537090261914402 17
0000 0007 1710577619863 16.25 -65.5 5.50392306693368 17
0000 0009 1710577619863 0.0 -55.0 0.4970097752749477 17
0000 0000 1710577619864 -21.125 -64.5 1.1780972450961724 17
0000 0014 1710577619864 42.3125 -65.0 0.3129320807286708 17
0000 0008 1710577619864 3.25 -60.5 4.632621979414636 17
0000 0006 1710577619865 84.625 -68.0 2.0371264863121317 17
0000 0010 1710577619865 65.0625 -64.5 4.546719055293041 17
0000 0015 1710577619865 58.5625 -66.5 4.558990901596125 17
0000 0005 1710577619865 61.8125 -62.5 4.466952054322987 17
0000 0003 1710577619866 -81.375 -71.0 2.172116795646068 17
0000 0001 1710577619867 -6.5 -61.5 2.325514874434632 17
0000 0004 1710577619867 16.25 -63.5 3.0802334220743677 17
0000 0002 1710577619867 156.1875 -74.5 0.6688156235181395 17
0000 0013 1710577619980 39.625 -79.0 5.056000676871073 17
0000 0007 1710577619980 -19.5 -65.0 5.45483568172134 17
0000 0001 1710577619981 -19.5 -62.0 2.509592568980909 17
0000 0004 1710577619981 -35.75 -63.0 3.1784081924990484 17
0000 0000 1710577619981 87.0625 -65.5 1.1290098598838318 17
0000 0010 1710577619982 -87.875 -63.5 4.706253057233147 17
0000 0009 1710577619982 30.875 -55.0 0.4663301595172349 17
0000 0006 1710577619982 -52.0625 -67.5 2.2150682577068657 17
0000 0015 1710577619983 -29.25 -67.5 4.675573441475434 17
0000 0005 1710577619983 -3.25 -63.0 4.571262747899211 17
0000 0008 1710577619983 6.5 -60.5 4.620350133111551 17
0000 0014 1710577619984 9.75 -65.5 0.3129320807286708 17
0000 0003 1710577619984 -192.0 -71.5 2.5893595699509624 17
0000 0002 1710577620125 -0.5625 -74.5 0.9633399347921826 17
0000 0013 1710577620125 25.625 -79.0 5.160311370447297 17
0000 0010 1710577620126 35.75 -64.5 4.558990901596125 17
0000 0005 1710577620126 16.25 -62.5 4.565126824747668 17
0000 0001 1710577620127 3.25 -61.5 2.6139032625571326 17
0000 0015 1710577620127 9.75 -67.0 4.608078286808466 17
0000 0007 1710577620127 -71.5625 -65.5 5.534602682691394 17
0000 0006 1710577620128 9.75 -68.0 1.9880391010997909 17
0000 0008 1710577620128 -22.75 -59.5 4.706253057233147 17
0000 0009 1710577620128 7.3125 -55.0 0.4724660826687775 17
0000 0004 1710577620129 3.25 -63.5 3.000466421104314 17
0000 0014 1710577620129 9.75 -65.5 0.35588354278946877 17
0000 0000 1710577620129 3.25 -65.5 1.3314953238847365 17
0000 0003 1710577620130 45.5625 -71.0 2.227340104009951 17
0000 0002 1710577620130 -42.3125 -72.5 0.9572040116406401 17
0000 0013 1710577620130 18.25 -78.5 5.209398755659637 17
0000 0008 1710577620230 0.0 -59.5 4.706253057233147 17
0000 0004 1710577620231 -3.25 -63.5 2.988194574801229 17
0000 0002 1710577620231 32.5 -72.5 0.8897088569736719 17
0000 0005 1710577620231 -6.5 -63.5 4.804427827657828 17
0000 0001 1710577620232 13.0 -62.0 2.8654761117703775 17
0000 0009 1710577620232 -13.8125 -55.5 0.5031456984264903 17
0000 0014 1710577620232 13.0 -65.0 0.36815538909255385 17
0000 0010 1710577620233 -84.625 -64.0 4.632621979414636 17
0000 0000 1710577620233 -125.3125 -65.5 1.564660403643354 17
0000 0007 1710577620233 -42.3125 -66.0 5.289165756629691 17
0000 0003 1710577620233 -52.0625 -73.0 3.018874190558942 17
0000 0015 1710577620234 -84.625 -66.5 4.773748211900116 17
0000 0006 1710577620234 107.375 -67.5 1.9696313316451632 17
0000 0013 1710577620464 23.1875 -79.0 5.037592907416445 17
0000 0010 1710577620464 -71.5625 -64.0 4.608078286808466 17
0000 0001 1710577620465 3.25 -63.0 3.147728576741336 17
0000 0006 1710577620465 42.3125 -69.0 1.932815792735908 17
0000 0009 1710577620465 -3.25 -55.5 0.5276893910326605 17
0000 0005 1710577620466 -55.3125 -63.0 4.95168998329485 17
0000 0000 1710577620466 27.625 -66.0 1.5401167110371838 17
0000 0014 1710577620466 13.0 -64.5 0.3374757733348411 17
0000 0007 1710577620467 22.75 -66.5 5.332117218690489 17
0000 0008 1710577620467 -3.25 -59.0 4.7860200582032 17
0000 0004 1710577620467 -58.5625 -63.0 2.9759227284981438 17
0000 0003 1710577620468 32.5 -72.0 3.1231848841351653 17
0000 0015 1710577620468 -3.25 -66.0 4.669437518323892 17
0000 0002 1710577620468 0.0 -72.0 0.9510680884890975 17
0000 0013 1710577620469 22.5625 -78.0 5.0253210611133605 17
0000 0000 1710577620469 13.8125 -65.5 1.662835174068035 17
0000 0006 1710577620469 55.3125 -68.5 1.859184714917397 17
0000 0003 1710577620470 -68.3125 -73.0 3.749049045592507 17
0000 0001 1710577620470 -65.0625 -62.5 3.4054373491061236 17
0000 0007 1710577620470 -136.6875 -67.0 5.7616318392984684 17
0000 0009 1710577620471 10.5625 -55.5 0.521553467881118 17
0000 0010 1710577620472 -78.0625 -63.5 4.565126824747668 17
0000 0008 1710577620472 -9.75 -58.5 4.828971520263998 17
0000 0015 1710577620472 -133.4375 -67.0 4.878058905476339 17
0000 0004 1710577620473 71.5625 -62.5 2.748893571891069 17
0000 0014 1710577620474 0.0 -65.0 0.3865631585471816 17
0000 0005 1710577620474 9.75 -63.5 5.148039524144211 17
0000 0002 1710577620474 227.8125 -71.5 0.607456392002714 17
0000 0013 1710577620710 6.0625 -78.5 2.061670178918302 17
0000 0007 1710577620710 -110.625 -67.0 5.780039608753096 17
0000 0005 1710577620710 -19.5 -63.5 5.178719139901925 17
0000 0014 1710577620710 -71.5625 -65.5 0.4172427743048944 17
0000 0000 1710577620711 -17.0625 -65.5 1.7671458676442586 17
0000 0009 1710577620711 9.75 -55.5 0.5338253141842031 17
0000 0008 1710577620711 -39.0 -58.5 4.92714629068868 17
0000 0003 1710577620712 -364.5625 -73.5 4.227651051412827 17
0000 0004 1710577620712 -52.0625 -63.5 3.1354567304382504 17
0000 0015 1710577620712 32.5 -66.0 4.577398671050753 17
0000 0010 1710577620713 -74.8125 -64.0 4.651029748869264 17
0000 0001 1710577620713 16.25 -62.5 3.5465635815916023 17
0000 0006 1710577620713 -48.8125 -68.0 2.012582793705961 17
0000 0002 1710577620714 9.75 -73.0 1.1965050145508 17
0000 0013 1710577620714 -16.4375 -79.0 5.3198453723874035 17
0000 0015 1710577620714 13.0 -66.5 4.651029748869264 17
0000 0003 1710577620715 6.5 -72.5 3.736777199289422 17
0000 0009 1710577620715 19.5 -55.5 0.5276893910326605 17
0000 0014 1710577620715 -9.75 -65.0 0.36815538909255385 17
0000 0000 1710577620715 -3.25 -65.0 1.8223691760081417 17
0000 0005 1710577620716 -17.0625 -63.0 5.117359908386499 17
0000 0010 1710577620716 -42.3125 -64.0 4.614214209960009 17
0000 0004 1710577620716 -45.5625 -63.5 3.129320807286708 17
0000 0001 1710577620717 -16.25 -63.0 3.736777199289422 17
0000 0008 1710577620717 -13.0 -58.0 4.933282213840222 17
0000 0006 1710577620717 -29.25 -67.5 1.9634954084936207 17
0000 0007 1710577620718 -16.25 -67.0 5.485515297479052 17
0000 0002 1710577620718 237.5625 -73.5 1.0799224746714913 17
