0001 0004 1711159528328 -9.75 -62.5 6.105243535784852 0
0001 0001 1711159528328 9.75 -60.0 3.693825737228624 0
0001 0005 1711159528328 48.8125 -57.0 1.7978254834019713 0
0001 0013 1711159528329 9.75 -59.5 3.2949907323783574 0
0001 0012 1711159528329 0.0 -54.0 2.1659808724945253 0
0001 0011 1711159528330 -6.5 -58.5 5.491651220630596 0
0001 0008 1711159528330 87.0625 -70.0 1.282407938672396 0
0001 0014 1711159528330 35.75 -56.0 1.4296700943094176 0
0001 0010 1711159528331 29.25 -57.0 1.4787574795217582 0
0001 0009 1711159528331 13.0 -60.0 0.705631162427395 0
0001 0002 1711159528332 -7.875 -76.0 0.9878836273983529 0
0001 0003 1711159528332 -10.375 -75.0 1.4664856332186729 0
0001 0007 1711159528332 1.8125 -78.5 4.595806440505381 0
0001 0011 1711159528333 -22.75 -58.0 5.534602682691394 0
0001 0008 1711159528333 -91.125 -69.5 1.705786636128833 0
0001 0005 1711159528333 35.75 -57.0 1.846912868614312 0
0001 0004 1711159528334 -55.3125 -63.0 6.12365130523948 0
0001 0014 1711159528334 19.5 -56.0 1.4787574795217582 0
0001 0012 1711159528334 -3.25 -54.5 2.1782527187976104 0
0001 0010 1711159528335 35.75 -57.0 1.5033011721279284 0
0001 0009 1711159528335 -3.25 -60.0 0.7179030087304801 0
0001 0001 1711159528335 0.0 -60.5 3.761320891895592 0
0001 0013 1711159528336 -22.75 -59.5 3.3502140407422405 0
0001 0002 1711159528336 208.3125 -72.5 0.4970097752749477 0
0001 0003 1711159528424 26.0 -75.0 4.657165672020807 0
0001 0007 1711159528424 36.5625 -79.0 1.3314953238847365 0
0001 0009 1711159528590 9.75 -60.0 0.7301748550335652 0
0001 0012 1711159528590 0.0 -54.5 2.2027964114037806 0
0001 0013 1711159528591 -19.5 -59.5 3.3870295796514958 0
0001 0014 1711159528591 -3.25 -56.0 1.533980787885641 0
0001 0001 1711159528591 29.25 -61.0 3.773592738198677 0
0001 0010 1711159528591 0.0 -57.0 1.564660403643354 0
0001 0005 1711159528592 -26.0 -57.0 1.945087639038993 0
0001 0011 1711159528592 19.5 -58.5 5.473243451175968 0
0001 0008 1711159528592 -156.1875 -69.5 1.932815792735908 0
0001 0004 1711159528593 -3.25 -62.5 6.080699843178682 0
0001 0003 1711159528593 -175.75 -74.0 1.736466251886546 0
0001 0007 1711159528593 4.875 -78.5 4.767612288748572 0
0001 0002 1711159528594 2.4375 -76.5 0.9694758579437253 0
0001 0013 1711159528595 16.25 -59.5 3.3502140407422405 0
0001 0010 1711159528595 21.125 -57.0 1.533980787885641 0
0001 0011 1711159528595 6.5 -58.5 5.491651220630596 0
0001 0008 1711159528595 27.625 -70.0 1.5155730184310134 0
0001 0001 1711159528596 -16.25 -60.5 3.822680123411018 0
0001 0012 1711159528596 -3.25 -54.0 2.2089323345553233 0
0001 0004 1711159528596 -22.75 -62.5 6.12365130523948 0
0001 0009 1711159528597 -6.5 -60.0 0.7485826244881929 0
0001 0003 1711159528597 91.125 -73.0 1.282407938672396 0
0001 0014 1711159528597 -16.25 -56.0 1.533980787885641 0
0001 0005 1711159528598 -3.25 -57.0 1.9082721001297376 0
0001 0002 1711159528674 -1.1875 -75.5 4.086524818927348 0
0001 0007 1711159528674 19.1875 -80.0 1.1780972450961724 0
0001 0001 1711159528856 -13.0 -60.5 3.7981364308048478 0
0001 0005 1711159528857 0.0 -57.0 1.9144080232812801 0
0001 0014 1711159528857 16.25 -56.0 1.4971652489763858 0
0001 0004 1711159528857 -26.0 -62.5 6.092971689481767 0
0001 0009 1711159528858 -39.0 -59.5 0.7547185476397354 0
0001 0012 1711159528858 -13.0 -54.5 2.1905245651006955 0
0001 0011 1711159528858 -26.0 -58.5 5.5284667595398505 0
0001 0013 1711159528858 35.75 -60.0 3.2949907323783574 0
0001 0010 1711159528859 -19.5 -57.0 1.5585244804918115 0
0001 0008 1711159528859 100.875 -70.0 1.509437095279471 0
0001 0003 1711159528859 21.125 -75.5 1.423534171157875 0
0001 0002 1711159528860 -3.0 -75.0 4.104932588381976 0
0001 0007 1711159528861 16.4375 -79.5 1.4051264017032472 0
0001 0014 1711159528861 -6.5 -56.5 1.5155730184310134 0
0001 0009 1711159528861 -42.3125 -60.0 0.8160777791551611 0
0001 0003 1711159528861 94.375 -75.0 1.607611865704152 0
0001 0005 1711159528862 -35.75 -57.0 1.9573594853420782 0
0001 0012 1711159528862 26.0 -54.0 2.1475731030398975 0
0001 0011 1711159528862 0.0 -58.5 5.491651220630596 0
0001 0004 1711159528863 -19.5 -63.0 6.086835766330224 0
0001 0010 1711159528863 3.25 -57.5 1.5462526341887264 0
0001 0008 1711159528863 -65.875 -70.0 1.6751070203711202 0
0001 0013 1711159528864 -29.25 -59.5 3.3747577333484107 0
0001 0001 1711159528864 -13.0 -60.5 3.80427235395639 0
0001 0002 1711159528924 -21.9375 -76.0 4.227651051412827 0
0001 0007 1711159529115 -6.6875 -80.0 1.5462526341887264 0
0001 0008 1711159529115 -32.5 -70.0 1.6935147898257479 0
0001 0013 1711159529115 -13.0 -60.0 3.368621810196868 0
0001 0010 1711159529116 -13.0 -57.0 1.5585244804918115 0
0001 0005 1711159529116 -13.0 -57.0 1.8960002538266525 0
0001 0004 1711159529116 -68.3125 -62.5 6.1420590746941075 0
0001 0009 1711159529117 -45.5625 -60.0 0.7853981633974483 0
0001 0012 1711159529117 9.75 -54.0 2.1598449493429825 0
0001 0014 1711159529117 9.75 -56.0 1.521708941582556 0
0001 0001 1711159529117 -13.0 -60.5 3.7981364308048478 0
0001 0002 1711159529118 -48.8125 -73.0 1.1474176293384597 0
0001 0011 1711159529118 -19.5 -58.5 5.47937937432751 0
0001 0003 1711159529119 -283.1875 -74.0 1.6444274046134073 0
0001 0007 1711159529119 -0.5625 -80.0 1.5033011721279284 0
0001 0008 1711159529120 -79.75 -70.0 1.607611865704152 0
0001 0012 1711159529120 -13.0 -54.0 2.184388641949153 0
0001 0013 1711159529120 32.5 -59.5 3.2520392703175593 0
0001 0010 1711159529121 3.25 -57.0 1.5585244804918115 0
0001 0005 1711159529121 16.25 -57.5 1.8530487917658545 0
0001 0014 1711159529121 3.25 -56.5 1.521708941582556 0
0001 0011 1711159529121 3.25 -58.5 5.436427912266712 0
0001 0001 1711159529122 -6.5 -60.5 3.7551849687440497 0
0001 0003 1711159529122 -97.625 -73.5 1.6751070203711202 0
0001 0009 1711159529122 9.75 -60.0 0.7117670855789375 0
0001 0004 1711159529123 19.5 -62.5 6.086835766330224 0
0001 0002 1711159529185 6.0625 -76.5 0.9817477042468103 0
0001 0007 1711159529185 -4.5625 -79.5 1.4726215563702154 0
0001 0010 1711159529363 -6.5 -57.0 1.533980787885641 0
0001 0004 1711159529363 22.75 -62.0 6.074563920027139 0
0001 0013 1711159529363 13.0 -60.0 3.368621810196868 0
0001 0011 1711159529364 -45.5625 -58.5 5.553010452146021 0
0001 0012 1711159529364 26.0 -54.5 2.141437179888355 0
0001 0005 1711159529364 -22.75 -57.0 1.8837284075235674 0
0001 0014 1711159529364 16.25 -56.0 1.5033011721279284 0
0001 0001 1711159529365 19.5 -60.5 3.706097583531709 0
0001 0008 1711159529365 -13.8125 -70.5 1.5892040962495242 0
0001 0009 1711159529365 -9.75 -59.5 0.7240389318820226 0
0001 0003 1711159529366 -139.9375 -75.0 1.3989904785517047 0
0001 0002 1711159529366 22.5625 -76.0 4.080388895775806 0
0001 0007 1711159529366 -10.375 -79.5 1.662835174068035 0
0001 0005 1711159529367 13.0 -57.0 1.846912868614312 0
0001 0009 1711159529367 9.75 -60.5 0.6810874698212247 0
0001 0012 1711159529367 13.0 -54.5 2.1659808724945253 0
0001 0004 1711159529368 52.0625 -63.0 6.025476534814799 0
0001 0014 1711159529368 -16.25 -56.5 1.5401167110371838 0
0001 0010 1711159529368 6.5 -57.0 1.5155730184310134 0
0001 0011 1711159529368 -29.25 -58.5 5.50392306693368 0
0001 0008 1711159529370 111.4375 -70.0 1.4603497100671303 0
0001 0001 1711159529370 -42.3125 -60.5 3.8288160465625602 0
0001 0013 1711159529370 -9.75 -60.0 3.3440781175906977 0
0001 0003 1711159529425 -2.4375 -75.5 1.4787574795217582 0
0001 0002 1711159529425 9.75 -77.0 1.0246991663076084 0
0001 0007 1711159529628 -15.8125 -80.0 1.5278448647340985 0
0001 0011 1711159529629 9.75 -58.5 5.485515297479052 0
0001 0004 1711159529629 -3.25 -62.5 6.086835766330224 0
0001 0012 1711159529629 -13.0 -54.0 2.1905245651006955 0
0001 0010 1711159529630 -24.375 -57.0 1.576932249946439 0
0001 0014 1711159529630 9.75 -56.5 1.4910293258248433 0
0001 0001 1711159529630 -16.25 -60.5 3.8410878928656453 0
0001 0013 1711159529630 22.75 -60.0 3.313398501832985 0
0001 0009 1711159529631 -19.5 -60.0 0.705631162427395 0
0001 0005 1711159529631 3.25 -57.0 1.8407769454627694 0
0001 0008 1711159529631 177.375 -71.5 1.3621749396424494 0
0001 0002 1711159529632 -4.25 -76.0 4.2031073588066565 0
0001 0003 1711159529633 21.9375 -76.0 1.4051264017032472 0
0001 0007 1711159529633 -11.5625 -80.0 1.7119225592803755 0
0001 0001 1711159529633 16.25 -60.5 3.773592738198677 0
0001 0011 1711159529633 -45.5625 -58.5 5.522330836388308 0
0001 0010 1711159529634 29.25 -57.5 1.4848934026733007 0
0001 0005 1711159529634 9.75 -57.0 1.8530487917658545 0
0001 0009 1711159529634 -55.3125 -60.5 0.7301748550335652 0
0001 0012 1711159529635 -6.5 -54.5 2.1659808724945253 0
0001 0014 1711159529635 -9.75 -56.0 1.552388557340269 0
0001 0004 1711159529635 -52.0625 -63.0 6.2034183062095325 0
0001 0013 1711159529635 26.0 -59.5 3.32567034813607 0
0001 0008 1711159529636 -125.3125 -69.5 1.8346410223112268 0
0001 0003 1711159529675 38.25 -75.0 1.4388739790367313 0
0001 0002 1711159529877 15.5625 -76.0 1.012427320004523 0
0001 0007 1711159529878 -4.25 -80.0 1.5830681730979816 0
0001 0011 1711159529878 -16.25 -58.5 5.50392306693368 0
0001 0001 1711159529878 16.25 -60.5 3.834951969714103 0
0001 0005 1711159529878 22.75 -57.0 1.8837284075235674 0
0001 0002 1711159529879 -177.375 -75.0 1.1474176293384597 0
0001 0014 1711159529879 9.75 -56.5 1.509437095279471 0
0001 0010 1711159529879 -13.0 -57.0 1.564660403643354 0
0001 0013 1711159529880 -3.25 -59.5 3.3379421944391554 0
0001 0008 1711159529880 -17.0625 -69.5 1.6444274046134073 0
0001 0012 1711159529880 9.75 -54.5 2.172116795646068 0
0001 0004 1711159529881 35.75 -62.5 6.135923151542564 0
0001 0009 1711159529882 13.0 -61.5 0.607456392002714 0
0001 0003 1711159529882 16.25 -74.5 1.2578642460662257 0
0001 0007 1711159529882 2.125 -80.5 1.4664856332186729 0
0001 0005 1711159529882 -6.5 -57.0 1.9144080232812801 0
0001 0008 1711159529883 79.75 -70.0 1.607611865704152 0
0001 0004 1711159529883 -6.5 -62.5 6.1420590746941075 0
0001 0011 1711159529883 16.25 -58.5 5.491651220630596 0
0001 0002 1711159529884 -180.625 -74.0 0.9940195505498954 0
0001 0001 1711159529884 -26.0 -60.5 3.9085830475326135 0
0001 0012 1711159529884 9.75 -54.5 2.1659808724945253 0
0001 0010 1711159529885 32.5 -57.0 1.5155730184310134 0
0001 0014 1711159529885 9.75 -56.0 1.5033011721279284 0
0001 0013 1711159529885 3.25 -59.5 3.3624858870453256 0
0001 0009 1711159529885 16.25 -61.5 0.5951845456996288 0
0001 0003 1711159529886 55.3125 -74.0 1.5033011721279284 0
0001 0007 1711159530146 0.5625 -80.5 1.5155730184310134 0
0001 0010 1711159530146 45.5625 -57.5 1.5155730184310134 0
0001 0013 1711159530146 -13.0 -60.0 3.3747577333484107 0
0001 0003 1711159530147 -319.0 -76.5 1.7548740213411735 0
0001 0011 1711159530147 9.75 -58.5 5.5284667595398505 0
0001 0005 1711159530147 -13.0 -57.0 1.945087639038993 0
0001 0008 1711159530148 -121.25 -70.5 1.859184714917397 0
0001 0012 1711159530148 9.75 -54.5 2.184388641949153 0
0001 0004 1711159530148 22.75 -63.0 6.135923151542564 0
0001 0014 1711159530148 -22.75 -56.5 1.521708941582556 0
0001 0009 1711159530149 0.0 -61.5 0.6565437772150544 0
0001 0001 1711159530149 26.0 -60.5 3.847223816017188 0
0001 0002 1711159530150 -5.4375 -76.5 1.2087768608538851 0
0001 0007 1711159530150 -17.375 -80.5 1.7426021750380885 0
0001 0010 1711159530151 16.25 -57.0 1.521708941582556 0
0001 0005 1711159530151 35.75 -57.5 1.9082721001297376 0
0001 0011 1711159530151 -35.75 -58.5 5.559146375297564 0
0001 0001 1711159530152 -3.25 -60.5 3.9208548938356986 0
0001 0008 1711159530152 48.8125 -70.5 1.6014759425526093 0
0001 0012 1711159530152 19.5 -54.5 2.172116795646068 0
0001 0014 1711159530152 0.0 -56.0 1.5155730184310134 0
0001 0013 1711159530153 -45.5625 -59.5 3.423845118560751 0
0001 0004 1711159530153 39.0 -62.5 6.111379458936394 0
0001 0009 1711159530153 19.5 -61.0 0.36815538909255385 0
0001 0002 1711159530300 -1.1875 -76.5 1.2701360923693108 0
0001 0003 1711159530301 32.9375 -75.5 1.368310862793992 0
0001 0007 1711159530301 -5.1875 -80.5 1.4296700943094176 0
0001 0001 1711159530301 22.75 -60.5 3.933126740138784 0
0001 0012 1711159530302 -45.5625 -54.5 2.2396119503130363 0
0001 0010 1711159530302 9.75 -57.0 1.5462526341887264 0
0001 0014 1711159530302 13.0 -56.0 1.4848934026733007 0
0001 0008 1711159530302 -13.8125 -71.0 1.6689710972195777 0
0001 0004 1711159530303 -45.5625 -62.5 6.227961998815704 0
0001 0011 1711159530303 -3.25 -58.5 5.5100589900852235 0
0001 0005 1711159530303 9.75 -57.0 1.9573594853420782 0
0001 0009 1711159530304 -22.75 -60.5 0.46019423636569234 0
0001 0013 1711159530304 -6.5 -59.5 3.380893656499953 0
0001 0003 1711159530304 10.375 -75.5 1.4664856332186729 0
0001 0002 1711159530305 2.5625 -75.5 1.1228739367322893 0
0001 0007 1711159530305 28.625 -78.5 4.325825821837508 0
0001 0012 1711159530425 -13.0 -54.5 2.2089323345553233 0
0001 0014 1711159530425 32.5 -56.0 1.4664856332186729 0
0001 0004 1711159530425 3.25 -63.0 6.12365130523948 0
0001 0010 1711159530425 32.5 -57.0 1.5462526341887264 0
0001 0003 1711159530426 -244.125 -73.5 1.9512235621905356 0
0001 0008 1711159530426 -65.0625 -70.0 1.7855536370988863 0
0001 0009 1711159530426 39.0 -60.5 0.3436116964863836 0
0001 0005 1711159530427 -19.5 -57.0 1.9819031779482483 0
0001 0013 1711159530427 3.25 -60.0 3.356349963893783 0
0001 0011 1711159530427 -13.0 -58.5 5.540738605842936 0
0001 0001 1711159530428 9.75 -60.0 3.9515345095934116 0
0001 0002 1711159530428 -39.0625 -75.5 1.3499030933393643 0
0001 0007 1711159530428 9.75 -78.5 4.663301595172349 0
0001 0011 1711159530630 -29.25 -58.0 5.534602682691394 0
0001 0008 1711159530630 -68.3125 -71.0 1.846912868614312 0
0001 0014 1711159530630 6.5 -56.0 1.509437095279471 0
0001 0012 1711159530630 32.5 -54.5 2.1905245651006955 0
0001 0013 1711159530631 3.25 -59.5 3.380893656499953 0
0001 0001 1711159530631 -26.0 -60.5 4.031301510563465 0
0001 0010 1711159530631 9.75 -57.0 1.607611865704152 0
0001 0004 1711159530632 0.0 -62.5 6.154330920997192 0
0001 0005 1711159530632 -6.5 -57.0 1.9634954084936207 0
0001 0009 1711159530632 -42.3125 -60.5 0.5583690067903734 0
0001 0003 1711159530633 188.75 -73.5 0.9326603190344698 0
0001 0002 1711159530633 40.6875 -75.5 4.196971435655114 0
0001 0007 1711159530633 -48.1875 -78.5 4.792155981354743 0
0001 0001 1711159530633 -19.5 -60.5 4.025165587411922 0
0001 0012 1711159530634 -6.5 -54.5 2.2212041808584084 0
0001 0013 1711159530634 0.0 -59.5 3.356349963893783 0
0001 0009 1711159530634 13.0 -61.0 0.5031456984264903 0
0001 0005 1711159530635 26.0 -57.0 1.9389517158874505 0
0001 0010 1711159530635 32.5 -57.0 1.564660403643354 0
0001 0011 1711159530635 -9.75 -58.5 5.534602682691394 0
0001 0014 1711159530635 -35.75 -56.5 1.5585244804918115 0
0001 0008 1711159530636 97.625 -71.0 1.6260196351587797 0
0001 0004 1711159530636 -3.25 -62.5 6.166602767300278 0
0001 0003 1711159530636 -6.5 -73.0 1.6873788666742053 0
0001 0002 1711159530674 24.375 -75.0 1.1566215140657734 0
0001 0007 1711159530674 -40.25 -78.5 4.957825906446392 0
0001 0010 1711159530873 -13.0 -57.0 1.6382914814618648 0
0001 0011 1711159530873 16.25 -58.5 5.485515297479052 0
0001 0004 1711159530873 -48.8125 -62.5 6.1850105367549055 0
0001 0009 1711159530873 -39.0 -60.0 0.5890486225480862 0
0001 0012 1711159530874 -9.75 -54.5 2.2396119503130363 0
0001 0001 1711159530874 19.5 -60.5 3.9453985864418692 0
0001 0014 1711159530874 -13.0 -56.0 1.5401167110371838 0
0001 0005 1711159530875 -3.25 -57.0 1.9573594853420782 0
0001 0013 1711159530875 -13.0 -59.5 3.380893656499953 0
0001 0008 1711159530875 111.4375 -70.5 1.607611865704152 0
0001 0002 1711159530875 -30.875 -73.0 1.576932249946439 0
0001 0003 1711159530876 -156.1875 -74.5 1.7548740213411735 0
0001 0007 1711159530876 -1.8125 -78.5 4.71238898038469 0
0001 0013 1711159530876 -9.75 -60.0 3.393165502803038 0
0001 0010 1711159530877 -3.25 -57.0 1.6137477888556946 0
0001 0008 1711159530877 177.375 -71.0 1.4173982480063325 0
0001 0011 1711159530877 -35.75 -58.5 5.546874528994478 0
0001 0004 1711159530878 -13.0 -62.5 6.111379458936394 0
0001 0012 1711159530878 22.75 -54.5 2.184388641949153 0
0001 0005 1711159530878 16.25 -57.0 1.902136176978195 0
0001 0014 1711159530878 16.25 -56.5 1.509437095279471 0
0001 0009 1711159530879 -32.5 -60.0 0.607456392002714 0
0001 0001 1711159530879 -35.75 -60.5 3.9453985864418692 0
0001 0002 1711159530924 5.4375 -76.5 1.0921943209745766 0
0001 0007 1711159530924 39.625 -78.5 4.387185053352934 0
0001 0003 1711159530925 -10.375 -75.5 1.6137477888556946 0
0001 0008 1711159531109 0.0 -69.5 1.6689710972195777 0
0001 0012 1711159531110 -6.5 -54.5 2.2212041808584084 0
0001 0004 1711159531110 -16.25 -63.0 6.160466844148735 0
0001 0011 1711159531110 -26.0 -58.5 5.540738605842936 0
0001 0014 1711159531110 -16.25 -56.5 1.5278448647340985 0
0001 0009 1711159531111 -6.5 -60.0 0.5583690067903734 0
0001 0010 1711159531111 6.5 -57.0 1.6137477888556946 0
0001 0005 1711159531111 -45.5625 -57.0 2.000310947402876 0
0001 0013 1711159531112 -3.25 -59.5 3.380893656499953 0
0001 0001 1711159531112 -16.25 -60.5 3.9392626632903265 0
0001 0003 1711159531112 87.875 -73.5 1.4480778637640452 0
0001 0002 1711159531112 4.875 -75.5 1.2087768608538851 0
0001 0007 1711159531113 21.9375 -78.5 4.2092432819582 0
0001 0005 1711159531114 35.75 -57.5 1.8775924843720249 0
0001 0008 1711159531114 -21.125 -69.0 1.736466251886546 0
0001 0012 1711159531114 26.0 -54.5 2.1966604882522383 0
0001 0014 1711159531115 29.25 -56.0 1.4848934026733007 0
0001 0001 1711159531115 -35.75 -60.5 3.9208548938356986 0
0001 0010 1711159531115 -19.5 -57.0 1.662835174068035 0
0001 0009 1711159531116 -29.25 -60.0 0.607456392002714 0
0001 0011 1711159531116 -13.0 -58.5 5.5100589900852235 0
0001 0003 1711159531116 -35.75 -73.5 1.4480778637640452 0
0001 0013 1711159531116 -32.5 -59.5 3.436116964863836 0
0001 0004 1711159531117 -6.5 -63.0 6.14819499784565 0
0001 0007 1711159531174 -15.8125 -78.5 4.577398671050753 0
0001 0002 1711159531175 1.8125 -76.0 4.239922897715912 0
0001 0010 1711159531367 -3.25 -57.0 1.5892040962495242 0
0001 0005 1711159531368 -19.5 -57.0 1.9144080232812801 0
0001 0013 1711159531368 -26.0 -59.5 3.411573272257666 0
0001 0001 1711159531368 19.5 -61.0 3.810408277107933 0
0001 0004 1711159531369 26.0 -62.5 6.080699843178682 0
0001 0011 1711159531369 32.5 -58.5 5.43029198911517 0
0001 0014 1711159531370 13.0 -56.5 1.4848934026733007 0
0001 0009 1711159531370 -26.0 -60.0 0.5706408530934585 0
0001 0012 1711159531370 -6.5 -54.5 2.2150682577068657 0
0001 0008 1711159531371 97.625 -70.0 1.5155730184310134 0
0001 0003 1711159531371 -247.375 -72.5 1.9389517158874505 0
0001 0002 1711159531371 -21.9375 -76.0 1.0921943209745766 0
0001 0007 1711159531372 9.125 -80.0 4.540583132141498 0
0001 0009 1711159531373 16.25 -60.0 0.4970097752749477 0
0001 0014 1711159531373 -22.75 -56.0 1.5401167110371838 0
0001 0004 1711159531373 19.5 -62.5 6.062292073724054 0
0001 0008 1711159531374 48.8125 -71.5 1.576932249946439 0
0001 0013 1711159531374 -13.0 -60.0 3.368621810196868 0
0001 0001 1711159531374 13.0 -60.5 3.7551849687440497 0
0001 0011 1711159531374 -61.8125 -58.5 5.553010452146021 0
0001 0012 1711159531375 -3.25 -54.0 2.2150682577068657 0
0001 0010 1711159531375 26.0 -57.0 1.509437095279471 0
0001 0005 1711159531375 16.25 -57.0 1.8223691760081417 0
0001 0003 1711159531434 14.0 -75.5 1.4296700943094176 0
0001 0002 1711159531434 -5.4375 -76.5 1.0185632431560658 0
0001 0007 1711159531434 1.8125 -79.0 4.638757902566179 0
0001 0009 1711159531624 0.0 -59.5 0.5092816215780329 0
0001 0001 1711159531624 19.5 -60.5 3.724505352986337 0
0001 0013 1711159531625 26.0 -59.5 3.3072625786814425 0
0001 0014 1711159531625 -9.75 -56.0 1.5278448647340985 0
0001 0012 1711159531625 -6.5 -54.5 2.184388641949153 0
0001 0004 1711159531626 -9.75 -62.5 6.0991076126333095 0
0001 0005 1711159531626 29.25 -57.0 1.7855536370988863 0
0001 0011 1711159531626 -19.5 -58.5 5.45483568172134 0
0001 0010 1711159531627 19.5 -57.0 1.5155730184310134 0
0001 0008 1711159531627 -3.25 -70.5 1.564660403643354 0
0001 0002 1711159531627 -100.875 -75.5 0.859029241215959 0
0001 0003 1711159531627 18.25 -76.0 1.3192234775816514 0
0001 0007 1711159531628 23.75 -79.0 4.491495746929157 0
0001 0009 1711159531629 -9.75 -59.5 0.5031456984264903 0
0001 0014 1711159531629 0.0 -56.0 1.521708941582556 0
0001 0011 1711159531629 -16.25 -58.5 5.442563835418255 0
0001 0005 1711159531629 29.25 -57.0 1.748738098189631 0
0001 0010 1711159531630 0.0 -57.0 1.5462526341887264 0
0001 0012 1711159531630 -6.5 -54.5 2.184388641949153 0
0001 0001 1711159531630 6.5 -60.5 3.730641276137879 0
0001 0004 1711159531631 0.0 -62.5 6.086835766330224 0
0001 0013 1711159531631 -29.25 -60.0 3.3870295796514958 0
0001 0008 1711159531631 -48.8125 -70.0 1.5892040962495242 0
0001 0002 1711159531674 0.5625 -76.5 0.9572040116406401 0
0001 0003 1711159531674 -9.125 -75.5 1.4358060174609601 0
0001 0007 1711159531881 4.875 -80.0 1.4358060174609601 0
0001 0005 1711159531881 -32.5 -57.0 1.8407769454627694 0
0001 0014 1711159531881 -9.75 -56.0 1.509437095279471 0
0001 0012 1711159531882 6.5 -54.5 2.1475731030398975 0
0001 0001 1711159531882 -22.75 -60.5 3.6754179677739964 0
0001 0013 1711159531882 32.5 -60.0 3.3011266555298997 0
0001 0010 1711159531882 21.125 -57.0 1.5155730184310134 0
0001 0004 1711159531883 39.0 -62.5 5.976389149602458 0
0001 0009 1711159531883 -3.25 -59.5 0.46019423636569234 0
0001 0011 1711159531884 -19.5 -58.5 5.436427912266712 0
0001 0008 1711159531884 26.0 -71.0 1.5278448647340985 0
0001 0002 1711159531884 -7.3125 -75.5 0.8835729338221293 0
0001 0003 1711159531885 10.9375 -76.0 1.2333205534600555 0
0001 0007 1711159531886 3.625 -80.0 1.2701360923693108 0
0001 0004 1711159531886 9.75 -62.5 6.025476534814799 0
0001 0012 1711159531886 -22.75 -54.0 2.1966604882522383 0
0001 0010 1711159531887 -13.8125 -57.0 1.5585244804918115 0
0001 0005 1711159531887 19.5 -57.0 1.705786636128833 0
0001 0001 1711159531887 13.0 -60.5 3.552699504743145 0
0001 0011 1711159531888 9.75 -58.5 5.368932757599744 0
0001 0014 1711159531888 22.75 -56.5 1.4848934026733007 0
0001 0013 1711159531888 -3.25 -60.0 3.3318062712876126 0
0001 0009 1711159531888 19.5 -60.0 0.39269908169872414 0
0001 0003 1711159531889 -32.5 -72.5 1.1965050145508 0
0001 0008 1711159531889 22.75 -71.0 1.3314953238847365 0
0001 0002 1711159531924 -16.4375 -76.0 0.9019807032767571 0
0001 0007 1711159532176 -3.9375 -80.5 1.423534171157875 0
0001 0005 1711159532176 35.75 -57.5 1.6444274046134073 0
0001 0004 1711159532176 -16.25 -62.5 6.105243535784852 0
0001 0011 1711159532177 -3.25 -58.5 5.393476450205914 0
0001 0009 1711159532177 16.25 -60.0 0.5031456984264903 0
0001 0013 1711159532177 -55.3125 -60.0 3.4054373491061236 0
0001 0012 1711159532178 13.0 -54.5 2.1475731030398975 0
0001 0014 1711159532178 0.0 -56.5 1.5462526341887264 0
0001 0010 1711159532178 13.0 -57.0 1.4542137869155878 0
0001 0001 1711159532178 -32.5 -60.5 3.5036121195308043 0
0001 0008 1711159532179 -21.125 -70.0 1.423534171157875 0
0001 0003 1711159532179 7.875 -76.0 1.141281706186917 0
0001 0002 1711159532179 11.5625 -76.5 0.6933593161243098 0
0001 0007 1711159532180 -8.5 -78.0 4.565126824747668 0
0001 0012 1711159532303 -3.25 -54.0 2.1598449493429825 0
0001 0010 1711159532303 32.5 -57.0 1.4296700943094176 0
0001 0001 1711159532304 19.5 -60.5 3.3624858870453256 0
0001 0004 1711159532304 -16.25 -62.5 6.117515382087937 0
0001 0011 1711159532304 -16.25 -58.0 5.381204603902829 0
0001 0009 1711159532305 26.0 -60.5 0.46019423636569234 0
0001 0008 1711159532305 58.5625 -70.5 1.4173982480063325 0
0001 0005 1711159532305 0.0 -57.5 1.6260196351587797 0
0001 0014 1711159532305 22.75 -56.0 1.4910293258248433 0
0001 0013 1711159532306 6.5 -60.0 3.3502140407422405 0
0001 0002 1711159532306 5.4375 -77.0 0.803805932852076 0
0001 0003 1711159532306 -4.875 -76.5 1.282407938672396 0
0001 0007 1711159532307 -28.625 -78.5 4.583534594202296 0
0001 0011 1711159532307 -3.25 -58.5 5.338253141842031 0
0001 0008 1711159532307 52.0625 -70.0 1.2578642460662257 0
0001 0009 1711159532308 16.25 -61.0 0.4172427743048944 0
0001 0005 1711159532308 -3.25 -58.0 1.5707963267948966 0
0001 0001 1711159532308 -13.0 -61.0 3.380893656499953 0
0001 0013 1711159532308 -45.5625 -60.0 3.3440781175906977 0
0001 0012 1711159532309 13.0 -54.5 2.116893487282185 0
0001 0004 1711159532309 -6.5 -62.5 6.105243535784852 0
0001 0010 1711159532309 6.5 -56.5 1.4419419406125027 0
0001 0014 1711159532310 6.5 -56.5 1.521708941582556 0
0001 0002 1711159532425 -7.3125 -77.0 0.705631162427395 0
0001 0003 1711159532425 30.5 -76.5 1.1351457830353744 0
0001 0007 1711159532425 -1.8125 -80.0 4.319689898685965 0
0001 0012 1711159532567 0.0 -54.5 2.116893487282185 0
0001 0011 1711159532567 9.75 -58.0 5.283029833478148 0
0001 0013 1711159532567 3.25 -60.0 3.2949907323783574 0
0001 0014 1711159532568 35.75 -56.0 1.4910293258248433 0
0001 0001 1711159532568 -22.75 -61.0 3.3011266555298997 0
0001 0009 1711159532568 19.5 -61.5 0.3374757733348411 0
0001 0005 1711159532569 19.5 -57.5 1.4910293258248433 0
0001 0004 1711159532569 26.0 -62.0 6.007068765360171 0
0001 0010 1711159532569 0.0 -56.5 1.4173982480063325 0
0001 0008 1711159532570 6.5 -70.5 1.3499030933393643 0
0001 0003 1711159532570 9.75 -76.5 0.9694758579437253 0
0001 0002 1711159532570 3.0 -76.5 0.6442719309119693 0
0001 0007 1711159532571 10.9375 -78.0 4.4976316700806995 0
0001 0008 1711159532571 -6.5 -70.5 1.282407938672396 0
0001 0014 1711159532572 0.0 -55.5 1.5401167110371838 0
0001 0001 1711159532572 3.25 -61.0 3.2520392703175593 0
0001 0013 1711159532572 -68.3125 -60.0 3.411573272257666 0
0001 0009 1711159532573 -13.0 -61.0 0.30066023442558565 0
0001 0005 1711159532573 3.25 -57.5 1.5155730184310134 0
0001 0011 1711159532573 13.0 -58.0 5.313709449235861 0
0001 0004 1711159532574 0.0 -62.5 6.056156150572511 0
0001 0012 1711159532574 3.25 -54.0 2.1230294104337273 0
0001 0010 1711159532574 13.0 -56.5 1.380582709097077 0
0001 0003 1711159532674 -4.25 -76.5 1.1351457830353744 0
0001 0002 1711159532675 15.25 -77.0 0.5276893910326605 0
0001 0007 1711159532675 12.1875 -78.0 4.184699589352029 0
0001 0011 1711159532869 9.75 -57.5 5.258486140871978 0
0001 0014 1711159532869 0.0 -56.0 1.5707963267948966 0
0001 0004 1711159532869 -3.25 -62.0 6.062292073724054 0
0001 0005 1711159532870 -6.5 -57.5 1.5278448647340985 0
0001 0008 1711159532870 59.375 -72.0 1.227184630308513 0
0001 0009 1711159532870 -39.0 -61.5 0.32520392703175593 0
0001 0010 1711159532870 -22.75 -56.5 1.4051264017032472 0
0001 0012 1711159532871 -16.25 -54.0 2.116893487282185 0
0001 0013 1711159532871 9.75 -59.5 3.3195344249845276 0
0001 0001 1711159532871 6.5 -61.0 3.2213596545598464 0
0001 0002 1711159532872 -1.1875 -77.5 0.5399612373357456 0
0001 0003 1711159532872 -0.5625 -77.0 1.0799224746714913 0
0001 0007 1711159532873 -6.0625 -80.0 1.227184630308513 0
0001 0001 1711159532873 -22.75 -61.5 3.215223731408304 0
0001 0004 1711159532873 -3.25 -62.0 6.050020227420969 0
0001 0012 1711159532874 -13.0 -54.0 2.110757564130642 0
0001 0010 1711159532874 19.5 -56.5 1.3437671701878218 0
0001 0011 1711159532874 42.3125 -57.5 5.221670601962723 0
0001 0005 1711159532875 -22.75 -57.5 1.5278448647340985 0
0001 0014 1711159532875 -13.0 -56.0 1.552388557340269 0
0001 0009 1711159532875 3.25 -61.0 0.2761165418194154 0
0001 0013 1711159532876 -16.25 -60.0 3.3502140407422405 0
0001 0008 1711159532876 -107.375 -70.5 1.2762720155208536 0
0001 0003 1711159532924 23.1875 -76.5 0.8713010875190442 0
0001 0002 1711159532924 -0.5625 -76.5 0.6135923151542565 0
0001 0007 1711159532925 18.875 -78.0 4.215379205109742 0
0001 0012 1711159533174 22.75 -54.0 2.043262409463674 0
0001 0014 1711159533175 13.0 -56.0 1.5278448647340985 0
0001 0005 1711159533175 16.25 -57.0 1.4296700943094176 0
0001 0013 1711159533175 -35.75 -59.5 3.3195344249845276 0
0001 0010 1711159533175 16.25 -56.5 1.3621749396424494 0
0001 0004 1711159533176 22.75 -62.0 5.964117303299373 0
0001 0011 1711159533176 -19.5 -58.0 5.2768939103266055 0
0001 0001 1711159533176 -32.5 -61.0 3.2459033471660166 0
0001 0009 1711159533177 -26.0 -60.5 0.3190680038802134 0
0001 0008 1711159533177 249.8125 -71.5 0.9694758579437253 0
0001 0002 1711159533177 385.6875 -73.5 6.14819499784565 0
0001 0007 1711159533178 17.0625 -78.5 4.1417481272912315 0
0001 0003 1711159533178 19.5 -77.0 1.0921943209745766 0
