0000 0003 1710491601742 156.1875 -68.5 3.5342917352885173 12
0000 0011 1710491601751 -26.0 -56.5 0.2270291566070749 12
0000 0010 1710491601752 0.0 -54.0 3.663146121470911 12
0000 0014 1710491601752 61.8125 -65.5 1.0676506283684062 12
0000 0000 1710491601753 -3.25 -60.5 4.552854978444583 12
0000 0012 1710491601753 19.5 -56.0 5.154175447295755 12
0000 0004 1710491601754 6.5 -55.0 0.6135923151542565 12
0000 0006 1710491601754 -16.25 -62.0 0.7731263170943632 12
0000 0007 1710491601755 0.0 -56.5 5.724816300389213 12
0000 0009 1710491601755 -13.8125 -55.0 5.7616318392984684 12
0000 0008 1710491601768 -9.75 -49.0 3.043417883165112 12
0000 0013 1710491601769 32.5 -63.5 3.472932503773092 12
0000 0005 1710491601770 -29.25 -56.5 3.8963112012295285 12
0000 0015 1710491601770 91.125 -67.5 2.5402721847386216 12
0000 0002 1710491601770 -26.0 -72.0 6.092971689481767 12
0000 0001 1710491601771 -26.0 -74.5 5.5284667595398505 12
0000 0010 1710491601931 9.75 -60.5 5.45483568172134 12
0000 0011 1710491601932 -22.75 -54.5 5.553010452146021 12
0000 0013 1710491601933 -13.0 -61.5 4.086524818927348 12
0000 0004 1710491601934 19.5 -54.0 0.9940195505498954 12
0000 0006 1710491601935 -42.3125 -62.5 0.7669903939428205 12
0000 0015 1710491601936 26.0 -66.0 2.024854640009046 12
0000 0008 1710491601937 -6.5 -52.0 2.988194574801229 12
0000 0012 1710491601939 26.0 -63.5 5.160311370447297 12
0000 0009 1710491601940 -3.25 -55.5 5.332117218690489 12
0000 0000 1710491601941 -26.0 -61.5 4.601942363656923 12
0000 0007 1710491601942 -32.5 -56.0 5.675728915176872 12
0000 0003 1710491601943 -218.0625 -70.0 3.865631585471816 12
0000 0005 1710491601945 -19.5 -55.5 3.6079228131070282 12
0000 0002 1710491601946 -22.75 -73.0 6.215690152512618 12
0000 0014 1710491601947 9.75 -67.5 1.0032234352772094 12
0000 0008 1710491601952 19.5 -51.5 2.8961557275280905 12
0000 0012 1710491601953 26.0 -57.5 2.9820586516496865 12
0000 0013 1710491601954 26.0 -59.5 4.92714629068868 12
0000 0010 1710491601956 -29.25 -60.0 4.534447208989955 12
0000 0004 1710491601957 3.25 -55.5 1.5401167110371838 12
0000 0014 1710491601958 -19.5 -67.5 5.970253226450915 12
0000 0000 1710491601959 -52.0625 -61.5 4.430136515413731 12
0000 0009 1710491601960 -30.875 -54.0 5.565282298449106 12
0000 0015 1710491601961 -29.25 -65.5 2.6200391857086753 12
0000 0005 1710491601962 -16.25 -56.5 3.2336315008629315 12
0000 0003 1710491601963 -22.75 -70.5 2.945243112740431 12
0000 0007 1710491601964 6.5 -56.5 5.325981295538946 12
0000 0006 1710491601965 19.5 -67.0 0.8099418560036186 12
0000 0011 1710491601966 0.0 -57.0 5.755495916146925 12
0000 0002 1710491601967 179.0 -73.5 5.853670686571607 12
0000 0001 1710491601968 16.25 -72.0 5.50392306693368 12
0000 0005 1710491602181 -22.75 -57.0 3.3502140407422405 12
0000 0004 1710491602182 -3.25 -55.5 2.2150682577068657 12
0000 0011 1710491602183 -32.5 -60.0 6.056156150572511 12
0000 0013 1710491602183 39.0 -57.5 2.350058567040802 12
0000 0012 1710491602184 19.5 -62.0 1.0062913968529805 12
0000 0009 1710491602185 -24.375 -53.5 5.074408446325701 12
0000 0008 1710491602186 -9.75 -51.5 2.773437264497239 12
0000 0007 1710491602188 -58.5625 -58.5 5.3198453723874035 12
0000 0003 1710491602189 19.5 -70.5 2.8838838812250054 12
0000 0010 1710491602190 26.0 -60.0 4.503767593232243 12
0000 0000 1710491602191 45.5625 -61.0 4.325825821837508 12
0000 0015 1710491602192 -52.0625 -63.5 4.313553975534423 12
0000 0006 1710491602193 78.0625 -66.5 0.7915340865489908 12
0000 0001 1710491602193 87.875 -73.5 5.810719224510809 12
0000 0002 1710491602195 87.875 -75.5 0.23316507975861744 12
0000 0009 1710491602306 -21.125 -55.5 4.558990901596125 12
0000 0015 1710491602307 -29.25 -60.5 4.577398671050753 12
0000 0006 1710491602308 -35.75 -67.5 5.773903685601553 12
0000 0012 1710491602308 -16.25 -59.5 2.454369260617026 12
0000 0010 1710491602309 16.25 -59.0 3.5281558121369745 12
0000 0005 1710491602310 32.5 -60.0 2.454369260617026 12
0000 0004 1710491602311 -3.25 -56.0 1.5830681730979816 12
0000 0008 1710491602312 19.5 -49.5 2.7550294950426117 12
0000 0000 1710491602313 39.0 -62.0 4.25833066717054 12
0000 0001 1710491602313 -319.0 -73.0 0.006135923151542565 12
0000 0002 1710491602314 126.9375 -73.5 6.12365130523948 12
0000 0007 1710491602315 -13.0 -60.0 4.399456899656019 12
0000 0013 1710491602316 -6.5 -61.0 3.9515345095934116 12
0000 0003 1710491602317 -26.0 -70.5 2.7120780329818137 12
0000 0011 1710491602318 -52.0625 -63.0 1.5830681730979816 12
0000 0007 1710491602318 32.5 -59.5 5.197126909356553 12
0000 0000 1710491602319 -13.0 -61.0 4.4976316700806995 12
0000 0004 1710491602320 3.25 -55.0 1.2946797849754812 12
0000 0005 1710491602321 9.75 -58.5 3.0802334220743677 12
0000 0012 1710491602322 -16.25 -59.5 2.435961491162398 12
0000 0009 1710491602323 -27.625 -54.5 4.859651136021712 12
0000 0008 1710491602324 9.75 -49.0 3.0802334220743677 12
0000 0011 1710491602325 29.25 -62.5 1.718058482431918 12
0000 0015 1710491602325 -16.25 -61.5 4.76147636559703 12
0000 0013 1710491602328 -13.0 -66.0 2.4727770300716534 12
0000 0006 1710491602328 29.25 -65.5 5.822991070813893 12
0000 0003 1710491602329 -26.0 -70.0 3.0925052683774528 12
0000 0010 1710491602330 29.25 -59.5 3.663146121470911 12
0000 0002 1710491602331 100.875 -73.5 6.154330920997192 12
0000 0001 1710491602332 -52.0625 -73.0 5.988660995905543 12
0000 0000 1710491602430 -9.75 -61.5 4.595806440505381 12
0000 0015 1710491602430 -29.25 -61.0 4.76147636559703 12
0000 0011 1710491602431 -35.75 -60.0 0.8528933180644165 12
0000 0005 1710491602432 26.0 -57.0 3.5342917352885173 12
0000 0010 1710491602433 -9.75 -59.5 5.184855063053467 12
0000 0009 1710491602434 3.25 -54.5 5.491651220630596 12
0000 0012 1710491602435 29.25 -60.0 2.84706834231575 12
0000 0013 1710491602435 0.0 -58.5 0.6688156235181395 12
0000 0007 1710491602436 26.0 -58.5 5.853670686571607 12
0000 0006 1710491602437 -71.5625 -66.5 0.23316507975861744 12
0000 0008 1710491602438 6.5 -52.0 3.2029518851052186 12
0000 0004 1710491602439 3.25 -55.0 1.5278448647340985 12
0000 0003 1710491602439 -13.0 -70.5 3.6692820446224537 12
0000 0001 1710491602556 89.5 -74.0 5.832194955541207 12
0000 0002 1710491602556 0.8125 -74.0 0.1043106935762236 12
0000 0012 1710491602557 13.0 -56.5 3.067961575771282 12
0000 0009 1710491602558 0.0 -54.5 6.000932842208628 12
0000 0010 1710491602558 13.0 -61.5 5.399612373357457 12
0000 0007 1710491602559 6.5 -56.5 5.970253226450915 12
0000 0006 1710491602560 26.0 -67.5 0.6504078540635119 12
0000 0004 1710491602561 -3.25 -55.5 1.552388557340269 12
0000 0015 1710491602562 -9.75 -66.0 3.9576704327449543 12
0000 0003 1710491602562 -16.25 -69.0 4.196971435655114 12
0000 0011 1710491602563 -19.5 -57.5 6.013204688511713 12
0000 0008 1710491602564 -13.0 -52.5 3.5895150436524004 12
0000 0005 1710491602565 -6.5 -56.5 3.8288160465625602 12
0000 0013 1710491602565 0.0 -58.5 0.5583690067903734 12
0000 0000 1710491602566 -29.25 -61.0 4.73693267299086 12
0000 0002 1710491602567 37.375 -75.5 6.26784549930073 12
0000 0001 1710491602670 9.75 -77.0 5.767767762450011 12
0000 0014 1710491602671 1.5 -72.0 1.8346410223112268 12
0000 0002 1710491602672 152.9375 -75.0 6.013204688511713 12
0000 0011 1710491602673 -3.25 -56.0 0.23316507975861744 12
0000 0010 1710491602673 -22.75 -56.5 5.43029198911517 12
0000 0009 1710491602674 10.5625 -56.5 6.135923151542564 12
0000 0013 1710491602675 13.0 -59.0 5.798447378207723 12
0000 0005 1710491602676 -6.5 -57.0 4.663301595172349 12
0000 0001 1710491602676 221.3125 -77.5 5.773903685601553 12
0000 0015 1710491602677 0.0 -65.5 3.4177091954092087 12
0000 0008 1710491602678 0.0 -52.0 3.56497135104623 12
0000 0003 1710491602678 -16.25 -68.5 4.92714629068868 12
0000 0004 1710491602679 16.25 -54.5 1.3069516312785663 12
0000 0000 1710491602680 -3.25 -61.0 4.921010367537137 12
0000 0006 1710491602680 -9.75 -60.0 1.6505633277649499 12
0000 0007 1710491602681 -3.25 -56.5 0.2454369260617026 12
0000 0012 1710491602802 1.8125 -65.0 5.411884219660542 12
0000 0014 1710491602802 1.5 -66.0 5.8045833013592665 12
0000 0014 1710491602803 19.5 -64.5 2.2334760271614935 12
0000 0004 1710491602804 -9.75 -56.0 0.7240389318820226 12
0000 0010 1710491602804 6.5 -54.5 4.822835597112456 12
0000 0013 1710491602805 104.125 -65.0 2.0371264863121317 12
0000 0000 1710491602806 -19.5 -61.0 5.013049214810275 12
0000 0003 1710491602806 13.0 -69.5 4.92714629068868 12
0000 0007 1710491602807 13.0 -57.5 0.25770877236478773 12
0000 0006 1710491602808 35.75 -63.0 1.3621749396424494 12
0000 0008 1710491602809 9.75 -50.0 3.706097583531709 12
0000 0009 1710491602809 0.0 -55.0 0.17794177139473438 12
0000 0011 1710491602810 29.25 -56.5 1.4173982480063325 12
0000 0005 1710491602811 -13.0 -57.0 4.485359823777615 12
0000 0012 1710491602812 -22.75 -57.5 5.921165841238575 12
0000 0015 1710491602813 -16.25 -66.0 4.270602513473625 12
0000 0001 1710491602928 -10.9375 -77.5 5.921165841238575 12
0000 0002 1710491602929 -7.875 -76.0 0.21475731030398976 12
0000 0007 1710491602976 3.25 -57.0 0.30679615757712825 12
0000 0004 1710491602976 -6.5 -55.0 1.4051264017032472 12
0000 0008 1710491602977 -9.75 -50.0 3.902447124381071 12
0000 0000 1710491602977 9.75 -60.0 5.2339424482658075 12
0000 0011 1710491602978 -13.0 -56.0 1.4603497100671303 12
0000 0009 1710491602979 -17.0625 -55.0 0.15339807878856412 12
0000 0003 1710491602979 -117.125 -69.0 5.00077736850719 12
0000 0010 1710491602980 6.5 -58.0 5.301437602932776 12
0000 0013 1710491602981 -19.5 -65.5 3.6079228131070282 12
0000 0005 1710491602981 19.5 -57.0 4.509903516383785 12
0000 0006 1710491602982 6.5 -62.5 1.509437095279471 12
0000 0015 1710491602983 -13.0 -67.0 3.497476196379262 12
0000 0002 1710491602984 -18.6875 -75.5 0.44178646691106466 12
0000 0014 1710491602985 -8.5 -72.0 6.080699843178682 12
0000 0001 1710491602986 1.8125 -77.5 6.209554229361076 12
0000 0012 1710491602987 -5.4375 -59.0 4.7307967498393175 12
0000 0009 1710491603106 -3.25 -55.0 5.822991070813893 12
0000 0012 1710491603106 -10.5625 -57.0 3.2827188860752723 12
0000 0000 1710491603107 -48.8125 -60.5 5.056000676871073 12
0000 0007 1710491603108 -16.25 -57.5 6.080699843178682 12
0000 0005 1710491603108 0.0 -56.5 3.792000507653305 12
0000 0015 1710491603109 81.375 -66.5 3.54042765844006 12
0000 0013 1710491603110 -39.0 -61.5 5.043728830567988 12
0000 0011 1710491603110 -22.75 -55.0 1.012427320004523 12
0000 0003 1710491603111 152.9375 -70.0 3.9822141253511245 12
0000 0008 1710491603112 9.75 -51.0 3.552699504743145 12
0000 0010 1710491603112 -26.0 -60.5 5.66959299202533 12
0000 0006 1710491603113 16.25 -64.5 1.6014759425526093 12
0000 0004 1710491603114 29.25 -55.5 1.9512235621905356 12
0000 0014 1710491603114 8.9375 -69.0 5.915029918087033 12
0000 0001 1710491603115 7.875 -76.5 6.154330920997192 12
0000 0002 1710491603116 -15.25 -76.0 0.6565437772150544 12
0000 0013 1710491603334 -16.25 -57.5 1.6935147898257479 12
0000 0000 1710491603335 -29.25 -61.5 4.767612288748572 12
0000 0009 1710491603335 13.8125 -54.0 5.270757987175063 12
0000 0007 1710491603336 6.5 -58.0 5.927301764390117 12
0000 0008 1710491603337 6.5 -51.5 3.1784081924990484 12
0000 0005 1710491603338 26.0 -56.5 3.7551849687440497 12
0000 0004 1710491603339 3.25 -56.5 2.3071071049800045 12
0000 0006 1710491603340 6.5 -63.5 1.3192234775816514 12
0000 0010 1710491603340 -48.8125 -58.5 4.828971520263998 12
0000 0003 1710491603341 -29.25 -70.5 3.5465635815916023 12
0000 0011 1710491603342 32.5 -60.5 6.258641614573416 12
0000 0012 1710491603343 27.625 -62.5 1.3621749396424494 12
0000 0015 1710491603343 22.75 -61.0 4.589670517353839 12
0000 0002 1710491603344 -247.375 -75.5 1.0983302441261191 12
0000 0001 1710491603345 6.0625 -77.0 6.062292073724054 12
0000 0007 1710491603345 -52.0625 -59.5 4.724660826687775 12
0000 0012 1710491603346 42.3125 -62.0 2.423689644859313 12
0000 0010 1710491603347 19.5 -59.5 4.221515128261284 12
0000 0006 1710491603347 71.5625 -66.0 0.4295146206079795 12
0000 0008 1710491603348 0.0 -50.5 3.0250101137104846 12
0000 0004 1710491603349 6.5 -56.0 1.7916895602504288 12
0000 0009 1710491603350 -21.125 -55.5 4.804427827657828 12
0000 0005 1710491603350 -3.25 -59.5 2.6384469551633027 12
0000 0015 1710491603351 3.25 -64.5 4.184699589352029 12
0000 0013 1710491603366 -97.625 -68.0 2.662990647769473 12
0000 0000 1710491603367 6.5 -61.5 4.6878452877785195 12
0000 0011 1710491603368 35.75 -63.0 1.6812429435226628 12
0000 0002 1710491603368 -39.0 -74.5 0.8099418560036186 12
0000 0003 1710491603369 126.9375 -71.0 2.804116880254952 12
0000 0001 1710491603370 -81.375 -73.5 0.3129320807286708 12
0000 0004 1710491603574 -9.75 -55.0 1.2701360923693108 12
0000 0007 1710491603574 -6.5 -59.0 5.264622064023521 12
0000 0011 1710491603575 -13.0 -62.5 1.9205439464328227 12
0000 0003 1710491603575 113.875 -71.0 3.3747577333484107 12
0000 0005 1710491603576 29.25 -58.0 3.129320807286708 12
0000 0012 1710491603577 -17.0625 -58.5 2.2027964114037806 12
0000 0010 1710491603577 26.0 -60.5 4.442408361716817 12
0000 0009 1710491603578 0.0 -54.5 5.0682725231741586 12
0000 0000 1710491603579 29.25 -61.5 4.76147636559703 12
0000 0006 1710491603579 -3.25 -65.0 0.02454369260617026 12
0000 0008 1710491603580 -6.5 -49.0 3.2397674240144743 12
0000 0001 1710491603580 6.0625 -76.0 0.0859029241215959 12
0000 0002 1710491603581 1.1875 -76.5 0.3988350048502667 12
0000 0013 1710491603582 -5.625 -68.0 6.160466844148735 12
0000 0015 1710491603582 -2.6875 -64.0 1.9266798695843652 12
0000 0014 1710491603583 -0.4375 -75.0 5.295301679781233 12
0000 0011 1710491603690 0.0 -57.0 5.988660995905543 12
0000 0010 1710491603690 -9.75 -60.0 5.589825991055276 12
0000 0013 1710491603691 -26.0 -61.0 0.5154175447295755 12
0000 0003 1710491603692 0.0 -70.0 4.276738436625168 12
0000 0009 1710491603692 -27.625 -54.0 0.18407769454627693 12
0000 0000 1710491603693 10.5625 -61.5 4.516039439535327 12
0000 0004 1710491603694 16.25 -55.0 1.4480778637640452 12
0000 0008 1710491603694 6.5 -51.0 3.9269908169872414 12
0000 0012 1710491603695 -3.25 -61.0 3.2765829629237295 12
0000 0014 1710491603696 -276.625 -71.5 5.890486225480862 12
0000 0007 1710491603697 -42.3125 -58.0 0.1349903093339364 12
0000 0005 1710491603697 -9.75 -57.0 4.000621894805752 12
0000 0006 1710491603698 -29.25 -66.0 0.8651651643675016 12
0000 0002 1710491603699 78.0625 -74.5 0.4356505437595221 12
0000 0015 1710491603699 55.3125 -68.5 3.6017868899554855 12
0000 0001 1710491603841 5.5625 -78.5 6.129787228391022 12
0000 0004 1710491603841 13.0 -55.0 1.4910293258248433 12
0000 0003 1710491603842 -42.3125 -69.0 5.577554144752192 12
0000 0009 1710491603842 -24.375 -57.0 6.227961998815704 12
0000 0007 1710491603843 -22.75 -57.0 0.8344855486097889 12
0000 0008 1710491603844 -29.25 -53.0 3.9392626632903265 12
0000 0011 1710491603844 3.25 -56.0 1.3621749396424494 12
0000 0005 1710491603845 -9.75 -58.5 5.546874528994478 12
0000 0010 1710491603846 19.5 -58.5 5.712544454086128 12
0000 0013 1710491603846 -3.25 -68.0 4.853515212870168 12
0000 0000 1710491603847 16.25 -60.5 4.970097752749477 12
0000 0006 1710491603847 -6.5 -60.0 1.9573594853420782 12
0000 0015 1710491603848 -55.3125 -67.0 3.497476196379262 12
0000 0012 1710491603848 65.875 -66.5 3.706097583531709 12
0000 0002 1710491603849 -78.0625 -73.5 0.48473792897186263 12
0000 0014 1710491603849 8.5 -69.5 0.03681553890925539 12
0000 0001 1710491603927 -2.4375 -80.0 0.23930100291016002 12
0000 0013 1710491604011 42.3125 -63.0 1.846912868614312 12
0000 0000 1710491604012 -29.25 -60.5 5.381204603902829 12
0000 0007 1710491604012 6.5 -58.5 0.7853981633974483 12
0000 0005 1710491604013 -29.25 -58.5 5.086680292628786 12
0000 0008 1710491604013 19.5 -49.5 4.01902966426038 12
0000 0012 1710491604014 -16.25 -55.0 6.178874613603362 12
0000 0010 1710491604015 -42.3125 -55.5 4.8351074434155406 12
0000 0011 1710491604015 -3.25 -57.0 1.5033011721279284 12
0000 0009 1710491604016 0.0 -54.5 0.4172427743048944 12
0000 0004 1710491604016 9.75 -56.5 1.282407938672396 12
0000 0015 1710491604017 35.75 -67.0 3.9453985864418692 12
0000 0003 1710491604017 -32.5 -69.5 5.344389064993574 12
0000 0006 1710491604018 26.0 -62.0 2.116893487282185 12
0000 0014 1710491604018 -29.25 -62.5 2.521864415283994 12
0000 0002 1710491604019 -1.1875 -75.0 1.043106935762236 12
0000 0001 1710491604019 33.5625 -77.0 0.4295146206079795 12
0000 0015 1710491604141 9.75 -68.5 2.8777479580734626 12
0000 0000 1710491604142 29.25 -60.5 5.289165756629691 12
0000 0004 1710491604142 -26.0 -56.5 2.454369260617026 12
0000 0005 1710491604143 9.75 -57.0 4.190835512503572 12
0000 0009 1710491604143 0.0 -55.0 0.35588354278946877 12
0000 0007 1710491604144 -16.25 -57.5 0.14112623248547898 12
0000 0012 1710491604144 16.25 -59.5 0.619728238305799 12
0000 0008 1710491604145 9.75 -50.5 4.227651051412827 12
0000 0010 1710491604145 -48.8125 -60.0 0.4724660826687775 12
0000 0006 1710491604146 -16.25 -62.5 2.6813984172241008 12
0000 0011 1710491604147 -13.0 -53.0 1.2333205534600555 12
0000 0014 1710491604147 -32.5 -70.0 0.607456392002714 12
0000 0013 1710491604148 48.8125 -62.5 4.276738436625168 12
0000 0003 1710491604148 -71.5625 -69.5 4.988505522204105 12
0000 0001 1710491604149 3.625 -76.0 0.760854470791278 12
0000 0002 1710491604149 10.375 -75.5 1.1228739367322893 12
0000 0011 1710491604274 -32.5 -53.0 1.5585244804918115 12
0000 0000 1710491604275 3.25 -61.0 5.178719139901925 12
0000 0010 1710491604275 6.5 -59.5 6.025476534814799 12
0000 0015 1710491604276 58.5625 -67.0 3.2336315008629315 12
0000 0009 1710491604276 -17.0625 -56.0 0.28838838812250056 12
0000 0007 1710491604277 -13.0 -58.0 0.4172427743048944 12
0000 0006 1710491604277 -42.3125 -62.0 2.9697868053466014 12
0000 0013 1710491604278 -42.3125 -62.0 0.06135923151542565 12
0000 0012 1710491604279 13.8125 -56.5 4.25833066717054 12
0000 0005 1710491604279 16.25 -57.0 4.2031073588066565 12
0000 0004 1710491604280 22.75 -58.0 3.074097498922825 12
0000 0008 1710491604280 0.0 -51.0 4.331961744989051 12
0000 0014 1710491604281 -61.8125 -69.5 1.000155473701438 12
0000 0003 1710491604281 -107.375 -71.0 4.718524903536232 12
0000 0001 1710491604282 -10.375 -75.5 0.8344855486097889 12
0000 0002 1710491604282 5.4375 -76.5 1.533980787885641 12
0000 0008 1710491604429 6.5 -51.5 4.362641360746763 12
0000 0003 1710491604430 13.0 -70.5 4.4976316700806995 12
0000 0005 1710491604430 9.75 -59.0 4.442408361716817 12
0000 0004 1710491604431 -6.5 -58.0 3.9944859716542096 12
0000 0006 1710491604431 0.0 -64.0 3.2765829629237295 12
0000 0010 1710491604432 -35.75 -57.5 5.982525072754001 12
0000 0009 1710491604432 -13.8125 -55.0 0.3313398501832985 12
0000 0011 1710491604433 -13.0 -59.5 2.067806102069844 12
0000 0013 1710491604433 -22.75 -64.5 3.834951969714103 12
0000 0000 1710491604434 16.25 -61.5 5.301437602932776 12
0000 0007 1710491604434 -35.75 -59.0 0.16566992509164924 12
0000 0012 1710491604435 34.9375 -60.0 3.7122335066832517 12
0000 0002 1710491604436 0.0 -76.0 1.7855536370988863 12
0000 0001 1710491604436 6.0625 -76.5 4.086524818927348 12
0000 0015 1710491604531 3.5 -66.5 4.755340442445488 12
0000 0008 1710491604531 -6.5 -50.5 4.663301595172349 12
0000 0010 1710491604532 -3.25 -60.0 0.3190680038802134 12
0000 0003 1710491604532 29.25 -70.0 4.73693267299086 12
0000 0015 1710491604533 -42.3125 -61.5 5.424156065963627 12
0000 0006 1710491604533 13.0 -64.0 3.5956509668039427 12
0000 0009 1710491604534 7.3125 -57.0 0.28225246497095796 12
0000 0011 1710491604534 16.25 -61.5 3.399301425954581 12
0000 0007 1710491604535 -26.0 -61.0 0.18407769454627693 12
0000 0004 1710491604535 -13.0 -58.5 3.933126740138784 12
0000 0013 1710491604536 -52.0625 -65.0 3.3379421944391554 12
0000 0012 1710491604537 30.875 -60.0 4.270602513473625 12
0000 0000 1710491604537 -6.5 -62.0 5.45483568172134 12
0000 0005 1710491604538 26.0 -59.5 4.28287435977671 12
0000 0002 1710491604538 -21.9375 -76.5 4.822835597112456 12
0000 0001 1710491604539 10.9375 -75.5 4.325825821837508 12
0000 0008 1710491604681 -9.75 -49.0 4.884194828627882 12
0000 0004 1710491604681 22.75 -59.0 3.147728576741336 12
0000 0005 1710491604681 -7.3125 -60.0 4.988505522204105 12
0000 0009 1710491604682 -3.25 -55.0 1.1106020904292042 12
0000 0012 1710491604682 -7.3125 -60.0 4.239922897715912 12
0000 0000 1710491604683 16.25 -61.0 5.66959299202533 12
0000 0010 1710491604683 -9.75 -59.0 0.7301748550335652 12
0000 0011 1710491604684 19.5 -60.0 2.791845033951867 12
0000 0006 1710491604684 22.75 -64.0 2.8716120349219203 12
0000 0007 1710491604685 -3.25 -60.5 1.086058397823034 12
0000 0013 1710491604685 -9.75 -65.0 3.7551849687440497 12
0000 0003 1710491604686 -39.0 -69.0 5.252350217720435 12
0000 0001 1710491604686 -25.625 -75.5 4.485359823777615 12
0000 0015 1710491604687 -4.875 -66.0 5.743224069843841 12
0000 0002 1710491604688 -1.8125 -75.5 1.6444274046134073 12
0000 0014 1710491604765 0.25 -75.5 0.17794177139473438 12
0000 0009 1710491604765 -3.25 -56.0 1.5155730184310134 12
0000 0007 1710491604766 26.0 -58.0 0.9940195505498954 12
0000 0006 1710491604766 3.25 -63.5 3.2336315008629315 12
0000 0004 1710491604767 -22.75 -58.5 3.472932503773092 12
0000 0011 1710491604767 -3.25 -55.0 0.9694758579437253 12
0000 0012 1710491604768 38.1875 -54.5 4.583534594202296 12
0000 0008 1710491604769 -9.75 -52.0 5.307573526084319 12
0000 0010 1710491604769 -3.25 -58.0 0.521553467881118 12
0000 0015 1710491604770 110.625 -69.0 4.295146206079795 12
0000 0013 1710491604770 84.625 -63.0 1.2578642460662257 12
0000 0014 1710491604771 -100.875 -71.0 0.5645049299419159 12
0000 0000 1710491604771 -29.25 -60.5 5.8045833013592665 12
0000 0003 1710491604772 -117.125 -68.0 5.9518454569962875 12
0000 0005 1710491604772 -16.25 -59.0 5.049864753719531 12
0000 0002 1710491604780 -94.375 -72.0 1.718058482431918 12
0000 0001 1710491604923 4.875 -78.0 4.356505437595221 12
0000 0005 1710491604923 22.75 -61.5 6.2463697682703305 12
0000 0013 1710491604924 29.25 -55.0 0.8099418560036186 12
0000 0008 1710491604924 6.5 -51.5 5.2768939103266055 12
0000 0010 1710491604925 -9.75 -57.0 0.7240389318820226 12
0000 0004 1710491604925 6.5 -58.5 3.816544200259475 12
0000 0012 1710491604926 27.625 -54.5 5.289165756629691 12
0000 0006 1710491604926 -16.25 -60.0 3.5342917352885173 12
0000 0011 1710491604927 16.25 -55.0 1.0983302441261191 12
0000 0000 1710491604927 3.25 -62.0 6.154330920997192 12
0000 0015 1710491604928 -9.75 -68.5 4.0987966652304335 12
0000 0009 1710491604928 13.8125 -57.5 1.2026409377023426 12
0000 0007 1710491604929 -13.0 -58.0 1.5033011721279284 12
0000 0003 1710491604930 32.5 -67.5 0.3374757733348411 12
0000 0014 1710491604930 -17.875 -71.0 5.197126909356553 12
0000 0001 1710491604931 14.625 -78.0 1.325359400733194 12
0000 0007 1710491605072 -16.25 -57.5 1.662835174068035 12
0000 0015 1710491605073 68.3125 -68.0 3.9392626632903265 12
0000 0002 1710491605073 -58.5625 -73.0 1.8653206380689396 12
0000 0008 1710491605074 0.0 -51.0 4.945554060143307 12
0000 0000 1710491605074 -26.0 -60.5 6.17273869045182 12
0000 0010 1710491605075 0.0 -56.0 5.197126909356553 12
0000 0006 1710491605075 9.75 -58.5 3.32567034813607 12
0000 0004 1710491605076 19.5 -58.0 3.313398501832985 12
0000 0003 1710491605076 -58.5625 -68.5 0.2761165418194154 12
0000 0011 1710491605076 0.0 -57.0 2.116893487282185 12
0000 0012 1710491605077 0.0 -56.5 5.822991070813893 12
0000 0009 1710491605077 -30.875 -54.5 0.9081166264282996 12
0000 0014 1710491605078 29.25 -63.5 2.945243112740431 12
0000 0005 1710491605078 -22.75 -61.0 0.3190680038802134 12
0000 0013 1710491605079 -7.3125 -68.5 5.829126993965437 12
0000 0001 1710491605079 -3.3125 -78.5 1.6566992509164924 12
0000 0004 1710491605165 -6.5 -59.0 3.074097498922825 12
0000 0008 1710491605165 6.5 -48.5 4.9823695990525625 12
0000 0015 1710491605165 0.0 -68.0 4.252194744018997 12
0000 0005 1710491605166 -42.3125 -62.0 6.252505691421874 12
0000 0006 1710491605166 16.25 -58.5 3.509748042682347 12
0000 0000 1710491605167 -6.5 -60.5 6.1850105367549055 12
0000 0012 1710491605167 -21.125 -54.5 6.037748381117884 12
0000 0010 1710491605167 0.0 -56.5 4.773748211900116 12
0000 0009 1710491605168 10.5625 -54.0 1.1596894756415448 12
0000 0014 1710491605168 32.5 -61.0 2.5157284921324514 12
0000 0007 1710491605169 22.75 -59.5 1.6137477888556946 12
0000 0013 1710491605169 35.75 -66.0 3.730641276137879 12
0000 0002 1710491605170 227.8125 -73.0 1.5892040962495242 12
0000 0011 1710491605170 -9.75 -57.0 1.9819031779482483 12
0000 0003 1710491605171 39.0 -68.5 6.258641614573416 12
0000 0001 1710491605172 31.6875 -77.5 4.71238898038469 12
0000 0015 1710491605294 -39.0 -69.5 3.6386024288647407 12
0000 0004 1710491605294 -35.75 -59.0 3.429981041712294 12
0000 0007 1710491605295 19.5 -58.5 0.9081166264282996 12
0000 0011 1710491605295 -13.0 -55.5 1.761009944492716 12
0000 0003 1710491605296 81.375 -69.5 5.595961914206819 12
0000 0009 1710491605296 -3.25 -54.0 0.7853981633974483 12
0000 0010 1710491605297 6.5 -57.0 5.939573610693203 12
0000 0012 1710491605297 13.8125 -58.5 0.15339807878856412 12
0000 0008 1710491605297 -9.75 -50.0 4.878058905476339 12
0000 0014 1710491605298 -162.75 -69.5 0.9694758579437253 12
0000 0006 1710491605298 16.25 -61.5 2.8654761117703775 12
0000 0000 1710491605299 -35.75 -60.5 5.957981380147831 12
0000 0005 1710491605299 -39.0 -59.0 5.350524988145116 12
0000 0013 1710491605300 74.8125 -61.0 4.773748211900116 12
0000 0002 1710491605300 -126.9375 -74.5 2.2396119503130363 12
0000 0001 1710491605300 13.375 -77.0 4.933282213840222 12
0000 0000 1710491605428 -26.0 -61.5 5.368932757599744 12
0000 0008 1710491605429 13.0 -50.5 4.534447208989955 12
0000 0009 1710491605429 -34.9375 -55.0 0.4540583132141498 12
0000 0013 1710491605430 3.25 -59.5 0.32520392703175593 12
0000 0014 1710491605430 -87.875 -68.5 0.3436116964863836 12
0000 0012 1710491605430 7.3125 -56.0 3.9453985864418692 12
0000 0011 1710491605431 9.75 -52.5 1.8530487917658545 12
0000 0003 1710491605431 3.25 -70.5 4.614214209960009 12
0000 0007 1710491605432 6.5 -58.5 0.6504078540635119 12
0000 0015 1710491605432 6.5 -65.5 4.000621894805752 12
0000 0006 1710491605433 -35.75 -62.5 3.129320807286708 12
0000 0005 1710491605433 -29.25 -57.5 4.399456899656019 12
0000 0010 1710491605433 -13.0 -57.0 6.086835766330224 12
0000 0004 1710491605434 -6.5 -58.5 3.9208548938356986 12
0000 0001 1710491605434 0.5625 -76.5 1.552388557340269 12
0000 0015 1710491605660 -19.5 -64.5 4.81056375080937 12
0000 0013 1710491605660 -35.75 -59.0 2.8532042654672924 12
0000 0011 1710491605660 0.0 -57.5 1.7426021750380885 12
0000 0009 1710491605661 -7.3125 -54.5 6.129787228391022 12
0000 0004 1710491605661 -6.5 -57.5 4.031301510563465 12
0000 0010 1710491605662 -29.25 -57.0 5.589825991055276 12
0000 0007 1710491605662 -6.5 -60.0 0.04295146206079795 12
0000 0005 1710491605663 -6.5 -59.0 4.3503695144436785 12
0000 0012 1710491605663 9.75 -62.0 2.705942109830271 12
0000 0000 1710491605664 -9.75 -61.0 5.166447293598839 12
0000 0008 1710491605664 -13.0 -50.5 4.184699589352029 12
0000 0003 1710491605664 -35.75 -71.0 4.2092432819582 12
0000 0006 1710491605665 -68.3125 -65.5 3.0802334220743677 12
0000 0002 1710491605665 -97.625 -73.5 2.012582793705961 12
0000 0001 1710491605666 -25.625 -76.5 4.1601558967458585 12
0000 0007 1710491605666 -29.25 -59.0 5.964117303299373 12
0000 0006 1710491605667 61.8125 -66.5 2.0493983326152168 12
0000 0008 1710491605667 -6.5 -50.5 3.9760782021995817 12
0000 0003 1710491605667 -65.0625 -70.5 4.104932588381976 12
0000 0009 1710491605668 -65.875 -56.5 5.565282298449106 12
0000 0011 1710491605668 -6.5 -61.0 2.6323110320117604 12
0000 0015 1710491605670 -123.6875 -66.0 4.430136515413731 12
0000 0010 1710491605670 -13.0 -57.5 5.270757987175063 12
0000 0012 1710491605670 32.5 -60.0 3.0066023442558567 12
0000 0005 1710491605671 -45.5625 -59.5 4.025165587411922 12
0000 0004 1710491605672 -32.5 -58.5 3.2765829629237295 12
0000 0000 1710491605672 -42.3125 -61.0 5.062136600022616 12
0000 0002 1710491605816 -1.1875 -76.0 1.4787574795217582 12
0000 0001 1710491605816 -4.875 -76.0 0.9940195505498954 12
0000 0013 1710491605816 -3.5625 -71.5 0.7301748550335652 12
0000 0010 1710491605817 -26.0 -58.5 5.681864838328415 12
0000 0008 1710491605817 -19.5 -50.5 4.031301510563465 12
0000 0000 1710491605818 -9.75 -61.0 5.111223985234957 12
0000 0006 1710491605818 -13.0 -65.0 1.7671458676442586 12
0000 0007 1710491605819 0.0 -60.0 6.252505691421874 12
0000 0003 1710491605819 -48.8125 -70.5 4.4362724385652745 12
0000 0012 1710491605820 17.0625 -63.0 3.0372819600135696 12
0000 0011 1710491605820 -42.3125 -58.5 1.7855536370988863 12
0000 0009 1710491605821 0.0 -56.0 5.798447378207723 12
0000 0013 1710491605821 -39.0 -61.0 2.2948352586769194 12
0000 0005 1710491605822 -74.8125 -58.5 4.301282129231338 12
0000 0004 1710491605822 -22.75 -58.0 2.5709518004963345 12
0000 0015 1710491605823 1.625 -64.5 4.890330751779424 12
0000 0002 1710491605927 21.9375 -75.5 1.2885438618239387 12
0000 0001 1710491605927 -11.5625 -75.5 1.0492428589137786 12
0000 0014 1710491605928 -4.0625 -75.0 5.970253226450915 12
0000 0007 1710491605969 0.0 -57.5 0.2454369260617026 12
0000 0004 1710491605969 0.0 -57.0 2.6875343403756435 12
0000 0008 1710491605969 -13.0 -51.0 4.466952054322987 12
0000 0009 1710491605970 -7.3125 -55.5 0.46019423636569234 12
0000 0005 1710491605970 -35.75 -57.0 4.313553975534423 12
0000 0012 1710491605971 -13.8125 -55.5 3.6447383520162835 12
0000 0003 1710491605971 29.25 -70.5 4.700117134081604 12
0000 0000 1710491605972 22.75 -61.0 5.056000676871073 12
0000 0010 1710491605976 26.0 -57.5 5.4671075280244255 12
0000 0013 1710491605976 6.5 -59.5 1.0799224746714913 12
0000 0011 1710491605977 6.5 -56.0 0.6135923151542565 12
0000 0006 1710491605977 42.3125 -64.0 2.2886993355253766 12
0000 0015 1710491605978 55.3125 -67.5 4.000621894805752 12
0000 0014 1710491605978 9.75 -68.5 0.11658253987930872 12
0000 0002 1710491605979 104.125 -72.5 1.0369710126106935 12
0000 0001 1710491605979 -3.0 -77.0 0.859029241215959 12
0000 0000 1710491606126 -6.5 -61.0 5.375068680751287 12
0000 0012 1710491606127 -13.8125 -54.5 5.178719139901925 12
0000 0005 1710491606127 41.5 -58.5 5.160311370447297 12
0000 0004 1710491606127 22.75 -57.0 2.736621725587984 12
0000 0013 1710491606128 -13.0 -55.5 6.111379458936394 12
0000 0007 1710491606128 -16.25 -57.5 0.9265243958829272 12
0000 0011 1710491606128 0.0 -56.0 1.8285050991596843 12
0000 0008 1710491606129 -6.5 -52.0 4.448544284868359 12
0000 0009 1710491606129 -10.5625 -57.5 0.22089323345553233 12
0000 0015 1710491606129 19.5 -66.5 3.454524734318464 12
0000 0006 1710491606130 13.0 -60.0 3.043417883165112 12
0000 0010 1710491606130 6.5 -55.5 0.018407769454627694 12
0000 0003 1710491606130 68.3125 -68.5 5.675728915176872 12
0000 0002 1710491606132 -201.8125 -72.5 1.6812429435226628 12
0000 0001 1710491606132 -16.25 -75.0 1.3314953238847365 12
0000 0014 1710491606132 0.25 -73.5 0.5399612373357456 12
0000 0010 1710491606232 -3.25 -53.5 5.283029833478148 12
0000 0003 1710491606233 -9.75 -70.0 5.712544454086128 12
0000 0006 1710491606233 -3.25 -59.5 3.0495538063166547 12
0000 0015 1710491606233 -335.25 -68.5 4.356505437595221 12
0000 0014 1710491606234 -13.0 -63.5 3.2397674240144743 12
0000 0008 1710491606234 3.25 -50.5 4.270602513473625 12
0000 0011 1710491606234 0.0 -57.5 1.576932249946439 12
0000 0007 1710491606235 16.25 -57.5 1.2701360923693108 12
0000 0004 1710491606235 9.75 -56.5 2.043262409463674 12
0000 0013 1710491606235 55.3125 -68.0 4.7860200582032 12
0000 0005 1710491606236 -45.5625 -60.0 5.798447378207723 12
0000 0009 1710491606236 17.0625 -55.0 0.521553467881118 12
0000 0012 1710491606237 41.5 -59.0 5.8659425328746915 12
0000 0000 1710491606237 -35.75 -61.5 5.436427912266712 12
0000 0002 1710491606237 -2.4375 -75.0 1.2640001692177683 12
0000 0001 1710491606238 0.5625 -77.5 4.430136515413731 12
0000 0010 1710491606367 -3.25 -53.5 4.933282213840222 12
0000 0004 1710491606367 9.75 -57.5 2.1905245651006955 12
0000 0002 1710491606367 65.0625 -73.5 1.0369710126106935 12
0000 0009 1710491606368 17.0625 -55.0 0.7363107781851077 12
0000 0014 1710491606368 -22.75 -62.5 2.834796496012665 12
0000 0006 1710491606368 22.75 -60.0 3.0372819600135696 12
0000 0013 1710491606369 -6.5 -67.0 4.368777283898306 12
0000 0008 1710491606369 19.5 -49.0 4.387185053352934 12
0000 0015 1710491606369 -39.0 -68.0 3.9453985864418692 12
0000 0011 1710491606370 -32.5 -57.5 1.6198837120072371 12
0000 0005 1710491606370 -35.75 -58.5 5.086680292628786 12
0000 0012 1710491606370 -35.75 -61.0 5.436427912266712 12
0000 0007 1710491606371 19.5 -58.0 0.8467573949128739 12
0000 0000 1710491606371 -52.0625 -61.5 5.5100589900852235 12
0000 0003 1710491606371 -32.5 -71.0 5.350524988145116 12
0000 0001 1710491606372 -22.5625 -76.0 4.558990901596125 12
0000 0009 1710491606493 13.8125 -56.5 6.270913460876501 12
0000 0008 1710491606493 3.25 -51.5 4.215379205109742 12
0000 0004 1710491606494 -19.5 -57.5 2.9391071895888885 12
0000 0007 1710491606494 -22.75 -57.5 0.36815538909255385 12
0000 0012 1710491606494 3.25 -55.5 3.773592738198677 12
0000 0010 1710491606495 13.0 -61.0 0.02454369260617026 12
0000 0014 1710491606495 39.0 -67.5 1.9573594853420782 12
0000 0006 1710491606495 -35.75 -62.0 2.9206994201342606 12
0000 0013 1710491606496 19.5 -65.5 4.675573441475434 12
0000 0015 1710491606496 -45.5625 -69.0 3.448388811166921 12
0000 0011 1710491606496 3.25 -55.0 1.8653206380689396 12
0000 0000 1710491606497 -19.5 -61.0 5.387340527054372 12
0000 0003 1710491606497 -61.8125 -70.0 5.197126909356553 12
0000 0005 1710491606497 -3.25 -57.0 4.405592822807561 12
0000 0002 1710491606498 61.8125 -73.0 1.2455923997631406 12
0000 0001 1710491606498 2.4375 -76.0 4.319689898685965 12
0000 0013 1710491606679 -9.75 -56.5 0.7424467013366504 12
0000 0010 1710491606679 -3.25 -56.5 5.45483568172134 12
0000 0007 1710491606679 9.75 -59.0 0.6442719309119693 12
0000 0011 1710491606679 9.75 -55.0 2.024854640009046 12
0000 0006 1710491606680 -13.0 -62.0 2.9022916506796332 12
0000 0005 1710491606680 -13.0 -57.0 4.4362724385652745 12
0000 0008 1710491606680 -13.0 -51.0 4.356505437595221 12
0000 0003 1710491606681 -9.75 -70.0 4.798291904506286 12
0000 0015 1710491606681 0.0 -65.5 3.423845118560751 12
0000 0012 1710491606681 10.5625 -60.5 3.160000423044421 12
0000 0009 1710491606682 -3.25 -55.0 0.06135923151542565 12
0000 0004 1710491606682 -13.0 -58.0 3.6324665057131984 12
0000 0000 1710491606683 6.5 -61.5 5.2768939103266055 12
0000 0002 1710491606683 24.375 -75.0 1.7088545977046044 12
0000 0001 1710491606683 3.0 -75.5 1.2087768608538851 12
