0000 0012 1711091022630 -7.3125 -76.5 1.4296700943094176 15
0000 0013 1711091022631 14.625 -76.0 0.1349903093339364 15
0000 0000 1711091022631 -198.5625 -69.5 4.4976316700806995 15
0000 0011 1711091022631 -94.375 -71.5 5.565282298449106 15
0000 0015 1711091022632 -26.0 -62.0 4.080388895775806 15
0000 0014 1711091022632 35.75 -64.0 3.8840393549264434 15
0000 0004 1711091022633 -13.0 -56.5 4.252194744018997 15
0000 0006 1711091022633 61.8125 -64.5 1.141281706186917 15
0000 0001 1711091022633 3.25 -56.0 2.435961491162398 15
0000 0009 1711091022634 0.0 -50.5 4.509903516383785 15
0000 0008 1711091022634 -7.3125 -54.0 1.509437095279471 15
0000 0002 1711091022635 312.4375 -73.5 2.3071071049800045 15
0000 0013 1711091022635 13.0 -74.0 0.02454369260617026 15
0000 0007 1711091022635 -17.0625 -73.5 1.1443496677626883 15
0000 0012 1711091022636 19.5 -76.0 4.454680208019902 15
0000 0003 1711091022852 -3.25 -77.0 5.632777453116074 15
0000 0001 1711091022853 19.5 -56.0 2.356194490192345 15
0000 0009 1711091022853 3.25 -50.5 4.491495746929157 15
0000 0004 1711091022853 0.0 -56.5 4.2031073588066565 15
0000 0008 1711091022854 0.0 -54.0 1.4726215563702154 15
0000 0015 1711091022854 -6.5 -62.5 4.049709280018092 15
0000 0000 1711091022854 -45.5625 -71.0 4.09266074207889 15
0000 0011 1711091022855 45.5625 -71.5 5.031456984264903 15
0000 0007 1711091022855 139.9375 -72.5 0.8528933180644165 15
0000 0006 1711091022855 42.3125 -65.0 1.1965050145508 15
0000 0014 1711091022856 -94.375 -65.0 4.037437433715008 15
0000 0012 1711091022856 -20.125 -75.5 4.6878452877785195 15
0000 0002 1711091022857 12.3125 -75.5 5.71868037723767 15
0000 0013 1711091022857 0.0 -76.0 0.2699806186678728 15
0000 0003 1711091022858 -2.6875 -76.5 5.540738605842936 15
0000 0009 1711091022858 3.25 -50.5 4.4976316700806995 15
0000 0015 1711091022858 42.3125 -62.0 4.0128937411088375 15
0000 0001 1711091022859 6.5 -56.5 2.325514874434632 15
0000 0006 1711091022859 -35.75 -64.5 1.3499030933393643 15
0000 0000 1711091022859 9.75 -70.5 3.9392626632903265 15
0000 0013 1711091022860 26.0 -74.0 0.2454369260617026 15
0000 0007 1711091022860 117.125 -71.5 0.9940195505498954 15
0000 0014 1711091022860 -78.0625 -65.0 4.025165587411922 15
0000 0004 1711091022861 -35.75 -56.5 4.239922897715912 15
0000 0008 1711091022861 9.75 -54.0 1.4419419406125027 15
0000 0011 1711091022861 -400.375 -72.0 5.945709533844745 15
0000 0002 1711091022862 -91.125 -72.5 2.6568547246179306 15
0000 0012 1711091022862 -123.6875 -74.0 1.5462526341887264 15
0000 0003 1711091023136 0.625 -76.5 5.50392306693368 15
0000 0004 1711091023136 -19.5 -57.0 4.2031073588066565 15
0000 0000 1711091023137 -84.625 -70.0 4.154019973594316 15
0000 0006 1711091023137 -48.8125 -64.0 1.3130875544301088 15
0000 0009 1711091023137 6.5 -51.0 4.485359823777615 15
0000 0015 1711091023138 -71.5625 -62.5 4.221515128261284 15
0000 0008 1711091023138 24.375 -54.0 1.423534171157875 15
0000 0001 1711091023138 13.0 -56.5 2.356194490192345 15
0000 0014 1711091023139 -81.375 -64.5 3.988350048502667 15
0000 0011 1711091023139 78.0625 -71.0 5.031456984264903 15
0000 0007 1711091023139 35.75 -71.5 1.0799224746714913 15
0000 0002 1711091023140 67.5 -74.5 5.724816300389213 15
0000 0012 1711091023140 9.125 -76.5 1.325359400733194 15
0000 0013 1711091023140 -9.125 -76.5 0.1349903093339364 15
0000 0003 1711091023140 1.4375 -76.5 5.448699758569798 15
0000 0014 1711091023141 -13.0 -64.5 3.8840393549264434 15
0000 0000 1711091023141 84.625 -69.0 4.025165587411922 15
0000 0001 1711091023141 -16.25 -56.5 2.466641106920111 15
0000 0015 1711091023143 -32.5 -62.0 4.0987966652304335 15
0000 0004 1711091023143 -22.75 -56.5 4.227651051412827 15
0000 0006 1711091023143 32.5 -65.0 1.184233168247715 15
0000 0008 1711091023144 24.375 -54.0 1.4726215563702154 15
0000 0009 1711091023144 -9.75 -50.5 4.503767593232243 15
0000 0011 1711091023144 -48.8125 -72.0 5.411884219660542 15
0000 0007 1711091023145 -159.5 -71.0 1.3499030933393643 15
0000 0002 1711091023145 125.3125 -72.0 2.454369260617026 15
0000 0013 1711091023290 28.625 -77.0 6.277049384028044 15
0000 0012 1711091023290 -9.75 -76.5 1.4480778637640452 15
0000 0003 1711091023290 1.4375 -77.0 5.424156065963627 15
0000 0006 1711091023291 9.75 -64.5 1.2087768608538851 15
0000 0007 1711091023291 48.8125 -71.5 1.0246991663076084 15
0000 0009 1711091023291 0.0 -50.5 4.491495746929157 15
0000 0004 1711091023291 -26.0 -56.5 4.264466590322082 15
0000 0014 1711091023292 16.25 -64.5 3.8840393549264434 15
0000 0015 1711091023292 32.5 -62.5 4.0128937411088375 15
0000 0008 1711091023292 -3.25 -54.0 1.5401167110371838 15
0000 0001 1711091023293 -9.75 -56.5 2.5464081078901644 15
0000 0000 1711091023293 -152.9375 -69.5 4.571262747899211 15
0000 0011 1711091023293 -97.625 -72.5 5.368932757599744 15
0000 0002 1711091023294 -166.8125 -74.5 2.9084275738311756 15
0000 0012 1711091023294 3.0 -77.0 1.5278448647340985 15
0000 0013 1711091023294 -5.4375 -76.5 0.19634954084936207 15
0000 0003 1711091023395 7.0 -76.5 5.460971604872882 15
0000 0009 1711091023546 -6.5 -50.5 4.4976316700806995 15
0000 0014 1711091023546 -39.0 -65.0 3.9269908169872414 15
0000 0011 1711091023546 -55.3125 -71.5 5.289165756629691 15
0000 0007 1711091023547 133.4375 -71.5 0.9756117810952678 15
0000 0001 1711091023547 0.0 -56.5 2.5893595699509624 15
0000 0002 1711091023547 97.625 -74.0 2.7979809571034093 15
0000 0006 1711091023548 22.75 -64.5 1.1780972450961724 15
0000 0015 1711091023548 -45.5625 -62.0 4.0987966652304335 15
0000 0008 1711091023548 -3.25 -54.0 1.5401167110371838 15
0000 0000 1711091023549 -55.3125 -69.0 4.368777283898306 15
0000 0004 1711091023549 -6.5 -56.5 4.23378697456437 15
0000 0012 1711091023549 10.375 -76.0 4.595806440505381 15
0000 0013 1711091023550 26.1875 -77.0 6.166602767300278 15
0000 0003 1711091023550 -1.125 -76.5 5.767767762450011 15
0000 0004 1711091023550 -16.25 -56.5 4.289010282928253 15
0000 0011 1711091023550 -35.75 -71.5 5.190990986205009 15
0000 0002 1711091023551 84.625 -74.0 2.7979809571034093 15
0000 0007 1711091023551 -61.8125 -71.0 1.325359400733194 15
0000 0015 1711091023551 9.75 -61.5 4.061981126321178 15
0000 0009 1711091023552 6.5 -50.5 4.454680208019902 15
0000 0006 1711091023552 71.5625 -64.5 1.1719613219446299 15
0000 0000 1711091023552 61.8125 -68.5 4.227651051412827 15
0000 0014 1711091023553 -22.75 -65.0 3.8717675086233583 15
0000 0008 1711091023553 3.25 -54.0 1.576932249946439 15
0000 0001 1711091023554 3.25 -56.5 2.6568547246179306 15
0000 0012 1711091023628 -14.625 -76.0 4.638757902566179 15
0000 0013 1711091023628 -9.125 -77.0 0.2086213871524472 15
0000 0003 1711091023826 3.125 -76.5 5.651185222570702 15
0000 0008 1711091023827 -7.3125 -54.0 1.576932249946439 15
0000 0015 1711091023827 -29.25 -62.5 4.0987966652304335 15
0000 0004 1711091023827 -6.5 -56.5 4.264466590322082 15
0000 0009 1711091023828 -3.25 -50.5 4.485359823777615 15
0000 0007 1711091023828 13.0 -70.5 1.2087768608538851 15
0000 0001 1711091023828 -19.5 -56.5 2.730485802436441 15
0000 0006 1711091023828 -58.5625 -64.5 1.2640001692177683 15
0000 0000 1711091023829 -26.0 -68.5 4.424000592262189 15
0000 0011 1711091023829 74.8125 -72.5 5.019185137961818 15
0000 0014 1711091023830 -13.0 -64.5 3.9085830475326135 15
0000 0002 1711091023830 -2.4375 -75.0 6.068427996875596 15
0000 0013 1711091023830 -5.4375 -77.0 0.0 15
0000 0012 1711091023831 10.9375 -77.0 1.3928545554001621 15
0000 0003 1711091023831 0.9375 -76.0 5.810719224510809 15
0000 0009 1711091023831 3.25 -50.5 4.460816131171445 15
0000 0000 1711091023832 6.5 -69.5 4.319689898685965 15
0000 0004 1711091023833 -6.5 -56.5 4.264466590322082 15
0000 0008 1711091023833 -3.25 -54.0 1.5953400194010667 15
0000 0006 1711091023834 29.25 -64.5 1.1658253987930873 15
0000 0007 1711091023834 -3.25 -71.5 1.3008157081270237 15
0000 0011 1711091023834 48.8125 -72.0 5.325981295538946 15
0000 0015 1711091023834 3.25 -63.0 4.04357335686655 15
0000 0014 1711091023835 -39.0 -65.0 3.9085830475326135 15
0000 0001 1711091023835 0.0 -56.0 2.748893571891069 15
0000 0002 1711091023875 14.625 -75.5 6.013204688511713 15
0000 0012 1711091023875 6.0625 -76.5 1.282407938672396 15
0000 0013 1711091023876 -6.6875 -76.5 0.1349903093339364 15
0000 0003 1711091024120 -6.625 -76.5 5.792311455056181 15
0000 0009 1711091024120 6.5 -50.5 4.448544284868359 15
0000 0001 1711091024121 -19.5 -56.0 2.84706834231575 15
0000 0015 1711091024121 -42.3125 -62.0 4.104932588381976 15
0000 0008 1711091024121 -3.25 -54.0 1.6198837120072371 15
0000 0000 1711091024122 -65.0625 -69.5 4.509903516383785 15
0000 0006 1711091024122 48.8125 -64.5 1.1106020904292042 15
0000 0007 1711091024122 -55.3125 -71.5 1.521708941582556 15
0000 0004 1711091024123 3.25 -56.5 4.264466590322082 15
0000 0014 1711091024123 -39.0 -64.5 3.9515345095934116 15
0000 0011 1711091024123 -126.9375 -72.5 5.534602682691394 15
0000 0002 1711091024124 -121.25 -74.0 3.1968159619536762 15
0000 0012 1711091024124 21.9375 -76.5 1.3499030933393643 15
0000 0013 1711091024124 -8.5 -77.0 0.11044661672776616 15
0000 0003 1711091024124 -0.4375 -76.5 5.632777453116074 15
0000 0006 1711091024125 -35.75 -64.5 1.3314953238847365 15
0000 0007 1711091024125 -205.0625 -70.5 1.6689710972195777 15
0000 0001 1711091024125 3.25 -56.5 2.8532042654672924 15
0000 0008 1711091024126 7.3125 -54.0 1.5892040962495242 15
0000 0004 1711091024126 9.75 -56.5 4.252194744018997 15
0000 0009 1711091024126 -6.5 -50.5 4.473087977474529 15
0000 0015 1711091024127 6.5 -62.5 4.01902966426038 15
0000 0000 1711091024127 -13.0 -68.5 4.491495746929157 15
0000 0014 1711091024127 -16.25 -64.5 3.902447124381071 15
0000 0011 1711091024128 -74.8125 -72.0 5.553010452146021 15
0000 0012 1711091024313 -12.1875 -77.0 1.533980787885641 15
0000 0002 1711091024313 4.25 -75.5 6.227961998815704 15
0000 0013 1711091024313 7.875 -77.0 0.02454369260617026 15
0000 0003 1711091024314 -1.5625 -76.0 5.9088939949354895 15
0000 0007 1711091024314 52.0625 -71.5 1.227184630308513 15
0000 0014 1711091024314 6.5 -65.5 3.865631585471816 15
0000 0015 1711091024314 0.0 -62.5 4.0558452031696355 15
0000 0001 1711091024315 52.0625 -56.5 2.804116880254952 15
0000 0008 1711091024315 7.3125 -54.0 1.6198837120072371 15
0000 0004 1711091024315 -22.75 -56.5 4.313553975534423 15
0000 0011 1711091024316 9.75 -71.5 5.252350217720435 15
0000 0006 1711091024316 55.3125 -64.0 1.1290098598838318 15
0000 0009 1711091024316 6.5 -50.0 4.430136515413731 15
0000 0000 1711091024317 -113.875 -69.0 4.6448938257177215 15
0000 0012 1711091024317 -201.8125 -75.0 1.3621749396424494 15
0000 0002 1711091024317 16.25 -75.0 6.21875811408839 15
0000 0013 1711091024375 9.4375 -78.0 0.0 15
0000 0003 1711091024376 14.1875 -77.5 5.822991070813893 15
0000 0014 1711091024600 -13.0 -65.0 3.933126740138784 15
0000 0007 1711091024600 22.75 -72.0 1.214912784005428 15
0000 0000 1711091024600 26.0 -69.0 4.473087977474529 15
0000 0004 1711091024601 -16.25 -56.5 4.313553975534423 15
0000 0001 1711091024601 -42.3125 -56.5 3.018874190558942 15
0000 0011 1711091024601 -198.5625 -71.5 5.289165756629691 15
0000 0015 1711091024602 -32.5 -62.5 4.049709280018092 15
0000 0006 1711091024602 22.75 -64.5 1.1719613219446299 15
0000 0009 1711091024602 -13.0 -50.0 4.448544284868359 15
0000 0008 1711091024603 -17.0625 -53.5 1.6812429435226628 15
0000 0012 1711091024603 9.75 -76.0 4.595806440505381 15
0000 0003 1711091024603 -5.4375 -76.0 5.872078456026235 15
0000 0013 1711091024604 -14.625 -77.0 0.09203884727313846 15
0000 0002 1711091024604 -15.25 -76.0 6.240233845118788 15
0000 0008 1711091024604 13.8125 -53.5 1.662835174068035 15
0000 0007 1711091024605 -16.25 -71.0 1.3069516312785663 15
0000 0014 1711091024606 26.0 -64.5 3.877903431774901 15
0000 0006 1711091024606 42.3125 -64.5 1.0615147052168636 15
0000 0011 1711091024606 3.25 -71.5 5.098952138931871 15
0000 0009 1711091024607 -6.5 -49.5 4.460816131171445 15
0000 0001 1711091024607 16.25 -57.0 3.055689729468197 15
0000 0000 1711091024607 32.5 -68.5 4.479223900626073 15
0000 0004 1711091024608 16.25 -56.5 4.301282129231338 15
0000 0015 1711091024608 16.25 -62.5 3.9822141253511245 15
0000 0013 1711091024626 7.875 -77.0 0.1043106935762236 15
0000 0003 1711091024626 -12.8125 -75.5 6.215690152512618 15
0000 0002 1711091024626 1.1875 -76.0 0.018407769454627694 15
0000 0012 1711091024626 13.375 -77.0 4.3503695144436785 15
0000 0011 1711091024877 -48.8125 -70.5 5.283029833478148 15
0000 0009 1711091024877 3.25 -50.0 4.509903516383785 15
0000 0006 1711091024877 35.75 -64.0 1.0799224746714913 15
0000 0007 1711091024877 -19.5 -70.0 1.576932249946439 15
0000 0014 1711091024878 6.5 -65.0 4.086524818927348 15
0000 0001 1711091024878 -3.25 -56.5 3.4606606574700063 15
0000 0008 1711091024878 13.8125 -53.0 1.7794177139473437 15
0000 0000 1711091024879 -32.5 -68.5 4.871922982324796 15
0000 0004 1711091024879 19.5 -56.5 4.4362724385652745 15
0000 0015 1711091024879 0.0 -62.0 4.000621894805752 15
0000 0012 1711091024880 18.25 -76.0 4.473087977474529 15
0000 0013 1711091024880 23.1875 -76.5 6.252505691421874 15
0000 0002 1711091024881 10.375 -76.0 0.6320000846088841 15
0000 0003 1711091024882 18.25 -76.0 0.04295146206079795 15
0000 0014 1711091024882 -84.625 -66.0 4.344233591292136 15
0000 0000 1711091024882 -39.0 -69.0 5.166447293598839 15
0000 0007 1711091024883 -3.25 -69.0 1.6812429435226628 15
0000 0015 1711091024883 -29.25 -62.5 4.0558452031696355 15
0000 0008 1711091024883 7.3125 -53.0 2.086213871524472 15
0000 0004 1711091024883 -9.75 -57.0 4.828971520263998 15
0000 0009 1711091024884 -9.75 -49.0 4.614214209960009 15
0000 0001 1711091024884 -22.75 -56.0 4.4362724385652745 15
0000 0006 1711091024884 0.0 -64.5 1.1351457830353744 15
0000 0011 1711091024885 -87.875 -72.5 5.3627968344482015 15
0000 0002 1711091024885 -243.3125 -71.5 4.792155981354743 15
0000 0003 1711091024885 -9.75 -73.0 0.6258641614573416 15
0000 0012 1711091025058 4.875 -76.0 4.528311285838413 15
0000 0013 1711091025059 15.8125 -77.0 0.06135923151542565 15
0000 0001 1711091025059 -13.0 -56.0 5.64504929941916 15
0000 0008 1711091025059 3.25 -53.0 2.521864415283994 15
0000 0006 1711091025060 13.0 -64.0 1.1780972450961724 15
0000 0000 1711091025060 133.4375 -69.5 5.6941366846315 15
0000 0004 1711091025060 -29.25 -57.5 5.368932757599744 15
0000 0011 1711091025061 -130.1875 -74.5 5.47937937432751 15
0000 0014 1711091025061 -61.8125 -67.5 4.319689898685965 15
0000 0009 1711091025061 3.25 -49.0 4.693981210930062 15
0000 0007 1711091025062 -94.375 -67.5 2.1966604882522383 15
0000 0015 1711091025062 -6.5 -61.5 3.9944859716542096 15
0000 0002 1711091025062 -462.1875 -74.0 6.135923151542564 15
0000 0003 1711091025062 201.8125 -72.0 1.1044661672776617 15
0000 0013 1711091025063 -48.8125 -78.0 0.46019423636569234 15
0000 0012 1711091025063 10.9375 -77.0 4.430136515413731 15
0000 0006 1711091025281 16.25 -63.5 1.3499030933393643 15
0000 0004 1711091025281 45.5625 -59.0 5.945709533844745 15
0000 0008 1711091025281 -13.8125 -55.0 3.184544115650591 15
0000 0002 1711091025282 -52.0625 -73.0 0.18407769454627693 15
0000 0001 1711091025282 26.0 -56.5 1.7548740213411735 15
0000 0015 1711091025282 -6.5 -61.5 4.086524818927348 15
0000 0009 1711091025283 -13.0 -50.0 4.896466674930966 15
0000 0014 1711091025283 9.75 -69.0 3.816544200259475 15
0000 0000 1711091025283 -48.8125 -69.0 1.0615147052168636 15
0000 0007 1711091025284 -149.6875 -68.0 2.791845033951867 15
0000 0011 1711091025284 14.0 -78.5 5.056000676871073 15
0000 0012 1711091025284 17.6875 -76.5 4.338097668140593 15
0000 0013 1711091025285 0.5625 -80.0 0.04908738521234052 15
0000 0007 1711091025285 -87.875 -67.0 3.368621810196868 15
0000 0015 1711091025285 -6.5 -61.5 4.172427743048944 15
0000 0000 1711091025286 -39.0 -69.0 2.1659808724945253 15
0000 0008 1711091025286 24.375 -58.5 2.816388726558037 15
0000 0009 1711091025287 -9.75 -53.5 5.166447293598839 15
0000 0004 1711091025287 3.25 -61.0 0.1902136176978195 15
0000 0014 1711091025288 -52.0625 -65.5 3.988350048502667 15
0000 0002 1711091025288 71.5625 -71.5 1.214912784005428 15
0000 0006 1711091025288 6.5 -65.0 1.4726215563702154 15
0000 0001 1711091025289 -3.25 -55.5 4.381049130201391 15
0000 0012 1711091025375 57.3125 -77.5 1.184233168247715 15
0000 0004 1711091025514 0.0 -64.0 0.25770877236478773 15
0000 0007 1711091025514 -13.0 -67.5 3.8963112012295285 15
0000 0000 1711091025515 -35.75 -66.5 3.4177091954092087 15
0000 0009 1711091025515 -16.25 -60.5 5.166447293598839 15
0000 0002 1711091025515 139.125 -69.5 2.1046216409791 15
0000 0015 1711091025516 -32.5 -62.0 4.196971435655114 15
0000 0005 1711091025516 185.5 -71.0 4.963961829597935 15
0000 0001 1711091025516 -22.75 -56.5 6.080699843178682 15
0000 0008 1711091025517 21.125 -54.5 2.1966604882522383 15
0000 0006 1711091025517 74.8125 -67.0 1.1351457830353744 15
0000 0014 1711091025517 -48.8125 -67.0 4.111068511533518 15
0000 0003 1711091025517 78.0625 -73.0 0.662679700366597 15
0000 0012 1711091025518 84.625 -75.0 5.783107570328867 15
0000 0008 1711091025518 10.5625 -53.5 2.2150682577068657 15
0000 0001 1711091025518 -48.8125 -58.0 5.663457068873787 15
0000 0002 1711091025519 104.125 -64.5 2.7550294950426117 15
0000 0005 1711091025519 -61.8125 -69.5 5.675728915176872 15
0000 0006 1711091025519 -3.25 -66.0 1.0737865515199487 15
0000 0015 1711091025520 6.5 -62.0 4.295146206079795 15
0000 0004 1711091025520 -3.25 -65.5 5.792311455056181 15
0000 0014 1711091025520 -78.0625 -68.5 4.2031073588066565 15
0000 0000 1711091025521 6.5 -63.5 4.06811704947272 15
0000 0000 1711091025642 45.5625 -68.5 3.380893656499953 15
0000 0006 1711091025642 -9.75 -67.0 1.000155473701438 15
0000 0015 1711091025643 3.25 -61.5 4.23378697456437 15
0000 0001 1711091025643 6.5 -53.5 5.129631754689584 15
0000 0002 1711091025643 -21.125 -66.0 3.1354567304382504 15
0000 0008 1711091025644 13.0 -54.5 2.0371264863121317 15
0000 0005 1711091025644 -237.5625 -71.5 5.737088146692298 15
0000 0004 1711091025644 71.5625 -67.5 4.792155981354743 15
0000 0002 1711091025863 107.375 -69.5 2.9022916506796332 15
0000 0001 1711091025864 13.0 -61.5 4.0558452031696355 15
0000 0008 1711091025864 26.0 -63.0 1.4296700943094176 15
0000 0015 1711091025864 -9.75 -61.5 4.387185053352934 15
0000 0006 1711091025865 35.75 -67.5 0.8651651643675016 15
0000 0004 1711091025865 -3.25 -67.5 3.773592738198677 15
0000 0000 1711091025865 45.5625 -66.0 0.3620194659410113 15
0000 0003 1711091025866 -3.5625 -76.0 1.4358060174609601 15
0000 0002 1711091025866 -90.3125 -70.0 2.4850488763747385 15
0000 0015 1711091025866 -55.3125 -62.0 4.509903516383785 15
0000 0008 1711091025866 -65.875 -66.0 5.767767762450011 15
0000 0000 1711091025867 16.25 -60.0 5.258486140871978 15
0000 0006 1711091025867 22.75 -68.5 0.7731263170943632 15
0000 0004 1711091025868 39.0 -65.5 2.804116880254952 15
0000 0001 1711091025868 13.0 -57.0 1.3437671701878218 15
0000 0003 1711091025868 30.0625 -74.5 4.4454763232925885 15
0000 0008 1711091026130 -97.625 -67.0 4.914874444385594 15
0000 0015 1711091026131 16.25 -62.0 4.381049130201391 15
0000 0004 1711091026131 -16.25 -65.0 2.448233337465483 15
0000 0000 1711091026131 -9.75 -59.5 4.528311285838413 15
0000 0001 1711091026132 13.0 -65.0 1.030835089459151 15
0000 0003 1711091026132 123.6875 -72.5 1.0799224746714913 15
0000 0006 1711091026132 42.3125 -68.5 0.7853981633974483 15
0000 0002 1711091026133 -27.625 -66.5 1.5155730184310134 15
0000 0004 1711091026133 3.25 -63.5 2.3623304133438876 15
0000 0000 1711091026133 -117.125 -62.5 4.01902966426038 15
0000 0006 1711091026134 110.625 -69.5 0.6013204688511713 15
0000 0002 1711091026134 107.375 -63.5 1.043106935762236 15
0000 0015 1711091026134 0.0 -63.0 4.430136515413731 15
0000 0003 1711091026134 -39.0 -71.5 0.8528933180644165 15
0000 0007 1711091026135 -4.875 -72.5 1.3130875544301088 15
0000 0001 1711091026135 -2.125 -70.0 1.380582709097077 15
0000 0005 1711091026135 0.5625 -76.0 0.20248546400090464 15
0000 0000 1711091026318 -74.8125 -67.5 3.147728576741336 15
0000 0007 1711091026319 68.3125 -69.5 1.2578642460662257 15
0000 0004 1711091026319 -9.75 -61.5 2.3316507975861747 15
0000 0001 1711091026319 32.5 -61.5 1.1596894756415448 15
0000 0015 1711091026319 -13.0 -63.5 4.430136515413731 15
0000 0002 1711091026320 -34.9375 -62.5 0.8222137023067037 15
0000 0003 1711091026320 58.5625 -73.0 0.28225246497095796 15
0000 0005 1711091026320 126.9375 -73.0 3.3440781175906977 15
0000 0006 1711091026321 42.3125 -70.0 0.6749515466696822 15
0000 0001 1711091026321 6.5 -58.0 0.9940195505498954 15
0000 0002 1711091026321 -13.8125 -62.0 0.7179030087304801 15
0000 0004 1711091026322 52.0625 -60.5 2.073942025221387 15
0000 0015 1711091026322 48.8125 -64.5 4.325825821837508 15
0000 0006 1711091026322 104.125 -69.0 0.5154175447295755 15
0000 0000 1711091026323 123.6875 -69.5 1.88986433067511 15
0000 0007 1711091026323 113.875 -69.5 1.3437671701878218 15
0000 0003 1711091026323 -136.6875 -74.0 6.264777537724958 15
0000 0005 1711091026324 162.75 -72.0 3.1906800388021335 15
0000 0004 1711091026552 -6.5 -60.0 2.067806102069844 15
0000 0002 1711091026552 30.875 -62.5 0.6258641614573416 15
0000 0015 1711091026552 16.25 -64.5 4.289010282928253 15
0000 0001 1711091026552 26.0 -58.5 0.8283496254582462 15
0000 0007 1711091026553 91.125 -68.5 1.4173982480063325 15
0000 0006 1711091026553 -26.0 -70.0 0.5767767762450011 15
0000 0005 1711091026553 -100.875 -72.0 3.497476196379262 15
0000 0003 1711091026554 2.4375 -75.0 5.982525072754001 15
0000 0000 1711091026554 2.6875 -73.0 4.301282129231338 15
0000 0002 1711091026554 59.375 -62.0 0.6381360077604268 15
0000 0015 1711091026555 -35.75 -64.0 4.331961744989051 15
0000 0001 1711091026555 29.25 -58.5 0.8160777791551611 15
0000 0004 1711091026555 81.375 -60.0 1.88986433067511 15
0000 0007 1711091026556 -87.875 -68.5 1.6505633277649499 15
0000 0006 1711091026556 13.0 -70.0 0.4479223900626072 15
0000 0005 1711091026556 0.0 -72.5 3.3440781175906977 15
0000 0003 1711091026644 1.8125 -75.5 6.037748381117884 15
0000 0000 1711091026872 3.5625 -72.5 3.9453985864418692 15
0000 0002 1711091026872 55.3125 -62.0 0.619728238305799 15
0000 0001 1711091026872 -3.25 -58.5 0.8528933180644165 15
0000 0015 1711091026873 -42.3125 -63.5 4.430136515413731 15
0000 0004 1711091026873 -39.0 -59.5 2.055534255766759 15
0000 0007 1711091026873 -3.25 -68.0 1.4480778637640452 15
0000 0005 1711091026874 -110.625 -73.0 3.6079228131070282 15
0000 0006 1711091026874 22.75 -70.5 0.47860200582032003 15
0000 0003 1711091026874 -13.0625 -76.5 6.000932842208628 15
0000 0000 1711091026875 -0.5625 -73.0 3.9208548938356986 15
0000 0002 1711091026875 41.5 -62.0 0.6442719309119693 15
0000 0005 1711091026875 -26.0 -72.0 3.4606606574700063 15
0000 0001 1711091026876 13.0 -58.5 0.8344855486097889 15
0000 0015 1711091026876 74.8125 -65.0 4.252194744018997 15
0000 0007 1711091026877 -58.5625 -68.0 1.509437095279471 15
0000 0006 1711091026877 126.9375 -69.5 0.39269908169872414 15
0000 0004 1711091026877 -32.5 -59.5 1.9696313316451632 15
0000 0000 1711091027110 4.875 -72.5 0.4049709280018093 15
0000 0003 1711091027110 2.125 -76.5 5.743224069843841 15
0000 0015 1711091027110 -100.875 -65.0 4.448544284868359 15
0000 0007 1711091027111 -78.0625 -68.0 1.576932249946439 15
0000 0005 1711091027111 74.8125 -71.0 3.2643111166206444 15
0000 0002 1711091027111 21.125 -62.0 0.6504078540635119 15
0000 0001 1711091027112 6.5 -58.5 0.8406214717613314 15
0000 0004 1711091027112 9.75 -59.5 1.8960002538266525 15
0000 0006 1711091027112 65.0625 -70.0 0.3988350048502667 15
0000 0000 1711091027113 4.25 -72.5 0.15339807878856412 15
0000 0003 1711091027113 -1.1875 -77.0 5.755495916146925 15
0000 0001 1711091027113 -6.5 -58.5 0.803805932852076 15
0000 0004 1711091027114 -9.75 -59.5 1.9266798695843652 15
0000 0005 1711091027114 -166.0 -71.0 3.472932503773092 15
0000 0015 1711091027114 9.75 -64.5 4.28287435977671 15
0000 0002 1711091027115 38.1875 -61.5 0.6135923151542565 15
0000 0007 1711091027115 -55.3125 -67.5 1.337631247036279 15
0000 0006 1711091027115 0.0 -69.0 0.4172427743048944 15
0000 0000 1711091027373 -5.4375 -72.5 6.277049384028044 15
0000 0003 1711091027374 8.1875 -77.0 5.724816300389213 15
0000 0015 1711091027374 -22.75 -65.0 4.325825821837508 15
0000 0006 1711091027374 78.0625 -69.5 0.4111068511533518 15
0000 0005 1711091027374 -81.375 -71.5 3.5158839658338894 15
0000 0002 1711091027375 76.4375 -62.0 0.5645049299419159 15
0000 0004 1711091027375 55.3125 -59.5 1.7732817907958012 15
0000 0001 1711091027375 35.75 -59.0 0.7363107781851077 15
0000 0007 1711091027376 19.5 -67.5 1.41126232485479 15
0000 0000 1711091027376 1.8125 -72.5 6.2034183062095325 15
