0000 0008 1711091223972 24.375 -56.0 1.0676506283684062 15
0000 0007 1711091223972 -410.125 -73.5 3.399301425954581 15
0000 0008 1711091223972 13.8125 -56.5 1.1044661672776617 15
0000 0005 1711091223973 3.25 -60.0 3.5833791205008576 15
0000 0003 1711091223973 68.3125 -71.5 1.0799224746714913 15
0000 0009 1711091223974 -16.25 -55.0 4.01902966426038 15
0000 0000 1711091223974 0.0 -58.0 4.890330751779424 15
0000 0002 1711091223974 -55.3125 -62.5 4.743068596142402 15
0000 0001 1711091223975 29.25 -57.0 1.9696313316451632 15
0000 0004 1711091223975 22.75 -61.0 4.147884050442774 15
0000 0014 1711091223975 -71.5625 -65.0 6.178874613603362 15
0000 0015 1711091223976 52.0625 -63.0 0.14112623248547898 15
0000 0007 1711091223976 64.25 -74.5 5.764699800874239 15
0000 0011 1711091223976 7.875 -77.0 6.191146459906448 15
0000 0015 1711091224151 -39.0 -62.5 0.22089323345553233 15
0000 0004 1711091224152 13.0 -60.5 4.1601558967458585 15
0000 0003 1711091224152 91.125 -70.5 1.0615147052168636 15
0000 0005 1711091224152 22.75 -59.5 3.522019888985432 15
0000 0008 1711091224152 26.0 -56.0 1.0799224746714913 15
0000 0009 1711091224153 -3.25 -55.0 3.988350048502667 15
0000 0002 1711091224153 0.0 -62.5 4.724660826687775 15
0000 0001 1711091224153 -26.0 -57.0 2.0493983326152168 15
0000 0000 1711091224154 -35.75 -57.5 4.914874444385594 15
0000 0014 1711091224154 -39.0 -66.0 6.17273869045182 15
0000 0007 1711091224154 100.875 -72.0 2.5402721847386216 15
0000 0011 1711091224155 10.375 -77.0 6.160466844148735 15
0000 0009 1711091224156 -19.5 -55.0 3.9822141253511245 15
0000 0000 1711091224157 13.0 -58.0 4.8351074434155406 15
0000 0002 1711091224157 -34.9375 -62.5 4.792155981354743 15
0000 0008 1711091224157 10.5625 -56.5 1.1167380135807468 15
0000 0003 1711091224157 110.625 -70.0 0.9387962421860124 15
0000 0001 1711091224158 29.25 -57.0 1.9573594853420782 15
0000 0004 1711091224158 22.75 -60.5 4.154019973594316 15
0000 0014 1711091224158 35.75 -65.0 6.068427996875596 15
0000 0015 1711091224159 -3.25 -63.0 0.16566992509164924 15
0000 0005 1711091224159 45.5625 -60.0 3.485204350076177 15
0000 0007 1711091224159 309.1875 -74.0 2.2518837966161214 15
0000 0011 1711091224221 -16.4375 -77.0 0.0674951546669682 15
0000 0008 1711091224387 52.0625 -56.0 1.0369710126106935 15
0000 0000 1711091224387 -19.5 -58.0 4.902602598082509 15
0000 0001 1711091224387 -6.5 -57.0 2.0493983326152168 15
0000 0005 1711091224388 -13.0 -60.0 3.5711072741977725 15
0000 0015 1711091224388 -26.0 -63.0 0.2270291566070749 15
0000 0007 1711091224388 -172.5 -73.0 2.8716120349219203 15
0000 0003 1711091224389 65.0625 -70.0 0.9878836273983529 15
0000 0009 1711091224389 -3.25 -55.0 3.9576704327449543 15
0000 0004 1711091224389 35.75 -61.0 4.111068511533518 15
0000 0002 1711091224390 0.0 -63.0 4.663301595172349 15
0000 0014 1711091224390 -35.75 -65.0 6.215690152512618 15
0000 0011 1711091224390 0.5625 -78.0 6.17273869045182 15
0000 0001 1711091224391 -29.25 -57.0 2.043262409463674 15
0000 0002 1711091224391 -59.375 -62.5 4.865787059173254 15
0000 0015 1711091224392 9.75 -63.0 0.15339807878856412 15
0000 0008 1711091224392 7.3125 -56.5 1.1044661672776617 15
0000 0014 1711091224392 -29.25 -65.5 6.129787228391022 15
0000 0004 1711091224393 9.75 -60.5 4.135612204139688 15
0000 0003 1711091224393 19.5 -71.0 1.141281706186917 15
0000 0009 1711091224393 -16.25 -55.0 3.988350048502667 15
0000 0005 1711091224393 -9.75 -59.5 3.5711072741977725 15
0000 0000 1711091224394 -26.0 -57.5 4.933282213840222 15
0000 0007 1711091224394 6.5 -72.0 2.779573187648782 15
0000 0011 1711091224472 17.6875 -76.5 6.111379458936394 15
0000 0009 1711091224647 9.75 -55.0 3.9453985864418692 15
0000 0015 1711091224647 6.5 -62.5 0.12885438618239387 15
0000 0014 1711091224647 -58.5625 -65.5 6.277049384028044 15
0000 0002 1711091224648 17.0625 -62.5 4.743068596142402 15
0000 0005 1711091224648 -22.75 -60.0 3.5833791205008576 15
0000 0001 1711091224648 0.0 -57.5 2.0064468705544187 15
0000 0004 1711091224649 29.25 -60.5 4.104932588381976 15
0000 0008 1711091224649 16.25 -56.0 1.0983302441261191 15
0000 0000 1711091224649 -45.5625 -57.5 4.933282213840222 15
0000 0007 1711091224650 -231.0625 -72.0 3.1784081924990484 15
0000 0003 1711091224650 39.0 -71.5 1.043106935762236 15
0000 0011 1711091224651 15.25 -77.0 6.166602767300278 15
0000 0014 1711091224652 16.25 -65.0 6.074563920027139 15
0000 0001 1711091224652 19.5 -57.0 2.0064468705544187 15
0000 0000 1711091224652 -16.25 -57.5 4.865787059173254 15
0000 0004 1711091224653 -3.25 -61.0 4.123340357836604 15
0000 0002 1711091224653 -65.875 -62.5 4.779884135051658 15
0000 0015 1711091224653 -26.0 -63.0 0.17794177139473438 15
0000 0009 1711091224654 -9.75 -55.0 3.9576704327449543 15
0000 0005 1711091224654 -3.25 -60.0 3.5588354278946874 15
0000 0008 1711091224654 16.25 -56.0 1.0983302441261191 15
0000 0003 1711091224655 61.8125 -70.0 1.0246991663076084 15
0000 0007 1711091224655 9.75 -73.5 2.4850488763747385 15
0000 0011 1711091224722 28.0625 -77.0 6.062292073724054 15
0000 0000 1711091224922 -29.25 -57.5 4.884194828627882 15
0000 0002 1711091224922 -21.125 -62.5 4.749204519293945 15
0000 0001 1711091224923 -6.5 -57.0 2.061670178918302 15
0000 0003 1711091224923 -107.375 -70.0 1.3314953238847365 15
0000 0014 1711091224923 29.25 -65.0 6.037748381117884 15
0000 0005 1711091224923 -26.0 -60.0 3.6140587362585705 15
0000 0015 1711091224924 -13.0 -63.0 0.18407769454627693 15
0000 0004 1711091224924 32.5 -61.5 4.080388895775806 15
0000 0009 1711091224924 -52.0625 -55.0 4.0128937411088375 15
0000 0008 1711091224925 7.3125 -56.0 1.0921943209745766 15
0000 0007 1711091224925 58.5625 -73.5 2.988194574801229 15
0000 0011 1711091224925 -4.25 -77.0 0.04295146206079795 15
0000 0003 1711091224926 -117.125 -71.0 1.2578642460662257 15
0000 0005 1711091224927 29.25 -60.0 3.5281558121369745 15
0000 0000 1711091224927 -16.25 -57.0 4.865787059173254 15
0000 0007 1711091224927 -74.8125 -72.5 2.761165418194154 15
0000 0001 1711091224928 16.25 -57.5 2.0064468705544187 15
0000 0008 1711091224928 -17.0625 -56.0 1.1290098598838318 15
0000 0009 1711091224928 -16.25 -55.0 3.9638063558964967 15
0000 0015 1711091224928 3.25 -63.0 0.14726215563702155 15
0000 0014 1711091224929 -68.3125 -65.5 6.22182607566416 15
0000 0002 1711091224929 10.5625 -62.5 4.724660826687775 15
0000 0004 1711091224929 3.25 -61.0 4.129476280988146 15
0000 0011 1711091224971 48.8125 -75.5 5.994796919057086 15
0000 0014 1711091225177 -68.3125 -65.5 6.17273869045182 15
0000 0015 1711091225177 -61.8125 -63.0 0.2454369260617026 15
0000 0009 1711091225178 -26.0 -55.0 4.0128937411088375 15
0000 0002 1711091225179 38.1875 -62.5 4.675573441475434 15
0000 0008 1711091225179 30.875 -56.0 1.0737865515199487 15
0000 0003 1711091225179 250.625 -71.5 0.9387962421860124 15
0000 0001 1711091225180 -32.5 -57.5 2.0923497946760143 15
0000 0004 1711091225180 19.5 -60.5 4.111068511533518 15
0000 0000 1711091225180 -3.25 -57.5 4.865787059173254 15
0000 0005 1711091225180 -13.0 -60.0 3.6079228131070282 15
0000 0007 1711091225181 107.375 -73.0 2.6139032625571326 15
0000 0011 1711091225181 0.5625 -77.0 0.04295146206079795 15
0000 0009 1711091225182 -13.0 -54.5 3.9699422790480394 15
0000 0008 1711091225182 9.75 -56.0 1.086058397823034 15
0000 0015 1711091225183 0.0 -63.0 0.18407769454627693 15
0000 0001 1711091225183 16.25 -57.0 2.0371264863121317 15
0000 0004 1711091225183 -35.75 -60.5 4.178563666200486 15
0000 0002 1711091225184 10.5625 -62.5 4.73693267299086 15
0000 0005 1711091225184 3.25 -60.0 3.5711072741977725 15
0000 0000 1711091225184 -16.25 -57.5 4.908738521234052 15
0000 0014 1711091225184 -6.5 -65.5 6.14819499784565 15
0000 0003 1711091225185 -22.75 -69.5 1.2455923997631406 15
0000 0007 1711091225185 -91.125 -72.0 2.779573187648782 15
0000 0011 1711091225185 -29.25 -73.5 6.2463697682703305 15
0000 0014 1711091225419 -45.5625 -65.5 6.19728238305799 15
0000 0008 1711091225420 -3.25 -56.0 1.1290098598838318 15
0000 0002 1711091225420 -10.5625 -62.5 4.749204519293945 15
0000 0003 1711091225420 22.75 -70.5 1.2517283229146832 15
0000 0015 1711091225420 19.5 -63.0 0.14112623248547898 15
0000 0001 1711091225421 29.25 -57.5 2.0064468705544187 15
0000 0000 1711091225421 -55.3125 -57.0 4.963961829597935 15
0000 0004 1711091225421 9.75 -60.5 4.123340357836604 15
0000 0005 1711091225422 74.8125 -60.0 3.509748042682347 15
0000 0009 1711091225422 -16.25 -55.0 4.000621894805752 15
0000 0007 1711091225422 244.125 -72.5 2.2641556429192065 15
0000 0011 1711091225423 -6.0625 -76.5 0.018407769454627694 15
0000 0015 1711091225423 -13.0 -62.5 0.14726215563702155 15
0000 0005 1711091225423 19.5 -60.0 3.5281558121369745 15
0000 0001 1711091225423 -26.0 -57.5 2.1966604882522383 15
0000 0002 1711091225424 -3.25 -62.5 4.822835597112456 15
0000 0009 1711091225424 -9.75 -55.0 4.04357335686655 15
0000 0008 1711091225424 0.0 -56.0 1.184233168247715 15
0000 0004 1711091225425 -13.0 -60.5 4.2092432819582 15
0000 0000 1711091225425 -13.0 -57.0 5.056000676871073 15
0000 0014 1711091225425 -42.3125 -65.0 6.191146459906448 15
0000 0003 1711091225426 117.125 -71.0 1.2517283229146832 15
0000 0011 1711091225426 149.6875 -74.0 0.05522330836388308 15
0000 0007 1711091225426 -312.4375 -73.5 3.129320807286708 15
0000 0014 1711091225667 -74.8125 -64.5 6.252505691421874 15
0000 0000 1711091225667 -35.75 -57.0 5.6143696836614465 15
0000 0004 1711091225667 -58.5625 -61.0 4.381049130201391 15
0000 0009 1711091225668 -13.0 -54.5 4.154019973594316 15
0000 0001 1711091225668 6.5 -58.0 3.043417883165112 15
0000 0005 1711091225668 35.75 -60.5 3.785864584501762 15
0000 0008 1711091225669 3.25 -56.0 1.380582709097077 15
0000 0007 1711091225669 136.6875 -72.5 2.337786720737717 15
0000 0015 1711091225669 -68.3125 -63.0 0.12885438618239387 15
0000 0003 1711091225669 -3.25 -69.5 2.454369260617026 15
0000 0002 1711091225670 7.3125 -62.0 5.325981295538946 15
0000 0011 1711091225670 -143.1875 -74.0 0.380427235395639 15
0000 0008 1711091225670 0.0 -54.5 1.8960002538266525 15
0000 0005 1711091225671 0.0 -60.5 4.295146206079795 15
0000 0001 1711091225671 -22.75 -57.5 4.9823695990525625 15
0000 0009 1711091225671 -13.0 -54.0 4.546719055293041 15
0000 0002 1711091225672 7.3125 -62.0 0.030679615757712823 15
0000 0000 1711091225672 -19.5 -56.5 0.5829126993965437 15
0000 0014 1711091225672 -42.3125 -65.0 0.09203884727313846 15
0000 0015 1711091225672 29.25 -62.0 6.105243535784852 15
0000 0004 1711091225673 -65.0625 -63.0 4.632621979414636 15
0000 0003 1711091225673 -55.3125 -67.5 3.8963112012295285 15
0000 0007 1711091225673 35.75 -72.0 2.3193789512830896 15
0000 0011 1711091225949 -0.5625 -79.0 6.258641614573416 15
0000 0014 1711091225949 -48.8125 -68.5 0.16566992509164924 15
0000 0000 1711091225949 -13.0 -56.0 2.2764274892222915 15
0000 0001 1711091225950 -48.8125 -58.5 2.2886993355253766 15
0000 0009 1711091225950 -19.5 -55.5 5.252350217720435 15
0000 0015 1711091225950 -19.5 -61.5 0.01227184630308513 15
0000 0008 1711091225951 16.25 -53.5 2.742757648739526 15
0000 0003 1711091225951 -48.8125 -66.0 5.681864838328415 15
0000 0005 1711091225951 -39.0 -63.0 5.945709533844745 15
0000 0002 1711091225952 -17.0625 -62.5 2.8102528034064944 15
0000 0007 1711091225952 -9.75 -77.5 0.7853981633974483 15
0000 0012 1711091225952 36.0 -78.5 4.6878452877785195 15
0000 0004 1711091225952 6.8125 -76.0 4.147884050442774 15
0000 0005 1711091225953 16.25 -62.5 1.705786636128833 15
0000 0015 1711091225953 -26.0 -61.0 0.07976700097005335 15
0000 0000 1711091225953 16.25 -56.0 3.5833791205008576 15
0000 0001 1711091225954 -84.625 -60.5 4.957825906446392 15
0000 0014 1711091225954 52.0625 -69.5 0.0 15
0000 0008 1711091225954 0.0 -52.0 2.9022916506796332 15
0000 0002 1711091225955 10.5625 -57.5 5.344389064993574 15
0000 0009 1711091225955 -42.3125 -64.5 5.160311370447297 15
0000 0003 1711091225956 -201.8125 -68.5 3.552699504743145 15
0000 0004 1711091226190 3.625 -74.5 4.546719055293041 15
0000 0006 1711091226191 -0.625 -74.5 3.7551849687440497 15
0000 0003 1711091226191 -65.0625 -69.5 4.061981126321178 15
0000 0008 1711091226191 -21.125 -57.0 3.3072625786814425 15
0000 0002 1711091226191 0.0 -58.5 0.6442719309119693 15
0000 0000 1711091226192 -39.0 -59.0 4.006757817957295 15
0000 0005 1711091226192 32.5 -62.5 4.154019973594316 15
0000 0015 1711091226192 19.5 -62.5 0.4479223900626072 15
0000 0001 1711091226193 -29.25 -55.5 5.608233760509904 15
0000 0004 1711091226193 16.25 -67.0 1.8039614065535141 15
0000 0014 1711091226193 -71.5625 -66.5 0.11044661672776616 15
0000 0006 1711091226194 -0.8125 -73.0 0.6473398924877406 15
0000 0015 1711091226194 9.75 -62.5 0.1718058482431918 15
0000 0003 1711091226194 9.75 -63.5 3.865631585471816 15
0000 0002 1711091226194 90.3125 -65.5 1.9573594853420782 15
0000 0000 1711091226195 16.25 -61.5 2.6384469551633027 15
0000 0001 1711091226195 -3.25 -61.5 3.663146121470911 15
0000 0008 1711091226195 -69.125 -65.0 1.5401167110371838 15
0000 0005 1711091226196 0.0 -67.0 5.135767677841127 15
0000 0004 1711091226196 22.75 -65.5 2.5709518004963345 15
0000 0014 1711091226196 -9.75 -66.5 0.6994952392758523 15
0000 0007 1711091226419 -5.625 -76.0 2.061670178918302 15
0000 0005 1711091226419 -55.3125 -65.5 3.9453985864418692 15
0000 0001 1711091226419 -22.75 -60.0 3.104777114680538 15
0000 0008 1711091226419 42.3125 -61.5 6.227961998815704 15
0000 0003 1711091226420 -13.0 -58.0 5.006913291658733 15
0000 0015 1711091226420 -22.75 -62.5 0.48473792897186263 15
0000 0000 1711091226420 29.25 -60.0 1.055378782065321 15
0000 0007 1711091226421 -283.1875 -72.5 5.45483568172134 15
0000 0004 1711091226421 94.375 -70.5 2.6998061866787286 15
0000 0002 1711091226421 1.1875 -71.5 2.282563412373834 15
0000 0000 1711091226421 19.5 -64.0 6.0991076126333095 15
0000 0005 1711091226422 -42.3125 -63.0 4.147884050442774 15
0000 0008 1711091226422 65.875 -66.0 5.301437602932776 15
0000 0002 1711091226422 7.3125 -59.5 5.283029833478148 15
0000 0015 1711091226423 -22.75 -64.0 0.5092816215780329 15
0000 0003 1711091226423 -42.3125 -60.5 5.098952138931871 15
0000 0001 1711091226423 -29.25 -63.5 3.6140587362585705 15
0000 0005 1711091226731 61.8125 -64.5 4.061981126321178 15
0000 0003 1711091226732 29.25 -67.0 3.9515345095934116 15
0000 0001 1711091226732 -16.25 -57.0 3.215223731408304 15
0000 0002 1711091226732 -38.1875 -57.5 5.105088062083414 15
0000 0000 1711091226733 -91.125 -71.5 3.792000507653305 15
0000 0015 1711091226733 29.25 -64.0 0.2699806186678728 15
0000 0008 1711091226733 4.6875 -77.0 6.14819499784565 15
0000 0015 1711091226733 58.5625 -64.5 6.129787228391022 15
0000 0001 1711091226734 3.25 -62.0 3.153864499892878 15
0000 0002 1711091226735 -62.625 -60.5 4.773748211900116 15
0000 0000 1711091226735 -42.3125 -66.0 2.662990647769473 15
0000 0005 1711091226735 -71.5625 -66.5 4.724660826687775 15
0000 0002 1711091226971 -117.9375 -64.5 4.442408361716817 15
0000 0015 1711091226972 -16.25 -64.0 6.068427996875596 15
0000 0000 1711091226972 -26.0 -66.5 2.1475731030398975 15
0000 0015 1711091226972 61.8125 -65.0 5.853670686571607 15
0000 0002 1711091226972 -45.5625 -66.0 4.190835512503572 15
0000 0000 1711091226973 100.875 -67.0 1.8346410223112268 15
0000 0004 1711091226973 -5.75 -78.5 5.240078371417351 15
0000 0015 1711091226973 -143.1875 -66.0 0.01227184630308513 15
0000 0002 1711091226974 -41.5 -66.5 4.2092432819582 15
0000 0000 1711091226974 65.0625 -67.5 1.8714565612204823 15
0000 0004 1711091227221 37.1875 -78.0 4.847379289718626 15
0000 0000 1711091227221 -110.625 -67.5 2.018718716857504 15
0000 0002 1711091227222 7.3125 -67.0 4.061981126321178 15
0000 0015 1711091227222 -39.0 -65.0 6.068427996875596 15
0000 0000 1711091227222 -94.375 -69.0 2.024854640009046 15
0000 0015 1711091227223 6.5 -65.0 6.080699843178682 15
0000 0002 1711091227223 59.375 -70.0 3.7551849687440497 15
0000 0000 1711091227471 -3.25 -68.5 1.8714565612204823 15
0000 0015 1711091227472 78.0625 -64.5 5.957981380147831 15
0000 0002 1711091227472 -162.75 -71.0 4.061981126321178 15
0000 0003 1711091227472 -6.5 -73.5 6.17273869045182 15
0000 0000 1711091227473 -74.8125 -68.5 1.9880391010997909 15
0000 0015 1711091227473 -29.25 -65.5 6.062292073724054 15
0000 0002 1711091227473 65.875 -72.0 3.749049045592507 15
0000 0003 1711091227473 0.0 -73.5 6.129787228391022 15
0000 0015 1711091227722 0.0 -64.5 5.93343768754166 15
0000 0000 1711091227722 -74.8125 -68.0 1.8530487917658545 15
0000 0002 1711091227722 -4.0625 -72.5 0.6105243535784852 15
0000 0003 1711091227722 -6.6875 -73.5 0.2270291566070749 15
0000 0002 1711091227723 -79.75 -70.5 3.356349963893783 15
0000 0000 1711091227723 179.0 -68.0 1.3437671701878218 15
0000 0015 1711091227723 -9.75 -64.5 5.822991070813893 15
0000 0003 1711091227724 -5.625 -74.0 0.16566992509164924 15
0000 0000 1711091227971 -188.75 -68.5 1.8960002538266525 15
0000 0002 1711091227971 81.375 -70.0 3.117048960983623 15
0000 0015 1711091227971 65.0625 -64.5 5.737088146692298 15
0000 0003 1711091227972 -17.0625 -73.0 0.1227184630308513 15
0000 0002 1711091227972 -3.25 -69.5 3.380893656499953 15
0000 0000 1711091227972 -9.75 -70.0 1.7794177139473437 15
0000 0015 1711091227973 -9.75 -64.0 5.890486225480862 15
0000 0003 1711091227973 6.6875 -73.5 0.05522330836388308 15
0000 0015 1711091227973 -3.25 -64.5 5.884350302329319 15
0000 0002 1711091227973 -59.375 -69.0 3.380893656499953 15
0000 0000 1711091227974 13.0 -70.5 1.6444274046134073 15
0000 0003 1711091228221 0.0 -74.0 0.1349903093339364 15
0000 0015 1711091228221 87.875 -64.5 5.8475347634200645 15
0000 0002 1711091228222 69.125 -69.0 3.227495577711389 15
0000 0000 1711091228222 -6.0625 -72.0 5.019185137961818 15
0000 0003 1711091228222 3.0 -73.5 0.1349903093339364 15
0000 0015 1711091228223 -19.5 -64.5 6.037748381117884 15
0000 0002 1711091228223 41.5 -69.5 3.2090878082567613 15
0000 0000 1711091228223 9.75 -72.0 5.098952138931871 15
0000 0003 1711091228471 -1.5 -74.0 0.17794177139473438 15
0000 0002 1711091228471 -100.875 -70.5 3.2704470397721868 15
0000 0015 1711091228471 87.875 -64.0 5.651185222570702 15
0000 0000 1711091228472 11.5625 -72.0 4.994641445355648 15
0000 0015 1711091228472 0.0 -64.0 5.8045833013592665 15
0000 0002 1711091228472 -87.0625 -69.0 3.436116964863836 15
0000 0000 1711091228473 6.6875 -72.5 5.117359908386499 15
0000 0002 1711091228722 79.75 -68.5 3.2397674240144743 15
0000 0015 1711091228722 -6.5 -64.0 5.706408530934585 15
0000 0000 1711091228722 23.75 -72.0 1.9634954084936207 15
0000 0015 1711091228723 74.8125 -64.0 5.5714182216006485 15
0000 0002 1711091228723 -100.875 -69.5 3.485204350076177 15
0000 0000 1711091228723 -8.5 -72.5 5.117359908386499 15
0000 0015 1711091228729 29.25 -64.0 5.663457068873787 15
0000 0002 1711091228729 -24.375 -69.0 3.479068426924634 15
