0009 0004 1710065980409 -104.125 -70.0 5.516194913236766 16
0009 0006 1710065980416 -19.5 -65.0 0.3436116964863836 16
0009 0015 1710065980417 -22.75 -56.0 1.8837284075235674 16
0009 0003 1710065980429 -18.25 -77.0 5.50392306693368 16
0009 0015 1710065980430 6.5 -56.5 1.8714565612204823 16
0009 0006 1710065980430 -3.25 -65.5 0.34974761963792617 16
0009 0004 1710065980431 55.3125 -72.0 5.135767677841127 16
0009 0003 1710065980431 -62.25 -77.0 5.921165841238575 16
0009 0015 1710065980432 42.3125 -56.0 1.8162332528565992 16
0009 0004 1710065980432 139.9375 -72.0 5.141903600992669 16
0009 0006 1710065980433 35.75 -65.5 0.36815538909255385 16
0009 0003 1710065980433 -30.5 -77.5 5.737088146692298 16
0009 0004 1710065980622 -6.5 -71.0 5.307573526084319 16
0009 0006 1710065980624 -26.0 -65.0 0.3436116964863836 16
0009 0015 1710065980625 9.75 -56.0 1.859184714917397 16
0009 0003 1710065980626 14.625 -77.5 5.6143696836614465 16
0009 0004 1710065980627 169.25 -71.5 4.902602598082509 16
0009 0006 1710065980628 6.5 -64.5 0.37429131224409645 16
0009 0015 1710065980629 26.0 -56.5 1.8530487917658545 16
0009 0003 1710065980630 -55.5 -77.5 5.921165841238575 16
0009 0006 1710065980873 19.5 -65.0 0.3129320807286708 16
0009 0015 1710065980873 9.75 -56.0 1.859184714917397 16
0009 0004 1710065980875 -32.5 -71.0 5.381204603902829 16
0009 0003 1710065980876 -17.6875 -77.5 5.767767762450011 16
0009 0006 1710065980877 -65.0625 -64.0 0.4724660826687775 16
0009 0015 1710065980878 -52.0625 -56.5 1.9696313316451632 16
0009 0004 1710065980879 -214.8125 -71.5 5.675728915176872 16
0009 0003 1710065980880 -8.5 -77.0 5.583690067903734 16
0009 0006 1710065980881 -35.75 -65.0 0.46019423636569234 16
0009 0015 1710065980882 3.25 -56.0 1.8223691760081417 16
0009 0004 1710065981123 14.625 -72.0 2.077009986797158 16
0009 0003 1710065981124 -9.125 -77.5 5.516194913236766 16
0009 0015 1710065981125 -19.5 -56.0 1.9205439464328227 16
0009 0006 1710065981126 -48.8125 -64.0 0.46019423636569234 16
0009 0004 1710065981127 -107.375 -71.5 5.540738605842936 16
0009 0003 1710065981128 6.0625 -77.0 5.577554144752192 16
0009 0004 1710065981129 -55.3125 -72.0 5.313709449235861 16
0009 0015 1710065981130 9.75 -56.0 1.8837284075235674 16
0009 0006 1710065981131 26.0 -65.0 0.3620194659410113 16
0009 0003 1710065981132 14.625 -77.0 5.602097837358362 16
0009 0004 1710065981372 253.875 -71.5 4.822835597112456 16
0009 0015 1710065981373 19.5 -56.5 1.8223691760081417 16
0009 0006 1710065981374 -29.25 -64.5 0.37429131224409645 16
0009 0003 1710065981375 6.0625 -77.0 5.313709449235861 16
0009 0015 1710065981376 22.75 -56.0 1.8407769454627694 16
0009 0006 1710065981377 6.5 -64.0 0.36815538909255385 16
0009 0004 1710065981378 -87.875 -71.5 5.325981295538946 16
0009 0003 1710065981379 -10.375 -77.5 5.71868037723767 16
0009 0015 1710065981634 13.0 -56.0 1.859184714917397 16
0009 0006 1710065981635 -3.25 -65.0 0.3865631585471816 16
0009 0004 1710065981636 -19.5 -72.5 5.264622064023521 16
0009 0003 1710065981637 11.5625 -77.0 5.387340527054372 16
0009 0006 1710065981638 -19.5 -64.5 0.3865631585471816 16
0009 0015 1710065981639 0.0 -56.5 1.8960002538266525 16
0009 0004 1710065981640 68.3125 -70.5 5.190990986205009 16
0009 0004 1710065981640 26.0 -72.5 2.086213871524472 16
0009 0003 1710065981641 -0.5625 -77.5 5.583690067903734 16
0009 0015 1710065981642 35.75 -56.0 1.846912868614312 16
0009 0006 1710065981643 22.75 -65.0 0.30679615757712825 16
0009 0004 1710065981644 -195.25 -72.0 5.534602682691394 16
0009 0003 1710065981645 0.5625 -77.5 5.45483568172134 16
0009 0006 1710065981871 -74.8125 -64.5 0.44178646691106466 16
0009 0015 1710065981872 29.25 -56.5 1.8285050991596843 16
0009 0004 1710065981873 -166.0 -71.5 5.6573211457222445 16
0009 0003 1710065981874 25.0 -77.5 5.393476450205914 16
0009 0015 1710065981874 29.25 -56.0 1.8346410223112268 16
0009 0004 1710065981875 -91.125 -71.0 5.424156065963627 16
0009 0006 1710065981876 52.0625 -65.0 0.2699806186678728 16
0009 0003 1710065981877 18.25 -77.5 5.375068680751287 16
0009 0006 1710065982132 -87.875 -64.5 0.521553467881118 16
0009 0015 1710065982169 22.75 -56.5 1.846912868614312 16
0009 0004 1710065982170 -198.5625 -71.5 5.651185222570702 16
0009 0003 1710065982170 -34.125 -77.5 5.620505606812989 16
0009 0006 1710065982171 -74.8125 -64.5 0.48473792897186263 16
0009 0004 1710065982171 -35.75 -71.5 5.3627968344482015 16
0009 0015 1710065982171 22.75 -56.5 1.8653206380689396 16
0009 0003 1710065982172 4.25 -77.5 5.565282298449106 16
0009 0006 1710065982172 -55.3125 -64.5 0.4356505437595221 16
0009 0015 1710065982172 -13.0 -56.0 1.8775924843720249 16
0009 0004 1710065982173 -4.875 -72.0 5.31064148766009 16
0009 0003 1710065982372 12.1875 -77.0 5.553010452146021 16
0009 0006 1710065982372 -9.75 -64.0 0.44178646691106466 16
0009 0004 1710065982373 -179.0 -72.5 5.47937937432751 16
0009 0015 1710065982374 -6.5 -56.0 1.8714565612204823 16
0009 0003 1710065982375 3.8125 -77.5 2.4175537217077703 16
0009 0015 1710065982376 9.75 -56.5 1.8530487917658545 16
0009 0006 1710065982376 0.0 -65.0 0.3436116964863836 16
0009 0004 1710065982377 39.0 -71.5 5.227806525114265 16
0009 0003 1710065982378 3.625 -77.0 5.651185222570702 16
0009 0004 1710065982621 -22.75 -72.0 5.2768939103266055 16
0009 0006 1710065982622 -58.5625 -64.5 0.3988350048502667 16
0009 0015 1710065982623 3.25 -56.5 1.859184714917397 16
0009 0003 1710065982624 -8.1875 -78.0 5.6573211457222445 16
0009 0015 1710065982624 -9.75 -56.0 1.8960002538266525 16
0009 0006 1710065982625 -6.5 -64.5 0.3374757733348411 16
0009 0004 1710065982626 -166.0 -71.5 5.522330836388308 16
0009 0003 1710065982627 -4.875 -77.5 5.64504929941916 16
0009 0015 1710065982871 9.75 -56.0 1.8407769454627694 16
0009 0006 1710065982871 -26.0 -65.0 0.4356505437595221 16
0009 0004 1710065982872 -22.75 -71.0 5.356660911296659 16
0009 0003 1710065982873 18.25 -77.5 5.405748296509 16
0009 0001 1710065982995 -3.5625 -75.5 4.074252972624263 16
0009 0001 1710065982996 2.3125 -75.5 0.662679700366597 16
0009 0001 1710065982997 -1.5625 -75.0 0.8774370106705868 16
0009 0001 1710065982998 -0.25 -75.0 0.8528933180644165 16
0009 0001 1710065982999 1.4375 -76.0 0.7976700097005334 16
0009 0001 1710065983000 1.5625 -75.5 0.7976700097005334 16
0009 0001 1710065983001 -1.25 -75.5 0.7976700097005334 16
0009 0001 1710065983002 1.875 -75.5 0.7792622402459057 16
0009 0001 1710065983002 -1.4375 -75.5 0.9203884727313847 16
0009 0001 1710065983003 0.5625 -75.5 0.8283496254582462 16
0009 0001 1710065983004 1.25 -75.5 0.9326603190344698 16
0009 0001 1710065983005 -2.5 -75.5 0.9203884727313847 16
0009 0001 1710065983006 4.5625 -75.5 0.8099418560036186 16
0009 0001 1710065983007 -1.75 -75.5 0.8651651643675016 16
0009 0001 1710065983008 -2.5 -75.5 0.8713010875190442 16
0009 0001 1710065983008 -4.6875 -75.5 0.9203884727313847 16
0009 0006 1710065983122 22.75 -64.5 0.3190680038802134 16
0009 0015 1710065983122 -19.5 -56.5 1.8775924843720249 16
0009 0004 1710065983123 91.125 -71.5 5.105088062083414 16
0009 0003 1710065983124 2.4375 -77.0 5.6143696836614465 16
0009 0001 1710065983125 -1.5625 -75.5 0.8344855486097889 16
0009 0006 1710065983125 -19.5 -64.5 0.28838838812250056 16
0009 0015 1710065983126 6.5 -56.5 1.8653206380689396 16
0009 0004 1710065983127 45.5625 -70.5 5.092816215780329 16
0009 0003 1710065983382 23.1875 -77.5 5.45483568172134 16
0009 0001 1710065983383 1.75 -75.5 0.803805932852076 16
0009 0004 1710065983383 -192.0 -71.0 5.638913376267617 16
0009 0015 1710065983384 -13.0 -56.5 1.8530487917658545 16
0009 0006 1710065983385 -19.5 -64.0 0.3988350048502667 16
0009 0003 1710065983385 2.4375 -77.0 5.546874528994478 16
0009 0001 1710065983386 5.0 -75.5 0.7240389318820226 16
0009 0004 1710065983387 65.0625 -72.0 5.240078371417351 16
0009 0006 1710065983388 -35.75 -65.0 0.4111068511533518 16
0009 0015 1710065983388 -45.5625 -56.5 1.9266798695843652 16
0009 0003 1710065983389 13.375 -77.0 5.411884219660542 16
0009 0001 1710065983621 1.4375 -75.5 0.7669903939428205 16
0009 0015 1710065983621 -3.25 -56.5 1.8714565612204823 16
0009 0006 1710065983622 19.5 -65.0 0.2761165418194154 16
0009 0004 1710065983622 -91.125 -72.0 5.43029198911517 16
0009 0003 1710065983623 -20.75 -77.5 5.724816300389213 16
0009 0001 1710065983624 -2.3125 -75.0 0.9019807032767571 16
0009 0015 1710065983625 -32.5 -56.0 1.9144080232812801 16
0009 0004 1710065983625 -159.5 -71.5 5.436427912266712 16
0009 0006 1710065983626 -91.125 -64.0 0.4479223900626072 16
0009 0003 1710065983627 38.4375 -77.5 5.424156065963627 16
0009 0001 1710065983871 -0.125 -75.0 0.8467573949128739 16
0009 0006 1710065983872 -3.25 -64.5 0.34974761963792617 16
0009 0015 1710065983873 6.5 -56.5 1.859184714917397 16
0009 0004 1710065983873 32.5 -72.0 5.105088062083414 16
0009 0003 1710065983874 -21.9375 -77.0 5.577554144752192 16
0009 0001 1710065983874 0.75 -75.0 0.8835729338221293 16
0009 0006 1710065983875 22.75 -64.5 0.30066023442558565 16
0009 0004 1710065983876 -192.0 -71.0 5.50392306693368 16
0009 0015 1710065983877 9.75 -56.5 1.859184714917397 16
0009 0003 1710065983877 4.25 -77.5 5.411884219660542 16
0009 0001 1710065984121 -0.875 -75.0 0.8283496254582462 16
0009 0006 1710065984122 -19.5 -64.5 0.35588354278946877 16
0009 0015 1710065984122 3.25 -56.5 1.8530487917658545 16
0009 0004 1710065984123 -208.3125 -71.5 5.534602682691394 16
0009 0003 1710065984124 3.625 -77.5 5.485515297479052 16
0009 0001 1710065984125 -4.25 -75.0 0.9756117810952678 16
0009 0015 1710065984125 32.5 -56.5 1.8223691760081417 16
0009 0006 1710065984126 -39.0 -64.0 0.37429131224409645 16
0009 0004 1710065984127 113.875 -71.0 5.190990986205009 16
0009 0003 1710065984128 2.4375 -77.0 5.4671075280244255 16
0009 0001 1710065984371 0.875 -75.0 0.8467573949128739 16
0009 0015 1710065984371 0.0 -56.5 1.8653206380689396 16
0009 0004 1710065984372 6.5 -71.5 5.123495831538041 16
0009 0006 1710065984373 35.75 -65.0 0.25770877236478773 16
0009 0003 1710065984373 -20.125 -77.5 5.743224069843841 16
0009 0001 1710065984374 -2.9375 -75.0 0.8651651643675016 16
0009 0015 1710065984375 6.5 -56.0 1.8407769454627694 16
0009 0004 1710065984375 152.9375 -71.0 5.092816215780329 16
0009 0006 1710065984376 61.8125 -64.5 0.2270291566070749 16
0009 0003 1710065984377 -23.75 -77.5 5.66959299202533 16
0009 0001 1710065984621 -1.4375 -75.0 0.8774370106705868 16
0009 0015 1710065984621 -32.5 -56.5 1.9266798695843652 16
0009 0004 1710065984622 110.625 -71.0 4.988505522204105 16
0009 0006 1710065984623 -42.3125 -64.0 0.36815538909255385 16
0009 0003 1710065984623 18.25 -77.0 5.387340527054372 16
0009 0001 1710065984624 -1.4375 -75.0 0.7792622402459057 16
0009 0015 1710065984625 39.0 -56.5 1.8039614065535141 16
0009 0004 1710065984625 130.1875 -71.5 5.178719139901925 16
0009 0006 1710065984626 13.0 -65.5 0.22089323345553233 16
0009 0003 1710065984627 39.0625 -77.0 5.338253141842031 16
0009 0001 1710065984875 1.75 -75.5 0.8099418560036186 16
0009 0015 1710065984876 -6.5 -56.5 1.8775924843720249 16
0009 0004 1710065984877 -9.75 -71.5 5.368932757599744 16
0009 0006 1710065984877 22.75 -64.5 0.2761165418194154 16
0009 0003 1710065984878 -4.875 -77.0 5.5284667595398505 16
0009 0001 1710065984879 -2.25 -75.0 0.9878836273983529 16
0009 0015 1710065984879 -32.5 -56.5 1.902136176978195 16
0009 0006 1710065984880 55.3125 -64.0 0.2270291566070749 16
0009 0004 1710065984881 87.875 -71.5 5.141903600992669 16
0009 0003 1710065984881 37.8125 -77.5 5.405748296509 16
0009 0001 1710065985119 3.25 -75.5 0.8344855486097889 16
0009 0006 1710065985119 -6.5 -64.5 0.37429131224409645 16
0009 0015 1710065985120 6.5 -56.5 1.8530487917658545 16
0009 0004 1710065985121 -156.1875 -73.0 5.534602682691394 16
0009 0003 1710065985121 16.4375 -77.5 5.448699758569798 16
