0000 0009 1711006305243 32.5 -67.0 1.4296700943094176 4
0000 0011 1711006305243 -19.5 -57.5 3.552699504743145 4
0000 0004 1711006305243 0.0 -60.0 4.166291819897402 4
0000 0012 1711006305244 3.25 -56.5 5.283029833478148 4
0000 0005 1711006305244 0.0 -68.0 3.724505352986337 4
0000 0015 1711006305245 61.8125 -66.0 3.399301425954581 4
0000 0013 1711006305245 -6.5 -64.0 2.9636508821950587 4
0000 0009 1711006305246 -7.3125 -68.5 1.0676506283684062 4
0000 0014 1711006305246 192.0 -69.5 5.338253141842031 4
0000 0010 1711006305247 -9.75 -59.5 0.14726215563702155 4
0000 0007 1711006305247 45.5625 -62.0 0.5092816215780329 4
0000 0008 1711006305248 84.625 -73.5 2.736621725587984 4
0000 0006 1711006305248 149.6875 -73.0 4.546719055293041 4
0000 0000 1711006305248 -182.25 -72.5 4.295146206079795 4
0000 0001 1711006305248 7.875 -77.5 5.66959299202533 4
0000 0009 1711006305390 13.8125 -68.0 1.030835089459151 4
0000 0004 1711006305390 -13.0 -60.5 3.9515345095934116 4
0000 0013 1711006305391 45.5625 -64.0 2.8286605728611223 4
0000 0014 1711006305391 100.875 -70.5 5.344389064993574 4
0000 0015 1711006305391 -6.5 -66.0 3.497476196379262 4
0000 0005 1711006305392 6.5 -67.0 3.7122335066832517 4
0000 0010 1711006305392 9.75 -59.5 6.17273869045182 4
0000 0012 1711006305392 -16.25 -56.5 5.270757987175063 4
0000 0011 1711006305392 35.75 -57.0 3.3011266555298997 4
0000 0008 1711006305393 9.75 -72.0 2.356194490192345 4
0000 0007 1711006305393 -29.25 -62.5 0.5951845456996288 4
0000 0000 1711006305393 17.0625 -73.5 3.749049045592507 4
0000 0006 1711006305394 104.125 -74.0 4.430136515413731 4
0000 0001 1711006305395 -10.625 -78.0 5.829126993965437 4
0000 0008 1711006305395 -48.8125 -72.5 2.5893595699509624 4
0000 0014 1711006305395 19.5 -70.5 5.589825991055276 4
0000 0015 1711006305396 3.25 -66.0 3.485204350076177 4
0000 0007 1711006305396 26.0 -62.5 0.5829126993965437 4
0000 0010 1711006305396 -9.75 -59.0 6.092971689481767 4
0000 0012 1711006305396 -32.5 -56.5 5.21553467881118 4
0000 0011 1711006305397 22.75 -57.5 3.2643111166206444 4
0000 0013 1711006305397 78.0625 -64.0 2.8102528034064944 4
0000 0005 1711006305397 -84.625 -67.5 3.8288160465625602 4
0000 0004 1711006305398 -6.5 -60.5 3.749049045592507 4
0000 0009 1711006305398 128.5625 -69.0 0.803805932852076 4
0000 0000 1711006305398 59.375 -72.0 3.509748042682347 4
0000 0006 1711006305491 25.625 -76.5 4.4362724385652745 4
0000 0001 1711006305492 10.625 -78.0 5.3627968344482015 4
0000 0011 1711006305649 9.75 -57.5 3.184544115650591 4
0000 0008 1711006305650 55.3125 -71.0 2.2886993355253766 4
0000 0007 1711006305650 55.3125 -62.0 0.5460971604872883 4
0000 0010 1711006305650 35.75 -58.5 5.927301764390117 4
0000 0009 1711006305651 -55.3125 -68.0 0.9817477042468103 4
0000 0004 1711006305651 35.75 -59.5 3.5465635815916023 4
0000 0005 1711006305651 -58.5625 -67.0 3.890175278077986 4
0000 0012 1711006305651 -6.5 -56.5 5.197126909356553 4
0000 0013 1711006305652 61.8125 -64.0 2.791845033951867 4
0000 0014 1711006305652 -9.75 -71.5 5.66959299202533 4
0000 0000 1711006305652 104.125 -73.0 3.2827188860752723 4
0000 0015 1711006305653 -3.25 -67.0 3.4913402732277192 4
0000 0006 1711006305653 58.5625 -74.5 4.509903516383785 4
0000 0001 1711006305653 3.9375 -77.5 5.350524988145116 4
0000 0012 1711006305654 -13.0 -56.5 5.283029833478148 4
0000 0000 1711006305654 48.8125 -73.0 3.3747577333484107 4
0000 0004 1711006305654 19.5 -60.0 3.5465635815916023 4
0000 0011 1711006305654 0.0 -57.5 3.11091303783208 4
0000 0014 1711006305656 -224.5625 -70.5 5.9518454569962875 4
0000 0013 1711006305656 35.75 -64.0 2.804116880254952 4
0000 0010 1711006305656 -6.5 -58.5 5.970253226450915 4
0000 0007 1711006305657 -3.25 -62.5 0.5522330836388308 4
0000 0015 1711006305657 -16.25 -66.5 3.4054373491061236 4
0000 0008 1711006305657 -107.375 -72.0 2.4911847995262812 4
0000 0009 1711006305658 27.625 -69.0 0.5829126993965437 4
0000 0005 1711006305658 19.5 -67.5 3.6570101983193686 4
0000 0006 1711006305742 4.875 -75.5 4.595806440505381 4
0000 0001 1711006305742 -3.9375 -77.5 5.442563835418255 4
0000 0009 1711006305929 17.0625 -68.5 0.6565437772150544 4
0000 0004 1711006305929 -13.0 -60.0 3.5895150436524004 4
0000 0011 1711006305930 22.75 -57.5 3.0127382674073995 4
0000 0015 1711006305930 -32.5 -66.0 3.423845118560751 4
0000 0005 1711006305930 9.75 -68.0 3.6754179677739964 4
0000 0014 1711006305931 6.5 -71.0 5.546874528994478 4
0000 0010 1711006305931 29.25 -58.5 5.988660995905543 4
0000 0000 1711006305931 0.0 -72.0 3.2643111166206444 4
0000 0012 1711006305931 6.5 -56.5 5.190990986205009 4
0000 0013 1711006305932 -6.5 -63.5 2.9084275738311756 4
0000 0007 1711006305932 -13.0 -63.0 0.5460971604872883 4
0000 0008 1711006305932 55.3125 -71.0 1.9941750242513334 4
0000 0006 1711006305933 -6.6875 -76.0 4.601942363656923 4
0000 0001 1711006305933 8.1875 -78.0 5.325981295538946 4
0000 0007 1711006305933 -16.25 -63.5 0.5338253141842031 4
0000 0012 1711006305934 19.5 -56.5 5.178719139901925 4
0000 0004 1711006305934 -6.5 -60.0 3.522019888985432 4
0000 0015 1711006305934 -26.0 -67.0 3.3624858870453256 4
0000 0014 1711006305935 -156.1875 -71.0 5.6941366846315 4
0000 0008 1711006305935 42.3125 -73.0 1.9880391010997909 4
0000 0013 1711006305935 32.5 -63.0 2.8716120349219203 4
0000 0010 1711006305936 45.5625 -59.0 5.976389149602458 4
0000 0011 1711006305936 13.0 -57.5 2.9636508821950587 4
0000 0005 1711006305936 35.75 -67.5 3.4913402732277192 4
0000 0000 1711006305937 9.75 -72.5 3.1354567304382504 4
0000 0009 1711006305937 68.3125 -68.5 0.5951845456996288 4
0000 0006 1711006305937 214.8125 -73.5 4.01902966426038 4
0000 0001 1711006305998 2.125 -77.5 5.270757987175063 4
0000 0012 1711006306205 16.25 -56.5 5.105088062083414 4
0000 0011 1711006306205 45.5625 -57.0 2.9391071895888885 4
0000 0013 1711006306205 29.25 -63.0 2.8286605728611223 4
0000 0010 1711006306205 3.25 -59.5 6.086835766330224 4
0000 0015 1711006306206 -48.8125 -66.5 3.472932503773092 4
0000 0014 1711006306206 -227.8125 -71.5 5.743224069843841 4
0000 0005 1711006306206 -68.3125 -67.0 3.6017868899554855 4
0000 0004 1711006306207 22.75 -60.0 3.466796580621549 4
0000 0007 1711006306207 32.5 -63.5 0.5092816215780329 4
0000 0000 1711006306207 -16.25 -74.0 3.0495538063166547 4
0000 0009 1711006306208 48.8125 -69.0 0.5767767762450011 4
0000 0008 1711006306208 -58.5625 -73.5 2.043262409463674 4
0000 0001 1711006306208 -9.75 -77.0 5.2339424482658075 4
0000 0006 1711006306209 9.75 -76.0 4.558990901596125 4
0000 0015 1711006306209 -58.5625 -66.5 3.522019888985432 4
0000 0012 1711006306210 -65.0625 -57.0 5.184855063053467 4
0000 0004 1711006306210 0.0 -60.0 3.380893656499953 4
0000 0009 1711006306211 -6.5 -69.5 0.6810874698212247 4
0000 0007 1711006306211 3.25 -62.5 0.6810874698212247 4
0000 0011 1711006306211 -6.5 -57.5 3.06182565261974 4
0000 0013 1711006306212 29.25 -63.0 2.724349879284899 4
0000 0010 1711006306212 22.75 -59.5 5.982525072754001 4
0000 0000 1711006306212 52.0625 -73.0 3.153864499892878 4
0000 0008 1711006306213 19.5 -73.0 1.902136176978195 4
0000 0014 1711006306213 78.0625 -70.5 5.252350217720435 4
0000 0005 1711006306214 -52.0625 -68.0 3.6447383520162835 4
0000 0006 1711006306214 -26.0 -74.5 4.614214209960009 4
0000 0001 1711006306251 3.625 -77.0 2.073942025221387 4
0000 0012 1711006306471 -16.25 -56.5 5.049864753719531 4
0000 0008 1711006306471 -133.4375 -73.5 1.88986433067511 4
0000 0014 1711006306471 -94.375 -71.0 5.553010452146021 4
0000 0011 1711006306472 -22.75 -57.5 3.067961575771282 4
0000 0004 1711006306472 -29.25 -60.5 3.497476196379262 4
0000 0007 1711006306472 42.3125 -63.0 0.5951845456996288 4
0000 0010 1711006306473 -42.3125 -59.5 6.086835766330224 4
0000 0013 1711006306473 -13.0 -63.0 2.761165418194154 4
0000 0009 1711006306473 45.5625 -69.5 0.5706408530934585 4
0000 0006 1711006306473 179.0 -74.0 4.755340442445488 4
0000 0015 1711006306474 -26.0 -66.5 3.2704470397721868 4
0000 0005 1711006306474 -6.5 -67.5 3.6876898140770815 4
0000 0000 1711006306474 65.875 -73.0 2.9268353432858034 4
0000 0001 1711006306475 11.5625 -76.5 5.056000676871073 4
0000 0007 1711006306475 52.0625 -62.5 0.5829126993965437 4
0000 0012 1711006306477 -13.0 -56.5 5.019185137961818 4
0000 0010 1711006306477 16.25 -59.5 6.000932842208628 4
0000 0013 1711006306477 -26.0 -63.0 2.779573187648782 4
0000 0009 1711006306477 21.125 -69.0 0.6933593161243098 4
0000 0004 1711006306478 16.25 -60.0 3.472932503773092 4
0000 0015 1711006306478 87.875 -67.0 3.227495577711389 4
0000 0011 1711006306478 22.75 -57.5 3.0495538063166547 4
0000 0005 1711006306478 -29.25 -68.0 3.6570101983193686 4
0000 0000 1711006306478 24.375 -73.0 3.067961575771282 4
0000 0014 1711006306479 -42.3125 -72.0 5.473243451175968 4
0000 0008 1711006306479 81.375 -74.0 1.9144080232812801 4
0000 0006 1711006306479 -32.5 -75.0 4.534447208989955 4
0000 0001 1711006306493 -4.25 -76.5 2.12916533358527 4
0000 0010 1711006306708 -39.0 -59.5 6.062292073724054 4
0000 0012 1711006306708 9.75 -57.0 5.031456984264903 4
0000 0015 1711006306708 9.75 -67.0 3.356349963893783 4
0000 0008 1711006306709 266.875 -73.0 1.4542137869155878 4
0000 0004 1711006306709 6.5 -60.0 3.509748042682347 4
0000 0000 1711006306709 48.8125 -74.0 3.2888548092268146 4
0000 0011 1711006306709 26.0 -57.5 3.0802334220743677 4
0000 0005 1711006306710 21.125 -68.0 3.6386024288647407 4
0000 0013 1711006306710 -3.25 -63.0 2.761165418194154 4
0000 0009 1711006306710 -34.9375 -69.5 0.760854470791278 4
0000 0007 1711006306711 -3.25 -62.5 0.6688156235181395 4
0000 0014 1711006306711 -94.375 -72.5 5.393476450205914 4
0000 0006 1711006306711 -19.5 -74.5 4.405592822807561 4
0000 0001 1711006306712 -1.8125 -76.0 5.307573526084319 4
0000 0012 1711006306712 -9.75 -56.5 5.117359908386499 4
0000 0015 1711006306713 48.8125 -66.0 3.2765829629237295 4
0000 0011 1711006306713 -19.5 -57.5 3.160000423044421 4
0000 0005 1711006306713 -19.5 -67.0 3.6876898140770815 4
0000 0007 1711006306714 -6.5 -62.5 0.7117670855789375 4
0000 0010 1711006306714 -19.5 -59.5 6.068427996875596 4
0000 0013 1711006306714 16.25 -63.0 2.84706834231575 4
0000 0004 1711006306715 26.0 -60.0 3.4913402732277192 4
0000 0009 1711006306715 41.5 -69.5 0.6258641614573416 4
0000 0006 1711006306715 16.25 -74.5 4.2092432819582 4
0000 0008 1711006306716 48.8125 -74.5 1.8960002538266525 4
0000 0000 1711006306716 19.5 -74.0 3.2581751934691017 4
0000 0014 1711006306750 12.8125 -73.5 5.375068680751287 4
0000 0001 1711006306751 -7.3125 -76.0 5.424156065963627 4
0000 0015 1711006306993 -13.0 -65.5 3.3502140407422405 4
0000 0013 1711006306993 22.75 -63.0 2.7857091108003242 4
0000 0004 1711006306993 13.0 -59.5 3.485204350076177 4
0000 0012 1711006306994 9.75 -56.5 5.141903600992669 4
0000 0007 1711006306994 6.5 -62.5 0.7363107781851077 4
0000 0011 1711006306994 -6.5 -57.5 3.172272269347506 4
0000 0010 1711006306995 0.0 -59.5 6.031612457966341 4
0000 0005 1711006306995 29.25 -67.5 3.6692820446224537 4
0000 0009 1711006306995 97.625 -70.0 0.47860200582032003 4
0000 0008 1711006306996 -74.8125 -74.0 1.932815792735908 4
0000 0000 1711006306996 22.75 -72.5 3.1906800388021335 4
0000 0006 1711006306996 20.125 -76.0 4.442408361716817 4
0000 0001 1711006306996 1.8125 -76.0 5.534602682691394 4
0000 0014 1711006306997 2.4375 -73.0 5.522330836388308 4
0000 0004 1711006306997 -13.0 -59.0 3.5711072741977725 4
0000 0000 1711006306997 -128.5625 -72.0 3.454524734318464 4
0000 0009 1711006306998 -48.8125 -71.0 0.7792622402459057 4
0000 0012 1711006306998 -13.0 -56.0 5.049864753719531 4
0000 0008 1711006306998 22.75 -73.0 1.9082721001297376 4
0000 0011 1711006306999 -45.5625 -58.0 3.2704470397721868 4
0000 0007 1711006306999 22.75 -62.5 0.7669903939428205 4
0000 0010 1711006306999 6.5 -58.5 6.013204688511713 4
0000 0013 1711006306999 16.25 -63.5 2.742757648739526 4
0000 0014 1711006307000 -97.625 -71.0 5.485515297479052 4
0000 0015 1711006307000 3.25 -66.0 3.399301425954581 4
0000 0005 1711006307001 -34.9375 -67.5 3.792000507653305 4
0000 0006 1711006307001 201.8125 -75.0 3.9699422790480394 4
0000 0001 1711006307236 -0.5625 -76.0 5.712544454086128 4
0000 0007 1711006307237 16.25 -62.0 0.8160777791551611 4
0000 0012 1711006307237 -13.0 -56.0 4.988505522204105 4
0000 0004 1711006307237 26.0 -59.0 3.6324665057131984 4
0000 0011 1711006307238 0.0 -58.0 3.184544115650591 4
0000 0015 1711006307238 52.0625 -66.5 3.423845118560751 4
0000 0010 1711006307238 35.75 -58.0 5.884350302329319 4
0000 0013 1711006307238 3.25 -63.0 2.675262494072558 4
0000 0009 1711006307239 -277.4375 -72.5 0.48473792897186263 4
0000 0005 1711006307239 -22.75 -67.0 3.9269908169872414 4
0000 0008 1711006307239 113.875 -72.5 2.018718716857504 4
0000 0014 1711006307240 -84.625 -70.5 5.5714182216006485 4
0000 0006 1711006307241 -439.4375 -75.5 5.074408446325701 4
0000 0000 1711006307241 -142.375 -72.0 3.77972866135022 4
0000 0014 1711006307241 -35.75 -70.0 5.2339424482658075 4
0000 0011 1711006307242 -9.75 -59.0 2.9820586516496865 4
0000 0004 1711006307242 3.25 -59.5 3.8533597391687304 4
0000 0012 1711006307242 -6.5 -57.0 4.792155981354743 4
0000 0006 1711006307242 -61.8125 -73.5 4.503767593232243 4
0000 0005 1711006307243 -29.25 -65.0 4.252194744018997 4
0000 0000 1711006307243 0.0 -70.0 3.877903431774901 4
0000 0013 1711006307243 -16.25 -65.0 2.693670263527186 4
0000 0007 1711006307244 9.75 -62.0 0.859029241215959 4
0000 0010 1711006307244 -16.25 -56.0 6.013204688511713 4
0000 0015 1711006307244 -29.25 -66.0 3.56497135104623 4
0000 0008 1711006307245 -159.5 -70.5 2.7120780329818137 4
0000 0009 1711006307475 1.9375 -76.5 5.45483568172134 4
0000 0004 1711006307475 -6.5 -59.5 4.049709280018092 4
0000 0011 1711006307476 -13.0 -61.5 2.2641556429192065 4
0000 0000 1711006307476 30.875 -68.0 4.129476280988146 4
0000 0012 1711006307476 9.75 -57.5 4.681709364626977 4
0000 0010 1711006307476 -16.25 -55.5 0.3436116964863836 4
0000 0015 1711006307477 29.25 -67.5 3.32567034813607 4
0000 0014 1711006307477 -48.8125 -70.0 5.485515297479052 4
0000 0005 1711006307477 -61.8125 -63.5 4.884194828627882 4
0000 0008 1711006307478 6.5 -66.5 2.435961491162398 4
0000 0013 1711006307478 68.3125 -67.0 2.3316507975861747 4
0000 0007 1711006307479 -22.75 -62.0 0.8344855486097889 4
0000 0006 1711006307479 -14.0 -77.0 5.2339424482658075 4
0000 0011 1711006307479 71.5625 -66.0 1.4480778637640452 4
0000 0008 1711006307479 -29.25 -61.0 2.9206994201342606 4
0000 0014 1711006307479 -110.625 -68.0 5.221670601962723 4
0000 0012 1711006307480 6.5 -58.5 4.0987966652304335 4
0000 0007 1711006307480 13.0 -61.5 0.7792622402459057 4
0000 0015 1711006307480 -42.3125 -68.0 3.018874190558942 4
0000 0010 1711006307481 -26.0 -55.5 5.8659425328746915 4
0000 0000 1711006307481 -42.3125 -63.5 5.098952138931871 4
0000 0005 1711006307481 26.0 -64.5 5.460971604872882 4
0000 0004 1711006307482 9.75 -59.5 4.025165587411922 4
0000 0013 1711006307716 3.1875 -73.0 4.595806440505381 4
0000 0012 1711006307717 26.0 -59.5 2.804116880254952 4
0000 0015 1711006307717 -9.75 -67.5 2.730485802436441 4
0000 0014 1711006307717 -58.5625 -66.5 5.2339424482658075 4
0000 0000 1711006307718 -32.5 -61.5 5.884350302329319 4
0000 0008 1711006307718 0.0 -56.5 3.160000423044421 4
0000 0004 1711006307718 0.0 -60.0 3.6017868899554855 4
0000 0007 1711006307718 32.5 -63.0 0.16566992509164924 4
0000 0010 1711006307719 -42.3125 -57.0 4.792155981354743 4
0000 0013 1711006307719 12.1875 -71.5 4.589670517353839 4
0000 0011 1711006307719 -15.8125 -74.0 0.16566992509164924 4
0000 0008 1711006307720 0.0 -57.0 3.031146036862027 4
0000 0015 1711006307720 -58.5625 -69.5 2.9022916506796332 4
0000 0007 1711006307720 -94.375 -68.0 5.638913376267617 4
0000 0012 1711006307720 35.75 -59.0 2.5709518004963345 4
0000 0014 1711006307721 0.0 -67.0 4.9823695990525625 4
0000 0010 1711006307721 0.0 -58.0 4.411728745959104 4
0000 0013 1711006307721 130.1875 -68.0 1.0185632431560658 4
0000 0004 1711006307722 22.75 -61.5 3.2397674240144743 4
0000 0000 1711006307722 -55.3125 -63.0 5.424156065963627 4
0000 0011 1711006307723 -52.0625 -71.0 5.816855147662351 4
0000 0005 1711006307872 -1.1875 -70.5 0.5399612373357456 4
0000 0006 1711006307872 -4.1875 -77.5 0.5399612373357456 4
0000 0002 1711006307872 -4.0 -77.5 0.7792622402459057 4
0000 0000 1711006307873 -48.8125 -63.5 5.338253141842031 4
0000 0011 1711006307873 -126.9375 -71.5 4.693981210930062 4
0000 0008 1711006307873 74.8125 -63.0 1.423534171157875 4
0000 0014 1711006307874 -48.8125 -67.0 5.006913291658733 4
0000 0012 1711006307874 19.5 -59.5 2.7550294950426117 4
0000 0005 1711006307874 6.5 -63.5 2.9268353432858034 4
0000 0007 1711006307875 214.8125 -69.0 2.2212041808584084 4
0000 0004 1711006307875 -6.5 -64.0 2.3930100291016 4
0000 0013 1711006307875 -68.3125 -66.5 0.7853981633974483 4
0000 0010 1711006307875 -6.5 -60.5 4.184699589352029 4
0000 0015 1711006307876 -214.8125 -70.0 3.454524734318464 4
0000 0002 1711006307876 10.9375 -76.0 0.6565437772150544 4
0000 0006 1711006307876 -5.4375 -76.0 0.5031456984264903 4
0000 0008 1711006307992 32.5 -56.5 5.123495831538041 4
0000 0013 1711006307993 -55.3125 -66.0 0.9940195505498954 4
0000 0005 1711006307993 32.5 -61.0 2.5280003384355365 4
0000 0012 1711006307993 29.25 -61.5 2.705942109830271 4
0000 0010 1711006307994 39.0 -65.0 3.9085830475326135 4
0000 0007 1711006307994 -58.5625 -66.0 1.184233168247715 4
0000 0004 1711006307994 -26.0 -66.0 2.141437179888355 4
0000 0011 1711006307994 -94.375 -71.0 3.172272269347506 4
0000 0014 1711006307995 71.5625 -67.0 4.988505522204105 4
0000 0000 1711006307995 -30.875 -66.5 4.577398671050753 4
0000 0006 1711006307995 35.75 -71.0 3.4177091954092087 4
0000 0002 1711006307996 -22.75 -69.5 4.1417481272912315 4
0000 0001 1711006308207 -1.8125 -76.0 5.289165756629691 4
0000 0007 1711006308207 26.0 -64.0 0.5154175447295755 4
0000 0008 1711006308207 -26.0 -52.5 4.675573441475434 4
0000 0006 1711006308208 58.5625 -70.5 3.3379421944391554 4
0000 0002 1711006308208 -156.1875 -70.0 4.417864669110647 4
0000 0013 1711006308208 42.3125 -65.0 2.2641556429192065 4
0000 0005 1711006308209 9.75 -62.5 2.4911847995262812 4
0000 0014 1711006308209 -133.4375 -68.5 5.436427912266712 4
0000 0012 1711006308209 -16.25 -70.5 1.8530487917658545 4
0000 0010 1711006308209 -9.75 -71.5 3.890175278077986 4
0000 0011 1711006308210 -32.5 -72.5 1.8100973297050567 4
0000 0004 1711006308210 -9.125 -73.5 4.3074180523828804 4
0000 0006 1711006308210 -26.0 -68.5 3.2704470397721868 4
0000 0007 1711006308211 6.5 -63.5 0.1595340019401067 4
0000 0014 1711006308211 -65.0625 -69.0 5.325981295538946 4
0000 0008 1711006308211 9.75 -54.0 4.546719055293041 4
0000 0013 1711006308211 22.75 -63.5 2.435961491162398 4
0000 0005 1711006308212 58.5625 -63.5 2.2457478734645786 4
0000 0012 1711006308250 9.125 -72.5 4.884194828627882 4
0000 0002 1711006308251 19.5 -76.0 3.3195344249845276 4
0000 0003 1711006308493 7.3125 -78.0 4.7307967498393175 4
0000 0004 1711006308493 -6.125 -75.0 4.558990901596125 4
0000 0010 1711006308493 2.5625 -75.5 3.9269908169872414 4
0000 0014 1711006308494 9.75 -69.0 5.381204603902829 4
0000 0008 1711006308495 0.0 -53.0 4.620350133111551 4
0000 0007 1711006308495 0.0 -64.0 0.20248546400090464 4
0000 0013 1711006308495 130.1875 -63.5 2.3193789512830896 4
0000 0005 1711006308495 0.0 -63.5 2.2641556429192065 4
0000 0006 1711006308496 -42.3125 -67.5 3.5465635815916023 4
0000 0012 1711006308496 -3.25 -71.5 5.108156023659185 4
0000 0000 1711006308496 2.125 -74.5 1.2026409377023426 4
0000 0004 1711006308497 7.3125 -75.5 1.2333205534600555 4
0000 0002 1711006308497 -1.1875 -75.5 0.7792622402459057 4
0000 0010 1711006308498 0.25 -73.5 0.8283496254582462 4
0000 0013 1711006308743 19.5 -63.5 2.552544031041707 4
0000 0007 1711006308743 3.25 -64.5 0.5522330836388308 4
0000 0008 1711006308743 -6.5 -52.5 4.718524903536232 4
0000 0006 1711006308743 -13.0 -67.0 3.816544200259475 4
0000 0005 1711006308744 9.75 -63.0 2.1537090261914402 4
0000 0000 1711006308744 -7.3125 -71.0 4.767612288748572 4
0000 0012 1711006308744 -78.0625 -69.5 2.2150682577068657 4
0000 0010 1711006308744 84.625 -70.0 3.816544200259475 4
0000 0014 1711006308745 81.375 -69.0 5.43029198911517 4
0000 0002 1711006308745 -123.6875 -74.5 4.111068511533518 4
0000 0011 1711006308745 42.6875 -73.0 1.4603497100671303 4
0000 0004 1711006308746 -15.8125 -74.0 1.1167380135807468 4
0000 0005 1711006308891 -29.25 -63.0 1.932815792735908 4
0000 0013 1711006308891 6.5 -62.5 2.5709518004963345 4
0000 0007 1711006308891 32.5 -65.0 0.2761165418194154 4
0000 0002 1711006308891 -32.5 -72.0 4.0987966652304335 4
0000 0008 1711006308892 -19.5 -52.5 4.73693267299086 4
0000 0006 1711006308892 6.5 -67.5 3.890175278077986 4
0000 0004 1711006308892 -3.25 -71.0 4.166291819897402 4
0000 0014 1711006308893 -78.0625 -69.0 5.773903685601553 4
0000 0012 1711006308893 -9.75 -69.5 2.1475731030398975 4
0000 0000 1711006308893 104.125 -71.0 4.632621979414636 4
0000 0010 1711006308893 -58.5625 -70.0 4.0128937411088375 4
0000 0011 1711006308894 117.125 -70.5 1.2578642460662257 4
0000 0011 1711006308895 -6.5 -69.5 1.4910293258248433 4
0000 0007 1711006308895 -58.5625 -64.5 0.2699806186678728 4
0000 0012 1711006308895 55.3125 -68.0 1.3437671701878218 4
0000 0000 1711006308896 -104.125 -70.5 5.154175447295755 4
0000 0006 1711006308896 -29.25 -68.0 4.01902966426038 4
0000 0008 1711006308896 -26.0 -51.5 5.062136600022616 4
0000 0014 1711006308897 -146.4375 -71.5 6.025476534814799 4
0000 0005 1711006308897 9.75 -64.0 2.12916533358527 4
0000 0013 1711006308897 -16.25 -62.5 2.748893571891069 4
0000 0010 1711006308897 -19.5 -69.0 4.037437433715008 4
0000 0002 1711006308898 26.0 -73.5 4.399456899656019 4
0000 0004 1711006308898 -81.375 -69.0 4.565126824747668 4
0000 0001 1711006308992 0.25 -77.5 1.2578642460662257 4
0000 0011 1711006309161 -61.8125 -69.0 1.7426021750380885 4
0000 0008 1711006309161 -6.5 -51.5 5.135767677841127 4
0000 0007 1711006309161 0.0 -65.0 0.1718058482431918 4
0000 0012 1711006309162 29.25 -67.0 1.6689710972195777 4
0000 0013 1711006309162 -19.5 -63.0 2.7979809571034093 4
0000 0006 1711006309162 -107.375 -68.0 4.196971435655114 4
0000 0014 1711006309163 113.875 -71.0 5.5100589900852235 4
0000 0004 1711006309163 6.5 -68.5 4.399456899656019 4
0000 0005 1711006309164 26.0 -64.5 2.0923497946760143 4
0000 0010 1711006309164 32.5 -69.0 4.184699589352029 4
0000 0000 1711006309164 -65.875 -69.5 5.166447293598839 4
0000 0002 1711006309165 35.75 -71.5 4.706253057233147 4
0000 0001 1711006309166 0.0 -76.5 1.4542137869155878 4
0000 0004 1711006309166 -39.0 -68.0 4.6878452877785195 4
0000 0000 1711006309167 29.25 -71.0 5.252350217720435 4
0000 0010 1711006309167 29.25 -69.5 4.264466590322082 4
0000 0008 1711006309167 3.25 -52.0 5.21553467881118 4
0000 0002 1711006309167 -175.75 -72.0 5.013049214810275 4
0000 0014 1711006309168 -32.5 -71.5 5.681864838328415 4
0000 0011 1711006309168 81.375 -68.5 1.8285050991596843 4
0000 0007 1711006309168 -58.5625 -65.0 0.5031456984264903 4
0000 0006 1711006309169 -71.5625 -67.0 4.270602513473625 4
0000 0005 1711006309169 -24.375 -65.0 2.3746022596469727 4
0000 0013 1711006309169 -9.75 -62.5 2.82252464970958 4
0000 0012 1711006309170 68.3125 -67.5 1.7978254834019713 4
0000 0001 1711006309408 2.125 -76.5 4.638757902566179 4
0000 0008 1711006309408 -22.75 -52.0 5.307573526084319 4
0000 0014 1711006309409 120.4375 -70.5 5.448699758569798 4
0000 0011 1711006309409 -42.3125 -69.5 1.8714565612204823 4
0000 0012 1711006309409 74.8125 -68.0 1.5892040962495242 4
0000 0005 1711006309409 26.0 -65.0 2.5893595699509624 4
0000 0006 1711006309410 -9.75 -67.0 4.227651051412827 4
0000 0004 1711006309410 -22.75 -67.5 4.841243366567084 4
0000 0007 1711006309410 13.0 -65.5 0.4908738521234052 4
0000 0013 1711006309411 32.5 -63.5 2.9575149590435164 4
0000 0002 1711006309411 -175.75 -71.5 5.209398755659637 4
0000 0010 1711006309411 -100.875 -68.5 4.479223900626073 4
0000 0000 1711006309412 -13.8125 -71.5 5.45483568172134 4
0000 0014 1711006309412 6.5 -72.5 2.4605051837685683 4
0000 0013 1711006309412 -9.75 -63.5 3.074097498922825 4
0000 0004 1711006309412 45.5625 -67.5 4.73693267299086 4
0000 0010 1711006309413 9.75 -69.0 4.399456899656019 4
0000 0005 1711006309413 45.5625 -64.0 2.5770877236478773 4
0000 0006 1711006309413 -78.0625 -66.5 4.509903516383785 4
0000 0012 1711006309414 -35.75 -68.5 1.7978254834019713 4
0000 0008 1711006309414 -16.25 -52.5 5.418020142812084 4
0000 0007 1711006309414 26.0 -65.5 0.5706408530934585 4
0000 0011 1711006309415 78.0625 -69.0 1.8039614065535141 4
0000 0000 1711006309415 -260.375 -72.0 6.000932842208628 4
0000 0002 1711006309415 -94.375 -72.0 5.227806525114265 4
0000 0014 1711006309501 -15.25 -73.0 5.638913376267617 4
0000 0013 1711006309645 3.25 -63.5 3.147728576741336 4
0000 0000 1711006309645 -65.0625 -74.0 5.491651220630596 4
0000 0004 1711006309645 16.25 -66.5 4.884194828627882 4
0000 0008 1711006309645 9.75 -52.5 5.460971604872882 4
0000 0006 1711006309646 -133.4375 -67.0 4.516039439535327 4
0000 0011 1711006309646 -74.8125 -69.0 2.1353012567368124 4
0000 0010 1711006309646 -9.75 -68.5 4.460816131171445 4
0000 0005 1711006309647 42.3125 -63.5 2.761165418194154 4
0000 0007 1711006309648 3.25 -65.0 0.7792622402459057 4
0000 0012 1711006309648 -91.125 -68.0 1.8714565612204823 4
0000 0002 1711006309648 32.5 -71.5 4.95168998329485 4
0000 0014 1711006309648 -9.125 -73.0 5.522330836388308 4
0000 0006 1711006309649 19.5 -66.5 4.221515128261284 4
0000 0011 1711006309649 42.3125 -70.0 1.8775924843720249 4
0000 0004 1711006309649 35.75 -67.5 4.8351074434155406 4
0000 0010 1711006309650 -123.6875 -69.5 4.755340442445488 4
0000 0013 1711006309650 9.75 -63.5 3.0495538063166547 4
0000 0007 1711006309650 -22.75 -65.0 0.8651651643675016 4
0000 0012 1711006309650 78.0625 -68.0 1.6198837120072371 4
0000 0002 1711006309651 -45.5625 -72.0 4.816699673960914 4
0000 0005 1711006309651 6.5 -63.5 2.8409324191642074 4
0000 0008 1711006309651 -39.0 -52.5 5.5714182216006485 4
0000 0000 1711006309652 13.8125 -73.0 5.688000761479957 4
0000 0014 1711006309751 23.1875 -73.0 2.270291566070749 4
0000 0010 1711006309878 -166.0 -69.0 4.693981210930062 4
0000 0007 1711006309879 13.0 -64.5 0.8897088569736719 4
0000 0008 1711006309879 -6.5 -52.5 5.5100589900852235 4
0000 0004 1711006309879 -32.5 -68.0 4.871922982324796 4
0000 0002 1711006309879 32.5 -73.5 4.9394181369917645 4
0000 0013 1711006309880 -3.25 -64.0 3.08636934522591 4
0000 0005 1711006309880 35.75 -63.0 2.9145634969827183 4
0000 0011 1711006309880 -65.0625 -69.5 2.1659808724945253 4
0000 0012 1711006309881 -81.375 -68.0 1.8653206380689396 4
0000 0006 1711006309881 78.0625 -67.5 4.252194744018997 4
0000 0000 1711006309881 61.8125 -72.0 5.307573526084319 4
0000 0014 1711006309882 34.125 -73.0 2.2580197197676637 4
0000 0008 1711006309882 -13.0 -52.0 5.540738605842936 4
0000 0004 1711006309882 -61.8125 -68.5 4.963961829597935 4
0000 0013 1711006309882 16.25 -63.5 3.06182565261974 4
0000 0006 1711006309883 -78.0625 -67.5 4.411728745959104 4
0000 0007 1711006309883 -55.3125 -64.0 1.0185632431560658 4
0000 0010 1711006309883 -208.3125 -69.0 4.773748211900116 4
0000 0000 1711006309884 -42.3125 -74.0 5.583690067903734 4
0000 0011 1711006309884 74.8125 -69.5 1.9266798695843652 4
0000 0005 1711006309884 38.1875 -63.5 2.8838838812250054 4
0000 0012 1711006309884 71.5625 -69.0 1.6198837120072371 4
0000 0002 1711006309885 -81.375 -72.5 4.908738521234052 4
0000 0014 1711006309989 -53.6875 -72.5 5.537670644267164 4
