0000 0001 1710492137129 45.5625 -69.0 5.780039608753096 13
0000 0006 1710492137129 -3.25 -63.5 1.0676506283684062 13
0000 0007 1710492137130 22.75 -59.5 6.135923151542564 13
0000 0013 1710492137130 -6.5 -60.5 5.5284667595398505 13
0000 0012 1710492137131 39.0 -59.5 0.30066023442558565 13
0000 0010 1710492137131 39.0 -62.0 5.589825991055276 13
0000 0009 1710492137132 -13.8125 -54.5 4.92714629068868 13
0000 0011 1710492137132 -3.25 -53.0 5.344389064993574 13
0000 0008 1710492137132 16.25 -53.5 2.337786720737717 13
0000 0004 1710492137133 6.5 -52.5 1.368310862793992 13
0000 0005 1710492137134 -3.25 -55.5 3.1661363461959633 13
0000 0000 1710492137134 -29.25 -60.5 3.822680123411018 13
0000 0015 1710492137134 35.75 -67.0 3.5281558121369745 13
0000 0003 1710492137135 -4.875 -74.0 5.387340527054372 13
0000 0002 1710492137135 3.625 -78.0 5.197126909356553 13
0000 0008 1710492137135 -3.25 -53.5 2.325514874434632 13
0000 0000 1710492137136 -3.25 -60.5 3.785864584501762 13
0000 0011 1710492137136 6.5 -53.0 5.264622064023521 13
0000 0014 1710492137137 29.25 -66.5 0.01227184630308513 13
0000 0015 1710492137137 35.75 -68.0 3.5036121195308043 13
0000 0004 1710492137137 9.75 -53.0 1.3744467859455345 13
0000 0009 1710492137138 -41.5 -55.0 4.878058905476339 13
0000 0001 1710492137138 -9.75 -69.0 5.890486225480862 13
0000 0013 1710492137139 -32.5 -60.0 5.50392306693368 13
0000 0006 1710492137140 13.0 -63.0 1.0737865515199487 13
0000 0012 1710492137140 3.25 -58.5 0.2945243112740431 13
0000 0007 1710492137141 16.25 -59.0 6.013204688511713 13
0000 0005 1710492137141 13.0 -55.5 3.0495538063166547 13
0000 0010 1710492137141 -35.75 -62.5 5.6941366846315 13
0000 0003 1710492137230 23.1875 -74.0 5.123495831538041 13
0000 0002 1710492137230 -16.4375 -77.5 5.258486140871978 13
0000 0014 1710492137289 58.5625 -66.0 6.227961998815704 13
0000 0005 1710492137289 22.75 -55.5 2.9636508821950587 13
0000 0004 1710492137290 6.5 -53.0 1.3744467859455345 13
0000 0012 1710492137290 -9.75 -59.5 0.28838838812250056 13
0000 0013 1710492137290 22.75 -60.0 5.399612373357457 13
0000 0007 1710492137291 9.75 -59.5 5.964117303299373 13
0000 0006 1710492137291 19.5 -63.5 0.9817477042468103 13
0000 0009 1710492137291 -48.8125 -55.0 4.859651136021712 13
0000 0011 1710492137292 9.75 -53.0 5.209398755659637 13
0000 0010 1710492137292 -48.8125 -62.5 5.64504929941916 13
0000 0008 1710492137293 -19.5 -53.5 2.3009711818284617 13
0000 0015 1710492137293 -139.9375 -67.5 3.718369429834794 13
0000 0001 1710492137294 -100.875 -70.0 6.007068765360171 13
0000 0000 1710492137294 -13.8125 -60.5 3.706097583531709 13
0000 0003 1710492137294 0.5625 -73.5 5.227806525114265 13
0000 0002 1710492137295 27.4375 -78.0 5.086680292628786 13
0000 0004 1710492137411 6.5 -53.0 1.3744467859455345 13
0000 0007 1710492137411 -22.75 -59.5 5.982525072754001 13
0000 0015 1710492137412 -55.3125 -67.5 3.6079228131070282 13
0000 0000 1710492137412 -29.25 -60.5 3.7429131224409646 13
0000 0012 1710492137412 22.75 -59.5 0.23930100291016002 13
0000 0013 1710492137412 9.75 -60.0 5.442563835418255 13
0000 0005 1710492137413 -19.5 -55.5 3.018874190558942 13
0000 0006 1710492137413 9.75 -63.0 1.000155473701438 13
0000 0014 1710492137413 -13.0 -66.5 6.264777537724958 13
0000 0008 1710492137414 -16.25 -53.5 2.282563412373834 13
0000 0010 1710492137414 -9.75 -62.5 5.583690067903734 13
0000 0001 1710492137414 -61.8125 -69.0 5.915029918087033 13
0000 0011 1710492137415 6.5 -53.0 5.21553467881118 13
0000 0009 1710492137415 -52.0625 -55.0 4.890330751779424 13
0000 0002 1710492137415 -5.4375 -77.5 5.301437602932776 13
0000 0003 1710492137416 8.5 -74.0 5.098952138931871 13
0000 0009 1710492137549 -17.0625 -55.0 4.853515212870168 13
0000 0010 1710492137549 -13.0 -62.5 5.64504929941916 13
0000 0006 1710492137549 9.75 -63.0 0.9940195505498954 13
0000 0014 1710492137550 -52.0625 -66.0 0.006135923151542565 13
0000 0005 1710492137550 -3.25 -55.5 3.055689729468197 13
0000 0015 1710492137550 -45.5625 -67.0 3.5465635815916023 13
0000 0013 1710492137551 -52.0625 -60.0 5.491651220630596 13
0000 0000 1710492137551 -9.75 -60.5 3.6999616603801666 13
0000 0012 1710492137551 -9.75 -59.0 0.30066023442558565 13
0000 0008 1710492137552 -16.25 -53.0 2.313243028131547 13
0000 0004 1710492137552 26.0 -52.5 1.325359400733194 13
0000 0011 1710492137552 9.75 -53.0 5.240078371417351 13
0000 0001 1710492137553 9.75 -69.5 5.872078456026235 13
0000 0007 1710492137553 26.0 -59.5 5.988660995905543 13
0000 0003 1710492137553 -5.4375 -73.5 5.313709449235861 13
0000 0002 1710492137554 24.375 -77.5 5.043728830567988 13
0000 0000 1710492137674 -58.5625 -60.0 3.792000507653305 13
0000 0012 1710492137674 -26.0 -59.0 0.3620194659410113 13
0000 0011 1710492137675 0.0 -53.0 5.313709449235861 13
0000 0015 1710492137675 -48.8125 -68.0 3.5895150436524004 13
0000 0013 1710492137675 3.25 -59.5 5.448699758569798 13
0000 0008 1710492137676 0.0 -53.0 2.350058567040802 13
0000 0009 1710492137676 -7.3125 -54.5 4.853515212870168 13
0000 0007 1710492137676 0.0 -59.5 6.111379458936394 13
0000 0005 1710492137677 16.25 -56.0 3.098641191528995 13
0000 0010 1710492137677 22.75 -62.5 5.546874528994478 13
0000 0014 1710492137677 32.5 -67.0 6.191146459906448 13
0000 0004 1710492137678 22.75 -53.0 1.3314953238847365 13
0000 0006 1710492137678 19.5 -62.5 0.944932165337555 13
0000 0001 1710492137678 166.0 -70.0 5.565282298449106 13
0000 0003 1710492137679 -6.6875 -74.0 5.418020142812084 13
0000 0002 1710492137679 -9.75 -78.0 5.197126909356553 13
0000 0009 1710492137815 -41.5 -54.5 4.92714629068868 13
0000 0005 1710492137815 0.0 -55.5 3.2029518851052186 13
0000 0012 1710492137816 -29.25 -59.0 0.37429131224409645 13
0000 0013 1710492137816 -26.0 -60.0 5.5284667595398505 13
0000 0007 1710492137816 9.75 -60.0 6.22182607566416 13
0000 0011 1710492137817 -19.5 -53.5 5.393476450205914 13
0000 0014 1710492137817 61.8125 -66.5 6.007068765360171 13
0000 0004 1710492137817 13.0 -53.0 1.325359400733194 13
0000 0006 1710492137818 -13.0 -63.5 1.0676506283684062 13
0000 0008 1710492137818 0.0 -52.5 2.399145952253143 13
0000 0010 1710492137818 -29.25 -62.0 5.638913376267617 13
0000 0015 1710492137819 100.875 -67.5 3.4913402732277192 13
0000 0000 1710492137819 -3.25 -60.5 3.749049045592507 13
0000 0001 1710492137819 -48.8125 -69.5 5.939573610693203 13
0000 0003 1710492137820 10.375 -73.5 5.473243451175968 13
0000 0002 1710492137820 -40.25 -77.5 5.3198453723874035 13
0000 0011 1710492137930 13.0 -53.5 5.375068680751287 13
0000 0012 1710492137930 16.25 -59.0 0.3436116964863836 13
0000 0000 1710492137930 13.8125 -60.0 3.730641276137879 13
0000 0014 1710492137931 -26.0 -67.0 6.215690152512618 13
0000 0006 1710492137931 58.5625 -63.0 0.8958447801252144 13
0000 0007 1710492137931 16.25 -60.0 0.02454369260617026 13
0000 0009 1710492137932 -45.5625 -54.5 4.92714629068868 13
0000 0008 1710492137932 -19.5 -52.5 2.429825568010856 13
0000 0013 1710492137932 -42.3125 -60.0 5.534602682691394 13
0000 0004 1710492137933 29.25 -53.0 1.282407938672396 13
0000 0005 1710492137933 -10.5625 -56.0 3.3195344249845276 13
0000 0010 1710492137933 -6.5 -62.0 5.602097837358362 13
0000 0015 1710492137934 100.875 -68.0 3.4054373491061236 13
0000 0001 1710492137934 -58.5625 -69.0 6.019340611663256 13
0000 0002 1710492137934 -380.8125 -75.5 5.835262917116979 13
0000 0003 1710492137935 -26.0 -74.0 5.648117260994931 13
0000 0004 1710492138067 16.25 -52.5 1.3008157081270237 13
0000 0006 1710492138067 6.5 -63.5 1.000155473701438 13
0000 0008 1710492138067 0.0 -52.0 2.405281875404685 13
0000 0003 1710492138067 -52.0625 -73.5 2.730485802436441 13
0000 0005 1710492138068 -9.75 -56.0 3.3440781175906977 13
0000 0015 1710492138068 -3.25 -68.0 3.5895150436524004 13
0000 0000 1710492138068 6.5 -60.0 3.773592738198677 13
0000 0013 1710492138069 -19.5 -59.5 5.5284667595398505 13
0000 0010 1710492138069 29.25 -62.5 5.559146375297564 13
0000 0007 1710492138069 -3.25 -60.5 0.03681553890925539 13
0000 0009 1710492138070 -38.1875 -54.5 4.921010367537137 13
0000 0011 1710492138070 -13.0 -53.5 5.45483568172134 13
0000 0012 1710492138070 26.0 -59.0 0.36815538909255385 13
0000 0014 1710492138071 71.5625 -66.0 6.043884304269426 13
0000 0001 1710492138071 -113.875 -70.0 6.068427996875596 13
0000 0002 1710492138071 -27.4375 -77.0 5.184855063053467 13
0000 0009 1710492138193 -7.3125 -54.5 4.902602598082509 13
0000 0010 1710492138193 9.75 -62.0 5.608233760509904 13
0000 0007 1710492138194 3.25 -60.0 0.04295146206079795 13
0000 0003 1710492138194 -146.4375 -72.5 2.7550294950426117 13
0000 0004 1710492138194 9.75 -53.0 1.3130875544301088 13
0000 0015 1710492138194 6.5 -68.0 3.5711072741977725 13
0000 0008 1710492138195 3.25 -52.0 2.3930100291016 13
0000 0011 1710492138195 -13.0 -53.5 5.460971604872882 13
0000 0001 1710492138196 6.5 -68.5 5.945709533844745 13
0000 0000 1710492138196 -13.8125 -60.5 3.792000507653305 13
0000 0005 1710492138196 -29.25 -56.0 3.380893656499953 13
0000 0006 1710492138197 3.25 -63.0 1.0615147052168636 13
0000 0014 1710492138197 -68.3125 -66.0 6.252505691421874 13
0000 0013 1710492138197 -42.3125 -60.5 5.577554144752192 13
0000 0012 1710492138198 13.0 -58.5 0.380427235395639 13
0000 0002 1710492138198 1.1875 -77.0 5.203262832508095 13
0000 0008 1710492138322 13.0 -52.0 2.3930100291016 13
0000 0014 1710492138322 3.25 -66.0 6.154330920997192 13
0000 0015 1710492138322 6.5 -68.0 3.497476196379262 13
0000 0005 1710492138323 9.75 -56.0 3.3195344249845276 13
0000 0012 1710492138323 35.75 -59.0 0.36815538909255385 13
0000 0007 1710492138323 -29.25 -60.0 0.09817477042468103 13
0000 0004 1710492138324 13.0 -53.0 1.2946797849754812 13
0000 0006 1710492138324 35.75 -63.0 1.0737865515199487 13
0000 0000 1710492138325 10.5625 -60.0 3.730641276137879 13
0000 0013 1710492138325 -16.25 -60.5 5.516194913236766 13
0000 0001 1710492138326 19.5 -69.0 5.884350302329319 13
0000 0003 1710492138326 45.5625 -73.0 2.2150682577068657 13
0000 0009 1710492138326 0.0 -54.5 4.859651136021712 13
0000 0011 1710492138327 -13.0 -53.5 5.4671075280244255 13
0000 0010 1710492138327 -32.5 -62.5 5.6941366846315 13
0000 0002 1710492138327 0.5625 -77.0 5.190990986205009 13
0000 0005 1710492138447 7.3125 -56.0 3.3072625786814425 13
0000 0010 1710492138447 -29.25 -62.0 5.712544454086128 13
0000 0008 1710492138447 -6.5 -51.5 2.405281875404685 13
0000 0007 1710492138448 9.75 -60.5 0.02454369260617026 13
0000 0012 1710492138448 10.5625 -59.0 0.4479223900626072 13
0000 0004 1710492138448 29.25 -53.0 1.325359400733194 13
0000 0009 1710492138449 -27.625 -54.5 4.896466674930966 13
0000 0000 1710492138449 -32.5 -60.0 3.792000507653305 13
0000 0013 1710492138449 16.25 -60.0 5.5284667595398505 13
0000 0011 1710492138450 -29.25 -53.5 5.47937937432751 13
0000 0003 1710492138450 -117.125 -72.5 2.773437264497239 13
0000 0014 1710492138450 48.8125 -65.5 6.135923151542564 13
0000 0001 1710492138451 -100.875 -69.0 6.025476534814799 13
0000 0015 1710492138451 -32.5 -67.5 3.5833791205008576 13
0000 0006 1710492138451 19.5 -63.0 1.1474176293384597 13
0000 0002 1710492138452 0.0 -77.0 5.148039524144211 13
0000 0014 1710492138552 9.75 -66.5 6.166602767300278 13
0000 0009 1710492138553 10.5625 -54.5 4.865787059173254 13
0000 0008 1710492138553 6.5 -52.0 2.405281875404685 13
0000 0011 1710492138553 -16.25 -53.5 5.50392306693368 13
0000 0000 1710492138554 -16.25 -60.5 3.785864584501762 13
0000 0004 1710492138554 13.0 -53.0 1.3928545554001621 13
0000 0015 1710492138554 32.5 -66.5 3.472932503773092 13
0000 0006 1710492138555 35.75 -63.5 1.1965050145508 13
0000 0013 1710492138555 9.75 -60.0 5.516194913236766 13
0000 0005 1710492138555 -19.5 -56.0 3.3318062712876126 13
0000 0010 1710492138556 -84.625 -62.0 5.792311455056181 13
0000 0001 1710492138556 3.25 -69.0 5.994796919057086 13
0000 0012 1710492138556 13.8125 -58.5 0.4356505437595221 13
0000 0007 1710492138557 -13.0 -60.0 0.018407769454627694 13
0000 0002 1710492138557 390.5625 -74.5 4.792155981354743 13
0000 0003 1710492138557 4.0625 -73.5 2.4697090684958822 13
0000 0014 1710492138690 146.4375 -66.5 6.050020227420969 13
0000 0010 1710492138690 -39.0 -61.5 5.829126993965437 13
0000 0009 1710492138690 -17.0625 -54.5 4.9394181369917645 13
0000 0007 1710492138690 -6.5 -60.0 0.05522330836388308 13
0000 0005 1710492138691 17.0625 -55.5 3.2888548092268146 13
0000 0011 1710492138691 -16.25 -54.0 5.5100589900852235 13
0000 0012 1710492138691 9.75 -59.0 0.4970097752749477 13
0000 0015 1710492138692 -16.25 -67.5 3.5588354278946874 13
0000 0008 1710492138692 -22.75 -52.5 2.466641106920111 13
0000 0004 1710492138692 9.75 -53.0 1.4173982480063325 13
0000 0000 1710492138693 19.5 -60.5 3.77972866135022 13
0000 0001 1710492138693 -74.8125 -69.0 6.129787228391022 13
0000 0006 1710492138693 29.25 -63.0 1.227184630308513 13
0000 0013 1710492138694 -32.5 -60.0 5.626641529964532 13
0000 0002 1710492138694 -169.25 -74.0 5.356660911296659 13
0000 0003 1710492138694 9.125 -74.0 5.577554144752192 13
0000 0015 1710492138815 -16.25 -68.0 3.5772431973493153 13
0000 0006 1710492138815 13.0 -63.0 1.141281706186917 13
0000 0008 1710492138815 16.25 -53.0 2.386874105950058 13
0000 0012 1710492138816 39.0 -59.5 0.521553467881118 13
0000 0000 1710492138816 16.25 -60.5 3.834951969714103 13
0000 0011 1710492138816 13.0 -53.5 5.350524988145116 13
0000 0009 1710492138817 -10.5625 -54.5 4.878058905476339 13
0000 0001 1710492138817 -3.25 -70.0 6.080699843178682 13
0000 0004 1710492138817 22.75 -53.0 1.3437671701878218 13
0000 0005 1710492138817 13.0 -55.5 3.3870295796514958 13
0000 0007 1710492138818 48.8125 -60.0 0.01227184630308513 13
0000 0010 1710492138818 26.0 -63.5 5.651185222570702 13
0000 0013 1710492138818 -55.3125 -59.5 5.638913376267617 13
0000 0014 1710492138819 -26.0 -67.0 6.209554229361076 13
0000 0003 1710492138819 7.3125 -73.5 5.71868037723767 13
0000 0002 1710492138819 6.6875 -77.5 5.332117218690489 13
0000 0006 1710492138957 -16.25 -62.5 0.1902136176978195 13
0000 0011 1710492138957 3.25 -54.5 4.246058820867455 13
0000 0001 1710492138957 113.875 -70.0 5.988660995905543 13
0000 0013 1710492138958 -13.0 -60.0 5.246214294568893 13
0000 0007 1710492138958 -9.75 -57.5 5.994796919057086 13
0000 0004 1710492138958 -3.25 -53.0 1.0983302441261191 13
0000 0000 1710492138959 -65.0625 -60.0 4.061981126321178 13
0000 0008 1710492138959 0.0 -52.5 2.055534255766759 13
0000 0005 1710492138959 3.25 -55.5 3.3195344249845276 13
0000 0009 1710492138960 -24.375 -52.0 4.491495746929157 13
0000 0014 1710492138960 -39.0 -66.5 6.1420590746941075 13
0000 0003 1710492138960 -110.625 -72.5 2.9759227284981438 13
0000 0012 1710492138961 -16.25 -62.5 0.619728238305799 13
0000 0015 1710492138961 -104.125 -68.5 3.6140587362585705 13
0000 0002 1710492138961 1.625 -75.0 5.62357356838876 13
0000 0010 1710492138962 -9.125 -72.5 5.006913291658733 13
0000 0014 1710492139063 -22.75 -66.0 6.129787228391022 13
0000 0011 1710492139063 3.25 -66.0 3.06182565261974 13
0000 0015 1710492139063 -159.5 -69.0 3.724505352986337 13
0000 0008 1710492139064 -3.25 -53.5 0.1902136176978195 13
0000 0004 1710492139064 -9.75 -53.5 6.043884304269426 13
0000 0012 1710492139064 -45.5625 -69.0 0.5767767762450011 13
0000 0007 1710492139064 -22.75 -57.5 4.608078286808466 13
0000 0009 1710492139065 -45.5625 -55.0 3.2459033471660166 13
0000 0000 1710492139065 -3.25 -61.0 3.2336315008629315 13
0000 0010 1710492139065 13.0 -58.0 0.25770877236478773 13
0000 0006 1710492139066 0.0 -56.0 3.552699504743145 13
0000 0005 1710492139066 3.25 -54.5 2.6139032625571326 13
0000 0001 1710492139066 -29.25 -72.5 5.7616318392984684 13
0000 0013 1710492139067 -52.0625 -68.5 5.6573211457222445 13
0000 0003 1710492139067 6.5 -70.0 1.9082721001297376 13
0000 0002 1710492139068 67.5 -75.5 5.151107485719983 13
0000 0008 1710492139229 -26.0 -51.5 3.8840393549264434 13
0000 0015 1710492139230 61.8125 -70.5 3.693825737228624 13
0000 0005 1710492139230 -13.0 -60.0 0.6994952392758523 13
0000 0004 1710492139230 16.25 -55.5 4.0987966652304335 13
0000 0010 1710492139231 3.25 -56.5 4.454680208019902 13
0000 0006 1710492139231 26.0 -57.0 1.8775924843720249 13
0000 0013 1710492139231 -35.75 -62.5 0.006135923151542565 13
0000 0014 1710492139231 97.625 -67.5 0.09817477042468103 13
0000 0001 1710492139232 19.5 -72.5 4.921010367537137 13
0000 0003 1710492139232 -45.5625 -68.5 0.14112623248547898 13
0000 0000 1710492139232 9.75 -60.0 1.1228739367322893 13
0000 0007 1710492139233 117.125 -70.5 0.4111068511533518 13
0000 0012 1710492139233 159.5 -70.0 1.5155730184310134 13
0000 0009 1710492139233 -8.9375 -66.5 1.1965050145508 13
0000 0010 1710492139411 -52.0625 -65.0 3.718369429834794 13
0000 0012 1710492139411 6.5 -65.5 2.8409324191642074 13
0000 0009 1710492139411 3.25 -57.5 1.8346410223112268 13
0000 0013 1710492139412 16.25 -62.5 0.36815538909255385 13
0000 0000 1710492139412 -69.125 -62.0 5.460971604872882 13
0000 0006 1710492139412 -6.5 -63.0 4.503767593232243 13
0000 0008 1710492139413 -6.5 -53.5 1.4173982480063325 13
0000 0007 1710492139413 -9.75 -61.0 4.190835512503572 13
0000 0014 1710492139413 19.5 -67.5 0.2086213871524472 13
0000 0005 1710492139414 -62.625 -57.0 3.9392626632903265 13
0000 0004 1710492139414 -19.5 -58.0 1.380582709097077 13
0000 0015 1710492139414 -19.5 -70.5 4.025165587411922 13
0000 0003 1710492139415 -52.0625 -69.0 3.9515345095934116 13
0000 0000 1710492139415 22.75 -62.5 3.466796580621549 13
0000 0009 1710492139415 17.0625 -55.0 0.5645049299419159 13
0000 0008 1710492139416 0.0 -54.5 6.019340611663256 13
0000 0014 1710492139416 68.3125 -68.0 0.1227184630308513 13
0000 0004 1710492139416 3.25 -60.5 0.07976700097005335 13
0000 0012 1710492139417 -29.25 -62.5 3.160000423044421 13
0000 0003 1710492139417 -65.0625 -68.5 2.509592568980909 13
0000 0005 1710492139417 13.0 -57.5 2.705942109830271 13
0000 0013 1710492139418 35.75 -58.0 1.2210487071569704 13
0000 0007 1710492139418 -55.3125 -60.5 3.411573272257666 13
0000 0006 1710492139418 -32.5 -59.5 3.147728576741336 13
0000 0015 1710492139420 -13.0 -68.5 4.399456899656019 13
0000 0002 1710492139479 -4.25 -78.5 5.056000676871073 13
0000 0008 1710492139665 6.5 -53.5 6.013204688511713 13
0000 0009 1710492139665 -7.3125 -54.5 0.36815538909255385 13
0000 0015 1710492139665 -39.0 -68.0 4.3933209765044765 13
0000 0012 1710492139666 7.3125 -60.0 3.1661363461959633 13
0000 0000 1710492139666 7.3125 -61.0 2.804116880254952 13
0000 0003 1710492139666 -6.5 -68.0 2.030990563160589 13
0000 0013 1710492139667 -16.25 -58.0 1.423534171157875 13
0000 0006 1710492139667 -6.5 -59.0 2.9575149590435164 13
0000 0007 1710492139667 -78.0625 -62.0 3.4054373491061236 13
0000 0005 1710492139667 22.75 -57.0 2.4175537217077703 13
0000 0004 1710492139668 -32.5 -60.0 5.841398840268521 13
0000 0014 1710492139668 0.8125 -74.0 0.19634954084936207 13
0000 0002 1710492139668 1.8125 -75.5 4.239922897715912 13
0000 0003 1710492139669 -13.0 -68.0 1.1535535524900022 13
0000 0009 1710492139669 -7.3125 -54.5 6.264777537724958 13
0000 0008 1710492139669 -13.0 -53.5 5.387340527054372 13
0000 0004 1710492139670 -3.25 -60.0 5.240078371417351 13
0000 0015 1710492139670 -100.875 -67.0 4.448544284868359 13
0000 0007 1710492139670 -9.75 -62.5 2.9759227284981438 13
0000 0006 1710492139671 9.75 -58.5 2.5157284921324514 13
0000 0000 1710492139671 3.25 -60.0 2.073942025221387 13
0000 0013 1710492139671 9.75 -57.0 1.4480778637640452 13
0000 0005 1710492139672 39.0 -57.0 1.736466251886546 13
0000 0012 1710492139672 22.75 -59.5 3.0372819600135696 13
0000 0014 1710492139731 21.125 -74.5 0.1718058482431918 13
0000 0010 1710492139731 -4.875 -71.5 1.5278448647340985 13
0000 0002 1710492139732 -4.875 -75.0 3.5036121195308043 13
0000 0010 1710492139935 117.125 -69.0 4.540583132141498 13
0000 0000 1710492139936 34.9375 -60.0 1.5892040962495242 13
0000 0006 1710492139936 -6.5 -59.0 2.405281875404685 13
0000 0012 1710492139936 -29.25 -59.0 2.9820586516496865 13
0000 0015 1710492139937 45.5625 -67.0 4.111068511533518 13
0000 0013 1710492139937 26.0 -57.0 1.2885438618239387 13
0000 0009 1710492139937 -30.875 -54.0 6.037748381117884 13
0000 0005 1710492139938 10.5625 -57.5 1.3928545554001621 13
0000 0008 1710492139938 -9.75 -52.5 5.141903600992669 13
0000 0004 1710492139938 -26.0 -60.0 5.00077736850719 13
0000 0007 1710492139939 -6.5 -62.0 2.8286605728611223 13
0000 0003 1710492139939 16.25 -70.5 0.4111068511533518 13
0000 0002 1710492139939 78.0625 -73.5 3.129320807286708 13
0000 0014 1710492139940 9.75 -75.0 0.34974761963792617 13
0000 0008 1710492139940 -9.75 -52.5 4.878058905476339 13
0000 0015 1710492139940 -81.375 -66.5 4.074252972624263 13
0000 0000 1710492139941 55.3125 -59.5 1.1535535524900022 13
0000 0009 1710492139941 0.0 -53.5 5.915029918087033 13
0000 0010 1710492139941 -172.5 -70.0 4.957825906446392 13
0000 0003 1710492139941 -52.0625 -72.0 6.080699843178682 13
0000 0006 1710492139942 -6.5 -59.0 2.4175537217077703 13
0000 0013 1710492139942 29.25 -58.0 1.227184630308513 13
0000 0005 1710492139942 0.0 -58.0 0.9878836273983529 13
0000 0002 1710492139943 -110.625 -72.0 2.5157284921324514 13
0000 0004 1710492139943 0.0 -60.5 4.804427827657828 13
0000 0007 1710492139944 29.25 -63.0 2.448233337465483 13
0000 0012 1710492139944 39.0 -59.0 2.724349879284899 13
0000 0014 1710492140172 1.5 -76.5 0.5460971604872883 13
0000 0006 1710492140173 71.5625 -59.5 2.2764274892222915 13
0000 0008 1710492140173 -29.25 -52.5 4.755340442445488 13
0000 0000 1710492140173 13.0 -59.5 0.9203884727313847 13
0000 0007 1710492140173 -26.0 -63.0 2.380738182798515 13
0000 0004 1710492140174 32.5 -60.0 4.516039439535327 13
0000 0012 1710492140174 13.8125 -59.5 2.7857091108003242 13
0000 0009 1710492140174 -17.0625 -53.0 5.835262917116979 13
0000 0013 1710492140175 48.8125 -58.0 1.1903690913992575 13
0000 0005 1710492140175 9.75 -58.5 0.6320000846088841 13
0000 0003 1710492140175 9.75 -70.5 5.5284667595398505 13
0000 0015 1710492140176 6.5 -67.0 4.031301510563465 13
0000 0002 1710492140176 35.75 -74.5 2.4911847995262812 13
0000 0010 1710492140176 17.0625 -71.5 4.64182586414195 13
0000 0001 1710492140177 -14.9375 -79.5 2.8777479580734626 13
0000 0014 1710492140178 4.6875 -76.0 0.7485826244881929 13
0000 0000 1710492140240 0.0 -60.5 0.7792622402459057 13
0000 0004 1710492140240 -55.3125 -59.5 4.509903516383785 13
0000 0008 1710492140240 13.0 -52.0 4.516039439535327 13
0000 0013 1710492140241 0.0 -58.5 1.2640001692177683 13
0000 0009 1710492140241 -27.625 -53.0 5.773903685601553 13
0000 0006 1710492140241 9.75 -59.5 2.350058567040802 13
0000 0005 1710492140242 -9.75 -58.0 0.3620194659410113 13
0000 0012 1710492140242 -9.75 -59.5 2.730485802436441 13
0000 0007 1710492140242 22.75 -62.5 2.073942025221387 13
0000 0015 1710492140243 55.3125 -66.5 3.8963112012295285 13
0000 0003 1710492140243 -22.75 -71.5 5.307573526084319 13
0000 0011 1710492140243 -7.875 -73.5 1.6321555583103222 13
0000 0001 1710492140244 1.1875 -77.5 5.491651220630596 13
0000 0010 1710492140244 -0.5625 -72.0 1.3560390164909069 13
0000 0014 1710492140471 1.4375 -76.5 0.8467573949128739 13
0000 0008 1710492140472 -26.0 -52.0 4.466952054322987 13
0000 0007 1710492140472 26.0 -62.0 2.024854640009046 13
0000 0006 1710492140472 32.5 -59.5 2.270291566070749 13
0000 0004 1710492140473 22.75 -60.5 4.147884050442774 13
0000 0013 1710492140473 -26.0 -59.0 1.282407938672396 13
0000 0015 1710492140473 -29.25 -66.5 3.9392626632903265 13
0000 0009 1710492140474 -45.5625 -52.5 5.71868037723767 13
0000 0002 1710492140474 123.6875 -75.0 1.7855536370988863 13
0000 0003 1710492140474 39.0 -72.0 5.123495831538041 13
0000 0000 1710492140475 -7.3125 -60.5 0.6381360077604268 13
0000 0005 1710492140475 0.0 -58.0 0.34974761963792617 13
0000 0012 1710492140475 55.3125 -59.5 2.6875343403756435 13
0000 0001 1710492140476 12.8125 -77.5 5.45483568172134 13
0000 0011 1710492140476 0.875 -74.0 4.884194828627882 13
0000 0014 1710492140476 4.5625 -76.0 0.7485826244881929 13
0000 0010 1710492140477 -0.625 -73.0 4.319689898685965 13
0000 0012 1710492140640 16.25 -60.0 2.724349879284899 13
0000 0007 1710492140641 -45.5625 -62.5 2.086213871524472 13
0000 0006 1710492140641 32.5 -59.5 2.2457478734645786 13
0000 0015 1710492140641 -32.5 -67.0 4.025165587411922 13
0000 0003 1710492140641 126.9375 -72.5 4.9394181369917645 13
0000 0009 1710492140642 0.0 -52.5 5.66959299202533 13
0000 0013 1710492140642 6.5 -59.5 1.2333205534600555 13
0000 0002 1710492140642 -146.4375 -73.5 2.0371264863121317 13
0000 0008 1710492140643 -16.25 -52.0 4.405592822807561 13
0000 0004 1710492140643 19.5 -61.0 3.9699422790480394 13
0000 0005 1710492140643 32.5 -57.5 0.25157284921324513 13
0000 0000 1710492140644 21.125 -60.5 0.4908738521234052 13
0000 0001 1710492140644 -9.125 -77.0 5.442563835418255 13
0000 0011 1710492140644 -3.0 -74.0 4.945554060143307 13
0000 0014 1710492140645 3.375 -76.5 0.7853981633974483 13
0000 0012 1710492140645 13.0 -60.0 2.6813984172241008 13
0000 0000 1710492140645 32.5 -61.0 0.4724660826687775 13
0000 0013 1710492140646 42.3125 -59.5 1.2210487071569704 13
0000 0002 1710492140646 -97.625 -74.5 1.6260196351587797 13
0000 0008 1710492140646 0.0 -52.0 4.3933209765044765 13
0000 0005 1710492140647 -24.375 -58.0 0.32520392703175593 13
0000 0007 1710492140647 -39.0 -62.0 2.1353012567368124 13
0000 0006 1710492140648 29.25 -59.5 2.227340104009951 13
0000 0009 1710492140648 -21.125 -53.0 5.712544454086128 13
0000 0004 1710492140649 -3.25 -60.5 3.9638063558964967 13
0000 0015 1710492140649 -45.5625 -67.0 3.9760782021995817 13
0000 0003 1710492140649 -159.5 -71.0 5.344389064993574 13
0000 0011 1710492140739 6.6875 -73.5 4.914874444385594 13
0000 0001 1710492140740 -1.1875 -77.0 2.2396119503130363 13
0000 0014 1710492140888 1.25 -76.0 0.8344855486097889 13
0000 0000 1710492140889 -35.75 -61.0 0.521553467881118 13
0000 0015 1710492140889 9.75 -67.0 3.9515345095934116 13
0000 0004 1710492140889 26.0 -60.5 3.902447124381071 13
0000 0009 1710492140890 -48.8125 -53.0 5.755495916146925 13
0000 0006 1710492140890 -13.0 -59.5 2.3316507975861747 13
0000 0003 1710492140891 -221.3125 -72.0 5.209398755659637 13
0000 0008 1710492140891 -6.5 -52.0 4.4362724385652745 13
0000 0007 1710492140892 0.0 -63.0 2.0923497946760143 13
0000 0013 1710492140892 16.25 -59.5 1.2517283229146832 13
0000 0005 1710492140892 -3.25 -58.0 0.28838838812250056 13
0000 0012 1710492140893 -29.25 -60.0 2.761165418194154 13
0000 0002 1710492140893 48.8125 -73.0 1.8346410223112268 13
0000 0001 1710492140893 -4.25 -77.5 5.418020142812084 13
0000 0011 1710492140894 10.375 -73.5 5.129631754689584 13
0000 0014 1710492140894 -0.25 -76.5 0.8528933180644165 13
0000 0007 1710492140980 42.3125 -62.5 2.0800779483729293 13
0000 0004 1710492140981 16.25 -60.5 3.847223816017188 13
0000 0000 1710492140981 29.25 -60.5 0.9142525495798421 13
0000 0009 1710492140981 0.0 -53.0 5.675728915176872 13
0000 0005 1710492140982 7.3125 -58.0 0.2638446955163303 13
0000 0013 1710492140982 19.5 -59.5 1.214912784005428 13
0000 0012 1710492140982 26.0 -59.5 2.6998061866787286 13
0000 0006 1710492140983 65.0625 -60.0 2.2457478734645786 13
0000 0008 1710492140983 6.5 -52.0 4.424000592262189 13
0000 0015 1710492140983 -39.0 -66.0 3.9944859716542096 13
0000 0003 1710492140983 68.3125 -72.5 4.896466674930966 13
0000 0002 1710492140984 156.1875 -73.0 1.761009944492716 13
0000 0011 1710492140984 11.5625 -74.0 5.160311370447297 13
0000 0001 1710492140984 12.1875 -77.0 5.344389064993574 13
0000 0014 1710492141159 4.0 -76.5 0.6565437772150544 13
0000 0005 1710492141159 -7.3125 -58.0 0.28838838812250056 13
0000 0012 1710492141159 22.75 -59.5 2.705942109830271 13
0000 0007 1710492141160 -32.5 -62.0 2.12916533358527 13
0000 0013 1710492141160 3.25 -59.0 1.2578642460662257 13
0000 0000 1710492141160 -7.3125 -60.5 1.012427320004523 13
0000 0009 1710492141161 -17.0625 -53.0 5.712544454086128 13
0000 0006 1710492141161 6.5 -59.5 2.325514874434632 13
0000 0004 1710492141161 13.0 -60.5 3.933126740138784 13
0000 0008 1710492141162 -13.0 -52.0 4.479223900626073 13
0000 0003 1710492141162 -87.875 -72.0 5.037592907416445 13
0000 0002 1710492141162 -39.0 -74.5 2.030990563160589 13
0000 0015 1710492141163 71.5625 -66.5 3.822680123411018 13
0000 0001 1710492141163 3.625 -77.0 2.3009711818284617 13
0000 0011 1710492141163 -6.6875 -73.5 5.080544369477243 13
0000 0014 1710492141164 -0.9375 -76.0 0.8651651643675016 13
0000 0015 1710492141229 -117.125 -67.0 4.129476280988146 13
0000 0013 1710492141230 16.25 -59.5 1.2087768608538851 13
0000 0012 1710492141230 35.75 -59.5 2.6998061866787286 13
0000 0000 1710492141230 13.8125 -60.0 0.9572040116406401 13
0000 0008 1710492141230 -6.5 -52.0 4.485359823777615 13
0000 0007 1710492141231 39.0 -62.0 2.067806102069844 13
0000 0006 1710492141231 3.25 -59.5 2.3623304133438876 13
0000 0009 1710492141231 -21.125 -53.0 5.724816300389213 13
0000 0003 1710492141232 175.75 -71.5 5.013049214810275 13
0000 0004 1710492141232 -16.25 -60.5 3.988350048502667 13
0000 0005 1710492141232 -9.75 -58.0 0.25770877236478773 13
0000 0002 1710492141233 26.8125 -75.0 1.7763497523715726 13
0000 0011 1710492141233 4.25 -73.5 5.190990986205009 13
0000 0001 1710492141233 25.0 -77.5 2.098485717827557 13
0000 0014 1710492141480 -0.9375 -76.0 0.7363107781851077 13
0000 0006 1710492141480 -39.0 -60.0 2.399145952253143 13
0000 0013 1710492141480 -6.5 -59.5 1.2762720155208536 13
0000 0004 1710492141480 -52.0625 -60.0 4.086524818927348 13
0000 0005 1710492141481 -10.5625 -57.5 0.2454369260617026 13
0000 0007 1710492141481 -13.0 -62.5 2.0800779483729293 13
0000 0015 1710492141481 -29.25 -66.5 4.000621894805752 13
0000 0008 1710492141482 -16.25 -52.0 4.546719055293041 13
0000 0009 1710492141482 -3.25 -53.0 5.724816300389213 13
0000 0012 1710492141482 13.0 -59.5 2.718213956133356 13
0000 0002 1710492141483 -39.0 -75.0 1.9512235621905356 13
0000 0000 1710492141483 -27.625 -60.5 1.1106020904292042 13
0000 0003 1710492141483 -42.3125 -72.0 5.105088062083414 13
0000 0011 1710492141484 -19.5 -73.5 5.178719139901925 13
0000 0001 1710492141484 -15.8125 -77.5 5.45483568172134 13
0000 0014 1710492141727 -5.1875 -75.5 0.9387962421860124 13
0000 0007 1710492141728 39.0 -62.5 1.9941750242513334 13
0000 0015 1710492141728 -9.75 -67.5 3.9699422790480394 13
0000 0003 1710492141728 -42.3125 -72.0 5.393476450205914 13
0000 0000 1710492141729 -13.0 -60.0 1.030835089459151 13
0000 0004 1710492141729 -39.0 -60.5 4.09266074207889 13
0000 0009 1710492141729 -7.3125 -53.5 5.724816300389213 13
0000 0008 1710492141730 6.5 -52.0 4.552854978444583 13
0000 0006 1710492141730 29.25 -60.0 2.337786720737717 13
0000 0005 1710492141730 -16.25 -58.0 0.2761165418194154 13
0000 0013 1710492141731 22.75 -59.5 1.2455923997631406 13
0000 0012 1710492141731 -19.5 -59.5 2.767301341345697 13
0000 0002 1710492141731 130.1875 -74.5 1.6260196351587797 13
0000 0001 1710492141732 -7.3125 -77.5 5.608233760509904 13
0000 0011 1710492141732 -12.8125 -73.5 5.154175447295755 13
0000 0014 1710492141732 -6.125 -76.0 0.9756117810952678 13
0000 0009 1710492141901 -27.625 -53.5 5.7616318392984684 13
0000 0007 1710492141902 19.5 -62.0 1.9819031779482483 13
0000 0012 1710492141902 19.5 -60.0 2.6691265709210157 13
0000 0015 1710492141902 -6.5 -67.0 3.890175278077986 13
0000 0000 1710492141903 19.5 -60.5 0.9633399347921826 13
0000 0013 1710492141903 32.5 -59.5 1.2333205534600555 13
0000 0004 1710492141903 6.5 -60.5 4.006757817957295 13
0000 0003 1710492141904 -136.6875 -71.5 5.368932757599744 13
0000 0005 1710492141904 0.0 -58.0 0.21475731030398976 13
0000 0008 1710492141904 9.75 -52.0 4.516039439535327 13
0000 0006 1710492141904 9.75 -60.0 2.313243028131547 13
0000 0001 1710492141905 218.0625 -74.5 2.1905245651006955 13
0000 0002 1710492141905 136.6875 -74.0 1.7671458676442586 13
0000 0011 1710492141905 13.375 -73.5 2.0371264863121317 13
0000 0014 1710492141906 2.125 -76.5 0.8160777791551611 13
0000 0005 1710492141906 16.25 -58.0 0.21475731030398976 13
0000 0012 1710492141906 35.75 -59.5 2.6691265709210157 13
0000 0000 1710492141907 -3.25 -60.5 0.9817477042468103 13
0000 0006 1710492141907 -6.5 -60.0 2.356194490192345 13
0000 0004 1710492141907 0.0 -60.5 3.9576704327449543 13
0000 0009 1710492141908 -10.5625 -53.0 5.706408530934585 13
0000 0007 1710492141908 39.0 -62.0 2.012582793705961 13
0000 0008 1710492141908 13.0 -52.0 4.473087977474529 13
0000 0013 1710492141909 19.5 -59.5 1.2210487071569704 13
0000 0015 1710492141909 29.25 -67.0 3.9392626632903265 13
0000 0003 1710492141910 26.0 -73.0 5.221670601962723 13
0000 0002 1710492141910 42.3125 -74.5 1.6137477888556946 13
0000 0001 1710492141975 27.4375 -76.5 2.2580197197676637 13
0000 0011 1710492141975 3.625 -73.5 1.846912868614312 13
