0000 0011 1711008664860 42.3125 -66.0 4.344233591292136 8
0000 0012 1711008664861 -22.75 -59.5 5.123495831538041 8
0000 0007 1711008664861 -32.5 -70.5 2.552544031041707 8
0000 0015 1711008664862 9.75 -66.0 0.8528933180644165 8
0000 0005 1711008664863 -8.9375 -70.0 5.421088104387856 8
0000 0007 1711008664863 -29.25 -70.0 3.2459033471660166 8
0000 0012 1711008664863 -6.5 -60.0 5.013049214810275 8
0000 0015 1711008664864 -55.3125 -66.0 0.9265243958829272 8
0000 0004 1711008664864 -104.125 -71.0 2.1046216409791 8
0000 0011 1711008664864 -45.5625 -68.5 4.73693267299086 8
0000 0005 1711008664865 -30.875 -68.5 5.688000761479957 8
0000 0004 1711008664865 74.8125 -70.5 1.8407769454627694 8
0000 0015 1711008664866 45.5625 -67.0 0.7915340865489908 8
0000 0007 1711008664866 -19.5 -69.5 3.466796580621549 8
0000 0012 1711008664866 -3.25 -59.5 4.804427827657828 8
0000 0005 1711008664867 45.5625 -68.5 5.540738605842936 8
0000 0011 1711008664877 -17.4375 -71.5 4.878058905476339 8
0000 0015 1711008665128 71.5625 -66.5 0.8344855486097889 8
0000 0012 1711008665128 -29.25 -59.5 4.914874444385594 8
0000 0007 1711008665128 55.3125 -70.0 2.8102528034064944 8
0000 0004 1711008665129 -205.0625 -69.5 2.2886993355253766 8
0000 0011 1711008665129 -22.375 -70.5 4.917942405961366 8
0000 0005 1711008665129 4.875 -71.0 5.638913376267617 8
0000 0012 1711008665130 13.0 -60.0 5.092816215780329 8
0000 0015 1711008665130 22.75 -66.5 0.8467573949128739 8
0000 0007 1711008665131 -78.0625 -70.0 2.9575149590435164 8
0000 0011 1711008665131 156.1875 -68.0 4.540583132141498 8
0000 0004 1711008665131 -58.5625 -70.0 2.098485717827557 8
0000 0005 1711008665132 11.5625 -71.0 5.559146375297564 8
0000 0007 1711008665378 16.25 -71.0 2.5280003384355365 8
0000 0015 1711008665378 146.4375 -67.5 0.6381360077604268 8
0000 0012 1711008665378 -6.5 -60.0 5.129631754689584 8
0000 0011 1711008665379 -104.125 -65.0 4.871922982324796 8
0000 0004 1711008665379 175.75 -70.5 1.6505633277649499 8
0000 0005 1711008665379 8.5 -71.0 5.368932757599744 8
0000 0011 1711008665380 13.0 -64.5 4.473087977474529 8
0000 0015 1711008665380 0.0 -66.0 0.8713010875190442 8
0000 0004 1711008665380 -42.3125 -69.0 2.1598449493429825 8
0000 0012 1711008665381 9.75 -60.0 5.21553467881118 8
0000 0007 1711008665381 159.5 -70.0 2.0493983326152168 8
0000 0005 1711008665381 3.0 -71.0 5.301437602932776 8
0000 0015 1711008665628 74.8125 -66.0 0.6872233929727672 8
0000 0004 1711008665628 26.0 -68.5 2.2457478734645786 8
0000 0012 1711008665629 -3.25 -60.0 5.491651220630596 8
0000 0011 1711008665629 42.3125 -64.5 4.368777283898306 8
0000 0007 1711008665629 -42.3125 -69.0 2.3930100291016 8
0000 0004 1711008665630 -52.0625 -68.5 2.552544031041707 8
0000 0012 1711008665630 -42.3125 -60.0 5.7616318392984684 8
0000 0011 1711008665630 -13.0 -66.0 4.81056375080937 8
0000 0007 1711008665630 -3.25 -69.0 2.429825568010856 8
0000 0015 1711008665631 -52.0625 -67.0 0.9940195505498954 8
0000 0011 1711008665631 55.3125 -65.5 5.184855063053467 8
0000 0015 1711008665631 -84.625 -69.5 1.4296700943094176 8
0000 0012 1711008665633 6.5 -59.5 5.915029918087033 8
0000 0007 1711008665633 -139.9375 -70.0 1.8714565612204823 8
0000 0014 1711008665877 -2.25 -75.0 0.36815538909255385 8
0000 0007 1711008665877 29.25 -68.0 1.2701360923693108 8
0000 0011 1711008665878 78.0625 -67.0 5.497787143782138 8
0000 0012 1711008665878 -13.0 -62.0 6.191146459906448 8
0000 0008 1711008665878 34.125 -72.0 4.721592865112004 8
0000 0012 1711008665879 -22.75 -64.0 0.3313398501832985 8
0000 0008 1711008665879 -3.25 -69.5 1.932815792735908 8
0000 0007 1711008665879 48.8125 -69.0 0.1902136176978195 8
0000 0005 1711008666127 -4.1875 -72.5 4.994641445355648 8
0000 0007 1711008666127 -253.875 -71.0 5.393476450205914 8
0000 0000 1711008666128 -224.5625 -74.0 1.9819031779482483 8
0000 0012 1711008666128 -29.25 -63.5 0.04908738521234052 8
0000 0006 1711008666128 -39.0 -68.5 6.160466844148735 8
0000 0005 1711008666129 23.5625 -70.0 1.6566992509164924 8
0000 0008 1711008666129 -2.5625 -74.0 5.884350302329319 8
0000 0005 1711008666129 84.625 -67.0 1.4296700943094176 8
0000 0012 1711008666130 65.875 -63.5 0.5338253141842031 8
0000 0000 1711008666130 159.5 -74.5 2.313243028131547 8
0000 0007 1711008666377 1.5 -73.5 1.1596894756415448 8
0000 0011 1711008666377 -0.125 -71.0 0.11658253987930872 8
0000 0012 1711008666378 -9.75 -64.0 1.2946797849754812 8
0000 0005 1711008666378 -38.1875 -66.0 1.4726215563702154 8
0000 0011 1711008666378 -26.0 -68.0 3.4054373491061236 8
0000 0007 1711008666379 -1.125 -74.5 5.246214294568893 8
0000 0007 1711008666379 -94.375 -71.5 5.5714182216006485 8
0000 0011 1711008666379 3.25 -63.5 4.381049130201391 8
0000 0012 1711008666380 26.0 -63.0 2.2089323345553233 8
0000 0010 1711008666628 -0.25 -72.5 6.17273869045182 8
0000 0004 1711008666628 9.125 -79.0 4.331961744989051 8
0000 0007 1711008666628 19.5 -70.0 2.6875343403756435 8
0000 0011 1711008666628 35.75 -63.0 6.080699843178682 8
0000 0012 1711008666629 6.5 -60.0 2.5341362615870793 8
0000 0010 1711008666629 -94.375 -69.5 0.380427235395639 8
0000 0000 1711008666630 -0.5625 -79.0 4.724660826687775 8
0000 0007 1711008666631 -48.8125 -69.0 2.8654761117703775 8
0000 0011 1711008666631 19.5 -63.0 2.4605051837685683 8
0000 0006 1711008666631 -58.5625 -70.5 0.7485826244881929 8
0000 0008 1711008666632 16.25 -71.5 5.890486225480862 8
0000 0009 1711008666632 12.1875 -77.0 5.602097837358362 8
0000 0005 1711008666633 2.125 -68.0 0.34974761963792617 8
0000 0005 1711008666877 -3.25 -64.0 1.736466251886546 8
0000 0011 1711008666877 -45.5625 -70.5 5.724816300389213 8
0000 0014 1711008666878 1.25 -71.5 0.6320000846088841 8
0000 0006 1711008666878 -3.6875 -74.0 1.5707963267948966 8
0000 0014 1711008666878 -19.5 -66.0 0.25770877236478773 8
0000 0006 1711008666879 39.0625 -72.0 5.568350260024878 8
0000 0013 1711008667016 1.4375 -72.0 1.932815792735908 8
0000 0011 1711008667016 0.25 -72.5 0.859029241215959 8
0000 0012 1711008667016 4.375 -74.0 4.6448938257177215 8
0000 0004 1711008667017 1.125 -70.5 0.1043106935762236 8
0000 0008 1711008667017 5.0 -73.0 1.184233168247715 8
0000 0000 1711008667017 0.125 -75.5 1.0369710126106935 8
0000 0014 1711008667018 110.625 -65.5 3.6876898140770815 8
0000 0015 1711008667018 -35.75 -70.5 3.6570101983193686 8
0000 0011 1711008667018 32.5 -66.0 4.608078286808466 8
0000 0012 1711008667019 -120.4375 -71.5 2.9636508821950587 8
0000 0004 1711008667019 -84.625 -66.0 0.16566992509164924 8
0000 0007 1711008667019 -205.0625 -72.0 2.478912953223196 8
0000 0009 1711008667020 -69.125 -71.5 1.227184630308513 8
0000 0000 1711008667020 58.5625 -74.5 1.0983302441261191 8
0000 0013 1711008667021 17.875 -70.0 5.936505649117431 8
0000 0006 1711008667021 9.125 -74.0 6.209554229361076 8
0000 0015 1711008667127 100.875 -68.5 3.902447124381071 8
0000 0014 1711008667128 32.5 -62.0 1.086058397823034 8
0000 0011 1711008667128 -19.5 -60.5 6.264777537724958 8
0000 0004 1711008667128 19.5 -63.0 0.36815538909255385 8
0000 0013 1711008667128 -6.5 -65.5 3.9576704327449543 8
0000 0009 1711008667129 -239.25 -72.0 2.8286605728611223 8
0000 0006 1711008667129 0.0 -70.0 2.650718801466388 8
0000 0000 1711008667378 40.6875 -73.5 1.4664856332186729 8
0000 0012 1711008667378 -9.75 -76.0 0.607456392002714 8
0000 0010 1711008667379 1.8125 -73.0 5.043728830567988 8
0000 0005 1711008667379 2.5625 -74.0 4.289010282928253 8
0000 0011 1711008667379 26.0 -60.0 1.7916895602504288 8
0000 0013 1711008667380 16.25 -62.5 4.76147636559703 8
0000 0004 1711008667380 -16.25 -67.5 1.748738098189631 8
0000 0014 1711008667381 120.4375 -67.5 3.1784081924990484 8
0000 0012 1711008667381 94.375 -72.5 1.945087639038993 8
0000 0000 1711008667381 19.5 -75.0 1.1228739367322893 8
0000 0005 1711008667382 -27.625 -71.5 5.313709449235861 8
0000 0009 1711008667382 4.375 -75.5 0.8897088569736719 8
0000 0013 1711008667495 -65.0625 -64.5 5.829126993965437 8
0000 0011 1711008667495 -13.0 -67.5 4.104932588381976 8
0000 0004 1711008667495 -3.25 -67.5 3.522019888985432 8
0000 0014 1711008667496 16.25 -68.5 5.675728915176872 8
0000 0007 1711008667496 -39.0 -70.0 4.442408361716817 8
0000 0009 1711008667496 -59.375 -69.5 2.6200391857086753 8
0000 0012 1711008667497 -19.5 -69.5 3.552699504743145 8
0000 0010 1711008667497 20.3125 -70.0 1.6045439041283807 8
0000 0000 1711008667497 0.0 -77.5 4.859651136021712 8
0000 0009 1711008667498 78.0625 -69.5 4.362641360746763 8
0000 0013 1711008667498 -87.875 -65.5 2.448233337465483 8
0000 0010 1711008667498 29.25 -64.0 1.3744467859455345 8
0000 0011 1711008667499 39.0 -68.0 2.0371264863121317 8
0000 0004 1711008667499 52.0625 -60.5 0.44178646691106466 8
0000 0012 1711008667499 -104.125 -69.5 4.933282213840222 8
0000 0015 1711008667500 -61.8125 -67.5 4.71238898038469 8
0000 0000 1711008667628 18.875 -79.0 0.9878836273983529 8
0000 0007 1711008667628 -1.5 -72.0 1.7978254834019713 8
0000 0012 1711008667628 32.5 -58.0 1.6014759425526093 8
0000 0013 1711008667628 52.0625 -69.0 2.9636508821950587 8
0000 0011 1711008667629 19.5 -64.5 0.2699806186678728 8
0000 0015 1711008667629 -13.0 -64.0 3.9822141253511245 8
0000 0010 1711008667629 19.5 -61.5 5.197126909356553 8
0000 0009 1711008667630 -65.875 -72.0 2.521864415283994 8
0000 0014 1711008667869 8.9375 -71.5 1.2762720155208536 8
0000 0004 1711008667869 2.6875 -77.0 0.6135923151542565 8
0000 0005 1711008667870 10.625 -72.0 1.9757672547967058 8
0000 0000 1711008667870 -3.8125 -78.5 0.2086213871524472 8
0000 0008 1711008667870 1.125 -71.5 1.509437095279471 8
0000 0005 1711008667870 24.375 -66.5 5.141903600992669 8
0000 0015 1711008667871 48.8125 -68.5 4.178563666200486 8
0000 0012 1711008667871 26.0 -55.0 2.804116880254952 8
0000 0013 1711008667871 -35.75 -65.5 4.71238898038469 8
0000 0000 1711008667872 170.0625 -72.5 1.012427320004523 8
0000 0010 1711008667872 -19.5 -69.5 1.1290098598838318 8
0000 0008 1711008667872 9.75 -68.0 2.5893595699509624 8
0000 0014 1711008667873 -39.0 -66.5 5.626641529964532 8
0000 0011 1711008667873 3.25 -71.0 2.693670263527186 8
0000 0010 1711008667874 8.9375 -69.5 4.476155939050301 8
0000 0000 1711008667875 -48.8125 -71.0 2.5280003384355365 8
0000 0012 1711008667875 -45.5625 -58.5 3.3440781175906977 8
0000 0005 1711008667875 38.1875 -63.5 4.81056375080937 8
0000 0010 1711008667876 -42.3125 -63.5 2.816388726558037 8
0000 0007 1711008667876 -9.75 -70.5 0.3313398501832985 8
0000 0015 1711008668127 -1.75 -70.0 4.301282129231338 8
0000 0015 1711008668128 68.3125 -67.5 4.822835597112456 8
0000 0010 1711008668128 -87.875 -65.0 5.062136600022616 8
0000 0012 1711008668128 26.0 -59.0 3.859495662320273 8
0000 0006 1711008668128 172.5 -72.0 4.749204519293945 8
0000 0005 1711008668129 139.125 -63.5 4.914874444385594 8
0000 0007 1711008668129 -13.0 -65.0 5.264622064023521 8
0000 0012 1711008668129 -22.75 -63.5 0.4172427743048944 8
0000 0010 1711008668130 45.5625 -64.5 6.080699843178682 8
0000 0015 1711008668130 39.0 -66.0 1.5707963267948966 8
0000 0000 1711008668130 -10.9375 -76.5 5.66959299202533 8
0000 0006 1711008668130 3.625 -73.5 1.214912784005428 8
0000 0008 1711008668371 -4.375 -72.5 0.17794177139473438 8
0000 0011 1711008668371 4.6875 -71.5 5.688000761479957 8
0000 0005 1711008668371 -2.25 -71.5 4.448544284868359 8
0000 0000 1711008668372 87.875 -70.0 3.767456815047135 8
0000 0005 1711008668372 -71.5625 -67.0 1.3192234775816514 8
0000 0010 1711008668372 -29.25 -65.0 2.448233337465483 8
0000 0012 1711008668372 -9.75 -62.0 1.0615147052168636 8
0000 0011 1711008668373 -55.3125 -69.0 6.2463697682703305 8
0000 0006 1711008668373 16.25 -69.5 2.5464081078901644 8
0000 0007 1711008668373 0.875 -72.5 0.2454369260617026 8
0000 0006 1711008668374 3.25 -70.5 3.77972866135022 8
0000 0012 1711008668374 -29.25 -64.5 2.5954954931025047 8
0000 0010 1711008668375 -81.375 -66.0 5.301437602932776 8
0000 0014 1711008668375 113.875 -67.5 3.147728576741336 8
0000 0007 1711008668375 -29.25 -65.0 1.4603497100671303 8
0000 0008 1711008668376 16.4375 -72.0 0.35588354278946877 8
0000 0000 1711008668376 -3.1875 -78.0 5.123495831538041 8
0000 0005 1711008668599 -1.1875 -71.5 4.657165672020807 8
0000 0011 1711008668599 -2.4375 -74.0 5.780039608753096 8
0000 0013 1711008668600 0.5625 -74.5 0.030679615757712823 8
0000 0013 1711008668600 139.9375 -67.5 2.1537090261914402 8
0000 0000 1711008668600 -159.5 -73.5 5.743224069843841 8
0000 0008 1711008668601 -32.5 -65.0 5.491651220630596 8
0000 0007 1711008668601 71.5625 -69.5 3.1354567304382504 8
0000 0005 1711008668601 -135.0625 -67.5 5.283029833478148 8
0000 0011 1711008668602 16.25 -67.0 0.7731263170943632 8
0000 0006 1711008668603 -6.3125 -72.0 0.8528933180644165 8
0000 0007 1711008668603 -84.625 -69.0 4.743068596142402 8
0000 0011 1711008668603 -48.8125 -63.5 5.184855063053467 8
0000 0008 1711008668604 -52.0625 -68.5 2.36846633649543 8
0000 0013 1711008668604 9.75 -64.5 5.994796919057086 8
0000 0005 1711008668604 -55.3125 -63.0 0.11044661672776616 8
0000 0006 1711008668604 -26.0 -69.5 6.22182607566416 8
0000 0000 1711008668605 128.5625 -73.5 2.043262409463674 8
0000 0014 1711008668847 7.625 -70.5 1.0246991663076084 8
0000 0007 1711008668847 26.0 -66.5 1.7426021750380885 8
0000 0013 1711008668848 -3.25 -62.0 1.2517283229146832 8
0000 0014 1711008668848 45.5625 -68.5 6.025476534814799 8
0000 0000 1711008668848 128.5625 -71.5 5.283029833478148 8
0000 0008 1711008668848 100.875 -68.5 4.933282213840222 8
0000 0011 1711008668849 1.8125 -72.5 0.25770877236478773 8
0000 0006 1711008668849 -2.4375 -74.5 4.681709364626977 8
0000 0015 1711008668849 1.125 -71.0 0.37429131224409645 8
0000 0013 1711008668850 0.0 -58.5 2.5770877236478773 8
0000 0006 1711008668850 -48.8125 -69.5 4.301282129231338 8
0000 0014 1711008668850 45.5625 -68.5 3.2336315008629315 8
0000 0011 1711008668851 87.875 -63.5 2.0493983326152168 8
0000 0008 1711008668851 -126.9375 -65.0 1.5462526341887264 8
0000 0009 1711008668851 79.75 -68.5 5.902758071783947 8
0000 0007 1711008668852 -6.5 -64.0 1.4603497100671303 8
0000 0000 1711008668852 87.0625 -74.0 0.7301748550335652 8
0000 0014 1711008669080 32.5 -60.0 4.344233591292136 8
0000 0011 1711008669080 -16.25 -60.0 3.9638063558964967 8
0000 0006 1711008669080 -65.0625 -69.5 3.442252888015379 8
0000 0005 1711008669080 -107.375 -68.0 5.270757987175063 8
0000 0013 1711008669081 13.0 -60.0 2.9145634969827183 8
0000 0009 1711008669081 97.625 -71.5 1.533980787885641 8
0000 0008 1711008669081 9.75 -67.5 4.09266074207889 8
0000 0000 1711008669082 87.0625 -73.5 3.031146036862027 8
0000 0012 1711008669082 12.8125 -76.0 1.8285050991596843 8
0000 0011 1711008669082 -3.25 -61.0 5.66959299202533 8
0000 0013 1711008669083 -29.25 -65.5 3.7122335066832517 8
0000 0008 1711008669083 -3.25 -67.5 0.3988350048502667 8
0000 0000 1711008669083 74.8125 -68.5 0.030679615757712823 8
0000 0004 1711008669084 107.375 -66.5 4.411728745959104 8
0000 0014 1711008669084 45.5625 -60.5 0.5154175447295755 8
0000 0009 1711008669084 -163.5625 -72.0 4.675573441475434 8
0000 0005 1711008669127 -1.3125 -72.0 2.5893595699509624 8
0000 0006 1711008669340 -3.0 -72.0 4.884194828627882 8
0000 0000 1711008669340 -205.0625 -71.5 3.380893656499953 8
0000 0014 1711008669340 68.3125 -65.0 5.620505606812989 8
0000 0009 1711008669341 -45.5625 -68.5 0.9756117810952678 8
0000 0008 1711008669341 -52.0625 -67.0 4.154019973594316 8
0000 0011 1711008669341 -29.25 -61.5 3.1354567304382504 8
0000 0013 1711008669342 84.625 -68.0 0.3865631585471816 8
0000 0005 1711008669342 13.0 -65.0 5.00077736850719 8
0000 0012 1711008669342 -1.1875 -75.0 4.270602513473625 8
0000 0004 1711008669343 -0.875 -70.5 1.1780972450961724 8
0000 0011 1711008669343 22.75 -62.5 6.019340611663256 8
0000 0015 1711008669343 -74.8125 -66.5 5.289165756629691 8
0000 0005 1711008669344 -17.0625 -69.0 5.608233760509904 8
0000 0004 1711008669344 26.0 -64.0 5.307573526084319 8
0000 0012 1711008669345 -39.0 -68.0 5.381204603902829 8
0000 0009 1711008669345 3.25 -68.0 4.387185053352934 8
0000 0014 1711008669345 -6.5 -62.5 4.853515212870168 8
0000 0008 1711008669346 133.4375 -67.0 1.4726215563702154 8
0000 0000 1711008669346 -91.125 -72.0 1.8960002538266525 8
0000 0007 1711008669346 -9.75 -65.0 3.423845118560751 8
0000 0010 1711008669376 26.0 -69.0 3.9515345095934116 8
0000 0013 1711008669575 6.625 -76.0 0.7424467013366504 8
0000 0009 1711008669575 -125.3125 -72.0 0.8774370106705868 8
0000 0011 1711008669576 -71.5625 -66.5 4.693981210930062 8
0000 0010 1711008669576 -42.3125 -62.5 3.2888548092268146 8
0000 0004 1711008669576 35.75 -71.5 2.0371264863121317 8
0000 0008 1711008669577 9.75 -62.0 5.184855063053467 8
0000 0007 1711008669577 113.875 -67.0 2.012582793705961 8
0000 0014 1711008669577 58.5625 -62.0 4.129476280988146 8
0000 0000 1711008669577 0.0 -70.0 4.614214209960009 8
0000 0012 1711008669578 48.8125 -59.0 1.5830681730979816 8
0000 0015 1711008669578 104.125 -68.0 2.60776733940559 8
0000 0013 1711008669578 169.25 -72.5 5.258486140871978 8
0000 0007 1711008669579 -52.0625 -68.0 2.5586799541932495 8
0000 0013 1711008669579 97.625 -70.5 4.246058820867455 8
0000 0009 1711008669580 244.125 -70.5 2.6261751088602177 8
0000 0010 1711008669580 22.75 -59.5 4.933282213840222 8
0000 0008 1711008669580 -6.5 -61.5 1.0062913968529805 8
0000 0015 1711008669581 26.0 -61.5 1.1535535524900022 8
0000 0014 1711008669581 3.25 -60.5 4.460816131171445 8
0000 0011 1711008669581 -9.75 -69.0 5.45483568172134 8
0000 0012 1711008669582 -26.0 -63.5 2.5280003384355365 8
0000 0000 1711008669582 -27.625 -67.5 0.2454369260617026 8
