0001 0014 1711702371291 -8.8125 -79.0 0.662679700366597 19
0001 0013 1711702371292 26.0 -65.5 2.0923497946760143 19
0001 0005 1711702371292 -55.3125 -70.0 0.11658253987930872 19
0001 0012 1711702371293 -107.375 -66.5 5.700272607783043 19
0001 0011 1711702371293 -9.75 -62.5 4.81056375080937 19
0001 0008 1711702371294 -125.3125 -71.0 0.4540583132141498 19
0001 0002 1711702371294 149.6875 -70.5 0.859029241215959 19
0001 0014 1711702371294 -2.6875 -79.0 3.5956509668039427 19
0001 0013 1711702371295 74.8125 -65.5 2.012582793705961 19
0001 0011 1711702371295 -65.0625 -63.0 4.896466674930966 19
0001 0012 1711702371296 -110.625 -67.5 5.767767762450011 19
0001 0008 1711702371296 197.6875 -70.0 0.06135923151542565 19
0001 0005 1711702371296 16.25 -68.5 0.09817477042468103 19
0001 0002 1711702371297 205.0625 -72.0 0.7792622402459057 19
0001 0014 1711702371541 -10.9375 -79.5 0.5951845456996288 19
0001 0005 1711702371541 13.0 -68.5 0.030679615757712823 19
0001 0002 1711702371541 -7.3125 -71.0 1.1535535524900022 19
0001 0013 1711702371542 42.3125 -66.0 2.110757564130642 19
0001 0012 1711702371542 -6.5 -65.5 5.663457068873787 19
0001 0011 1711702371542 -78.0625 -62.5 4.902602598082509 19
0001 0008 1711702371543 -93.5625 -71.0 0.5890486225480862 19
0001 0014 1711702371543 6.375 -79.0 0.4540583132141498 19
0001 0013 1711702371543 0.0 -66.0 2.172116795646068 19
0001 0002 1711702371544 166.8125 -72.0 0.8774370106705868 19
0001 0012 1711702371544 -35.75 -66.5 5.743224069843841 19
0001 0008 1711702371544 125.3125 -72.5 0.23930100291016002 19
0001 0011 1711702371545 29.25 -63.0 4.76147636559703 19
0001 0005 1711702371545 -120.4375 -69.0 0.25157284921324513 19
0001 0014 1711702371792 -7.0 -79.5 3.7122335066832517 19
0001 0012 1711702371792 182.25 -66.5 5.3198453723874035 19
0001 0011 1711702371792 42.3125 -63.0 4.7307967498393175 19
0001 0013 1711702371793 35.75 -66.0 2.0800779483729293 19
0001 0005 1711702371793 3.25 -69.0 0.18407769454627693 19
0001 0002 1711702371793 -58.5625 -71.0 1.2885438618239387 19
0001 0008 1711702371793 -149.6875 -71.0 0.5338253141842031 19
0001 0014 1711702371794 -12.1875 -80.0 3.6447383520162835 19
0001 0011 1711702371794 45.5625 -63.0 4.798291904506286 19
0001 0013 1711702371794 -42.3125 -66.0 2.2457478734645786 19
0001 0012 1711702371795 3.25 -66.0 5.71868037723767 19
0001 0002 1711702371795 24.375 -71.5 1.1351457830353744 19
0001 0005 1711702371795 -3.25 -70.0 0.11658253987930872 19
0001 0008 1711702371796 -17.0625 -71.0 0.4049709280018093 19
0001 0014 1711702372041 11.875 -79.0 0.2086213871524472 19
0001 0012 1711702372041 42.3125 -66.0 5.608233760509904 19
0001 0011 1711702372042 -19.5 -62.5 4.804427827657828 19
0001 0013 1711702372042 71.5625 -65.0 2.0493983326152168 19
0001 0005 1711702372042 91.125 -70.0 6.270913460876501 19
0001 0002 1711702372043 3.25 -70.0 1.1903690913992575 19
0001 0008 1711702372043 48.8125 -70.5 0.2454369260617026 19
0001 0014 1711702372043 4.875 -79.5 0.5645049299419159 19
0001 0012 1711702372044 26.0 -67.0 5.595961914206819 19
0001 0013 1711702372044 58.5625 -66.0 2.024854640009046 19
0001 0011 1711702372044 -48.8125 -63.0 4.828971520263998 19
0001 0002 1711702372045 -59.375 -71.5 1.1290098598838318 19
0001 0008 1711702372045 13.8125 -70.5 0.4049709280018093 19
0001 0005 1711702372045 -6.5 -69.0 0.14112623248547898 19
0001 0014 1711702372291 14.625 -79.5 3.5281558121369745 19
0001 0011 1711702372292 -19.5 -63.0 4.792155981354743 19
0001 0008 1711702372292 100.875 -70.5 0.1718058482431918 19
0001 0013 1711702372292 -45.5625 -65.5 2.1659808724945253 19
0001 0005 1711702372293 97.625 -69.5 0.11658253987930872 19
0001 0012 1711702372293 16.25 -66.0 5.5714182216006485 19
0001 0002 1711702372293 -78.0625 -71.0 1.1596894756415448 19
0001 0014 1711702372294 -3.9375 -79.5 0.7117670855789375 19
0001 0012 1711702372294 -68.3125 -66.5 5.64504929941916 19
0001 0002 1711702372294 -62.625 -70.5 1.2026409377023426 19
0001 0011 1711702372295 -29.25 -63.5 4.779884135051658 19
0001 0005 1711702372295 87.875 -70.0 0.006135923151542565 19
0001 0013 1711702372295 -61.8125 -65.5 2.1966604882522383 19
0001 0008 1711702372295 -78.0625 -70.5 0.37429131224409645 19
0001 0014 1711702372296 7.3125 -79.0 0.4724660826687775 19
0001 0012 1711702372542 48.8125 -67.5 5.577554144752192 19
0001 0005 1711702372542 -97.625 -70.0 0.28225246497095796 19
0001 0011 1711702372543 -74.8125 -63.0 4.878058905476339 19
0001 0013 1711702372543 16.25 -66.0 2.1782527187976104 19
0001 0002 1711702372543 -175.75 -70.0 1.4480778637640452 19
0001 0008 1711702372544 107.375 -70.0 0.1595340019401067 19
0001 0014 1711702372544 7.0 -79.0 0.4049709280018093 19
0001 0008 1711702372545 21.125 -70.0 0.32520392703175593 19
0001 0011 1711702372545 -22.75 -63.0 4.847379289718626 19
0001 0002 1711702372545 97.625 -70.0 1.0185632431560658 19
0001 0012 1711702372546 -13.0 -67.0 5.5714182216006485 19
0001 0005 1711702372546 -84.625 -71.0 0.30679615757712825 19
0001 0013 1711702372546 -9.75 -65.5 2.1659808724945253 19
0001 0014 1711702372546 -13.375 -79.0 3.822680123411018 19
0001 0012 1711702372792 -104.125 -67.0 5.71868037723767 19
0001 0002 1711702372792 -10.5625 -70.5 1.184233168247715 19
0001 0011 1711702372792 32.5 -63.0 4.7307967498393175 19
0001 0013 1711702372792 -35.75 -66.5 2.1659808724945253 19
0001 0005 1711702372793 -42.3125 -71.0 0.2454369260617026 19
0001 0008 1711702372793 131.8125 -70.5 0.2699806186678728 19
0001 0014 1711702372793 -11.5625 -79.5 3.5772431973493153 19
0001 0011 1711702372794 61.8125 -63.0 4.700117134081604 19
0001 0013 1711702372794 -22.75 -66.0 2.2334760271614935 19
0001 0012 1711702372794 78.0625 -66.5 5.460971604872882 19
0001 0008 1711702372795 -76.4375 -70.0 0.48473792897186263 19
0001 0005 1711702372795 32.5 -69.0 0.11044661672776616 19
0001 0002 1711702372795 -117.9375 -69.5 1.3314953238847365 19
0001 0002 1711702373041 -100.875 -70.5 1.3560390164909069 19
0001 0012 1711702373041 -74.8125 -67.0 5.730952223540755 19
0001 0013 1711702373042 32.5 -65.5 2.043262409463674 19
0001 0011 1711702373042 -16.25 -63.5 4.76147636559703 19
0001 0008 1711702373042 -55.3125 -70.5 0.3865631585471816 19
0001 0005 1711702373043 -113.875 -70.0 0.1902136176978195 19
0001 0012 1711702373291 -104.125 -66.5 5.712544454086128 19
0001 0011 1711702373291 -32.5 -63.5 4.804427827657828 19
0001 0002 1711702373292 -121.25 -70.0 1.2026409377023426 19
0001 0013 1711702373292 -26.0 -65.5 2.1782527187976104 19
0001 0005 1711702373292 -71.5625 -70.5 0.2270291566070749 19
0001 0008 1711702373293 -93.5625 -70.0 0.4479223900626072 19
0001 0014 1711702373293 17.6875 -79.0 0.20248546400090464 19
0001 0013 1711702373293 -6.5 -66.0 2.0371264863121317 19
0001 0011 1711702373293 -19.5 -62.5 4.847379289718626 19
0001 0012 1711702373294 -58.5625 -66.0 5.638913376267617 19
0001 0002 1711702373294 -187.125 -70.0 1.4358060174609601 19
0001 0008 1711702373294 -13.0 -70.5 0.3865631585471816 19
0001 0005 1711702373295 -117.125 -70.0 0.3129320807286708 19
0001 0014 1711702373296 -7.3125 -79.0 0.42337869745643697 19
0001 0013 1711702373541 91.125 -66.0 2.067806102069844 19
0001 0012 1711702373541 65.0625 -67.0 5.436427912266712 19
0001 0002 1711702373541 -16.25 -69.0 1.1965050145508 19
0001 0011 1711702373542 -29.25 -63.0 4.7860200582032 19
0001 0008 1711702373542 -13.8125 -69.0 0.32520392703175593 19
0001 0005 1711702373542 -195.25 -69.5 0.35588354278946877 19
0001 0014 1711702373543 -3.9375 -79.0 3.6570101983193686 19
0001 0013 1711702373543 97.625 -66.0 2.018718716857504 19
0001 0011 1711702373543 -19.5 -64.0 4.81056375080937 19
0001 0012 1711702373544 -74.8125 -67.0 5.651185222570702 19
0001 0008 1711702373544 -130.1875 -71.0 0.5399612373357456 19
0001 0005 1711702373544 91.125 -70.0 0.0 19
0001 0002 1711702373545 -13.8125 -70.5 1.2333205534600555 19
0001 0014 1711702373545 -4.5625 -79.5 3.5895150436524004 19
0001 0013 1711702373791 159.5 -66.0 1.8530487917658545 19
0001 0011 1711702373791 16.25 -63.5 4.724660826687775 19
0001 0012 1711702373791 -32.5 -66.5 5.565282298449106 19
0001 0005 1711702373792 159.5 -70.5 6.1420590746941075 19
0001 0008 1711702373792 135.0625 -71.0 0.23930100291016002 19
0001 0002 1711702373792 232.6875 -70.5 0.705631162427395 19
0001 0014 1711702373793 -18.875 -79.5 0.5338253141842031 19
0001 0012 1711702373793 35.75 -67.0 5.553010452146021 19
0001 0013 1711702373793 19.5 -66.0 2.073942025221387 19
0001 0005 1711702373794 -22.75 -70.0 0.30066023442558565 19
0001 0011 1711702373794 52.0625 -63.5 4.675573441475434 19
0001 0002 1711702373794 -152.9375 -70.5 1.3069516312785663 19
0001 0008 1711702373795 -13.8125 -70.5 0.3313398501832985 19
0001 0014 1711702373795 -6.6875 -79.0 3.6692820446224537 19
0001 0005 1711702374041 3.25 -69.5 0.1043106935762236 19
0001 0012 1711702374041 65.0625 -67.0 5.50392306693368 19
0001 0008 1711702374042 -149.6875 -70.0 0.5951845456996288 19
0001 0002 1711702374042 -114.6875 -71.0 1.1658253987930873 19
0001 0013 1711702374042 -58.5625 -66.0 2.227340104009951 19
0001 0011 1711702374043 -6.5 -62.5 4.798291904506286 19
0001 0014 1711702374043 11.875 -79.5 0.34974761963792617 19
0001 0005 1711702374043 0.0 -70.5 0.22089323345553233 19
0001 0008 1711702374044 52.0625 -70.5 0.2945243112740431 19
0001 0012 1711702374044 -22.75 -66.0 5.632777453116074 19
0001 0011 1711702374044 68.3125 -63.0 4.669437518323892 19
0001 0013 1711702374045 97.625 -66.0 2.024854640009046 19
0001 0002 1711702374045 -156.1875 -70.5 1.3130875544301088 19
0001 0014 1711702374045 -10.375 -79.5 0.6565437772150544 19
0001 0002 1711702374281 45.5625 -72.0 1.1167380135807468 19
0001 0012 1711702374281 22.75 -66.5 5.6143696836614465 19
0001 0013 1711702374282 13.0 -65.5 2.1046216409791 19
0001 0005 1711702374282 -26.0 -70.0 0.05522330836388308 19
0001 0008 1711702374282 41.5 -72.0 0.23316507975861744 19
0001 0011 1711702374283 32.5 -63.0 4.718524903536232 19
0001 0014 1711702374283 -10.9375 -79.0 0.46019423636569234 19
0001 0002 1711702374283 -163.5625 -71.5 1.2885438618239387 19
0001 0011 1711702374284 -9.75 -63.0 4.822835597112456 19
0001 0013 1711702374284 -39.0 -65.5 2.2150682577068657 19
0001 0008 1711702374284 55.3125 -71.0 0.30066023442558565 19
0001 0012 1711702374285 71.5625 -66.0 5.473243451175968 19
0001 0005 1711702374285 94.375 -70.0 0.07976700097005335 19
0001 0014 1711702374285 -1.8125 -79.5 0.6013204688511713 19
0001 0013 1711702374286 107.375 -65.5 1.9757672547967058 19
0001 0005 1711702374286 9.75 -70.5 0.14112623248547898 19
0001 0012 1711702374286 -16.25 -66.0 5.675728915176872 19
0001 0008 1711702374287 10.5625 -71.0 0.4049709280018093 19
0001 0011 1711702374287 61.8125 -63.0 4.657165672020807 19
0001 0002 1711702374287 -7.3125 -71.0 1.0185632431560658 19
0001 0014 1711702374541 -2.125 -79.0 3.6754179677739964 19
0001 0011 1711702374542 16.25 -63.0 4.767612288748572 19
0001 0005 1711702374542 -61.8125 -69.5 0.3190680038802134 19
0001 0013 1711702374542 -52.0625 -66.0 2.2948352586769194 19
0001 0002 1711702374543 -17.0625 -71.0 1.214912784005428 19
0001 0012 1711702374543 -61.8125 -67.0 5.700272607783043 19
0001 0008 1711702374543 -17.0625 -69.5 0.3865631585471816 19
0001 0014 1711702374544 3.625 -79.0 3.6692820446224537 19
0001 0002 1711702374544 3.25 -72.0 1.141281706186917 19
0001 0013 1711702374544 19.5 -65.5 2.061670178918302 19
0001 0005 1711702374545 -65.0625 -70.0 0.19634954084936207 19
0001 0011 1711702374545 -3.25 -63.0 4.798291904506286 19
0001 0012 1711702374545 -71.5625 -66.0 5.724816300389213 19
0001 0008 1711702374545 -117.9375 -70.5 0.4908738521234052 19
0001 0014 1711702374791 -1.5 -79.5 0.39269908169872414 19
0001 0013 1711702374792 -52.0625 -66.0 2.270291566070749 19
0001 0011 1711702374792 29.25 -63.5 4.743068596142402 19
0001 0002 1711702374792 -42.3125 -71.5 1.1719613219446299 19
0001 0005 1711702374793 -29.25 -69.0 0.1227184630308513 19
0001 0012 1711702374793 123.6875 -66.5 5.5284667595398505 19
0001 0008 1711702374793 -27.625 -71.0 0.34974761963792617 19
0001 0014 1711702374793 10.375 -79.5 3.454524734318464 19
0001 0005 1711702374793 71.5625 -69.5 0.018407769454627694 19
0001 0011 1711702374794 -45.5625 -63.0 4.871922982324796 19
0001 0002 1711702374794 221.3125 -71.0 0.9019807032767571 19
0001 0012 1711702374796 -130.1875 -67.0 5.829126993965437 19
0001 0013 1711702374796 -84.625 -66.0 2.1905245651006955 19
0001 0008 1711702374796 163.5625 -69.5 0.16566992509164924 19
0001 0014 1711702375041 15.8125 -79.5 3.356349963893783 19
0001 0013 1711702375041 -19.5 -66.0 2.1353012567368124 19
0001 0012 1711702375041 -159.5 -67.0 5.896622148632405 19
0001 0005 1711702375041 -48.8125 -69.0 0.07363107781851078 19
0001 0011 1711702375042 16.25 -63.0 4.773748211900116 19
0001 0008 1711702375042 29.25 -70.0 0.3374757733348411 19
0001 0002 1711702375042 -87.0625 -69.5 1.1044661672776617 19
0001 0014 1711702375043 -2.4375 -79.5 0.5154175447295755 19
0001 0012 1711702375043 -104.125 -67.0 5.700272607783043 19
0001 0011 1711702375043 16.25 -63.0 4.798291904506286 19
0001 0005 1711702375044 0.0 -69.5 0.14726215563702155 19
0001 0013 1711702375044 146.4375 -65.5 1.8775924843720249 19
0001 0008 1711702375044 38.1875 -71.0 0.2086213871524472 19
0001 0002 1711702375045 -34.9375 -70.5 1.0737865515199487 19
0001 0014 1711702375301 -6.375 -79.5 0.5338253141842031 19
0001 0012 1711702375301 -113.875 -66.5 5.767767762450011 19
0001 0011 1711702375302 -6.5 -63.0 4.865787059173254 19
0001 0005 1711702375302 58.5625 -70.5 6.1850105367549055 19
0001 0013 1711702375302 110.625 -66.0 2.018718716857504 19
0001 0008 1711702375302 -62.625 -72.0 0.5092816215780329 19
0001 0002 1711702375303 -83.0 -70.5 1.2455923997631406 19
0001 0014 1711702375303 4.25 -79.0 0.3313398501832985 19
0001 0012 1711702375303 -61.8125 -66.0 5.700272607783043 19
0001 0005 1711702375304 32.5 -68.5 0.12885438618239387 19
0001 0008 1711702375304 -24.375 -70.0 0.3436116964863836 19
0001 0011 1711702375304 -19.5 -62.5 4.841243366567084 19
0001 0013 1711702375305 35.75 -66.0 2.055534255766759 19
0001 0002 1711702375305 -166.8125 -69.5 1.1658253987930873 19
0001 0014 1711702375541 7.3125 -79.5 0.3190680038802134 19
0001 0013 1711702375541 107.375 -65.5 1.9512235621905356 19
0001 0012 1711702375541 -84.625 -67.5 5.71868037723767 19
0001 0002 1711702375542 125.3125 -70.5 0.9817477042468103 19
0001 0011 1711702375542 6.5 -63.0 4.792155981354743 19
0001 0005 1711702375542 6.5 -70.0 0.11658253987930872 19
0001 0008 1711702375543 27.625 -71.5 0.28225246497095796 19
0001 0014 1711702375543 -5.75 -79.5 0.5522330836388308 19
0001 0013 1711702375543 55.3125 -65.5 2.012582793705961 19
0001 0002 1711702375544 -110.625 -70.5 1.2762720155208536 19
0001 0011 1711702375545 -61.8125 -63.0 4.8351074434155406 19
0001 0005 1711702375545 -113.875 -68.5 0.3313398501832985 19
0001 0012 1711702375545 -39.0 -66.5 5.626641529964532 19
0001 0008 1711702375546 -10.5625 -71.5 0.3988350048502667 19
0001 0014 1711702375546 16.125 -79.0 3.5342917352885173 19
0001 0011 1711702375794 -78.0625 -63.5 4.896466674930966 19
0001 0005 1711702375794 -55.3125 -70.5 0.0674951546669682 19
0001 0002 1711702375795 84.625 -70.5 1.0921943209745766 19
0001 0013 1711702375795 39.0 -65.5 2.043262409463674 19
0001 0012 1711702375795 9.75 -66.5 5.559146375297564 19
0001 0014 1711702375796 21.625 -79.0 3.472932503773092 19
0001 0012 1711702375796 6.5 -66.0 5.6143696836614465 19
0001 0002 1711702375796 83.0 -71.0 1.0492428589137786 19
0001 0008 1711702375797 52.0625 -71.5 0.35588354278946877 19
0001 0005 1711702375797 55.3125 -70.0 0.006135923151542565 19
0001 0011 1711702375797 0.0 -63.0 4.706253057233147 19
0001 0013 1711702375798 -52.0625 -65.0 2.1598449493429825 19
0001 0014 1711702375798 -15.8125 -79.5 0.6565437772150544 19
0001 0011 1711702376038 3.25 -63.5 4.773748211900116 19
0001 0005 1711702376038 91.125 -69.5 0.09203884727313846 19
0001 0013 1711702376038 16.25 -65.5 2.086213871524472 19
0001 0012 1711702376039 -6.5 -67.0 5.6573211457222445 19
0001 0008 1711702376039 -73.1875 -71.5 0.4724660826687775 19
0001 0002 1711702376039 -38.1875 -70.0 1.0737865515199487 19
0001 0014 1711702376040 7.625 -79.0 0.28838838812250056 19
0001 0005 1711702376040 -26.0 -70.5 0.1349903093339364 19
0001 0012 1711702376040 -6.5 -66.5 5.5100589900852235 19
0001 0002 1711702376041 7.3125 -70.0 1.1965050145508 19
0001 0008 1711702376041 34.9375 -69.5 0.4540583132141498 19
0001 0011 1711702376041 -68.3125 -63.0 4.865787059173254 19
0001 0013 1711702376042 45.5625 -65.5 2.012582793705961 19
0001 0014 1711702376042 11.5625 -79.0 3.6570101983193686 19
