0009 0014 1710064530221 -29.25 -62.0 4.1172044346850605 14
0009 0004 1710064530229 -78.0625 -63.5 5.049864753719531 14
0009 0000 1710064530230 39.0 -62.5 0.380427235395639 14
0009 0012 1710064530230 -6.5 -61.5 1.2701360923693108 14
0009 0015 1710064530231 -13.0 -58.5 0.11658253987930872 14
0009 0006 1710064530232 22.75 -65.5 6.043884304269426 14
0009 0001 1710064530232 -68.3125 -69.5 2.8654761117703775 14
0009 0002 1710064530233 -52.0625 -70.5 0.1595340019401067 14
0009 0005 1710064530233 143.1875 -67.5 2.8838838812250054 14
0009 0008 1710064530234 -6.5 -70.5 1.0185632431560658 14
0009 0007 1710064530234 -12.1875 -74.0 0.8774370106705868 14
0009 0014 1710064530235 9.75 -62.0 4.123340357836604 14
0009 0008 1710064530235 -26.0 -70.5 0.8958447801252144 14
0009 0006 1710064530236 126.9375 -66.0 5.878214379177777 14
0009 0015 1710064530236 -45.5625 -58.0 0.19634954084936207 14
0009 0012 1710064530237 19.5 -63.0 1.227184630308513 14
0009 0004 1710064530237 58.5625 -64.0 4.798291904506286 14
0009 0001 1710064530237 107.375 -70.0 2.767301341345697 14
0009 0005 1710064530238 -22.75 -66.5 3.1354567304382504 14
0009 0002 1710064530238 -62.625 -71.5 0.3436116964863836 14
0009 0000 1710064530239 -19.5 -62.5 0.47860200582032003 14
0009 0007 1710064530303 -3.625 -74.0 0.8774370106705868 14
0009 0001 1710064530304 -9.75 -69.5 2.834796496012665 14
0009 0002 1710064530305 -94.375 -69.5 0.4111068511533518 14
0009 0004 1710064530306 -9.75 -64.0 5.037592907416445 14
0009 0005 1710064530307 -19.5 -66.0 3.098641191528995 14
0009 0015 1710064530309 -6.5 -58.0 0.11658253987930872 14
0009 0000 1710064530310 61.8125 -63.0 0.4172427743048944 14
0009 0006 1710064530311 97.625 -65.0 5.939573610693203 14
0009 0012 1710064530312 -45.5625 -62.5 1.3192234775816514 14
0009 0014 1710064530313 -6.5 -62.5 4.080388895775806 14
0009 0008 1710064530315 -179.0 -70.0 1.3008157081270237 14
0009 0007 1710064530530 10.375 -74.5 0.7424467013366504 14
0009 0015 1710064530531 -6.5 -58.5 0.11044661672776616 14
0009 0008 1710064530532 35.75 -71.0 0.9633399347921826 14
0009 0014 1710064530533 16.25 -62.0 4.104932588381976 14
0009 0002 1710064530534 -24.375 -69.0 0.25157284921324513 14
0009 0000 1710064530535 19.5 -63.0 0.5031456984264903 14
0009 0006 1710064530536 35.75 -66.0 6.068427996875596 14
0009 0004 1710064530537 -65.0625 -64.0 5.056000676871073 14
0009 0012 1710064530538 9.75 -62.5 1.2210487071569704 14
0009 0001 1710064530539 126.9375 -69.5 2.6691265709210157 14
0009 0005 1710064530540 -84.625 -66.5 3.184544115650591 14
0009 0007 1710064530541 5.4375 -74.0 0.8406214717613314 14
0009 0005 1710064530544 48.8125 -66.5 3.043417883165112 14
0009 0015 1710064530545 3.25 -58.5 0.07976700097005335 14
0009 0014 1710064530546 -81.375 -62.5 4.28287435977671 14
0009 0000 1710064530547 39.0 -62.5 0.5031456984264903 14
0009 0006 1710064530548 3.25 -66.0 6.129787228391022 14
0009 0004 1710064530549 -71.5625 -64.0 5.031456984264903 14
0009 0012 1710064530550 29.25 -62.5 1.2210487071569704 14
0009 0002 1710064530551 -17.0625 -70.5 0.3988350048502667 14
0009 0001 1710064530552 -32.5 -69.5 2.890019804376548 14
0009 0008 1710064530553 9.75 -70.5 1.030835089459151 14
0009 0007 1710064530762 -4.25 -74.0 0.9510680884890975 14
0009 0005 1710064530763 -26.0 -66.5 3.117048960983623 14
0009 0006 1710064530764 -71.5625 -66.0 6.252505691421874 14
0009 0001 1710064530765 -52.0625 -70.0 3.08636934522591 14
0009 0008 1710064530765 -97.625 -70.0 1.3069516312785663 14
0009 0012 1710064530766 29.25 -62.5 1.184233168247715 14
0009 0000 1710064530767 -6.5 -63.0 0.5154175447295755 14
0009 0002 1710064530768 -38.1875 -70.0 0.4172427743048944 14
0009 0015 1710064530769 -32.5 -58.5 0.14726215563702155 14
0009 0014 1710064530770 6.5 -62.5 4.1417481272912315 14
0009 0004 1710064530771 68.3125 -63.5 4.822835597112456 14
0009 0007 1710064530772 0.5625 -73.5 0.803805932852076 14
0009 0014 1710064530773 -29.25 -62.5 4.184699589352029 14
0009 0000 1710064530774 13.0 -63.0 0.4908738521234052 14
0009 0015 1710064530775 26.0 -58.5 0.06135923151542565 14
0009 0006 1710064530775 -48.8125 -65.5 6.2463697682703305 14
0009 0012 1710064530776 13.0 -62.0 1.227184630308513 14
0009 0005 1710064530777 3.25 -67.0 3.067961575771282 14
0009 0004 1710064530778 3.25 -64.0 4.908738521234052 14
0009 0002 1710064530779 -13.8125 -70.5 0.28225246497095796 14
0009 0001 1710064530780 22.75 -69.5 2.8777479580734626 14
0009 0008 1710064530781 120.4375 -72.5 0.8528933180644165 14
0009 0007 1710064530800 -9.125 -74.5 0.9142525495798421 14
0009 0008 1710064530988 68.3125 -72.5 0.9265243958829272 14
0009 0012 1710064530988 19.5 -62.0 1.2701360923693108 14
0009 0015 1710064530989 -45.5625 -58.5 0.19634954084936207 14
0009 0000 1710064530990 29.25 -63.0 0.44178646691106466 14
0009 0006 1710064530991 -68.3125 -65.5 6.227961998815704 14
0009 0001 1710064530992 58.5625 -69.5 2.724349879284899 14
0009 0002 1710064530993 30.875 -71.0 0.2454369260617026 14
0009 0004 1710064530994 -29.25 -63.5 5.0253210611133605 14
0009 0005 1710064530995 -32.5 -66.5 3.1354567304382504 14
0009 0014 1710064530996 39.0 -63.0 4.037437433715008 14
0009 0007 1710064530997 15.8125 -74.0 0.8099418560036186 14
0009 0001 1710064530998 91.125 -69.5 2.736621725587984 14
0009 0002 1710064531000 -34.9375 -70.5 0.3129320807286708 14
0009 0015 1710064531001 6.5 -58.5 0.1043106935762236 14
0009 0012 1710064531002 16.25 -62.5 1.2701360923693108 14
0009 0005 1710064531002 -65.0625 -66.5 3.1354567304382504 14
0009 0000 1710064531003 84.625 -63.0 0.4172427743048944 14
0009 0004 1710064531004 -13.0 -64.0 4.921010367537137 14
0009 0014 1710064531005 35.75 -63.0 4.0987966652304335 14
0009 0008 1710064531006 71.5625 -70.5 0.8958447801252144 14
0009 0006 1710064531007 -6.5 -66.0 6.19728238305799 14
0009 0007 1710064531051 1.1875 -74.5 4.037437433715008 14
0009 0015 1710064531217 -32.5 -58.0 0.1595340019401067 14
0009 0002 1710064531218 59.375 -70.0 0.2270291566070749 14
0009 0014 1710064531219 -29.25 -62.0 4.184699589352029 14
0009 0005 1710064531220 -107.375 -66.5 3.153864499892878 14
0009 0012 1710064531221 -16.25 -62.5 1.325359400733194 14
0009 0004 1710064531221 35.75 -63.5 4.871922982324796 14
0009 0006 1710064531222 -32.5 -66.5 6.1850105367549055 14
0009 0001 1710064531223 29.25 -69.5 2.84706834231575 14
0009 0008 1710064531224 -78.0625 -70.5 1.0799224746714913 14
0009 0000 1710064531225 26.0 -63.0 0.4663301595172349 14
0009 0007 1710064531226 5.4375 -74.0 0.7976700097005334 14
0009 0004 1710064531226 -9.75 -63.5 4.933282213840222 14
0009 0000 1710064531229 -16.25 -63.0 0.521553467881118 14
0009 0008 1710064531230 -9.75 -70.0 0.9878836273983529 14
0009 0014 1710064531230 84.625 -62.5 4.049709280018092 14
0009 0012 1710064531231 -35.75 -62.0 1.368310862793992 14
0009 0015 1710064531232 16.25 -58.5 0.09203884727313846 14
0009 0005 1710064531233 39.0 -67.0 3.031146036862027 14
0009 0002 1710064531234 -79.75 -70.5 0.3865631585471816 14
0009 0001 1710064531235 -71.5625 -68.5 3.1231848841351653 14
0009 0006 1710064531235 9.75 -65.5 6.14819499784565 14
0009 0007 1710064531310 9.125 -74.0 0.8344855486097889 14
0009 0012 1710064531445 22.75 -63.0 1.2087768608538851 14
0009 0015 1710064531446 -6.5 -59.0 0.14112623248547898 14
0009 0014 1710064531447 3.25 -63.0 4.184699589352029 14
0009 0008 1710064531447 58.5625 -70.5 0.9510680884890975 14
0009 0001 1710064531448 55.3125 -70.0 2.9145634969827183 14
0009 0005 1710064531449 -35.75 -66.5 3.147728576741336 14
0009 0000 1710064531450 3.25 -63.5 0.5154175447295755 14
0009 0002 1710064531451 -3.25 -71.0 0.21475731030398976 14
0009 0006 1710064531451 68.3125 -66.0 6.062292073724054 14
0009 0004 1710064531452 -3.25 -64.5 4.9394181369917645 14
0009 0007 1710064531453 1.1875 -74.0 0.9756117810952678 14
0009 0000 1710064531454 -19.5 -63.0 0.5522330836388308 14
0009 0014 1710064531456 -3.25 -62.0 4.166291819897402 14
0009 0015 1710064531456 9.75 -58.5 0.11658253987930872 14
0009 0002 1710064531457 -145.625 -70.5 0.4049709280018093 14
0009 0008 1710064531458 -29.25 -70.5 1.0799224746714913 14
0009 0004 1710064531459 71.5625 -64.5 4.8351074434155406 14
0009 0006 1710064531459 -13.0 -65.0 6.2034183062095325 14
0009 0005 1710064531460 -74.8125 -66.5 3.129320807286708 14
0009 0012 1710064531461 -58.5625 -62.5 1.3192234775816514 14
0009 0001 1710064531462 65.0625 -69.0 2.804116880254952 14
0009 0007 1710064531550 -15.8125 -74.5 4.080388895775806 14
0009 0012 1710064531801 13.0 -63.0 1.2578642460662257 14
0009 0006 1710064531802 -6.5 -66.0 6.160466844148735 14
0009 0015 1710064531802 -48.8125 -58.5 0.19634954084936207 14
0009 0014 1710064531803 42.3125 -62.0 4.049709280018092 14
0009 0000 1710064531804 71.5625 -63.0 0.42337869745643697 14
0009 0001 1710064531805 -6.5 -69.5 2.8102528034064944 14
0009 0004 1710064531805 -126.9375 -64.5 5.141903600992669 14
0009 0002 1710064531806 0.0 -71.0 0.3313398501832985 14
0009 0005 1710064531807 42.3125 -67.0 2.9943304979527716 14
0009 0008 1710064531807 6.5 -70.0 1.055378782065321 14
0009 0007 1710064531808 2.4375 -74.0 0.7976700097005334 14
0009 0002 1710064531944 -17.0625 -70.5 0.20248546400090464 14
0009 0000 1710064531944 13.0 -62.5 0.5276893910326605 14
0009 0014 1710064531945 19.5 -62.5 4.104932588381976 14
0009 0012 1710064531946 45.5625 -62.5 1.184233168247715 14
0009 0001 1710064531947 -16.25 -69.5 2.8286605728611223 14
0009 0015 1710064531947 -19.5 -58.5 0.14112623248547898 14
0009 0004 1710064531948 71.5625 -64.0 4.779884135051658 14
0009 0006 1710064531949 45.5625 -66.0 6.056156150572511 14
0009 0005 1710064531949 97.625 -66.0 3.031146036862027 14
0009 0008 1710064531950 26.0 -70.5 1.0799224746714913 14
0009 0007 1710064531951 -8.5 -74.0 0.9694758579437253 14
0009 0009 1710064531952 4.375 -78.0 0.8160777791551611 14
0009 0001 1710064531954 -48.8125 -69.0 2.8716120349219203 14
0009 0015 1710064531955 -32.5 -58.5 0.14726215563702155 14
0009 0004 1710064531955 -16.25 -64.0 4.95168998329485 14
0009 0014 1710064531956 45.5625 -62.0 4.09266074207889 14
0009 0006 1710064531957 19.5 -66.0 6.0991076126333095 14
0009 0002 1710064532051 -17.0625 -69.5 0.2270291566070749 14
0009 0000 1710064532051 -42.3125 -63.0 0.5031456984264903 14
0009 0008 1710064532052 -42.3125 -70.0 1.086058397823034 14
0009 0012 1710064532053 -29.25 -62.0 1.337631247036279 14
0009 0005 1710064532054 29.25 -66.5 2.988194574801229 14
0009 0007 1710064532054 14.625 -74.0 0.859029241215959 14
0009 0009 1710064532227 -1.125 -78.0 0.7853981633974483 14
0009 0001 1710064532228 22.75 -68.5 2.9022916506796332 14
0009 0004 1710064532228 6.5 -64.5 4.945554060143307 14
0009 0012 1710064532229 -22.75 -63.0 1.2885438618239387 14
0009 0002 1710064532230 -58.5625 -70.5 0.32520392703175593 14
0009 0005 1710064532230 94.375 -67.0 2.8777479580734626 14
0009 0015 1710064532231 19.5 -58.5 0.0674951546669682 14
0009 0000 1710064532232 0.0 -62.5 0.4663301595172349 14
0009 0014 1710064532233 0.0 -62.5 4.178563666200486 14
0009 0006 1710064532233 -16.25 -66.0 6.17273869045182 14
0009 0008 1710064532234 -26.0 -70.0 0.9940195505498954 14
0009 0007 1710064532235 1.1875 -74.0 0.8774370106705868 14
0009 0009 1710064532237 -0.125 -78.0 0.8222137023067037 14
0009 0008 1710064532238 -91.125 -70.0 1.184233168247715 14
0009 0002 1710064532238 170.0625 -69.5 6.178874613603362 14
0009 0012 1710064532239 -29.25 -62.5 1.3130875544301088 14
0009 0001 1710064532240 65.0625 -69.5 2.7857091108003242 14
0009 0005 1710064532241 143.1875 -66.0 2.84706834231575 14
0009 0000 1710064532241 13.0 -63.5 0.46019423636569234 14
0009 0006 1710064532242 -29.25 -66.0 6.191146459906448 14
0009 0015 1710064532243 -29.25 -58.5 0.14112623248547898 14
0009 0004 1710064532243 74.8125 -64.0 4.865787059173254 14
0009 0014 1710064532244 29.25 -62.5 4.074252972624263 14
0009 0007 1710064532301 -9.125 -74.0 0.8713010875190442 14
0009 0009 1710064532523 0.25 -78.5 0.760854470791278 14
0009 0006 1710064532523 -81.375 -66.0 6.2034183062095325 14
0009 0014 1710064532524 3.25 -62.5 4.104932588381976 14
0009 0012 1710064532525 -32.5 -62.5 1.3314953238847365 14
0009 0015 1710064532525 19.5 -58.0 0.0859029241215959 14
0009 0000 1710064532526 -16.25 -63.5 0.48473792897186263 14
0009 0001 1710064532527 -22.75 -69.0 2.834796496012665 14
0009 0002 1710064532528 52.0625 -69.5 0.1043106935762236 14
0009 0005 1710064532528 -35.75 -66.5 3.1354567304382504 14
0009 0004 1710064532529 91.125 -64.5 4.779884135051658 14
0009 0008 1710064532530 -68.3125 -68.5 1.1044661672776617 14
0009 0007 1710064532531 9.75 -74.0 3.9085830475326135 14
0009 0009 1710064532533 0.25 -77.5 0.7547185476397354 14
0009 0006 1710064532533 -100.875 -66.0 6.240233845118788 14
0009 0002 1710064532534 117.9375 -70.5 0.1349903093339364 14
0009 0005 1710064532535 71.5625 -66.5 2.890019804376548 14
0009 0012 1710064532535 -6.5 -62.5 1.3437671701878218 14
0009 0015 1710064532536 -48.8125 -58.5 0.19634954084936207 14
0009 0014 1710064532537 26.0 -62.5 4.061981126321178 14
0009 0000 1710064532538 -35.75 -63.0 0.5031456984264903 14
0009 0001 1710064532538 123.6875 -69.5 2.6139032625571326 14
0009 0004 1710064532539 -32.5 -64.5 4.963961829597935 14
0009 0008 1710064532540 -65.0625 -71.5 0.9940195505498954 14
0009 0007 1710064532550 -5.4375 -74.0 4.04357335686655 14
0009 0009 1710064532785 -6.625 -78.0 0.8651651643675016 14
0009 0012 1710064532786 -3.25 -62.5 1.282407938672396 14
0009 0001 1710064532787 61.8125 -69.5 2.779573187648782 14
0009 0014 1710064532787 26.0 -62.0 4.0987966652304335 14
0009 0000 1710064532788 3.25 -63.0 0.46019423636569234 14
0009 0004 1710064532789 -120.4375 -64.0 5.049864753719531 14
0009 0008 1710064532789 -3.25 -70.0 1.055378782065321 14
0009 0002 1710064532790 9.75 -71.0 0.3313398501832985 14
0009 0015 1710064532791 6.5 -58.5 0.09817477042468103 14
0009 0006 1710064532792 -22.75 -66.5 6.1850105367549055 14
0009 0005 1710064532792 3.25 -66.0 3.0372819600135696 14
0009 0007 1710064532793 17.6875 -74.5 3.9269908169872414 14
0009 0009 1710064532795 -10.4375 -78.0 1.1290098598838318 14
0009 0015 1710064532796 -19.5 -58.5 0.12885438618239387 14
0009 0008 1710064532797 -74.8125 -69.5 1.055378782065321 14
0009 0014 1710064532797 -6.5 -63.0 4.154019973594316 14
0009 0012 1710064532798 -13.0 -62.5 1.2640001692177683 14
0009 0000 1710064532799 3.25 -63.0 0.4663301595172349 14
0009 0001 1710064532799 -16.25 -68.5 2.779573187648782 14
0009 0004 1710064532800 3.25 -64.0 4.908738521234052 14
0009 0002 1710064532807 111.4375 -70.0 0.2699806186678728 14
0009 0005 1710064532808 91.125 -67.0 2.9513790358919736 14
0009 0006 1710064532808 -133.4375 -65.5 0.006135923151542565 14
0009 0007 1710064533051 -5.4375 -74.0 3.9944859716542096 14
0009 0009 1710064533052 -1.4375 -78.0 0.6933593161243098 14
0009 0002 1710064533052 -19.5 -70.5 0.30066023442558565 14
0009 0014 1710064533053 3.25 -62.0 4.09266074207889 14
0009 0008 1710064533054 -39.0 -70.0 1.0676506283684062 14
0009 0012 1710064533054 -19.5 -62.5 1.3069516312785663 14
0009 0001 1710064533055 74.8125 -69.5 2.6813984172241008 14
0009 0004 1710064533056 26.0 -64.0 4.9394181369917645 14
0009 0015 1710064533056 -19.5 -58.5 0.12885438618239387 14
0009 0006 1710064533057 35.75 -66.0 6.117515382087937 14
0009 0005 1710064533060 35.75 -66.5 3.043417883165112 14
0009 0000 1710064533060 -13.0 -63.5 0.4908738521234052 14
0009 0007 1710064533061 -1.1875 -74.5 4.000621894805752 14
0009 0009 1710064533249 -7.3125 -78.5 0.944932165337555 14
0009 0015 1710064533250 -48.8125 -58.5 0.17794177139473438 14
0009 0002 1710064533250 38.1875 -70.0 0.15339807878856412 14
0009 0014 1710064533251 22.75 -62.5 4.061981126321178 14
0009 0000 1710064533252 -71.5625 -63.5 0.5399612373357456 14
0009 0004 1710064533252 -35.75 -63.5 5.013049214810275 14
0009 0005 1710064533253 52.0625 -66.0 2.9759227284981438 14
0009 0012 1710064533253 9.75 -62.5 1.2640001692177683 14
0009 0001 1710064533254 -16.25 -70.0 2.8654761117703775 14
0009 0006 1710064533255 -87.875 -65.5 0.03681553890925539 14
0009 0008 1710064533255 55.3125 -71.0 0.9510680884890975 14
0009 0007 1710064533256 1.8125 -74.0 0.859029241215959 14
0009 0009 1710064533256 -4.375 -78.0 0.8713010875190442 14
0009 0004 1710064533257 -87.875 -64.0 5.037592907416445 14
0009 0012 1710064533258 -16.25 -63.0 1.2762720155208536 14
0009 0005 1710064533258 58.5625 -67.0 2.9759227284981438 14
0009 0008 1710064533259 -172.5 -70.5 1.1106020904292042 14
0009 0000 1710064533259 0.0 -62.5 0.42337869745643697 14
0009 0006 1710064533260 -29.25 -65.5 6.17273869045182 14
0009 0002 1710064533261 -170.0625 -70.0 0.4295146206079795 14
0009 0015 1710064533261 -48.8125 -58.5 0.17794177139473438 14
0009 0014 1710064533262 -26.0 -62.0 4.1417481272912315 14
0009 0001 1710064533262 126.9375 -69.0 2.5402721847386216 14
0009 0007 1710064533299 14.625 -74.5 0.7547185476397354 14
0009 0015 1710064533518 -16.25 -58.0 0.11044661672776616 14
0009 0012 1710064533518 -13.0 -62.5 1.2701360923693108 14
0009 0004 1710064533519 -58.5625 -64.0 5.031456984264903 14
0009 0005 1710064533519 48.8125 -67.0 2.9943304979527716 14
0009 0014 1710064533520 -9.75 -62.5 4.123340357836604 14
0009 0000 1710064533521 -6.5 -63.0 0.46019423636569234 14
0009 0006 1710064533521 -32.5 -65.5 6.215690152512618 14
0009 0002 1710064533522 -90.3125 -70.5 0.3865631585471816 14
0009 0001 1710064533523 110.625 -70.0 2.724349879284899 14
0009 0008 1710064533523 -100.875 -71.0 1.0921943209745766 14
0009 0007 1710064533524 -6.6875 -74.0 0.8835729338221293 14
0009 0015 1710064533524 -68.3125 -58.5 0.19634954084936207 14
0009 0005 1710064533526 29.25 -66.0 2.9697868053466014 14
0009 0002 1710064533527 -27.625 -71.0 0.3620194659410113 14
0009 0014 1710064533527 45.5625 -63.0 4.037437433715008 14
0009 0001 1710064533528 -78.0625 -69.5 2.9697868053466014 14
0009 0012 1710064533528 6.5 -62.0 1.2455923997631406 14
0009 0000 1710064533529 -19.5 -62.5 0.4663301595172349 14
0009 0006 1710064533529 -97.625 -65.5 0.1043106935762236 14
0009 0004 1710064533530 -35.75 -63.5 5.056000676871073 14
0009 0008 1710064533531 29.25 -70.5 0.9694758579437253 14
0009 0007 1710064533549 3.0 -74.0 0.9326603190344698 14
0009 0012 1710064533796 -19.5 -62.5 1.2455923997631406 14
0009 0008 1710064533796 52.0625 -70.0 0.859029241215959 14
0009 0015 1710064533797 -32.5 -58.5 0.11044661672776616 14
0009 0006 1710064533797 -19.5 -66.0 6.215690152512618 14
0009 0014 1710064533798 65.0625 -61.5 4.037437433715008 14
0009 0002 1710064533798 21.125 -71.0 0.28225246497095796 14
0009 0005 1710064533799 0.0 -66.0 3.0802334220743677 14
0009 0000 1710064533800 13.0 -63.0 0.4724660826687775 14
0009 0004 1710064533800 -45.5625 -64.0 5.037592907416445 14
0009 0001 1710064533801 87.875 -69.0 2.650718801466388 14
0009 0007 1710064533801 15.25 -74.0 0.6565437772150544 14
0009 0008 1710064533802 -104.125 -71.0 0.9203884727313847 14
0009 0012 1710064533804 -26.0 -62.0 1.3008157081270237 14
0009 0000 1710064533804 3.25 -62.5 0.4663301595172349 14
0009 0015 1710064533805 0.0 -58.5 0.1043106935762236 14
0009 0014 1710064533805 -22.75 -62.5 4.129476280988146 14
0009 0005 1710064533806 16.25 -67.5 3.043417883165112 14
0009 0001 1710064533807 130.1875 -69.0 2.5832236467994196 14
0009 0006 1710064533807 -55.3125 -66.5 6.227961998815704 14
0009 0004 1710064533808 -3.25 -64.0 4.963961829597935 14
0009 0002 1710064533808 -76.4375 -71.0 0.3374757733348411 14
0009 0007 1710064534037 -19.5 -74.0 0.9694758579437253 14
0009 0000 1710064534037 19.5 -63.0 0.46019423636569234 14
0009 0005 1710064534038 19.5 -67.0 3.08636934522591 14
0009 0004 1710064534038 13.0 -63.5 4.884194828627882 14
0009 0006 1710064534039 -22.75 -66.0 6.191146459906448 14
0009 0008 1710064534039 81.375 -70.5 0.9203884727313847 14
0009 0001 1710064534040 198.5625 -69.0 2.5893595699509624 14
0009 0012 1710064534040 74.8125 -62.5 1.141281706186917 14
0009 0002 1710064534041 76.4375 -71.0 0.2086213871524472 14
0009 0014 1710064534042 3.25 -62.0 4.123340357836604 14
0009 0015 1710064534042 6.5 -58.5 0.07976700097005335 14
0009 0007 1710064534043 22.5625 -74.0 3.9453985864418692 14
0009 0000 1710064534043 -3.25 -63.5 0.48473792897186263 14
0009 0002 1710064534044 -111.4375 -70.5 0.44178646691106466 14
0009 0005 1710064534044 -16.25 -66.0 3.104777114680538 14
0009 0012 1710064534045 3.25 -62.5 1.2455923997631406 14
0009 0015 1710064534045 0.0 -58.5 0.1043106935762236 14
0009 0001 1710064534046 39.0 -70.5 2.6691265709210157 14
0009 0006 1710064534046 139.9375 -65.5 5.927301764390117 14
0009 0004 1710064534047 16.25 -63.5 4.933282213840222 14
0009 0014 1710064534048 -61.8125 -62.5 4.252194744018997 14
0009 0008 1710064534048 198.5625 -70.0 0.607456392002714 14
0009 0007 1710064534274 -5.4375 -74.0 3.9944859716542096 14
0009 0000 1710064534275 71.5625 -63.5 0.4172427743048944 14
0009 0015 1710064534276 26.0 -58.5 0.02454369260617026 14
0009 0004 1710064534276 68.3125 -63.5 4.853515212870168 14
0009 0005 1710064534276 -58.5625 -67.5 3.147728576741336 14
0009 0012 1710064534277 6.5 -62.5 1.2578642460662257 14
0009 0014 1710064534278 -6.5 -63.0 4.123340357836604 14
0009 0008 1710064534278 -52.0625 -70.5 0.9572040116406401 14
0009 0001 1710064534279 0.0 -69.5 2.8409324191642074 14
0009 0006 1710064534280 -48.8125 -66.5 0.006135923151542565 14
0009 0002 1710064534280 41.5 -70.0 0.28225246497095796 14
0009 0007 1710064534281 -2.4375 -74.0 0.8774370106705868 14
0009 0004 1710064534282 13.0 -63.5 4.902602598082509 14
0009 0012 1710064534282 19.5 -62.5 1.2455923997631406 14
0009 0005 1710064534283 -19.5 -66.0 3.1354567304382504 14
0009 0015 1710064534284 3.25 -58.0 0.09817477042468103 14
0009 0014 1710064534285 -39.0 -62.5 4.196971435655114 14
0009 0001 1710064534285 -16.25 -69.5 2.9697868053466014 14
0009 0006 1710064534286 -45.5625 -66.0 6.227961998815704 14
0009 0000 1710064534287 32.5 -63.5 0.4663301595172349 14
0009 0008 1710064534287 166.0 -70.5 0.6688156235181395 14
0009 0002 1710064534288 -21.125 -69.0 0.30679615757712825 14
0009 0007 1710064534300 1.8125 -74.0 0.9142525495798421 14
0009 0006 1710064534516 55.3125 -65.5 6.105243535784852 14
0009 0005 1710064534517 3.25 -66.0 2.9636508821950587 14
0009 0015 1710064534517 -3.25 -58.5 0.11044661672776616 14
0009 0000 1710064534518 -16.25 -63.0 0.5092816215780329 14
0009 0004 1710064534518 -6.5 -64.0 4.97623367590102 14
0009 0002 1710064534519 139.125 -70.5 0.1227184630308513 14
0009 0008 1710064534519 -126.9375 -69.5 1.1106020904292042 14
0009 0012 1710064534519 16.25 -62.5 1.227184630308513 14
0009 0014 1710064534520 -65.0625 -62.5 4.25833066717054 14
0009 0001 1710064534521 166.0 -69.5 2.5157284921324514 14
0009 0007 1710064534521 9.125 -74.0 0.8528933180644165 14
0009 0006 1710064534522 58.5625 -66.5 6.050020227420969 14
0009 0001 1710064534524 -42.3125 -70.0 2.8654761117703775 14
0009 0004 1710064534524 -39.0 -64.0 5.006913291658733 14
0009 0002 1710064534525 55.3125 -70.5 0.1902136176978195 14
0009 0008 1710064534525 -78.0625 -69.5 1.2333205534600555 14
0009 0005 1710064534526 -65.0625 -67.0 3.1661363461959633 14
0009 0015 1710064534526 26.0 -58.5 0.06135923151542565 14
0009 0014 1710064534527 -26.0 -62.0 4.154019973594316 14
0009 0012 1710064534527 -3.25 -62.5 1.2578642460662257 14
0009 0000 1710064534527 -3.25 -63.5 0.5031456984264903 14
0009 0007 1710064534560 4.25 -74.0 0.7547185476397354 14
0009 0009 1710064534799 -4.1875 -78.0 0.8222137023067037 14
0009 0006 1710064534800 -48.8125 -66.5 6.215690152512618 14
0009 0015 1710064534800 -9.75 -58.5 0.09817477042468103 14
0009 0014 1710064534801 -45.5625 -62.5 4.2092432819582 14
0009 0012 1710064534801 -13.0 -62.5 1.2885438618239387 14
0009 0004 1710064534801 6.5 -64.0 4.963961829597935 14
0009 0000 1710064534802 -22.75 -63.5 0.46019423636569234 14
0009 0001 1710064534802 -9.75 -70.0 2.724349879284899 14
0009 0005 1710064534803 26.0 -67.0 2.988194574801229 14
0009 0002 1710064534803 -62.625 -69.5 0.35588354278946877 14
0009 0008 1710064534804 -179.0 -71.5 0.9142525495798421 14
0009 0007 1710064534804 4.25 -74.0 0.7117670855789375 14
0009 0009 1710064534972 -1.5625 -78.5 0.6258641614573416 14
0009 0005 1710064534972 22.75 -67.0 3.067961575771282 14
0009 0015 1710064534973 -19.5 -58.5 0.1043106935762236 14
0009 0014 1710064534973 -3.25 -62.5 4.154019973594316 14
0009 0002 1710064534974 -215.625 -70.5 0.4540583132141498 14
0009 0006 1710064534974 19.5 -65.5 6.14819499784565 14
0009 0000 1710064534974 -22.75 -63.0 0.4970097752749477 14
0009 0004 1710064534975 -39.0 -63.5 4.994641445355648 14
0009 0012 1710064534975 9.75 -62.5 1.282407938672396 14
0009 0008 1710064534976 -32.5 -70.0 1.0062913968529805 14
0009 0001 1710064534976 110.625 -69.0 2.5954954931025047 14
0009 0007 1710064534977 -1.1875 -74.0 0.7853981633974483 14
0009 0009 1710064534978 -8.4375 -78.0 0.8528933180644165 14
0009 0015 1710064534978 29.25 -58.5 0.03681553890925539 14
0009 0002 1710064534979 114.6875 -70.0 0.09817477042468103 14
0009 0004 1710064534979 -71.5625 -63.5 4.945554060143307 14
0009 0005 1710064534979 97.625 -67.0 2.8654761117703775 14
0009 0000 1710064534980 9.75 -63.0 0.4724660826687775 14
0009 0014 1710064534980 9.75 -62.0 4.111068511533518 14
0009 0012 1710064534981 0.0 -62.5 1.214912784005428 14
0009 0006 1710064534981 52.0625 -66.0 6.092971689481767 14
0009 0008 1710064534982 58.5625 -71.0 0.8344855486097889 14
0009 0001 1710064534982 -78.0625 -69.5 3.0066023442558567 14
0009 0007 1710064535049 5.4375 -74.5 0.8283496254582462 14
