0009 0004 1710062849836 26.0 -62.0 6.2034183062095325 12
0009 0014 1710062849843 -55.3125 -69.0 3.650874275167826 12
0009 0010 1710062849844 -91.125 -65.0 0.9940195505498954 12
0009 0009 1710062849844 -130.1875 -64.5 3.11091303783208 12
0009 0000 1710062849845 0.0 -57.0 5.8045833013592665 12
0009 0015 1710062849845 87.875 -58.5 0.9142525495798421 12
0009 0012 1710062849846 -52.0625 -70.0 6.043884304269426 12
0009 0011 1710062849847 -13.0 -65.0 0.607456392002714 12
0009 0008 1710062849847 -104.125 -66.5 3.7122335066832517 12
0009 0013 1710062849848 -3.25 -57.0 5.295301679781233 12
0009 0007 1710062849848 -48.8125 -68.0 3.2090878082567613 12
0009 0003 1710062849849 -29.25 -68.0 1.1535535524900022 12
0009 0001 1710062849849 -6.625 -75.0 0.15339807878856412 12
0009 0005 1710062849850 0.8125 -73.5 5.258486140871978 12
0009 0011 1710062849850 -26.0 -68.5 5.884350302329319 12
0009 0009 1710062849851 -42.3125 -61.5 3.3072625786814425 12
0009 0015 1710062849851 35.75 -65.5 6.013204688511713 12
0009 0000 1710062849852 -9.75 -58.0 6.019340611663256 12
0009 0012 1710062849852 0.0 -68.0 0.28225246497095796 12
0009 0004 1710062849853 -19.5 -60.5 0.11044661672776616 12
0009 0003 1710062849854 45.5625 -67.5 1.1780972450961724 12
0009 0014 1710062849855 22.75 -70.0 1.5462526341887264 12
0009 0008 1710062849856 -3.25 -65.5 4.166291819897402 12
0009 0013 1710062849858 69.125 -65.0 0.9633399347921826 12
0009 0007 1710062849859 -73.1875 -71.5 3.54042765844006 12
0009 0013 1710062850010 -10.5625 -56.0 5.135767677841127 12
0009 0004 1710062850011 32.5 -60.5 6.117515382087937 12
0009 0007 1710062850012 -139.125 -70.0 3.184544115650591 12
0009 0000 1710062850013 19.5 -58.0 6.043884304269426 12
0009 0008 1710062850014 -107.375 -67.0 3.8533597391687304 12
0009 0009 1710062850015 16.25 -62.0 2.742757648739526 12
0009 0003 1710062850016 22.75 -68.0 1.214912784005428 12
0009 0015 1710062850017 -9.75 -57.5 1.9880391010997909 12
0009 0011 1710062850018 -42.3125 -64.5 0.380427235395639 12
0009 0012 1710062850019 -13.0 -66.0 0.21475731030398976 12
0009 0006 1710062850020 5.4375 -71.5 5.6573211457222445 12
0009 0013 1710062850021 17.0625 -65.5 4.657165672020807 12
0009 0009 1710062850022 -74.8125 -67.0 2.0371264863121317 12
0009 0004 1710062850023 -9.75 -60.0 5.994796919057086 12
0009 0008 1710062850024 -107.375 -68.5 3.6079228131070282 12
0009 0000 1710062850025 48.8125 -58.0 6.013204688511713 12
0009 0012 1710062850027 55.3125 -66.5 0.4172427743048944 12
0009 0015 1710062850028 22.75 -57.5 1.2885438618239387 12
0009 0011 1710062850029 120.4375 -68.0 6.209554229361076 12
0009 0003 1710062850030 -29.25 -68.0 1.380582709097077 12
0009 0007 1710062850031 90.3125 -71.0 3.4177091954092087 12
0009 0010 1710062850031 -146.4375 -69.0 4.0558452031696355 12
0009 0014 1710062850032 9.75 -69.0 5.1725832167503825 12
0009 0006 1710062850133 3.0 -72.5 2.055534255766759 12
0009 0011 1710062850133 91.125 -68.5 0.1595340019401067 12
0009 0013 1710062850134 -7.3125 -53.5 0.006135923151542565 12
0009 0004 1710062850135 19.5 -59.0 6.007068765360171 12
0009 0000 1710062850136 0.0 -58.5 6.037748381117884 12
0009 0012 1710062850137 39.0 -64.5 1.552388557340269 12
0009 0015 1710062850138 -78.0625 -60.0 4.154019973594316 12
0009 0008 1710062850139 -227.8125 -72.0 3.9515345095934116 12
0009 0007 1710062850140 -281.5625 -71.0 5.338253141842031 12
0009 0003 1710062850141 131.8125 -68.0 1.2640001692177683 12
0009 0009 1710062850141 139.9375 -71.5 1.7732817907958012 12
0009 0014 1710062850354 5.1875 -70.0 5.154175447295755 12
0009 0011 1710062850354 -61.8125 -64.0 4.957825906446392 12
0009 0015 1710062850355 -16.25 -61.5 4.608078286808466 12
0009 0004 1710062850356 16.25 -59.0 5.71868037723767 12
0009 0012 1710062850357 -87.875 -66.5 3.9269908169872414 12
0009 0000 1710062850358 -3.25 -57.5 6.160466844148735 12
0009 0013 1710062850359 -17.0625 -64.0 3.792000507653305 12
0009 0008 1710062850360 19.5 -66.5 3.5036121195308043 12
0009 0003 1710062850360 -73.1875 -67.5 1.3928545554001621 12
0009 0009 1710062850361 -18.6875 -73.5 0.868233125943273 12
0009 0014 1710062850362 21.9375 -60.5 5.022253099537589 12
0009 0005 1710062850363 7.875 -72.0 0.8467573949128739 12
0009 0010 1710062850365 2.6875 -71.5 5.516194913236766 12
0009 0004 1710062850366 -16.25 -58.5 5.387340527054372 12
0009 0000 1710062850367 -3.25 -58.0 6.191146459906448 12
0009 0010 1710062850368 -22.75 -67.0 2.748893571891069 12
0009 0006 1710062850369 35.75 -68.5 2.9022916506796332 12
0009 0011 1710062850370 -16.25 -62.5 5.982525072754001 12
0009 0009 1710062850370 -35.75 -69.0 3.1661363461959633 12
0009 0013 1710062850371 -17.0625 -67.0 1.8285050991596843 12
0009 0015 1710062850372 -29.25 -65.0 5.227806525114265 12
0009 0008 1710062850373 -68.3125 -69.0 3.2888548092268146 12
0009 0003 1710062850374 163.5625 -68.0 1.2885438618239387 12
0009 0012 1710062850584 16.75 -79.5 5.878214379177777 12
0009 0015 1710062850585 22.75 -64.5 5.853670686571607 12
0009 0010 1710062850587 -58.5625 -66.5 3.067961575771282 12
0009 0004 1710062850588 9.75 -59.5 5.921165841238575 12
0009 0011 1710062850589 -9.75 -64.5 5.307573526084319 12
0009 0000 1710062850590 16.25 -58.0 0.25770877236478773 12
0009 0003 1710062850590 323.0625 -68.0 1.1228739367322893 12
0009 0008 1710062850591 26.0 -71.0 3.3072625786814425 12
0009 0009 1710062850592 32.5 -68.5 2.8777479580734626 12
0009 0013 1710062850593 -5.1875 -74.5 2.2764274892222915 12
0009 0012 1710062850594 -7.625 -72.0 5.976389149602458 12
0009 0003 1710062850595 -139.9375 -68.5 1.6935147898257479 12
0009 0012 1710062850595 3.25 -58.5 5.313709449235861 12
0009 0014 1710062850596 26.0 -64.5 4.190835512503572 12
0009 0000 1710062850597 13.0 -57.5 0.25157284921324513 12
0009 0011 1710062850598 -91.125 -62.5 4.963961829597935 12
0009 0010 1710062850599 -91.125 -66.0 3.184544115650591 12
0009 0004 1710062850599 -3.25 -61.0 6.215690152512618 12
0009 0015 1710062850600 0.0 -63.5 4.25833066717054 12
0009 0009 1710062850601 -126.9375 -72.5 1.7855536370988863 12
0009 0013 1710062850602 -30.875 -63.0 4.264466590322082 12
0009 0008 1710062850603 -71.5625 -69.5 3.7551849687440497 12
0009 0000 1710062850806 45.5625 -57.5 0.23930100291016002 12
0009 0004 1710062850806 3.25 -60.5 0.35588354278946877 12
0009 0015 1710062850807 -61.8125 -62.5 3.9760782021995817 12
0009 0012 1710062850808 -16.25 -55.0 4.516039439535327 12
0009 0013 1710062850809 52.0625 -65.5 4.0987966652304335 12
0009 0014 1710062850809 -19.5 -68.0 2.1537090261914402 12
0009 0008 1710062850810 -65.0625 -70.0 3.785864584501762 12
0009 0003 1710062850811 139.125 -69.0 1.4296700943094176 12
0009 0011 1710062850812 -39.0 -66.0 6.160466844148735 12
0009 0009 1710062850813 37.375 -74.0 4.991573483779876 12
0009 0006 1710062850813 4.375 -73.0 1.0799224746714913 12
0009 0000 1710062850814 26.0 -58.5 0.619728238305799 12
0009 0014 1710062850815 -55.3125 -66.5 4.779884135051658 12
0009 0012 1710062850816 45.5625 -58.0 0.4111068511533518 12
0009 0003 1710062850816 -69.125 -67.0 1.8775924843720249 12
0009 0009 1710062850817 32.5 -71.0 1.9266798695843652 12
0009 0004 1710062850818 84.625 -64.0 1.012427320004523 12
0009 0015 1710062850819 -35.75 -60.5 4.902602598082509 12
0009 0008 1710062850820 -120.4375 -69.0 4.368777283898306 12
0009 0011 1710062850820 -113.875 -66.0 1.4051264017032472 12
0009 0013 1710062850890 20.75 -76.0 3.724505352986337 12
0009 0014 1710062851027 -61.8125 -68.5 4.921010367537137 12
0009 0009 1710062851027 -55.3125 -69.5 3.1354567304382504 12
0009 0000 1710062851028 32.5 -58.5 0.6135923151542565 12
0009 0007 1710062851029 -65.875 -71.5 4.031301510563465 12
0009 0013 1710062851030 10.5625 -59.5 5.178719139901925 12
0009 0011 1710062851031 6.5 -64.5 1.2517283229146832 12
0009 0004 1710062851032 26.0 -65.0 1.1167380135807468 12
0009 0015 1710062851032 0.0 -60.0 1.4603497100671303 12
0009 0003 1710062851033 -3.25 -68.0 1.9757672547967058 12
0009 0008 1710062851034 -32.5 -67.0 4.503767593232243 12
0009 0010 1710062851034 11.375 -67.5 4.813631712385142 12
0009 0012 1710062851035 -1.8125 -73.5 5.338253141842031 12
0009 0013 1710062851037 30.875 -63.0 1.2578642460662257 12
0009 0000 1710062851038 -26.0 -59.0 0.9203884727313847 12
0009 0003 1710062851038 -48.8125 -67.5 2.2212041808584084 12
0009 0004 1710062851039 58.5625 -62.0 1.1658253987930873 12
0009 0009 1710062851040 -32.5 -61.0 4.289010282928253 12
0009 0015 1710062851041 9.75 -65.5 5.485515297479052 12
0009 0011 1710062851056 22.75 -66.0 0.3988350048502667 12
0009 0008 1710062851058 -97.625 -67.5 5.190990986205009 12
0009 0007 1710062851142 6.6875 -73.0 4.97623367590102 12
0009 0012 1710062851142 -0.875 -71.5 4.95168998329485 12
0009 0013 1710062851143 38.1875 -59.5 6.160466844148735 12
0009 0000 1710062851144 3.25 -59.0 1.2087768608538851 12
0009 0004 1710062851145 -58.5625 -63.5 1.6873788666742053 12
0009 0015 1710062851146 3.25 -64.5 3.11091303783208 12
0009 0003 1710062851147 -90.3125 -67.5 2.3193789512830896 12
0009 0009 1710062851148 -26.0 -60.0 4.196971435655114 12
0009 0011 1710062851149 32.5 -63.0 1.5830681730979816 12
0009 0007 1710062851150 -235.9375 -70.0 5.387340527054372 12
0009 0008 1710062851152 -81.375 -67.5 5.3198453723874035 12
0009 0012 1710062851153 -87.875 -66.5 1.945087639038993 12
0009 0006 1710062851374 -4.25 -73.0 1.3008157081270237 12
0009 0014 1710062851374 -7.0 -74.0 1.9696313316451632 12
0009 0011 1710062851375 35.75 -62.0 1.846912868614312 12
0009 0000 1710062851376 22.75 -59.0 1.1658253987930873 12
0009 0003 1710062851377 97.625 -66.5 1.9266798695843652 12
0009 0012 1710062851377 -100.875 -67.5 2.9268353432858034 12
0009 0004 1710062851378 84.625 -62.0 0.8774370106705868 12
0009 0007 1710062851379 93.5625 -69.0 5.031456984264903 12
0009 0008 1710062851379 26.0 -67.0 4.97623367590102 12
0009 0009 1710062851380 -81.375 -66.0 3.32567034813607 12
0009 0015 1710062851381 19.5 -63.5 3.117048960983623 12
0009 0013 1710062851381 -4.875 -67.5 5.822991070813893 12
0009 0014 1710062851384 9.75 -71.0 4.721592865112004 12
0009 0013 1710062851384 21.125 -52.0 1.6935147898257479 12
0009 0004 1710062851385 22.75 -60.5 0.7179030087304801 12
0009 0000 1710062851386 26.0 -59.0 1.0492428589137786 12
0009 0005 1710062851386 3.25 -68.5 0.6013204688511713 12
0009 0009 1710062851387 -107.375 -70.5 2.8838838812250054 12
0009 0012 1710062851388 87.875 -65.0 3.2581751934691017 12
0009 0014 1710062851388 -16.25 -67.0 4.4976316700806995 12
0009 0011 1710062851389 29.25 -69.0 2.000310947402876 12
0009 0015 1710062851390 123.6875 -68.0 4.104932588381976 12
0009 0007 1710062851390 13.8125 -68.5 5.872078456026235 12
0009 0008 1710062851391 29.25 -68.5 4.657165672020807 12
0009 0003 1710062851392 131.8125 -66.0 1.7855536370988863 12
0009 0010 1710062851572 -3.25 -72.0 1.7119225592803755 12
0009 0001 1710062851573 -1.0625 -74.0 5.418020142812084 12
0009 0000 1710062851574 19.5 -58.0 0.9633399347921826 12
0009 0008 1710062851575 6.5 -67.0 4.528311285838413 12
0009 0003 1710062851575 -97.625 -66.0 1.8653206380689396 12
0009 0015 1710062851576 -19.5 -59.0 5.786175531904639 12
0009 0007 1710062851577 79.75 -69.0 0.35588354278946877 12
0009 0004 1710062851579 -16.25 -60.0 0.25770877236478773 12
0009 0013 1710062851580 21.125 -70.0 3.466796580621549 12
0009 0009 1710062851581 -146.4375 -73.5 1.902136176978195 12
0009 0011 1710062851582 -29.25 -69.5 0.7547185476397354 12
0009 0005 1710062851583 48.8125 -68.5 0.28838838812250056 12
0009 0012 1710062851584 14.625 -71.5 0.7853981633974483 12
0009 0014 1710062851585 4.25 -62.0 5.9518454569962875 12
0009 0001 1710062851586 -1.1875 -75.0 4.73693267299086 12
0009 0006 1710062851587 -5.1875 -70.5 1.88986433067511 12
0009 0015 1710062851633 13.0 -62.5 0.07976700097005335 12
0009 0011 1710062851634 26.0 -63.5 1.1658253987930873 12
0009 0014 1710062851635 9.75 -65.5 4.595806440505381 12
0009 0000 1710062851635 -3.25 -58.5 0.32520392703175593 12
0009 0003 1710062851636 21.125 -66.0 1.6566992509164924 12
0009 0009 1710062851637 -9.75 -66.0 3.018874190558942 12
0009 0004 1710062851638 -13.0 -58.5 6.086835766330224 12
0009 0006 1710062851638 39.0 -67.0 4.9394181369917645 12
0009 0008 1710062851639 29.25 -68.0 3.706097583531709 12
0009 0013 1710062851640 38.1875 -68.0 2.730485802436441 12
0009 0007 1710062851861 -7.875 -73.0 2.442097414313941 12
0009 0005 1710062851861 -2.6875 -74.0 0.944932165337555 12
0009 0003 1710062851862 27.625 -67.5 1.521708941582556 12
0009 0008 1710062851863 -113.875 -69.5 3.693825737228624 12
0009 0000 1710062851863 35.75 -58.5 0.5276893910326605 12
0009 0015 1710062851864 13.0 -61.5 1.0921943209745766 12
0009 0011 1710062851865 42.3125 -68.5 1.5462526341887264 12
0009 0004 1710062851865 -42.3125 -59.5 0.14726215563702155 12
0009 0009 1710062851866 16.25 -67.0 3.0495538063166547 12
0009 0007 1710062851866 -208.3125 -69.5 6.0991076126333095 12
0009 0013 1710062851867 -84.625 -70.0 1.9512235621905356 12
0009 0014 1710062851868 31.6875 -71.5 0.9387962421860124 12
0009 0005 1710062851868 -1.8125 -72.5 3.8717675086233583 12
0009 0003 1710062851869 -78.0625 -67.0 1.7916895602504288 12
0009 0000 1710062851870 26.0 -58.0 0.5092816215780329 12
0009 0014 1710062851870 -9.75 -61.5 4.73693267299086 12
0009 0011 1710062851871 9.75 -67.0 0.21475731030398976 12
0009 0015 1710062851872 -42.3125 -63.0 5.884350302329319 12
0009 0008 1710062851872 22.75 -69.0 3.5772431973493153 12
0009 0004 1710062851873 -42.3125 -60.0 0.21475731030398976 12
0009 0009 1710062851874 39.0 -70.0 1.607611865704152 12
0009 0013 1710062851874 -87.0625 -68.5 5.295301679781233 12
0009 0007 1710062852040 -9.125 -74.5 0.03681553890925539 12
0009 0012 1710062852041 -3.0 -73.5 5.080544369477243 12
0009 0006 1710062852041 -1.5 -73.0 2.7550294950426117 12
0009 0010 1710062852042 3.9375 -72.5 5.105088062083414 12
0009 0012 1710062852043 -6.5 -60.5 0.05522330836388308 12
0009 0003 1710062852043 -13.0 -67.0 1.8285050991596843 12
0009 0009 1710062852044 149.6875 -71.5 1.325359400733194 12
0009 0000 1710062852045 -19.5 -58.0 0.3865631585471816 12
0009 0015 1710062852045 58.5625 -61.5 5.270757987175063 12
0009 0007 1710062852046 7.3125 -69.5 5.915029918087033 12
0009 0004 1710062852047 19.5 -60.0 0.37429131224409645 12
0009 0013 1710062852047 30.875 -65.0 5.411884219660542 12
0009 0011 1710062852048 -3.25 -69.0 1.325359400733194 12
0009 0014 1710062852049 19.5 -66.0 3.06182565261974 12
0009 0008 1710062852050 -78.0625 -68.0 3.6876898140770815 12
0009 0006 1710062852056 5.1875 -72.0 0.5890486225480862 12
0009 0000 1710062852133 26.0 -58.5 0.44178646691106466 12
0009 0008 1710062852134 48.8125 -68.0 3.816544200259475 12
0009 0003 1710062852136 48.8125 -67.0 1.7303303287350031 12
0009 0009 1710062852137 100.875 -69.5 1.9880391010997909 12
0009 0015 1710062852138 -19.5 -60.0 5.706408530934585 12
0009 0011 1710062852138 130.1875 -66.0 1.7119225592803755 12
0009 0014 1710062852139 -3.25 -67.0 4.76147636559703 12
0009 0004 1710062852140 -45.5625 -61.5 0.9878836273983529 12
0009 0007 1710062852141 -69.125 -71.5 5.424156065963627 12
0009 0006 1710062852142 7.875 -72.5 1.7671458676442586 12
0009 0013 1710062852327 4.1875 -66.5 1.5585244804918115 12
0009 0010 1710062852327 -1.75 -70.0 4.779884135051658 12
0009 0009 1710062852328 35.75 -66.0 3.031146036862027 12
0009 0015 1710062852328 6.5 -61.5 0.8713010875190442 12
0009 0008 1710062852329 -13.0 -67.0 4.104932588381976 12
0009 0010 1710062852330 -32.5 -66.0 1.552388557340269 12
0009 0000 1710062852330 -16.25 -58.0 0.3620194659410113 12
0009 0003 1710062852331 121.25 -69.0 1.6260196351587797 12
0009 0013 1710062852331 -7.3125 -58.0 5.608233760509904 12
0009 0011 1710062852332 -16.25 -65.0 1.8162332528565992 12
0009 0007 1710062852332 -65.875 -68.0 4.896466674930966 12
0009 0004 1710062852333 -19.5 -63.5 0.9019807032767571 12
0009 0004 1710062852334 -32.5 -61.5 1.012427320004523 12
0009 0015 1710062852335 3.25 -64.0 0.5399612373357456 12
0009 0009 1710062852335 -45.5625 -62.0 3.663146121470911 12
0009 0011 1710062852336 13.0 -68.0 0.5460971604872883 12
0009 0007 1710062852336 125.3125 -69.5 5.675728915176872 12
0009 0000 1710062852337 -3.25 -58.5 0.4356505437595221 12
0009 0003 1710062852337 -21.125 -67.0 2.0064468705544187 12
0009 0008 1710062852338 -94.375 -65.5 4.571262747899211 12
0009 0012 1710062852338 -55.3125 -67.0 2.8838838812250054 12
0009 0013 1710062852379 10.5625 -75.0 2.5740197620721057 12
0009 0010 1710062852380 -18.25 -72.5 5.129631754689584 12
0009 0014 1710062852380 10.9375 -74.0 5.8659425328746915 12
0009 0007 1710062852551 -45.5625 -70.5 5.5714182216006485 12
0009 0009 1710062852551 -13.0 -62.0 3.3624858870453256 12
0009 0000 1710062852551 16.25 -58.5 0.46019423636569234 12
0009 0004 1710062852552 16.25 -61.5 1.0062913968529805 12
0009 0008 1710062852553 6.5 -66.0 4.227651051412827 12
0009 0012 1710062852553 74.8125 -64.5 2.0371264863121317 12
0009 0015 1710062852554 -136.6875 -65.5 5.056000676871073 12
0009 0011 1710062852554 -6.5 -65.0 1.2762720155208536 12
0009 0003 1710062852555 -24.375 -68.0 1.9389517158874505 12
0009 0013 1710062852555 -13.8125 -72.0 6.062292073724054 12
0009 0006 1710062852556 4.25 -71.5 1.0799224746714913 12
0009 0007 1710062852556 45.5625 -70.5 4.700117134081604 12
0009 0006 1710062852558 -169.25 -71.0 0.8958447801252144 12
0009 0000 1710062852558 -26.0 -58.5 0.36815538909255385 12
0009 0013 1710062852559 -10.5625 -63.5 4.963961829597935 12
0009 0004 1710062852559 -6.5 -60.5 0.5092816215780329 12
0009 0011 1710062852560 26.0 -65.0 2.1782527187976104 12
0009 0015 1710062852561 6.5 -59.0 5.608233760509904 12
0009 0003 1710062852562 149.6875 -68.5 1.5953400194010667 12
0009 0009 1710062852562 32.5 -68.5 2.5893595699509624 12
0009 0012 1710062852563 35.75 -65.0 1.7426021750380885 12
0009 0014 1710062852563 -113.875 -69.5 5.485515297479052 12
0009 0008 1710062852564 -74.8125 -66.5 3.9822141253511245 12
0009 0012 1710062852772 74.8125 -62.5 2.270291566070749 12
0009 0000 1710062852773 3.25 -58.5 0.2761165418194154 12
0009 0008 1710062852773 9.75 -68.5 3.9515345095934116 12
0009 0004 1710062852774 -6.5 -60.0 0.4356505437595221 12
0009 0014 1710062852774 68.3125 -67.0 5.154175447295755 12
0009 0003 1710062852775 -41.5 -67.5 1.6873788666742053 12
0009 0015 1710062852775 -113.875 -69.0 4.172427743048944 12
0009 0013 1710062852776 13.8125 -52.5 1.8407769454627694 12
0009 0007 1710062852776 -45.5625 -68.0 5.71868037723767 12
0009 0011 1710062852777 6.5 -67.5 2.6016314162540475 12
0009 0009 1710062852777 -87.875 -70.0 2.073942025221387 12
0009 0006 1710062852778 0.5625 -71.5 5.835262917116979 12
0009 0014 1710062852778 9.75 -68.5 3.08636934522591 12
0009 0015 1710062852779 42.3125 -66.0 4.902602598082509 12
0009 0000 1710062852779 3.25 -59.0 0.12885438618239387 12
0009 0008 1710062852780 3.25 -68.5 3.393165502803038 12
0009 0004 1710062852781 -16.25 -59.5 6.270913460876501 12
0009 0013 1710062852781 -7.3125 -55.0 5.21553467881118 12
0009 0003 1710062852782 -9.75 -67.5 1.5462526341887264 12
0009 0011 1710062852782 -94.375 -69.5 0.521553467881118 12
0009 0007 1710062852783 -10.5625 -68.5 0.006135923151542565 12
0009 0010 1710062852783 -260.375 -70.0 5.105088062083414 12
0009 0009 1710062852784 -71.5625 -71.5 0.8528933180644165 12
0009 0012 1710062852880 15.8125 -71.0 0.0 12
0009 0005 1710062852880 2.875 -72.5 5.902758071783947 12
0009 0006 1710062852881 -0.875 -73.0 0.8897088569736719 12
0009 0011 1710062853006 0.0 -61.5 6.007068765360171 12
0009 0009 1710062853006 9.75 -67.0 1.8039614065535141 12
0009 0012 1710062853006 3.25 -59.5 0.5031456984264903 12
0009 0006 1710062853007 -78.0625 -70.0 3.847223816017188 12
0009 0008 1710062853007 -16.25 -69.0 2.60776733940559 12
0009 0015 1710062853008 -97.625 -65.0 5.197126909356553 12
0009 0004 1710062853009 -48.8125 -59.0 5.66959299202533 12
0009 0013 1710062853009 52.0625 -69.5 2.675262494072558 12
0009 0014 1710062853010 -22.75 -64.0 5.737088146692298 12
0009 0000 1710062853010 16.25 -58.5 6.037748381117884 12
0009 0003 1710062853011 55.3125 -67.5 1.2210487071569704 12
0009 0007 1710062853011 0.25 -74.5 4.638757902566179 12
0009 0009 1710062853013 19.5 -67.0 2.6998061866787286 12
0009 0004 1710062853013 -55.3125 -59.0 5.595961914206819 12
0009 0000 1710062853014 13.0 -59.0 6.215690152512618 12
0009 0014 1710062853014 136.6875 -70.0 4.344233591292136 12
0009 0003 1710062853015 197.6875 -68.0 1.1780972450961724 12
0009 0007 1710062853016 -27.625 -69.5 5.295301679781233 12
0009 0008 1710062853017 16.25 -68.0 2.7550294950426117 12
0009 0015 1710062853017 -3.25 -63.5 0.5645049299419159 12
0009 0006 1710062853018 9.75 -70.0 3.5956509668039427 12
0009 0011 1710062853018 -48.8125 -66.0 0.42337869745643697 12
0009 0012 1710062853133 -1.75 -72.5 0.18407769454627693 12
0009 0013 1710062853134 -0.8125 -74.5 5.976389149602458 12
0009 0004 1710062853134 -3.25 -59.5 6.019340611663256 12
0009 0015 1710062853135 29.25 -63.0 5.3627968344482015 12
0009 0009 1710062853135 -65.0625 -67.5 1.4173982480063325 12
0009 0000 1710062853136 -16.25 -58.0 0.030679615757712823 12
0009 0010 1710062853137 52.0625 -67.0 2.2886993355253766 12
0009 0014 1710062853138 22.75 -59.5 3.497476196379262 12
0009 0011 1710062853139 -97.625 -62.5 5.160311370447297 12
0009 0003 1710062853140 -9.75 -67.5 1.4480778637640452 12
0009 0008 1710062853140 -97.625 -69.5 3.1968159619536762 12
0009 0012 1710062853141 -13.0 -60.5 5.810719224510809 12
0009 0013 1710062853142 -30.875 -70.0 3.7429131224409646 12
0009 0007 1710062853360 121.25 -72.5 5.074408446325701 12
0009 0011 1710062853361 -139.9375 -66.0 5.203262832508095 12
0009 0012 1710062853361 16.25 -65.0 0.6504078540635119 12
0009 0015 1710062853362 -19.5 -63.0 4.933282213840222 12
0009 0000 1710062853362 -45.5625 -57.5 6.19728238305799 12
0009 0003 1710062853363 97.625 -67.5 1.2946797849754812 12
0009 0008 1710062853363 94.375 -67.5 2.6568547246179306 12
0009 0004 1710062853364 22.75 -60.5 6.22182607566416 12
0009 0013 1710062853364 -17.0625 -63.0 3.9453985864418692 12
0009 0009 1710062853365 149.6875 -69.5 0.7301748550335652 12
0009 0014 1710062853365 26.8125 -71.0 4.933282213840222 12
0009 0010 1710062853366 17.6875 -72.0 5.240078371417351 12
0009 0006 1710062853366 -0.25 -72.5 5.970253226450915 12
0009 0012 1710062853367 26.0 -53.0 2.1782527187976104 12
0009 0004 1710062853367 -39.0 -60.0 0.19634954084936207 12
0009 0015 1710062853368 35.75 -61.5 4.595806440505381 12
0009 0000 1710062853368 -3.25 -57.5 5.970253226450915 12
0009 0013 1710062853369 -38.1875 -67.0 4.178563666200486 12
0009 0003 1710062853370 113.875 -68.5 1.337631247036279 12
0009 0014 1710062853370 9.75 -65.5 2.9391071895888885 12
0009 0008 1710062853371 -6.5 -68.5 2.9329712664373457 12
0009 0009 1710062853371 156.1875 -70.5 1.8100973297050567 12
0009 0007 1710062853372 -246.5625 -71.5 4.374913207049849 12
0009 0011 1710062853379 12.1875 -70.0 0.09203884727313846 12
0009 0009 1710062853586 84.625 -68.5 1.8223691760081417 12
0009 0000 1710062853586 -16.25 -57.5 6.166602767300278 12
0009 0015 1710062853586 -45.5625 -62.0 4.405592822807561 12
0009 0003 1710062853587 83.0 -68.5 1.3130875544301088 12
0009 0012 1710062853587 -9.75 -68.5 1.0369710126106935 12
0009 0011 1710062853588 84.625 -68.0 0.4540583132141498 12
0009 0008 1710062853588 -35.75 -64.5 3.3379421944391554 12
0009 0004 1710062853589 -16.25 -61.5 0.3190680038802134 12
0009 0014 1710062853589 -156.1875 -71.5 4.81056375080937 12
0009 0007 1710062853589 -30.875 -69.5 3.9944859716542096 12
0009 0013 1710062853590 13.0 -62.5 1.4695535947944443 12
0009 0015 1710062853590 29.25 -61.0 4.454680208019902 12
0009 0012 1710062853592 -22.75 -66.0 3.227495577711389 12
0009 0008 1710062853592 26.0 -65.5 3.724505352986337 12
0009 0003 1710062853593 -27.625 -68.5 1.607611865704152 12
0009 0009 1710062853593 -65.0625 -62.0 3.227495577711389 12
0009 0011 1710062853594 -19.5 -67.0 0.14726215563702155 12
0009 0000 1710062853594 9.75 -57.5 6.092971689481767 12
0009 0004 1710062853594 -35.75 -60.0 0.42337869745643697 12
0009 0013 1710062853595 74.8125 -64.0 1.3314953238847365 12
0009 0007 1710062853644 9.125 -75.0 4.71238898038469 12
0009 0006 1710062853813 0.875 -73.0 2.3316507975861747 12
0009 0011 1710062853814 -29.25 -66.0 0.30066023442558565 12
0009 0009 1710062853814 -13.0 -61.0 3.2765829629237295 12
0009 0008 1710062853815 -3.25 -65.0 3.9822141253511245 12
0009 0003 1710062853815 69.125 -69.0 1.2885438618239387 12
0009 0015 1710062853815 -91.125 -64.5 0.0674951546669682 12
0009 0006 1710062853816 -48.8125 -69.5 5.706408530934585 12
0009 0004 1710062853816 -6.5 -62.0 0.6013204688511713 12
0009 0000 1710062853817 9.75 -58.0 6.14819499784565 12
0009 0013 1710062853817 0.0 -66.0 1.5585244804918115 12
0009 0012 1710062853818 9.75 -64.5 2.3071071049800045 12
0009 0007 1710062853818 12.1875 -73.0 1.7211264440076894 12
0009 0011 1710062853819 16.25 -64.0 1.239456476611598 12
0009 0013 1710062853820 -13.8125 -57.0 5.283029833478148 12
0009 0004 1710062853820 3.25 -60.0 0.1902136176978195 12
0009 0012 1710062853820 32.5 -60.0 2.012582793705961 12
0009 0009 1710062853821 61.8125 -63.5 2.5586799541932495 12
0009 0003 1710062853821 -45.5625 -68.5 1.4787574795217582 12
0009 0000 1710062853822 -48.8125 -58.5 6.264777537724958 12
0009 0008 1710062853822 0.0 -66.0 3.552699504743145 12
0009 0015 1710062853822 -16.25 -56.5 0.4049709280018093 12
0009 0006 1710062853823 -87.875 -70.0 5.436427912266712 12
0009 0007 1710062853880 35.75 -72.0 4.1601558967458585 12
0009 0010 1710062853880 -1.8125 -73.5 0.8835729338221293 12
0009 0009 1710062854046 68.3125 -68.0 1.4173982480063325 12
0009 0003 1710062854046 -30.875 -67.5 1.5278448647340985 12
0009 0012 1710062854046 9.75 -56.0 2.509592568980909 12
0009 0014 1710062854047 13.0 -69.5 6.062292073724054 12
0009 0004 1710062854047 22.75 -60.0 0.4111068511533518 12
0009 0006 1710062854047 39.0 -69.0 4.0558452031696355 12
0009 0008 1710062854048 -3.25 -67.0 3.6079228131070282 12
0009 0000 1710062854048 -3.25 -58.0 6.277049384028044 12
0009 0007 1710062854049 -170.0625 -72.0 4.994641445355648 12
0009 0013 1710062854049 13.8125 -55.5 2.497320722677824 12
0009 0011 1710062854050 55.3125 -67.5 1.2701360923693108 12
0009 0015 1710062854050 42.3125 -70.0 3.724505352986337 12
0009 0010 1710062854051 -1.5 -72.0 1.0799224746714913 12
0009 0004 1710062854051 -42.3125 -58.0 0.15339807878856412 12
0009 0006 1710062854052 78.0625 -66.0 2.8838838812250054 12
0009 0007 1710062854052 59.375 -71.5 5.45483568172134 12
0009 0003 1710062854053 -10.5625 -68.0 1.4910293258248433 12
0009 0015 1710062854053 -120.4375 -63.5 4.614214209960009 12
0009 0013 1710062854053 3.25 -57.5 4.828971520263998 12
0009 0009 1710062854054 81.375 -70.5 0.9326603190344698 12
0009 0000 1710062854055 29.25 -59.0 6.270913460876501 12
0009 0008 1710062854056 58.5625 -68.5 2.9820586516496865 12
0009 0011 1710062854129 11.5625 -72.5 5.737088146692298 12
0009 0012 1710062854129 8.1875 -73.5 0.22089323345553233 12
0009 0014 1710062854273 4.6875 -67.5 1.1719613219446299 12
0009 0000 1710062854273 -22.75 -58.0 6.2034183062095325 12
0009 0008 1710062854273 -22.75 -67.5 2.9084275738311756 12
0009 0015 1710062854274 16.25 -61.5 5.203262832508095 12
0009 0003 1710062854274 29.25 -68.0 1.1474176293384597 12
0009 0011 1710062854275 -29.25 -62.5 4.847379289718626 12
0009 0009 1710062854275 -71.5625 -70.5 1.3867186322486196 12
0009 0004 1710062854275 3.25 -59.0 5.927301764390117 12
0009 0012 1710062854276 -6.5 -58.5 5.890486225480862 12
0009 0013 1710062854276 90.3125 -66.0 1.2885438618239387 12
0009 0014 1710062854277 -22.75 -60.0 5.399612373357457 12
0009 0006 1710062854277 -32.5 -65.5 2.478912953223196 12
0009 0004 1710062854278 -29.25 -58.0 6.019340611663256 12
0009 0006 1710062854279 52.0625 -63.5 2.2150682577068657 12
0009 0008 1710062854279 -35.75 -68.0 2.9513790358919736 12
0009 0011 1710062854280 -42.3125 -64.0 6.191146459906448 12
0009 0014 1710062854280 -35.75 -67.5 4.147884050442774 12
0009 0000 1710062854281 -42.3125 -58.5 0.0859029241215959 12
0009 0015 1710062854281 -87.875 -67.0 5.166447293598839 12
0009 0003 1710062854281 19.5 -68.0 1.41126232485479 12
0009 0009 1710062854282 -22.75 -65.0 2.6568547246179306 12
0009 0012 1710062854282 -113.875 -74.5 1.8100973297050567 12
0009 0013 1710062854283 114.6875 -69.0 2.1537090261914402 12
0009 0015 1710062854493 -16.25 -61.5 6.209554229361076 12
0009 0011 1710062854493 -87.875 -66.5 5.50392306693368 12
0009 0000 1710062854493 -22.75 -58.0 0.3865631585471816 12
0009 0014 1710062854494 -87.875 -66.5 3.792000507653305 12
0009 0006 1710062854494 29.25 -66.0 2.411417798556228 12
0009 0004 1710062854495 -68.3125 -59.5 0.2638446955163303 12
0009 0003 1710062854495 -104.125 -68.5 1.6260196351587797 12
0009 0013 1710062854496 93.5625 -71.5 2.3746022596469727 12
0009 0009 1710062854496 -58.5625 -66.0 2.380738182798515 12
0009 0012 1710062854497 26.0 -73.0 0.7424467013366504 12
0009 0008 1710062854497 -289.6875 -69.5 3.5342917352885173 12
0009 0010 1710062854498 1.9375 -74.5 5.724816300389213 12
0009 0014 1710062854498 61.8125 -67.0 4.184699589352029 12
0009 0006 1710062854499 65.0625 -68.5 3.2704470397721868 12
0009 0003 1710062854499 41.5 -68.5 1.6198837120072371 12
0009 0012 1710062854500 3.25 -62.5 4.638757902566179 12
0009 0013 1710062854500 -10.5625 -61.5 4.25833066717054 12
0009 0011 1710062854500 -48.8125 -65.5 5.289165756629691 12
0009 0009 1710062854501 -146.4375 -71.0 1.2640001692177683 12
0009 0004 1710062854502 -29.25 -60.0 0.3620194659410113 12
0009 0015 1710062854502 -35.75 -62.0 4.963961829597935 12
0009 0000 1710062854502 -6.5 -58.0 0.4540583132141498 12
0009 0008 1710062854503 152.9375 -68.5 2.8838838812250054 12
0009 0011 1710062854628 19.5 -68.5 6.062292073724054 12
0009 0014 1710062854632 32.5 -68.5 2.9022916506796332 12
0009 0000 1710062854634 19.5 -58.0 0.44178646691106466 12
0009 0006 1710062854635 -65.0625 -69.0 3.9822141253511245 12
0009 0013 1710062854642 21.125 -61.0 4.190835512503572 12
0009 0012 1710062854643 -19.5 -53.5 4.558990901596125 12
0009 0003 1710062854644 -52.0625 -68.5 1.5707963267948966 12
0009 0015 1710062854645 58.5625 -61.0 4.577398671050753 12
0009 0008 1710062854646 166.0 -68.5 3.074097498922825 12
0009 0004 1710062854646 13.0 -59.5 0.5338253141842031 12
0009 0007 1710062854647 104.125 -72.0 4.9823695990525625 12
0009 0009 1710062854647 -198.5625 -72.0 1.7548740213411735 12
