0000 0015 1710491236769 -218.0625 -69.0 4.921010367537137 11
0000 0008 1710491236776 -9.75 -56.5 4.295146206079795 11
0000 0004 1710491236777 19.5 -59.5 0.5706408530934585 11
0000 0013 1710491236777 3.25 -67.5 1.4726215563702154 11
0000 0012 1710491236778 -13.0 -58.0 1.8162332528565992 11
0000 0000 1710491236778 62.625 -63.5 5.448699758569798 11
0000 0005 1710491236779 -42.3125 -65.0 1.4787574795217582 11
0000 0007 1710491236780 32.5 -64.0 6.031612457966341 11
0000 0009 1710491236780 3.25 -53.5 0.5338253141842031 11
0000 0006 1710491236780 -26.0 -68.5 2.736621725587984 11
0000 0011 1710491236781 6.5 -66.5 0.9940195505498954 11
0000 0002 1710491236781 -55.3125 -75.0 0.7547185476397354 11
0000 0010 1710491236782 3.25 -70.5 5.565282298449106 11
0000 0012 1710491236782 -121.25 -68.0 3.9576704327449543 11
0000 0002 1710491236783 110.625 -71.5 1.9205439464328227 11
0000 0008 1710491236784 6.5 -52.0 4.368777283898306 11
0000 0009 1710491236784 -7.3125 -55.0 0.7915340865489908 11
0000 0007 1710491236785 130.1875 -70.0 3.147728576741336 11
0000 0004 1710491236785 -26.0 -66.0 4.221515128261284 11
0000 0015 1710491236786 -35.75 -67.5 4.970097752749477 11
0000 0011 1710491236786 45.5625 -61.5 1.1290098598838318 11
0000 0006 1710491236787 16.25 -64.0 1.5462526341887264 11
0000 0010 1710491236788 -22.75 -70.0 5.724816300389213 11
0000 0005 1710491236790 42.3125 -63.5 1.8530487917658545 11
0000 0000 1710491236791 -55.3125 -65.5 4.957825906446392 11
0000 0004 1710491236994 -71.5625 -67.5 4.503767593232243 11
0000 0009 1710491236995 -21.125 -55.0 0.9878836273983529 11
0000 0007 1710491236996 55.3125 -64.0 3.792000507653305 11
0000 0008 1710491236997 -6.5 -52.5 4.669437518323892 11
0000 0011 1710491236998 32.5 -61.0 1.0799224746714913 11
0000 0000 1710491236999 3.25 -65.0 4.743068596142402 11
0000 0006 1710491237000 -45.5625 -64.0 1.8223691760081417 11
0000 0012 1710491237013 -13.8125 -58.0 0.9019807032767571 11
0000 0010 1710491237015 -65.0625 -70.0 6.12365130523948 11
0000 0005 1710491237016 32.5 -63.0 1.9082721001297376 11
0000 0015 1710491237017 -6.5 -68.5 4.798291904506286 11
0000 0002 1710491237018 32.5 -71.5 2.12916533358527 11
0000 0004 1710491237019 -32.5 -62.5 1.3499030933393643 11
0000 0010 1710491237020 78.0625 -68.5 5.1725832167503825 11
0000 0009 1710491237021 -13.8125 -54.0 0.7669903939428205 11
0000 0000 1710491237022 22.75 -64.0 5.043728830567988 11
0000 0011 1710491237023 -52.0625 -67.0 1.0737865515199487 11
0000 0012 1710491237023 6.5 -57.0 3.6201946594101133 11
0000 0008 1710491237037 16.25 -55.5 3.749049045592507 11
0000 0007 1710491237038 6.5 -65.5 0.7240389318820226 11
0000 0006 1710491237038 3.25 -69.0 4.657165672020807 11
0000 0014 1710491237039 -45.5625 -68.0 2.429825568010856 11
0000 0005 1710491237091 -21.125 -68.0 3.2397674240144743 11
0000 0015 1710491237092 1.5 -71.0 1.8100973297050567 11
0000 0002 1710491237093 4.6875 -78.5 0.9081166264282996 11
0000 0013 1710491237094 3.1875 -71.0 6.1850105367549055 11
0000 0012 1710491237251 0.0 -63.0 3.067961575771282 11
0000 0006 1710491237252 6.5 -60.5 3.8410878928656453 11
0000 0008 1710491237253 -48.8125 -51.5 3.9638063558964967 11
0000 0005 1710491237254 -6.5 -62.0 3.6017868899554855 11
0000 0015 1710491237254 39.0 -66.5 4.859651136021712 11
0000 0009 1710491237255 -13.8125 -49.5 0.662679700366597 11
0000 0011 1710491237256 -35.75 -61.5 5.47937937432751 11
0000 0007 1710491237257 -22.75 -57.0 5.872078456026235 11
0000 0000 1710491237258 26.0 -63.0 4.92714629068868 11
0000 0002 1710491237259 -78.0625 -70.0 2.0923497946760143 11
0000 0014 1710491237260 6.5 -68.0 2.890019804376548 11
0000 0004 1710491237261 -20.3125 -74.0 2.2242721424341796 11
0000 0010 1710491237264 12.8125 -72.5 3.6876898140770815 11
0000 0013 1710491237265 4.25 -64.5 5.540738605842936 11
0000 0005 1710491237266 -16.25 -67.0 5.620505606812989 11
0000 0013 1710491237267 22.75 -58.0 0.9817477042468103 11
0000 0011 1710491237268 -48.8125 -64.0 0.9203884727313847 11
0000 0008 1710491237269 3.25 -56.5 3.423845118560751 11
0000 0012 1710491237270 6.5 -63.0 3.822680123411018 11
0000 0004 1710491237271 -22.75 -59.0 4.442408361716817 11
0000 0000 1710491237271 9.75 -62.5 4.957825906446392 11
0000 0010 1710491237272 0.0 -64.0 4.589670517353839 11
0000 0007 1710491237273 -13.0 -62.0 4.344233591292136 11
0000 0009 1710491237274 -13.8125 -57.0 5.6573211457222445 11
0000 0006 1710491237275 -13.0 -54.5 0.8713010875190442 11
0000 0015 1710491237275 97.625 -68.5 0.5951845456996288 11
0000 0002 1710491237276 9.75 -67.0 3.847223816017188 11
0000 0003 1710491237341 -2.4375 -74.0 6.12365130523948 11
0000 0010 1710491237498 -81.375 -65.0 5.497787143782138 11
0000 0012 1710491237499 19.5 -59.0 4.73693267299086 11
0000 0003 1710491237500 22.75 -70.0 5.798447378207723 11
0000 0007 1710491237501 -13.0 -64.0 1.0615147052168636 11
0000 0005 1710491237502 17.0625 -63.0 2.1353012567368124 11
0000 0008 1710491237502 9.75 -53.5 3.663146121470911 11
0000 0013 1710491237503 78.0625 -63.0 2.4727770300716534 11
0000 0009 1710491237504 -10.5625 -56.0 5.798447378207723 11
0000 0006 1710491237505 -6.5 -59.0 4.988505522204105 11
0000 0011 1710491237506 9.75 -62.0 1.5462526341887264 11
0000 0002 1710491237507 -68.3125 -69.0 4.3074180523828804 11
0000 0000 1710491237508 -9.75 -63.5 5.491651220630596 11
0000 0004 1710491237509 9.75 -59.5 0.5399612373357456 11
0000 0015 1710491237510 -0.5625 -69.0 4.338097668140593 11
0000 0003 1710491237511 -9.75 -71.5 5.939573610693203 11
0000 0015 1710491237511 13.0 -63.0 0.2945243112740431 11
0000 0010 1710491237512 6.5 -64.0 6.000932842208628 11
0000 0012 1710491237513 -9.75 -61.0 4.896466674930966 11
0000 0008 1710491237514 -3.25 -56.0 4.344233591292136 11
0000 0007 1710491237514 32.5 -61.5 1.761009944492716 11
0000 0002 1710491237515 -35.75 -65.0 4.289010282928253 11
0000 0013 1710491237516 0.0 -60.0 1.0492428589137786 11
0000 0000 1710491237517 52.0625 -61.5 5.264622064023521 11
0000 0004 1710491237518 -16.25 -56.0 5.93343768754166 11
0000 0011 1710491237520 6.5 -59.0 0.6565437772150544 11
0000 0014 1710491237521 -179.0 -73.0 3.1661363461959633 11
0000 0009 1710491237522 3.25 -55.5 0.9203884727313847 11
0000 0006 1710491237522 -16.25 -55.5 0.9940195505498954 11
0000 0005 1710491237523 61.8125 -63.0 3.423845118560751 11
0000 0009 1710491237738 -22.75 -52.5 1.7978254834019713 11
0000 0005 1710491237739 27.625 -64.0 6.129787228391022 11
0000 0000 1710491237740 -19.5 -63.5 5.424156065963627 11
0000 0011 1710491237740 26.0 -59.0 0.39269908169872414 11
0000 0008 1710491237742 3.25 -50.0 4.356505437595221 11
0000 0004 1710491237743 -29.25 -59.0 1.7241944055834606 11
0000 0015 1710491237743 97.625 -69.0 5.945709533844745 11
0000 0007 1710491237744 9.75 -57.0 1.8039614065535141 11
0000 0006 1710491237745 -16.25 -58.0 5.289165756629691 11
0000 0012 1710491237746 35.75 -54.5 4.301282129231338 11
0000 0014 1710491237746 -97.625 -67.5 2.5832236467994196 11
0000 0002 1710491237747 123.6875 -67.5 2.3439226438892597 11
0000 0010 1710491237748 0.25 -66.0 4.76147636559703 11
0000 0013 1710491237749 0.875 -70.0 0.37429131224409645 11
0000 0011 1710491237750 35.75 -66.0 2.325514874434632 11
0000 0005 1710491237750 -22.75 -62.5 5.092816215780329 11
0000 0004 1710491237751 74.8125 -63.0 2.0923497946760143 11
0000 0006 1710491237752 26.0 -64.0 0.9940195505498954 11
0000 0010 1710491237753 -29.25 -62.0 0.944932165337555 11
0000 0000 1710491237754 -71.5625 -63.5 5.890486225480862 11
0000 0007 1710491237755 -13.0 -60.0 6.209554229361076 11
0000 0009 1710491237756 10.5625 -55.0 1.4419419406125027 11
0000 0008 1710491237756 3.25 -54.0 5.092816215780329 11
0000 0013 1710491237757 156.1875 -70.5 1.902136176978195 11
0000 0012 1710491237758 6.5 -60.5 6.252505691421874 11
0000 0015 1710491237841 1.1875 -71.5 2.5157284921324514 11
0000 0002 1710491237842 0.0 -77.0 1.0615147052168636 11
0000 0005 1710491237990 1.75 -73.5 0.07976700097005335 11
0000 0011 1710491237990 0.0 -62.5 1.3560390164909069 11
0000 0008 1710491237991 13.0 -53.0 4.325825821837508 11
0000 0005 1710491237991 -59.375 -68.0 1.1535535524900022 11
0000 0004 1710491237992 -32.5 -64.0 5.129631754689584 11
0000 0012 1710491237993 65.875 -68.5 4.890330751779424 11
0000 0009 1710491237993 -13.8125 -53.5 1.0185632431560658 11
0000 0000 1710491237994 39.0 -66.5 5.129631754689584 11
0000 0015 1710491237995 -3.25 -68.5 5.688000761479957 11
0000 0006 1710491237995 55.3125 -64.0 2.3316507975861747 11
0000 0002 1710491237996 143.1875 -72.0 1.564660403643354 11
0000 0013 1710491237997 38.25 -72.0 5.3842725654786 11
0000 0010 1710491237997 24.375 -70.5 3.9699422790480394 11
0000 0007 1710491237998 -1.1875 -65.5 0.11044661672776616 11
0000 0010 1710491237999 -146.4375 -69.0 1.2640001692177683 11
0000 0005 1710491238000 9.75 -63.5 1.5830681730979816 11
0000 0007 1710491238000 -6.5 -59.5 4.166291819897402 11
0000 0009 1710491238001 3.25 -54.5 1.3069516312785663 11
0000 0012 1710491238002 -35.75 -67.0 4.657165672020807 11
0000 0008 1710491238002 -13.0 -51.5 5.129631754689584 11
0000 0000 1710491238003 -16.25 -66.0 5.006913291658733 11
0000 0006 1710491238004 -13.0 -63.5 1.9819031779482483 11
0000 0015 1710491238005 -91.125 -68.5 5.884350302329319 11
0000 0011 1710491238006 -19.5 -59.5 1.736466251886546 11
0000 0002 1710491238008 -61.8125 -72.0 2.380738182798515 11
0000 0003 1710491238101 10.375 -74.0 5.098952138931871 11
0000 0004 1710491238102 1.5 -73.0 4.442408361716817 11
0000 0014 1710491238103 -9.125 -76.0 0.4356505437595221 11
0000 0008 1710491238241 -26.0 -54.5 4.798291904506286 11
0000 0012 1710491238241 13.0 -56.5 6.135923151542564 11
0000 0000 1710491238242 130.1875 -67.0 5.117359908386499 11
0000 0009 1710491238243 10.5625 -54.5 1.4296700943094176 11
0000 0010 1710491238244 45.5625 -66.0 0.803805932852076 11
0000 0011 1710491238245 -16.25 -63.5 1.576932249946439 11
0000 0002 1710491238245 -126.9375 -72.0 2.055534255766759 11
0000 0006 1710491238246 35.75 -66.5 3.479068426924634 11
0000 0005 1710491238247 -22.75 -64.0 1.4787574795217582 11
0000 0004 1710491238248 -32.5 -64.0 6.056156150572511 11
0000 0007 1710491238248 13.0 -67.5 0.7976700097005334 11
0000 0014 1710491238249 -6.25 -75.5 4.135612204139688 11
0000 0015 1710491238250 -0.5625 -72.0 5.878214379177777 11
0000 0009 1710491238250 10.5625 -54.0 1.6751070203711202 11
0000 0010 1710491238251 -48.8125 -66.0 0.521553467881118 11
0000 0011 1710491238252 26.0 -69.0 1.8714565612204823 11
0000 0006 1710491238252 3.25 -60.0 2.4175537217077703 11
0000 0005 1710491238253 19.5 -65.5 1.88986433067511 11
0000 0008 1710491238254 -19.5 -56.0 5.448699758569798 11
0000 0012 1710491238254 -3.25 -56.0 4.601942363656923 11
0000 0004 1710491238255 74.8125 -70.0 1.9757672547967058 11
0000 0015 1710491238256 19.5 -69.5 5.8045833013592665 11
0000 0007 1710491238256 -22.75 -65.5 1.8837284075235674 11
0000 0000 1710491238257 -34.9375 -64.0 5.712544454086128 11
0000 0014 1710491238258 -42.3125 -68.0 3.56497135104623 11
0000 0002 1710491238351 0.5625 -75.5 1.5033011721279284 11
0000 0013 1710491238352 4.6875 -68.5 4.344233591292136 11
0000 0010 1710491238352 0.9375 -73.5 4.76147636559703 11
0000 0009 1710491238487 7.3125 -54.0 1.1351457830353744 11
0000 0007 1710491238487 6.5 -57.0 3.6876898140770815 11
0000 0006 1710491238488 0.0 -57.0 3.104777114680538 11
0000 0013 1710491238489 3.25 -59.0 0.6933593161243098 11
0000 0015 1710491238489 -39.0 -62.5 0.7731263170943632 11
0000 0005 1710491238491 10.5625 -59.5 2.6691265709210157 11
0000 0000 1710491238491 -58.5625 -63.5 5.436427912266712 11
0000 0012 1710491238492 -38.1875 -64.5 3.4606606574700063 11
0000 0002 1710491238493 -146.4375 -69.0 2.8409324191642074 11
0000 0011 1710491238493 -3.25 -63.5 0.35588354278946877 11
0000 0008 1710491238494 16.25 -52.0 4.3074180523828804 11
0000 0004 1710491238494 -97.625 -70.0 1.9144080232812801 11
0000 0014 1710491238495 -198.5625 -70.5 4.4976316700806995 11
0000 0010 1710491238496 -17.0625 -69.5 5.822991070813893 11
0000 0002 1710491238496 97.625 -68.5 4.0558452031696355 11
0000 0010 1710491238497 39.0 -65.0 6.129787228391022 11
0000 0009 1710491238498 -38.1875 -57.0 0.2699806186678728 11
0000 0012 1710491238499 -26.0 -61.0 5.626641529964532 11
0000 0011 1710491238499 65.0625 -64.5 1.8775924843720249 11
0000 0004 1710491238500 -35.75 -66.0 4.97623367590102 11
0000 0013 1710491238501 39.0 -62.5 2.6384469551633027 11
0000 0008 1710491238501 -3.25 -55.5 4.540583132141498 11
0000 0007 1710491238502 9.75 -61.5 3.706097583531709 11
0000 0005 1710491238503 30.875 -65.0 4.95168998329485 11
0000 0000 1710491238504 -58.5625 -64.0 5.829126993965437 11
0000 0006 1710491238505 9.75 -59.0 4.2092432819582 11
0000 0003 1710491238506 -61.8125 -73.0 0.4479223900626072 11
0000 0015 1710491238752 -1.25 -71.0 5.313709449235861 11
0000 0004 1710491238753 9.75 -59.5 0.5338253141842031 11
0000 0011 1710491238754 9.75 -62.0 2.030990563160589 11
0000 0012 1710491238754 0.0 -59.0 5.332117218690489 11
0000 0009 1710491238755 0.0 -56.5 0.8713010875190442 11
0000 0008 1710491238755 -6.5 -55.0 4.847379289718626 11
0000 0013 1710491238756 -9.75 -58.5 1.9389517158874505 11
0000 0015 1710491238757 -58.5625 -67.5 1.9389517158874505 11
0000 0006 1710491238757 -6.5 -62.5 4.828971520263998 11
0000 0003 1710491238758 130.1875 -72.0 5.902758071783947 11
0000 0002 1710491238758 45.5625 -67.5 4.473087977474529 11
0000 0000 1710491238759 19.5 -62.5 6.000932842208628 11
0000 0010 1710491238760 35.75 -63.5 1.000155473701438 11
0000 0007 1710491238760 61.8125 -61.5 2.2886993355253766 11
0000 0005 1710491238761 -3.25 -61.0 4.399456899656019 11
0000 0015 1710491238762 26.0 -64.5 0.3988350048502667 11
0000 0012 1710491238762 0.0 -56.5 5.418020142812084 11
0000 0002 1710491238763 -9.75 -65.5 3.6017868899554855 11
0000 0009 1710491238764 -21.125 -55.0 2.6875343403756435 11
0000 0005 1710491238764 -32.5 -63.0 0.3313398501832985 11
0000 0011 1710491238765 -6.5 -58.0 1.3008157081270237 11
0000 0006 1710491238766 3.25 -57.0 4.589670517353839 11
0000 0004 1710491238766 3.25 -55.5 4.479223900626073 11
0000 0008 1710491238767 -22.75 -51.5 5.522330836388308 11
0000 0007 1710491238768 32.5 -58.5 0.5522330836388308 11
0000 0000 1710491238768 13.0 -62.5 5.970253226450915 11
0000 0013 1710491238769 -32.5 -65.5 0.018407769454627694 11
0000 0010 1710491238770 -68.3125 -68.0 0.03681553890925539 11
0000 0014 1710491238841 1.625 -73.0 6.037748381117884 11
0000 0003 1710491238842 5.9375 -76.5 4.368777283898306 11
0000 0004 1710491238990 -29.25 -57.0 4.988505522204105 11
0000 0014 1710491238990 -113.875 -72.0 2.675262494072558 11
0000 0008 1710491238991 -26.0 -53.5 5.516194913236766 11
0000 0007 1710491238992 19.5 -56.5 2.6139032625571326 11
0000 0010 1710491238992 13.0 -64.5 1.1903690913992575 11
0000 0009 1710491238993 7.3125 -52.5 2.1537090261914402 11
0000 0000 1710491238994 13.0 -61.5 0.39269908169872414 11
0000 0015 1710491238995 -22.75 -69.5 0.7669903939428205 11
0000 0012 1710491238995 -16.25 -58.5 5.166447293598839 11
0000 0005 1710491238996 -9.75 -60.5 5.773903685601553 11
0000 0002 1710491238996 218.0625 -74.0 1.4664856332186729 11
0000 0006 1710491238997 -22.75 -58.0 4.000621894805752 11
0000 0003 1710491238998 130.1875 -70.0 5.50392306693368 11
0000 0011 1710491238998 -6.5 -58.5 2.3193789512830896 11
0000 0013 1710491239000 -27.625 -71.0 6.215690152512618 11
0000 0007 1710491239000 26.0 -59.0 1.8960002538266525 11
0000 0006 1710491239001 -117.125 -68.5 3.7551849687440497 11
0000 0015 1710491239002 -22.75 -67.0 6.1850105367549055 11
0000 0011 1710491239002 35.75 -63.5 2.399145952253143 11
0000 0008 1710491239003 0.0 -56.0 5.344389064993574 11
0000 0004 1710491239004 -52.0625 -62.0 0.18407769454627693 11
0000 0012 1710491239004 -6.5 -59.5 3.368621810196868 11
0000 0009 1710491239005 -21.125 -53.5 1.8100973297050567 11
0000 0000 1710491239005 6.5 -63.0 0.4356505437595221 11
0000 0003 1710491239006 -110.625 -70.0 0.4172427743048944 11
0000 0002 1710491239007 423.125 -73.5 1.1658253987930873 11
0000 0005 1710491239101 -1.625 -69.5 3.795068469229076 11
0000 0015 1710491239221 0.0 -67.0 0.23316507975861744 11
0000 0003 1710491239222 -104.125 -69.5 0.7547185476397354 11
0000 0009 1710491239222 -7.3125 -55.0 2.411417798556228 11
0000 0005 1710491239223 -55.3125 -63.0 2.4911847995262812 11
0000 0004 1710491239223 -35.75 -69.0 5.123495831538041 11
0000 0011 1710491239224 -13.0 -58.0 2.8838838812250054 11
0000 0008 1710491239224 3.25 -52.0 5.921165841238575 11
0000 0007 1710491239225 9.75 -58.0 4.81056375080937 11
0000 0002 1710491239225 -107.375 -73.5 2.9084275738311756 11
0000 0000 1710491239226 -22.75 -65.5 6.2463697682703305 11
0000 0006 1710491239226 22.75 -66.0 2.116893487282185 11
0000 0012 1710491239227 79.75 -70.5 5.6143696836614465 11
0000 0002 1710491239227 130.1875 -72.5 2.6813984172241008 11
0000 0015 1710491239228 35.75 -68.0 6.14819499784565 11
0000 0000 1710491239228 -32.5 -64.5 0.1349903093339364 11
0000 0012 1710491239229 -13.0 -62.5 2.8961557275280905 11
0000 0005 1710491239229 -13.0 -62.5 2.4850488763747385 11
0000 0009 1710491239230 -41.5 -55.0 2.5280003384355365 11
0000 0011 1710491239230 -16.25 -58.0 2.8777479580734626 11
0000 0003 1710491239231 13.0 -66.5 0.8283496254582462 11
0000 0008 1710491239231 -26.0 -53.0 0.11658253987930872 11
0000 0004 1710491239232 29.25 -68.0 5.3627968344482015 11
0000 0006 1710491239232 -13.0 -67.0 2.4911847995262812 11
0000 0007 1710491239233 22.75 -60.5 5.64504929941916 11
0000 0010 1710491239234 -74.8125 -69.5 2.5586799541932495 11
0000 0005 1710491239351 -7.3125 -60.5 2.313243028131547 11
0000 0006 1710491239352 -3.25 -68.5 4.356505437595221 11
0000 0008 1710491239352 -19.5 -53.5 5.822991070813893 11
0000 0004 1710491239353 -3.25 -64.0 0.5829126993965437 11
0000 0015 1710491239353 3.25 -68.0 0.3620194659410113 11
0000 0012 1710491239354 -32.5 -56.0 5.160311370447297 11
0000 0003 1710491239354 -68.3125 -68.5 0.5951845456996288 11
0000 0010 1710491239355 117.125 -68.5 1.5033011721279284 11
0000 0009 1710491239355 -30.875 -53.5 2.141437179888355 11
0000 0000 1710491239356 21.125 -65.5 0.4724660826687775 11
0000 0011 1710491239356 58.5625 -62.0 2.675262494072558 11
0000 0002 1710491239357 -45.5625 -74.5 2.454369260617026 11
0000 0007 1710491239357 -8.9375 -65.5 1.6536312893407212 11
0000 0012 1710491239575 10.5625 -58.0 5.111223985234957 11
0000 0014 1710491239576 -120.4375 -66.5 4.417864669110647 11
0000 0010 1710491239576 19.5 -59.0 1.0492428589137786 11
0000 0004 1710491239577 -26.0 -66.5 4.129476280988146 11
0000 0009 1710491239578 13.8125 -55.0 2.8777479580734626 11
0000 0008 1710491239578 16.25 -54.5 0.018407769454627694 11
0000 0006 1710491239579 9.75 -59.5 4.368777283898306 11
0000 0015 1710491239579 -19.5 -68.0 6.178874613603362 11
0000 0007 1710491239580 -123.6875 -66.5 2.5464081078901644 11
0000 0000 1710491239580 -16.25 -64.5 0.18407769454627693 11
0000 0011 1710491239581 -9.75 -65.5 2.5709518004963345 11
0000 0003 1710491239581 -48.8125 -70.0 5.497787143782138 11
0000 0005 1710491239582 84.625 -65.0 2.6261751088602177 11
0000 0002 1710491239583 104.125 -75.5 2.454369260617026 11
0000 0013 1710491239583 -4.875 -71.0 4.040505395290779 11
0000 0007 1710491239584 0.0 -56.0 4.405592822807561 11
0000 0015 1710491239584 -19.5 -64.0 1.5401167110371838 11
0000 0006 1710491239585 -6.5 -54.5 4.92714629068868 11
0000 0011 1710491239585 -6.5 -63.0 1.521708941582556 11
0000 0005 1710491239586 -21.125 -62.0 2.4850488763747385 11
0000 0002 1710491239586 48.8125 -69.5 3.890175278077986 11
0000 0013 1710491239587 -6.5 -57.5 2.405281875404685 11
0000 0012 1710491239587 -13.0 -60.0 4.540583132141498 11
0000 0010 1710491239588 -35.75 -68.0 0.5767767762450011 11
0000 0008 1710491239589 3.25 -52.0 5.325981295538946 11
0000 0000 1710491239590 61.8125 -64.5 6.2034183062095325 11
0000 0009 1710491239590 -24.375 -55.5 1.932815792735908 11
0000 0004 1710491239591 -16.25 -64.5 4.516039439535327 11
0000 0003 1710491239818 3.5625 -76.5 1.1903690913992575 11
0000 0011 1710491239818 35.75 -66.5 3.4913402732277192 11
0000 0000 1710491239819 -41.5 -64.0 0.4356505437595221 11
0000 0013 1710491239819 68.3125 -65.5 5.565282298449106 11
0000 0004 1710491239820 -9.75 -63.0 1.3130875544301088 11
0000 0002 1710491239820 -68.3125 -71.0 5.896622148632405 11
0000 0006 1710491239821 -39.0 -56.0 5.902758071783947 11
0000 0008 1710491239821 -22.75 -54.5 5.4671075280244255 11
0000 0009 1710491239822 17.0625 -56.0 1.055378782065321 11
0000 0007 1710491239822 -22.75 -60.5 3.2949907323783574 11
0000 0012 1710491239823 -6.5 -56.5 6.111379458936394 11
0000 0015 1710491239823 -26.0 -69.0 1.380582709097077 11
0000 0010 1710491239824 16.25 -64.0 1.423534171157875 11
0000 0005 1710491239824 -48.8125 -64.0 4.706253057233147 11
0000 0003 1710491239825 -117.125 -73.0 1.0737865515199487 11
0000 0010 1710491239825 32.5 -64.0 1.6382914814618648 11
0000 0007 1710491239826 156.1875 -65.0 1.6812429435226628 11
0000 0000 1710491239826 -9.75 -64.5 0.5583690067903734 11
0000 0004 1710491239827 -13.0 -57.0 2.5954954931025047 11
0000 0008 1710491239828 -3.25 -54.5 5.485515297479052 11
0000 0009 1710491239828 24.375 -55.5 1.2946797849754812 11
0000 0012 1710491239829 -16.25 -56.5 5.921165841238575 11
0000 0013 1710491239830 16.25 -61.5 3.9576704327449543 11
0000 0006 1710491239830 13.0 -58.0 1.1044661672776617 11
0000 0011 1710491239831 -13.0 -63.0 2.9820586516496865 11
0000 0005 1710491239831 13.0 -65.5 3.785864584501762 11
0000 0002 1710491239832 -208.3125 -71.0 0.01227184630308513 11
0000 0003 1710491239833 107.375 -73.0 0.4295146206079795 11
0000 0015 1710491239841 -11.375 -70.0 6.037748381117884 11
0000 0014 1710491240041 -6.25 -75.0 4.583534594202296 11
0000 0009 1710491240042 30.875 -55.0 2.724349879284899 11
0000 0013 1710491240043 13.0 -59.5 1.3621749396424494 11
0000 0007 1710491240051 -55.3125 -61.5 4.448544284868359 11
0000 0012 1710491240051 0.0 -56.0 5.675728915176872 11
0000 0008 1710491240052 -32.5 -54.0 6.17273869045182 11
0000 0011 1710491240053 -29.25 -57.5 1.6873788666742053 11
0000 0004 1710491240053 -16.25 -55.0 0.28225246497095796 11
0000 0002 1710491240054 -84.625 -65.0 5.5714182216006485 11
0000 0015 1710491240054 -19.5 -63.0 0.8099418560036186 11
0000 0005 1710491240055 22.75 -61.5 6.050020227420969 11
0000 0006 1710491240056 22.75 -55.0 0.4356505437595221 11
0000 0010 1710491240056 3.25 -64.0 0.9817477042468103 11
0000 0014 1710491240057 -42.3125 -71.5 3.77972866135022 11
0000 0000 1710491240057 -42.3125 -63.5 0.5522330836388308 11
0000 0003 1710491240058 3.5625 -76.5 1.5830681730979816 11
0000 0010 1710491240103 26.0 -67.5 3.227495577711389 11
0000 0004 1710491240104 -22.75 -58.5 1.3621749396424494 11
0000 0007 1710491240104 3.25 -55.5 5.822991070813893 11
0000 0000 1710491240105 26.0 -63.0 0.5276893910326605 11
0000 0008 1710491240105 -32.5 -52.5 5.8659425328746915 11
0000 0003 1710491240105 -87.875 -71.5 5.651185222570702 11
0000 0009 1710491240106 7.3125 -51.0 2.0800779483729293 11
0000 0012 1710491240106 -32.5 -59.0 5.565282298449106 11
0000 0015 1710491240107 -9.75 -68.5 0.5522330836388308 11
0000 0014 1710491240107 -107.375 -69.5 3.9944859716542096 11
0000 0011 1710491240108 -29.25 -59.0 1.6382914814618648 11
0000 0006 1710491240108 -9.75 -62.0 0.4970097752749477 11
0000 0005 1710491240108 -16.25 -61.0 3.3072625786814425 11
0000 0002 1710491240109 -52.0625 -70.0 3.399301425954581 11
0000 0013 1710491240109 -3.25 -68.5 3.758252930319821 11
0000 0004 1710491240304 3.25 -62.5 2.36846633649543 11
0000 0012 1710491240304 13.0 -60.0 2.6691265709210157 11
0000 0009 1710491240304 24.375 -54.5 2.2150682577068657 11
0000 0006 1710491240305 -123.6875 -66.5 4.853515212870168 11
0000 0000 1710491240305 3.25 -63.5 0.9633399347921826 11
0000 0005 1710491240306 100.875 -62.5 1.055378782065321 11
0000 0013 1710491240306 152.9375 -71.0 1.9880391010997909 11
0000 0008 1710491240307 -26.0 -55.5 5.915029918087033 11
0000 0011 1710491240307 -52.0625 -64.0 1.9144080232812801 11
0000 0010 1710491240307 -42.3125 -69.5 3.043417883165112 11
0000 0015 1710491240308 -55.3125 -69.0 6.12365130523948 11
0000 0003 1710491240308 68.3125 -70.5 0.15339807878856412 11
0000 0007 1710491240309 -3.25 -64.0 6.258641614573416 11
0000 0014 1710491240309 -35.75 -70.5 5.411884219660542 11
0000 0002 1710491240310 -1.5 -79.5 1.8223691760081417 11
0000 0008 1710491240310 -6.5 -54.0 5.546874528994478 11
0000 0009 1710491240311 21.125 -54.0 2.0371264863121317 11
0000 0006 1710491240311 -9.75 -66.5 2.448233337465483 11
0000 0011 1710491240312 -19.5 -60.5 2.6323110320117604 11
0000 0010 1710491240312 91.125 -64.5 1.6505633277649499 11
0000 0000 1710491240312 -16.25 -66.5 0.7669903939428205 11
0000 0007 1710491240313 87.875 -67.5 3.3072625786814425 11
0000 0012 1710491240313 48.8125 -68.0 1.0983302441261191 11
0000 0003 1710491240314 -107.375 -69.0 0.7301748550335652 11
0000 0015 1710491240315 39.0 -67.5 6.240233845118788 11
0000 0005 1710491240315 48.8125 -61.0 2.36846633649543 11
0000 0004 1710491240315 -32.5 -63.5 5.730952223540755 11
0000 0002 1710491240340 -4.875 -77.5 2.411417798556228 11
0000 0005 1710491240582 -24.375 -62.0 2.36846633649543 11
0000 0004 1710491240582 -68.3125 -67.0 6.000932842208628 11
0000 0015 1710491240582 -110.625 -67.5 6.080699843178682 11
0000 0006 1710491240583 -6.5 -66.5 2.2212041808584084 11
0000 0009 1710491240583 10.5625 -55.5 2.552544031041707 11
0000 0008 1710491240584 -3.25 -51.5 0.0859029241215959 11
0000 0003 1710491240584 32.5 -67.5 1.055378782065321 11
0000 0011 1710491240584 6.5 -59.0 2.6813984172241008 11
0000 0012 1710491240585 -10.5625 -63.0 2.2764274892222915 11
0000 0007 1710491240585 -35.75 -59.0 4.3503695144436785 11
0000 0000 1710491240586 35.75 -66.0 0.30679615757712825 11
0000 0010 1710491240586 9.75 -65.5 2.405281875404685 11
0000 0002 1710491240586 37.1875 -77.0 2.1046216409791 11
0000 0013 1710491240587 -3.5 -75.5 5.994796919057086 11
0000 0001 1710491240587 -2.5625 -78.5 4.626486056263094 11
0000 0008 1710491240588 -22.75 -55.5 5.595961914206819 11
0000 0009 1710491240588 24.375 -53.5 2.1230294104337273 11
0000 0012 1710491240588 -30.875 -56.0 4.859651136021712 11
0000 0007 1710491240589 22.75 -60.5 2.1230294104337273 11
0000 0014 1710491240589 74.8125 -70.0 3.6692820446224537 11
0000 0006 1710491240590 -107.375 -67.0 0.09817477042468103 11
0000 0000 1710491240590 26.0 -65.0 0.02454369260617026 11
0000 0011 1710491240590 -16.25 -65.0 2.5341362615870793 11
0000 0015 1710491240591 -58.5625 -68.5 0.42337869745643697 11
0000 0010 1710491240721 10.9375 -70.0 1.4173982480063325 11
0000 0003 1710491240722 4.25 -74.5 5.393476450205914 11
0000 0005 1710491240722 -8.5 -70.0 4.491495746929157 11
0000 0001 1710491240723 25.625 -77.0 1.7732817907958012 11
0000 0004 1710491240723 -0.5625 -66.0 4.430136515413731 11
0000 0013 1710491240723 4.6875 -73.5 0.006135923151542565 11
0000 0002 1710491240724 -4.6875 -77.0 5.516194913236766 11
0000 0012 1710491240724 -21.125 -61.5 3.9453985864418692 11
0000 0000 1710491240724 -81.375 -63.0 6.1850105367549055 11
0000 0005 1710491240725 -17.0625 -61.0 4.111068511533518 11
0000 0008 1710491240725 0.0 -51.5 5.2768939103266055 11
0000 0011 1710491240726 -42.3125 -62.0 0.5951845456996288 11
0000 0007 1710491240727 -35.75 -57.5 6.270913460876501 11
0000 0013 1710491240727 -45.5625 -60.0 6.1850105367549055 11
0000 0006 1710491240728 0.0 -55.0 0.44178646691106466 11
0000 0009 1710491240728 -3.25 -50.5 2.067806102069844 11
0000 0002 1710491240729 65.0625 -72.0 2.773437264497239 11
0000 0015 1710491240729 42.3125 -62.5 0.8528933180644165 11
0000 0014 1710491240729 -146.4375 -71.5 5.0253210611133605 11
0000 0004 1710491240840 3.0 -73.5 6.264777537724958 11
0000 0010 1710491240840 5.9375 -71.5 6.111379458936394 11
0000 0001 1710491240999 -14.75 -79.0 4.430136515413731 11
0000 0003 1710491240999 -10.4375 -76.5 0.9817477042468103 11
0000 0004 1710491241000 -13.0 -63.0 0.7853981633974483 11
0000 0008 1710491241000 -9.75 -55.5 5.252350217720435 11
0000 0000 1710491241001 22.75 -64.0 6.2463697682703305 11
0000 0009 1710491241001 19.5 -56.0 0.9817477042468103 11
0000 0006 1710491241001 19.5 -57.0 4.448544284868359 11
0000 0012 1710491241002 -9.75 -59.0 5.565282298449106 11
0000 0013 1710491241002 -6.5 -62.5 4.301282129231338 11
0000 0005 1710491241003 -42.3125 -64.0 4.963961829597935 11
0000 0002 1710491241003 -104.125 -70.5 6.013204688511713 11
0000 0010 1710491241004 -6.5 -62.0 0.607456392002714 11
0000 0003 1710491241004 -97.625 -73.5 0.7976700097005334 11
0000 0007 1710491241005 -9.75 -61.0 3.2459033471660166 11
0000 0011 1710491241006 42.3125 -67.0 3.104777114680538 11
0000 0010 1710491241006 16.25 -62.5 1.1535535524900022 11
0000 0007 1710491241007 -6.5 -63.5 2.0064468705544187 11
0000 0008 1710491241007 -22.75 -54.0 5.393476450205914 11
0000 0002 1710491241007 29.25 -70.0 6.264777537724958 11
0000 0006 1710491241008 -3.25 -58.5 0.2454369260617026 11
0000 0000 1710491241008 -29.25 -64.0 0.3436116964863836 11
0000 0004 1710491241009 16.25 -57.5 2.110757564130642 11
0000 0005 1710491241009 -13.8125 -64.0 3.5281558121369745 11
0000 0013 1710491241009 3.25 -61.0 3.6386024288647407 11
0000 0009 1710491241010 24.375 -56.0 1.2210487071569704 11
0000 0011 1710491241011 9.75 -64.5 3.184544115650591 11
0000 0012 1710491241011 -7.3125 -57.0 5.9088939949354895 11
0000 0003 1710491241012 97.625 -71.0 0.23930100291016002 11
0000 0007 1710491241235 19.5 -62.0 4.06811704947272 11
0000 0004 1710491241235 3.25 -55.0 0.5522330836388308 11
0000 0005 1710491241236 -69.125 -61.5 5.688000761479957 11
0000 0015 1710491241236 32.5 -61.5 1.1106020904292042 11
0000 0006 1710491241237 26.0 -55.5 1.1903690913992575 11
0000 0002 1710491241240 -65.0625 -65.0 5.47937937432751 11
0000 0011 1710491241240 32.5 -60.5 1.859184714917397 11
0000 0012 1710491241242 -13.8125 -56.0 5.896622148632405 11
0000 0010 1710491241242 0.0 -63.0 1.2946797849754812 11
0000 0008 1710491241243 16.25 -55.0 6.1420590746941075 11
0000 0000 1710491241243 -52.0625 -63.0 0.28838838812250056 11
0000 0013 1710491241244 0.0 -60.0 1.4726215563702154 11
0000 0009 1710491241244 27.625 -56.5 2.779573187648782 11
0000 0014 1710491241244 -97.625 -70.0 3.792000507653305 11
0000 0003 1710491241245 2.5625 -76.0 5.098952138931871 11
0000 0015 1710491241245 -61.8125 -69.0 0.8160777791551611 11
0000 0012 1710491241245 -10.5625 -58.0 5.638913376267617 11
0000 0006 1710491241246 19.5 -64.0 4.528311285838413 11
0000 0009 1710491241246 -10.5625 -52.5 2.509592568980909 11
0000 0005 1710491241247 -17.0625 -60.0 2.773437264497239 11
0000 0011 1710491241247 6.5 -60.0 1.6751070203711202 11
0000 0004 1710491241247 -13.0 -59.0 1.5585244804918115 11
0000 0010 1710491241248 -19.5 -65.5 3.3011266555298997 11
0000 0007 1710491241248 -6.5 -56.0 6.068427996875596 11
0000 0000 1710491241248 -32.5 -62.0 0.5706408530934585 11
0000 0008 1710491241249 0.0 -52.0 5.859806609723149 11
0000 0014 1710491241249 81.375 -67.5 3.6692820446224537 11
0000 0002 1710491241249 -74.8125 -69.0 3.552699504743145 11
0000 0003 1710491241250 -26.0 -71.0 5.546874528994478 11
0000 0013 1710491241340 0.0 -73.5 0.607456392002714 11
0000 0004 1710491241483 32.5 -64.0 3.5772431973493153 11
0000 0011 1710491241484 45.5625 -64.0 2.84706834231575 11
0000 0008 1710491241484 22.75 -54.0 0.4908738521234052 11
0000 0005 1710491241484 22.75 -58.5 1.1535535524900022 11
0000 0000 1710491241484 13.0 -63.5 0.9940195505498954 11
0000 0007 1710491241485 -26.0 -61.5 4.583534594202296 11
0000 0003 1710491241485 -110.625 -69.0 0.5829126993965437 11
0000 0012 1710491241485 -17.0625 -59.0 3.356349963893783 11
0000 0006 1710491241486 -39.0 -66.5 5.45483568172134 11
0000 0009 1710491241486 24.375 -56.5 2.761165418194154 11
0000 0010 1710491241486 110.625 -64.0 2.9268353432858034 11
0000 0015 1710491241487 -65.0625 -69.5 0.5706408530934585 11
0000 0013 1710491241487 6.0625 -72.5 1.2026409377023426 11
0000 0002 1710491241487 -6.5 -78.0 5.5714182216006485 11
0000 0004 1710491241488 -3.25 -60.0 0.22089323345553233 11
0000 0011 1710491241488 -9.75 -60.5 3.902447124381071 11
0000 0005 1710491241488 -73.1875 -64.0 2.043262409463674 11
0000 0009 1710491241489 -13.8125 -54.5 2.5832236467994196 11
0000 0003 1710491241489 -42.3125 -70.0 1.000155473701438 11
0000 0006 1710491241489 -19.5 -67.5 3.5036121195308043 11
0000 0000 1710491241490 -58.5625 -65.0 1.055378782065321 11
0000 0012 1710491241490 48.8125 -67.0 2.411417798556228 11
0000 0008 1710491241490 -19.5 -53.5 6.086835766330224 11
0000 0010 1710491241491 -9.75 -64.0 2.9759227284981438 11
0000 0015 1710491241491 9.75 -68.0 0.4540583132141498 11
0000 0007 1710491241600 -1.8125 -69.0 1.1965050145508 11
0000 0013 1710491241600 -0.25 -75.0 4.006757817957295 11
0000 0002 1710491241600 0.5625 -79.0 5.816855147662351 11
