0000 0013 1710491462771 -29.25 -62.5 5.301437602932776 11
0000 0004 1710491462779 -26.0 -55.0 1.8346410223112268 11
0000 0007 1710491462780 42.3125 -60.5 1.4173982480063325 11
0000 0009 1710491462780 -3.25 -53.0 3.3011266555298997 11
0000 0012 1710491462781 -3.25 -55.5 0.3129320807286708 11
0000 0010 1710491462782 -29.25 -65.0 0.7117670855789375 11
0000 0008 1710491462782 -19.5 -53.5 5.074408446325701 11
0000 0006 1710491462783 6.5 -63.5 0.11044661672776616 11
0000 0002 1710491462783 211.5625 -71.5 2.5157284921324514 11
0000 0000 1710491462783 -48.8125 -63.5 0.04295146206079795 11
0000 0005 1710491462784 19.5 -61.5 3.724505352986337 11
0000 0014 1710491462784 126.9375 -68.0 4.1601558967458585 11
0000 0011 1710491462785 3.25 -60.0 3.031146036862027 11
0000 0003 1710491462785 8.5 -75.0 0.9265243958829272 11
0000 0015 1710491462786 -2.875 -71.5 1.0615147052168636 11
0000 0009 1710491462786 -24.375 -56.0 2.6445828783148455 11
0000 0013 1710491462787 -13.0 -57.5 3.663146121470911 11
0000 0010 1710491462787 42.3125 -65.5 1.1658253987930873 11
0000 0008 1710491462788 -9.75 -57.5 4.896466674930966 11
0000 0000 1710491462788 -65.875 -66.5 6.178874613603362 11
0000 0004 1710491462788 -9.75 -62.5 1.8039614065535141 11
0000 0006 1710491462790 65.0625 -68.0 2.82252464970958 11
0000 0012 1710491462791 -3.25 -57.0 4.0987966652304335 11
0000 0011 1710491462792 65.0625 -64.5 3.0066023442558567 11
0000 0015 1710491462793 -58.5625 -70.5 0.7853981633974483 11
0000 0002 1710491462794 1.8125 -77.5 1.9696313316451632 11
0000 0005 1710491462942 4.375 -74.5 0.5399612373357456 11
0000 0007 1710491462942 -2.875 -70.5 0.2086213871524472 11
0000 0003 1710491462943 1.4375 -76.5 5.013049214810275 11
0000 0005 1710491462944 0.0 -67.5 4.037437433715008 11
0000 0013 1710491462945 -19.5 -63.5 2.9820586516496865 11
0000 0007 1710491462946 -39.0 -64.5 0.46019423636569234 11
0000 0012 1710491462947 19.5 -61.5 5.749359992995383 11
0000 0015 1710491462948 26.0 -69.5 1.0492428589137786 11
0000 0011 1710491462950 52.0625 -60.5 3.448388811166921 11
0000 0006 1710491462951 -3.25 -66.0 3.000466421104314 11
0000 0009 1710491462952 3.25 -56.5 2.5280003384355365 11
0000 0000 1710491462953 -9.75 -65.0 5.5284667595398505 11
0000 0008 1710491462954 -3.25 -57.0 5.546874528994478 11
0000 0010 1710491462955 0.0 -62.0 1.2640001692177683 11
0000 0002 1710491462956 18.875 -77.0 2.012582793705961 11
0000 0003 1710491462957 0.0 -75.5 5.399612373357457 11
0000 0004 1710491462957 -1.5 -74.0 6.252505691421874 11
0000 0012 1710491463033 16.25 -57.0 1.3928545554001621 11
0000 0000 1710491463033 26.0 -65.5 5.816855147662351 11
0000 0004 1710491463035 -42.3125 -64.5 1.7671458676442586 11
0000 0010 1710491463036 16.25 -60.0 1.043106935762236 11
0000 0008 1710491463037 3.25 -58.0 4.381049130201391 11
0000 0009 1710491463038 7.3125 -56.5 2.521864415283994 11
0000 0013 1710491463039 35.75 -63.5 2.184388641949153 11
0000 0006 1710491463040 -32.5 -68.0 2.6323110320117604 11
0000 0014 1710491463041 3.25 -69.0 4.491495746929157 11
0000 0011 1710491463042 35.75 -66.0 2.5464081078901644 11
0000 0007 1710491463043 -6.5 -65.0 5.411884219660542 11
0000 0002 1710491463176 16.4375 -77.5 1.7548740213411735 11
0000 0005 1710491463176 -1.1875 -62.0 4.565126824747668 11
0000 0003 1710491463177 -3.8125 -72.5 4.270602513473625 11
0000 0015 1710491463178 -1.125 -71.5 1.2885438618239387 11
0000 0000 1710491463179 -29.25 -63.5 5.64504929941916 11
0000 0007 1710491463180 -19.5 -59.5 4.031301510563465 11
0000 0009 1710491463181 17.0625 -52.0 2.4175537217077703 11
0000 0005 1710491463182 17.0625 -62.0 0.6872233929727672 11
0000 0008 1710491463183 16.25 -55.5 4.491495746929157 11
0000 0003 1710491463184 87.875 -71.5 3.3072625786814425 11
0000 0013 1710491463184 22.75 -56.5 4.3074180523828804 11
0000 0015 1710491463185 162.75 -67.5 1.0737865515199487 11
0000 0010 1710491463187 -3.25 -60.0 0.1349903093339364 11
0000 0012 1710491463188 -3.25 -61.0 5.4671075280244255 11
0000 0006 1710491463188 42.3125 -66.5 2.5464081078901644 11
0000 0014 1710491463189 -58.5625 -68.5 4.601942363656923 11
0000 0011 1710491463190 -39.0 -63.0 1.2026409377023426 11
0000 0004 1710491463281 -14.625 -70.5 5.5622143368733346 11
0000 0002 1710491463282 61.0 -74.5 2.077009986797158 11
0000 0010 1710491463429 0.0 -62.0 0.03681553890925539 11
0000 0012 1710491463430 162.75 -67.0 5.031456984264903 11
0000 0013 1710491463431 -22.75 -59.5 2.773437264497239 11
0000 0000 1710491463431 3.25 -63.0 5.878214379177777 11
0000 0007 1710491463432 -13.0 -64.5 5.1725832167503825 11
0000 0004 1710491463433 -45.5625 -60.0 5.160311370447297 11
0000 0008 1710491463434 -32.5 -62.0 4.006757817957295 11
0000 0009 1710491463435 -7.3125 -57.0 1.030835089459151 11
0000 0006 1710491463436 32.5 -54.5 2.442097414313941 11
0000 0011 1710491463437 48.8125 -64.5 3.3747577333484107 11
0000 0005 1710491463438 -3.25 -64.0 5.853670686571607 11
0000 0002 1710491463438 126.9375 -72.5 2.5954954931025047 11
0000 0003 1710491463442 -195.25 -71.0 1.3499030933393643 11
0000 0005 1710491463443 13.0 -61.5 3.2704470397721868 11
0000 0002 1710491463444 6.5 -71.5 2.552544031041707 11
0000 0012 1710491463445 -13.0 -60.0 0.4111068511533518 11
0000 0000 1710491463446 9.75 -65.0 6.000932842208628 11
0000 0007 1710491463447 19.5 -62.5 1.0983302441261191 11
0000 0003 1710491463447 84.625 -68.5 0.3190680038802134 11
0000 0004 1710491463448 -32.5 -62.0 0.5522330836388308 11
0000 0006 1710491463449 -22.75 -61.5 5.66959299202533 11
0000 0008 1710491463450 9.75 -57.5 4.2092432819582 11
0000 0009 1710491463451 -21.125 -55.0 1.380582709097077 11
0000 0010 1710491463451 -74.8125 -67.0 1.0492428589137786 11
0000 0011 1710491463452 -6.5 -63.0 3.9576704327449543 11
0000 0013 1710491463531 -1.1875 -68.5 5.927301764390117 11
0000 0005 1710491463671 3.25 -63.0 4.638757902566179 11
0000 0006 1710491463672 13.0 -56.5 2.945243112740431 11
0000 0013 1710491463673 35.75 -58.5 1.9573594853420782 11
0000 0000 1710491463674 -19.5 -63.0 5.859806609723149 11
0000 0003 1710491463675 -39.0 -70.0 0.607456392002714 11
0000 0009 1710491463676 -27.625 -55.0 1.945087639038993 11
0000 0012 1710491463677 9.75 -63.5 6.117515382087937 11
0000 0008 1710491463678 39.0 -59.5 4.448544284868359 11
0000 0004 1710491463678 3.25 -58.5 4.9823695990525625 11
0000 0011 1710491463679 -13.0 -59.5 3.3318062712876126 11
0000 0010 1710491463680 19.5 -63.5 0.9265243958829272 11
0000 0002 1710491463681 6.5 -68.0 2.9636508821950587 11
0000 0007 1710491463681 87.875 -65.0 4.025165587411922 11
0000 0015 1710491463682 -52.0625 -64.0 2.761165418194154 11
0000 0014 1710491463683 9.75 -72.5 1.3928545554001621 11
0000 0007 1710491463684 -19.5 -63.5 3.693825737228624 11
0000 0008 1710491463684 13.0 -52.0 4.424000592262189 11
0000 0004 1710491463685 -9.75 -56.5 1.3989904785517047 11
0000 0000 1710491463686 22.75 -64.0 5.246214294568893 11
0000 0013 1710491463687 22.75 -67.5 4.865787059173254 11
0000 0009 1710491463687 0.0 -54.5 2.9697868053466014 11
0000 0010 1710491463688 -6.5 -62.0 6.037748381117884 11
0000 0002 1710491463689 -16.25 -70.5 1.9205439464328227 11
0000 0005 1710491463690 62.625 -61.5 2.2580197197676637 11
0000 0014 1710491463692 -29.25 -69.0 4.061981126321178 11
0000 0015 1710491463693 -39.0 -70.5 1.4419419406125027 11
0000 0012 1710491463694 3.25 -57.0 6.0991076126333095 11
0000 0006 1710491463695 0.0 -61.0 6.234097921967246 11
0000 0011 1710491463695 9.75 -60.0 2.2580197197676637 11
0000 0003 1710491463781 9.125 -76.0 3.724505352986337 11
0000 0013 1710491463984 42.3125 -57.5 4.025165587411922 11
0000 0006 1710491463985 -74.8125 -64.0 1.859184714917397 11
0000 0009 1710491463985 41.5 -60.0 2.509592568980909 11
0000 0007 1710491463986 -3.25 -58.5 2.1046216409791 11
0000 0000 1710491463987 -55.3125 -64.5 5.595961914206819 11
0000 0004 1710491463987 -6.5 -56.5 2.055534255766759 11
0000 0005 1710491463988 22.75 -62.5 1.8530487917658545 11
0000 0012 1710491463989 -3.25 -58.0 0.9878836273983529 11
0000 0008 1710491463989 39.0 -67.0 5.086680292628786 11
0000 0010 1710491463990 -22.75 -61.5 1.3744467859455345 11
0000 0011 1710491463991 -205.0625 -71.0 3.454524734318464 11
0000 0003 1710491463992 -9.125 -73.5 0.9510680884890975 11
0000 0014 1710491463992 -0.5625 -72.0 1.000155473701438 11
0000 0002 1710491463993 -7.875 -78.0 0.9756117810952678 11
0000 0015 1710491463994 0.5625 -71.5 0.16566992509164924 11
0000 0000 1710491463994 32.5 -65.5 4.528311285838413 11
0000 0007 1710491463995 -35.75 -66.5 5.64504929941916 11
0000 0012 1710491463996 45.5625 -60.5 4.994641445355648 11
0000 0006 1710491463996 -35.75 -65.5 2.012582793705961 11
0000 0004 1710491463997 35.75 -67.0 3.9392626632903265 11
0000 0011 1710491463998 26.0 -62.0 2.3316507975861747 11
0000 0013 1710491463998 97.625 -63.0 2.5954954931025047 11
0000 0009 1710491463999 -21.125 -57.5 1.7303303287350031 11
0000 0008 1710491464000 -3.25 -57.5 4.3933209765044765 11
0000 0005 1710491464001 149.6875 -70.0 3.1906800388021335 11
0000 0010 1710491464002 -71.5625 -63.5 0.521553467881118 11
0000 0014 1710491464031 14.625 -73.0 1.41126232485479 11
0000 0015 1710491464032 -0.5625 -71.0 0.30066023442558565 11
0000 0002 1710491464032 22.5625 -76.5 1.2517283229146832 11
0000 0003 1710491464258 -1.5 -76.0 4.565126824747668 11
0000 0008 1710491464259 9.75 -57.5 4.154019973594316 11
0000 0012 1710491464259 29.25 -56.5 2.8286605728611223 11
0000 0009 1710491464260 -3.25 -57.0 1.8530487917658545 11
0000 0010 1710491464261 -35.75 -60.0 0.5031456984264903 11
0000 0006 1710491464261 26.0 -64.0 2.313243028131547 11
0000 0014 1710491464262 146.4375 -72.5 3.436116964863836 11
0000 0011 1710491464263 26.0 -64.0 2.282563412373834 11
0000 0013 1710491464264 58.5625 -61.5 2.5893595699509624 11
0000 0000 1710491464265 78.0625 -67.5 4.890330751779424 11
0000 0007 1710491464265 -0.5625 -68.5 5.080544369477243 11
0000 0003 1710491464266 -4.875 -73.5 4.338097668140593 11
0000 0002 1710491464267 6.6875 -75.5 1.3008157081270237 11
0000 0005 1710491464268 -3.8125 -72.5 1.4971652489763858 11
0000 0004 1710491464269 0.25 -64.5 4.693981210930062 11
0000 0010 1710491464269 16.25 -57.5 6.277049384028044 11
0000 0003 1710491464270 -48.8125 -69.5 3.227495577711389 11
0000 0009 1710491464271 -3.25 -58.5 1.88986433067511 11
0000 0004 1710491464271 6.5 -58.5 1.1228739367322893 11
0000 0012 1710491464272 -26.0 -58.5 5.841398840268521 11
0000 0013 1710491464273 -3.25 -63.5 3.2765829629237295 11
0000 0014 1710491464273 29.25 -68.0 4.3074180523828804 11
0000 0005 1710491464274 35.75 -59.0 2.945243112740431 11
0000 0000 1710491464275 22.75 -65.5 5.0682725231741586 11
0000 0008 1710491464276 -26.0 -61.0 4.608078286808466 11
0000 0006 1710491464277 9.75 -61.5 2.030990563160589 11
0000 0007 1710491464277 -16.25 -62.0 1.6321555583103222 11
0000 0011 1710491464387 3.625 -69.5 6.2034183062095325 11
0000 0002 1710491464387 -0.5625 -79.0 0.5706408530934585 11
0000 0011 1710491464388 -71.5625 -67.0 2.12916533358527 11
0000 0008 1710491464389 3.25 -55.0 3.80427235395639 11
0000 0010 1710491464389 45.5625 -63.5 5.1725832167503825 11
0000 0009 1710491464389 -24.375 -57.0 1.576932249946439 11
0000 0012 1710491464391 32.5 -62.0 4.884194828627882 11
0000 0015 1710491464391 117.125 -64.0 2.8532042654672924 11
0000 0006 1710491464391 29.25 -55.0 1.423534171157875 11
0000 0014 1710491464392 6.5 -69.0 5.589825991055276 11
0000 0007 1710491464392 -6.5 -62.5 3.2888548092268146 11
0000 0005 1710491464393 -48.8125 -61.5 4.154019973594316 11
0000 0000 1710491464394 32.5 -65.0 5.141903600992669 11
0000 0013 1710491464394 35.75 -64.5 4.086524818927348 11
0000 0002 1710491464395 -94.375 -74.0 1.2210487071569704 11
0000 0004 1710491464396 -143.1875 -71.5 0.8528933180644165 11
0000 0003 1710491464531 1.8125 -75.0 1.5401167110371838 11
0000 0006 1710491464532 -39.0 -55.5 2.4175537217077703 11
0000 0002 1710491464532 13.0 -70.5 2.3930100291016 11
0000 0000 1710491464533 29.25 -65.0 5.737088146692298 11
0000 0005 1710491464534 -3.25 -63.0 5.154175447295755 11
0000 0008 1710491464534 9.75 -59.5 3.6324665057131984 11
0000 0004 1710491464535 42.3125 -61.5 3.877903431774901 11
0000 0012 1710491464536 -55.3125 -61.5 0.9572040116406401 11
0000 0009 1710491464536 -34.9375 -56.5 0.21475731030398976 11
0000 0011 1710491464537 6.5 -66.5 3.7551849687440497 11
0000 0007 1710491464538 0.0 -63.0 3.172272269347506 11
0000 0003 1710491464538 42.3125 -70.0 0.662679700366597 11
0000 0010 1710491464539 -45.5625 -66.0 6.277049384028044 11
0000 0013 1710491464644 0.0 -70.5 6.258641614573416 11
0000 0015 1710491464644 -5.0 -71.0 4.522175362686871 11
0000 0004 1710491464645 -19.5 -61.0 4.509903516383785 11
0000 0005 1710491464646 3.25 -62.0 4.878058905476339 11
0000 0000 1710491464646 22.75 -64.0 5.896622148632405 11
0000 0006 1710491464647 9.75 -57.5 3.368621810196868 11
0000 0008 1710491464648 3.25 -58.5 4.025165587411922 11
0000 0009 1710491464649 17.0625 -56.0 0.8406214717613314 11
0000 0003 1710491464649 74.8125 -71.0 0.4970097752749477 11
0000 0007 1710491464650 26.0 -63.5 3.1968159619536762 11
0000 0013 1710491464651 13.0 -60.5 2.7979809571034093 11
0000 0002 1710491464651 -91.125 -69.5 2.988194574801229 11
0000 0012 1710491464652 -3.25 -63.0 0.46019423636569234 11
0000 0011 1710491464653 35.75 -62.0 3.6079228131070282 11
0000 0010 1710491464653 -29.25 -65.5 0.8467573949128739 11
0000 0015 1710491464654 6.5 -66.0 4.074252972624263 11
0000 0008 1710491464783 -13.0 -57.5 5.301437602932776 11
0000 0011 1710491464784 -32.5 -60.0 2.5954954931025047 11
0000 0007 1710491464785 -52.0625 -59.5 2.2212041808584084 11
0000 0015 1710491464785 -13.0 -69.0 1.736466251886546 11
0000 0005 1710491464786 -45.5625 -65.0 2.012582793705961 11
0000 0013 1710491464787 42.3125 -62.5 5.976389149602458 11
0000 0004 1710491464787 19.5 -59.0 2.024854640009046 11
0000 0002 1710491464788 0.0 -68.0 2.172116795646068 11
0000 0012 1710491464788 -27.625 -58.5 6.258641614573416 11
0000 0006 1710491464789 6.5 -58.5 3.2704470397721868 11
0000 0010 1710491464790 -13.0 -61.0 0.1595340019401067 11
0000 0000 1710491464803 3.25 -64.0 5.283029833478148 11
0000 0009 1710491464804 13.8125 -60.5 2.5402721847386216 11
0000 0014 1710491464805 139.9375 -71.0 3.9085830475326135 11
0000 0003 1710491465016 3.625 -76.5 6.22182607566416 11
0000 0000 1710491465023 -52.0625 -64.0 6.068427996875596 11
0000 0007 1710491465024 29.25 -59.0 6.062292073724054 11
0000 0004 1710491465025 -19.5 -59.0 4.061981126321178 11
0000 0005 1710491465025 -3.25 -63.5 1.1719613219446299 11
0000 0006 1710491465026 -13.0 -57.0 4.853515212870168 11
0000 0011 1710491465027 -6.5 -64.0 3.9453985864418692 11
0000 0009 1710491465027 38.1875 -58.5 2.2089323345553233 11
0000 0012 1710491465028 13.8125 -58.0 0.7301748550335652 11
0000 0008 1710491465028 -22.75 -62.5 5.2768939103266055 11
0000 0013 1710491465029 26.0 -58.5 3.773592738198677 11
0000 0010 1710491465030 -13.0 -59.5 1.2701360923693108 11
0000 0003 1710491465030 -25.1875 -72.5 0.9173205111556134 11
0000 0014 1710491465031 3.1875 -75.0 1.030835089459151 11
0000 0002 1710491465031 -3.5 -80.0 4.460816131171445 11
0000 0015 1710491465032 0.4375 -71.5 0.5338253141842031 11
0000 0011 1710491465160 19.5 -65.0 2.9820586516496865 11
0000 0009 1710491465160 41.5 -56.0 1.8039614065535141 11
0000 0012 1710491465161 -38.1875 -60.0 5.190990986205009 11
0000 0010 1710491465161 -48.8125 -65.0 0.8713010875190442 11
0000 0008 1710491465162 0.0 -57.0 4.71238898038469 11
0000 0000 1710491465162 -182.25 -65.0 6.025476534814799 11
0000 0013 1710491465163 91.125 -64.5 2.356194490192345 11
0000 0006 1710491465164 55.3125 -64.5 2.859340188618835 11
0000 0007 1710491465164 6.0625 -73.5 6.154330920997192 11
0000 0015 1710491465165 -3.0 -71.0 0.8283496254582462 11
0000 0002 1710491465165 1.8125 -77.0 1.859184714917397 11
0000 0005 1710491465166 7.3125 -72.0 3.7981364308048478 11
0000 0011 1710491465166 26.0 -61.0 3.2949907323783574 11
0000 0012 1710491465167 38.1875 -62.5 5.724816300389213 11
0000 0015 1710491465167 58.5625 -68.0 1.0492428589137786 11
0000 0009 1710491465168 10.5625 -57.0 2.055534255766759 11
0000 0008 1710491465169 6.5 -56.5 5.45483568172134 11
0000 0006 1710491465169 192.0 -67.0 2.718213956133356 11
0000 0000 1710491465170 -3.25 -63.5 5.620505606812989 11
0000 0010 1710491465170 -26.0 -62.5 1.1290098598838318 11
0000 0007 1710491465171 -52.0625 -65.0 0.25770877236478773 11
0000 0013 1710491465171 -19.5 -68.0 1.5155730184310134 11
0000 0005 1710491465172 48.8125 -69.5 3.8717675086233583 11
0000 0002 1710491465291 -17.0625 -77.0 5.129631754689584 11
0000 0010 1710491465292 -32.5 -60.5 1.3928545554001621 11
0000 0011 1710491465292 0.0 -65.5 2.9084275738311756 11
0000 0009 1710491465293 7.3125 -56.5 2.356194490192345 11
0000 0013 1710491465293 52.0625 -68.5 1.8039614065535141 11
0000 0008 1710491465294 32.5 -56.5 4.368777283898306 11
0000 0012 1710491465295 -3.25 -55.0 1.859184714917397 11
0000 0007 1710491465295 107.375 -65.0 5.013049214810275 11
0000 0006 1710491465296 -16.25 -67.5 2.730485802436441 11
0000 0000 1710491465296 32.5 -64.5 6.154330920997192 11
0000 0005 1710491465297 14.625 -70.5 5.4671075280244255 11
0000 0004 1710491465297 -21.125 -67.5 2.0708740636456158 11
0000 0002 1710491465442 -3.0 -76.5 2.1230294104337273 11
0000 0003 1710491465443 4.25 -73.0 1.3621749396424494 11
0000 0014 1710491465444 -4.6875 -73.0 4.767612288748572 11
0000 0015 1710491465444 -2.6875 -71.5 4.595806440505381 11
0000 0004 1710491465445 -29.25 -69.0 3.718369429834794 11
0000 0011 1710491465445 0.0 -66.5 1.8162332528565992 11
0000 0007 1710491465446 0.0 -59.5 3.761320891895592 11
0000 0006 1710491465446 35.75 -58.5 5.301437602932776 11
0000 0010 1710491465447 0.0 -57.0 1.0615147052168636 11
0000 0005 1710491465447 -39.0 -63.0 0.7240389318820226 11
0000 0008 1710491465448 0.0 -55.5 4.914874444385594 11
0000 0009 1710491465448 3.25 -52.5 2.5034566458293663 11
0000 0014 1710491465449 -32.5 -70.5 5.258486140871978 11
0000 0013 1710491465449 -39.0 -60.0 4.7307967498393175 11
0000 0012 1710491465450 -45.5625 -59.5 5.970253226450915 11
0000 0000 1710491465451 13.0 -63.0 6.068427996875596 11
0000 0015 1710491465451 68.3125 -68.5 1.5278448647340985 11
0000 0003 1710491465465 -6.5 -71.5 3.7551849687440497 11
0000 0002 1710491465530 6.6875 -77.5 5.123495831538041 11
0000 0012 1710491465681 -45.5625 -63.5 4.804427827657828 11
0000 0011 1710491465681 48.8125 -62.0 3.2949907323783574 11
0000 0008 1710491465682 -9.75 -61.5 4.853515212870168 11
0000 0009 1710491465682 0.0 -58.0 1.282407938672396 11
0000 0000 1710491465683 -22.75 -63.5 6.154330920997192 11
0000 0005 1710491465683 -3.25 -66.5 1.239456476611598 11
0000 0006 1710491465684 19.5 -55.5 1.4848934026733007 11
0000 0013 1710491465685 32.5 -59.0 3.3318062712876126 11
0000 0010 1710491465685 6.5 -62.5 0.2699806186678728 11
0000 0015 1710491465686 -6.5 -66.5 4.9394181369917645 11
0000 0007 1710491465686 -29.25 -64.0 6.080699843178682 11
0000 0003 1710491465687 9.75 -70.5 1.6566992509164924 11
0000 0004 1710491465688 68.3125 -70.0 3.9822141253511245 11
0000 0002 1710491465689 -9.75 -71.5 3.2213596545598464 11
0000 0010 1710491465690 13.0 -64.5 0.8528933180644165 11
0000 0005 1710491465690 9.75 -61.0 4.601942363656923 11
0000 0006 1710491465691 26.0 -59.5 5.853670686571607 11
0000 0002 1710491465691 13.0 -71.5 4.074252972624263 11
0000 0008 1710491465692 -16.25 -57.5 4.822835597112456 11
0000 0007 1710491465692 32.5 -61.0 2.098485717827557 11
0000 0004 1710491465693 32.5 -63.5 1.1044661672776617 11
0000 0009 1710491465693 -7.3125 -55.5 1.1596894756415448 11
0000 0012 1710491465694 10.5625 -61.5 1.1228739367322893 11
0000 0000 1710491465694 -19.5 -66.0 0.4111068511533518 11
0000 0003 1710491465695 -123.6875 -68.0 1.4664856332186729 11
0000 0011 1710491465695 29.25 -61.5 4.589670517353839 11
0000 0013 1710491465812 1.5625 -70.5 0.18407769454627693 11
0000 0015 1710491465813 -3.125 -69.0 5.258486140871978 11
0000 0002 1710491465813 48.8125 -69.5 4.442408361716817 11
0000 0006 1710491465814 -16.25 -58.0 4.3074180523828804 11
0000 0013 1710491465814 -9.75 -60.0 3.2397674240144743 11
0000 0011 1710491465815 26.0 -59.0 4.319689898685965 11
0000 0005 1710491465815 -26.0 -60.0 5.0682725231741586 11
0000 0010 1710491465816 35.75 -63.0 1.533980787885641 11
0000 0008 1710491465816 -22.75 -59.5 5.092816215780329 11
0000 0012 1710491465817 -104.125 -63.0 1.2517283229146832 11
0000 0004 1710491465817 -61.8125 -61.0 0.18407769454627693 11
0000 0009 1710491465818 17.0625 -55.5 1.8346410223112268 11
0000 0007 1710491465818 13.0 -62.0 3.5588354278946874 11
0000 0003 1710491465819 -117.125 -68.0 1.521708941582556 11
0000 0000 1710491465819 -6.5 -64.5 0.5767767762450011 11
0000 0015 1710491465820 32.5 -63.5 4.620350133111551 11
0000 0014 1710491466033 -2.5625 -72.5 2.5341362615870793 11
0000 0015 1710491466034 32.5 -67.0 3.11091303783208 11
0000 0004 1710491466034 -26.0 -58.5 2.5586799541932495 11
0000 0012 1710491466035 -21.125 -58.0 0.9694758579437253 11
0000 0008 1710491466036 -6.5 -53.5 6.000932842208628 11
0000 0000 1710491466036 -87.0625 -65.0 0.3374757733348411 11
0000 0013 1710491466037 3.25 -64.5 6.086835766330224 11
0000 0005 1710491466037 6.5 -61.0 2.6016314162540475 11
0000 0006 1710491466038 26.0 -56.5 2.110757564130642 11
0000 0007 1710491466039 39.0 -61.0 3.356349963893783 11
0000 0009 1710491466039 -10.5625 -56.0 4.215379205109742 11
0000 0002 1710491466040 -3.25 -68.5 3.2213596545598464 11
0000 0014 1710491466040 -117.125 -70.0 5.381204603902829 11
0000 0011 1710491466041 9.75 -58.5 3.6999616603801666 11
0000 0010 1710491466041 6.5 -60.5 0.48473792897186263 11
0000 0000 1710491466171 -6.5 -66.0 0.6258641614573416 11
0000 0004 1710491466171 3.25 -60.5 4.319689898685965 11
0000 0013 1710491466172 -29.25 -56.0 5.565282298449106 11
0000 0011 1710491466172 -3.25 -62.5 4.399456899656019 11
0000 0005 1710491466173 35.75 -58.0 2.693670263527186 11
0000 0015 1710491466174 -71.5625 -69.0 3.399301425954581 11
0000 0010 1710491466174 13.0 -62.5 2.086213871524472 11
0000 0008 1710491466174 -26.0 -62.5 0.9694758579437253 11
0000 0012 1710491466178 13.8125 -57.5 1.2640001692177683 11
0000 0009 1710491466179 13.8125 -58.5 3.442252888015379 11
0000 0007 1710491466179 52.0625 -62.0 2.9575149590435164 11
0000 0006 1710491466180 45.5625 -62.0 3.0066023442558567 11
0000 0002 1710491466180 3.5 -79.5 5.3627968344482015 11
0000 0009 1710491466181 3.25 -56.5 2.350058567040802 11
0000 0012 1710491466181 30.875 -62.5 5.442563835418255 11
0000 0013 1710491466182 22.75 -62.5 4.0128937411088375 11
0000 0006 1710491466182 -9.75 -66.5 3.9085830475326135 11
0000 0010 1710491466183 -120.4375 -68.5 1.5830681730979816 11
0000 0011 1710491466183 16.25 -62.0 3.9453985864418692 11
0000 0008 1710491466184 -32.5 -57.0 5.5714182216006485 11
0000 0004 1710491466184 19.5 -63.0 1.6198837120072371 11
0000 0015 1710491466184 55.3125 -67.5 2.1659808724945253 11
0000 0000 1710491466185 35.75 -66.5 0.09817477042468103 11
0000 0005 1710491466280 26.8125 -69.0 4.181631627776258 11
0000 0007 1710491466280 -1.1875 -68.0 4.276738436625168 11
0000 0002 1710491466281 -10.9375 -77.0 5.878214379177777 11
0000 0003 1710491466281 3.8125 -76.0 0.7179030087304801 11
0000 0000 1710491466469 -78.0625 -64.0 0.1718058482431918 11
0000 0012 1710491466469 6.5 -66.0 2.1966604882522383 11
0000 0005 1710491466470 -34.9375 -63.5 4.792155981354743 11
0000 0009 1710491466470 48.8125 -56.5 2.662990647769473 11
0000 0010 1710491466471 -52.0625 -65.0 1.8285050991596843 11
0000 0011 1710491466471 45.5625 -60.0 3.9638063558964967 11
0000 0013 1710491466472 52.0625 -69.0 2.0064468705544187 11
0000 0006 1710491466472 16.25 -64.0 3.227495577711389 11
0000 0015 1710491466472 -45.5625 -69.0 2.6200391857086753 11
0000 0007 1710491466473 -3.25 -59.5 1.41126232485479 11
0000 0008 1710491466473 -13.0 -57.0 0.3313398501832985 11
0000 0004 1710491466474 9.125 -72.0 0.9940195505498954 11
0000 0002 1710491466474 -4.6875 -77.5 6.1420590746941075 11
0000 0014 1710491466475 -0.25 -74.5 4.95168998329485 11
0000 0013 1710491466475 42.3125 -67.0 3.3072625786814425 11
0000 0007 1710491466475 -81.375 -65.0 5.203262832508095 11
0000 0006 1710491466476 -6.5 -70.0 4.81056375080937 11
0000 0010 1710491466476 39.0 -59.5 1.8285050991596843 11
0000 0011 1710491466477 9.75 -66.5 3.4913402732277192 11
0000 0004 1710491466477 9.75 -60.5 2.564815877344792 11
0000 0009 1710491466478 -10.5625 -55.5 3.2029518851052186 11
0000 0012 1710491466479 -17.0625 -56.0 2.1230294104337273 11
0000 0008 1710491466479 61.8125 -61.0 5.0253210611133605 11
0000 0000 1710491466480 0.0 -65.0 0.4540583132141498 11
0000 0005 1710491466530 3.25 -66.0 5.881282340753549 11
0000 0015 1710491466530 3.0 -71.0 6.025476534814799 11
0000 0003 1710491466531 10.9375 -73.5 1.5278448647340985 11
0000 0014 1710491466531 3.1875 -68.0 1.932815792735908 11
0000 0002 1710491466735 4.0 -77.5 5.448699758569798 11
0000 0006 1710491466735 29.25 -59.0 5.491651220630596 11
0000 0012 1710491466736 -19.5 -63.5 6.074563920027139 11
0000 0000 1710491466736 13.0 -63.5 0.2270291566070749 11
0000 0008 1710491466736 -16.25 -54.0 5.080544369477243 11
0000 0014 1710491466737 -16.25 -67.5 5.859806609723149 11
0000 0009 1710491466737 21.125 -50.5 2.767301341345697 11
0000 0004 1710491466738 -42.3125 -67.5 5.976389149602458 11
0000 0015 1710491466738 6.5 -62.0 3.368621810196868 11
0000 0011 1710491466739 91.125 -65.0 2.012582793705961 11
0000 0010 1710491466739 39.0 -62.0 6.270913460876501 11
0000 0013 1710491466739 0.0 -60.0 0.6442719309119693 11
0000 0005 1710491466740 52.0625 -66.0 5.368932757599744 11
0000 0007 1710491466741 -9.75 -64.5 6.080699843178682 11
0000 0002 1710491466741 0.8125 -75.5 6.068427996875596 11
0000 0003 1710491466742 -3.5625 -74.5 1.9205439464328227 11
0000 0005 1710491466780 -13.0 -64.0 6.19728238305799 11
0000 0007 1710491466780 74.8125 -65.0 4.847379289718626 11
0000 0006 1710491466781 13.0 -55.0 2.859340188618835 11
0000 0004 1710491466781 -139.9375 -65.5 5.436427912266712 11
0000 0012 1710491466782 -9.75 -63.0 0.9572040116406401 11
0000 0011 1710491466782 -74.8125 -66.0 4.516039439535327 11
0000 0008 1710491466783 -39.0 -61.5 4.724660826687775 11
0000 0000 1710491466783 13.0 -62.5 0.5460971604872883 11
0000 0009 1710491466783 41.5 -55.0 1.1658253987930873 11
0000 0010 1710491466784 9.75 -59.0 0.16566992509164924 11
0000 0003 1710491466784 -6.5 -70.5 1.4910293258248433 11
0000 0002 1710491466785 -156.1875 -71.0 4.000621894805752 11
0000 0013 1710491466785 -10.5625 -69.5 3.6784859293497676 11
0000 0004 1710491466999 9.75 -63.0 1.043106935762236 11
0000 0009 1710491466999 3.25 -56.0 1.1903690913992575 11
0000 0011 1710491467000 -26.0 -63.5 5.141903600992669 11
0000 0000 1710491467000 39.0 -64.0 0.5399612373357456 11
0000 0006 1710491467001 -3.25 -60.0 5.595961914206819 11
0000 0012 1710491467001 17.0625 -58.5 0.5890486225480862 11
0000 0007 1710491467001 48.8125 -62.0 1.6812429435226628 11
0000 0010 1710491467002 13.0 -60.5 0.5829126993965437 11
0000 0008 1710491467002 22.75 -58.5 4.890330751779424 11
0000 0005 1710491467003 -26.0 -61.0 4.196971435655114 11
0000 0003 1710491467003 -6.5 -71.0 1.000155473701438 11
0000 0002 1710491467004 -74.8125 -70.5 3.153864499892878 11
0000 0013 1710491467004 0.875 -71.0 3.5588354278946874 11
0000 0006 1710491467004 -19.5 -57.5 2.3746022596469727 11
0000 0000 1710491467005 6.5 -62.0 0.2086213871524472 11
0000 0012 1710491467005 58.5625 -63.0 1.214912784005428 11
0000 0013 1710491467006 32.5 -57.0 2.448233337465483 11
0000 0004 1710491467009 19.5 -59.5 5.9518454569962875 11
0000 0010 1710491467010 16.25 -61.0 1.184233168247715 11
0000 0005 1710491467010 39.0 -62.5 0.0674951546669682 11
0000 0015 1710491467011 -6.5 -62.5 3.5956509668039427 11
0000 0008 1710491467011 -19.5 -62.0 5.767767762450011 11
0000 0014 1710491467012 -87.875 -72.0 5.589825991055276 11
0000 0007 1710491467012 0.0 -65.0 5.583690067903734 11
0000 0009 1710491467013 -3.25 -58.0 2.9575149590435164 11
0000 0002 1710491467014 -19.5 -66.0 3.7429131224409646 11
0000 0011 1710491467014 -19.5 -58.5 4.074252972624263 11
0000 0003 1710491467015 -42.3125 -70.5 1.6137477888556946 11
0000 0005 1710491467241 -29.25 -59.0 3.5711072741977725 11
0000 0014 1710491467242 -16.25 -68.5 4.749204519293945 11
0000 0004 1710491467242 -6.5 -56.0 0.8222137023067037 11
0000 0008 1710491467243 -6.5 -54.0 5.393476450205914 11
0000 0012 1710491467244 29.25 -55.0 1.380582709097077 11
0000 0011 1710491467244 26.0 -59.5 3.816544200259475 11
0000 0013 1710491467245 26.0 -57.0 5.227806525114265 11
0000 0009 1710491467245 -10.5625 -51.5 3.509748042682347 11
0000 0007 1710491467246 48.8125 -60.5 1.5707963267948966 11
0000 0000 1710491467246 6.5 -62.0 0.14112623248547898 11
0000 0006 1710491467247 -58.5625 -68.5 3.4054373491061236 11
0000 0002 1710491467247 -162.75 -72.0 2.6875343403756435 11
0000 0015 1710491467248 -24.375 -69.5 2.193592526676467 11
0000 0010 1710491467248 19.5 -67.0 4.427068553837961 11
0000 0003 1710491467249 4.5625 -75.0 4.71238898038469 11
0000 0005 1710491467249 26.0 -63.5 3.147728576741336 11
0000 0011 1710491467250 -65.0625 -67.0 3.5588354278946874 11
0000 0015 1710491467250 -71.5625 -68.5 1.945087639038993 11
0000 0012 1710491467251 21.125 -58.0 3.859495662320273 11
0000 0004 1710491467251 9.75 -61.0 1.6505633277649499 11
0000 0008 1710491467251 3.25 -62.0 5.080544369477243 11
0000 0006 1710491467252 3.25 -68.0 5.927301764390117 11
0000 0000 1710491467253 45.5625 -64.0 0.3374757733348411 11
0000 0009 1710491467253 -13.8125 -55.0 2.890019804376548 11
0000 0013 1710491467253 -3.25 -58.0 4.184699589352029 11
0000 0007 1710491467254 19.5 -68.0 2.9329712664373457 11
0000 0010 1710491467280 12.1875 -70.5 4.362641360746763 11
0000 0002 1710491467491 6.0 -78.0 1.736466251886546 11
0000 0011 1710491467492 19.5 -59.5 4.509903516383785 11
0000 0007 1710491467492 9.75 -65.0 0.5890486225480862 11
0000 0015 1710491467493 139.9375 -67.5 2.0923497946760143 11
0000 0000 1710491467493 34.9375 -63.0 5.939573610693203 11
0000 0006 1710491467493 -13.0 -64.0 3.172272269347506 11
0000 0009 1710491467494 10.5625 -56.5 3.0372819600135696 11
0000 0005 1710491467494 93.5625 -68.5 4.23378697456437 11
0000 0008 1710491467494 -9.75 -56.5 6.160466844148735 11
0000 0012 1710491467495 -65.0625 -64.5 2.9145634969827183 11
0000 0010 1710491467495 68.3125 -64.5 1.6689710972195777 11
0000 0013 1710491467496 0.0 -73.0 2.350058567040802 11
0000 0013 1710491467496 -25.1875 -73.5 5.307573526084319 11
0000 0004 1710491467496 25.1875 -72.0 2.012582793705961 11
0000 0002 1710491467497 17.6875 -77.5 1.9880391010997909 11
0000 0007 1710491467497 78.0625 -64.0 0.3190680038802134 11
0000 0008 1710491467497 -9.75 -55.5 6.191146459906448 11
0000 0012 1710491467498 32.5 -64.5 0.21475731030398976 11
0000 0009 1710491467498 -7.3125 -56.0 3.3195344249845276 11
0000 0010 1710491467499 9.75 -64.5 1.761009944492716 11
0000 0011 1710491467499 29.25 -60.5 4.411728745959104 11
0000 0000 1710491467499 58.5625 -63.0 6.080699843178682 11
0000 0013 1710491467500 45.5625 -69.0 2.1598449493429825 11
0000 0006 1710491467500 35.75 -67.0 3.2336315008629315 11
0000 0015 1710491467501 29.25 -68.5 1.8223691760081417 11
0000 0005 1710491467501 71.5625 -66.0 4.3074180523828804 11
0000 0002 1710491467530 -19.5 -77.5 2.3193789512830896 11
