0000 0008 1710401125448 6.5 -56.5 5.043728830567988 6
0000 0013 1710401125449 -32.5 -56.5 5.270757987175063 6
0000 0014 1710401125449 68.3125 -66.0 0.5706408530934585 6
0000 0002 1710401125449 9.75 -60.0 4.246058820867455 6
0000 0000 1710401125450 62.625 -69.0 6.019340611663256 6
0000 0007 1710401125451 81.375 -67.5 2.4175537217077703 6
0000 0003 1710401125451 32.5 -63.5 0.46019423636569234 6
0000 0009 1710401125451 -9.75 -57.5 4.632621979414636 6
0000 0005 1710401125451 -21.125 -70.5 4.92714629068868 6
0000 0015 1710401125452 -19.5 -60.0 3.448388811166921 6
0000 0006 1710401125453 159.5 -70.0 1.9266798695843652 6
0000 0012 1710401125453 -9.75 -63.0 5.773903685601553 6
0000 0011 1710401125453 -3.5625 -76.5 4.779884135051658 6
0000 0009 1710401125454 -30.875 -57.5 4.589670517353839 6
0000 0015 1710401125454 -3.25 -60.0 3.436116964863836 6
0000 0002 1710401125454 9.75 -60.0 4.1417481272912315 6
0000 0007 1710401125455 81.375 -67.5 2.3623304133438876 6
0000 0006 1710401125455 71.5625 -70.0 2.073942025221387 6
0000 0013 1710401125455 19.5 -57.0 5.1725832167503825 6
0000 0008 1710401125456 0.0 -57.0 4.970097752749477 6
0000 0014 1710401125456 39.0 -65.5 0.5522330836388308 6
0000 0003 1710401125456 -16.25 -63.5 0.47860200582032003 6
0000 0012 1710401125456 22.75 -63.0 5.755495916146925 6
0000 0000 1710401125457 42.3125 -69.5 6.013204688511713 6
0000 0005 1710401125457 7.3125 -71.0 4.387185053352934 6
0000 0009 1710401125675 -48.8125 -57.5 4.620350133111551 6
0000 0008 1710401125675 9.75 -56.5 4.914874444385594 6
0000 0013 1710401125676 0.0 -56.5 5.184855063053467 6
0000 0000 1710401125676 87.875 -68.5 5.651185222570702 6
0000 0003 1710401125676 -45.5625 -63.5 0.47860200582032003 6
0000 0002 1710401125677 -13.0 -60.0 4.196971435655114 6
0000 0015 1710401125677 -3.25 -60.5 3.448388811166921 6
0000 0012 1710401125677 -3.25 -63.5 5.7616318392984684 6
0000 0014 1710401125678 94.375 -65.5 0.4540583132141498 6
0000 0005 1710401125678 -198.5625 -71.0 4.430136515413731 6
0000 0007 1710401125678 -87.875 -67.0 2.6568547246179306 6
0000 0006 1710401125679 3.25 -69.5 2.116893487282185 6
0000 0003 1710401125679 87.875 -63.5 0.2761165418194154 6
0000 0005 1710401125679 35.75 -70.5 4.104932588381976 6
0000 0000 1710401125679 -123.6875 -68.5 6.068427996875596 6
0000 0007 1710401125680 -35.75 -67.5 2.5586799541932495 6
0000 0015 1710401125680 -19.5 -60.5 3.4177091954092087 6
0000 0008 1710401125680 3.25 -56.0 4.97623367590102 6
0000 0006 1710401125681 -87.875 -70.5 2.086213871524472 6
0000 0013 1710401125681 16.25 -56.5 5.154175447295755 6
0000 0002 1710401125681 -19.5 -60.0 4.239922897715912 6
0000 0014 1710401125682 -87.875 -65.5 0.7424467013366504 6
0000 0012 1710401125682 -29.25 -63.0 5.841398840268521 6
0000 0009 1710401125682 17.0625 -58.0 4.614214209960009 6
0000 0009 1710401125806 -45.5625 -58.0 4.693981210930062 6
0000 0006 1710401125807 65.0625 -72.0 2.0800779483729293 6
0000 0014 1710401125807 58.5625 -65.0 0.5154175447295755 6
0000 0007 1710401125807 13.0 -67.5 2.6445828783148455 6
0000 0008 1710401125807 26.0 -56.0 4.957825906446392 6
0000 0015 1710401125808 13.0 -60.0 3.368621810196868 6
0000 0012 1710401125808 -34.9375 -63.5 5.786175531904639 6
0000 0013 1710401125808 22.75 -56.5 5.148039524144211 6
0000 0003 1710401125809 -58.5625 -63.5 0.3313398501832985 6
0000 0000 1710401125809 -87.0625 -68.0 6.043884304269426 6
0000 0002 1710401125809 -13.0 -59.5 4.221515128261284 6
0000 0005 1710401125809 -185.5 -69.5 4.387185053352934 6
0000 0012 1710401126017 -24.375 -63.5 5.7616318392984684 6
0000 0002 1710401126017 42.3125 -60.0 4.074252972624263 6
0000 0006 1710401126017 123.6875 -71.5 2.141437179888355 6
0000 0009 1710401126018 0.0 -58.0 4.601942363656923 6
0000 0014 1710401126018 35.75 -65.0 0.4663301595172349 6
0000 0003 1710401126018 22.75 -63.5 0.14726215563702155 6
0000 0008 1710401126018 3.25 -56.0 4.963961829597935 6
0000 0000 1710401126019 -48.8125 -68.5 5.878214379177777 6
0000 0015 1710401126019 19.5 -60.5 3.3440781175906977 6
0000 0007 1710401126019 -74.8125 -67.0 2.675262494072558 6
0000 0013 1710401126020 3.25 -56.5 5.160311370447297 6
0000 0005 1710401126020 -130.1875 -70.5 4.3074180523828804 6
0000 0009 1710401126021 17.0625 -57.5 4.534447208989955 6
0000 0003 1710401126022 19.5 -63.5 0.02454369260617026 6
0000 0015 1710401126022 22.75 -60.5 3.356349963893783 6
0000 0012 1710401126022 17.0625 -63.0 5.688000761479957 6
0000 0000 1710401126023 6.5 -69.0 5.737088146692298 6
0000 0007 1710401126023 247.375 -67.5 2.061670178918302 6
0000 0002 1710401126023 6.5 -60.0 4.123340357836604 6
0000 0008 1710401126024 -13.0 -56.0 4.896466674930966 6
0000 0005 1710401126024 -3.25 -70.5 3.77972866135022 6
0000 0014 1710401126024 6.5 -66.0 0.5399612373357456 6
0000 0013 1710401126024 6.5 -56.5 5.135767677841127 6
0000 0006 1710401126025 -126.9375 -70.5 2.2518837966161214 6
0000 0012 1710401126244 -3.25 -63.0 5.675728915176872 6
0000 0013 1710401126245 13.0 -56.5 5.129631754689584 6
0000 0007 1710401126245 35.75 -67.0 2.2886993355253766 6
0000 0006 1710401126245 58.5625 -71.0 1.7978254834019713 6
0000 0009 1710401126245 -3.25 -57.5 4.4976316700806995 6
0000 0005 1710401126246 -45.5625 -69.0 3.865631585471816 6
0000 0003 1710401126246 35.75 -64.0 6.191146459906448 6
0000 0014 1710401126246 9.75 -65.5 0.5092816215780329 6
0000 0008 1710401126247 -22.75 -56.0 4.908738521234052 6
0000 0000 1710401126247 -21.125 -68.0 5.810719224510809 6
0000 0002 1710401126247 -9.75 -59.5 4.2031073588066565 6
0000 0015 1710401126248 -16.25 -60.0 3.4054373491061236 6
0000 0007 1710401126248 3.25 -67.5 2.442097414313941 6
0000 0003 1710401126248 9.75 -64.0 6.105243535784852 6
0000 0009 1710401126248 -17.0625 -57.0 4.522175362686871 6
0000 0008 1710401126249 -3.25 -55.5 4.933282213840222 6
0000 0015 1710401126249 16.25 -60.0 3.3379421944391554 6
0000 0006 1710401126249 -152.9375 -71.5 2.509592568980909 6
0000 0013 1710401126250 22.75 -56.5 5.135767677841127 6
0000 0000 1710401126250 34.9375 -68.0 5.749359992995383 6
0000 0002 1710401126250 0.0 -59.5 4.276738436625168 6
0000 0014 1710401126251 13.0 -65.0 0.42337869745643697 6
0000 0005 1710401126251 -136.6875 -69.5 3.8410878928656453 6
0000 0012 1710401126251 -7.3125 -63.5 5.651185222570702 6
0000 0002 1710401126479 6.5 -59.5 4.313553975534423 6
0000 0000 1710401126479 -32.5 -67.5 5.816855147662351 6
0000 0014 1710401126479 84.625 -66.0 0.30066023442558565 6
0000 0013 1710401126479 -16.25 -56.5 5.178719139901925 6
0000 0009 1710401126480 7.3125 -57.0 4.479223900626073 6
0000 0006 1710401126480 152.9375 -72.5 2.0493983326152168 6
0000 0003 1710401126481 61.8125 -64.0 5.921165841238575 6
0000 0008 1710401126481 -3.25 -55.5 4.945554060143307 6
0000 0015 1710401126481 -6.5 -60.5 3.356349963893783 6
0000 0007 1710401126482 159.5 -67.0 2.0800779483729293 6
0000 0012 1710401126482 -55.3125 -63.5 5.773903685601553 6
0000 0005 1710401126482 -48.8125 -70.0 3.4913402732277192 6
0000 0004 1710401126483 0.0 -72.5 4.381049130201391 6
0000 0009 1710401126483 -10.5625 -57.5 4.528311285838413 6
0000 0013 1710401126483 13.0 -56.5 5.105088062083414 6
0000 0008 1710401126483 -16.25 -55.5 4.92714629068868 6
0000 0005 1710401126484 104.125 -68.5 3.2827188860752723 6
0000 0012 1710401126484 13.8125 -63.0 5.66959299202533 6
0000 0015 1710401126484 -22.75 -60.5 3.3870295796514958 6
0000 0003 1710401126485 0.0 -63.5 5.957981380147831 6
0000 0014 1710401126485 -16.25 -65.0 0.47860200582032003 6
0000 0002 1710401126485 22.75 -59.0 4.319689898685965 6
0000 0007 1710401126486 -146.4375 -68.0 2.435961491162398 6
0000 0000 1710401126486 110.625 -68.0 5.602097837358362 6
0000 0006 1710401126556 9.125 -73.0 5.3198453723874035 6
0000 0004 1710401126556 -7.875 -73.0 1.2885438618239387 6
0000 0002 1710401126725 -32.5 -59.0 4.381049130201391 6
0000 0014 1710401126725 58.5625 -65.5 0.380427235395639 6
0000 0012 1710401126725 -24.375 -63.5 5.786175531904639 6
0000 0000 1710401126725 -38.1875 -67.0 5.6941366846315 6
0000 0003 1710401126726 -13.0 -63.5 5.9518454569962875 6
0000 0008 1710401126726 -13.0 -55.0 4.95168998329485 6
0000 0015 1710401126726 9.75 -60.5 3.2949907323783574 6
0000 0009 1710401126727 7.3125 -57.5 4.546719055293041 6
0000 0013 1710401126727 3.25 -56.5 5.148039524144211 6
0000 0005 1710401126727 -52.0625 -68.5 3.54042765844006 6
0000 0007 1710401126727 84.625 -67.5 2.110757564130642 6
0000 0006 1710401126728 64.25 -73.0 5.258486140871978 6
0000 0004 1710401126729 12.1875 -72.5 4.325825821837508 6
0000 0013 1710401126729 22.75 -56.5 5.105088062083414 6
0000 0007 1710401126729 3.25 -68.5 2.6200391857086753 6
0000 0012 1710401126730 -10.5625 -63.5 5.749359992995383 6
0000 0008 1710401126730 0.0 -54.0 5.1725832167503825 6
0000 0003 1710401126730 -81.375 -64.0 6.0991076126333095 6
0000 0009 1710401126731 41.5 -57.0 4.669437518323892 6
0000 0014 1710401126731 -45.5625 -65.5 0.46019423636569234 6
0000 0015 1710401126731 -6.5 -60.0 3.3379421944391554 6
0000 0000 1710401126731 -10.5625 -66.5 6.043884304269426 6
0000 0002 1710401126732 -29.25 -59.5 4.3933209765044765 6
0000 0004 1710401126732 -55.3125 -70.0 4.264466590322082 6
0000 0005 1710401126732 79.75 -71.0 3.749049045592507 6
0000 0006 1710401126806 9.125 -74.0 2.36846633649543 6
0000 0003 1710401126982 -48.8125 -64.5 5.9518454569962875 6
0000 0008 1710401126982 -22.75 -52.0 5.706408530934585 6
0000 0000 1710401126982 -41.5 -64.5 0.22089323345553233 6
0000 0009 1710401126982 3.25 -55.5 5.184855063053467 6
0000 0004 1710401126983 74.8125 -69.0 4.037437433715008 6
0000 0014 1710401126983 35.75 -65.0 0.2454369260617026 6
0000 0012 1710401126983 35.75 -64.0 5.810719224510809 6
0000 0007 1710401126984 -45.5625 -66.0 4.1172044346850605 6
0000 0002 1710401126984 9.75 -61.0 4.301282129231338 6
0000 0015 1710401126984 -16.25 -60.5 3.429981041712294 6
0000 0013 1710401126984 -13.0 -56.5 5.240078371417351 6
0000 0005 1710401126985 9.75 -71.5 5.859806609723149 6
0000 0006 1710401126985 -0.9375 -75.0 5.264622064023521 6
0000 0011 1710401126985 2.6875 -76.0 0.37429131224409645 6
0000 0012 1710401126986 -48.8125 -64.5 6.234097921967246 6
0000 0009 1710401126986 -52.0625 -56.0 0.21475731030398976 6
0000 0014 1710401126986 -52.0625 -64.0 0.3374757733348411 6
0000 0007 1710401126987 -26.0 -65.0 5.638913376267617 6
0000 0005 1710401126987 -32.5 -64.5 0.9633399347921826 6
0000 0013 1710401126987 22.75 -56.0 5.356660911296659 6
0000 0002 1710401126987 58.5625 -64.0 3.7551849687440497 6
0000 0015 1710401126988 -6.5 -60.0 3.436116964863836 6
0000 0008 1710401126988 -9.75 -50.5 0.12885438618239387 6
0000 0003 1710401126988 78.0625 -65.0 5.47937937432751 6
0000 0000 1710401126989 -19.5 -62.5 0.7547185476397354 6
0000 0004 1710401126989 -104.125 -68.0 4.135612204139688 6
0000 0006 1710401126990 -198.5625 -69.5 0.20248546400090464 6
0000 0010 1710401127056 -32.3125 -77.0 4.700117134081604 6
0000 0011 1710401127056 -17.6875 -74.5 1.184233168247715 6
0000 0013 1710401127238 -19.5 -56.0 5.540738605842936 6
0000 0002 1710401127238 -78.0625 -67.5 3.129320807286708 6
0000 0005 1710401127238 3.25 -60.5 1.521708941582556 6
0000 0007 1710401127239 71.5625 -61.5 0.9633399347921826 6
0000 0008 1710401127239 -22.75 -53.5 0.6013204688511713 6
0000 0012 1710401127239 -30.875 -64.5 0.25157284921324513 6
0000 0015 1710401127240 -3.25 -60.5 3.497476196379262 6
0000 0010 1710401127240 26.0 -64.0 0.34974761963792617 6
0000 0004 1710401127240 -61.8125 -66.5 4.534447208989955 6
0000 0006 1710401127241 9.75 -63.5 1.7855536370988863 6
0000 0014 1710401127241 42.3125 -64.0 0.25157284921324513 6
0000 0009 1710401127241 -30.875 -59.0 2.356194490192345 6
0000 0003 1710401127241 -55.3125 -68.5 5.47937937432751 6
0000 0000 1710401127242 10.5625 -62.5 1.0676506283684062 6
0000 0011 1710401127243 8.5 -72.0 3.399301425954581 6
0000 0010 1710401127243 29.25 -62.0 3.3747577333484107 6
0000 0013 1710401127243 6.5 -56.5 5.577554144752192 6
0000 0007 1710401127244 29.25 -59.5 2.2764274892222915 6
0000 0000 1710401127244 -7.3125 -65.0 1.2026409377023426 6
0000 0009 1710401127244 13.8125 -55.5 4.424000592262189 6
0000 0006 1710401127245 -39.0 -63.0 2.9391071895888885 6
0000 0004 1710401127245 -39.0 -62.5 4.571262747899211 6
0000 0008 1710401127245 45.5625 -59.0 2.043262409463674 6
0000 0015 1710401127245 -6.5 -60.5 3.5036121195308043 6
0000 0005 1710401127246 19.5 -59.5 1.7241944055834606 6
0000 0002 1710401127247 -52.0625 -70.0 2.675262494072558 6
0000 0011 1710401127247 94.375 -67.5 2.718213956133356 6
0000 0003 1710401127247 35.75 -70.5 5.5284667595398505 6
0000 0014 1710401127247 -13.0 -65.5 0.3313398501832985 6
0000 0012 1710401127248 -9.75 -65.0 0.5767767762450011 6
0000 0001 1710401127248 -149.6875 -74.0 0.1349903093339364 6
0000 0009 1710401127357 -41.5 -53.0 5.2768939103266055 6
0000 0011 1710401127357 0.0 -66.0 4.430136515413731 6
0000 0008 1710401127357 3.25 -58.0 3.448388811166921 6
0000 0006 1710401127357 6.5 -67.0 3.000466421104314 6
0000 0015 1710401127358 16.25 -60.5 3.56497135104623 6
0000 0010 1710401127358 22.75 -64.5 4.97623367590102 6
0000 0007 1710401127358 -6.5 -60.5 3.215223731408304 6
0000 0005 1710401127358 -13.0 -60.0 1.6198837120072371 6
0000 0012 1710401127359 13.0 -65.0 0.760854470791278 6
0000 0004 1710401127359 -39.0 -62.5 3.9944859716542096 6
0000 0000 1710401127359 68.3125 -66.0 1.3192234775816514 6
0000 0013 1710401127360 0.0 -56.0 5.730952223540755 6
0000 0014 1710401127360 -6.5 -65.0 0.380427235395639 6
0000 0002 1710401127360 -208.3125 -70.0 2.1537090261914402 6
0000 0003 1710401127361 -9.75 -66.5 4.933282213840222 6
0000 0001 1710401127361 97.625 -72.0 4.09266074207889 6
0000 0001 1710401127479 100.875 -73.0 2.6875343403756435 6
0000 0004 1710401127480 16.25 -65.0 2.8102528034064944 6
0000 0010 1710401127480 -45.5625 -65.5 0.15339807878856412 6
0000 0005 1710401127480 0.0 -60.5 1.043106935762236 6
0000 0013 1710401127481 -6.5 -56.5 5.970253226450915 6
0000 0007 1710401127481 -48.8125 -60.0 3.11091303783208 6
0000 0008 1710401127481 -19.5 -55.5 3.9208548938356986 6
0000 0015 1710401127482 -16.25 -61.0 3.7429131224409646 6
0000 0000 1710401127482 -45.5625 -64.5 1.4051264017032472 6
0000 0009 1710401127482 -7.3125 -53.5 5.982525072754001 6
0000 0012 1710401127483 39.0 -66.5 0.9142525495798421 6
0000 0014 1710401127483 3.25 -66.0 0.521553467881118 6
0000 0011 1710401127484 -26.0 -64.0 6.000932842208628 6
0000 0002 1710401127484 -315.6875 -72.5 1.6996507129772904 6
0000 0006 1710401127484 6.5 -66.0 1.9144080232812801 6
0000 0003 1710401127485 -81.375 -67.5 4.1601558967458585 6
0000 0005 1710401127601 -16.25 -60.5 6.062292073724054 6
0000 0015 1710401127602 26.0 -61.5 3.9269908169872414 6
0000 0006 1710401127602 -26.0 -66.5 2.2396119503130363 6
0000 0012 1710401127602 32.5 -66.0 1.1658253987930873 6
0000 0004 1710401127602 -185.5 -68.0 2.466641106920111 6
0000 0008 1710401127603 -19.5 -55.5 3.902447124381071 6
0000 0000 1710401127603 -13.8125 -64.5 1.0185632431560658 6
0000 0009 1710401127603 -13.8125 -55.0 0.01227184630308513 6
0000 0013 1710401127604 6.5 -57.0 0.30066023442558565 6
0000 0011 1710401127604 -9.75 -59.5 1.0737865515199487 6
0000 0003 1710401127604 35.75 -67.5 3.3624858870453256 6
0000 0010 1710401127604 0.0 -64.0 0.9265243958829272 6
0000 0014 1710401127605 42.3125 -67.0 0.5460971604872883 6
0000 0007 1710401127605 -16.25 -57.0 2.110757564130642 6
0000 0002 1710401127605 107.375 -72.5 0.5154175447295755 6
0000 0001 1710401127606 -19.5 -74.5 0.6933593161243098 6
0000 0009 1710401127781 -38.1875 -55.0 0.11044661672776616 6
0000 0007 1710401127781 3.25 -56.0 1.0615147052168636 6
0000 0002 1710401127781 -146.4375 -74.0 0.5092816215780329 6
0000 0011 1710401127782 -13.0 -59.0 1.5278448647340985 6
0000 0010 1710401127782 42.3125 -63.0 1.4173982480063325 6
0000 0008 1710401127782 -16.25 -55.5 3.933126740138784 6
0000 0000 1710401127783 26.0 -64.5 0.47860200582032003 6
0000 0013 1710401127783 -19.5 -57.0 0.8651651643675016 6
0000 0004 1710401127783 149.6875 -66.5 1.5892040962495242 6
0000 0015 1710401127783 39.0 -61.0 3.9822141253511245 6
0000 0014 1710401127784 13.0 -68.0 0.7424467013366504 6
0000 0005 1710401127784 -41.5 -58.5 4.963961829597935 6
0000 0006 1710401127784 3.25 -67.0 2.9145634969827183 6
0000 0012 1710401127785 17.0625 -60.5 1.5953400194010667 6
0000 0003 1710401127785 -6.5 -68.5 2.8654761117703775 6
0000 0001 1710401127785 7.3125 -77.0 5.350524988145116 6
0000 0004 1710401127911 19.5 -59.0 1.8960002538266525 6
0000 0014 1710401127912 -58.5625 -68.0 0.9019807032767571 6
0000 0009 1710401127912 13.8125 -57.0 0.25157284921324513 6
0000 0006 1710401127912 35.75 -63.0 2.2212041808584084 6
0000 0008 1710401127913 -16.25 -57.0 3.9147189706841563 6
0000 0012 1710401127914 3.25 -59.0 1.8285050991596843 6
0000 0015 1710401127914 19.5 -60.0 4.252194744018997 6
0000 0007 1710401127914 26.0 -57.5 6.264777537724958 6
0000 0010 1710401127914 39.0 -61.0 1.6935147898257479 6
0000 0013 1710401127915 45.5625 -56.5 1.2333205534600555 6
0000 0011 1710401127915 42.3125 -60.0 1.533980787885641 6
0000 0003 1710401127915 -159.5 -69.0 2.8409324191642074 6
0000 0005 1710401127916 -42.3125 -59.0 4.3933209765044765 6
0000 0000 1710401127916 35.75 -65.5 0.01227184630308513 6
0000 0002 1710401127916 133.4375 -73.5 6.019340611663256 6
0000 0001 1710401127917 12.1875 -78.0 4.571262747899211 6
0000 0006 1710401128057 3.25 -63.5 1.4910293258248433 6
0000 0009 1710401128057 21.125 -58.0 0.5338253141842031 6
0000 0013 1710401128057 52.0625 -57.0 1.380582709097077 6
0000 0010 1710401128058 -19.5 -62.0 1.9573594853420782 6
0000 0000 1710401128058 9.75 -65.0 6.092971689481767 6
0000 0003 1710401128058 6.5 -67.5 2.3623304133438876 6
0000 0004 1710401128059 9.75 -59.0 2.000310947402876 6
0000 0012 1710401128059 42.3125 -57.5 1.9266798695843652 6
0000 0014 1710401128059 6.5 -69.5 1.0185632431560658 6
0000 0008 1710401128059 -13.0 -58.0 3.9269908169872414 6
0000 0011 1710401128060 0.0 -63.5 1.1596894756415448 6
0000 0005 1710401128060 9.75 -59.0 4.215379205109742 6
0000 0007 1710401128060 -9.75 -57.5 5.964117303299373 6
0000 0015 1710401128061 -29.25 -60.0 4.246058820867455 6
0000 0002 1710401128061 74.8125 -73.0 5.816855147662351 6
0000 0001 1710401128214 7.625 -78.5 0.7363107781851077 6
0000 0014 1710401128215 113.875 -69.0 0.7792622402459057 6
0000 0009 1710401128215 -3.25 -59.0 0.8160777791551611 6
0000 0000 1710401128215 32.5 -65.5 6.1420590746941075 6
0000 0006 1710401128215 -3.25 -62.5 2.12916533358527 6
0000 0013 1710401128216 29.25 -56.5 1.564660403643354 6
0000 0007 1710401128216 6.5 -58.0 0.04295146206079795 6
0000 0012 1710401128216 10.5625 -58.0 2.018718716857504 6
0000 0011 1710401128217 26.0 -62.5 1.0983302441261191 6
0000 0005 1710401128217 26.0 -59.5 4.417864669110647 6
0000 0008 1710401128217 -42.3125 -58.5 4.086524818927348 6
0000 0010 1710401128218 45.5625 -62.5 1.9941750242513334 6
0000 0003 1710401128218 -26.0 -68.0 2.705942109830271 6
0000 0004 1710401128218 16.25 -62.5 1.3008157081270237 6
0000 0015 1710401128219 -13.0 -62.0 4.23378697456437 6
0000 0002 1710401128219 41.5 -75.5 5.66959299202533 6
0000 0011 1710401128476 9.75 -62.5 1.184233168247715 6
0000 0014 1710401128476 120.4375 -68.5 0.7669903939428205 6
0000 0007 1710401128477 -13.0 -56.0 0.8897088569736719 6
0000 0000 1710401128477 3.25 -65.0 6.22182607566416 6
0000 0005 1710401128477 26.0 -59.5 4.822835597112456 6
0000 0009 1710401128478 -10.5625 -58.5 0.9326603190344698 6
0000 0015 1710401128478 -6.5 -62.5 4.1417481272912315 6
0000 0003 1710401128478 -13.0 -67.0 2.5157284921324514 6
0000 0004 1710401128478 9.75 -60.5 1.5585244804918115 6
0000 0013 1710401128479 13.0 -56.5 1.5892040962495242 6
0000 0008 1710401128479 -22.75 -58.5 4.1172044346850605 6
0000 0012 1710401128479 55.3125 -58.0 1.902136176978195 6
0000 0010 1710401128480 52.0625 -62.5 2.024854640009046 6
0000 0006 1710401128480 55.3125 -63.5 2.172116795646068 6
0000 0002 1710401128480 292.9375 -73.0 5.442563835418255 6
0000 0011 1710401128480 -35.75 -63.0 1.184233168247715 6
0000 0004 1710401128481 26.0 -59.0 1.7426021750380885 6
0000 0012 1710401128481 38.1875 -58.0 1.9082721001297376 6
0000 0015 1710401128481 -16.25 -63.0 4.23378697456437 6
0000 0008 1710401128482 -26.0 -58.5 4.190835512503572 6
0000 0006 1710401128482 35.75 -63.0 1.945087639038993 6
0000 0005 1710401128482 -58.5625 -59.5 5.21553467881118 6
0000 0003 1710401128483 110.625 -67.5 2.5832236467994196 6
0000 0007 1710401128483 0.0 -55.5 1.184233168247715 6
0000 0000 1710401128484 -16.25 -64.5 0.0859029241215959 6
0000 0014 1710401128484 3.25 -69.0 1.030835089459151 6
0000 0009 1710401128484 30.875 -58.5 0.9572040116406401 6
0000 0013 1710401128485 22.75 -56.5 1.5830681730979816 6
0000 0010 1710401128485 6.5 -63.0 2.1353012567368124 6
0000 0002 1710401128576 -10.9375 -76.5 5.626641529964532 6
0000 0001 1710401128657 7.625 -79.0 1.3008157081270237 6
0000 0007 1710401128658 -3.25 -56.0 0.8835729338221293 6
0000 0014 1710401128658 3.25 -68.5 1.012427320004523 6
0000 0005 1710401128658 -6.5 -59.5 5.111223985234957 6
0000 0006 1710401128659 -9.75 -63.0 1.932815792735908 6
0000 0013 1710401128659 13.0 -56.5 1.576932249946439 6
0000 0012 1710401128659 35.75 -58.0 1.9144080232812801 6
0000 0009 1710401128659 -7.3125 -58.0 0.9817477042468103 6
0000 0003 1710401128660 6.5 -67.5 2.693670263527186 6
0000 0010 1710401128660 42.3125 -62.5 1.9573594853420782 6
0000 0015 1710401128660 13.0 -63.5 4.190835512503572 6
0000 0008 1710401128661 6.5 -58.5 4.09266074207889 6
0000 0004 1710401128661 22.75 -63.0 1.1780972450961724 6
0000 0000 1710401128661 -13.8125 -65.5 0.030679615757712823 6
0000 0011 1710401128662 29.25 -64.0 0.803805932852076 6
0000 0002 1710401128662 -139.9375 -74.0 5.859806609723149 6
0000 0001 1710401128786 -13.6875 -79.5 4.295146206079795 6
0000 0015 1710401128787 6.5 -62.5 4.147884050442774 6
0000 0011 1710401128787 -29.25 -63.5 0.8774370106705868 6
0000 0008 1710401128787 6.5 -58.5 4.06811704947272 6
0000 0000 1710401128787 39.0 -65.0 6.19728238305799 6
0000 0013 1710401128788 -3.25 -56.5 1.552388557340269 6
0000 0012 1710401128788 0.0 -58.0 1.902136176978195 6
0000 0010 1710401128788 -6.5 -63.0 1.9819031779482483 6
0000 0007 1710401128789 13.0 -56.0 0.6565437772150544 6
0000 0014 1710401128789 -22.75 -68.0 0.9633399347921826 6
0000 0009 1710401128789 7.3125 -58.5 0.8528933180644165 6
0000 0005 1710401128790 -26.0 -59.0 4.914874444385594 6
0000 0004 1710401128790 35.75 -61.0 1.4296700943094176 6
0000 0006 1710401128790 45.5625 -63.0 1.7855536370988863 6
0000 0003 1710401128791 -39.0 -68.0 2.6691265709210157 6
0000 0002 1710401128791 166.0 -74.5 5.620505606812989 6
0000 0001 1710401128914 7.875 -79.0 4.2031073588066565 6
0000 0013 1710401128915 19.5 -56.5 1.4296700943094176 6
0000 0009 1710401128915 10.5625 -58.0 0.6994952392758523 6
0000 0010 1710401128915 -35.75 -63.0 1.9266798695843652 6
0000 0000 1710401128915 6.5 -65.5 6.258641614573416 6
0000 0003 1710401128916 -13.0 -67.0 2.5464081078901644 6
0000 0011 1710401128916 0.0 -63.5 0.7363107781851077 6
0000 0014 1710401128916 39.0 -67.5 0.8713010875190442 6
0000 0008 1710401128917 -26.0 -58.0 3.988350048502667 6
0000 0015 1710401128917 3.25 -62.0 4.09266074207889 6
0000 0006 1710401128917 52.0625 -62.5 1.6260196351587797 6
0000 0007 1710401128918 -6.5 -56.0 0.44178646691106466 6
0000 0004 1710401128918 -22.75 -61.0 1.5707963267948966 6
0000 0012 1710401128918 -10.5625 -58.5 1.859184714917397 6
0000 0005 1710401128918 35.75 -59.5 4.620350133111551 6
0000 0002 1710401128919 -289.6875 -74.0 6.056156150572511 6
0000 0001 1710401129066 -9.125 -79.5 4.485359823777615 6
0000 0015 1710401129133 0.0 -60.5 4.270602513473625 6
0000 0003 1710401129134 65.0625 -67.0 2.448233337465483 6
0000 0010 1710401129134 9.75 -64.0 1.6689710972195777 6
0000 0011 1710401129134 -65.0625 -63.5 0.6810874698212247 6
0000 0009 1710401129134 -3.25 -57.5 0.4908738521234052 6
0000 0008 1710401129135 -16.25 -58.0 3.865631585471816 6
0000 0013 1710401129135 32.5 -56.5 1.3130875544301088 6
0000 0006 1710401129135 32.5 -63.0 1.4664856332186729 6
0000 0007 1710401129136 9.75 -57.0 0.04295146206079795 6
0000 0004 1710401129136 -13.0 -61.0 1.521708941582556 6
0000 0005 1710401129136 -26.0 -58.5 4.571262747899211 6
0000 0000 1710401129136 -52.0625 -65.5 6.1850105367549055 6
0000 0012 1710401129137 -13.0 -59.5 1.7978254834019713 6
0000 0014 1710401129137 32.5 -67.5 0.8774370106705868 6
0000 0002 1710401129137 -9.75 -75.0 5.853670686571607 6
0000 0001 1710401129138 -3.0 -78.0 1.3192234775816514 6
0000 0005 1710401129256 -61.8125 -59.0 4.614214209960009 6
0000 0008 1710401129256 -13.0 -57.5 3.8288160465625602 6
0000 0006 1710401129256 52.0625 -62.5 1.4419419406125027 6
0000 0007 1710401129257 -19.5 -57.0 0.1043106935762236 6
0000 0004 1710401129257 -9.75 -60.5 1.1965050145508 6
0000 0010 1710401129257 65.0625 -64.5 1.5155730184310134 6
0000 0012 1710401129257 22.75 -59.5 1.705786636128833 6
0000 0015 1710401129258 9.75 -61.0 4.172427743048944 6
0000 0003 1710401129258 -13.0 -66.0 1.718058482431918 6
0000 0009 1710401129259 38.1875 -57.0 0.380427235395639 6
0000 0013 1710401129259 26.0 -56.5 1.2210487071569704 6
0000 0011 1710401129259 0.0 -64.0 0.5706408530934585 6
0000 0014 1710401129259 55.3125 -68.0 0.7485826244881929 6
0000 0000 1710401129260 -17.0625 -65.0 5.816855147662351 6
0000 0002 1710401129260 120.4375 -75.0 5.6143696836614465 6
0000 0001 1710401129260 -10.375 -78.0 4.663301595172349 6
0000 0008 1710401129392 6.5 -58.0 3.724505352986337 6
0000 0014 1710401129392 3.25 -69.0 0.8099418560036186 6
0000 0006 1710401129392 -19.5 -62.5 1.5155730184310134 6
0000 0004 1710401129393 0.0 -61.0 1.1719613219446299 6
0000 0010 1710401129393 48.8125 -64.5 1.4910293258248433 6
0000 0011 1710401129393 35.75 -64.0 0.5031456984264903 6
0000 0000 1710401129393 -65.875 -65.5 5.939573610693203 6
0000 0009 1710401129394 -13.8125 -57.0 0.4172427743048944 6
0000 0007 1710401129394 -45.5625 -57.0 0.07363107781851078 6
0000 0012 1710401129394 -3.25 -59.0 1.6996507129772904 6
0000 0015 1710401129395 -9.75 -61.0 4.196971435655114 6
0000 0013 1710401129395 22.75 -56.0 1.214912784005428 6
0000 0003 1710401129395 -9.75 -66.0 1.5830681730979816 6
0000 0005 1710401129395 -9.75 -58.5 4.522175362686871 6
0000 0002 1710401129396 -19.5 -75.5 5.844466801844293 6
0000 0001 1710401129397 18.875 -78.0 4.4976316700806995 6
0000 0005 1710401129511 39.0 -59.0 4.509903516383785 6
0000 0011 1710401129511 39.0 -65.0 0.521553467881118 6
0000 0006 1710401129511 19.5 -62.5 1.3867186322486196 6
0000 0010 1710401129512 42.3125 -64.5 1.5401167110371838 6
0000 0009 1710401129512 -27.625 -57.5 0.4111068511533518 6
0000 0008 1710401129512 -22.75 -58.0 3.736777199289422 6
0000 0007 1710401129513 29.25 -57.0 0.07363107781851078 6
0000 0013 1710401129513 0.0 -56.5 1.2701360923693108 6
0000 0002 1710401129513 6.5 -74.5 5.626641529964532 6
0000 0015 1710401129513 -16.25 -61.0 4.227651051412827 6
0000 0004 1710401129514 -9.75 -61.0 1.0369710126106935 6
0000 0012 1710401129514 24.375 -59.5 1.705786636128833 6
0000 0014 1710401129514 -19.5 -67.5 0.8528933180644165 6
0000 0003 1710401129515 -45.5625 -66.5 1.7303303287350031 6
0000 0000 1710401129515 -52.0625 -66.5 5.810719224510809 6
0000 0001 1710401129515 -12.8125 -77.5 4.706253057233147 6
0000 0010 1710401129641 48.8125 -64.0 1.4848934026733007 6
0000 0005 1710401129641 -3.25 -59.0 4.651029748869264 6
0000 0007 1710401129641 -19.5 -56.5 0.1595340019401067 6
0000 0009 1710401129642 -17.0625 -57.5 0.42337869745643697 6
0000 0012 1710401129642 6.5 -59.0 1.7119225592803755 6
0000 0014 1710401129642 55.3125 -68.0 0.7853981633974483 6
0000 0015 1710401129642 -16.25 -61.5 4.276738436625168 6
0000 0013 1710401129643 13.0 -56.0 1.2517283229146832 6
0000 0004 1710401129643 6.5 -62.0 0.9142525495798421 6
0000 0008 1710401129643 -22.75 -58.0 3.706097583531709 6
0000 0011 1710401129644 -39.0 -64.0 0.7117670855789375 6
0000 0006 1710401129644 6.5 -62.5 1.3192234775816514 6
0000 0003 1710401129644 42.3125 -66.5 1.6137477888556946 6
0000 0000 1710401129644 10.5625 -66.0 5.724816300389213 6
0000 0001 1710401129645 21.3125 -77.5 4.479223900626073 6
0000 0002 1710401129645 -6.6875 -76.5 5.565282298449106 6
0000 0015 1710401129764 0.0 -61.0 4.23378697456437 6
0000 0006 1710401129764 45.5625 -62.5 1.214912784005428 6
0000 0013 1710401129765 45.5625 -56.5 1.1965050145508 6
0000 0008 1710401129765 9.75 -58.0 3.5956509668039427 6
0000 0007 1710401129765 -6.5 -56.5 0.20248546400090464 6
0000 0005 1710401129766 16.25 -59.0 4.626486056263094 6
0000 0011 1710401129766 29.25 -64.0 0.619728238305799 6
0000 0012 1710401129766 10.5625 -59.0 1.6935147898257479 6
0000 0010 1710401129767 -13.0 -64.5 1.5033011721279284 6
0000 0003 1710401129767 0.0 -65.5 1.6444274046134073 6
0000 0009 1710401129767 24.375 -57.0 0.35588354278946877 6
0000 0004 1710401129767 39.0 -62.0 0.8467573949128739 6
0000 0014 1710401129768 -22.75 -67.5 0.8528933180644165 6
0000 0000 1710401129768 0.0 -66.5 5.743224069843841 6
0000 0002 1710401129768 -107.375 -74.5 5.663457068873787 6
0000 0001 1710401129769 -17.0625 -78.0 4.583534594202296 6
0000 0000 1710401129891 55.3125 -66.0 5.589825991055276 6
0000 0008 1710401129891 -13.0 -58.5 3.56497135104623 6
0000 0004 1710401129891 -9.75 -62.5 0.9203884727313847 6
0000 0003 1710401129891 -3.25 -66.0 1.564660403643354 6
0000 0011 1710401129892 -42.3125 -64.0 0.7424467013366504 6
0000 0005 1710401129892 -13.0 -59.0 4.620350133111551 6
0000 0007 1710401129892 -22.75 -56.5 0.14726215563702155 6
0000 0009 1710401129893 21.125 -57.5 0.28225246497095796 6
0000 0015 1710401129893 -13.0 -61.5 4.239922897715912 6
0000 0012 1710401129893 21.125 -59.5 1.6996507129772904 6
0000 0013 1710401129893 29.25 -56.0 1.2210487071569704 6
0000 0006 1710401129894 81.375 -62.0 1.1106020904292042 6
0000 0010 1710401129894 -13.0 -64.0 1.4603497100671303 6
0000 0014 1710401129894 3.25 -67.5 0.8160777791551611 6
0000 0002 1710401129895 -14.0 -76.5 5.540738605842936 6
0000 0001 1710401129895 32.3125 -78.0 4.509903516383785 6
0000 0006 1710401130029 9.75 -62.0 1.1719613219446299 6
0000 0010 1710401130029 -120.4375 -65.0 1.564660403643354 6
0000 0014 1710401130029 -13.0 -68.5 0.7976700097005334 6
0000 0013 1710401130029 3.25 -56.0 1.2026409377023426 6
0000 0008 1710401130030 -6.5 -58.5 3.5158839658338894 6
0000 0000 1710401130030 -58.5625 -66.0 5.822991070813893 6
0000 0009 1710401130030 -17.0625 -57.0 0.2699806186678728 6
0000 0005 1710401130031 -6.5 -58.5 4.558990901596125 6
0000 0015 1710401130031 -16.25 -60.5 4.196971435655114 6
0000 0007 1710401130031 -22.75 -57.0 0.03681553890925539 6
0000 0003 1710401130031 -113.875 -67.0 1.748738098189631 6
0000 0004 1710401130032 32.5 -62.0 0.8897088569736719 6
0000 0012 1710401130032 48.8125 -59.5 1.6014759425526093 6
0000 0011 1710401130032 -39.0 -64.0 0.607456392002714 6
0000 0002 1710401130033 -40.6875 -76.5 5.553010452146021 6
0000 0001 1710401130033 25.0 -78.0 4.552854978444583 6
0000 0005 1710401130146 -6.5 -59.0 4.516039439535327 6
0000 0010 1710401130147 3.25 -64.5 1.41126232485479 6
0000 0004 1710401130147 13.0 -62.0 0.8528933180644165 6
0000 0014 1710401130147 42.3125 -67.0 0.7547185476397354 6
0000 0008 1710401130148 26.0 -58.5 3.4054373491061236 6
0000 0007 1710401130148 0.0 -57.0 6.264777537724958 6
0000 0012 1710401130148 0.0 -59.5 1.6321555583103222 6
0000 0006 1710401130148 16.25 -62.0 1.1596894756415448 6
0000 0003 1710401130149 -55.3125 -66.5 1.6444274046134073 6
0000 0011 1710401130149 45.5625 -65.0 0.4970097752749477 6
0000 0015 1710401130149 -39.0 -61.5 4.2031073588066565 6
0000 0013 1710401130150 6.5 -56.5 1.1658253987930873 6
0000 0000 1710401130150 -7.3125 -66.5 5.651185222570702 6
0000 0009 1710401130150 0.0 -57.5 0.23316507975861744 6
0000 0002 1710401130151 -52.0625 -74.5 5.424156065963627 6
0000 0001 1710401130151 2.4375 -78.0 4.571262747899211 6
0000 0006 1710401130273 6.5 -62.0 1.1596894756415448 6
0000 0011 1710401130274 -65.0625 -64.5 0.6688156235181395 6
0000 0000 1710401130274 -65.0625 -66.5 5.688000761479957 6
0000 0013 1710401130274 3.25 -56.0 1.1780972450961724 6
0000 0009 1710401130274 10.5625 -57.0 0.15339807878856412 6
0000 0004 1710401130275 35.75 -62.5 0.7915340865489908 6
0000 0012 1710401130275 24.375 -60.0 1.607611865704152 6
0000 0008 1710401130275 -19.5 -58.5 3.497476196379262 6
0000 0003 1710401130276 -48.8125 -66.0 1.5033011721279284 6
0000 0007 1710401130276 -16.25 -57.0 6.270913460876501 6
0000 0014 1710401130276 -16.25 -67.0 0.6933593161243098 6
0000 0005 1710401130276 -6.5 -59.0 4.4976316700806995 6
0000 0010 1710401130277 39.0 -65.0 1.1780972450961724 6
0000 0015 1710401130277 -35.75 -61.0 4.264466590322082 6
0000 0002 1710401130277 6.0625 -76.5 5.491651220630596 6
0000 0001 1710401130278 -17.6875 -77.5 4.853515212870168 6
