0000 0008 1710406126424 3.25 -54.5 1.662835174068035 14
0000 0004 1710406126425 9.75 -57.0 3.9269908169872414 14
0000 0003 1710406126425 42.3125 -64.5 2.521864415283994 14
0000 0002 1710406126425 205.0625 -73.0 4.583534594202296 14
0000 0009 1710406126426 0.0 -53.5 3.865631585471816 14
0000 0013 1710406126427 0.0 -58.0 5.835262917116979 14
0000 0015 1710406126427 -65.0625 -63.0 4.792155981354743 14
0000 0000 1710406126427 -6.5 -69.0 4.264466590322082 14
0000 0005 1710406126427 9.75 -63.5 5.902758071783947 14
0000 0012 1710406126428 3.25 -56.0 1.6137477888556946 14
0000 0007 1710406126429 -22.75 -69.0 3.466796580621549 14
0000 0006 1710406126429 -133.4375 -68.0 5.50392306693368 14
0000 0001 1710406126429 5.4375 -77.0 1.5278448647340985 14
0000 0008 1710406126430 -3.25 -54.0 1.6935147898257479 14
0000 0009 1710406126430 -38.1875 -54.0 3.9453985864418692 14
0000 0006 1710406126430 65.0625 -68.0 5.3198453723874035 14
0000 0003 1710406126431 94.375 -65.0 2.6813984172241008 14
0000 0000 1710406126431 -48.8125 -69.5 4.295146206079795 14
0000 0013 1710406126431 6.5 -58.0 5.841398840268521 14
0000 0005 1710406126432 -26.0 -64.0 5.976389149602458 14
0000 0004 1710406126432 -3.25 -57.0 3.9638063558964967 14
0000 0015 1710406126432 -9.75 -62.5 4.681709364626977 14
0000 0012 1710406126433 17.0625 -55.5 1.6198837120072371 14
0000 0007 1710406126433 -61.8125 -70.0 3.485204350076177 14
0000 0002 1710406126434 45.5625 -72.0 4.957825906446392 14
0000 0001 1710406126534 4.25 -77.0 4.4976316700806995 14
0000 0014 1710406126535 -8.1875 -75.5 3.8840393549264434 14
0000 0007 1710406126697 48.8125 -70.0 3.2643111166206444 14
0000 0008 1710406126697 16.25 -54.0 1.6444274046134073 14
0000 0015 1710406126697 -84.625 -63.0 4.822835597112456 14
0000 0005 1710406126697 -39.0 -63.5 6.007068765360171 14
0000 0000 1710406126698 -61.8125 -69.0 4.362641360746763 14
0000 0003 1710406126698 -81.375 -65.5 2.859340188618835 14
0000 0013 1710406126699 6.5 -58.0 5.859806609723149 14
0000 0002 1710406126699 6.5 -72.0 4.73693267299086 14
0000 0009 1710406126699 -38.1875 -53.5 3.9392626632903265 14
0000 0004 1710406126699 -32.5 -57.0 3.988350048502667 14
0000 0012 1710406126700 -24.375 -56.0 1.6566992509164924 14
0000 0006 1710406126700 13.0 -67.5 5.295301679781233 14
0000 0001 1710406126701 11.5625 -77.0 1.4664856332186729 14
0000 0014 1710406126702 7.625 -76.0 0.6320000846088841 14
0000 0007 1710406126702 -9.75 -70.0 3.32567034813607 14
0000 0003 1710406126702 6.5 -65.0 2.705942109830271 14
0000 0005 1710406126703 62.625 -63.5 5.8045833013592665 14
0000 0013 1710406126703 -45.5625 -58.0 5.921165841238575 14
0000 0004 1710406126703 -19.5 -57.0 3.9699422790480394 14
0000 0008 1710406126704 13.0 -54.5 1.662835174068035 14
0000 0012 1710406126704 16.25 -56.0 1.6382914814618648 14
0000 0009 1710406126704 -10.5625 -54.0 3.8963112012295285 14
0000 0015 1710406126705 -32.5 -62.5 4.755340442445488 14
0000 0002 1710406126705 -175.75 -70.5 5.062136600022616 14
0000 0006 1710406126705 -9.75 -68.5 5.522330836388308 14
0000 0000 1710406126706 -58.5625 -69.0 4.374913207049849 14
0000 0001 1710406126784 -9.125 -77.0 1.3928545554001621 14
0000 0014 1710406127035 -0.8125 -75.0 0.7485826244881929 14
0000 0013 1710406127035 -6.5 -58.0 5.8659425328746915 14
0000 0009 1710406127036 -13.8125 -53.5 3.9208548938356986 14
0000 0006 1710406127036 -55.3125 -69.0 5.436427912266712 14
0000 0012 1710406127036 29.25 -55.5 1.6260196351587797 14
0000 0008 1710406127037 19.5 -54.5 1.6566992509164924 14
0000 0004 1710406127037 -42.3125 -57.5 4.0128937411088375 14
0000 0000 1710406127037 -62.625 -69.5 4.344233591292136 14
0000 0005 1710406127038 6.5 -63.5 5.9088939949354895 14
0000 0003 1710406127038 13.0 -65.0 2.6813984172241008 14
0000 0015 1710406127038 -22.75 -62.5 4.7307967498393175 14
0000 0007 1710406127039 -29.25 -69.0 3.436116964863836 14
0000 0002 1710406127039 -149.6875 -71.5 5.111223985234957 14
0000 0001 1710406127039 10.375 -76.5 1.3867186322486196 14
0000 0014 1710406127285 2.25 -75.0 0.6810874698212247 14
0000 0012 1710406127286 22.75 -55.5 1.6137477888556946 14
0000 0005 1710406127286 52.0625 -64.0 5.902758071783947 14
0000 0009 1710406127286 -17.0625 -53.5 3.933126740138784 14
0000 0003 1710406127287 -13.0 -65.0 2.6016314162540475 14
0000 0008 1710406127287 -26.0 -54.0 1.7303303287350031 14
0000 0013 1710406127287 29.25 -58.0 5.810719224510809 14
0000 0006 1710406127288 -48.8125 -68.0 5.411884219660542 14
0000 0004 1710406127289 -6.5 -57.0 3.9822141253511245 14
0000 0000 1710406127289 -110.625 -69.5 4.276738436625168 14
0000 0002 1710406127289 -39.0 -73.0 4.798291904506286 14
0000 0015 1710406127290 -78.0625 -63.0 4.804427827657828 14
0000 0007 1710406127290 126.9375 -69.5 3.2090878082567613 14
0000 0001 1710406127290 4.875 -77.0 1.214912784005428 14
0000 0014 1710406127521 0.8125 -75.0 0.7240389318820226 14
0000 0005 1710406127521 13.8125 -63.5 5.902758071783947 14
0000 0012 1710406127521 16.25 -55.5 1.6382914814618648 14
0000 0000 1710406127521 107.375 -70.5 4.154019973594316 14
0000 0004 1710406127522 0.0 -57.0 4.0128937411088375 14
0000 0008 1710406127522 9.75 -54.5 1.6689710972195777 14
0000 0009 1710406127522 -24.375 -54.0 3.9576704327449543 14
0000 0013 1710406127523 -3.25 -58.0 5.853670686571607 14
0000 0002 1710406127523 -179.0 -73.5 5.074408446325701 14
0000 0003 1710406127523 -32.5 -65.5 2.767301341345697 14
0000 0006 1710406127524 -26.0 -69.5 5.473243451175968 14
0000 0015 1710406127524 -6.5 -63.0 4.724660826687775 14
0000 0007 1710406127524 61.8125 -68.5 3.448388811166921 14
0000 0001 1710406127525 -3.0 -76.5 4.4362724385652745 14
0000 0014 1710406127525 -2.125 -75.5 3.9760782021995817 14
0000 0007 1710406127525 61.8125 -68.5 3.5588354278946874 14
0000 0004 1710406127526 -6.5 -57.0 4.037437433715008 14
0000 0003 1710406127526 -39.0 -66.0 2.724349879284899 14
0000 0012 1710406127526 26.0 -56.0 1.6198837120072371 14
0000 0013 1710406127527 -22.75 -58.5 5.859806609723149 14
0000 0006 1710406127527 -97.625 -69.0 5.712544454086128 14
0000 0008 1710406127527 -3.25 -54.5 1.6873788666742053 14
0000 0009 1710406127528 -24.375 -54.0 3.9760782021995817 14
0000 0005 1710406127528 -55.3125 -63.5 5.964117303299373 14
0000 0015 1710406127529 156.1875 -63.0 4.399456899656019 14
0000 0002 1710406127529 -273.375 -72.5 5.203262832508095 14
0000 0000 1710406127529 114.6875 -70.0 3.9515345095934116 14
0000 0001 1710406127786 -0.5625 -76.5 4.417864669110647 14
0000 0014 1710406127786 -3.25 -75.0 3.933126740138784 14
0000 0015 1710406127786 0.0 -63.0 4.663301595172349 14
0000 0000 1710406127787 -142.375 -70.5 4.295146206079795 14
0000 0013 1710406127787 0.0 -58.0 5.859806609723149 14
0000 0007 1710406127787 -74.8125 -68.5 3.7981364308048478 14
0000 0008 1710406127788 13.0 -54.5 1.6505633277649499 14
0000 0003 1710406127788 87.875 -65.5 2.5157284921324514 14
0000 0004 1710406127788 -3.25 -57.0 4.04357335686655 14
0000 0005 1710406127789 -65.875 -64.0 5.988660995905543 14
0000 0006 1710406127790 58.5625 -69.5 5.491651220630596 14
0000 0009 1710406127790 3.25 -54.0 3.9515345095934116 14
0000 0012 1710406127790 -16.25 -55.5 1.6935147898257479 14
0000 0002 1710406127791 -179.0 -71.0 4.865787059173254 14
0000 0001 1710406127791 -6.6875 -77.0 1.3069516312785663 14
0000 0014 1710406128035 3.6875 -75.0 3.865631585471816 14
0000 0007 1710406128035 3.25 -68.0 3.749049045592507 14
0000 0004 1710406128035 -3.25 -56.5 4.04357335686655 14
0000 0005 1710406128035 -17.0625 -64.5 5.964117303299373 14
0000 0003 1710406128036 -42.3125 -65.5 2.6384469551633027 14
0000 0008 1710406128036 29.25 -54.5 1.6751070203711202 14
0000 0013 1710406128036 -26.0 -58.0 5.902758071783947 14
0000 0012 1710406128037 -13.0 -56.0 1.6935147898257479 14
0000 0015 1710406128037 -9.75 -63.0 4.718524903536232 14
0000 0009 1710406128037 -10.5625 -54.0 3.9822141253511245 14
0000 0006 1710406128038 -48.8125 -69.5 5.534602682691394 14
0000 0000 1710406128038 -59.375 -71.0 4.276738436625168 14
0000 0002 1710406128038 -224.5625 -73.5 5.2768939103266055 14
0000 0001 1710406128039 -1.1875 -76.5 1.1535535524900022 14
0000 0014 1710406128268 3.375 -75.5 3.9392626632903265 14
0000 0006 1710406128268 -162.75 -68.5 5.780039608753096 14
0000 0012 1710406128268 22.75 -55.5 1.607611865704152 14
0000 0013 1710406128269 -9.75 -58.0 5.859806609723149 14
0000 0007 1710406128269 -166.0 -68.0 3.7551849687440497 14
0000 0009 1710406128269 -17.0625 -54.0 3.9944859716542096 14
0000 0008 1710406128270 -9.75 -54.5 1.6873788666742053 14
0000 0004 1710406128270 3.25 -56.5 4.031301510563465 14
0000 0003 1710406128270 -35.75 -65.5 2.693670263527186 14
0000 0005 1710406128271 -17.0625 -64.0 5.9518454569962875 14
0000 0015 1710406128271 -32.5 -63.0 4.773748211900116 14
0000 0000 1710406128271 45.5625 -70.0 3.9576704327449543 14
0000 0002 1710406128272 19.5 -72.5 4.779884135051658 14
0000 0001 1710406128272 9.125 -76.5 4.405592822807561 14
0000 0014 1710406128272 -5.1875 -75.5 0.7853981633974483 14
0000 0003 1710406128273 45.5625 -65.0 2.5157284921324514 14
0000 0013 1710406128273 13.0 -57.5 5.8045833013592665 14
0000 0006 1710406128273 -149.6875 -69.0 5.700272607783043 14
0000 0007 1710406128273 45.5625 -69.0 3.454524734318464 14
0000 0008 1710406128274 -13.0 -54.5 1.6751070203711202 14
0000 0012 1710406128274 22.75 -55.5 1.6260196351587797 14
0000 0015 1710406128274 29.25 -63.0 4.626486056263094 14
0000 0005 1710406128275 -48.8125 -64.0 6.277049384028044 14
0000 0000 1710406128275 0.0 -70.0 3.6263305825616556 14
0000 0009 1710406128276 -13.8125 -54.0 3.933126740138784 14
0000 0004 1710406128276 -3.25 -57.0 4.01902966426038 14
0000 0002 1710406128443 -6.5 -73.5 4.908738521234052 14
0000 0001 1710406128444 -2.4375 -77.0 4.509903516383785 14
0000 0014 1710406128444 0.25 -76.0 0.7424467013366504 14
0000 0005 1710406128444 0.0 -64.0 6.17273869045182 14
0000 0008 1710406128445 26.0 -54.5 1.5830681730979816 14
0000 0004 1710406128445 -3.25 -57.0 4.0128937411088375 14
0000 0006 1710406128445 130.1875 -69.5 5.3198453723874035 14
0000 0015 1710406128446 55.3125 -62.5 4.577398671050753 14
0000 0003 1710406128446 78.0625 -66.0 2.435961491162398 14
0000 0012 1710406128446 16.25 -56.0 1.6137477888556946 14
0000 0013 1710406128447 -16.25 -58.0 5.8659425328746915 14
0000 0009 1710406128447 -3.25 -53.5 3.902447124381071 14
0000 0007 1710406128447 -48.8125 -68.0 3.5036121195308043 14
0000 0000 1710406128447 188.75 -69.5 3.497476196379262 14
0000 0002 1710406128448 -48.8125 -74.5 4.92714629068868 14
0000 0001 1710406128448 15.25 -76.5 4.3074180523828804 14
0000 0014 1710406128545 1.5 -75.5 0.6442719309119693 14
0000 0007 1710406128545 -29.25 -67.5 3.4913402732277192 14
0000 0000 1710406128545 -22.75 -69.0 3.6999616603801666 14
0000 0006 1710406128546 -52.0625 -69.5 5.485515297479052 14
0000 0008 1710406128546 -13.0 -54.5 1.6382914814618648 14
0000 0015 1710406128546 52.0625 -63.0 4.620350133111551 14
0000 0012 1710406128547 30.875 -55.5 1.6014759425526093 14
0000 0009 1710406128547 -30.875 -54.0 3.933126740138784 14
0000 0005 1710406128547 27.625 -64.5 6.160466844148735 14
0000 0003 1710406128548 13.0 -65.5 2.521864415283994 14
0000 0004 1710406128548 -22.75 -56.5 4.006757817957295 14
0000 0013 1710406128548 -13.0 -57.5 5.859806609723149 14
0000 0002 1710406128549 110.625 -73.5 4.565126824747668 14
0000 0001 1710406128705 0.0 -77.0 1.1474176293384597 14
0000 0014 1710406128705 2.5625 -75.5 0.6994952392758523 14
0000 0004 1710406128705 3.25 -57.0 3.988350048502667 14
0000 0013 1710406128705 -32.5 -58.0 5.9088939949354895 14
0000 0008 1710406128706 -16.25 -54.5 1.6444274046134073 14
0000 0005 1710406128706 55.3125 -63.5 6.14819499784565 14
0000 0012 1710406128706 -45.5625 -56.0 1.718058482431918 14
0000 0002 1710406128707 -188.75 -73.5 5.2339424482658075 14
0000 0007 1710406128707 16.25 -69.0 3.4177091954092087 14
0000 0006 1710406128707 -58.5625 -69.0 5.620505606812989 14
0000 0009 1710406128708 3.25 -53.5 3.865631585471816 14
0000 0003 1710406128708 3.25 -65.5 2.4727770300716534 14
0000 0015 1710406128708 -81.375 -63.0 4.816699673960914 14
0000 0000 1710406128709 9.75 -68.5 3.810408277107933 14
0000 0014 1710406128710 9.125 -75.0 0.6565437772150544 14
0000 0001 1710406128710 -4.875 -77.0 1.2578642460662257 14
0000 0005 1710406128926 -27.625 -64.0 6.2463697682703305 14
0000 0004 1710406128926 -16.25 -57.0 3.9944859716542096 14
0000 0003 1710406128927 107.375 -65.5 2.380738182798515 14
0000 0000 1710406128927 3.25 -69.0 3.663146121470911 14
0000 0007 1710406128927 -3.25 -68.5 3.399301425954581 14
0000 0012 1710406128928 3.25 -56.0 1.6260196351587797 14
0000 0009 1710406128928 -13.8125 -53.5 3.877903431774901 14
0000 0013 1710406128928 -16.25 -58.0 5.890486225480862 14
0000 0015 1710406128929 -84.625 -62.5 4.773748211900116 14
0000 0008 1710406128929 -9.75 -54.5 1.6198837120072371 14
0000 0002 1710406128929 71.5625 -71.5 4.669437518323892 14
0000 0006 1710406128930 3.25 -69.5 5.375068680751287 14
0000 0001 1710406128930 -2.4375 -77.0 1.2210487071569704 14
0000 0014 1710406128930 14.0 -75.0 0.6135923151542565 14
0000 0012 1710406128930 13.8125 -56.0 1.6260196351587797 14
0000 0009 1710406128931 -21.125 -54.0 3.8717675086233583 14
0000 0008 1710406128931 -13.0 -54.5 1.6260196351587797 14
0000 0004 1710406128931 9.75 -57.0 3.9453985864418692 14
0000 0015 1710406128932 48.8125 -63.0 4.614214209960009 14
0000 0006 1710406128932 -172.5 -70.0 5.706408530934585 14
0000 0007 1710406128932 58.5625 -68.0 3.3072625786814425 14
0000 0013 1710406128933 -13.0 -58.0 5.8659425328746915 14
0000 0002 1710406128933 188.75 -72.0 4.123340357836604 14
0000 0003 1710406128933 29.25 -65.5 2.521864415283994 14
0000 0005 1710406128934 52.0625 -64.0 6.129787228391022 14
0000 0000 1710406128934 39.0 -70.0 3.6570101983193686 14
0000 0001 1710406129044 -5.4375 -77.0 1.141281706186917 14
0000 0014 1710406129045 3.1875 -75.5 0.705631162427395 14
0000 0008 1710406129197 -42.3125 -54.5 1.6689710972195777 14
0000 0015 1710406129197 -42.3125 -63.0 4.718524903536232 14
0000 0012 1710406129197 9.75 -55.5 1.6260196351587797 14
0000 0009 1710406129198 -41.5 -53.5 3.8963112012295285 14
0000 0004 1710406129198 22.75 -57.0 3.9208548938356986 14
0000 0005 1710406129198 -29.25 -64.0 6.209554229361076 14
0000 0013 1710406129198 -87.875 -58.0 5.982525072754001 14
0000 0007 1710406129199 0.0 -69.0 3.4054373491061236 14
0000 0003 1710406129199 -13.0 -65.5 2.5280003384355365 14
0000 0006 1710406129199 26.0 -70.5 5.497787143782138 14
0000 0000 1710406129201 222.125 -69.5 3.448388811166921 14
0000 0002 1710406129201 -45.5625 -73.0 4.7307967498393175 14
0000 0001 1710406129201 20.75 -77.0 0.9572040116406401 14
0000 0014 1710406129201 0.0 -76.0 3.8717675086233583 14
0000 0015 1710406129202 16.25 -63.0 4.657165672020807 14
0000 0003 1710406129202 -6.5 -65.5 2.5034566458293663 14
0000 0005 1710406129202 -52.0625 -64.5 6.22182607566416 14
0000 0008 1710406129203 26.0 -54.5 1.5892040962495242 14
0000 0012 1710406129203 -6.5 -55.5 1.6751070203711202 14
0000 0006 1710406129203 -45.5625 -69.5 5.583690067903734 14
0000 0009 1710406129204 -41.5 -53.5 3.933126740138784 14
0000 0004 1710406129204 -29.25 -57.0 3.9822141253511245 14
0000 0013 1710406129204 0.0 -57.5 5.829126993965437 14
0000 0007 1710406129205 -6.5 -68.5 3.485204350076177 14
0000 0000 1710406129205 -45.5625 -69.0 3.8288160465625602 14
0000 0002 1710406129285 -13.0 -73.5 4.828971520263998 14
0000 0001 1710406129285 0.5625 -77.0 1.214912784005428 14
0000 0014 1710406129285 -8.5 -75.0 3.865631585471816 14
0000 0004 1710406129455 22.75 -57.0 3.933126740138784 14
0000 0003 1710406129455 -22.75 -65.5 2.4727770300716534 14
0000 0009 1710406129456 -3.25 -53.5 3.865631585471816 14
0000 0007 1710406129456 -6.5 -69.5 3.5833791205008576 14
0000 0000 1710406129456 16.25 -69.0 3.761320891895592 14
0000 0012 1710406129457 -3.25 -55.5 1.6689710972195777 14
0000 0005 1710406129457 -24.375 -64.5 0.02454369260617026 14
0000 0006 1710406129457 104.125 -69.5 5.252350217720435 14
0000 0015 1710406129457 -35.75 -62.5 4.767612288748572 14
0000 0008 1710406129458 9.75 -54.5 1.607611865704152 14
0000 0013 1710406129458 -22.75 -58.0 5.878214379177777 14
0000 0002 1710406129458 -205.0625 -72.0 4.97623367590102 14
0000 0014 1710406129459 16.4375 -75.0 3.822680123411018 14
0000 0001 1710406129459 10.375 -77.5 1.1596894756415448 14
0000 0003 1710406129460 6.5 -65.5 2.4727770300716534 14
0000 0005 1710406129460 3.25 -64.5 6.227961998815704 14
0000 0007 1710406129460 -6.5 -69.0 3.4606606574700063 14
0000 0006 1710406129461 13.0 -69.0 5.356660911296659 14
0000 0015 1710406129461 -16.25 -63.0 4.7307967498393175 14
0000 0013 1710406129461 -22.75 -58.0 5.8659425328746915 14
0000 0012 1710406129462 -9.75 -55.5 1.6505633277649499 14
0000 0000 1710406129462 -42.3125 -69.5 3.8288160465625602 14
0000 0009 1710406129462 -3.25 -53.5 3.847223816017188 14
0000 0008 1710406129463 3.25 -54.5 1.5953400194010667 14
0000 0004 1710406129464 32.5 -57.5 3.8840393549264434 14
0000 0002 1710406129464 22.75 -72.5 4.638757902566179 14
0000 0001 1710406129535 12.8125 -77.0 1.1719613219446299 14
0000 0014 1710406129535 11.5625 -75.0 0.6381360077604268 14
0000 0003 1710406129699 48.8125 -65.5 2.454369260617026 14
0000 0004 1710406129699 -16.25 -57.0 3.9576704327449543 14
0000 0007 1710406129700 48.8125 -68.0 3.3870295796514958 14
0000 0002 1710406129700 -45.5625 -74.0 4.669437518323892 14
0000 0006 1710406129700 -172.5 -69.0 5.724816300389213 14
0000 0013 1710406129701 -6.5 -58.0 5.835262917116979 14
0000 0012 1710406129701 7.3125 -56.0 1.6505633277649499 14
0000 0009 1710406129701 3.25 -53.5 3.834951969714103 14
0000 0005 1710406129701 -17.0625 -64.5 6.1850105367549055 14
0000 0015 1710406129702 -19.5 -63.0 4.693981210930062 14
0000 0000 1710406129702 100.875 -69.5 3.6017868899554855 14
0000 0008 1710406129702 3.25 -54.5 1.5953400194010667 14
0000 0001 1710406129703 7.3125 -77.0 1.227184630308513 14
0000 0014 1710406129703 4.25 -75.0 0.705631162427395 14
0000 0012 1710406129703 -9.75 -55.5 1.662835174068035 14
0000 0006 1710406129705 -214.8125 -68.5 5.6573211457222445 14
0000 0015 1710406129705 -26.0 -63.0 4.718524903536232 14
0000 0013 1710406129705 -9.75 -58.5 5.853670686571607 14
0000 0009 1710406129706 -10.5625 -53.5 3.8533597391687304 14
0000 0005 1710406129706 -69.125 -64.0 0.01227184630308513 14
0000 0007 1710406129706 -61.8125 -68.5 3.497476196379262 14
0000 0003 1710406129707 -48.8125 -66.0 2.6139032625571326 14
0000 0004 1710406129707 -22.75 -57.5 3.9699422790480394 14
0000 0008 1710406129707 6.5 -54.5 1.5892040962495242 14
0000 0002 1710406129708 -100.875 -72.5 4.884194828627882 14
0000 0000 1710406129709 83.0 -69.0 3.5342917352885173 14
0000 0014 1710406129794 15.8125 -75.0 0.662679700366597 14
0000 0001 1710406129795 12.8125 -77.0 4.227651051412827 14
0000 0009 1710406129976 -10.5625 -53.5 3.859495662320273 14
0000 0015 1710406129977 -19.5 -63.0 4.700117134081604 14
0000 0005 1710406129977 27.625 -64.0 6.178874613603362 14
0000 0007 1710406129977 29.25 -68.5 3.4177091954092087 14
0000 0008 1710406129978 -26.0 -54.5 1.6444274046134073 14
0000 0012 1710406129978 27.625 -56.0 1.607611865704152 14
0000 0013 1710406129978 -32.5 -58.0 5.896622148632405 14
0000 0004 1710406129979 -9.75 -57.0 3.9392626632903265 14
0000 0000 1710406129979 42.3125 -71.0 3.6017868899554855 14
0000 0003 1710406129979 71.5625 -65.0 2.435961491162398 14
0000 0006 1710406129980 -22.75 -69.5 5.381204603902829 14
0000 0002 1710406129980 -19.5 -73.5 4.8259035586882275 14
0000 0001 1710406129980 38.4375 -76.5 1.043106935762236 14
0000 0014 1710406129981 5.9375 -75.5 0.6381360077604268 14
0000 0006 1710406129981 -9.75 -69.5 5.473243451175968 14
0000 0004 1710406129982 0.0 -57.0 3.9576704327449543 14
0000 0015 1710406129982 19.5 -62.5 4.675573441475434 14
0000 0003 1710406129982 133.4375 -65.5 2.3439226438892597 14
0000 0009 1710406129983 -3.25 -53.5 3.877903431774901 14
0000 0012 1710406129983 13.8125 -56.0 1.6260196351587797 14
0000 0005 1710406129983 16.25 -64.0 6.215690152512618 14
0000 0008 1710406129984 9.75 -54.5 1.5953400194010667 14
0000 0013 1710406129984 -26.0 -58.0 5.8475347634200645 14
0000 0007 1710406129984 52.0625 -69.5 3.3747577333484107 14
0000 0000 1710406129985 16.25 -70.5 3.6815538909255388 14
0000 0002 1710406129985 208.3125 -73.0 4.638757902566179 14
0000 0001 1710406130035 5.4375 -77.0 1.214912784005428 14
0000 0014 1710406130035 -7.875 -75.0 0.705631162427395 14
0000 0013 1710406130240 -6.5 -58.0 5.841398840268521 14
0000 0006 1710406130240 -48.8125 -69.5 5.473243451175968 14
0000 0002 1710406130240 -45.5625 -73.5 4.822835597112456 14
0000 0015 1710406130240 -84.625 -63.0 4.804427827657828 14
0000 0000 1710406130241 -128.5625 -70.5 4.239922897715912 14
0000 0012 1710406130241 32.5 -55.5 1.5830681730979816 14
0000 0009 1710406130242 -24.375 -54.0 3.9269908169872414 14
0000 0005 1710406130242 48.8125 -63.5 5.859806609723149 14
0000 0003 1710406130242 -130.1875 -65.5 2.84706834231575 14
0000 0004 1710406130243 -6.5 -57.0 3.9638063558964967 14
0000 0008 1710406130243 -45.5625 -54.5 1.705786636128833 14
0000 0007 1710406130244 -65.0625 -69.0 3.552699504743145 14
0000 0001 1710406130244 3.0 -76.5 4.405592822807561 14
0000 0014 1710406130245 8.1875 -75.5 3.736777199289422 14
0000 0006 1710406130245 29.25 -69.0 5.325981295538946 14
0000 0008 1710406130245 19.5 -54.5 1.6137477888556946 14
0000 0005 1710406130246 -13.8125 -63.5 5.939573610693203 14
0000 0000 1710406130246 -201.8125 -69.5 4.460816131171445 14
0000 0002 1710406130246 -351.5 -73.5 5.258486140871978 14
0000 0007 1710406130247 71.5625 -69.0 3.4054373491061236 14
0000 0003 1710406130247 -16.25 -65.5 2.675262494072558 14
0000 0009 1710406130247 0.0 -54.0 3.9392626632903265 14
0000 0013 1710406130248 3.25 -58.0 5.816855147662351 14
0000 0012 1710406130248 -3.25 -55.5 1.6566992509164924 14
0000 0004 1710406130248 -22.75 -57.0 4.025165587411922 14
0000 0015 1710406130249 -52.0625 -62.5 4.71238898038469 14
0000 0001 1710406130284 15.8125 -77.5 1.325359400733194 14
0000 0014 1710406130516 2.125 -75.5 3.77972866135022 14
0000 0002 1710406130516 78.0625 -72.0 4.71238898038469 14
0000 0000 1710406130517 -59.375 -71.5 4.221515128261284 14
0000 0012 1710406130517 -16.25 -55.5 1.662835174068035 14
0000 0008 1710406130517 3.25 -54.5 1.6566992509164924 14
0000 0013 1710406130517 -3.25 -58.0 5.841398840268521 14
0000 0003 1710406130518 6.5 -65.5 2.6568547246179306 14
0000 0007 1710406130518 94.375 -68.5 3.3379421944391554 14
0000 0015 1710406130518 -22.75 -62.5 4.7307967498393175 14
0000 0009 1710406130519 -3.25 -54.0 3.933126740138784 14
0000 0004 1710406130519 -35.75 -57.0 4.025165587411922 14
0000 0005 1710406130519 -29.25 -64.0 5.915029918087033 14
0000 0006 1710406130520 -39.0 -68.0 5.411884219660542 14
0000 0001 1710406130520 12.1875 -77.0 1.239456476611598 14
0000 0014 1710406130520 0.5625 -75.5 0.7301748550335652 14
0000 0004 1710406130520 -9.75 -57.0 4.000621894805752 14
0000 0009 1710406130521 -7.3125 -54.0 3.933126740138784 14
0000 0005 1710406130521 -10.5625 -63.5 5.915029918087033 14
0000 0008 1710406130521 -3.25 -54.5 1.6935147898257479 14
0000 0015 1710406130522 -9.75 -63.0 4.706253057233147 14
0000 0000 1710406130522 -29.25 -70.0 4.147884050442774 14
0000 0007 1710406130522 68.3125 -68.0 3.4913402732277192 14
0000 0013 1710406130523 -13.0 -58.5 5.8475347634200645 14
0000 0006 1710406130523 61.8125 -69.5 5.270757987175063 14
0000 0012 1710406130524 -35.75 -56.0 1.7119225592803755 14
0000 0002 1710406130524 -188.75 -73.5 5.0253210611133605 14
0000 0003 1710406130524 -19.5 -66.0 2.6691265709210157 14
0000 0001 1710406130712 20.125 -77.0 1.141281706186917 14
0000 0014 1710406130712 -1.1875 -75.5 0.6872233929727672 14
0000 0015 1710406130712 -58.5625 -63.0 4.804427827657828 14
0000 0012 1710406130713 -9.75 -55.5 1.662835174068035 14
0000 0004 1710406130713 -19.5 -56.5 4.01902966426038 14
0000 0005 1710406130713 79.75 -63.5 5.810719224510809 14
0000 0008 1710406130714 -9.75 -54.5 1.6996507129772904 14
0000 0000 1710406130714 45.5625 -70.0 4.074252972624263 14
0000 0013 1710406130714 -9.75 -58.0 5.859806609723149 14
0000 0007 1710406130714 -52.0625 -68.5 3.5465635815916023 14
0000 0009 1710406130715 -13.8125 -53.5 3.933126740138784 14
0000 0003 1710406130715 -113.875 -64.5 2.718213956133356 14
0000 0006 1710406130715 71.5625 -69.5 5.258486140871978 14
0000 0002 1710406130716 0.0 -72.5 4.601942363656923 14
0000 0001 1710406130716 12.1875 -76.5 1.2026409377023426 14
0000 0014 1710406130716 -2.5625 -76.0 0.7301748550335652 14
0000 0013 1710406130795 -45.5625 -58.5 5.915029918087033 14
0000 0000 1710406130796 -3.25 -69.5 4.086524818927348 14
0000 0012 1710406130796 -19.5 -56.0 1.662835174068035 14
0000 0006 1710406130796 29.25 -69.5 5.350524988145116 14
0000 0005 1710406130797 10.5625 -64.0 5.915029918087033 14
0000 0004 1710406130797 -48.8125 -56.5 4.049709280018092 14
0000 0015 1710406130797 -26.0 -63.0 4.743068596142402 14
0000 0007 1710406130798 -97.625 -69.0 3.7429131224409646 14
0000 0003 1710406130798 -22.75 -65.0 2.6813984172241008 14
0000 0009 1710406130798 17.0625 -54.0 3.877903431774901 14
0000 0008 1710406130798 9.75 -54.5 1.6260196351587797 14
0000 0002 1710406130799 -117.125 -74.0 5.123495831538041 14
0000 0001 1710406130974 -5.4375 -77.5 4.264466590322082 14
0000 0014 1710406130974 -1.8125 -75.5 0.803805932852076 14
0000 0012 1710406130974 0.0 -55.5 1.6444274046134073 14
0000 0008 1710406130975 0.0 -54.5 1.6444274046134073 14
0000 0005 1710406130975 -52.0625 -64.0 5.994796919057086 14
0000 0006 1710406130975 -117.125 -68.5 5.681864838328415 14
0000 0007 1710406130976 227.8125 -69.0 3.0250101137104846 14
0000 0003 1710406130976 22.75 -66.0 2.564815877344792 14
0000 0015 1710406130976 -16.25 -63.0 4.71238898038469 14
0000 0002 1710406130977 -149.6875 -73.0 5.0253210611133605 14
0000 0013 1710406130977 19.5 -58.0 5.798447378207723 14
0000 0009 1710406130977 -30.875 -54.0 3.933126740138784 14
0000 0000 1710406130978 -52.0625 -70.0 4.246058820867455 14
0000 0004 1710406130978 -39.0 -57.5 4.025165587411922 14
0000 0001 1710406130978 15.25 -77.0 4.270602513473625 14
0000 0014 1710406130978 3.8125 -75.5 3.834951969714103 14
0000 0012 1710406131172 -13.0 -55.5 1.6689710972195777 14
0000 0004 1710406131172 -22.75 -57.0 4.0128937411088375 14
0000 0009 1710406131172 7.3125 -54.0 3.902447124381071 14
0000 0013 1710406131173 16.25 -58.5 5.822991070813893 14
0000 0008 1710406131173 -6.5 -54.5 1.6444274046134073 14
0000 0015 1710406131173 -39.0 -62.5 4.749204519293945 14
0000 0007 1710406131174 -9.75 -69.0 3.423845118560751 14
0000 0003 1710406131174 -32.5 -65.0 2.650718801466388 14
0000 0005 1710406131174 -61.8125 -63.0 5.994796919057086 14
0000 0002 1710406131175 6.5 -73.5 4.577398671050753 14
0000 0000 1710406131175 30.875 -70.5 4.123340357836604 14
0000 0006 1710406131175 55.3125 -68.5 5.491651220630596 14
0000 0001 1710406131176 8.5 -77.5 1.1535535524900022 14
0000 0014 1710406131176 5.3125 -75.5 0.5583690067903734 14
0000 0009 1710406131176 7.3125 -54.0 3.877903431774901 14
0000 0008 1710406131177 3.25 -54.5 1.6382914814618648 14
0000 0012 1710406131177 19.5 -55.5 1.6444274046134073 14
0000 0015 1710406131177 6.5 -63.0 4.71238898038469 14
0000 0000 1710406131178 -27.625 -70.5 4.221515128261284 14
0000 0002 1710406131179 48.8125 -72.5 4.804427827657828 14
0000 0003 1710406131179 -9.75 -65.0 2.662990647769473 14
0000 0004 1710406131179 -13.0 -57.0 3.9760782021995817 14
0000 0013 1710406131180 22.75 -58.0 5.773903685601553 14
0000 0005 1710406131180 3.25 -64.0 5.896622148632405 14
0000 0007 1710406131181 -117.125 -70.5 3.718369429834794 14
0000 0006 1710406131181 -39.0 -69.0 5.491651220630596 14
0000 0001 1710406131282 4.875 -77.0 1.1965050145508 14
0000 0014 1710406131283 7.875 -75.0 0.6933593161243098 14
