0000 0003 1710406461195 -4.875 -74.0 0.9878836273983529 14
0000 0015 1710406461196 55.3125 -63.5 0.17794177139473438 14
0000 0005 1710406461196 13.0 -54.5 5.872078456026235 14
0000 0008 1710406461196 -42.3125 -53.5 5.313709449235861 14
0000 0009 1710406461197 3.25 -54.5 1.6444274046134073 14
0000 0012 1710406461198 48.8125 -60.0 0.5645049299419159 14
0000 0004 1710406461198 35.75 -58.5 1.337631247036279 14
0000 0006 1710406461199 3.25 -65.5 2.2089323345553233 14
0000 0002 1710406461200 -104.125 -70.0 4.638757902566179 14
0000 0000 1710406461200 41.5 -66.5 3.2765829629237295 14
0000 0013 1710406461201 439.4375 -71.0 4.8351074434155406 14
0000 0003 1710406461202 -2.6875 -74.0 1.012427320004523 14
0000 0015 1710406461202 -32.5 -63.0 0.32520392703175593 14
0000 0004 1710406461202 -13.0 -58.5 1.4296700943094176 14
0000 0008 1710406461203 6.5 -53.5 5.270757987175063 14
0000 0005 1710406461203 9.75 -54.5 5.8659425328746915 14
0000 0000 1710406461203 7.3125 -66.5 3.227495577711389 14
0000 0009 1710406461204 6.5 -54.5 1.6689710972195777 14
0000 0006 1710406461204 -16.25 -65.5 2.2027964114037806 14
0000 0012 1710406461204 58.5625 -60.5 0.5645049299419159 14
0000 0013 1710406461205 -81.375 -70.0 2.82252464970958 14
0000 0002 1710406461205 -94.375 -70.0 4.558990901596125 14
0000 0003 1710406461437 0.9375 -74.5 1.0615147052168636 14
0000 0012 1710406461437 68.3125 -60.0 0.5583690067903734 14
0000 0015 1710406461437 65.0625 -63.0 0.1349903093339364 14
0000 0009 1710406461438 17.0625 -54.5 1.6505633277649499 14
0000 0000 1710406461438 -78.0625 -67.0 3.3502140407422405 14
0000 0008 1710406461438 -13.0 -53.5 5.289165756629691 14
0000 0013 1710406461439 97.625 -70.5 2.509592568980909 14
0000 0004 1710406461439 -13.0 -58.0 1.423534171157875 14
0000 0005 1710406461440 16.25 -54.5 5.896622148632405 14
0000 0006 1710406461440 61.8125 -65.5 2.227340104009951 14
0000 0002 1710406461440 -13.0 -69.5 4.565126824747668 14
0000 0003 1710406461441 4.6875 -74.0 1.000155473701438 14
0000 0015 1710406461442 -6.5 -63.5 0.3190680038802134 14
0000 0013 1710406461442 74.8125 -70.5 2.5341362615870793 14
0000 0000 1710406461442 -30.875 -67.5 3.3440781175906977 14
0000 0005 1710406461443 -6.5 -54.5 5.921165841238575 14
0000 0002 1710406461443 42.3125 -70.0 4.466952054322987 14
0000 0004 1710406461444 -26.0 -58.0 1.41126232485479 14
0000 0012 1710406461444 26.0 -60.5 0.5951845456996288 14
0000 0006 1710406461444 -26.0 -65.5 2.2027964114037806 14
0000 0008 1710406461445 3.25 -53.5 5.295301679781233 14
0000 0009 1710406461445 17.0625 -54.5 1.6566992509164924 14
0000 0003 1710406461684 1.125 -74.0 1.0799224746714913 14
0000 0008 1710406461684 16.25 -54.0 5.307573526084319 14
0000 0004 1710406461684 9.75 -58.0 1.380582709097077 14
0000 0006 1710406461685 32.5 -65.5 2.12916533358527 14
0000 0009 1710406461685 -13.8125 -54.5 1.6935147898257479 14
0000 0005 1710406461685 13.0 -54.5 5.902758071783947 14
0000 0015 1710406461686 0.0 -63.0 0.30679615757712825 14
0000 0002 1710406461686 29.25 -70.0 4.466952054322987 14
0000 0012 1710406461686 3.25 -60.5 0.6381360077604268 14
0000 0013 1710406461687 -58.5625 -70.5 2.9022916506796332 14
0000 0000 1710406461687 -10.5625 -67.0 3.3440781175906977 14
0000 0003 1710406461687 -6.0 -74.0 1.3867186322486196 14
0000 0015 1710406461688 13.0 -63.5 0.30679615757712825 14
0000 0002 1710406461688 9.75 -69.5 4.663301595172349 14
0000 0008 1710406461688 6.5 -54.0 5.381204603902829 14
0000 0005 1710406461689 9.75 -54.5 5.93343768754166 14
0000 0009 1710406461689 3.25 -54.5 1.6873788666742053 14
0000 0004 1710406461689 32.5 -58.5 1.368310862793992 14
0000 0006 1710406461690 19.5 -65.5 2.012582793705961 14
0000 0012 1710406461690 13.8125 -60.0 0.5767767762450011 14
0000 0000 1710406461690 -104.125 -67.0 3.6017868899554855 14
0000 0013 1710406461691 185.5 -70.0 2.4911847995262812 14
0000 0003 1710406461932 -1.9375 -74.0 1.4542137869155878 14
0000 0013 1710406461932 -87.875 -71.0 2.816388726558037 14
0000 0015 1710406461932 -3.25 -63.0 0.2638446955163303 14
0000 0000 1710406461933 -52.0625 -67.5 3.4913402732277192 14
0000 0004 1710406461933 9.75 -58.5 1.3989904785517047 14
0000 0005 1710406461933 3.25 -54.5 5.957981380147831 14
0000 0012 1710406461934 19.5 -60.0 0.6013204688511713 14
0000 0008 1710406461934 3.25 -53.5 5.387340527054372 14
0000 0009 1710406461934 -13.8125 -54.5 1.7119225592803755 14
0000 0006 1710406461935 55.3125 -65.5 1.945087639038993 14
0000 0002 1710406461935 58.5625 -70.0 4.620350133111551 14
0000 0003 1710406461935 -4.6875 -74.0 1.5462526341887264 14
0000 0012 1710406461935 16.25 -60.0 0.6135923151542565 14
0000 0015 1710406461936 3.25 -63.5 0.2945243112740431 14
0000 0009 1710406461936 -27.625 -54.5 1.7548740213411735 14
0000 0005 1710406461936 9.75 -54.5 5.982525072754001 14
0000 0013 1710406461937 -84.625 -70.5 2.9575149590435164 14
0000 0008 1710406461937 16.25 -54.0 5.405748296509 14
0000 0004 1710406461937 13.0 -58.0 1.4051264017032472 14
0000 0006 1710406461938 16.25 -65.5 1.88986433067511 14
0000 0002 1710406461938 -146.4375 -70.0 4.908738521234052 14
0000 0000 1710406461938 -30.875 -67.5 3.5711072741977725 14
0000 0003 1710406462202 2.125 -74.0 1.564660403643354 14
0000 0000 1710406462202 -22.75 -67.5 3.7551849687440497 14
0000 0015 1710406462202 -19.5 -63.5 0.3129320807286708 14
0000 0008 1710406462203 -26.0 -54.0 5.50392306693368 14
0000 0004 1710406462203 58.5625 -58.0 1.41126232485479 14
0000 0009 1710406462203 41.5 -54.5 1.7119225592803755 14
0000 0006 1710406462204 94.375 -65.5 1.846912868614312 14
0000 0005 1710406462205 42.3125 -55.0 6.086835766330224 14
0000 0012 1710406462205 16.25 -60.5 0.6320000846088841 14
0000 0002 1710406462205 3.25 -69.5 4.7860200582032 14
0000 0013 1710406462206 4.0625 -71.5 5.991728957481315 14
0000 0003 1710406462206 6.0625 -73.0 4.945554060143307 14
0000 0002 1710406462355 39.0 -69.5 4.902602598082509 14
0000 0005 1710406462356 -13.0 -55.0 6.19728238305799 14
0000 0009 1710406462356 7.3125 -54.5 1.761009944492716 14
0000 0015 1710406462356 48.8125 -63.5 0.1902136176978195 14
0000 0008 1710406462357 -9.75 -54.5 5.516194913236766 14
0000 0012 1710406462357 35.75 -60.5 0.5890486225480862 14
0000 0006 1710406462357 -87.875 -65.5 2.098485717827557 14
0000 0004 1710406462358 26.0 -58.5 1.4971652489763858 14
0000 0013 1710406462358 -192.0 -70.0 3.141592653589793 14
0000 0000 1710406462358 -52.0625 -66.5 3.9944859716542096 14
0000 0003 1710406462359 0.5625 -74.0 1.8530487917658545 14
0000 0006 1710406462359 -32.5 -65.5 2.024854640009046 14
0000 0005 1710406462360 16.25 -55.5 6.154330920997192 14
0000 0000 1710406462360 55.3125 -66.5 3.810408277107933 14
0000 0002 1710406462360 97.625 -70.0 4.651029748869264 14
0000 0008 1710406462361 -16.25 -54.5 5.540738605842936 14
0000 0009 1710406462361 3.25 -54.0 1.7855536370988863 14
0000 0004 1710406462361 -13.0 -58.5 1.5401167110371838 14
0000 0012 1710406462362 73.1875 -60.5 0.5767767762450011 14
0000 0015 1710406462362 -22.75 -63.5 0.36815538909255385 14
0000 0013 1710406462455 -7.3125 -72.0 6.037748381117884 14
0000 0003 1710406462455 2.125 -74.0 1.8837284075235674 14
0000 0002 1710406462601 107.375 -69.5 4.454680208019902 14
0000 0009 1710406462602 -17.0625 -54.0 1.7855536370988863 14
0000 0006 1710406462602 39.0 -65.5 2.184388641949153 14
0000 0015 1710406462602 -16.25 -63.5 0.3190680038802134 14
0000 0008 1710406462603 -19.5 -54.0 5.5100589900852235 14
0000 0000 1710406462603 -3.25 -67.5 3.650874275167826 14
0000 0005 1710406462603 -9.75 -55.5 6.215690152512618 14
0000 0004 1710406462603 -13.0 -58.0 1.533980787885641 14
0000 0012 1710406462604 16.25 -60.0 0.6258641614573416 14
0000 0013 1710406462604 -9.75 -71.5 2.761165418194154 14
0000 0003 1710406462604 5.8125 -74.0 4.902602598082509 14
0000 0012 1710406462605 48.8125 -60.5 0.5645049299419159 14
0000 0002 1710406462606 110.625 -69.0 4.448544284868359 14
0000 0015 1710406462606 91.125 -63.0 0.16566992509164924 14
0000 0000 1710406462606 -45.5625 -66.0 3.5956509668039427 14
0000 0004 1710406462607 -9.75 -58.0 1.5585244804918115 14
0000 0009 1710406462607 -7.3125 -54.0 1.7548740213411735 14
0000 0006 1710406462607 0.0 -65.5 2.356194490192345 14
0000 0008 1710406462607 -22.75 -54.0 5.491651220630596 14
0000 0005 1710406462608 -22.75 -55.0 6.19728238305799 14
0000 0013 1710406462608 71.5625 -71.0 2.5709518004963345 14
0000 0015 1710406462880 9.75 -63.5 0.2761165418194154 14
0000 0005 1710406462880 -3.25 -55.0 6.135923151542564 14
0000 0006 1710406462880 16.25 -65.5 2.5034566458293663 14
0000 0008 1710406462881 -26.0 -54.0 5.4671075280244255 14
0000 0004 1710406462881 -39.0 -58.5 1.6198837120072371 14
0000 0009 1710406462881 -3.25 -54.0 1.736466251886546 14
0000 0002 1710406462882 -32.5 -69.5 4.577398671050753 14
0000 0013 1710406462882 146.4375 -71.5 2.564815877344792 14
0000 0012 1710406462882 21.125 -60.0 0.6013204688511713 14
0000 0000 1710406462882 26.0 -66.5 3.454524734318464 14
0000 0005 1710406462883 22.75 -55.0 6.086835766330224 14
0000 0000 1710406462883 -17.0625 -66.0 3.4913402732277192 14
0000 0013 1710406462884 -9.75 -70.0 2.6568547246179306 14
0000 0015 1710406462884 -32.5 -63.5 0.32520392703175593 14
0000 0008 1710406462884 3.25 -54.0 5.411884219660542 14
0000 0002 1710406462885 -81.375 -70.0 4.675573441475434 14
0000 0009 1710406462885 24.375 -54.0 1.6935147898257479 14
0000 0012 1710406462886 48.8125 -60.0 0.5645049299419159 14
0000 0004 1710406462886 -16.25 -58.5 1.6260196351587797 14
0000 0006 1710406462886 -9.75 -66.0 2.9391071895888885 14
0000 0003 1710406463135 -4.1875 -74.5 4.859651136021712 14
0000 0008 1710406463136 -29.25 -54.0 5.424156065963627 14
0000 0005 1710406463136 -16.25 -55.0 6.154330920997192 14
0000 0004 1710406463136 16.25 -59.0 1.607611865704152 14
0000 0000 1710406463137 41.5 -66.5 3.3502140407422405 14
0000 0013 1710406463137 -65.0625 -69.5 2.8716120349219203 14
0000 0012 1710406463138 27.625 -60.5 0.607456392002714 14
0000 0015 1710406463138 22.75 -63.0 0.28225246497095796 14
0000 0002 1710406463138 -100.875 -70.5 4.804427827657828 14
0000 0006 1710406463139 0.0 -66.0 2.9575149590435164 14
0000 0009 1710406463139 -7.3125 -54.0 1.736466251886546 14
0000 0003 1710406463139 4.1875 -74.5 4.4976316700806995 14
0000 0015 1710406463140 6.5 -64.0 0.28838838812250056 14
0000 0002 1710406463140 -100.875 -69.0 4.859651136021712 14
0000 0013 1710406463140 -120.4375 -71.0 2.8838838812250054 14
0000 0005 1710406463141 0.0 -55.0 6.0991076126333095 14
0000 0000 1710406463141 17.0625 -67.0 3.429981041712294 14
0000 0008 1710406463141 -29.25 -54.0 5.436427912266712 14
0000 0012 1710406463142 13.8125 -60.0 0.6504078540635119 14
0000 0009 1710406463142 7.3125 -54.0 1.7303303287350031 14
0000 0004 1710406463142 -3.25 -58.5 1.6382914814618648 14
0000 0006 1710406463142 -6.5 -66.0 2.945243112740431 14
0000 0003 1710406463365 1.25 -74.5 4.558990901596125 14
0000 0005 1710406463366 -3.25 -55.0 6.111379458936394 14
0000 0008 1710406463366 3.25 -54.0 5.405748296509 14
0000 0004 1710406463366 3.25 -59.0 1.6812429435226628 14
0000 0002 1710406463367 -29.25 -69.0 4.669437518323892 14
0000 0009 1710406463367 -17.0625 -54.0 1.7426021750380885 14
0000 0012 1710406463367 -13.0 -60.5 0.6565437772150544 14
0000 0006 1710406463368 42.3125 -66.5 2.9697868053466014 14
0000 0013 1710406463368 -97.625 -70.5 2.84706834231575 14
0000 0000 1710406463368 -13.0 -66.0 3.485204350076177 14
0000 0015 1710406463369 0.0 -63.5 0.2699806186678728 14
0000 0003 1710406463369 -3.5625 -74.5 4.663301595172349 14
0000 0012 1710406463369 17.0625 -60.5 0.6504078540635119 14
0000 0006 1710406463370 -100.875 -66.5 3.098641191528995 14
0000 0005 1710406463370 -9.75 -55.5 6.129787228391022 14
0000 0009 1710406463370 -13.8125 -54.0 1.748738098189631 14
0000 0015 1710406463371 -16.25 -63.5 0.32520392703175593 14
0000 0013 1710406463371 74.8125 -70.5 2.6568547246179306 14
0000 0008 1710406463371 19.5 -54.0 5.368932757599744 14
0000 0004 1710406463372 39.0 -59.0 1.6137477888556946 14
0000 0002 1710406463372 -84.625 -70.0 4.675573441475434 14
0000 0000 1710406463372 -73.1875 -66.5 3.5281558121369745 14
0000 0013 1710406463703 3.25 -71.0 2.767301341345697 14
0000 0009 1710406463703 -13.8125 -54.0 1.736466251886546 14
0000 0005 1710406463704 -19.5 -55.0 6.129787228391022 14
0000 0015 1710406463704 -3.25 -64.0 0.3190680038802134 14
0000 0006 1710406463704 48.8125 -66.5 3.055689729468197 14
0000 0012 1710406463705 26.0 -60.5 0.619728238305799 14
0000 0002 1710406463705 32.5 -69.5 4.534447208989955 14
0000 0000 1710406463705 -32.5 -66.0 3.466796580621549 14
0000 0008 1710406463706 -26.0 -54.0 5.418020142812084 14
0000 0004 1710406463706 16.25 -59.0 1.6198837120072371 14
0000 0000 1710406463706 19.5 -65.5 3.3502140407422405 14
0000 0005 1710406463707 -13.0 -55.0 6.12365130523948 14
0000 0008 1710406463707 16.25 -54.0 5.381204603902829 14
0000 0012 1710406463707 38.1875 -60.5 0.607456392002714 14
0000 0004 1710406463708 -29.25 -58.5 1.6935147898257479 14
0000 0002 1710406463708 -52.0625 -69.0 4.374913207049849 14
0000 0013 1710406463708 32.5 -71.0 2.736621725587984 14
0000 0009 1710406463709 -13.8125 -54.0 1.7548740213411735 14
0000 0015 1710406463709 0.0 -63.0 0.3190680038802134 14
0000 0006 1710406463709 78.0625 -66.5 3.018874190558942 14
0000 0005 1710406463931 6.5 -55.0 6.092971689481767 14
0000 0009 1710406463931 -24.375 -54.0 1.7548740213411735 14
0000 0002 1710406463931 81.375 -69.0 4.4362724385652745 14
0000 0012 1710406463931 13.0 -60.0 0.6442719309119693 14
0000 0004 1710406463932 9.75 -59.0 1.662835174068035 14
0000 0006 1710406463932 149.6875 -67.0 2.9145634969827183 14
0000 0013 1710406463932 26.0 -70.0 2.7857091108003242 14
0000 0015 1710406463933 -48.8125 -63.0 0.35588354278946877 14
0000 0008 1710406463933 26.0 -53.5 5.356660911296659 14
0000 0000 1710406463933 -52.0625 -66.5 3.3502140407422405 14
0000 0008 1710406463934 -6.5 -54.0 5.424156065963627 14
0000 0012 1710406463934 34.9375 -60.0 0.607456392002714 14
0000 0009 1710406463934 -13.8125 -54.0 1.7548740213411735 14
0000 0005 1710406463935 9.75 -55.0 6.092971689481767 14
0000 0015 1710406463935 0.0 -64.0 0.28225246497095796 14
0000 0002 1710406463935 -143.1875 -69.5 4.595806440505381 14
0000 0006 1710406463936 74.8125 -66.5 3.074097498922825 14
0000 0000 1710406463936 -19.5 -66.5 3.313398501832985 14
0000 0004 1710406463936 3.25 -58.5 1.6996507129772904 14
0000 0013 1710406463937 -3.25 -71.5 2.5586799541932495 14
0000 0015 1710406464141 -58.5625 -63.5 0.37429131224409645 14
0000 0000 1710406464142 9.75 -66.0 3.227495577711389 14
0000 0005 1710406464142 6.5 -55.0 6.086835766330224 14
0000 0004 1710406464142 26.0 -58.5 1.6689710972195777 14
0000 0008 1710406464143 -29.25 -54.0 5.442563835418255 14
0000 0009 1710406464143 -6.5 -54.0 1.7548740213411735 14
0000 0002 1710406464143 45.5625 -69.5 4.3074180523828804 14
0000 0006 1710406464143 55.3125 -66.5 3.1354567304382504 14
0000 0012 1710406464144 0.0 -60.5 0.6688156235181395 14
0000 0013 1710406464144 35.75 -69.0 2.7120780329818137 14
0000 0009 1710406464144 10.5625 -54.0 1.736466251886546 14
0000 0004 1710406464145 19.5 -59.0 1.705786636128833 14
0000 0008 1710406464145 -22.75 -53.5 5.448699758569798 14
0000 0006 1710406464145 68.3125 -66.5 3.160000423044421 14
0000 0012 1710406464146 -24.375 -60.5 0.7424467013366504 14
0000 0005 1710406464146 16.25 -55.0 6.068427996875596 14
0000 0013 1710406464146 -94.375 -70.5 2.9145634969827183 14
0000 0000 1710406464147 -45.5625 -66.5 3.2765829629237295 14
0000 0002 1710406464147 81.375 -71.5 4.430136515413731 14
0000 0015 1710406464147 13.0 -63.0 0.2454369260617026 14
0000 0009 1710406464371 17.0625 -54.0 1.7303303287350031 14
0000 0006 1710406464371 19.5 -67.0 3.2397674240144743 14
0000 0000 1710406464371 29.25 -66.5 3.0925052683774528 14
0000 0002 1710406464371 -48.8125 -70.5 4.528311285838413 14
0000 0005 1710406464372 -26.0 -55.0 6.1420590746941075 14
0000 0015 1710406464372 3.25 -63.5 0.2761165418194154 14
0000 0012 1710406464372 17.0625 -59.5 0.6504078540635119 14
0000 0008 1710406464373 3.25 -54.0 5.424156065963627 14
0000 0004 1710406464373 45.5625 -58.5 1.6873788666742053 14
0000 0013 1710406464373 -97.625 -71.0 2.748893571891069 14
0000 0013 1710406464374 149.6875 -70.0 2.5034566458293663 14
0000 0000 1710406464374 -19.5 -67.0 3.172272269347506 14
0000 0006 1710406464374 97.625 -67.0 3.2213596545598464 14
0000 0002 1710406464375 9.75 -70.5 4.405592822807561 14
0000 0009 1710406464375 7.3125 -53.5 1.7426021750380885 14
0000 0015 1710406464375 32.5 -63.0 0.2454369260617026 14
0000 0008 1710406464375 -13.0 -54.0 5.448699758569798 14
0000 0004 1710406464376 6.5 -58.5 1.748738098189631 14
0000 0005 1710406464376 9.75 -55.0 6.105243535784852 14
0000 0012 1710406464376 29.25 -60.5 0.6135923151542565 14
0000 0000 1710406464590 -48.8125 -66.0 3.2090878082567613 14
0000 0004 1710406464590 0.0 -59.0 1.7855536370988863 14
0000 0013 1710406464590 163.5625 -71.0 2.429825568010856 14
0000 0005 1710406464591 6.5 -55.0 6.105243535784852 14
0000 0009 1710406464591 -21.125 -53.5 1.8100973297050567 14
0000 0015 1710406464591 -9.75 -63.5 0.3129320807286708 14
0000 0006 1710406464592 120.4375 -67.0 3.1968159619536762 14
0000 0008 1710406464592 -29.25 -54.0 5.485515297479052 14
0000 0012 1710406464592 34.9375 -60.5 0.6381360077604268 14
0000 0002 1710406464593 -113.875 -70.0 4.583534594202296 14
0000 0002 1710406464593 52.0625 -70.0 4.3503695144436785 14
0000 0006 1710406464593 13.0 -66.0 3.3440781175906977 14
0000 0015 1710406464593 -84.625 -63.5 0.4049709280018093 14
0000 0012 1710406464594 3.25 -60.5 0.6994952392758523 14
0000 0008 1710406464594 0.0 -54.0 5.387340527054372 14
0000 0005 1710406464594 13.0 -55.0 6.080699843178682 14
0000 0009 1710406464595 -10.5625 -54.0 1.7794177139473437 14
0000 0004 1710406464595 -3.25 -58.5 1.761009944492716 14
0000 0000 1710406464595 -7.3125 -67.0 3.215223731408304 14
0000 0013 1710406464596 -162.75 -70.0 2.8654761117703775 14
0000 0004 1710406464708 3.25 -59.0 1.761009944492716 14
0000 0012 1710406464708 -39.0 -60.5 0.7179030087304801 14
0000 0015 1710406464708 26.0 -63.5 0.30066023442558565 14
0000 0009 1710406464709 -6.5 -54.0 1.7916895602504288 14
0000 0002 1710406464709 -97.625 -70.0 4.528311285838413 14
0000 0006 1710406464709 61.8125 -67.0 3.2213596545598464 14
0000 0008 1710406464710 32.5 -54.0 5.3627968344482015 14
0000 0005 1710406464710 0.0 -55.0 6.0991076126333095 14
0000 0000 1710406464710 -16.25 -66.0 3.227495577711389 14
0000 0013 1710406464710 -84.625 -70.5 2.804116880254952 14
0000 0009 1710406464936 3.25 -54.0 1.7548740213411735 14
0000 0008 1710406464937 -3.25 -53.5 5.399612373357457 14
0000 0004 1710406464937 3.25 -59.0 1.736466251886546 14
0000 0015 1710406464937 -35.75 -63.5 0.4111068511533518 14
0000 0005 1710406464938 3.25 -55.0 6.074563920027139 14
0000 0012 1710406464938 -7.3125 -60.5 0.6994952392758523 14
0000 0006 1710406464939 32.5 -67.0 3.2213596545598464 14
0000 0002 1710406464939 -52.0625 -71.0 4.473087977474529 14
0000 0000 1710406464939 17.0625 -66.0 3.184544115650591 14
0000 0013 1710406464940 74.8125 -70.0 2.564815877344792 14
0000 0008 1710406464940 29.25 -54.0 5.338253141842031 14
0000 0005 1710406464940 -6.5 -55.0 6.0991076126333095 14
0000 0000 1710406464941 -30.875 -66.0 3.2704470397721868 14
0000 0009 1710406464941 -17.0625 -54.0 1.7671458676442586 14
0000 0004 1710406464942 65.0625 -59.0 1.6321555583103222 14
0000 0006 1710406464942 -55.3125 -67.0 3.4054373491061236 14
0000 0012 1710406464942 61.8125 -60.0 0.6258641614573416 14
0000 0013 1710406464943 -65.0625 -71.0 2.6998061866787286 14
0000 0015 1710406464943 68.3125 -63.0 0.2086213871524472 14
0000 0002 1710406464943 19.5 -70.5 4.411728745959104 14
0000 0005 1710406465153 6.5 -55.0 6.062292073724054 14
0000 0008 1710406465153 3.25 -54.0 5.375068680751287 14
0000 0012 1710406465154 13.8125 -60.0 0.6749515466696822 14
0000 0013 1710406465154 42.3125 -70.5 2.5832236467994196 14
0000 0002 1710406465154 -81.375 -70.0 4.411728745959104 14
0000 0004 1710406465155 13.0 -59.0 1.6935147898257479 14
0000 0015 1710406465155 26.0 -63.0 0.2761165418194154 14
0000 0009 1710406465155 -6.5 -54.0 1.761009944492716 14
0000 0000 1710406465156 -10.5625 -67.0 3.2827188860752723 14
0000 0006 1710406465156 -97.625 -66.5 3.454524734318464 14
0000 0012 1710406465156 32.5 -60.5 0.6135923151542565 14
0000 0006 1710406465157 -65.0625 -66.5 3.380893656499953 14
0000 0005 1710406465157 -3.25 -55.0 6.062292073724054 14
0000 0008 1710406465157 9.75 -53.5 5.338253141842031 14
0000 0015 1710406465158 48.8125 -63.5 0.2454369260617026 14
0000 0000 1710406465158 6.5 -66.5 3.227495577711389 14
0000 0009 1710406465158 7.3125 -54.0 1.748738098189631 14
0000 0013 1710406465159 -35.75 -70.0 2.804116880254952 14
0000 0004 1710406465159 26.0 -58.5 1.6873788666742053 14
0000 0002 1710406465159 113.875 -70.0 4.190835512503572 14
0000 0012 1710406465375 6.5 -60.5 0.6688156235181395 14
0000 0004 1710406465375 -48.8125 -58.5 1.7916895602504288 14
0000 0009 1710406465376 -3.25 -54.0 1.736466251886546 14
0000 0000 1710406465376 13.0 -66.0 3.2336315008629315 14
0000 0015 1710406465376 55.3125 -64.0 0.25770877236478773 14
0000 0008 1710406465377 -19.5 -54.0 5.387340527054372 14
0000 0005 1710406465377 -19.5 -55.0 6.105243535784852 14
0000 0006 1710406465377 48.8125 -67.0 3.2827188860752723 14
0000 0002 1710406465378 61.8125 -70.0 4.331961744989051 14
0000 0013 1710406465378 78.0625 -70.5 2.662990647769473 14
0000 0008 1710406465378 -6.5 -53.5 5.356660911296659 14
0000 0012 1710406465379 -21.125 -60.5 0.7117670855789375 14
0000 0009 1710406465379 -3.25 -54.0 1.736466251886546 14
0000 0015 1710406465379 -19.5 -63.5 0.28838838812250056 14
0000 0002 1710406465379 16.25 -70.0 4.405592822807561 14
0000 0013 1710406465380 71.5625 -70.0 2.6016314162540475 14
0000 0006 1710406465380 -16.25 -67.0 3.3502140407422405 14
0000 0005 1710406465380 -9.75 -55.0 6.080699843178682 14
0000 0000 1710406465381 3.25 -66.5 3.3011266555298997 14
0000 0004 1710406465381 -35.75 -59.0 1.7794177139473437 14
0000 0012 1710406465604 22.75 -60.5 0.6381360077604268 14
0000 0004 1710406465604 6.5 -58.5 1.705786636128833 14
0000 0013 1710406465605 -113.875 -70.0 2.9145634969827183 14
0000 0015 1710406465605 -3.25 -63.5 0.30066023442558565 14
0000 0002 1710406465605 -74.8125 -70.0 4.368777283898306 14
0000 0008 1710406465605 0.0 -54.0 5.3198453723874035 14
0000 0000 1710406465606 -61.8125 -66.5 3.313398501832985 14
0000 0005 1710406465606 13.0 -55.0 6.037748381117884 14
0000 0009 1710406465606 17.0625 -54.0 1.705786636128833 14
0000 0012 1710406465607 -17.0625 -60.0 0.705631162427395 14
0000 0000 1710406465607 -149.6875 -65.5 3.368621810196868 14
0000 0009 1710406465607 10.5625 -53.5 1.7303303287350031 14
0000 0015 1710406465608 0.0 -63.5 0.3190680038802134 14
0000 0006 1710406465608 9.75 -66.5 3.2704470397721868 14
0000 0004 1710406465608 -16.25 -59.0 1.7548740213411735 14
0000 0005 1710406465609 6.5 -55.0 6.056156150572511 14
0000 0013 1710406465609 -3.25 -71.0 2.6813984172241008 14
0000 0008 1710406465609 6.5 -53.5 5.3198453723874035 14
0000 0002 1710406465610 55.3125 -71.0 4.270602513473625 14
0000 0000 1710406465826 -45.5625 -66.0 3.3379421944391554 14
0000 0013 1710406465827 195.25 -70.0 2.448233337465483 14
0000 0009 1710406465827 -13.0 -54.0 1.7548740213411735 14
0000 0015 1710406465827 9.75 -63.5 0.2945243112740431 14
0000 0004 1710406465827 26.0 -58.5 1.7119225592803755 14
0000 0005 1710406465828 -3.25 -54.5 6.068427996875596 14
0000 0002 1710406465828 9.75 -71.0 4.473087977474529 14
0000 0012 1710406465828 29.25 -60.0 0.6320000846088841 14
0000 0006 1710406465829 58.5625 -67.0 3.2397674240144743 14
0000 0008 1710406465829 9.75 -53.5 5.3198453723874035 14
0000 0008 1710406465829 -6.5 -53.5 5.344389064993574 14
0000 0005 1710406465829 22.75 -55.0 6.025476534814799 14
0000 0015 1710406465830 -22.75 -64.0 0.32520392703175593 14
0000 0002 1710406465830 -39.0 -70.0 4.442408361716817 14
0000 0013 1710406465830 84.625 -69.5 2.5586799541932495 14
0000 0009 1710406465831 -24.375 -53.5 1.7548740213411735 14
0000 0000 1710406465831 -22.75 -65.5 3.2459033471660166 14
0000 0004 1710406465831 26.0 -59.0 1.6935147898257479 14
0000 0012 1710406465832 48.8125 -60.5 0.5829126993965437 14
0000 0006 1710406465832 -29.25 -67.5 3.356349963893783 14
0000 0012 1710406465938 -6.5 -60.5 0.6565437772150544 14
0000 0015 1710406465938 0.0 -63.5 0.3436116964863836 14
0000 0005 1710406465939 16.25 -55.0 6.031612457966341 14
0000 0008 1710406465939 16.25 -53.5 5.325981295538946 14
0000 0000 1710406465939 -35.75 -66.0 3.2520392703175593 14
0000 0002 1710406465940 -29.25 -69.5 4.509903516383785 14
0000 0009 1710406465940 -16.25 -54.0 1.761009944492716 14
0000 0006 1710406465940 -3.25 -66.5 3.2765829629237295 14
0000 0004 1710406465940 -3.25 -59.0 1.736466251886546 14
0000 0013 1710406465941 -107.375 -70.5 2.8409324191642074 14
