0000 0012 1710226595930 -62.625 -69.0 2.1966604882522383 9
0000 0006 1710226595930 -71.5625 -67.5 0.23930100291016002 9
0000 0005 1710226595930 -84.625 -70.0 5.700272607783043 9
0000 0004 1710226595931 -19.5 -66.5 3.11091303783208 9
0000 0000 1710226595931 34.125 -77.0 5.553010452146021 9
0000 0008 1710226595932 4.6875 -75.0 5.780039608753096 9
0000 0004 1710226595932 -16.25 -67.0 3.1784081924990484 9
0000 0006 1710226595932 26.0 -68.5 0.2270291566070749 9
0000 0005 1710226595933 -146.4375 -71.0 5.8045833013592665 9
0000 0012 1710226595933 -65.0625 -69.0 2.466641106920111 9
0000 0008 1710226595934 4.25 -75.0 5.816855147662351 9
0000 0000 1710226595934 -0.5625 -76.5 5.651185222570702 9
0000 0004 1710226595934 -42.3125 -68.0 3.2397674240144743 9
0000 0012 1710226595935 42.3125 -70.0 2.5464081078901644 9
0000 0006 1710226595935 74.8125 -69.0 0.1718058482431918 9
0000 0005 1710226595935 -107.375 -70.0 5.93343768754166 9
0000 0000 1710226596194 -15.5625 -76.5 2.5402721847386216 9
0000 0008 1710226596194 10.625 -76.0 5.712544454086128 9
0000 0006 1710226596195 19.5 -68.0 0.23930100291016002 9
0000 0012 1710226596195 -166.0 -69.5 2.6200391857086753 9
0000 0004 1710226596195 -9.75 -67.5 3.5036121195308043 9
0000 0005 1710226596196 52.0625 -70.0 5.964117303299373 9
0000 0000 1710226596196 6.0625 -76.5 5.663457068873787 9
0000 0008 1710226596196 0.0 -76.0 5.9518454569962875 9
0000 0005 1710226596197 -3.25 -69.0 6.043884304269426 9
0000 0004 1710226596197 -61.8125 -66.0 3.761320891895592 9
0000 0006 1710226596197 -32.5 -68.5 0.5154175447295755 9
0000 0012 1710226596199 -3.25 -69.0 2.442097414313941 9
0000 0000 1710226596199 1.3125 -76.0 5.595961914206819 9
0000 0008 1710226596445 -5.0 -76.0 6.043884304269426 9
0000 0004 1710226596445 -52.0625 -67.0 3.865631585471816 9
0000 0006 1710226596446 0.0 -68.5 0.47860200582032003 9
0000 0005 1710226596446 -152.9375 -70.0 6.12365130523948 9
0000 0012 1710226596446 -68.3125 -68.5 2.718213956133356 9
0000 0008 1710226596447 1.1875 -74.5 6.117515382087937 9
0000 0000 1710226596447 19.5 -76.5 5.730952223540755 9
0000 0012 1710226596447 91.125 -68.5 2.724349879284899 9
0000 0004 1710226596448 42.3125 -68.0 3.6815538909255388 9
0000 0005 1710226596448 -24.375 -69.5 5.957981380147831 9
0000 0006 1710226596448 -107.375 -68.5 0.4111068511533518 9
0000 0008 1710226596448 -62.625 -73.0 3.2244276161356176 9
0000 0004 1710226596694 3.25 -69.0 3.6447383520162835 9
0000 0006 1710226596695 48.8125 -68.5 0.25157284921324513 9
0000 0008 1710226596695 -65.0625 -72.0 0.5460971604872883 9
0000 0012 1710226596695 188.75 -69.5 2.9022916506796332 9
0000 0007 1710226596696 3.5625 -74.5 4.503767593232243 9
0000 0004 1710226596696 -87.875 -71.5 3.859495662320273 9
0000 0006 1710226596696 166.0 -69.0 6.17273869045182 9
0000 0008 1710226596697 45.5625 -69.5 0.7363107781851077 9
0000 0012 1710226596697 -22.75 -67.0 3.663146121470911 9
0000 0007 1710226596954 1.8125 -73.5 4.657165672020807 9
0000 0006 1710226596955 -94.375 -69.0 0.4356505437595221 9
0000 0008 1710226596955 104.125 -68.5 0.9203884727313847 9
0000 0012 1710226596955 61.8125 -66.0 4.1172044346850605 9
0000 0004 1710226596956 -0.5625 -74.0 0.5829126993965437 9
0000 0007 1710226596956 14.0 -73.0 5.019185137961818 9
0000 0005 1710226596956 3.5625 -74.0 4.626486056263094 9
0000 0006 1710226596957 6.5 -68.5 0.7669903939428205 9
0000 0012 1710226596957 52.0625 -70.0 4.387185053352934 9
0000 0008 1710226596957 42.3125 -67.0 1.6935147898257479 9
0000 0007 1710226596958 100.875 -70.5 5.013049214810275 9
0000 0004 1710226596958 1.1875 -73.5 4.945554060143307 9
0000 0005 1710226597156 1.25 -73.5 4.773748211900116 9
0000 0005 1710226597156 -24.375 -72.0 1.6751070203711202 9
0000 0015 1710226597157 26.0 -68.5 6.019340611663256 9
0000 0012 1710226597157 -76.4375 -70.5 4.601942363656923 9
0000 0006 1710226597157 58.5625 -67.5 1.3437671701878218 9
0000 0007 1710226597157 -218.0625 -71.0 5.651185222570702 9
0000 0008 1710226597158 -6.5 -66.5 2.748893571891069 9
0000 0004 1710226597158 3.0 -73.0 0.02454369260617026 9
0000 0000 1710226597158 1.5 -75.5 5.2339424482658075 9
0000 0008 1710226597159 -26.0 -69.0 4.4976316700806995 9
0000 0015 1710226597159 -19.5 -67.5 3.847223816017188 9
0000 0005 1710226597159 -45.5625 -68.0 1.3437671701878218 9
0000 0004 1710226597161 48.8125 -68.5 1.4603497100671303 9
0000 0006 1710226597162 42.3125 -68.5 2.675262494072558 9
0000 0000 1710226597162 -120.4375 -73.0 2.9022916506796332 9
0000 0012 1710226597162 -8.5 -74.5 5.945709533844745 9
0000 0000 1710226597163 16.3125 -75.0 6.240233845118788 9
0000 0006 1710226597444 175.75 -69.0 4.123340357836604 9
0000 0005 1710226597444 13.0 -69.5 1.2701360923693108 9
0000 0004 1710226597444 -13.0 -64.5 2.7550294950426117 9
0000 0015 1710226597445 -81.375 -70.0 0.0 9
0000 0008 1710226597445 20.3125 -71.0 4.132544242563918 9
0000 0000 1710226597445 4.6875 -76.5 3.877903431774901 9
0000 0006 1710226597446 -81.375 -70.5 0.3129320807286708 9
0000 0008 1710226597446 52.0625 -68.0 3.6386024288647407 9
0000 0004 1710226597446 29.25 -64.5 4.424000592262189 9
0000 0005 1710226597658 3.25 -74.0 0.6135923151542565 9
0000 0006 1710226597658 100.875 -70.5 3.4177091954092087 9
0000 0008 1710226597658 26.0 -68.5 0.0859029241215959 9
0000 0005 1710226597659 -39.0 -71.0 4.166291819897402 9
0000 0000 1710226597659 -305.9375 -72.0 4.853515212870168 9
0000 0004 1710226597659 11.375 -71.5 0.6013204688511713 9
0000 0014 1710226597660 -0.5625 -72.5 1.9757672547967058 9
0000 0010 1710226597660 3.0 -77.5 5.411884219660542 9
0000 0012 1710226597660 6.8125 -73.5 4.178563666200486 9
0000 0007 1710226597661 1.9375 -72.0 1.736466251886546 9
0000 0008 1710226597661 -156.1875 -71.5 5.393476450205914 9
0000 0004 1710226597661 32.5 -59.5 1.9634954084936207 9
0000 0007 1710226597662 -247.375 -70.5 3.411573272257666 9
0000 0006 1710226597662 -13.0 -72.0 0.23930100291016002 9
0000 0000 1710226597662 -3.9375 -77.5 0.380427235395639 9
0000 0005 1710226597663 3.8125 -74.5 1.3989904785517047 9
0000 0014 1710226597944 -4.5625 -74.0 0.2945243112740431 9
0000 0014 1710226597944 -22.75 -69.5 6.050020227420969 9
0000 0007 1710226597944 -55.3125 -68.5 1.239456476611598 9
0000 0006 1710226597945 42.3125 -65.5 4.338097668140593 9
0000 0013 1710226597945 65.0625 -69.0 2.018718716857504 9
0000 0004 1710226597945 45.5625 -67.5 4.7307967498393175 9
0000 0004 1710226597946 9.75 -61.5 0.7301748550335652 9
0000 0015 1710226597946 65.0625 -68.0 0.006135923151542565 9
0000 0013 1710226597946 3.25 -63.5 3.0066023442558567 9
0000 0009 1710226597947 -13.375 -78.5 0.5890486225480862 9
0000 0006 1710226597947 6.375 -74.5 5.062136600022616 9
0000 0007 1710226597947 6.0 -74.5 1.8837284075235674 9
0000 0013 1710226598199 -55.3125 -64.0 4.743068596142402 9
0000 0000 1710226598199 74.8125 -70.5 5.638913376267617 9
0000 0015 1710226598199 162.75 -68.0 1.0799224746714913 9
0000 0006 1710226598200 4.875 -74.5 0.8528933180644165 9
0000 0014 1710226598200 -4.5625 -73.5 6.129787228391022 9
0000 0004 1710226598200 1.75 -65.5 5.921165841238575 9
0000 0005 1710226598201 2.25 -71.5 1.5585244804918115 9
0000 0013 1710226598201 152.9375 -68.5 0.04908738521234052 9
0000 0005 1710226598201 -16.25 -68.5 5.062136600022616 9
0000 0004 1710226598202 19.5 -63.0 3.141592653589793 9
0000 0014 1710226598202 16.25 -71.0 0.5276893910326605 9
0000 0000 1710226598202 -1.1875 -75.5 1.0921943209745766 9
0000 0004 1710226598444 -68.3125 -66.0 6.264777537724958 9
0000 0007 1710226598445 19.5 -70.0 3.9147189706841563 9
0000 0000 1710226598445 91.125 -71.5 2.067806102069844 9
0000 0005 1710226598445 -45.5625 -71.0 0.6933593161243098 9
0000 0013 1710226598446 2.5625 -73.0 4.632621979414636 9
0000 0009 1710226598446 6.4375 -78.0 0.6749515466696822 9
0000 0005 1710226598446 71.5625 -66.0 1.0737865515199487 9
0000 0013 1710226598446 120.4375 -68.0 5.651185222570702 9
0000 0000 1710226598447 -117.9375 -73.0 2.6568547246179306 9
0000 0004 1710226598447 6.5 -68.5 0.3374757733348411 9
0000 0007 1710226598447 4.875 -71.0 0.868233125943273 9
0000 0015 1710226598448 3.3125 -70.0 0.2086213871524472 9
0000 0006 1710226598448 5.6875 -71.5 0.944932165337555 9
0000 0012 1710226598449 8.875 -75.5 0.018407769454627694 9
0000 0004 1710226598630 -16.25 -65.0 0.6688156235181395 9
0000 0013 1710226598630 123.6875 -66.0 3.0250101137104846 9
0000 0015 1710226598631 -48.8125 -67.5 1.6996507129772904 9
0000 0006 1710226598631 71.5625 -67.0 2.429825568010856 9
0000 0012 1710226598631 -104.125 -70.5 4.381049130201391 9
0000 0000 1710226598632 3.25 -70.0 2.779573187648782 9
0000 0008 1710226598632 22.75 -68.0 3.466796580621549 9
0000 0005 1710226598632 13.8125 -72.0 2.095417756251786 9
0000 0007 1710226598633 6.0625 -72.0 0.6933593161243098 9
0000 0008 1710226598633 29.25 -67.0 0.9265243958829272 9
0000 0015 1710226598633 -22.75 -64.5 1.0492428589137786 9
0000 0004 1710226598634 29.25 -60.0 4.92714629068868 9
0000 0006 1710226598634 16.25 -62.5 1.7855536370988863 9
0000 0000 1710226598634 -39.0 -67.0 6.2463697682703305 9
0000 0012 1710226598635 -61.8125 -65.0 0.7424467013366504 9
0000 0013 1710226598635 5.0 -75.5 3.724505352986337 9
0000 0009 1710226598635 -1.8125 -76.0 1.030835089459151 9
0000 0007 1710226598694 2.875 -72.5 0.3620194659410113 9
0000 0006 1710226598923 -13.0 -61.5 4.9394181369917645 9
0000 0007 1710226598923 -100.875 -69.0 1.1658253987930873 9
0000 0008 1710226598924 19.5 -66.0 5.111223985234957 9
0000 0012 1710226598924 224.5625 -69.5 1.662835174068035 9
0000 0000 1710226598924 -117.9375 -71.5 4.399456899656019 9
0000 0004 1710226598924 55.3125 -60.5 4.4976316700806995 9
0000 0009 1710226598925 3.625 -78.0 5.841398840268521 9
0000 0007 1710226598925 6.5 -66.0 2.859340188618835 9
0000 0004 1710226598925 0.0 -58.5 0.2086213871524472 9
0000 0005 1710226598926 45.5625 -67.0 5.45483568172134 9
0000 0000 1710226598926 -123.6875 -70.5 1.6996507129772904 9
0000 0006 1710226598926 -35.75 -63.0 0.9019807032767571 9
0000 0012 1710226598927 -52.0625 -67.0 4.289010282928253 9
0000 0008 1710226598928 29.25 -69.0 3.2888548092268146 9
0000 0009 1710226598928 22.125 -79.0 0.7240389318820226 9
0000 0006 1710226598928 -22.75 -64.5 3.9147189706841563 9
0000 0007 1710226598928 -19.5 -67.5 1.337631247036279 9
0000 0004 1710226598929 39.0 -61.5 2.172116795646068 9
0000 0005 1710226598929 -35.75 -67.5 5.123495831538041 9
0000 0003 1710226598929 -68.3125 -75.0 0.2086213871524472 9
0000 0000 1710226598930 110.625 -68.5 5.8475347634200645 9
0000 0008 1710226598930 -32.5 -67.5 6.2034183062095325 9
0000 0015 1710226599202 1.8125 -71.0 4.540583132141498 9
0000 0009 1710226599203 -1.8125 -77.0 4.000621894805752 9
0000 0013 1710226599203 -8.8125 -79.5 0.30679615757712825 9
0000 0008 1710226599203 -19.5 -71.0 4.828971520263998 9
0000 0007 1710226599204 42.3125 -66.5 0.0859029241215959 9
0000 0006 1710226599204 -19.5 -61.5 1.8407769454627694 9
0000 0004 1710226599204 -3.25 -61.0 2.1659808724945253 9
0000 0013 1710226599205 126.9375 -72.5 1.3867186322486196 9
0000 0000 1710226599205 -413.375 -72.5 0.1349903093339364 9
0000 0009 1710226599205 336.875 -73.0 1.9941750242513334 9
0000 0005 1710226599205 9.75 -72.5 5.651185222570702 9
0000 0003 1710226599206 1.1875 -78.5 5.399612373357457 9
0000 0015 1710226599206 4.1875 -77.0 1.282407938672396 9
0000 0004 1710226599206 6.5 -61.0 3.0250101137104846 9
0000 0005 1710226599207 -100.875 -70.5 4.031301510563465 9
0000 0000 1710226599207 201.8125 -70.0 5.338253141842031 9
0000 0008 1710226599207 -35.75 -66.5 0.619728238305799 9
0000 0007 1710226599208 35.75 -63.0 0.9633399347921826 9
0000 0014 1710226599208 -55.3125 -70.0 5.516194913236766 9
0000 0006 1710226599208 65.0625 -66.5 3.2765829629237295 9
0000 0015 1710226599209 -260.375 -70.5 2.1537090261914402 9
0000 0011 1710226599209 221.3125 -73.0 0.48473792897186263 9
0000 0009 1710226599445 15.4375 -75.5 1.4419419406125027 9
0000 0013 1710226599445 -5.4375 -73.5 1.3130875544301088 9
0000 0000 1710226599445 -55.3125 -66.0 4.4976316700806995 9
0000 0006 1710226599446 -35.75 -66.0 3.215223731408304 9
0000 0015 1710226599446 -6.5 -69.5 3.2090878082567613 9
0000 0008 1710226599446 -26.0 -63.5 5.246214294568893 9
0000 0004 1710226599446 -9.75 -59.0 2.773437264497239 9
0000 0007 1710226599447 29.25 -68.5 6.160466844148735 9
0000 0013 1710226599447 71.5625 -68.5 2.454369260617026 9
0000 0005 1710226599447 9.75 -66.0 2.6016314162540475 9
0000 0014 1710226599448 -6.5 -69.0 6.12365130523948 9
0000 0009 1710226599448 -2.5625 -80.0 0.2638446955163303 9
0000 0011 1710226599448 13.0625 -79.0 0.2454369260617026 9
0000 0000 1710226599644 -45.5625 -66.0 2.4850488763747385 9
0000 0006 1710226599644 -6.5 -63.5 1.4971652489763858 9
0000 0013 1710226599644 32.5 -68.0 3.2581751934691017 9
0000 0008 1710226599645 58.5625 -63.5 3.0495538063166547 9
0000 0004 1710226599645 -6.5 -57.0 5.9088939949354895 9
0000 0014 1710226599645 39.875 -68.0 2.00951483213019 9
0000 0005 1710226599645 48.0 -71.0 0.02454369260617026 9
0000 0007 1710226599646 55.3125 -72.0 6.0899037279059955 9
0000 0003 1710226599646 -0.5625 -76.5 5.773903685601553 9
0000 0009 1710226599646 1.8125 -77.0 0.9081166264282996 9
0000 0015 1710226599647 -2.4375 -72.5 6.056156150572511 9
0000 0014 1710226599647 -42.3125 -64.5 1.0492428589137786 9
0000 0006 1710226599647 19.5 -60.5 0.8283496254582462 9
0000 0005 1710226599648 48.8125 -70.5 6.037748381117884 9
0000 0008 1710226599648 55.3125 -63.0 2.6691265709210157 9
0000 0004 1710226599648 26.0 -59.0 6.2463697682703305 9
0000 0015 1710226599649 -227.8125 -69.0 3.215223731408304 9
0000 0000 1710226599649 58.5625 -68.5 3.2827188860752723 9
0000 0007 1710226599649 42.3125 -70.0 2.350058567040802 9
0000 0009 1710226599703 15.5625 -76.5 1.4296700943094176 9
0000 0003 1710226599704 1.1875 -78.0 4.473087977474529 9
0000 0007 1710226599902 55.3125 -66.0 5.921165841238575 9
0000 0015 1710226599902 -39.0 -67.5 3.6140587362585705 9
0000 0006 1710226599902 29.25 -58.5 5.338253141842031 9
0000 0004 1710226599903 19.5 -59.0 4.473087977474529 9
0000 0005 1710226599903 -55.3125 -64.0 4.522175362686871 9
0000 0009 1710226599903 -179.0 -70.0 1.7978254834019713 9
0000 0008 1710226599904 48.8125 -65.5 0.04908738521234052 9
0000 0014 1710226599904 81.375 -66.5 3.773592738198677 9
0000 0000 1710226599904 -7.3125 -65.0 1.1965050145508 9
0000 0011 1710226599905 -14.0 -77.5 4.473087977474529 9
0000 0001 1710226599906 -14.625 -79.0 4.534447208989955 9
0000 0003 1710226599906 -6.625 -78.0 1.564660403643354 9
0000 0002 1710226599907 15.9375 -78.5 0.9019807032767571 9
0000 0006 1710226599907 -9.75 -60.5 4.411728745959104 9
0000 0009 1710226599908 45.5625 -67.5 1.1228739367322893 9
0000 0004 1710226599908 -9.75 -54.5 4.0987966652304335 9
0000 0007 1710226599908 -58.5625 -67.5 4.4976316700806995 9
0000 0008 1710226599909 -16.25 -66.0 5.939573610693203 9
0000 0000 1710226599909 32.5 -64.5 0.7792622402459057 9
0000 0005 1710226599909 -100.875 -64.0 3.4177091954092087 9
0000 0013 1710226599950 50.4375 -73.0 5.111223985234957 9
0000 0002 1710226600050 -18.25 -78.0 3.031146036862027 9
0000 0011 1710226600050 -10.9375 -75.5 4.6448938257177215 9
0000 0001 1710226600050 -32.9375 -77.5 4.804427827657828 9
0000 0003 1710226600051 -10.75 -78.0 5.203262832508095 9
0000 0013 1710226600051 19.5 -60.0 5.755495916146925 9
0000 0005 1710226600051 61.8125 -63.0 2.1905245651006955 9
0000 0012 1710226600052 -16.25 -65.5 2.9820586516496865 9
0000 0008 1710226600052 -42.3125 -58.5 4.589670517353839 9
0000 0002 1710226600052 87.875 -73.5 0.5583690067903734 9
0000 0006 1710226600053 0.0 -61.5 3.000466421104314 9
0000 0003 1710226600053 133.4375 -71.0 6.2034183062095325 9
0000 0007 1710226600053 65.0625 -63.0 4.473087977474529 9
0000 0009 1710226600054 111.4375 -68.5 6.191146459906448 9
0000 0004 1710226600054 -26.0 -53.5 3.6692820446224537 9
0000 0011 1710226600054 22.75 -69.5 2.6323110320117604 9
0000 0000 1710226600055 58.5625 -63.5 6.043884304269426 9
0000 0001 1710226600194 1.1875 -78.0 4.589670517353839 9
0000 0010 1710226600195 7.0 -77.0 0.14112623248547898 9
0000 0014 1710226600195 -39.0 -70.0 0.380427235395639 9
0000 0004 1710226600195 29.25 -52.5 1.0983302441261191 9
0000 0007 1710226600196 13.0 -64.0 6.092971689481767 9
0000 0012 1710226600196 13.0 -66.0 5.3198453723874035 9
0000 0009 1710226600196 17.0625 -65.5 4.086524818927348 9
0000 0005 1710226600197 -42.3125 -62.0 4.374913207049849 9
0000 0000 1710226600197 32.5 -63.5 3.141592653589793 9
0000 0006 1710226600197 -26.0 -60.5 5.405748296509 9
0000 0008 1710226600198 16.25 -57.5 1.6505633277649499 9
0000 0013 1710226600198 -16.25 -72.5 1.5585244804918115 9
0000 0003 1710226600198 107.375 -72.0 2.5402721847386216 9
0000 0002 1710226600199 -22.75 -72.5 5.50392306693368 9
0000 0011 1710226600353 26.8125 -74.0 1.9911070626755623 9
0000 0001 1710226600353 6.5 -74.5 1.2762720155208536 9
0000 0015 1710226600353 0.875 -69.5 0.21475731030398976 9
0000 0010 1710226600354 -3.5 -78.0 1.8346410223112268 9
0000 0006 1710226600354 48.8125 -63.0 0.5522330836388308 9
0000 0000 1710226600354 -6.5 -63.5 5.939573610693203 9
0000 0004 1710226600355 0.0 -52.5 3.184544115650591 9
0000 0012 1710226600355 45.5625 -69.5 0.2086213871524472 9
0000 0008 1710226600355 9.75 -57.5 4.4362724385652745 9
0000 0005 1710226600356 6.5 -64.0 0.36815538909255385 9
0000 0009 1710226600356 -24.375 -70.0 6.1420590746941075 9
0000 0011 1710226600356 -16.25 -67.5 0.8651651643675016 9
0000 0003 1710226600357 32.5 -73.5 6.227961998815704 9
0000 0007 1710226600357 -13.0 -63.5 1.6198837120072371 9
0000 0013 1710226600357 -107.375 -72.0 6.191146459906448 9
0000 0001 1710226600358 -2.4375 -75.5 5.037592907416445 9
0000 0002 1710226600358 -4.875 -75.5 1.9266798695843652 9
0000 0006 1710226600597 9.75 -62.0 2.000310947402876 9
0000 0004 1710226600598 3.25 -53.5 4.988505522204105 9
0000 0000 1710226600598 29.25 -61.5 2.1353012567368124 9
0000 0008 1710226600598 16.25 -57.5 0.7853981633974483 9
0000 0003 1710226600599 -166.0 -71.5 2.6323110320117604 9
0000 0009 1710226600599 83.0 -72.0 1.4603497100671303 9
0000 0012 1710226600599 97.625 -69.0 1.846912868614312 9
0000 0007 1710226600600 -87.875 -65.5 4.006757817957295 9
0000 0005 1710226600600 22.75 -63.0 3.436116964863836 9
0000 0011 1710226600600 58.5625 -70.0 2.6200391857086753 9
0000 0001 1710226600601 -205.0625 -73.0 4.626486056263094 9
0000 0002 1710226600601 2.4375 -74.5 4.6878452877785195 9
0000 0013 1710226600601 -26.8125 -77.0 0.760854470791278 9
0000 0008 1710226600601 13.0 -58.0 2.8961557275280905 9
0000 0001 1710226600602 61.8125 -72.5 1.2455923997631406 9
0000 0005 1710226600602 -19.5 -60.5 6.068427996875596 9
0000 0000 1710226600602 3.25 -62.0 4.859651136021712 9
0000 0004 1710226600603 22.75 -55.5 0.4908738521234052 9
0000 0012 1710226600603 6.5 -66.5 2.705942109830271 9
0000 0011 1710226600604 84.625 -69.0 5.203262832508095 9
0000 0006 1710226600604 -26.0 -64.5 3.313398501832985 9
0000 0002 1710226600604 65.0625 -72.5 0.0674951546669682 9
0000 0007 1710226600605 45.5625 -65.0 6.277049384028044 9
0000 0009 1710226600605 152.9375 -71.5 3.792000507653305 9
0000 0003 1710226600694 12.1875 -74.5 6.209554229361076 9
