0009 0014 1710136557560 -32.5 -64.5 2.478912953223196 19
0009 0012 1710136557561 9.75 -63.0 4.970097752749477 19
0009 0013 1710136557561 0.0 -64.0 5.957981380147831 19
0009 0004 1710136557561 -9.75 -70.0 1.6260196351587797 19
0009 0009 1710136557562 -55.3125 -65.0 5.546874528994478 19
0009 0006 1710136557562 3.25 -65.0 1.000155473701438 19
0009 0015 1710136557563 253.875 -72.0 0.944932165337555 19
0009 0007 1710136557563 13.375 -73.5 1.184233168247715 19
0009 0011 1710136557563 12.1875 -74.5 5.6941366846315 19
0009 0013 1710136557564 22.75 -64.0 5.927301764390117 19
0009 0006 1710136557564 -61.8125 -64.5 1.0676506283684062 19
0009 0014 1710136557565 9.75 -64.0 2.448233337465483 19
0009 0009 1710136557565 22.75 -64.5 5.442563835418255 19
0009 0004 1710136557565 71.5625 -70.0 1.3621749396424494 19
0009 0012 1710136557566 74.8125 -63.0 4.865787059173254 19
0009 0015 1710136557566 1.625 -73.0 1.2118448224296565 19
0009 0011 1710136557782 3.625 -74.5 5.712544454086128 19
0009 0007 1710136557782 9.75 -73.5 1.184233168247715 19
0009 0006 1710136557782 -16.25 -64.5 1.000155473701438 19
0009 0009 1710136557783 -16.25 -65.0 5.485515297479052 19
0009 0014 1710136557783 -22.75 -64.5 2.423689644859313 19
0009 0012 1710136557783 -13.0 -63.5 5.013049214810275 19
0009 0013 1710136557784 -22.75 -64.5 6.037748381117884 19
0009 0004 1710136557784 100.875 -70.0 1.380582709097077 19
0009 0015 1710136557784 71.5625 -71.5 1.2333205534600555 19
0009 0011 1710136557784 17.6875 -74.5 5.638913376267617 19
0009 0007 1710136557785 -0.5625 -73.5 4.344233591292136 19
0009 0006 1710136557785 -29.25 -65.0 1.0062913968529805 19
0009 0015 1710136557786 32.5 -71.0 1.1596894756415448 19
0009 0004 1710136557786 -117.125 -70.0 1.6014759425526093 19
0009 0009 1710136557787 -107.375 -65.5 5.583690067903734 19
0009 0014 1710136557787 0.0 -64.0 2.4605051837685683 19
0009 0012 1710136557787 -45.5625 -63.0 5.0682725231741586 19
0009 0013 1710136557788 -71.5625 -64.5 6.135923151542564 19
0009 0011 1710136557832 0.0 -74.0 5.749359992995383 19
0009 0007 1710136557833 -16.4375 -73.5 4.448544284868359 19
0009 0006 1710136558011 3.25 -65.0 1.000155473701438 19
0009 0013 1710136558011 -69.125 -64.5 6.074563920027139 19
0009 0012 1710136558012 52.0625 -63.0 4.914874444385594 19
0009 0004 1710136558012 -32.5 -70.0 1.4971652489763858 19
0009 0009 1710136558012 -39.0 -64.5 5.460971604872882 19
0009 0014 1710136558013 -29.25 -64.5 2.429825568010856 19
0009 0015 1710136558013 120.4375 -71.0 1.0737865515199487 19
0009 0011 1710136558013 4.25 -74.5 5.8045833013592665 19
0009 0007 1710136558014 -4.5625 -73.5 1.3621749396424494 19
0009 0004 1710136558014 39.0 -70.0 1.521708941582556 19
0009 0014 1710136558014 68.3125 -64.5 2.3071071049800045 19
0009 0015 1710136558015 52.0625 -71.0 1.2701360923693108 19
0009 0013 1710136558015 38.1875 -64.5 5.9088939949354895 19
0009 0012 1710136558016 -91.125 -63.0 5.105088062083414 19
0009 0006 1710136558016 -13.0 -65.5 1.012427320004523 19
0009 0009 1710136558016 61.8125 -65.0 5.3627968344482015 19
0009 0011 1710136558067 5.4375 -74.5 5.602097837358362 19
0009 0007 1710136558255 5.625 -74.0 4.399456899656019 19
0009 0006 1710136558255 19.5 -64.5 0.9756117810952678 19
0009 0012 1710136558255 -22.75 -63.0 4.994641445355648 19
0009 0013 1710136558256 -65.875 -64.5 6.062292073724054 19
0009 0014 1710136558256 -107.375 -64.5 2.5770877236478773 19
0009 0009 1710136558256 45.5625 -65.5 5.387340527054372 19
0009 0004 1710136558257 -39.0 -69.5 1.564660403643354 19
0009 0015 1710136558257 100.875 -72.0 1.1228739367322893 19
0009 0011 1710136558257 -7.875 -74.5 5.8659425328746915 19
0009 0007 1710136558258 1.5 -74.0 4.442408361716817 19
0009 0014 1710136558258 9.75 -64.5 2.429825568010856 19
0009 0012 1710136558258 45.5625 -63.5 4.921010367537137 19
0009 0015 1710136558260 -120.4375 -71.5 1.3744467859455345 19
0009 0013 1710136558260 120.4375 -64.0 5.835262917116979 19
0009 0006 1710136558260 -16.25 -64.5 1.0246991663076084 19
0009 0004 1710136558261 35.75 -71.0 1.423534171157875 19
0009 0009 1710136558261 13.0 -65.5 5.442563835418255 19
0009 0011 1710136558327 18.25 -74.5 2.478912953223196 19
0009 0007 1710136558327 5.4375 -73.5 1.1965050145508 19
0009 0009 1710136558490 45.5625 -65.0 5.405748296509 19
0009 0014 1710136558490 71.5625 -64.0 2.325514874434632 19
0009 0004 1710136558491 13.0 -71.5 1.4542137869155878 19
0009 0012 1710136558491 3.25 -63.0 4.97623367590102 19
0009 0013 1710136558491 -34.9375 -64.5 5.982525072754001 19
0009 0006 1710136558492 -22.75 -65.0 1.0676506283684062 19
0009 0015 1710136558492 -156.1875 -71.5 1.423534171157875 19
0009 0011 1710136558492 6.6875 -74.5 5.724816300389213 19
0009 0007 1710136558493 3.5 -73.5 4.399456899656019 19
0009 0004 1710136558493 -16.25 -70.0 1.41126232485479 19
0009 0014 1710136558493 -3.25 -65.0 2.405281875404685 19
0009 0006 1710136558494 29.25 -64.5 0.9817477042468103 19
0009 0012 1710136558494 35.75 -63.0 4.878058905476339 19
0009 0015 1710136558495 48.8125 -72.0 1.1658253987930873 19
0009 0009 1710136558495 -68.3125 -64.5 5.583690067903734 19
0009 0013 1710136558495 -45.5625 -64.0 6.013204688511713 19
0009 0011 1710136558566 10.375 -74.5 2.552544031041707 19
0009 0007 1710136558566 4.0625 -74.0 4.362641360746763 19
0009 0015 1710136558726 -13.0 -72.0 1.2640001692177683 19
0009 0012 1710136558726 -61.8125 -63.0 5.080544369477243 19
0009 0013 1710136558726 -19.5 -64.0 6.000932842208628 19
0009 0004 1710136558726 -61.8125 -70.0 1.5953400194010667 19
0009 0006 1710136558727 6.5 -64.5 1.0062913968529805 19
0009 0009 1710136558727 -87.875 -65.0 5.620505606812989 19
0009 0014 1710136558727 9.75 -63.5 2.386874105950058 19
0009 0011 1710136558728 -1.1875 -74.5 5.773903685601553 19
0009 0007 1710136558728 -0.25 -74.0 1.239456476611598 19
0009 0004 1710136558728 -136.6875 -70.5 1.6321555583103222 19
0009 0014 1710136558729 -74.8125 -64.5 2.5157284921324514 19
0009 0006 1710136558729 -19.5 -65.0 1.000155473701438 19
0009 0013 1710136558730 -73.1875 -64.5 6.019340611663256 19
0009 0015 1710136558730 117.125 -72.0 1.1474176293384597 19
0009 0009 1710136558730 -107.375 -65.5 5.675728915176872 19
0009 0012 1710136558731 -13.0 -63.0 4.994641445355648 19
0009 0011 1710136558821 2.4375 -74.5 2.650718801466388 19
0009 0007 1710136558821 8.1875 -73.5 4.319689898685965 19
0009 0004 1710136558965 -42.3125 -69.0 1.5033011721279284 19
0009 0013 1710136558965 -26.0 -64.0 5.988660995905543 19
0009 0012 1710136558966 45.5625 -63.0 4.841243366567084 19
0009 0006 1710136558967 39.0 -64.5 0.9572040116406401 19
0009 0009 1710136558967 -78.0625 -65.0 5.589825991055276 19
0009 0015 1710136558967 -6.5 -73.0 1.2517283229146832 19
0009 0014 1710136558968 39.0 -64.5 2.313243028131547 19
0009 0011 1710136558968 0.0 -74.5 5.780039608753096 19
0009 0007 1710136558968 -4.0625 -74.0 4.424000592262189 19
0009 0009 1710136558969 -19.5 -65.0 5.5284667595398505 19
0009 0014 1710136558969 29.25 -64.5 2.386874105950058 19
0009 0006 1710136558969 0.0 -64.5 0.9940195505498954 19
0009 0013 1710136558970 30.875 -64.0 5.927301764390117 19
0009 0004 1710136558970 -29.25 -70.0 1.4848934026733007 19
0009 0012 1710136558971 13.0 -63.5 4.95168998329485 19
0009 0015 1710136558971 107.375 -73.0 1.1167380135807468 19
0009 0011 1710136559067 12.1875 -75.0 2.429825568010856 19
0009 0007 1710136559067 3.3125 -74.0 1.3069516312785663 19
0009 0014 1710136559206 -48.8125 -64.0 2.4850488763747385 19
0009 0015 1710136559206 42.3125 -71.0 1.227184630308513 19
0009 0009 1710136559206 -3.25 -65.0 5.5284667595398505 19
0009 0013 1710136559207 -17.0625 -64.0 5.9518454569962875 19
0009 0006 1710136559207 29.25 -64.5 0.9817477042468103 19
0009 0012 1710136559207 -9.75 -63.0 5.006913291658733 19
0009 0004 1710136559208 -221.3125 -69.5 1.8162332528565992 19
0009 0011 1710136559208 13.375 -74.5 2.521864415283994 19
0009 0007 1710136559208 6.0625 -73.5 4.331961744989051 19
0009 0009 1710136559209 -48.8125 -64.5 5.620505606812989 19
0009 0013 1710136559209 16.25 -64.0 5.927301764390117 19
0009 0012 1710136559209 29.25 -63.0 4.92714629068868 19
0009 0014 1710136559210 39.0 -64.0 2.405281875404685 19
0009 0006 1710136559210 26.0 -64.5 0.9633399347921826 19
0009 0004 1710136559210 29.25 -69.5 1.4480778637640452 19
0009 0015 1710136559211 -16.25 -71.5 1.239456476611598 19
0009 0011 1710136559317 -3.625 -74.5 5.700272607783043 19
0009 0007 1710136559317 1.1875 -73.5 4.405592822807561 19
0009 0004 1710136559454 97.625 -69.5 1.368310862793992 19
0009 0006 1710136559454 55.3125 -64.5 0.9510680884890975 19
0009 0015 1710136559454 130.1875 -71.0 1.184233168247715 19
0009 0014 1710136559455 -42.3125 -64.5 2.4911847995262812 19
0009 0012 1710136559455 -42.3125 -62.5 4.970097752749477 19
0009 0009 1710136559455 9.75 -64.5 5.448699758569798 19
0009 0013 1710136559456 -76.4375 -64.0 6.056156150572511 19
0009 0011 1710136559456 -1.1875 -75.0 5.700272607783043 19
0009 0007 1710136559456 1.8125 -74.0 1.2762720155208536 19
0009 0013 1710136559457 -73.1875 -64.0 6.092971689481767 19
0009 0012 1710136559457 13.0 -63.0 4.933282213840222 19
0009 0006 1710136559457 -13.0 -64.0 0.9572040116406401 19
0009 0004 1710136559458 0.0 -68.5 1.4910293258248433 19
0009 0014 1710136559458 39.0 -64.5 2.380738182798515 19
0009 0009 1710136559459 -22.75 -64.0 5.5714182216006485 19
0009 0015 1710136559459 -133.4375 -72.0 1.2517283229146832 19
0009 0007 1710136559568 -2.4375 -74.0 1.2701360923693108 19
0009 0011 1710136559569 3.0 -74.5 5.743224069843841 19
0009 0009 1710136559569 -117.125 -64.0 5.755495916146925 19
0009 0014 1710136559569 -16.25 -64.5 2.4605051837685683 19
0009 0013 1710136559569 58.5625 -64.0 5.841398840268521 19
0009 0006 1710136559570 48.8125 -65.0 0.9878836273983529 19
0009 0012 1710136559570 -48.8125 -63.0 5.006913291658733 19
0009 0004 1710136559570 9.75 -69.5 1.4726215563702154 19
0009 0015 1710136559571 71.5625 -72.5 1.0799224746714913 19
0009 0011 1710136559799 -7.875 -74.5 2.6384469551633027 19
0009 0007 1710136559799 -3.0 -73.5 4.344233591292136 19
0009 0014 1710136559799 13.0 -64.0 2.3746022596469727 19
0009 0009 1710136559800 -65.0625 -65.0 5.632777453116074 19
0009 0013 1710136559800 -24.375 -64.0 5.902758071783947 19
0009 0006 1710136559800 9.75 -64.5 0.9756117810952678 19
0009 0012 1710136559801 -6.5 -63.0 4.994641445355648 19
0009 0004 1710136559801 -104.125 -70.0 1.6566992509164924 19
0009 0015 1710136559801 -28.4375 -72.5 4.414796707534875 19
0009 0011 1710136559802 9.125 -74.5 2.3930100291016 19
0009 0007 1710136559802 3.0 -74.0 1.2210487071569704 19
0009 0015 1710136559802 -65.0625 -71.0 1.1903690913992575 19
0009 0013 1710136559803 65.0625 -64.0 5.872078456026235 19
0009 0014 1710136559803 -65.0625 -64.0 2.5034566458293663 19
0009 0009 1710136559804 -61.8125 -64.5 5.651185222570702 19
0009 0004 1710136559804 -74.8125 -71.5 1.5278448647340985 19
0009 0012 1710136559804 -48.8125 -62.5 5.043728830567988 19
0009 0006 1710136559805 -61.8125 -64.5 1.0492428589137786 19
0009 0011 1710136560055 11.5625 -74.5 2.405281875404685 19
0009 0007 1710136560055 -13.375 -74.0 4.442408361716817 19
0009 0008 1710136560055 1.4375 -75.5 1.6566992509164924 19
0009 0013 1710136560055 59.375 -65.0 5.8659425328746915 19
0009 0014 1710136560056 42.3125 -64.5 2.356194490192345 19
0009 0006 1710136560056 22.75 -64.0 0.9694758579437253 19
0009 0015 1710136560056 68.3125 -72.5 1.0492428589137786 19
0009 0004 1710136560057 29.25 -70.0 1.4542137869155878 19
0009 0012 1710136560057 -22.75 -63.0 5.013049214810275 19
0009 0009 1710136560057 29.25 -64.5 5.47937937432751 19
0009 0011 1710136560058 19.5 -74.5 5.540738605842936 19
0009 0007 1710136560058 10.375 -74.0 1.1903690913992575 19
0009 0008 1710136560058 5.3125 -75.0 1.6444274046134073 19
0009 0008 1710136560059 -5.0 -75.5 1.761009944492716 19
0009 0014 1710136560059 -22.75 -64.0 2.5280003384355365 19
0009 0015 1710136560059 -35.75 -72.0 1.1474176293384597 19
0009 0006 1710136560059 -6.5 -64.0 1.030835089459151 19
0009 0013 1710136560060 -10.5625 -64.0 5.970253226450915 19
0009 0009 1710136560060 0.0 -64.5 5.460971604872882 19
0009 0004 1710136560060 94.375 -69.0 1.3192234775816514 19
0009 0012 1710136560061 -13.0 -63.5 4.963961829597935 19
0009 0011 1710136560303 9.125 -74.5 5.651185222570702 19
0009 0007 1710136560303 18.25 -73.5 4.289010282928253 19
0009 0008 1710136560304 -1.4375 -75.0 1.6382914814618648 19
0009 0006 1710136560304 16.25 -64.5 0.9940195505498954 19
0009 0009 1710136560304 -84.625 -65.0 5.632777453116074 19
0009 0013 1710136560305 52.0625 -63.5 5.816855147662351 19
0009 0004 1710136560305 13.0 -69.5 1.5155730184310134 19
0009 0012 1710136560305 19.5 -63.0 4.921010367537137 19
0009 0014 1710136560306 -26.0 -64.5 2.466641106920111 19
0009 0015 1710136560306 -68.3125 -71.5 1.4296700943094176 19
0009 0007 1710136560306 24.375 -73.5 1.1228739367322893 19
0009 0011 1710136560306 4.25 -74.5 2.4850488763747385 19
0009 0008 1710136560307 -5.5625 -75.0 1.8530487917658545 19
0009 0014 1710136560307 26.0 -64.0 2.380738182798515 19
0009 0013 1710136560307 3.25 -64.0 5.970253226450915 19
0009 0009 1710136560308 -61.8125 -65.0 5.700272607783043 19
0009 0012 1710136560308 35.75 -62.5 4.859651136021712 19
0009 0006 1710136560308 6.5 -64.5 0.9878836273983529 19
0009 0015 1710136560309 -100.875 -71.0 1.2946797849754812 19
0009 0004 1710136560309 0.0 -70.5 1.4971652489763858 19
0009 0007 1710136560567 -3.9375 -73.5 1.227184630308513 19
0009 0011 1710136560567 7.3125 -74.5 5.688000761479957 19
0009 0008 1710136560567 -1.4375 -75.0 1.736466251886546 19
0009 0014 1710136560568 22.75 -64.0 2.3623304133438876 19
0009 0006 1710136560568 22.75 -64.5 0.9694758579437253 19
0009 0013 1710136560568 -65.875 -64.0 5.964117303299373 19
0009 0004 1710136560569 45.5625 -69.0 1.3069516312785663 19
0009 0012 1710136560569 6.5 -63.5 4.9394181369917645 19
0009 0009 1710136560569 -71.5625 -64.5 5.6573211457222445 19
0009 0015 1710136560570 9.75 -72.0 1.2701360923693108 19
0009 0007 1710136560570 -1.1875 -73.5 1.184233168247715 19
0009 0011 1710136560570 15.25 -74.5 2.350058567040802 19
0009 0008 1710136560734 -2.125 -75.0 1.7426021750380885 19
0009 0015 1710136560734 -39.0 -70.5 1.2333205534600555 19
0009 0014 1710136560734 -74.8125 -64.5 2.5464081078901644 19
0009 0013 1710136560735 0.0 -63.5 5.93343768754166 19
0009 0012 1710136560735 -74.8125 -63.5 5.092816215780329 19
0009 0009 1710136560735 -42.3125 -64.5 5.64504929941916 19
0009 0004 1710136560736 39.0 -69.5 1.3989904785517047 19
0009 0006 1710136560736 6.5 -64.0 0.9940195505498954 19
0009 0011 1710136560736 -3.625 -74.5 5.700272607783043 19
0009 0007 1710136560736 10.9375 -73.5 4.331961744989051 19
0009 0008 1710136560737 1.4375 -75.0 1.6873788666742053 19
0009 0014 1710136560737 42.3125 -64.0 2.3439226438892597 19
0009 0004 1710136560738 -35.75 -71.0 1.5585244804918115 19
0009 0015 1710136560738 -58.5625 -72.0 1.3560390164909069 19
0009 0013 1710136560739 13.0 -64.0 5.896622148632405 19
0009 0006 1710136560739 29.25 -64.5 0.9756117810952678 19
0009 0012 1710136560739 -32.5 -63.0 4.994641445355648 19
0009 0009 1710136560740 -19.5 -64.5 5.540738605842936 19
0009 0011 1710136560817 -0.5625 -74.5 2.4727770300716534 19
0009 0007 1710136560818 0.0 -73.0 1.1903690913992575 19
0009 0008 1710136561067 -3.125 -75.0 1.7671458676442586 19
0009 0004 1710136561067 22.75 -69.5 1.4419419406125027 19
0009 0013 1710136561068 -111.4375 -64.5 6.117515382087937 19
0009 0012 1710136561068 -22.75 -63.0 4.97623367590102 19
0009 0014 1710136561068 48.8125 -64.0 2.3071071049800045 19
0009 0009 1710136561068 -3.25 -64.5 5.491651220630596 19
0009 0006 1710136561069 -19.5 -64.5 1.012427320004523 19
0009 0015 1710136561069 -55.3125 -71.0 1.3499030933393643 19
0009 0007 1710136561069 18.25 -74.0 1.1719613219446299 19
0009 0011 1710136561070 -23.75 -74.0 2.5954954931025047 19
0009 0004 1710136561206 6.5 -69.5 1.4664856332186729 19
0009 0006 1710136561207 -26.0 -64.5 1.0369710126106935 19
0009 0009 1710136561207 26.0 -65.5 5.43029198911517 19
0009 0013 1710136561207 -65.0625 -64.0 6.025476534814799 19
0009 0014 1710136561208 29.25 -64.0 2.399145952253143 19
0009 0012 1710136561208 -26.0 -63.0 4.97623367590102 19
0009 0015 1710136561208 -257.125 -71.0 1.6198837120072371 19
0009 0011 1710136561209 15.8125 -74.0 5.608233760509904 19
0009 0007 1710136561209 -2.4375 -73.5 4.270602513473625 19
0009 0014 1710136561209 9.75 -65.0 2.3930100291016 19
0009 0009 1710136561210 6.5 -64.5 5.424156065963627 19
0009 0012 1710136561210 35.75 -63.0 4.896466674930966 19
0009 0013 1710136561211 3.25 -64.0 5.896622148632405 19
0009 0006 1710136561211 9.75 -64.5 0.9510680884890975 19
0009 0015 1710136561211 68.3125 -71.0 1.086058397823034 19
0009 0004 1710136561211 169.25 -70.0 1.2455923997631406 19
0009 0011 1710136561316 -4.25 -74.5 5.737088146692298 19
0009 0007 1710136561317 -14.0 -73.5 4.381049130201391 19
0009 0014 1710136561438 -84.625 -64.0 2.5402721847386216 19
0009 0012 1710136561438 -35.75 -62.5 4.957825906446392 19
0009 0013 1710136561438 -52.0625 -64.0 6.019340611663256 19
0009 0015 1710136561439 71.5625 -72.0 1.2578642460662257 19
0009 0009 1710136561439 19.5 -64.5 5.448699758569798 19
0009 0006 1710136561439 94.375 -64.0 0.8467573949128739 19
0009 0004 1710136561440 -126.9375 -69.5 1.6751070203711202 19
0009 0007 1710136561440 -7.875 -73.5 1.2578642460662257 19
0009 0011 1710136561440 7.3125 -74.0 5.583690067903734 19
0009 0004 1710136561441 -110.625 -70.0 1.5953400194010667 19
0009 0012 1710136561441 3.25 -62.5 4.988505522204105 19
0009 0009 1710136561441 9.75 -64.0 5.399612373357457 19
0009 0015 1710136561442 136.6875 -71.0 1.000155473701438 19
0009 0014 1710136561443 9.75 -64.0 2.423689644859313 19
0009 0006 1710136561444 29.25 -64.5 0.9387962421860124 19
0009 0013 1710136561444 26.0 -64.0 5.829126993965437 19
0009 0011 1710136561567 12.8125 -74.0 5.66959299202533 19
0009 0007 1710136561568 -0.5625 -73.5 4.356505437595221 19
0009 0013 1710136561568 -3.25 -64.0 5.939573610693203 19
0009 0014 1710136561568 84.625 -65.0 2.2886993355253766 19
0009 0004 1710136561568 52.0625 -70.5 1.4051264017032472 19
0009 0012 1710136561569 -65.0625 -63.0 5.056000676871073 19
0009 0009 1710136561569 29.25 -64.5 5.375068680751287 19
0009 0006 1710136561569 -9.75 -64.5 1.0246991663076084 19
0009 0015 1710136561570 84.625 -71.5 0.9940195505498954 19
0009 0011 1710136561570 -1.625 -74.0 5.672660953601101 19
0009 0007 1710136561774 -1.9375 -73.5 4.362641360746763 19
0009 0014 1710136561775 9.75 -64.5 2.380738182798515 19
0009 0015 1710136561775 231.0625 -73.5 1.0369710126106935 19
0009 0004 1710136561775 -3.25 -70.0 1.564660403643354 19
0009 0009 1710136561775 0.0 -64.5 5.356660911296659 19
0009 0006 1710136561776 29.25 -65.0 0.944932165337555 19
0009 0012 1710136561776 -45.5625 -62.5 5.031456984264903 19
0009 0013 1710136561776 -111.4375 -64.0 6.129787228391022 19
0009 0011 1710136561777 1.625 -74.0 5.801515339783495 19
0009 0007 1710136561777 -18.25 -73.5 4.485359823777615 19
0009 0009 1710136561777 26.0 -65.0 5.43029198911517 19
0009 0012 1710136561778 35.75 -63.0 4.865787059173254 19
0009 0014 1710136561778 -74.8125 -64.0 2.4727770300716534 19
0009 0013 1710136561779 39.0 -64.0 5.921165841238575 19
0009 0006 1710136561779 9.75 -64.5 1.000155473701438 19
0009 0004 1710136561779 -29.25 -69.5 1.509437095279471 19
0009 0015 1710136561780 13.0 -73.5 1.214912784005428 19
0009 0011 1710136561818 24.375 -74.5 5.605165798934133 19
0009 0007 1710136561819 -9.75 -73.5 1.282407938672396 19
0009 0014 1710136562001 -6.5 -64.5 2.4727770300716534 19
0009 0012 1710136562001 71.5625 -63.0 4.859651136021712 19
0009 0015 1710136562001 149.6875 -71.5 1.0615147052168636 19
0009 0009 1710136562001 -42.3125 -65.0 5.418020142812084 19
0009 0013 1710136562002 -3.25 -64.0 5.93343768754166 19
0009 0004 1710136562002 -29.25 -70.0 1.564660403643354 19
0009 0006 1710136562002 58.5625 -65.0 0.8774370106705868 19
0009 0011 1710136562003 8.9375 -73.5 5.660389107298016 19
0009 0007 1710136562003 6.0625 -73.5 4.325825821837508 19
0009 0014 1710136562003 35.75 -64.0 2.36846633649543 19
0009 0009 1710136562004 -22.75 -65.5 5.460971604872882 19
0009 0012 1710136562004 -68.3125 -63.0 5.0253210611133605 19
0009 0015 1710136562005 227.8125 -72.0 0.944932165337555 19
0009 0004 1710136562006 71.5625 -71.0 1.337631247036279 19
0009 0013 1710136562006 -13.8125 -63.5 5.921165841238575 19
0009 0006 1710136562006 19.5 -64.0 0.9633399347921826 19
0009 0011 1710136562066 37.375 -74.0 5.688000761479957 19
0009 0007 1710136562066 3.0 -73.5 1.1474176293384597 19
0009 0015 1710136562227 208.3125 -72.0 0.944932165337555 19
0009 0009 1710136562227 42.3125 -65.0 5.368932757599744 19
0009 0014 1710136562228 42.3125 -64.5 2.386874105950058 19
0009 0013 1710136562228 17.0625 -64.5 5.93343768754166 19
0009 0012 1710136562228 71.5625 -63.0 4.853515212870168 19
0009 0006 1710136562229 19.5 -65.0 0.9878836273983529 19
0009 0011 1710136562229 55.3125 -73.0 2.36846633649543 19
0009 0011 1710136562229 1.625 -74.0 5.826059032389665 19
0009 0007 1710136562230 -14.0 -73.5 4.424000592262189 19
0009 0006 1710136562230 48.8125 -64.5 0.9203884727313847 19
0009 0009 1710136562230 -65.0625 -64.5 5.540738605842936 19
0009 0015 1710136562231 6.5 -71.0 1.2455923997631406 19
0009 0012 1710136562231 32.5 -63.5 4.890330751779424 19
0009 0014 1710136562232 42.3125 -64.5 2.325514874434632 19
0009 0013 1710136562232 17.0625 -63.5 5.939573610693203 19
0009 0004 1710136562232 42.3125 -70.5 1.4051264017032472 19
0009 0011 1710136562312 -2.4375 -74.0 2.521864415283994 19
0009 0007 1710136562312 4.875 -73.5 4.325825821837508 19
