0000 0003 1710143337270 -35.75 -61.0 4.479223900626073 3
0000 0002 1710143337278 -61.8125 -63.5 2.270291566070749 3
0000 0004 1710143337279 29.25 -57.5 0.3436116964863836 3
0000 0006 1710143337279 -42.3125 -63.5 4.957825906446392 3
0000 0007 1710143337280 -39.0 -61.5 4.252194744018997 3
0000 0005 1710143337280 16.25 -58.0 4.061981126321178 3
0000 0008 1710143337281 -65.0625 -59.0 4.049709280018092 3
0000 0015 1710143337281 61.8125 -60.5 2.5341362615870793 3
0000 0000 1710143337282 -68.3125 -61.0 3.865631585471816 3
0000 0003 1710143337282 -45.5625 -61.0 4.485359823777615 3
0000 0005 1710143337283 -42.3125 -57.5 4.166291819897402 3
0000 0006 1710143337283 9.75 -63.5 4.896466674930966 3
0000 0015 1710143337284 -3.25 -60.5 2.650718801466388 3
0000 0002 1710143337284 39.0 -63.5 2.110757564130642 3
0000 0007 1710143337285 -26.0 -61.0 4.1601558967458585 3
0000 0000 1710143337285 -16.25 -61.0 3.767456815047135 3
0000 0008 1710143337285 13.0 -59.0 3.9760782021995817 3
0000 0004 1710143337286 -16.25 -58.0 0.4295146206079795 3
0000 0000 1710143337358 -42.3125 -61.5 4.0128937411088375 3
0000 0005 1710143337359 -13.0 -56.5 4.154019973594316 3
0000 0002 1710143337360 61.8125 -63.5 2.2580197197676637 3
0000 0003 1710143337361 6.5 -62.0 4.595806440505381 3
0000 0007 1710143337362 16.25 -60.0 4.325825821837508 3
0000 0008 1710143337363 -13.0 -58.0 4.135612204139688 3
0000 0006 1710143337364 -65.0625 -62.0 5.056000676871073 3
0000 0004 1710143337365 26.0 -59.5 0.6381360077604268 3
0000 0015 1710143337366 -35.75 -60.5 2.60776733940559 3
0000 0014 1710143337580 -1.9375 -75.5 6.22182607566416 3
0000 0011 1710143337581 3.375 -78.5 4.368777283898306 3
0000 0003 1710143337582 -19.5 -60.5 5.706408530934585 3
0000 0015 1710143337583 13.0 -60.0 2.2518837966161214 3
0000 0004 1710143337584 -3.25 -62.5 1.8223691760081417 3
0000 0000 1710143337585 -42.3125 -62.5 4.9394181369917645 3
0000 0008 1710143337586 26.0 -59.0 4.693981210930062 3
0000 0007 1710143337587 22.75 -56.5 4.865787059173254 3
0000 0005 1710143337589 0.0 -55.5 4.295146206079795 3
0000 0006 1710143337590 -26.0 -62.0 5.221670601962723 3
0000 0002 1710143337591 -68.3125 -64.5 3.3440781175906977 3
0000 0011 1710143337592 201.8125 -74.0 1.533980787885641 3
0000 0014 1710143337594 126.9375 -71.5 6.117515382087937 3
0000 0002 1710143337596 16.25 -68.5 5.086680292628786 3
0000 0003 1710143337597 32.5 -57.0 0.8467573949128739 3
0000 0014 1710143337598 -9.75 -70.0 0.5829126993965437 3
0000 0007 1710143337599 -13.0 -56.5 5.681864838328415 3
0000 0005 1710143337600 -156.1875 -63.5 5.5100589900852235 3
0000 0015 1710143337600 3.25 -57.5 1.9941750242513334 3
0000 0011 1710143337601 -110.625 -70.5 3.9822141253511245 3
0000 0000 1710143337602 16.25 -64.5 1.3314953238847365 3
0000 0004 1710143337603 -71.5625 -63.5 4.387185053352934 3
0000 0008 1710143337605 -8.9375 -66.0 6.013204688511713 3
0000 0006 1710143337858 15.8125 -72.0 2.098485717827557 3
0000 0001 1710143337859 2.25 -78.5 4.196971435655114 3
0000 0003 1710143337859 -9.75 -58.0 2.8409324191642074 3
0000 0008 1710143337861 -16.25 -56.0 3.718369429834794 3
0000 0002 1710143337861 0.0 -64.0 1.6566992509164924 3
0000 0015 1710143337862 13.0 -57.5 1.6321555583103222 3
0000 0014 1710143337863 87.875 -68.5 1.1965050145508 3
0000 0005 1710143337864 6.5 -55.5 2.767301341345697 3
0000 0007 1710143337865 -13.0 -57.5 2.9206994201342606 3
0000 0006 1710143337866 -9.75 -59.5 3.5833791205008576 3
0000 0000 1710143337867 -26.0 -61.5 3.749049045592507 3
0000 0004 1710143337868 71.5625 -62.5 0.9142525495798421 3
0000 0011 1710143337869 -4.5625 -76.5 6.007068765360171 3
0000 0001 1710143337870 -0.25 -78.0 5.491651220630596 3
0000 0006 1710143338020 -9.75 -64.0 5.810719224510809 3
0000 0003 1710143338020 26.0 -54.5 4.896466674930966 3
0000 0007 1710143338021 -26.0 -62.5 4.577398671050753 3
0000 0015 1710143338022 19.5 -58.5 1.2701360923693108 3
0000 0004 1710143338023 -22.75 -59.0 2.8409324191642074 3
0000 0010 1710143338024 0.0 -66.0 3.2643111166206444 3
0000 0000 1710143338025 39.0 -59.5 0.5460971604872883 3
0000 0008 1710143338026 45.5625 -61.0 2.030990563160589 3
0000 0005 1710143338026 -6.5 -60.0 4.95168998329485 3
0000 0014 1710143338027 45.5625 -65.5 1.4296700943094176 3
0000 0009 1710143338028 -42.3125 -70.5 0.4049709280018093 3
0000 0002 1710143338029 -4.875 -70.5 1.8499808301900833 3
0000 0001 1710143338030 0.5625 -77.5 0.006135923151542565 3
0000 0011 1710143338031 2.875 -75.0 6.074563920027139 3
0000 0007 1710143338032 13.0 -57.0 1.5155730184310134 3
0000 0010 1710143338033 -74.8125 -69.0 5.994796919057086 3
0000 0003 1710143338034 -6.5 -59.0 0.1349903093339364 3
0000 0004 1710143338035 3.25 -59.0 4.608078286808466 3
0000 0009 1710143338036 0.0 -71.5 4.4976316700806995 3
0000 0008 1710143338037 -3.25 -59.0 3.8717675086233583 3
0000 0005 1710143338038 -6.5 -53.5 0.6872233929727672 3
0000 0015 1710143338038 32.5 -61.0 1.0369710126106935 3
0000 0006 1710143338039 6.5 -60.5 1.846912868614312 3
0000 0000 1710143338040 6.5 -59.5 2.0923497946760143 3
0000 0014 1710143338042 48.8125 -64.0 1.4542137869155878 3
0000 0002 1710143338043 -22.75 -66.0 5.780039608753096 3
0000 0011 1710143338043 45.5625 -72.0 0.35588354278946877 3
0000 0001 1710143338116 0.0 -76.5 0.06135923151542565 3
0000 0012 1710143338117 29.25 -77.5 0.7547185476397354 3
0000 0007 1710143338279 -3.25 -56.5 2.3746022596469727 3
0000 0005 1710143338279 3.25 -56.0 1.521708941582556 3
0000 0003 1710143338280 -3.25 -57.5 0.9940195505498954 3
0000 0011 1710143338281 -123.6875 -71.0 2.0493983326152168 3
0000 0002 1710143338282 100.875 -67.5 6.2034183062095325 3
0000 0006 1710143338283 9.75 -63.5 3.454524734318464 3
0000 0008 1710143338284 -16.25 -55.5 0.07976700097005335 3
0000 0010 1710143338284 19.5 -65.0 1.6382914814618648 3
0000 0014 1710143338285 19.5 -63.0 1.4419419406125027 3
0000 0000 1710143338286 -6.5 -59.0 3.393165502803038 3
0000 0004 1710143338287 13.0 -57.5 5.540738605842936 3
0000 0015 1710143338288 48.8125 -67.0 0.3190680038802134 3
0000 0009 1710143338289 -34.9375 -66.0 6.14819499784565 3
0000 0013 1710143338289 188.75 -74.5 5.203262832508095 3
0000 0012 1710143338290 -7.3125 -75.5 0.2638446955163303 3
0000 0008 1710143338291 16.25 -52.0 0.4479223900626072 3
0000 0014 1710143338292 29.25 -62.0 1.1228739367322893 3
0000 0013 1710143338293 29.25 -71.5 4.878058905476339 3
0000 0000 1710143338293 0.0 -58.0 3.399301425954581 3
0000 0007 1710143338294 0.0 -59.5 3.749049045592507 3
0000 0005 1710143338295 48.8125 -57.5 2.4605051837685683 3
0000 0012 1710143338296 3.25 -73.5 6.154330920997192 3
0000 0003 1710143338297 0.0 -57.5 0.803805932852076 3
0000 0006 1710143338298 -6.5 -62.5 4.319689898685965 3
0000 0004 1710143338300 22.75 -57.5 5.706408530934585 3
0000 0002 1710143338301 -68.3125 -67.5 0.1718058482431918 3
0000 0010 1710143338302 -16.25 -66.5 1.9389517158874505 3
0000 0009 1710143338303 34.9375 -68.0 0.5767767762450011 3
0000 0011 1710143338303 71.5625 -70.5 3.356349963893783 3
0000 0007 1710143338512 0.0 -60.0 3.9269908169872414 3
0000 0005 1710143338512 -13.8125 -58.0 2.4175537217077703 3
0000 0006 1710143338513 -22.75 -62.5 4.325825821837508 3
0000 0003 1710143338514 -6.5 -56.5 0.380427235395639 3
0000 0002 1710143338515 123.6875 -67.5 5.534602682691394 3
0000 0014 1710143338516 -58.5625 -61.0 0.9572040116406401 3
0000 0013 1710143338516 22.75 -69.0 5.0682725231741586 3
0000 0008 1710143338517 -6.5 -52.0 0.3865631585471816 3
0000 0011 1710143338518 -58.5625 -68.5 3.5158839658338894 3
0000 0009 1710143338518 -107.375 -69.5 1.141281706186917 3
0000 0004 1710143338519 -9.75 -57.5 5.405748296509 3
0000 0000 1710143338520 -13.0 -58.0 2.8961557275280905 3
0000 0010 1710143338521 -166.0 -68.5 2.1598449493429825 3
0000 0012 1710143338521 94.375 -73.0 5.411884219660542 3
0000 0003 1710143338522 9.75 -57.0 6.154330920997192 3
0000 0013 1710143338523 -9.75 -69.5 5.031456984264903 3
0000 0008 1710143338524 13.0 -52.5 0.19634954084936207 3
0000 0012 1710143338524 -133.4375 -70.5 6.209554229361076 3
0000 0014 1710143338525 29.25 -61.0 0.7179030087304801 3
0000 0005 1710143338526 -41.5 -59.0 1.9819031779482483 3
0000 0000 1710143338526 9.75 -58.5 2.399145952253143 3
0000 0010 1710143338527 -71.5625 -69.0 2.1230294104337273 3
0000 0004 1710143338528 3.25 -57.5 5.037592907416445 3
0000 0011 1710143338529 100.875 -68.5 2.9820586516496865 3
0000 0006 1710143338529 -13.0 -62.5 4.178563666200486 3
0000 0009 1710143338530 59.375 -69.0 1.0185632431560658 3
0000 0007 1710143338531 -16.25 -61.0 3.663146121470911 3
0000 0002 1710143338532 -65.0625 -66.0 5.350524988145116 3
0000 0006 1710143338751 -71.5625 -62.5 4.221515128261284 3
0000 0007 1710143338752 -42.3125 -61.5 3.2827188860752723 3
0000 0014 1710143338753 0.0 -60.5 0.6381360077604268 3
0000 0004 1710143338753 -3.25 -57.5 4.7860200582032 3
0000 0005 1710143338754 16.25 -60.5 1.4358060174609601 3
0000 0008 1710143338755 0.0 -53.5 6.270913460876501 3
0000 0000 1710143338755 3.25 -58.5 1.9082721001297376 3
0000 0002 1710143338756 -3.25 -65.0 4.878058905476339 3
0000 0003 1710143338757 0.0 -56.5 5.620505606812989 3
0000 0011 1710143338758 3.25 -68.0 2.9084275738311756 3
0000 0010 1710143338758 68.3125 -69.5 1.761009944492716 3
0000 0012 1710143338759 -107.375 -69.0 0.018407769454627694 3
0000 0009 1710143338760 -21.125 -69.5 1.1044661672776617 3
0000 0013 1710143338760 -0.9375 -73.0 4.779884135051658 3
0000 0003 1710143338761 -35.75 -56.5 5.21553467881118 3
0000 0010 1710143338762 221.3125 -71.0 1.8039614065535141 3
0000 0000 1710143338763 39.0 -59.5 1.4419419406125027 3
0000 0005 1710143338764 -3.25 -61.5 1.1658253987930873 3
0000 0011 1710143338764 -45.5625 -68.0 2.890019804376548 3
0000 0008 1710143338765 16.25 -53.0 5.970253226450915 3
0000 0007 1710143338766 -22.75 -62.0 2.8716120349219203 3
0000 0004 1710143338767 0.0 -56.5 4.454680208019902 3
0000 0002 1710143338767 -22.75 -64.0 4.534447208989955 3
0000 0006 1710143338768 -16.25 -62.5 4.080388895775806 3
0000 0009 1710143338769 84.625 -67.5 1.1106020904292042 3
0000 0012 1710143338770 13.0 -65.5 0.2270291566070749 3
0000 0014 1710143338770 -16.25 -60.5 0.4356505437595221 3
0000 0013 1710143338856 -2.4375 -72.0 4.76147636559703 3
0000 0007 1710143338995 -29.25 -62.0 2.7857091108003242 3
0000 0004 1710143338995 -6.5 -56.5 4.301282129231338 3
0000 0005 1710143338996 35.75 -62.0 0.9203884727313847 3
0000 0014 1710143338997 -29.25 -61.0 0.5276893910326605 3
0000 0009 1710143338997 -62.625 -67.5 1.3744467859455345 3
0000 0002 1710143338998 29.25 -63.5 4.325825821837508 3
0000 0011 1710143338999 -104.125 -67.0 2.8961557275280905 3
0000 0003 1710143338999 -22.75 -56.5 4.865787059173254 3
0000 0008 1710143339000 -19.5 -53.0 5.8475347634200645 3
0000 0012 1710143339001 13.0 -63.5 0.4172427743048944 3
0000 0006 1710143339002 -13.0 -62.0 4.1172044346850605 3
0000 0000 1710143339002 22.75 -60.0 1.0676506283684062 3
0000 0010 1710143339003 -39.0 -70.5 1.9757672547967058 3
0000 0013 1710143339004 -20.125 -71.0 1.8285050991596843 3
0000 0008 1710143339005 16.25 -52.5 5.71868037723767 3
0000 0004 1710143339006 -9.75 -56.5 4.239922897715912 3
0000 0003 1710143339006 -52.0625 -57.5 4.743068596142402 3
0000 0000 1710143339007 22.75 -60.0 0.8958447801252144 3
0000 0002 1710143339008 -65.0625 -64.0 4.381049130201391 3
0000 0014 1710143339008 29.25 -61.0 0.380427235395639 3
0000 0005 1710143339009 0.0 -62.5 0.859029241215959 3
0000 0009 1710143339010 41.5 -66.0 1.2762720155208536 3
0000 0007 1710143339010 61.8125 -61.5 2.5770877236478773 3
0000 0011 1710143339011 42.3125 -68.5 2.767301341345697 3
0000 0013 1710143339013 -100.875 -69.0 5.178719139901925 3
0000 0006 1710143339013 22.75 -61.5 4.123340357836604 3
0000 0010 1710143339014 104.125 -68.5 1.8653206380689396 3
0000 0012 1710143339015 52.0625 -63.5 0.46019423636569234 3
0000 0000 1710143339236 -29.25 -59.5 0.8713010875190442 3
0000 0008 1710143339236 -29.25 -52.5 5.755495916146925 3
0000 0013 1710143339237 48.8125 -67.0 5.4671075280244255 3
0000 0014 1710143339238 39.0 -61.0 0.6135923151542565 3
0000 0004 1710143339238 -32.5 -56.5 4.239922897715912 3
0000 0012 1710143339239 87.875 -63.0 0.5522330836388308 3
0000 0003 1710143339240 0.0 -57.0 4.589670517353839 3
0000 0010 1710143339240 139.9375 -68.0 2.024854640009046 3
0000 0011 1710143339241 87.875 -68.0 3.2336315008629315 3
0000 0009 1710143339242 24.375 -65.0 1.4419419406125027 3
0000 0005 1710143339242 9.75 -62.5 0.9387962421860124 3
0000 0007 1710143339243 -3.25 -61.0 2.730485802436441 3
0000 0002 1710143339244 42.3125 -62.5 4.129476280988146 3
0000 0006 1710143339245 -52.0625 -62.0 4.2092432819582 3
0000 0000 1710143339245 9.75 -60.0 0.7853981633974483 3
0000 0005 1710143339246 13.0 -61.5 1.043106935762236 3
0000 0008 1710143339247 6.5 -52.0 5.675728915176872 3
0000 0003 1710143339247 26.0 -57.5 4.577398671050753 3
0000 0012 1710143339248 13.0 -62.5 0.8344855486097889 3
0000 0002 1710143339249 -32.5 -63.0 4.147884050442774 3
0000 0013 1710143339249 -32.5 -66.0 5.853670686571607 3
0000 0014 1710143339250 29.25 -60.5 0.6749515466696822 3
0000 0007 1710143339251 6.5 -61.0 2.8409324191642074 3
0000 0004 1710143339252 -3.25 -56.0 4.1601558967458585 3
0000 0009 1710143339253 21.125 -64.5 1.509437095279471 3
0000 0006 1710143339253 -16.25 -61.0 4.227651051412827 3
0000 0010 1710143339254 -55.3125 -68.5 2.2641556429192065 3
0000 0011 1710143339255 19.5 -68.0 3.454524734318464 3
0000 0014 1710143339358 6.5 -61.0 0.7179030087304801 3
0000 0005 1710143339359 22.75 -61.5 1.0921943209745766 3
0000 0006 1710143339360 0.0 -61.5 4.252194744018997 3
0000 0007 1710143339360 -3.25 -61.5 3.0127382674073995 3
0000 0012 1710143339361 45.5625 -62.5 0.8774370106705868 3
0000 0008 1710143339362 -13.0 -52.0 5.71868037723767 3
0000 0002 1710143339363 -6.5 -63.0 4.135612204139688 3
0000 0004 1710143339363 -9.75 -56.0 4.196971435655114 3
0000 0009 1710143339364 59.375 -63.5 1.5830681730979816 3
0000 0013 1710143339365 -45.5625 -66.0 6.068427996875596 3
0000 0000 1710143339366 3.25 -60.0 0.8406214717613314 3
0000 0011 1710143339373 22.75 -68.0 3.6263305825616556 3
0000 0010 1710143339374 84.625 -69.5 2.12916533358527 3
0000 0003 1710143339375 -26.0 -57.0 4.73693267299086 3
0000 0003 1710143339579 9.75 -57.0 4.6878452877785195 3
0000 0009 1710143339580 21.125 -63.0 1.521708941582556 3
0000 0005 1710143339581 13.0 -61.0 1.1535535524900022 3
0000 0012 1710143339581 61.8125 -61.0 1.0615147052168636 3
0000 0010 1710143339582 -91.125 -69.0 2.405281875404685 3
0000 0013 1710143339583 -13.0 -65.5 6.209554229361076 3
0000 0008 1710143339583 6.5 -52.0 5.706408530934585 3
0000 0004 1710143339584 6.5 -56.0 4.227651051412827 3
0000 0000 1710143339585 -13.0 -60.0 0.8835729338221293 3
0000 0011 1710143339585 -81.375 -68.0 3.77972866135022 3
0000 0002 1710143339586 6.5 -63.0 4.080388895775806 3
0000 0014 1710143339587 13.0 -61.0 0.7547185476397354 3
0000 0007 1710143339587 -6.5 -61.5 3.074097498922825 3
0000 0006 1710143339588 22.75 -62.0 4.344233591292136 3
0000 0011 1710143339589 97.625 -68.0 3.6754179677739964 3
0000 0000 1710143339589 19.5 -60.0 0.8222137023067037 3
0000 0008 1710143339590 0.0 -51.5 5.71868037723767 3
0000 0007 1710143339590 -48.8125 -61.5 3.141592653589793 3
0000 0003 1710143339591 -32.5 -57.5 4.792155981354743 3
0000 0002 1710143339592 13.0 -62.5 4.1172044346850605 3
0000 0004 1710143339592 -9.75 -56.0 4.3074180523828804 3
0000 0014 1710143339593 61.8125 -61.0 0.6810874698212247 3
0000 0010 1710143339593 -87.875 -69.5 2.399145952253143 3
0000 0013 1710143339594 -9.75 -65.0 0.12885438618239387 3
0000 0012 1710143339595 3.25 -60.5 1.2455923997631406 3
0000 0005 1710143339596 9.75 -61.5 1.1474176293384597 3
0000 0006 1710143339597 -91.125 -61.5 4.583534594202296 3
0000 0009 1710143339597 62.625 -63.0 1.564660403643354 3
0000 0000 1710143339810 16.25 -59.5 0.7976700097005334 3
0000 0002 1710143339811 -6.5 -62.0 4.129476280988146 3
0000 0009 1710143339811 -3.25 -62.5 1.6935147898257479 3
0000 0008 1710143339812 35.75 -51.5 5.675728915176872 3
0000 0012 1710143339812 0.0 -60.0 1.3069516312785663 3
0000 0005 1710143339813 29.25 -61.5 1.1044661672776617 3
0000 0007 1710143339814 -26.0 -61.0 3.129320807286708 3
0000 0011 1710143339814 -45.5625 -68.0 3.865631585471816 3
0000 0013 1710143339815 -6.5 -65.0 0.2086213871524472 3
0000 0006 1710143339817 -29.25 -62.0 4.522175362686871 3
0000 0014 1710143339819 39.0 -61.0 0.6810874698212247 3
0000 0003 1710143339819 -32.5 -57.0 4.743068596142402 3
0000 0004 1710143339819 -9.75 -56.0 4.381049130201391 3
0000 0010 1710143339820 110.625 -69.5 2.1046216409791 3
0000 0013 1710143339820 32.5 -65.0 0.17794177139473438 3
0000 0004 1710143339820 6.5 -56.0 4.362641360746763 3
0000 0003 1710143339821 -19.5 -57.5 4.718524903536232 3
0000 0012 1710143339822 3.25 -60.0 1.368310862793992 3
0000 0000 1710143339822 6.5 -59.5 0.7792622402459057 3
0000 0010 1710143339823 81.375 -69.0 2.116893487282185 3
0000 0014 1710143339823 68.3125 -62.0 0.619728238305799 3
0000 0008 1710143339824 6.5 -51.0 5.706408530934585 3
0000 0006 1710143339824 -9.75 -62.0 4.491495746929157 3
0000 0007 1710143339825 -45.5625 -61.5 3.104777114680538 3
0000 0005 1710143339825 62.625 -61.0 0.9756117810952678 3
0000 0009 1710143339826 -41.5 -63.5 1.6260196351587797 3
0000 0002 1710143339827 16.25 -62.5 4.074252972624263 3
0000 0011 1710143339827 61.8125 -67.0 3.6447383520162835 3
0000 0012 1710143340040 68.3125 -59.5 1.3192234775816514 3
0000 0006 1710143340040 9.75 -61.5 4.460816131171445 3
0000 0003 1710143340041 -58.5625 -57.5 4.73693267299086 3
0000 0004 1710143340041 -29.25 -56.5 4.430136515413731 3
0000 0005 1710143340042 3.25 -61.0 0.9387962421860124 3
0000 0009 1710143340043 30.875 -65.0 1.4971652489763858 3
0000 0008 1710143340043 -22.75 -50.5 5.712544454086128 3
0000 0007 1710143340044 -6.5 -61.5 2.9759227284981438 3
0000 0011 1710143340044 -39.0 -70.0 3.6324665057131984 3
0000 0010 1710143340045 -211.5625 -69.5 2.5586799541932495 3
0000 0013 1710143340046 19.5 -64.0 0.23930100291016002 3
0000 0002 1710143340046 -32.5 -61.5 4.154019973594316 3
0000 0014 1710143340047 9.75 -61.5 0.7669903939428205 3
0000 0000 1710143340047 -3.25 -60.0 0.7731263170943632 3
0000 0009 1710143340048 76.4375 -65.5 1.3008157081270237 3
0000 0005 1710143340049 16.25 -62.0 0.9142525495798421 3
0000 0010 1710143340049 -156.1875 -69.0 2.2641556429192065 3
0000 0006 1710143340050 -16.25 -62.0 4.466952054322987 3
0000 0012 1710143340050 48.8125 -59.5 1.337631247036279 3
0000 0002 1710143340051 -81.375 -62.0 4.2031073588066565 3
0000 0008 1710143340052 -22.75 -51.0 5.688000761479957 3
0000 0000 1710143340052 -16.25 -60.0 0.7179030087304801 3
0000 0003 1710143340053 6.5 -57.5 4.552854978444583 3
0000 0014 1710143340053 -13.0 -62.0 0.7976700097005334 3
0000 0004 1710143340054 -22.75 -56.0 4.442408361716817 3
0000 0013 1710143340054 -9.75 -64.0 0.2638446955163303 3
0000 0007 1710143340055 -32.5 -61.0 2.890019804376548 3
0000 0011 1710143340056 42.3125 -68.5 3.3747577333484107 3
0000 0014 1710143340278 35.75 -61.5 0.7424467013366504 3
0000 0010 1710143340278 -143.1875 -69.0 2.1659808724945253 3
0000 0006 1710143340279 -19.5 -62.0 4.479223900626073 3
0000 0003 1710143340280 3.25 -57.5 4.528311285838413 3
0000 0009 1710143340280 -27.625 -66.0 1.3437671701878218 3
0000 0008 1710143340281 -9.75 -51.0 5.632777453116074 3
0000 0011 1710143340281 19.5 -68.5 3.2827188860752723 3
0000 0004 1710143340282 6.5 -56.5 4.381049130201391 3
0000 0012 1710143340283 22.75 -59.5 1.3560390164909069 3
0000 0007 1710143340283 -107.375 -61.0 2.9636508821950587 3
0000 0002 1710143340284 22.75 -62.5 4.006757817957295 3
0000 0013 1710143340284 22.75 -63.5 0.20248546400090464 3
0000 0005 1710143340285 26.0 -62.0 0.7853981633974483 3
0000 0000 1710143340285 48.8125 -60.0 0.6442719309119693 3
0000 0000 1710143340286 22.75 -59.5 0.5951845456996288 3
0000 0006 1710143340287 -35.75 -61.5 4.473087977474529 3
0000 0012 1710143340287 58.5625 -60.0 1.2885438618239387 3
0000 0005 1710143340288 26.0 -62.0 0.7853981633974483 3
0000 0002 1710143340289 136.6875 -62.5 3.7551849687440497 3
0000 0011 1710143340290 -91.125 -67.0 3.3011266555298997 3
0000 0003 1710143340291 -19.5 -57.5 4.540583132141498 3
0000 0013 1710143340291 9.75 -64.5 0.20248546400090464 3
0000 0008 1710143340292 13.0 -51.0 5.595961914206819 3
0000 0004 1710143340292 16.25 -56.0 4.356505437595221 3
0000 0014 1710143340293 22.75 -61.5 0.7485826244881929 3
0000 0010 1710143340294 126.9375 -68.5 1.9205439464328227 3
0000 0009 1710143340294 -38.1875 -65.5 1.282407938672396 3
0000 0007 1710143340295 -3.25 -61.0 2.742757648739526 3
0000 0014 1710143340513 29.25 -61.5 0.7424467013366504 3
0000 0004 1710143340514 19.5 -56.5 4.3074180523828804 3
0000 0000 1710143340514 9.75 -59.5 0.5522330836388308 3
0000 0010 1710143340515 149.6875 -69.0 1.8285050991596843 3
0000 0008 1710143340515 -35.75 -51.0 5.632777453116074 3
0000 0007 1710143340516 6.5 -61.5 2.718213956133356 3
0000 0003 1710143340516 3.25 -57.0 4.479223900626073 3
0000 0013 1710143340517 13.0 -64.0 0.2086213871524472 3
0000 0002 1710143340517 35.75 -62.5 3.9392626632903265 3
0000 0005 1710143340518 42.3125 -62.0 0.7547185476397354 3
0000 0012 1710143340518 55.3125 -60.0 1.2762720155208536 3
0000 0006 1710143340519 -32.5 -61.5 4.460816131171445 3
0000 0009 1710143340519 62.625 -66.5 1.086058397823034 3
0000 0011 1710143340520 58.5625 -68.5 3.227495577711389 3
0000 0010 1710143340521 133.4375 -69.5 1.7548740213411735 3
0000 0005 1710143340521 0.0 -62.0 0.7915340865489908 3
0000 0008 1710143340522 -16.25 -51.5 5.577554144752192 3
0000 0009 1710143340523 -21.125 -67.5 1.1780972450961724 3
0000 0000 1710143340523 -9.75 -59.5 0.5276893910326605 3
0000 0011 1710143340524 94.375 -69.0 2.9697868053466014 3
0000 0006 1710143340525 -29.25 -62.0 4.411728745959104 3
0000 0012 1710143340526 29.25 -59.5 1.337631247036279 3
0000 0013 1710143340526 -13.0 -63.5 0.2454369260617026 3
0000 0003 1710143340527 22.75 -57.0 4.424000592262189 3
0000 0014 1710143340527 39.0 -61.5 0.7240389318820226 3
0000 0002 1710143340528 -3.25 -62.5 3.8963112012295285 3
0000 0004 1710143340529 -6.5 -56.0 4.295146206079795 3
0000 0007 1710143340529 65.0625 -61.5 2.6568547246179306 3
0000 0014 1710143340738 19.5 -61.5 0.8283496254582462 3
0000 0003 1710143340739 -9.75 -57.5 4.4976316700806995 3
0000 0004 1710143340739 -9.75 -56.5 4.276738436625168 3
0000 0013 1710143340740 -52.0625 -63.5 0.2761165418194154 3
0000 0007 1710143340740 -35.75 -61.0 2.779573187648782 3
0000 0012 1710143340741 -6.5 -60.0 1.325359400733194 3
0000 0006 1710143340741 26.0 -62.0 4.276738436625168 3
0000 0011 1710143340742 -45.5625 -66.5 3.2090878082567613 3
0000 0008 1710143340742 -26.0 -51.5 5.602097837358362 3
0000 0009 1710143340743 0.0 -66.5 1.214912784005428 3
0000 0005 1710143340743 22.75 -62.0 0.7792622402459057 3
0000 0000 1710143340743 13.0 -59.5 0.5399612373357456 3
0000 0002 1710143340744 22.75 -62.5 3.877903431774901 3
0000 0010 1710143340744 -143.1875 -69.0 2.0493983326152168 3
0000 0006 1710143340745 -22.75 -62.0 4.295146206079795 3
0000 0008 1710143340745 -19.5 -51.5 5.577554144752192 3
0000 0000 1710143340746 58.5625 -59.5 0.4724660826687775 3
0000 0009 1710143340746 3.25 -66.0 1.141281706186917 3
0000 0002 1710143340747 32.5 -62.5 3.822680123411018 3
0000 0005 1710143340747 3.25 -61.0 0.859029241215959 3
0000 0003 1710143340747 6.5 -57.5 4.479223900626073 3
0000 0010 1710143340748 146.4375 -70.0 1.7978254834019713 3
0000 0007 1710143340748 55.3125 -61.0 2.693670263527186 3
0000 0013 1710143340749 48.8125 -63.0 0.1902136176978195 3
0000 0012 1710143340749 87.875 -59.5 1.214912784005428 3
0000 0011 1710143340750 39.0 -68.0 3.184544115650591 3
0000 0004 1710143340750 -3.25 -56.5 4.23378697456437 3
0000 0014 1710143340751 13.0 -61.5 0.7915340865489908 3
0000 0004 1710143340857 -3.25 -56.5 4.184699589352029 3
0000 0010 1710143340857 -201.8125 -69.5 2.2518837966161214 3
0000 0005 1710143340858 6.5 -62.0 0.8222137023067037 3
0000 0013 1710143340858 -22.75 -64.0 0.3436116964863836 3
0000 0000 1710143340859 3.25 -60.0 0.5645049299419159 3
0000 0008 1710143340859 6.5 -51.0 5.540738605842936 3
0000 0011 1710143340860 -110.625 -68.0 3.442252888015379 3
0000 0009 1710143340860 -45.5625 -66.5 1.2946797849754812 3
0000 0007 1710143340861 22.75 -61.0 2.779573187648782 3
0000 0014 1710143340862 16.25 -62.0 0.803805932852076 3
0000 0006 1710143340862 -13.0 -62.0 4.331961744989051 3
0000 0002 1710143340863 9.75 -62.5 3.865631585471816 3
0000 0012 1710143340863 61.8125 -59.5 1.2762720155208536 3
0000 0003 1710143340864 -19.5 -57.5 4.534447208989955 3
0000 0005 1710143341098 58.5625 -61.5 0.8160777791551611 3
0000 0003 1710143341099 -16.25 -57.5 4.540583132141498 3
0000 0002 1710143341099 -19.5 -62.5 3.9269908169872414 3
0000 0009 1710143341100 90.3125 -65.5 1.2701360923693108 3
0000 0006 1710143341100 -19.5 -62.0 4.325825821837508 3
0000 0013 1710143341100 9.75 -63.5 0.5706408530934585 3
0000 0000 1710143341101 -13.0 -59.5 0.5767767762450011 3
0000 0010 1710143341101 123.6875 -69.0 1.8039614065535141 3
0000 0012 1710143341102 -3.25 -60.0 1.4971652489763858 3
0000 0004 1710143341102 -22.75 -56.5 4.239922897715912 3
0000 0008 1710143341103 -9.75 -51.5 5.608233760509904 3
0000 0007 1710143341103 -35.75 -61.0 2.9084275738311756 3
0000 0014 1710143341103 29.25 -61.0 0.7976700097005334 3
0000 0011 1710143341104 91.125 -68.5 3.2336315008629315 3
0000 0000 1710143341104 19.5 -59.5 0.5460971604872883 3
0000 0009 1710143341105 -55.3125 -67.0 1.3560390164909069 3
0000 0014 1710143341105 9.75 -61.5 0.8344855486097889 3
0000 0004 1710143341106 3.25 -56.5 4.2031073588066565 3
0000 0005 1710143341106 65.0625 -62.0 0.7853981633974483 3
0000 0002 1710143341107 -61.8125 -62.0 4.025165587411922 3
0000 0008 1710143341107 -16.25 -51.5 5.595961914206819 3
0000 0003 1710143341107 26.0 -57.5 4.516039439535327 3
0000 0012 1710143341108 35.75 -60.0 1.4848934026733007 3
0000 0007 1710143341108 16.25 -61.0 2.7979809571034093 3
0000 0011 1710143341109 -172.5 -67.5 3.552699504743145 3
0000 0006 1710143341110 -13.0 -62.0 4.3503695144436785 3
0000 0013 1710143341110 55.3125 -62.5 0.5092816215780329 3
0000 0010 1710143341110 -65.0625 -70.0 2.0371264863121317 3
0000 0009 1710143341329 -21.125 -66.0 1.3989904785517047 3
0000 0002 1710143341329 -3.25 -63.0 3.9822141253511245 3
0000 0004 1710143341330 -13.0 -56.0 4.264466590322082 3
0000 0003 1710143341330 9.75 -57.5 4.577398671050753 3
0000 0008 1710143341331 -26.0 -51.5 5.64504929941916 3
0000 0014 1710143341331 6.5 -61.5 0.8897088569736719 3
0000 0013 1710143341332 -19.5 -63.0 0.6565437772150544 3
0000 0000 1710143341332 32.5 -59.5 0.5583690067903734 3
0000 0007 1710143341333 -19.5 -61.0 2.84706834231575 3
0000 0012 1710143341333 16.25 -60.0 1.5155730184310134 3
0000 0006 1710143341334 -6.5 -62.0 4.381049130201391 3
0000 0005 1710143341335 21.125 -62.0 0.8528933180644165 3
0000 0010 1710143341335 195.25 -70.0 1.6935147898257479 3
0000 0011 1710143341335 55.3125 -68.5 3.313398501832985 3
0000 0007 1710143341336 16.25 -61.0 2.773437264497239 3
0000 0006 1710143341336 -45.5625 -62.0 4.473087977474529 3
0000 0004 1710143341337 0.0 -56.0 4.25833066717054 3
0000 0008 1710143341337 -6.5 -51.0 5.626641529964532 3
0000 0014 1710143341338 19.5 -61.0 0.8222137023067037 3
0000 0000 1710143341339 29.25 -59.5 0.5767767762450011 3
0000 0009 1710143341339 87.875 -66.5 1.2885438618239387 3
0000 0003 1710143341340 -3.25 -57.5 4.608078286808466 3
0000 0012 1710143341341 26.0 -60.0 1.509437095279471 3
0000 0005 1710143341341 35.75 -62.0 0.859029241215959 3
0000 0011 1710143341342 -130.1875 -69.0 3.5342917352885173 3
0000 0013 1710143341342 16.25 -62.5 0.662679700366597 3
0000 0002 1710143341343 -9.75 -62.5 3.9944859716542096 3
0000 0010 1710143341344 -19.5 -69.5 2.030990563160589 3
0000 0003 1710143341568 -3.25 -57.5 4.614214209960009 3
0000 0014 1710143341568 0.0 -61.5 0.8713010875190442 3
0000 0002 1710143341569 39.0 -62.5 3.9085830475326135 3
0000 0010 1710143341569 149.6875 -69.0 1.662835174068035 3
0000 0007 1710143341570 19.5 -61.0 2.834796496012665 3
0000 0004 1710143341570 -3.25 -56.5 4.319689898685965 3
0000 0008 1710143341571 -16.25 -51.0 5.651185222570702 3
0000 0013 1710143341571 48.8125 -62.5 0.6442719309119693 3
0000 0012 1710143341571 39.0 -59.5 1.5033011721279284 3
0000 0011 1710143341572 -32.5 -68.0 3.6140587362585705 3
0000 0000 1710143341572 45.5625 -60.0 0.5890486225480862 3
0000 0005 1710143341573 3.25 -61.5 0.8897088569736719 3
0000 0006 1710143341573 -48.8125 -62.0 4.473087977474529 3
0000 0009 1710143341574 7.3125 -65.0 1.3867186322486196 3
0000 0010 1710143341574 97.625 -69.5 1.8530487917658545 3
0000 0006 1710143341574 -22.75 -62.0 4.473087977474529 3
0000 0005 1710143341575 38.1875 -62.0 0.8835729338221293 3
0000 0012 1710143341575 3.25 -60.0 1.576932249946439 3
0000 0003 1710143341576 -9.75 -57.5 4.638757902566179 3
0000 0002 1710143341576 6.5 -62.0 4.049709280018092 3
0000 0004 1710143341577 0.0 -56.5 4.319689898685965 3
0000 0007 1710143341580 13.0 -61.0 2.84706834231575 3
0000 0008 1710143341580 -22.75 -51.0 5.688000761479957 3
0000 0011 1710143341581 -117.125 -68.0 3.5711072741977725 3
0000 0014 1710143341582 19.5 -62.0 0.8099418560036186 3
0000 0009 1710143341582 -7.3125 -65.0 1.4542137869155878 3
0000 0013 1710143341582 -16.25 -62.5 0.7363107781851077 3
0000 0000 1710143341583 0.0 -60.0 0.705631162427395 3
0000 0002 1710143341802 45.5625 -62.0 4.0128937411088375 3
0000 0011 1710143341803 -32.5 -68.0 3.5588354278946874 3
0000 0008 1710143341803 0.0 -51.0 5.675728915176872 3
0000 0003 1710143341803 -26.0 -57.5 4.706253057233147 3
0000 0007 1710143341804 3.25 -61.0 2.9084275738311756 3
0000 0009 1710143341804 38.1875 -65.0 1.4173982480063325 3
0000 0012 1710143341804 29.25 -59.5 1.564660403643354 3
0000 0010 1710143341805 84.625 -69.0 1.902136176978195 3
0000 0006 1710143341805 -42.3125 -62.0 4.4976316700806995 3
0000 0004 1710143341805 -13.0 -56.0 4.3933209765044765 3
0000 0014 1710143341806 -16.25 -61.5 0.8713010875190442 3
0000 0000 1710143341806 -13.0 -60.0 0.7731263170943632 3
0000 0013 1710143341806 71.5625 -62.5 0.6872233929727672 3
0000 0005 1710143341807 29.25 -62.0 0.8774370106705868 3
0000 0003 1710143341807 -13.0 -57.5 4.724660826687775 3
0000 0000 1710143341808 6.5 -60.0 0.7915340865489908 3
0000 0002 1710143341808 -6.5 -62.0 4.0987966652304335 3
0000 0012 1710143341808 3.25 -59.5 1.6382914814618648 3
0000 0007 1710143341809 -13.0 -61.5 2.9268353432858034 3
0000 0008 1710143341809 -26.0 -51.0 5.743224069843841 3
0000 0009 1710143341809 3.25 -65.0 1.509437095279471 3
0000 0006 1710143341810 -3.25 -62.0 4.479223900626073 3
0000 0014 1710143341810 6.5 -62.0 0.8467573949128739 3
0000 0005 1710143341810 6.5 -61.5 0.9940195505498954 3
0000 0013 1710143341811 6.5 -62.5 0.7915340865489908 3
0000 0004 1710143341811 -6.5 -56.5 4.405592822807561 3
0000 0010 1710143341812 9.75 -68.5 2.000310947402876 3
0000 0011 1710143341812 -94.375 -68.0 3.718369429834794 3
0000 0014 1710143342043 6.5 -61.5 0.8344855486097889 3
0000 0010 1710143342044 -146.4375 -69.5 2.3746022596469727 3
0000 0007 1710143342044 26.0 -61.5 2.945243112740431 3
0000 0006 1710143342044 -71.5625 -62.0 4.608078286808466 3
0000 0008 1710143342045 -3.25 -50.5 5.749359992995383 3
0000 0000 1710143342045 6.5 -60.0 0.8344855486097889 3
0000 0005 1710143342045 32.5 -61.5 0.9694758579437253 3
0000 0004 1710143342046 -22.75 -56.5 4.442408361716817 3
0000 0012 1710143342046 0.0 -59.5 1.6382914814618648 3
0000 0003 1710143342046 -22.75 -57.5 4.76147636559703 3
0000 0011 1710143342047 -133.4375 -67.5 3.773592738198677 3
0000 0002 1710143342047 -3.25 -61.5 4.1601558967458585 3
0000 0013 1710143342047 6.5 -62.5 0.7915340865489908 3
0000 0009 1710143342048 149.6875 -65.0 1.337631247036279 3
0000 0014 1710143342048 9.75 -61.5 0.8099418560036186 3
0000 0010 1710143342048 130.1875 -68.5 1.9573594853420782 3
0000 0007 1710143342049 13.0 -61.5 2.9268353432858034 3
0000 0004 1710143342049 -9.75 -56.5 4.454680208019902 3
0000 0012 1710143342049 -3.25 -59.5 1.6689710972195777 3
0000 0009 1710143342050 21.125 -64.5 1.5033011721279284 3
0000 0008 1710143342050 9.75 -50.5 5.743224069843841 3
0000 0013 1710143342051 3.25 -63.0 0.8713010875190442 3
0000 0000 1710143342051 39.0 -60.0 0.8099418560036186 3
0000 0005 1710143342051 19.5 -61.5 1.000155473701438 3
0000 0011 1710143342052 -19.5 -68.0 3.663146121470911 3
0000 0002 1710143342052 -39.0 -61.5 4.215379205109742 3
0000 0003 1710143342052 -39.0 -57.5 4.792155981354743 3
0000 0006 1710143342053 16.25 -62.0 4.473087977474529 3
