0000 0010 1710577153911 42.3125 -66.5 0.4663301595172349 15
0000 0006 1710577153912 -71.5625 -70.5 6.111379458936394 15
0000 0009 1710577153912 -16.25 -56.5 5.0253210611133605 15
0000 0004 1710577153912 32.5 -60.0 1.0369710126106935 15
0000 0014 1710577153913 78.0625 -71.5 6.037748381117884 15
0000 0007 1710577153913 61.8125 -68.0 6.240233845118788 15
0000 0008 1710577153913 39.0 -55.0 2.2150682577068657 15
0000 0000 1710577153914 -45.5625 -63.5 4.331961744989051 15
0000 0012 1710577153914 22.75 -55.0 1.043106935762236 15
0000 0002 1710577153914 113.875 -70.5 5.0253210611133605 15
0000 0010 1710577153916 35.75 -66.0 0.5460971604872883 15
0000 0001 1710577153916 97.625 -68.0 5.473243451175968 15
0000 0015 1710577153916 -22.75 -61.0 3.356349963893783 15
0000 0013 1710577153917 -35.75 -71.5 6.258641614573416 15
0000 0011 1710577153917 6.6875 -74.5 1.3069516312785663 15
0000 0015 1710577153917 -74.8125 -61.0 3.448388811166921 15
0000 0002 1710577153918 -26.0 -69.5 5.313709449235861 15
0000 0001 1710577153918 13.0 -68.0 5.755495916146925 15
0000 0004 1710577153918 29.25 -60.0 1.0983302441261191 15
0000 0000 1710577153918 -55.3125 -63.5 4.356505437595221 15
0000 0010 1710577153919 61.8125 -67.0 0.48473792897186263 15
0000 0012 1710577153919 29.25 -55.0 1.055378782065321 15
0000 0008 1710577153919 29.25 -55.0 2.282563412373834 15
0000 0007 1710577153920 123.6875 -68.0 6.209554229361076 15
0000 0009 1710577153920 -9.75 -57.0 5.062136600022616 15
0000 0006 1710577153921 -45.5625 -70.5 5.8045833013592665 15
0000 0014 1710577153921 -130.1875 -72.0 0.15339807878856412 15
0000 0013 1710577153921 -91.125 -71.5 0.19634954084936207 15
0000 0011 1710577154153 14.625 -75.0 1.2333205534600555 15
0000 0012 1710577154153 -6.5 -55.0 1.0737865515199487 15
0000 0002 1710577154153 -58.5625 -71.0 5.289165756629691 15
0000 0010 1710577154153 -39.0 -66.5 0.7485826244881929 15
0000 0015 1710577154154 -74.8125 -61.0 3.4054373491061236 15
0000 0014 1710577154154 -52.0625 -72.5 0.04908738521234052 15
0000 0008 1710577154154 -26.0 -55.0 2.429825568010856 15
0000 0004 1710577154155 6.5 -60.0 1.1658253987930873 15
0000 0007 1710577154155 -48.8125 -68.0 0.23930100291016002 15
0000 0009 1710577154155 -38.1875 -57.0 5.086680292628786 15
0000 0000 1710577154155 -26.0 -64.0 4.411728745959104 15
0000 0001 1710577154156 29.25 -68.5 5.884350302329319 15
0000 0006 1710577154156 172.5 -71.5 5.50392306693368 15
0000 0013 1710577154156 55.3125 -71.5 6.117515382087937 15
0000 0011 1710577154157 7.3125 -75.0 1.1290098598838318 15
0000 0014 1710577154157 39.0 -71.0 6.117515382087937 15
0000 0010 1710577154157 -81.375 -67.0 0.6810874698212247 15
0000 0000 1710577154157 -27.625 -64.0 4.430136515413731 15
0000 0015 1710577154158 -26.0 -60.5 3.32567034813607 15
0000 0004 1710577154158 -3.25 -60.0 1.2087768608538851 15
0000 0012 1710577154158 16.25 -55.0 1.0737865515199487 15
0000 0007 1710577154159 52.0625 -67.5 0.04908738521234052 15
0000 0008 1710577154159 -13.0 -55.0 2.435961491162398 15
0000 0009 1710577154159 13.8125 -57.0 5.013049214810275 15
0000 0013 1710577154160 -188.75 -71.5 0.25770877236478773 15
0000 0002 1710577154160 91.125 -70.5 5.307573526084319 15
0000 0001 1710577154160 16.25 -69.0 5.982525072754001 15
0000 0006 1710577154161 -84.625 -73.5 6.013204688511713 15
0000 0011 1710577154390 0.5625 -74.5 4.319689898685965 15
0000 0013 1710577154390 185.5 -72.5 6.031612457966341 15
0000 0002 1710577154390 -192.0 -71.0 5.767767762450011 15
0000 0008 1710577154390 0.0 -55.5 2.429825568010856 15
0000 0012 1710577154391 26.0 -55.0 1.0492428589137786 15
0000 0009 1710577154391 -32.5 -57.0 5.086680292628786 15
0000 0000 1710577154392 -30.875 -64.0 4.503767593232243 15
0000 0004 1710577154392 26.0 -60.0 1.2087768608538851 15
0000 0001 1710577154392 13.0 -68.5 6.050020227420969 15
0000 0015 1710577154393 -16.25 -61.0 3.2765829629237295 15
0000 0010 1710577154393 -42.3125 -66.0 0.6994952392758523 15
0000 0007 1710577154393 133.4375 -67.5 6.178874613603362 15
0000 0006 1710577154394 -250.625 -72.5 6.2463697682703305 15
0000 0014 1710577154394 -13.0 -72.5 0.006135923151542565 15
0000 0011 1710577154394 -15.8125 -75.0 1.1965050145508 15
0000 0013 1710577154394 -100.875 -70.5 0.09203884727313846 15
0000 0001 1710577154395 97.625 -68.5 5.902758071783947 15
0000 0015 1710577154395 -3.25 -60.5 3.313398501832985 15
0000 0009 1710577154395 10.5625 -57.0 5.062136600022616 15
0000 0010 1710577154396 39.0 -67.0 0.6381360077604268 15
0000 0000 1710577154396 -27.625 -64.0 4.4976316700806995 15
0000 0004 1710577154396 16.25 -60.5 1.2210487071569704 15
0000 0008 1710577154396 19.5 -55.0 2.423689644859313 15
0000 0012 1710577154397 26.0 -55.0 1.0737865515199487 15
0000 0014 1710577154397 -113.875 -71.5 6.160466844148735 15
0000 0006 1710577154397 -58.5625 -72.5 5.9518454569962875 15
0000 0007 1710577154397 -32.5 -68.5 0.14112623248547898 15
0000 0002 1710577154398 -120.4375 -71.5 5.712544454086128 15
0000 0011 1710577154432 21.3125 -75.0 1.0799224746714913 15
0000 0012 1710577154628 13.0 -55.0 1.0737865515199487 15
0000 0001 1710577154628 -19.5 -69.0 6.19728238305799 15
0000 0002 1710577154628 45.5625 -70.0 5.221670601962723 15
0000 0015 1710577154628 -9.75 -61.0 3.2949907323783574 15
0000 0006 1710577154629 -3.25 -73.0 5.681864838328415 15
0000 0008 1710577154629 -9.75 -55.5 2.435961491162398 15
0000 0009 1710577154629 -3.25 -57.0 5.0253210611133605 15
0000 0004 1710577154629 -9.75 -60.0 1.2885438618239387 15
0000 0010 1710577154630 -16.25 -67.0 0.6810874698212247 15
0000 0014 1710577154630 113.875 -72.0 5.982525072754001 15
0000 0000 1710577154630 -42.3125 -63.5 4.651029748869264 15
0000 0007 1710577154631 42.3125 -68.0 0.09817477042468103 15
0000 0013 1710577154631 -74.8125 -71.5 0.14726215563702155 15
0000 0011 1710577154631 12.1875 -75.0 1.1719613219446299 15
0000 0010 1710577154631 -26.0 -66.0 0.619728238305799 15
0000 0009 1710577154632 -24.375 -57.0 5.062136600022616 15
0000 0000 1710577154632 -48.8125 -64.0 4.565126824747668 15
0000 0001 1710577154632 -26.0 -69.5 0.11658253987930872 15
0000 0008 1710577154633 -29.25 -55.0 2.4911847995262812 15
0000 0012 1710577154633 30.875 -55.0 1.0676506283684062 15
0000 0015 1710577154633 3.25 -61.0 3.2765829629237295 15
0000 0004 1710577154633 19.5 -60.5 1.2026409377023426 15
0000 0006 1710577154634 19.5 -71.5 5.878214379177777 15
0000 0002 1710577154634 104.125 -70.0 5.393476450205914 15
0000 0007 1710577154635 -55.3125 -67.5 0.14112623248547898 15
0000 0013 1710577154635 68.3125 -72.0 0.07363107781851078 15
0000 0014 1710577154635 -94.375 -72.0 0.1718058482431918 15
0000 0011 1710577154671 -7.3125 -75.0 1.1535535524900022 15
0000 0002 1710577154865 188.75 -70.5 5.062136600022616 15
0000 0008 1710577154865 -6.5 -55.0 2.454369260617026 15
0000 0015 1710577154865 -19.5 -61.0 3.32567034813607 15
0000 0000 1710577154865 58.5625 -64.0 4.466952054322987 15
0000 0010 1710577154866 -48.8125 -66.5 0.619728238305799 15
0000 0006 1710577154867 -110.625 -73.5 5.915029918087033 15
0000 0009 1710577154867 -38.1875 -57.0 5.056000676871073 15
0000 0004 1710577154867 42.3125 -60.0 1.2026409377023426 15
0000 0001 1710577154868 29.25 -68.5 0.0 15
0000 0012 1710577154868 27.625 -55.0 1.055378782065321 15
0000 0007 1710577154868 -45.5625 -67.5 0.25770877236478773 15
0000 0013 1710577154868 -136.6875 -71.0 0.32520392703175593 15
0000 0014 1710577154869 -68.3125 -71.5 6.234097921967246 15
0000 0011 1710577154869 -14.0 -75.0 1.141281706186917 15
0000 0014 1710577154869 52.0625 -72.0 6.1420590746941075 15
0000 0008 1710577154869 -3.25 -55.0 2.448233337465483 15
0000 0004 1710577154870 32.5 -60.5 1.2026409377023426 15
0000 0012 1710577154870 -3.25 -55.0 1.1106020904292042 15
0000 0000 1710577154870 7.3125 -63.5 4.577398671050753 15
0000 0009 1710577154871 -3.25 -57.0 5.0253210611133605 15
0000 0001 1710577154871 -39.0 -70.0 0.17794177139473438 15
0000 0015 1710577154871 -3.25 -61.0 3.3195344249845276 15
0000 0010 1710577154871 -35.75 -67.0 0.6749515466696822 15
0000 0007 1710577154872 48.8125 -67.5 0.04295146206079795 15
0000 0006 1710577154872 -78.0625 -72.5 6.117515382087937 15
0000 0002 1710577154873 -35.75 -71.0 5.632777453116074 15
0000 0013 1710577154873 55.3125 -71.0 0.14726215563702155 15
0000 0011 1710577154922 -21.9375 -74.5 1.1780972450961724 15
0000 0001 1710577155101 26.0 -69.5 0.17794177139473438 15
0000 0012 1710577155101 27.625 -55.0 1.055378782065321 15
0000 0004 1710577155101 35.75 -60.0 1.214912784005428 15
0000 0002 1710577155102 -35.75 -71.5 5.626641529964532 15
0000 0013 1710577155102 74.8125 -72.0 6.252505691421874 15
0000 0000 1710577155102 -59.375 -64.0 4.700117134081604 15
0000 0014 1710577155103 -32.5 -72.0 6.086835766330224 15
0000 0008 1710577155103 0.0 -55.5 2.4850488763747385 15
0000 0009 1710577155103 -19.5 -57.0 5.056000676871073 15
0000 0010 1710577155103 26.0 -66.5 0.5522330836388308 15
0000 0015 1710577155104 -32.5 -61.0 3.32567034813607 15
0000 0007 1710577155104 42.3125 -67.5 0.0859029241215959 15
0000 0006 1710577155104 78.0625 -71.5 5.651185222570702 15
0000 0011 1710577155105 -9.75 -74.0 4.411728745959104 15
0000 0015 1710577155105 -35.75 -60.5 3.3502140407422405 15
0000 0000 1710577155105 26.0 -64.0 4.675573441475434 15
0000 0008 1710577155105 0.0 -55.0 2.4727770300716534 15
0000 0010 1710577155106 48.8125 -66.5 0.5460971604872883 15
0000 0009 1710577155106 13.0 -57.0 5.043728830567988 15
0000 0014 1710577155106 16.25 -71.0 6.178874613603362 15
0000 0006 1710577155107 -143.1875 -71.5 5.681864838328415 15
0000 0001 1710577155107 -6.5 -69.0 0.34974761963792617 15
0000 0007 1710577155107 -58.5625 -67.0 0.02454369260617026 15
0000 0004 1710577155107 -9.75 -60.5 1.325359400733194 15
0000 0012 1710577155108 0.0 -55.0 1.0921943209745766 15
0000 0013 1710577155108 -166.0 -72.0 0.3865631585471816 15
0000 0002 1710577155109 -104.125 -72.0 5.6941366846315 15
0000 0011 1710577155171 12.8125 -74.5 1.1106020904292042 15
0000 0012 1710577155337 13.0 -55.0 1.0921943209745766 15
0000 0008 1710577155342 9.75 -54.5 2.5586799541932495 15
0000 0000 1710577155343 7.3125 -64.0 4.828971520263998 15
0000 0009 1710577155343 -45.5625 -57.0 5.141903600992669 15
0000 0001 1710577155343 52.0625 -70.0 0.7363107781851077 15
0000 0007 1710577155343 55.3125 -68.0 0.006135923151542565 15
0000 0015 1710577155344 -35.75 -61.0 3.380893656499953 15
0000 0004 1710577155344 22.75 -60.0 1.3867186322486196 15
0000 0010 1710577155344 -9.75 -67.0 0.7240389318820226 15
0000 0014 1710577155344 -58.5625 -71.0 6.22182607566416 15
0000 0002 1710577155344 97.625 -71.5 5.71868037723767 15
0000 0006 1710577155344 0.0 -72.5 5.773903685601553 15
0000 0013 1710577155345 35.75 -71.5 0.19634954084936207 15
0000 0011 1710577155345 -14.0 -75.5 1.1228739367322893 15
0000 0001 1710577155345 -45.5625 -70.0 1.761009944492716 15
0000 0009 1710577155345 30.875 -57.5 5.123495831538041 15
0000 0007 1710577155345 61.8125 -67.5 0.3620194659410113 15
0000 0000 1710577155346 30.875 -65.0 5.221670601962723 15
0000 0015 1710577155346 -3.25 -61.0 3.3318062712876126 15
0000 0012 1710577155346 0.0 -55.0 1.1658253987930873 15
0000 0008 1710577155346 -3.25 -55.0 2.724349879284899 15
0000 0004 1710577155346 -6.5 -60.5 1.9757672547967058 15
0000 0010 1710577155347 42.3125 -65.0 1.0369710126106935 15
0000 0006 1710577155347 -6.5 -70.5 5.9518454569962875 15
0000 0002 1710577155347 -16.25 -71.5 0.3865631585471816 15
0000 0013 1710577155347 6.5 -72.5 6.264777537724958 15
0000 0014 1710577155347 -81.375 -70.5 6.209554229361076 15
0000 0011 1710577155422 10.9375 -76.5 0.7363107781851077 15
0000 0012 1710577155456 -3.25 -55.5 1.2640001692177683 15
0000 0014 1710577155456 0.0 -72.0 6.1420590746941075 15
0000 0008 1710577155456 3.25 -55.0 2.9145634969827183 15
0000 0005 1710577155456 0.0 -67.5 5.816855147662351 15
0000 0003 1710577155457 260.375 -71.0 2.9206994201342606 15
0000 0007 1710577155457 42.3125 -68.0 1.1167380135807468 15
0000 0006 1710577155457 3.25 -69.5 0.6810874698212247 15
0000 0001 1710577155458 -78.0625 -70.5 3.6079228131070282 15
0000 0000 1710577155458 32.5 -65.5 6.025476534814799 15
0000 0015 1710577155458 -32.5 -59.5 3.466796580621549 15
0000 0013 1710577155458 -19.5 -71.5 0.07363107781851078 15
0000 0009 1710577155459 22.75 -58.0 5.141903600992669 15
0000 0004 1710577155459 -9.75 -61.5 3.11091303783208 15
0000 0010 1710577155459 48.8125 -63.5 1.1167380135807468 15
0000 0011 1710577155459 -113.875 -74.0 0.8222137023067037 15
0000 0002 1710577155460 55.3125 -72.0 1.4358060174609601 15
0000 0004 1710577155576 -22.75 -60.0 4.184699589352029 15
0000 0012 1710577155576 -7.3125 -56.0 1.2885438618239387 15
0000 0008 1710577155576 -9.75 -55.0 3.2090878082567613 15
0000 0010 1710577155577 32.5 -63.0 1.4480778637640452 15
0000 0009 1710577155577 0.0 -59.5 5.209398755659637 15
0000 0015 1710577155577 -6.5 -59.5 3.5036121195308043 15
0000 0000 1710577155578 117.9375 -66.5 0.5338253141842031 15
0000 0003 1710577155578 0.0 -67.5 4.129476280988146 15
0000 0005 1710577155578 19.5 -62.5 0.3620194659410113 15
0000 0006 1710577155578 55.3125 -67.5 1.8100973297050567 15
0000 0007 1710577155579 19.5 -67.0 2.0923497946760143 15
0000 0001 1710577155580 48.8125 -69.5 4.884194828627882 15
0000 0014 1710577155580 -19.5 -71.0 6.086835766330224 15
0000 0013 1710577155580 -22.75 -72.5 0.28838838812250056 15
0000 0011 1710577155580 -45.5625 -69.5 0.4540583132141498 15
0000 0002 1710577155581 -104.125 -70.0 2.8102528034064944 15
0000 0004 1710577155721 22.75 -59.0 5.037592907416445 15
0000 0005 1710577155721 13.0 -60.5 0.8774370106705868 15
0000 0006 1710577155721 -39.0 -65.0 2.9697868053466014 15
0000 0010 1710577155721 -35.75 -64.0 2.1659808724945253 15
0000 0008 1710577155722 13.0 -54.0 3.448388811166921 15
0000 0015 1710577155722 -26.0 -59.5 3.5833791205008576 15
0000 0012 1710577155722 32.5 -56.5 1.1903690913992575 15
0000 0011 1710577155723 -58.5625 -68.5 0.8344855486097889 15
0000 0007 1710577155723 71.5625 -66.0 2.662990647769473 15
0000 0003 1710577155723 -65.0625 -65.0 5.43029198911517 15
0000 0000 1710577155723 -104.125 -65.0 2.043262409463674 15
0000 0001 1710577155724 205.0625 -73.0 5.405748296509 15
0000 0009 1710577155724 -65.0625 -61.0 4.914874444385594 15
0000 0002 1710577155724 71.5625 -70.0 3.3072625786814425 15
0000 0014 1710577155725 123.6875 -69.5 5.737088146692298 15
0000 0013 1710577155725 8.5 -75.0 0.4111068511533518 15
0000 0002 1710577155931 -42.3125 -68.5 4.381049130201391 15
0000 0005 1710577155931 -22.75 -60.0 1.607611865704152 15
0000 0003 1710577155932 -52.0625 -64.5 6.166602767300278 15
0000 0012 1710577155932 32.5 -56.0 1.2333205534600555 15
0000 0015 1710577155932 13.0 -60.0 3.6201946594101133 15
0000 0010 1710577155932 94.375 -67.0 3.018874190558942 15
0000 0004 1710577155933 -32.5 -59.0 6.0991076126333095 15
0000 0000 1710577155933 30.875 -64.0 2.724349879284899 15
0000 0008 1710577155933 -13.0 -53.0 3.436116964863836 15
0000 0007 1710577155934 -45.5625 -66.0 3.2765829629237295 15
0000 0014 1710577155934 84.625 -69.0 6.019340611663256 15
0000 0006 1710577155934 26.0 -62.5 3.663146121470911 15
0000 0009 1710577155935 -29.25 -62.5 4.902602598082509 15
0000 0011 1710577155935 97.625 -70.5 0.8344855486097889 15
0000 0013 1710577155935 -1.1875 -75.0 0.1718058482431918 15
0000 0003 1710577155935 3.25 -67.0 1.012427320004523 15
0000 0010 1710577155936 214.8125 -72.0 4.196971435655114 15
0000 0008 1710577155936 -13.0 -52.5 3.693825737228624 15
0000 0000 1710577155936 -3.25 -66.0 3.7981364308048478 15
0000 0012 1710577155937 17.0625 -56.0 1.2026409377023426 15
0000 0009 1710577155937 -71.5625 -65.0 5.2339424482658075 15
0000 0006 1710577155937 -16.25 -62.5 4.215379205109742 15
0000 0004 1710577155938 19.5 -59.5 0.6135923151542565 15
0000 0005 1710577155938 74.8125 -64.5 2.184388641949153 15
0000 0002 1710577155939 -65.0625 -68.5 5.816855147662351 15
0000 0015 1710577155939 -6.5 -61.0 3.6140587362585705 15
0000 0014 1710577155939 -84.625 -69.0 0.3129320807286708 15
0000 0007 1710577155940 48.8125 -68.0 3.160000423044421 15
0000 0013 1710577155941 -188.75 -71.0 0.34974761963792617 15
0000 0002 1710577156161 65.0625 -68.5 0.8774370106705868 15
0000 0006 1710577156162 39.0 -64.5 4.295146206079795 15
0000 0007 1710577156162 3.25 -71.0 2.84706834231575 15
0000 0014 1710577156162 48.8125 -71.5 0.4479223900626072 15
0000 0015 1710577156162 29.25 -60.5 3.399301425954581 15
0000 0008 1710577156163 -13.0 -53.0 3.9760782021995817 15
0000 0003 1710577156163 45.5625 -70.5 2.6016314162540475 15
0000 0005 1710577156163 7.3125 -71.0 3.06182565261974 15
0000 0009 1710577156163 -30.875 -68.0 5.387340527054372 15
0000 0004 1710577156164 19.5 -59.5 1.325359400733194 15
0000 0013 1710577156164 -117.125 -71.0 0.4908738521234052 15
0000 0000 1710577156164 -180.625 -67.0 5.074408446325701 15
0000 0012 1710577156165 21.125 -56.0 1.325359400733194 15
0000 0002 1710577156165 6.5 -68.5 1.7978254834019713 15
0000 0012 1710577156165 -29.25 -57.0 1.6260196351587797 15
0000 0008 1710577156165 -29.25 -54.0 4.09266074207889 15
0000 0007 1710577156166 -39.0 -68.0 1.9144080232812801 15
0000 0015 1710577156166 -16.25 -59.5 3.4177091954092087 15
0000 0014 1710577156166 32.5 -70.0 0.32520392703175593 15
0000 0006 1710577156167 94.375 -68.5 3.9085830475326135 15
0000 0009 1710577156167 -177.375 -71.0 5.743224069843841 15
0000 0004 1710577156167 16.25 -59.5 1.8285050991596843 15
0000 0000 1710577156167 13.8125 -68.5 5.166447293598839 15
0000 0003 1710577156168 188.75 -68.5 3.7429131224409646 15
0000 0013 1710577156168 -22.75 -72.0 0.4970097752749477 15
0000 0005 1710577156396 -5.0 -75.0 1.1535535524900022 15
0000 0006 1710577156396 -100.875 -71.0 3.2581751934691017 15
0000 0013 1710577156396 152.9375 -70.5 0.0674951546669682 15
0000 0004 1710577156396 13.0 -61.5 2.098485717827557 15
0000 0012 1710577156397 -13.0 -58.5 1.748738098189631 15
0000 0014 1710577156397 -29.25 -70.5 0.34974761963792617 15
0000 0000 1710577156397 -180.625 -71.5 5.5284667595398505 15
0000 0007 1710577156398 84.625 -65.0 2.073942025221387 15
0000 0008 1710577156398 -13.0 -55.5 4.190835512503572 15
0000 0002 1710577156398 87.875 -70.5 1.8960002538266525 15
0000 0015 1710577156398 9.75 -59.5 3.54042765844006 15
0000 0003 1710577156399 -68.3125 -67.5 4.798291904506286 15
0000 0005 1710577156399 32.5 -72.5 4.120272396260832 15
0000 0005 1710577156399 -35.75 -66.0 4.8351074434155406 15
0000 0007 1710577156400 -71.5625 -65.5 3.411573272257666 15
0000 0013 1710577156400 -45.5625 -69.5 0.5522330836388308 15
0000 0012 1710577156400 -42.3125 -59.0 1.88986433067511 15
0000 0008 1710577156400 -32.5 -57.5 4.270602513473625 15
0000 0006 1710577156401 -48.8125 -69.5 2.5341362615870793 15
0000 0002 1710577156401 35.75 -71.0 2.030990563160589 15
0000 0015 1710577156401 -35.75 -60.0 3.7122335066832517 15
0000 0004 1710577156401 9.75 -62.5 1.9082721001297376 15
0000 0003 1710577156402 32.5 -67.0 5.0682725231741586 15
0000 0014 1710577156403 29.25 -72.0 0.5399612373357456 15
0000 0004 1710577156624 19.5 -63.0 1.6198837120072371 15
0000 0003 1710577156624 3.25 -67.5 5.375068680751287 15
0000 0015 1710577156624 42.3125 -60.0 3.6079228131070282 15
0000 0008 1710577156624 -3.25 -61.0 4.04357335686655 15
0000 0002 1710577156625 -32.5 -69.5 2.110757564130642 15
0000 0007 1710577156625 61.8125 -65.0 4.362641360746763 15
0000 0013 1710577156625 9.75 -68.0 0.8406214717613314 15
0000 0005 1710577156625 -3.25 -62.0 5.098952138931871 15
0000 0012 1710577156626 -21.125 -60.0 1.8285050991596843 15
0000 0006 1710577156626 -74.8125 -69.5 3.074097498922825 15
0000 0014 1710577156626 -6.0625 -76.0 0.8099418560036186 15
0000 0007 1710577156626 -19.5 -64.0 4.264466590322082 15
0000 0012 1710577156627 0.0 -61.0 1.7978254834019713 15
0000 0013 1710577156627 3.25 -70.5 1.0737865515199487 15
0000 0005 1710577156627 -22.75 -61.5 5.0253210611133605 15
0000 0008 1710577156628 19.5 -63.0 4.037437433715008 15
0000 0002 1710577156628 94.375 -71.0 1.9696313316451632 15
0000 0003 1710577156628 74.8125 -68.0 5.448699758569798 15
0000 0015 1710577156629 26.0 -59.5 3.5588354278946874 15
0000 0004 1710577156629 22.75 -62.5 1.325359400733194 15
0000 0006 1710577156629 -139.9375 -69.0 3.074097498922825 15
0000 0014 1710577156680 3.0 -76.0 0.8958447801252144 15
0000 0015 1710577156854 -3.25 -60.0 3.6079228131070282 15
0000 0006 1710577156854 78.0625 -69.5 2.6568547246179306 15
0000 0004 1710577156854 -3.25 -62.0 1.1351457830353744 15
0000 0012 1710577156855 0.0 -61.0 1.761009944492716 15
0000 0005 1710577156855 -3.25 -62.0 4.755340442445488 15
0000 0008 1710577156855 -71.5625 -65.5 4.1417481272912315 15
0000 0007 1710577156856 -6.5 -64.0 3.6876898140770815 15
0000 0003 1710577156856 -42.3125 -67.5 5.626641529964532 15
0000 0002 1710577156856 -58.5625 -69.5 2.141437179888355 15
0000 0013 1710577156856 9.75 -70.5 1.0492428589137786 15
0000 0014 1710577156857 9.75 -75.5 0.760854470791278 15
0000 0012 1710577156857 -13.0 -61.5 1.7916895602504288 15
0000 0006 1710577156857 110.625 -70.0 2.5832236467994196 15
0000 0008 1710577156857 -48.8125 -67.0 3.988350048502667 15
0000 0003 1710577156858 162.75 -68.0 5.240078371417351 15
0000 0015 1710577156858 9.75 -59.5 3.6079228131070282 15
0000 0005 1710577156858 -55.3125 -61.5 4.6448938257177215 15
0000 0002 1710577156859 68.3125 -69.0 2.012582793705961 15
0000 0007 1710577156859 9.75 -63.0 3.2520392703175593 15
0000 0004 1710577156859 6.5 -61.5 0.9510680884890975 15
0000 0013 1710577156859 -71.5625 -71.0 0.8651651643675016 15
0000 0014 1710577156921 -6.6875 -75.0 0.944932165337555 15
0000 0003 1710577157088 16.25 -67.5 5.5284667595398505 15
0000 0006 1710577157088 -61.8125 -69.0 2.773437264497239 15
0000 0015 1710577157089 -32.5 -59.5 3.6692820446224537 15
0000 0005 1710577157089 35.75 -62.0 4.442408361716817 15
0000 0004 1710577157090 42.3125 -61.0 0.8651651643675016 15
0000 0012 1710577157090 13.8125 -61.5 1.736466251886546 15
0000 0002 1710577157090 13.0 -69.5 1.8960002538266525 15
0000 0008 1710577157090 -58.5625 -67.0 4.049709280018092 15
0000 0007 1710577157091 68.3125 -63.0 2.988194574801229 15
0000 0013 1710577157091 -16.25 -72.0 0.7240389318820226 15
0000 0014 1710577157091 -44.75 -74.5 0.7976700097005334 15
0000 0002 1710577157092 -55.3125 -70.0 2.0923497946760143 15
0000 0008 1710577157092 -48.8125 -67.5 4.049709280018092 15
0000 0015 1710577157093 0.0 -60.0 3.6017868899554855 15
0000 0013 1710577157093 -146.4375 -72.0 1.043106935762236 15
0000 0006 1710577157093 -22.75 -69.5 2.82252464970958 15
0000 0005 1710577157093 45.5625 -62.0 4.3933209765044765 15
0000 0007 1710577157094 42.3125 -63.5 3.0802334220743677 15
0000 0012 1710577157094 42.3125 -61.5 1.662835174068035 15
0000 0004 1710577157094 -39.0 -61.5 1.0492428589137786 15
0000 0003 1710577157095 -113.875 -67.5 5.595961914206819 15
0000 0014 1710577157171 -30.0625 -74.5 3.9914180100784384 15
0000 0006 1710577157319 120.4375 -70.0 2.650718801466388 15
0000 0005 1710577157319 -19.5 -62.0 4.589670517353839 15
0000 0004 1710577157319 6.5 -61.5 1.000155473701438 15
0000 0013 1710577157320 45.5625 -69.5 0.6135923151542565 15
0000 0012 1710577157320 58.5625 -61.5 1.6321555583103222 15
0000 0007 1710577157320 -45.5625 -64.5 3.3379421944391554 15
0000 0003 1710577157321 -6.5 -67.5 5.448699758569798 15
0000 0008 1710577157321 -68.3125 -67.0 4.0558452031696355 15
0000 0015 1710577157321 13.0 -60.0 3.5772431973493153 15
0000 0002 1710577157321 149.6875 -69.5 1.8775924843720249 15
0000 0014 1710577157322 1.8125 -75.5 0.760854470791278 15
0000 0004 1710577157322 13.0 -61.5 1.0185632431560658 15
0000 0002 1710577157323 78.0625 -69.5 1.8530487917658545 15
0000 0005 1710577157323 -45.5625 -61.5 4.6448938257177215 15
0000 0012 1710577157323 3.25 -62.0 1.6751070203711202 15
0000 0008 1710577157324 65.0625 -66.5 3.859495662320273 15
0000 0006 1710577157324 32.5 -69.5 2.736621725587984 15
0000 0003 1710577157324 -130.1875 -67.0 5.681864838328415 15
0000 0015 1710577157324 9.75 -60.0 3.6079228131070282 15
0000 0007 1710577157325 -13.0 -64.0 3.5036121195308043 15
0000 0013 1710577157325 87.875 -70.0 0.760854470791278 15
0000 0014 1710577157421 19.5 -75.5 0.7731263170943632 15
0000 0013 1710577157559 -166.0 -71.0 0.9756117810952678 15
0000 0005 1710577157559 26.0 -62.5 4.442408361716817 15
0000 0015 1710577157560 -16.25 -60.0 3.6140587362585705 15
0000 0007 1710577157560 -58.5625 -64.5 3.368621810196868 15
0000 0003 1710577157560 0.0 -68.0 5.448699758569798 15
0000 0012 1710577157560 -26.0 -62.0 1.718058482431918 15
0000 0008 1710577157561 -61.8125 -67.0 4.1172044346850605 15
0000 0004 1710577157561 -16.25 -61.0 1.0246991663076084 15
0000 0002 1710577157562 29.25 -71.0 2.0923497946760143 15
0000 0006 1710577157562 35.75 -69.5 2.8532042654672924 15
0000 0014 1710577157562 -0.5625 -75.5 0.8835729338221293 15
0000 0005 1710577157563 -48.8125 -62.0 4.540583132141498 15
0000 0008 1710577157564 -84.625 -66.0 3.54042765844006 15
0000 0014 1710577157564 -35.75 -73.0 0.8283496254582462 15
0000 0013 1710577157564 192.0 -69.5 6.2463697682703305 15
0000 0015 1710577157564 6.5 -60.0 3.6079228131070282 15
0000 0004 1710577157565 19.5 -61.0 0.9510680884890975 15
0000 0002 1710577157565 13.0 -71.0 1.9757672547967058 15
0000 0006 1710577157565 74.8125 -70.0 2.60776733940559 15
0000 0007 1710577157565 -39.0 -63.5 3.1354567304382504 15
0000 0003 1710577157566 -91.125 -68.0 5.595961914206819 15
0000 0012 1710577157566 3.25 -61.5 1.086058397823034 15
0000 0007 1710577157672 22.75 -63.5 2.988194574801229 15
0000 0006 1710577157672 130.1875 -69.5 2.454369260617026 15
0000 0004 1710577157672 32.5 -61.0 0.9326603190344698 15
0000 0013 1710577157672 -58.5625 -70.5 0.30066023442558565 15
0000 0005 1710577157673 -34.9375 -61.5 4.424000592262189 15
0000 0015 1710577157673 0.0 -60.0 3.6386024288647407 15
0000 0012 1710577157673 39.0 -61.0 1.0799224746714913 15
0000 0008 1710577157673 -48.8125 -67.0 3.472932503773092 15
0000 0003 1710577157674 -3.25 -68.0 5.5284667595398505 15
0000 0002 1710577157674 110.625 -70.5 1.859184714917397 15
0000 0014 1710577157674 -91.125 -74.0 1.086058397823034 15
0000 0012 1710577157888 19.5 -61.5 1.1106020904292042 15
0000 0006 1710577157888 6.5 -70.0 2.705942109830271 15
0000 0014 1710577157889 65.0625 -72.5 0.7117670855789375 15
0000 0007 1710577157889 -13.0 -63.5 3.055689729468197 15
0000 0002 1710577157889 13.0 -70.0 1.9880391010997909 15
0000 0008 1710577157889 32.5 -66.5 3.3379421944391554 15
0000 0005 1710577157890 -26.0 -62.5 4.424000592262189 15
0000 0015 1710577157890 -26.0 -60.0 3.6876898140770815 15
0000 0003 1710577157890 -22.75 -67.5 5.559146375297564 15
0000 0004 1710577157891 22.75 -61.0 0.9387962421860124 15
0000 0013 1710577157891 -29.25 -70.0 0.2086213871524472 15
0000 0006 1710577157891 65.0625 -70.0 2.7120780329818137 15
0000 0015 1710577157892 13.0 -60.0 3.6263305825616556 15
0000 0002 1710577157892 58.5625 -70.0 1.945087639038993 15
0000 0005 1710577157893 -45.5625 -62.0 4.411728745959104 15
0000 0013 1710577157893 26.0 -70.0 0.25157284921324513 15
0000 0004 1710577157893 29.25 -61.0 0.9326603190344698 15
0000 0012 1710577157893 55.3125 -62.0 1.1044661672776617 15
0000 0014 1710577157894 68.3125 -73.5 0.7669903939428205 15
0000 0008 1710577157894 -35.75 -66.5 3.479068426924634 15
0000 0007 1710577157894 13.0 -63.5 3.018874190558942 15
0000 0003 1710577157894 84.625 -67.5 5.344389064993574 15
0000 0013 1710577158113 26.0 -69.5 0.25770877236478773 15
0000 0008 1710577158113 48.8125 -66.5 3.2765829629237295 15
0000 0004 1710577158114 -16.25 -60.5 1.0369710126106935 15
0000 0007 1710577158114 65.0625 -63.5 2.9145634969827183 15
0000 0006 1710577158114 -48.8125 -70.0 2.890019804376548 15
0000 0003 1710577158114 -19.5 -68.5 5.491651220630596 15
0000 0015 1710577158115 -32.5 -60.0 3.6815538909255388 15
0000 0002 1710577158115 32.5 -70.0 2.000310947402876 15
0000 0012 1710577158115 9.75 -61.5 1.1535535524900022 15
0000 0005 1710577158116 -3.25 -62.0 4.356505437595221 15
0000 0014 1710577158116 74.8125 -74.0 0.7240389318820226 15
0000 0012 1710577158116 0.0 -61.5 1.184233168247715 15
0000 0002 1710577158116 195.25 -70.0 1.859184714917397 15
0000 0005 1710577158117 -13.0 -62.0 4.405592822807561 15
0000 0006 1710577158117 107.375 -69.5 2.497320722677824 15
0000 0008 1710577158117 -58.5625 -66.0 3.4913402732277192 15
0000 0003 1710577158117 52.0625 -67.5 5.313709449235861 15
0000 0007 1710577158118 19.5 -63.0 2.9636508821950587 15
0000 0015 1710577158118 22.75 -60.0 3.6263305825616556 15
0000 0004 1710577158118 13.0 -61.0 0.9572040116406401 15
0000 0014 1710577158119 -58.5625 -72.0 0.8713010875190442 15
0000 0013 1710577158119 -48.8125 -70.5 0.34974761963792617 15
0000 0003 1710577158337 65.0625 -67.0 5.356660911296659 15
0000 0002 1710577158337 152.9375 -69.0 1.8346410223112268 15
0000 0013 1710577158337 74.8125 -70.0 0.23316507975861744 15
0000 0007 1710577158337 -9.75 -63.0 2.9206994201342606 15
0000 0012 1710577158338 21.125 -62.0 1.1351457830353744 15
0000 0005 1710577158338 3.25 -62.0 4.399456899656019 15
0000 0004 1710577158338 -9.75 -61.0 0.9878836273983529 15
0000 0008 1710577158338 -104.125 -66.5 3.5281558121369745 15
0000 0014 1710577158339 -29.25 -72.0 0.8222137023067037 15
0000 0015 1710577158339 -32.5 -60.0 3.7122335066832517 15
0000 0006 1710577158339 -22.75 -70.0 2.730485802436441 15
0000 0015 1710577158339 -19.5 -60.0 3.6386024288647407 15
0000 0005 1710577158340 -22.75 -62.5 4.368777283898306 15
0000 0006 1710577158340 -19.5 -69.5 2.804116880254952 15
0000 0004 1710577158340 -35.75 -61.0 1.0369710126106935 15
0000 0012 1710577158340 -29.25 -61.5 1.227184630308513 15
0000 0007 1710577158341 9.75 -63.0 2.9145634969827183 15
0000 0008 1710577158341 -32.5 -66.0 3.4054373491061236 15
0000 0013 1710577158341 -16.25 -70.0 0.3190680038802134 15
0000 0003 1710577158342 -149.6875 -68.0 5.6941366846315 15
0000 0002 1710577158342 -126.9375 -70.0 2.2150682577068657 15
0000 0014 1710577158342 231.0625 -74.0 0.7179030087304801 15
0000 0004 1710577158556 -6.5 -61.0 0.944932165337555 15
0000 0013 1710577158556 -55.3125 -69.5 0.3620194659410113 15
0000 0015 1710577158556 3.25 -60.0 3.6386024288647407 15
0000 0005 1710577158556 6.5 -62.0 4.411728745959104 15
0000 0012 1710577158557 34.9375 -62.0 1.1106020904292042 15
0000 0002 1710577158557 29.25 -69.5 2.055534255766759 15
0000 0006 1710577158557 -117.125 -69.5 3.104777114680538 15
0000 0007 1710577158557 39.0 -63.0 2.8654761117703775 15
0000 0014 1710577158557 35.75 -72.5 0.8283496254582462 15
0000 0008 1710577158558 52.0625 -66.0 3.3011266555298997 15
0000 0003 1710577158558 -81.375 -68.0 5.595961914206819 15
0000 0003 1710577158558 -29.25 -67.0 5.516194913236766 15
0000 0015 1710577158559 3.25 -60.0 3.6324665057131984 15
0000 0014 1710577158559 -97.625 -73.5 1.1535535524900022 15
0000 0012 1710577158559 26.0 -61.5 1.184233168247715 15
0000 0004 1710577158559 -3.25 -61.0 0.9756117810952678 15
0000 0008 1710577158560 84.625 -65.0 3.2397674240144743 15
0000 0007 1710577158560 -26.0 -63.5 3.11091303783208 15
0000 0006 1710577158560 42.3125 -69.5 2.497320722677824 15
0000 0002 1710577158560 19.5 -70.0 2.055534255766759 15
0000 0013 1710577158561 81.375 -71.0 0.0674951546669682 15
0000 0005 1710577158561 -22.75 -62.5 4.4976316700806995 15
0000 0013 1710577158679 42.3125 -71.0 0.22089323345553233 15
0000 0004 1710577158679 -3.25 -61.0 1.000155473701438 15
0000 0005 1710577158679 -13.0 -62.0 4.583534594202296 15
0000 0006 1710577158680 39.0 -69.0 2.5709518004963345 15
0000 0012 1710577158680 -42.3125 -61.0 1.2210487071569704 15
0000 0015 1710577158680 -29.25 -60.0 3.6815538909255388 15
0000 0002 1710577158680 45.5625 -69.0 1.9573594853420782 15
0000 0008 1710577158681 -81.375 -65.0 3.509748042682347 15
0000 0003 1710577158681 3.25 -68.0 5.516194913236766 15
0000 0007 1710577158681 -16.25 -63.5 3.2336315008629315 15
0000 0014 1710577158682 -192.0 -73.0 1.0615147052168636 15
