0009 0014 1710052766847 -16.25 -65.5 4.313553975534423 1
0009 0013 1710052766868 13.8125 -58.0 6.135923151542564 1
0009 0000 1710052766868 -42.3125 -58.5 3.184544115650591 1
0009 0007 1710052766869 48.8125 -65.0 2.043262409463674 1
0009 0004 1710052766869 -91.125 -66.5 4.577398671050753 1
0009 0015 1710052766870 -13.0 -57.0 2.12916533358527 1
0009 0012 1710052766870 -19.5 -57.5 3.6447383520162835 1
0009 0003 1710052766871 -94.375 -68.0 5.5284667595398505 1
0009 0001 1710052766871 26.0 -69.5 1.0615147052168636 1
0009 0010 1710052766872 169.25 -70.0 0.8467573949128739 1
0009 0011 1710052766872 58.5625 -68.0 3.8717675086233583 1
0009 0005 1710052766873 -15.4375 -71.5 0.09510680884890975 1
0009 0006 1710052766873 0.0 -71.5 2.429825568010856 1
0009 0002 1710052766874 4.875 -75.0 0.14112623248547898 1
0009 0008 1710052766874 19.5 -75.0 1.1228739367322893 1
0009 0009 1710052766875 24.375 -76.5 4.693981210930062 1
0009 0001 1710052766947 -172.5 -69.0 1.4910293258248433 1
0009 0015 1710052766947 32.5 -57.5 2.110757564130642 1
0009 0011 1710052766949 -55.3125 -68.5 4.080388895775806 1
0009 0005 1710052766949 -58.5625 -71.0 3.3011266555298997 1
0009 0003 1710052766950 -10.5625 -67.5 5.485515297479052 1
0009 0013 1710052766951 24.375 -58.0 6.1420590746941075 1
0009 0004 1710052766952 -26.0 -67.5 4.4362724385652745 1
0009 0007 1710052766954 24.375 -66.5 2.141437179888355 1
0009 0010 1710052766955 94.375 -70.0 0.859029241215959 1
0009 0012 1710052766955 -22.75 -57.5 3.724505352986337 1
0009 0014 1710052766956 -39.0 -65.0 4.442408361716817 1
0009 0000 1710052766957 16.25 -58.5 3.227495577711389 1
0009 0002 1710052766959 1.1875 -76.5 0.34974761963792617 1
0009 0009 1710052766961 15.8125 -76.0 4.878058905476339 1
0009 0008 1710052766962 -3.625 -75.0 1.41126232485479 1
0009 0006 1710052766963 8.5 -72.0 2.337786720737717 1
0009 0012 1710052767086 -13.0 -58.0 3.77972866135022 1
0009 0014 1710052767087 -35.75 -66.0 4.374913207049849 1
0009 0000 1710052767088 -13.0 -58.5 3.368621810196868 1
0009 0005 1710052767089 -71.5625 -69.5 3.5465635815916023 1
0009 0004 1710052767090 -6.5 -66.5 4.503767593232243 1
0009 0007 1710052767091 -3.25 -65.5 2.3071071049800045 1
0009 0003 1710052767092 3.25 -67.0 5.638913376267617 1
0009 0015 1710052767093 52.0625 -57.5 1.945087639038993 1
0009 0011 1710052767094 -91.125 -69.0 4.1172044346850605 1
0009 0013 1710052767095 -24.375 -58.0 6.258641614573416 1
0009 0010 1710052767096 -65.0625 -69.0 1.2210487071569704 1
0009 0001 1710052767097 26.8125 -70.5 1.4756895179459868 1
0009 0008 1710052767098 -5.4375 -74.5 1.423534171157875 1
0009 0009 1710052767099 -26.1875 -76.0 4.878058905476339 1
0009 0002 1710052767100 12.8125 -75.5 0.32520392703175593 1
0009 0006 1710052767101 -15.25 -71.5 2.429825568010856 1
0009 0004 1710052767243 -104.125 -66.0 4.693981210930062 1
0009 0005 1710052767244 -52.0625 -69.0 3.7122335066832517 1
0009 0000 1710052767245 19.5 -58.5 3.6876898140770815 1
0009 0012 1710052767246 9.75 -57.0 4.178563666200486 1
0009 0003 1710052767247 -32.5 -66.5 5.853670686571607 1
0009 0011 1710052767248 -26.0 -70.5 3.865631585471816 1
0009 0014 1710052767248 -156.1875 -64.5 4.546719055293041 1
0009 0013 1710052767250 24.375 -57.0 0.16566992509164924 1
0009 0015 1710052767251 9.75 -62.5 1.325359400733194 1
0009 0007 1710052767252 -107.375 -65.0 2.4850488763747385 1
0009 0001 1710052767252 -185.5 -70.0 2.448233337465483 1
0009 0010 1710052767253 -55.3125 -68.5 1.1228739367322893 1
0009 0006 1710052767254 6.0625 -71.5 2.018718716857504 1
0009 0002 1710052767255 22.5625 -76.0 4.0987966652304335 1
0009 0008 1710052767418 0.4375 -74.5 0.7363107781851077 1
0009 0008 1710052767419 -9.75 -72.0 0.5338253141842031 1
0009 0014 1710052767420 9.75 -65.0 4.356505437595221 1
0009 0000 1710052767421 -19.5 -58.0 4.135612204139688 1
0009 0003 1710052767422 39.0 -68.5 6.19728238305799 1
0009 0001 1710052767422 156.1875 -69.0 2.552544031041707 1
0009 0007 1710052767423 41.5 -65.5 1.8653206380689396 1
0009 0013 1710052767424 10.5625 -53.5 0.42337869745643697 1
0009 0004 1710052767425 -48.8125 -64.5 3.693825737228624 1
0009 0012 1710052767426 -13.0 -56.5 5.66959299202533 1
0009 0002 1710052767426 -246.5625 -74.5 4.571262747899211 1
0009 0015 1710052767427 -175.75 -71.5 0.6013204688511713 1
0009 0010 1710052767428 65.0625 -64.5 5.356660911296659 1
0009 0006 1710052767429 -10.5625 -70.5 4.460816131171445 1
0009 0011 1710052767430 -4.375 -73.5 0.14726215563702155 1
0009 0005 1710052767431 2.875 -71.0 5.332117218690489 1
0009 0012 1710052767501 -9.75 -56.5 0.18407769454627693 1
0009 0003 1710052767502 183.875 -70.0 5.473243451175968 1
0009 0002 1710052767503 26.0 -72.0 4.7860200582032 1
0009 0014 1710052767503 -39.0 -66.5 4.473087977474529 1
0009 0010 1710052767504 -26.0 -56.0 3.9638063558964967 1
0009 0000 1710052767505 -35.75 -56.5 4.135612204139688 1
0009 0007 1710052767506 3.25 -67.5 6.19728238305799 1
0009 0006 1710052767507 -16.25 -66.5 0.4295146206079795 1
0009 0011 1710052767508 126.9375 -68.5 5.062136600022616 1
0009 0004 1710052767509 6.5 -57.0 2.4911847995262812 1
0009 0008 1710052767509 -26.0 -64.5 5.816855147662351 1
0009 0001 1710052767510 13.0 -65.0 3.5465635815916023 1
0009 0013 1710052767511 10.5625 -51.5 0.4111068511533518 1
0009 0005 1710052767512 9.75 -66.0 2.030990563160589 1
0009 0015 1710052767513 12.8125 -77.0 5.970253226450915 1
0009 0009 1710052767514 -3.0 -72.0 0.5399612373357456 1
0009 0001 1710052767675 -61.8125 -63.5 4.301282129231338 1
0009 0012 1710052767676 55.3125 -62.0 1.1719613219446299 1
0009 0013 1710052767677 -21.125 -54.0 1.1044661672776617 1
0009 0010 1710052767677 -16.25 -60.5 1.6566992509164924 1
0009 0005 1710052767678 6.5 -66.5 2.36846633649543 1
0009 0011 1710052767679 -3.25 -69.5 3.1661363461959633 1
0009 0003 1710052767680 -90.3125 -69.0 5.798447378207723 1
0009 0000 1710052767681 -3.25 -62.0 3.4054373491061236 1
0009 0004 1710052767681 -26.0 -61.0 1.7426021750380885 1
0009 0007 1710052767682 24.375 -67.5 4.172427743048944 1
0009 0014 1710052767683 -55.3125 -68.0 5.056000676871073 1
0009 0008 1710052767684 35.75 -73.0 2.380738182798515 1
0009 0002 1710052767684 -4.5625 -76.5 6.031612457966341 1
0009 0002 1710052767685 -62.625 -72.5 1.9389517158874505 1
0009 0000 1710052767686 -29.25 -59.0 1.6321555583103222 1
0009 0013 1710052767687 13.8125 -59.5 1.6321555583103222 1
0009 0007 1710052767687 0.0 -67.0 1.902136176978195 1
0009 0004 1710052767688 -22.75 -56.0 5.295301679781233 1
0009 0008 1710052767689 13.0 -66.5 1.3867186322486196 1
0009 0012 1710052767690 130.1875 -70.0 1.4971652489763858 1
0009 0001 1710052767691 -13.0 -64.5 3.2090878082567613 1
0009 0011 1710052767740 -1.1875 -74.0 4.9394181369917645 1
0009 0005 1710052767740 2.5625 -70.0 4.037437433715008 1
0009 0006 1710052767991 0.75 -72.5 0.6688156235181395 1
0009 0001 1710052767992 22.75 -62.5 2.7857091108003242 1
0009 0005 1710052767993 29.25 -71.0 4.779884135051658 1
0009 0000 1710052767994 32.5 -63.0 0.4172427743048944 1
0009 0004 1710052767995 -9.75 -61.0 4.516039439535327 1
0009 0006 1710052767995 139.9375 -69.0 0.4908738521234052 1
0009 0007 1710052767996 69.125 -68.0 0.2761165418194154 1
0009 0008 1710052767997 22.75 -73.0 4.770680250324344 1
0009 0000 1710052767998 -58.5625 -62.0 4.693981210930062 1
0009 0004 1710052767998 -3.25 -62.5 1.8285050991596843 1
0009 0001 1710052767999 -3.25 -66.5 2.411417798556228 1
0009 0008 1710052768000 -45.5625 -66.5 1.6996507129772904 1
0009 0006 1710052768001 -48.8125 -65.5 1.3069516312785663 1
0009 0004 1710052768002 -3.25 -58.5 1.184233168247715 1
0009 0008 1710052768003 -175.75 -69.0 2.000310947402876 1
0009 0001 1710052768004 32.5 -67.0 1.3499030933393643 1
0009 0000 1710052768004 -52.0625 -61.5 4.006757817957295 1
0009 0008 1710052768241 198.5625 -72.0 1.3928545554001621 1
0009 0000 1710052768241 6.5 -62.5 3.7551849687440497 1
0009 0004 1710052768242 42.3125 -58.0 1.1106020904292042 1
0009 0001 1710052768242 -9.75 -65.5 1.1535535524900022 1
0009 0004 1710052768243 -3.25 -58.0 1.3989904785517047 1
0009 0000 1710052768244 9.75 -63.0 3.988350048502667 1
0009 0001 1710052768244 48.8125 -66.0 1.3130875544301088 1
0009 0008 1710052768245 100.875 -72.0 1.7241944055834606 1
0009 0001 1710052768500 -13.0 -65.0 1.7978254834019713 1
0009 0000 1710052768501 45.5625 -63.0 4.061981126321178 1
0009 0004 1710052768503 42.3125 -58.0 1.736466251886546 1
0009 0008 1710052768503 110.625 -72.0 2.0064468705544187 1
0009 0000 1710052768504 13.0 -63.5 4.09266074207889 1
0009 0004 1710052768504 42.3125 -57.5 1.7548740213411735 1
0009 0001 1710052768505 113.875 -64.5 1.7119225592803755 1
0009 0008 1710052768506 32.5 -72.0 1.9205439464328227 1
0009 0000 1710052768741 0.0 -64.0 4.104932588381976 1
0009 0001 1710052768742 71.5625 -64.5 1.6137477888556946 1
0009 0004 1710052768742 22.75 -58.0 1.6321555583103222 1
0009 0008 1710052768743 -58.5625 -75.0 5.206330794083867 1
0009 0000 1710052768744 13.0 -64.5 3.9269908169872414 1
0009 0001 1710052768744 -26.0 -65.5 1.7241944055834606 1
0009 0004 1710052768745 16.25 -58.0 1.5462526341887264 1
0009 0008 1710052768746 -120.4375 -74.0 2.073942025221387 1
0009 0004 1710052768746 26.0 -58.0 1.4726215563702154 1
0009 0001 1710052768747 52.0625 -64.0 1.0799224746714913 1
0009 0000 1710052768748 22.75 -64.0 3.77972866135022 1
0009 0008 1710052768748 59.375 -75.0 4.948622021719078 1
0009 0001 1710052768991 6.5 -65.5 0.9817477042468103 1
0009 0004 1710052768991 45.5625 -58.0 1.423534171157875 1
0009 0000 1710052768992 35.75 -64.0 3.730641276137879 1
0009 0008 1710052768993 12.1875 -74.5 1.748738098189631 1
0009 0004 1710052768993 3.25 -57.5 1.3744467859455345 1
0009 0001 1710052768994 26.0 -65.0 0.8099418560036186 1
0009 0008 1710052768995 -6.5 -72.5 1.7916895602504288 1
0009 0000 1710052768996 -32.5 -64.0 3.6692820446224537 1
0009 0004 1710052769241 13.0 -58.0 1.3192234775816514 1
0009 0001 1710052769242 91.125 -65.5 0.5706408530934585 1
0009 0000 1710052769243 32.5 -63.5 3.479068426924634 1
0009 0008 1710052769243 -68.3125 -72.0 1.521708941582556 1
0009 0001 1710052769244 32.5 -65.0 0.5460971604872883 1
0009 0004 1710052769245 32.5 -58.0 1.2210487071569704 1
0009 0000 1710052769245 13.0 -63.5 3.411573272257666 1
0009 0008 1710052769246 97.625 -71.5 1.521708941582556 1
0009 0001 1710052769247 146.4375 -66.0 0.1595340019401067 1
0009 0008 1710052769247 188.75 -71.5 1.1596894756415448 1
0009 0004 1710052769248 -3.25 -58.0 1.2087768608538851 1
0009 0000 1710052769249 -48.8125 -63.0 3.454524734318464 1
0009 0004 1710052769490 13.0 -58.0 1.1167380135807468 1
0009 0001 1710052769491 29.25 -66.5 0.3190680038802134 1
0009 0000 1710052769491 0.0 -63.5 3.411573272257666 1
0009 0008 1710052769492 100.875 -71.0 1.2578642460662257 1
0009 0001 1710052769492 29.25 -66.0 0.3865631585471816 1
0009 0008 1710052769493 55.3125 -72.0 1.4542137869155878 1
0009 0000 1710052769494 -45.5625 -63.0 3.5036121195308043 1
0009 0004 1710052769495 22.75 -58.0 1.0983302441261191 1
0009 0001 1710052769740 19.5 -66.0 0.34974761963792617 1
0009 0000 1710052769741 9.75 -63.0 3.479068426924634 1
0009 0008 1710052769741 -117.125 -71.5 1.5585244804918115 1
0009 0004 1710052769742 6.5 -58.0 1.1228739367322893 1
0009 0008 1710052769743 198.5625 -70.0 1.1290098598838318 1
0009 0001 1710052769743 87.875 -66.0 0.34974761963792617 1
0009 0004 1710052769744 9.75 -58.0 1.1290098598838318 1
0009 0000 1710052769745 -22.75 -62.5 3.5342917352885173 1
0009 0008 1710052769745 146.4375 -71.0 1.3744467859455345 1
0009 0000 1710052769746 26.0 -62.5 3.442252888015379 1
0009 0001 1710052769747 35.75 -66.0 0.25770877236478773 1
0009 0004 1710052769747 3.25 -58.0 1.1474176293384597 1
0009 0004 1710052769992 52.0625 -58.0 1.043106935762236 1
0009 0000 1710052769992 -13.0 -63.0 3.4606606574700063 1
0009 0001 1710052769993 22.75 -67.0 0.30066023442558565 1
0009 0008 1710052769994 48.8125 -71.0 1.3928545554001621 1
0009 0008 1710052769994 74.8125 -71.0 1.3621749396424494 1
0009 0000 1710052769995 16.25 -62.5 3.466796580621549 1
0009 0001 1710052769996 35.75 -66.5 0.34974761963792617 1
0009 0004 1710052769996 13.0 -58.0 1.1106020904292042 1
0009 0000 1710052769997 -42.3125 -62.0 3.5281558121369745 1
0009 0004 1710052769998 61.8125 -58.0 1.043106935762236 1
0009 0001 1710052769998 42.3125 -66.0 0.25157284921324513 1
0009 0008 1710052770011 -29.25 -70.5 1.6382914814618648 1
0009 0008 1710052770251 45.5625 -71.5 1.5033011721279284 1
0009 0004 1710052770251 29.25 -58.0 1.043106935762236 1
0009 0000 1710052770252 -45.5625 -62.5 3.5036121195308043 1
0009 0001 1710052770252 6.5 -66.0 0.2699806186678728 1
0009 0001 1710052770253 22.75 -66.5 0.28838838812250056 1
0009 0004 1710052770254 35.75 -58.0 1.0185632431560658 1
0009 0000 1710052770254 22.75 -63.0 3.4177091954092087 1
0009 0008 1710052770255 -9.75 -71.0 1.6873788666742053 1
0009 0008 1710052770491 166.0 -70.0 1.2517283229146832 1
0009 0004 1710052770491 9.75 -58.0 1.0369710126106935 1
0009 0000 1710052770492 -6.5 -62.0 3.472932503773092 1
0009 0001 1710052770492 22.75 -67.0 0.20248546400090464 1
0009 0008 1710052770493 -58.5625 -71.0 1.6198837120072371 1
0009 0001 1710052770493 -39.0 -66.5 0.28838838812250056 1
0009 0000 1710052770494 35.75 -62.5 3.313398501832985 1
0009 0004 1710052770495 26.0 -58.0 1.0492428589137786 1
0009 0000 1710052770495 19.5 -62.5 3.3318062712876126 1
0009 0008 1710052770496 26.0 -70.5 1.4480778637640452 1
0009 0001 1710052770497 -35.75 -65.0 0.22089323345553233 1
0009 0004 1710052770497 0.0 -58.0 1.0983302441261191 1
0009 0004 1710052770740 52.0625 -58.0 1.030835089459151 1
0009 0000 1710052770741 -55.3125 -62.0 3.429981041712294 1
0009 0001 1710052770742 -48.8125 -66.5 0.32520392703175593 1
0009 0008 1710052770742 -9.75 -70.0 1.4910293258248433 1
0009 0001 1710052770743 -29.25 -66.5 0.19634954084936207 1
0009 0004 1710052770743 19.5 -57.5 1.0615147052168636 1
0009 0000 1710052770744 6.5 -62.0 3.3440781175906977 1
0009 0008 1710052770745 -13.0 -70.0 1.4419419406125027 1
0009 0000 1710052770991 0.0 -62.0 3.32567034813607 1
0009 0001 1710052770992 -74.8125 -66.0 0.23930100291016002 1
0009 0004 1710052770992 22.75 -57.5 1.086058397823034 1
0009 0008 1710052770999 78.0625 -70.0 1.380582709097077 1
0009 0000 1710052771000 -13.0 -63.0 3.3624858870453256 1
0009 0008 1710052771001 39.0 -70.0 1.4726215563702154 1
0009 0004 1710052771001 16.25 -58.0 1.1106020904292042 1
0009 0001 1710052771002 65.0625 -66.0 0.04295146206079795 1
0009 0004 1710052771003 3.25 -57.5 1.1474176293384597 1
0009 0001 1710052771003 -3.25 -65.5 0.2638446955163303 1
0009 0000 1710052771004 -35.75 -61.5 3.4177091954092087 1
0009 0008 1710052771004 -71.5625 -69.5 1.533980787885641 1
0009 0001 1710052771250 45.5625 -66.0 0.030679615757712823 1
0009 0008 1710052771251 -52.0625 -69.5 1.7671458676442586 1
0009 0000 1710052771251 -16.25 -62.5 3.380893656499953 1
0009 0004 1710052771252 16.25 -58.0 1.1106020904292042 1
0009 0004 1710052771252 16.25 -57.5 1.0983302441261191 1
0009 0008 1710052771253 13.0 -69.5 1.576932249946439 1
0009 0001 1710052771253 9.75 -67.0 0.12885438618239387 1
0009 0000 1710052771254 -16.25 -62.0 3.4177091954092087 1
0009 0004 1710052771255 13.0 -58.0 1.1167380135807468 1
0009 0008 1710052771255 -9.75 -70.0 1.4910293258248433 1
0009 0001 1710052771256 68.3125 -66.0 0.0674951546669682 1
0009 0000 1710052771257 19.5 -61.5 3.3318062712876126 1
0009 0000 1710052771492 19.5 -62.5 3.32567034813607 1
0009 0008 1710052771493 -104.125 -69.0 1.5278448647340985 1
0009 0001 1710052771493 -22.75 -66.5 0.1595340019401067 1
0009 0004 1710052771494 -13.0 -57.5 1.1658253987930873 1
0009 0000 1710052771494 -9.75 -62.0 3.3318062712876126 1
0009 0004 1710052771495 -32.5 -58.0 1.1965050145508 1
0009 0001 1710052771495 3.25 -66.0 6.258641614573416 1
0009 0008 1710052771496 -16.25 -70.0 1.4910293258248433 1
0009 0000 1710052771738 -55.3125 -62.0 3.3440781175906977 1
0009 0004 1710052771739 22.75 -57.5 1.0921943209745766 1
0009 0001 1710052771739 -3.25 -66.0 6.277049384028044 1
0009 0008 1710052771740 -9.75 -70.5 1.5953400194010667 1
0009 0000 1710052771740 -9.75 -62.0 3.2949907323783574 1
0009 0004 1710052771741 0.0 -58.0 1.1044661672776617 1
0009 0001 1710052771741 -58.5625 -66.0 0.0859029241215959 1
0009 0008 1710052771742 -139.9375 -69.5 1.5892040962495242 1
0009 0004 1710052771742 13.0 -58.0 1.0615147052168636 1
0009 0000 1710052771743 26.0 -62.5 3.172272269347506 1
0009 0001 1710052771744 78.0625 -66.5 6.074563920027139 1
0009 0008 1710052771744 -123.6875 -69.5 1.6260196351587797 1
