0009 0006 1710052777316 9.75 -68.0 2.018718716857504 1
0009 0011 1710052777317 -218.0625 -69.5 4.295146206079795 1
0009 0012 1710052777318 -6.5 -58.0 3.4177091954092087 1
0009 0009 1710052777318 -195.25 -74.5 5.344389064993574 1
0009 0013 1710052777319 -27.625 -56.5 6.068427996875596 1
0009 0001 1710052777320 -32.5 -70.0 1.9880391010997909 1
0009 0005 1710052777320 -48.8125 -67.0 4.1417481272912315 1
0009 0014 1710052777321 3.25 -65.0 4.430136515413731 1
0009 0012 1710052777322 3.25 -58.0 3.368621810196868 1
0009 0007 1710052777322 59.375 -65.0 2.0064468705544187 1
0009 0015 1710052777323 0.0 -56.0 2.945243112740431 1
0009 0000 1710052777324 22.75 -59.0 3.6815538909255388 1
0009 0013 1710052777324 -13.8125 -57.0 6.086835766330224 1
0009 0004 1710052777325 -26.0 -65.5 4.847379289718626 1
0009 0011 1710052777326 -22.75 -69.5 4.037437433715008 1
0009 0003 1710052777326 -30.875 -67.0 5.792311455056181 1
0009 0006 1710052777327 0.0 -68.5 2.0923497946760143 1
0009 0009 1710052777439 83.0 -76.0 1.8561167533416258 1
0009 0008 1710052777439 -1.8125 -74.5 1.6444274046134073 1
0009 0002 1710052777440 -6.25 -79.5 0.1718058482431918 1
0009 0012 1710052777596 -13.0 -58.0 3.4177091954092087 1
0009 0004 1710052777597 -52.0625 -65.0 4.81056375080937 1
0009 0003 1710052777597 128.5625 -67.5 5.424156065963627 1
0009 0014 1710052777598 -19.5 -65.0 4.448544284868359 1
0009 0015 1710052777598 22.75 -56.0 2.9391071895888885 1
0009 0013 1710052777599 7.3125 -57.0 6.007068765360171 1
0009 0005 1710052777599 -24.375 -68.0 3.9576704327449543 1
0009 0000 1710052777600 32.5 -59.0 3.6079228131070282 1
0009 0007 1710052777600 -13.8125 -65.5 2.061670178918302 1
0009 0001 1710052777601 78.0625 -69.5 1.552388557340269 1
0009 0006 1710052777601 42.3125 -69.0 2.172116795646068 1
0009 0011 1710052777602 -126.9375 -70.5 4.06811704947272 1
0009 0009 1710052777604 -12.1875 -75.5 1.8561167533416258 1
0009 0008 1710052777604 6.0625 -74.5 1.6873788666742053 1
0009 0002 1710052777605 -5.75 -78.5 0.14726215563702155 1
0009 0007 1710052777605 65.875 -66.0 1.8100973297050567 1
0009 0000 1710052777606 -3.25 -58.5 3.6017868899554855 1
0009 0012 1710052777606 -3.25 -57.5 3.454524734318464 1
0009 0011 1710052777607 -32.5 -69.5 4.080388895775806 1
0009 0006 1710052777607 -3.25 -68.5 2.2027964114037806 1
0009 0001 1710052777608 -117.125 -71.0 1.9941750242513334 1
0009 0015 1710052777609 13.0 -56.0 2.9513790358919736 1
0009 0005 1710052777609 -87.0625 -67.5 4.031301510563465 1
0009 0013 1710052777610 -17.0625 -56.5 6.074563920027139 1
0009 0009 1710052777611 -423.125 -74.0 5.258486140871978 1
0009 0014 1710052777611 -29.25 -65.5 4.466952054322987 1
0009 0003 1710052777612 -45.5625 -67.5 5.688000761479957 1
0009 0004 1710052777612 13.0 -65.5 4.7307967498393175 1
0009 0008 1710052777689 23.75 -75.0 1.4971652489763858 1
0009 0002 1710052777689 -3.3125 -78.5 0.03681553890925539 1
0009 0012 1710052777840 13.0 -58.0 3.436116964863836 1
0009 0014 1710052777841 74.8125 -64.5 4.3503695144436785 1
0009 0013 1710052777841 3.25 -56.5 6.043884304269426 1
0009 0015 1710052777842 13.0 -56.0 2.9943304979527716 1
0009 0004 1710052777842 -45.5625 -65.5 4.865787059173254 1
0009 0003 1710052777843 -120.4375 -67.0 5.8475347634200645 1
0009 0006 1710052777843 29.25 -68.5 2.067806102069844 1
0009 0007 1710052777844 76.4375 -65.5 1.8653206380689396 1
0009 0000 1710052777844 6.5 -59.0 3.5772431973493153 1
0009 0011 1710052777845 -16.25 -70.0 4.006757817957295 1
0009 0001 1710052777845 29.25 -70.5 1.6996507129772904 1
0009 0009 1710052777846 -139.9375 -73.5 5.178719139901925 1
0009 0005 1710052777846 78.0625 -68.5 3.730641276137879 1
0009 0008 1710052777847 -8.5 -75.0 4.816699673960914 1
0009 0002 1710052777847 -2.5625 -78.5 0.04295146206079795 1
0009 0004 1710052777848 130.1875 -65.0 4.595806440505381 1
0009 0015 1710052777849 -3.25 -56.5 3.0066023442558567 1
0009 0001 1710052777849 39.0 -71.0 1.7426021750380885 1
0009 0000 1710052777850 -9.75 -59.0 3.56497135104623 1
0009 0014 1710052777851 -81.375 -64.0 4.626486056263094 1
0009 0005 1710052777851 65.0625 -68.0 3.730641276137879 1
0009 0003 1710052777852 29.25 -67.0 5.577554144752192 1
0009 0013 1710052777852 7.3125 -56.5 6.050020227420969 1
0009 0012 1710052777853 -22.75 -58.0 3.485204350076177 1
0009 0011 1710052777854 -22.75 -70.0 4.086524818927348 1
0009 0006 1710052777854 -162.75 -69.0 2.2457478734645786 1
0009 0007 1710052777855 7.3125 -66.0 1.9696313316451632 1
0009 0009 1710052777855 39.0 -73.5 4.767612288748572 1
0009 0002 1710052777939 17.6875 -78.0 6.258641614573416 1
0009 0008 1710052777939 17.0625 -74.5 1.564660403643354 1
0009 0006 1710052778083 -52.0625 -68.5 2.141437179888355 1
0009 0013 1710052778083 -10.5625 -56.5 6.068427996875596 1
0009 0000 1710052778084 -6.5 -58.5 3.5833791205008576 1
0009 0011 1710052778084 55.3125 -70.0 3.9944859716542096 1
0009 0001 1710052778085 91.125 -71.0 1.662835174068035 1
0009 0004 1710052778086 -22.75 -65.5 4.767612288748572 1
0009 0015 1710052778086 35.75 -56.0 2.9391071895888885 1
0009 0012 1710052778087 0.0 -58.0 3.497476196379262 1
0009 0003 1710052778087 -93.5625 -67.0 5.71868037723767 1
0009 0005 1710052778088 -110.625 -67.5 4.0558452031696355 1
0009 0014 1710052778088 -9.75 -65.5 4.540583132141498 1
0009 0007 1710052778089 79.75 -65.5 1.9144080232812801 1
0009 0002 1710052778089 -21.3125 -77.5 0.3129320807286708 1
0009 0009 1710052778090 11.5625 -76.0 5.019185137961818 1
0009 0008 1710052778091 9.125 -74.5 1.6321555583103222 1
0009 0000 1710052778091 3.25 -59.0 3.5465635815916023 1
0009 0004 1710052778092 65.0625 -65.0 4.651029748869264 1
0009 0005 1710052778092 -16.25 -68.0 3.8717675086233583 1
0009 0012 1710052778093 -65.0625 -58.0 3.552699504743145 1
0009 0015 1710052778093 -19.5 -56.0 3.0250101137104846 1
0009 0013 1710052778093 -17.0625 -57.0 6.068427996875596 1
0009 0001 1710052778094 55.3125 -70.5 1.6198837120072371 1
0009 0003 1710052778094 94.375 -67.0 5.43029198911517 1
0009 0007 1710052778095 -34.9375 -65.5 1.9880391010997909 1
0009 0014 1710052778096 58.5625 -65.0 4.405592822807561 1
0009 0011 1710052778096 3.25 -71.0 4.0128937411088375 1
0009 0006 1710052778097 -52.0625 -68.0 2.030990563160589 1
0009 0009 1710052778097 -237.5625 -74.5 5.019185137961818 1
0009 0008 1710052778199 5.4375 -74.5 1.6689710972195777 1
0009 0002 1710052778199 2.5625 -79.0 6.178874613603362 1
0009 0003 1710052778331 65.0625 -67.5 5.497787143782138 1
0009 0011 1710052778331 22.75 -70.5 3.8410878928656453 1
0009 0012 1710052778331 -29.25 -58.5 3.4913402732277192 1
0009 0001 1710052778332 247.375 -71.0 1.3008157081270237 1
0009 0015 1710052778332 3.25 -56.0 3.0127382674073995 1
0009 0000 1710052778333 -45.5625 -59.0 3.6017868899554855 1
0009 0013 1710052778333 24.375 -56.5 6.025476534814799 1
0009 0006 1710052778333 16.25 -69.0 1.9512235621905356 1
0009 0007 1710052778334 17.0625 -65.5 1.932815792735908 1
0009 0014 1710052778334 -6.5 -65.0 4.442408361716817 1
0009 0004 1710052778335 9.75 -65.5 4.6878452877785195 1
0009 0005 1710052778335 -104.125 -68.0 4.049709280018092 1
0009 0008 1710052778336 -10.375 -74.5 4.7860200582032 1
0009 0009 1710052778336 22.5625 -76.0 4.921010367537137 1
0009 0002 1710052778337 -11.25 -78.5 0.04295146206079795 1
0009 0005 1710052778337 -48.8125 -68.5 3.9269908169872414 1
0009 0000 1710052778337 -13.0 -59.0 3.5588354278946874 1
0009 0009 1710052778338 -406.875 -73.0 5.5100589900852235 1
0009 0006 1710052778338 61.8125 -68.5 1.9144080232812801 1
0009 0015 1710052778339 3.25 -56.5 2.988194574801229 1
0009 0012 1710052778339 -29.25 -58.5 3.4606606574700063 1
0009 0001 1710052778340 55.3125 -70.5 1.5401167110371838 1
0009 0013 1710052778340 7.3125 -56.5 6.019340611663256 1
0009 0011 1710052778340 -68.3125 -69.5 4.04357335686655 1
0009 0007 1710052778341 48.8125 -67.0 1.859184714917397 1
0009 0014 1710052778342 87.875 -65.0 4.301282129231338 1
0009 0004 1710052778342 -9.75 -65.0 4.6878452877785195 1
0009 0003 1710052778343 35.75 -67.5 5.540738605842936 1
0009 0002 1710052778448 36.0 -77.5 6.043884304269426 1
0009 0008 1710052778449 -4.875 -74.5 4.767612288748572 1
0009 0003 1710052778449 -146.4375 -66.5 5.8659425328746915 1
0009 0006 1710052778450 84.625 -68.5 1.8530487917658545 1
0009 0015 1710052778450 -48.8125 -56.5 3.06182565261974 1
0009 0013 1710052778451 -13.8125 -56.5 6.013204688511713 1
0009 0007 1710052778451 62.625 -65.5 1.7426021750380885 1
0009 0004 1710052778451 32.5 -66.5 4.651029748869264 1
0009 0014 1710052778452 -42.3125 -64.0 4.595806440505381 1
0009 0005 1710052778452 9.75 -69.0 3.724505352986337 1
0009 0012 1710052778453 -39.0 -58.5 3.442252888015379 1
0009 0000 1710052778453 3.25 -58.5 3.442252888015379 1
0009 0001 1710052778454 -78.0625 -70.5 1.6321555583103222 1
0009 0011 1710052778454 179.0 -70.0 3.7122335066832517 1
0009 0008 1710052778606 11.5625 -74.5 1.4787574795217582 1
0009 0009 1710052778606 -26.8125 -75.5 5.105088062083414 1
0009 0002 1710052778606 6.375 -78.5 6.111379458936394 1
0009 0003 1710052778607 -117.9375 -67.5 5.780039608753096 1
0009 0004 1710052778607 -48.8125 -65.5 4.767612288748572 1
0009 0011 1710052778608 9.75 -70.0 3.847223816017188 1
0009 0007 1710052778608 10.5625 -67.0 1.736466251886546 1
0009 0001 1710052778609 13.0 -69.5 1.5953400194010667 1
0009 0000 1710052778609 0.0 -58.5 3.4054373491061236 1
0009 0013 1710052778609 -30.875 -56.5 6.000932842208628 1
0009 0015 1710052778610 32.5 -56.5 2.9575149590435164 1
0009 0012 1710052778611 3.25 -58.0 3.368621810196868 1
0009 0005 1710052778612 -3.25 -68.5 3.479068426924634 1
0009 0006 1710052778613 68.3125 -68.5 1.945087639038993 1
0009 0014 1710052778613 42.3125 -65.0 4.411728745959104 1
0009 0008 1710052778614 -6.0625 -74.5 1.6321555583103222 1
0009 0009 1710052778614 10.375 -76.0 4.853515212870168 1
0009 0002 1710052778688 -0.5625 -78.5 6.258641614573416 1
0009 0013 1710052778819 -10.5625 -57.0 5.964117303299373 1
0009 0007 1710052778819 93.5625 -67.0 1.5892040962495242 1
0009 0015 1710052778819 9.75 -56.5 3.0066023442558567 1
0009 0006 1710052778820 -126.9375 -69.0 2.0493983326152168 1
0009 0012 1710052778821 6.5 -58.5 3.3624858870453256 1
0009 0014 1710052778822 -3.25 -64.0 4.503767593232243 1
0009 0000 1710052778822 -19.5 -58.5 3.368621810196868 1
0009 0003 1710052778822 -83.0 -67.0 5.737088146692298 1
0009 0011 1710052778823 -84.625 -69.0 3.785864584501762 1
0009 0004 1710052778823 61.8125 -65.0 4.565126824747668 1
0009 0001 1710052778824 240.875 -70.5 1.1474176293384597 1
0009 0005 1710052778824 -9.75 -70.0 3.454524734318464 1
0009 0009 1710052778825 23.75 -76.0 4.700117134081604 1
0009 0008 1710052778825 -5.4375 -74.0 1.4971652489763858 1
0009 0002 1710052778826 9.4375 -78.5 5.964117303299373 1
0009 0003 1710052778826 -152.9375 -68.5 5.859806609723149 1
0009 0013 1710052778826 10.5625 -56.5 5.921165841238575 1
0009 0012 1710052778827 -26.0 -58.0 3.3870295796514958 1
0009 0015 1710052778827 -16.25 -56.5 3.031146036862027 1
0009 0006 1710052778828 32.5 -68.5 1.9082721001297376 1
0009 0004 1710052778828 16.25 -65.5 4.632621979414636 1
0009 0001 1710052778828 68.3125 -69.0 1.3744467859455345 1
0009 0007 1710052778829 100.875 -66.0 1.4848934026733007 1
0009 0000 1710052778829 -16.25 -59.0 3.32567034813607 1
0009 0011 1710052778830 -3.25 -69.0 3.6876898140770815 1
0009 0014 1710052778830 117.125 -65.0 4.25833066717054 1
0009 0005 1710052778831 -68.3125 -69.5 3.56497135104623 1
0009 0008 1710052778938 -3.0 -75.0 1.4051264017032472 1
0009 0009 1710052778939 -3.0 -76.5 1.705786636128833 1
0009 0002 1710052778939 -9.4375 -78.0 6.135923151542564 1
0009 0014 1710052779081 42.3125 -65.0 4.399456899656019 1
0009 0015 1710052779081 16.25 -56.0 2.9820586516496865 1
0009 0006 1710052779082 -71.5625 -69.5 2.1659808724945253 1
0009 0003 1710052779082 -26.0 -68.0 5.5714182216006485 1
0009 0007 1710052779082 -62.625 -66.0 1.7855536370988863 1
0009 0013 1710052779083 -7.3125 -56.5 5.939573610693203 1
0009 0000 1710052779083 -26.0 -58.5 3.3379421944391554 1
0009 0012 1710052779084 13.0 -58.5 3.356349963893783 1
0009 0001 1710052779084 -3.25 -71.0 1.4787574795217582 1
0009 0011 1710052779084 42.3125 -70.0 3.773592738198677 1
0009 0004 1710052779085 -9.75 -66.0 4.669437518323892 1
0009 0005 1710052779086 11.375 -71.0 0.24236896448593132 1
0009 0008 1710052779086 3.0 -74.5 1.3069516312785663 1
0009 0009 1710052779087 14.625 -76.5 4.859651136021712 1
0009 0002 1710052779087 18.25 -78.0 5.816855147662351 1
0009 0007 1710052779088 45.5625 -66.5 1.5462526341887264 1
0009 0014 1710052779088 3.25 -64.5 4.4976316700806995 1
0009 0006 1710052779192 65.0625 -67.5 1.8775924843720249 1
0009 0004 1710052779196 22.75 -65.0 4.595806440505381 1
0009 0005 1710052779197 -120.4375 -70.0 3.5772431973493153 1
0009 0003 1710052779198 -55.3125 -67.5 5.632777453116074 1
0009 0015 1710052779199 32.5 -56.0 2.9575149590435164 1
0009 0013 1710052779199 -83.0 -56.5 6.037748381117884 1
0009 0012 1710052779200 0.0 -58.0 3.356349963893783 1
0009 0000 1710052779200 -3.25 -59.0 3.2765829629237295 1
0009 0001 1710052779201 -156.1875 -70.0 1.1351457830353744 1
0009 0011 1710052779201 -126.9375 -69.0 3.6324665057131984 1
0009 0008 1710052779202 -172.5 -72.5 1.4726215563702154 1
0009 0009 1710052779202 -15.8125 -76.0 4.878058905476339 1
0009 0002 1710052779203 -3.0 -77.5 6.227961998815704 1
0009 0007 1710052779363 55.3125 -66.0 1.6137477888556946 1
0009 0013 1710052779364 -27.625 -56.5 5.939573610693203 1
0009 0000 1710052779364 -3.25 -58.5 3.2704470397721868 1
0009 0011 1710052779365 65.0625 -69.0 3.32567034813607 1
0009 0004 1710052779365 -42.3125 -65.5 4.822835597112456 1
0009 0005 1710052779365 -19.5 -69.5 3.3502140407422405 1
0009 0003 1710052779366 71.5625 -67.5 5.424156065963627 1
0009 0014 1710052779366 35.75 -64.0 4.374913207049849 1
0009 0001 1710052779366 -91.125 -70.5 1.1228739367322893 1
0009 0012 1710052779367 0.0 -58.0 3.3624858870453256 1
0009 0015 1710052779367 22.75 -56.5 2.9268353432858034 1
0009 0006 1710052779367 71.5625 -68.0 1.7548740213411735 1
0009 0008 1710052779368 -45.5625 -74.5 4.516039439535327 1
0009 0009 1710052779368 8.5 -76.5 4.890330751779424 1
0009 0002 1710052779369 -10.375 -77.0 6.240233845118788 1
0009 0004 1710052779369 -81.375 -65.0 4.804427827657828 1
0009 0007 1710052779369 17.0625 -66.5 1.576932249946439 1
0009 0013 1710052779370 10.5625 -57.0 6.043884304269426 1
0009 0001 1710052779370 19.5 -69.5 1.0737865515199487 1
0009 0014 1710052779370 13.0 -65.5 4.424000592262189 1
0009 0012 1710052779371 -3.25 -58.0 3.6017868899554855 1
0009 0000 1710052779371 -16.25 -58.5 3.380893656499953 1
0009 0011 1710052779371 139.9375 -69.5 3.1231848841351653 1
0009 0015 1710052779372 19.5 -58.5 2.380738182798515 1
0009 0005 1710052779373 -16.25 -69.0 3.5465635815916023 1
0009 0003 1710052779373 -45.5625 -67.0 5.638913376267617 1
0009 0006 1710052779373 166.0 -69.0 1.7241944055834606 1
0009 0008 1710052779374 -146.4375 -73.5 1.8407769454627694 1
0009 0009 1710052779438 -3.0 -77.5 5.019185137961818 1
0009 0002 1710052779438 11.5625 -77.5 3.104777114680538 1
0009 0000 1710052779595 22.75 -58.5 3.6447383520162835 1
0009 0003 1710052779595 -3.25 -67.5 5.884350302329319 1
0009 0015 1710052779596 123.6875 -65.5 1.6935147898257479 1
0009 0013 1710052779596 -10.5625 -55.0 0.23930100291016002 1
0009 0004 1710052779596 -29.25 -64.5 4.693981210930062 1
0009 0007 1710052779597 34.9375 -65.0 1.4358060174609601 1
0009 0006 1710052779597 133.4375 -69.5 1.282407938672396 1
0009 0012 1710052779597 -26.0 -57.5 4.878058905476339 1
0009 0014 1710052779598 19.5 -65.0 4.3503695144436785 1
0009 0011 1710052779598 -26.0 -70.5 2.742757648739526 1
0009 0001 1710052779598 84.625 -71.0 1.4358060174609601 1
0009 0008 1710052779599 17.6875 -74.5 0.859029241215959 1
0009 0002 1710052779599 9.75 -76.5 0.5890486225480862 1
0009 0013 1710052779599 -24.375 -53.0 0.7179030087304801 1
0009 0000 1710052779600 -19.5 -58.0 3.6692820446224537 1
0009 0003 1710052779600 -41.5 -69.0 6.031612457966341 1
0009 0008 1710052779600 -74.8125 -70.0 6.14819499784565 1
0009 0012 1710052779601 32.5 -57.0 5.970253226450915 1
0009 0014 1710052779601 29.25 -66.0 4.28287435977671 1
0009 0006 1710052779601 -113.875 -67.0 0.5399612373357456 1
0009 0001 1710052779602 113.875 -69.0 2.0493983326152168 1
0009 0007 1710052779602 -104.125 -67.5 0.6565437772150544 1
0009 0010 1710052779603 9.75 -62.5 4.338097668140593 1
0009 0004 1710052779603 6.5 -63.0 3.411573272257666 1
0009 0002 1710052779689 -29.875 -75.5 0.7669903939428205 1
0009 0005 1710052779689 -8.5 -72.5 1.7794177139473437 1
0009 0011 1710052779850 -3.25 -72.5 4.2092432819582 1
0009 0013 1710052779850 -27.625 -53.0 0.8528933180644165 1
0009 0005 1710052779850 16.25 -64.5 1.564660403643354 1
0009 0006 1710052779851 -68.3125 -66.5 0.0 1
0009 0010 1710052779851 3.25 -55.0 2.84706834231575 1
0009 0007 1710052779851 -21.125 -65.5 4.583534594202296 1
0009 0000 1710052779852 19.5 -57.0 3.6140587362585705 1
0009 0011 1710052779852 234.3125 -70.0 3.5342917352885173 1
0009 0014 1710052779852 -9.75 -68.0 4.430136515413731 1
0009 0012 1710052779853 -3.25 -57.0 0.5031456984264903 1
0009 0004 1710052779853 42.3125 -57.0 2.380738182798515 1
0009 0003 1710052779853 -48.8125 -66.5 5.387340527054372 1
0009 0001 1710052779854 55.3125 -65.0 3.0802334220743677 1
0009 0008 1710052779854 -120.4375 -69.0 5.307573526084319 1
0009 0002 1710052779854 28.625 -77.5 0.4663301595172349 1
0009 0010 1710052779855 19.5 -59.0 1.141281706186917 1
0009 0001 1710052779855 0.0 -65.0 3.6324665057131984 1
0009 0007 1710052779855 -39.0 -66.0 2.890019804376548 1
0009 0013 1710052779856 17.0625 -56.0 1.4173982480063325 1
0009 0004 1710052779856 -48.8125 -62.0 0.3620194659410113 1
0009 0012 1710052779857 6.5 -62.0 1.184233168247715 1
0009 0000 1710052779857 9.75 -62.0 2.1537090261914402 1
0009 0008 1710052779857 52.0625 -67.0 1.214912784005428 1
0009 0003 1710052779858 104.125 -71.0 4.9823695990525625 1
0009 0014 1710052779949 -0.5625 -72.5 5.062136600022616 1
0009 0002 1710052779949 -22.5625 -77.5 1.8346410223112268 1
0009 0006 1710052779949 -10.375 -71.0 4.6878452877785195 1
0009 0015 1710052779950 1.8125 -79.5 5.154175447295755 1
0009 0009 1710052780108 -0.25 -75.0 0.28225246497095796 1
0009 0005 1710052780108 0.4375 -70.5 0.04908738521234052 1
0009 0011 1710052780108 -0.125 -76.5 5.93343768754166 1
0009 0001 1710052780109 29.25 -62.0 2.423689644859313 1
0009 0000 1710052780109 -9.75 -60.5 0.8713010875190442 1
0009 0004 1710052780109 -13.0 -56.0 4.405592822807561 1
0009 0012 1710052780110 3.25 -66.5 0.9081166264282996 1
0009 0013 1710052780110 65.875 -67.5 1.012427320004523 1
0009 0007 1710052780110 -52.0625 -66.5 0.3374757733348411 1
0009 0005 1710052780110 166.0 -69.0 3.32567034813607 1
0009 0006 1710052780110 4.0625 -71.5 0.14726215563702155 1
0009 0008 1710052780110 0.875 -74.5 1.552388557340269 1
0009 0004 1710052780112 16.25 -64.0 1.5155730184310134 1
0009 0006 1710052780113 3.25 -62.5 6.240233845118788 1
0009 0001 1710052780113 87.875 -66.5 1.7978254834019713 1
0009 0000 1710052780113 26.0 -62.0 4.04357335686655 1
0009 0008 1710052780114 35.75 -67.5 1.3130875544301088 1
0009 0007 1710052780198 -1.5 -75.0 5.706408530934585 1
0009 0001 1710052780438 -48.8125 -68.0 0.3129320807286708 1
0009 0000 1710052780438 -68.3125 -61.0 3.2643111166206444 1
0009 0008 1710052780439 6.5 -69.0 1.214912784005428 1
0009 0004 1710052780439 -9.75 -59.5 0.4356505437595221 1
0009 0007 1710052780440 166.8125 -71.0 2.2886993355253766 1
0009 0000 1710052780440 39.0 -62.0 2.736621725587984 1
0009 0008 1710052780440 -58.5625 -73.0 1.214912784005428 1
0009 0007 1710052780441 131.8125 -72.0 2.141437179888355 1
0009 0004 1710052780441 -32.5 -59.5 0.46019423636569234 1
0009 0001 1710052780441 -39.0 -66.0 6.019340611663256 1
0009 0001 1710052780442 39.0 -66.5 6.160466844148735 1
0009 0000 1710052780442 39.0 -61.5 2.8716120349219203 1
0009 0004 1710052780443 35.75 -59.5 0.5890486225480862 1
0009 0007 1710052780443 52.0625 -71.5 2.509592568980909 1
0009 0008 1710052780443 -126.9375 -71.0 1.214912784005428 1
0009 0015 1710052780688 -8.8125 -78.0 0.030679615757712823 1
0009 0000 1710052780689 22.75 -62.0 3.2090878082567613 1
0009 0004 1710052780689 -29.25 -59.5 0.8835729338221293 1
0009 0001 1710052780689 35.75 -66.5 0.4479223900626072 1
0009 0008 1710052780690 -48.8125 -72.0 1.368310862793992 1
0009 0007 1710052780690 1.1875 -73.5 5.350524988145116 1
0009 0015 1710052780690 8.5 -76.5 0.05522330836388308 1
0009 0001 1710052780691 9.75 -66.5 0.662679700366597 1
0009 0004 1710052780691 -29.25 -59.0 0.8774370106705868 1
0009 0000 1710052780692 113.875 -61.5 3.08636934522591 1
0009 0008 1710052780692 81.375 -71.0 1.2640001692177683 1
0009 0007 1710052780692 6.0625 -73.0 5.190990986205009 1
0009 0015 1710052780692 -9.125 -77.0 0.16566992509164924 1
0009 0004 1710052780939 3.25 -59.0 0.7669903939428205 1
0009 0001 1710052780940 19.5 -66.0 0.47860200582032003 1
0009 0000 1710052780940 6.5 -62.0 3.1906800388021335 1
0009 0008 1710052780940 52.0625 -70.5 1.3560390164909069 1
0009 0015 1710052780941 20.75 -77.5 6.227961998815704 1
0009 0007 1710052780941 -12.1875 -74.0 5.399612373357457 1
0009 0000 1710052780941 -13.0 -62.0 3.215223731408304 1
0009 0004 1710052780942 -16.25 -59.0 0.7792622402459057 1
0009 0001 1710052780942 -16.25 -65.0 0.3190680038802134 1
0009 0008 1710052780942 -104.125 -71.5 1.3437671701878218 1
0009 0015 1710052780943 -1.8125 -78.0 0.18407769454627693 1
0009 0004 1710052781189 0.0 -59.0 0.7792622402459057 1
0009 0000 1710052781190 -9.75 -62.0 3.3072625786814425 1
0009 0001 1710052781190 9.75 -66.5 0.36815538909255385 1
0009 0008 1710052781190 -162.75 -70.0 1.8223691760081417 1
0009 0015 1710052781190 -1.8125 -78.0 0.4172427743048944 1
0009 0000 1710052781191 39.0 -62.0 3.2949907323783574 1
0009 0001 1710052781191 22.75 -66.0 0.39269908169872414 1
0009 0004 1710052781191 -3.25 -59.0 0.8406214717613314 1
0009 0008 1710052781192 -22.75 -69.0 1.6198837120072371 1
0009 0015 1710052781192 -5.3125 -78.5 0.4908738521234052 1
0009 0008 1710052781193 -13.0 -69.5 1.4664856332186729 1
0009 0000 1710052781193 -29.25 -62.0 3.4606606574700063 1
0009 0004 1710052781194 -29.25 -59.0 0.9510680884890975 1
0009 0001 1710052781194 -55.3125 -66.5 0.48473792897186263 1
0009 0015 1710052781438 0.0 -77.5 0.3865631585471816 1
0009 0004 1710052781439 -6.5 -59.0 0.9203884727313847 1
0009 0000 1710052781439 -26.0 -61.5 3.466796580621549 1
0009 0008 1710052781439 -65.0625 -69.5 1.718058482431918 1
0009 0001 1710052781440 -74.8125 -65.5 0.4724660826687775 1
0009 0015 1710052781440 0.8125 -77.5 0.30679615757712825 1
0009 0000 1710052781440 -45.5625 -62.0 3.4913402732277192 1
0009 0008 1710052781441 107.375 -69.5 1.3867186322486196 1
0009 0001 1710052781441 -6.5 -66.0 0.380427235395639 1
0009 0004 1710052781441 3.25 -59.0 0.9142525495798421 1
0009 0015 1710052781699 4.0 -78.0 0.4356505437595221 1
0009 0004 1710052781699 -48.8125 -59.0 0.9817477042468103 1
0009 0001 1710052781699 26.0 -65.0 0.42337869745643697 1
0009 0000 1710052781700 0.0 -61.5 3.454524734318464 1
0009 0008 1710052781700 65.0625 -70.5 1.4787574795217582 1
0009 0015 1710052781700 4.1875 -78.0 0.4172427743048944 1
0009 0001 1710052781701 3.25 -67.0 0.4049709280018093 1
0009 0004 1710052781701 13.0 -59.0 0.8835729338221293 1
0009 0000 1710052781701 -29.25 -61.5 3.5158839658338894 1
0009 0008 1710052781702 87.875 -70.5 1.4296700943094176 1
0009 0015 1710052781702 -6.0 -78.0 0.4970097752749477 1
0009 0000 1710052781948 -9.75 -61.5 3.399301425954581 1
0009 0001 1710052781949 58.5625 -66.5 0.23930100291016002 1
0009 0008 1710052781949 13.0 -70.5 1.509437095279471 1
0009 0004 1710052781949 3.25 -59.0 0.8897088569736719 1
0009 0004 1710052781950 -13.0 -58.5 0.9572040116406401 1
0009 0000 1710052781950 29.25 -61.5 3.3440781175906977 1
0009 0001 1710052781950 19.5 -67.0 0.30066023442558565 1
0009 0008 1710052781951 292.9375 -69.5 1.325359400733194 1
0009 0001 1710052781951 0.0 -66.5 0.30679615757712825 1
0009 0000 1710052781952 -16.25 -62.0 3.423845118560751 1
0009 0004 1710052781952 -13.0 -58.0 1.000155473701438 1
0009 0008 1710052781952 -195.25 -69.5 1.8346410223112268 1
0009 0001 1710052782186 -55.3125 -66.0 0.37429131224409645 1
0009 0004 1710052782186 32.5 -58.0 0.9572040116406401 1
0009 0008 1710052782186 3.25 -70.0 1.509437095279471 1
0009 0000 1710052782186 -13.0 -61.5 3.411573272257666 1
0009 0001 1710052782187 29.25 -66.0 0.23316507975861744 1
0009 0008 1710052782187 -39.0 -69.5 1.6198837120072371 1
0009 0004 1710052782187 -16.25 -58.5 1.043106935762236 1
0009 0000 1710052782188 -16.25 -61.5 3.436116964863836 1
