0009 0003 1710053065399 -149.6875 -72.5 6.160466844148735 1
0009 0012 1710053065400 6.5 -55.0 1.0185632431560658 1
0009 0006 1710053065400 1.8125 -72.5 0.380427235395639 1
0009 0005 1710053065401 39.0 -58.5 4.460816131171445 1
0009 0001 1710053065402 22.75 -68.5 2.1475731030398975 1
0009 0008 1710053065402 -22.75 -67.0 4.080388895775806 1
0009 0012 1710053065402 0.0 -55.5 0.9940195505498954 1
0009 0015 1710053065403 -39.0 -56.0 1.7241944055834606 1
0009 0013 1710053065404 -100.875 -62.5 2.779573187648782 1
0009 0004 1710053065404 42.3125 -64.5 6.264777537724958 1
0009 0000 1710053065405 -19.5 -60.5 5.553010452146021 1
0009 0003 1710053065406 -32.5 -72.0 5.921165841238575 1
0009 0010 1710053065409 46.375 -71.0 4.568194786323439 1
0009 0006 1710053065410 7.3125 -73.5 0.30066023442558565 1
0009 0015 1710053065410 -16.25 -55.5 1.705786636128833 1
0009 0004 1710053065411 0.0 -64.5 0.1043106935762236 1
0009 0013 1710053065412 17.0625 -62.5 2.5709518004963345 1
0009 0012 1710053065412 13.0 -55.5 0.9572040116406401 1
0009 0000 1710053065413 -3.25 -61.0 5.546874528994478 1
0009 0008 1710053065413 -156.1875 -66.0 4.252194744018997 1
0009 0001 1710053065414 42.3125 -69.0 1.9941750242513334 1
0009 0005 1710053065414 -16.25 -58.5 4.528311285838413 1
0009 0003 1710053065415 -169.25 -71.5 6.209554229361076 1
0009 0010 1710053065416 -1.625 -71.0 4.709321018808918 1
0009 0006 1710053065625 0.0 -73.5 0.30679615757712825 1
0009 0008 1710053065625 -61.8125 -65.5 4.1172044346850605 1
0009 0015 1710053065625 3.25 -56.0 1.6751070203711202 1
0009 0012 1710053065626 -9.75 -55.5 0.9694758579437253 1
0009 0013 1710053065626 -45.5625 -62.0 2.6323110320117604 1
0009 0005 1710053065627 0.0 -58.5 4.473087977474529 1
0009 0001 1710053065628 26.0 -69.5 2.0493983326152168 1
0009 0000 1710053065628 19.5 -60.5 5.375068680751287 1
0009 0004 1710053065629 26.0 -64.5 6.2463697682703305 1
0009 0003 1710053065629 73.1875 -70.5 5.7616318392984684 1
0009 0010 1710053065630 12.1875 -71.0 4.574330709474982 1
0009 0006 1710053065630 2.4375 -73.0 0.25770877236478773 1
0009 0000 1710053065632 6.5 -60.5 5.368932757599744 1
0009 0013 1710053065632 -59.375 -62.0 2.6384469551633027 1
0009 0005 1710053065633 3.25 -58.5 4.454680208019902 1
0009 0008 1710053065633 -61.8125 -66.5 3.8533597391687304 1
0009 0004 1710053065634 -19.5 -65.0 0.03681553890925539 1
0009 0015 1710053065634 -9.75 -55.5 1.6996507129772904 1
0009 0012 1710053065634 6.5 -55.0 0.9265243958829272 1
0009 0003 1710053065635 -55.3125 -70.5 5.620505606812989 1
0009 0001 1710053065635 -133.4375 -69.5 2.3623304133438876 1
0009 0010 1710053065672 -12.1875 -71.0 1.41126232485479 1
0009 0006 1710053065673 -1.1875 -73.5 0.2638446955163303 1
0009 0000 1710053065848 29.25 -60.5 5.289165756629691 1
0009 0004 1710053065848 -22.75 -64.5 0.01227184630308513 1
0009 0015 1710053065849 -29.25 -56.0 1.7241944055834606 1
0009 0008 1710053065849 -84.625 -66.0 3.9453985864418692 1
0009 0012 1710053065850 -13.0 -55.0 0.9326603190344698 1
0009 0005 1710053065850 3.25 -58.0 4.417864669110647 1
0009 0013 1710053065851 -41.5 -62.5 2.5586799541932495 1
0009 0001 1710053065851 -45.5625 -69.5 2.1537090261914402 1
0009 0003 1710053065851 -117.9375 -70.0 5.927301764390117 1
0009 0010 1710053065852 10.5625 -70.5 1.3989904785517047 1
0009 0006 1710053065852 -11.5625 -73.5 0.3620194659410113 1
0009 0005 1710053065853 -6.5 -58.5 4.417864669110647 1
0009 0008 1710053065854 -78.0625 -67.5 3.9085830475326135 1
0009 0010 1710053065854 -26.0 -69.0 1.3560390164909069 1
0009 0012 1710053065855 9.75 -55.5 0.9142525495798421 1
0009 0015 1710053065855 22.75 -56.0 1.6505633277649499 1
0009 0000 1710053065855 -9.75 -60.0 5.197126909356553 1
0009 0004 1710053065856 9.75 -65.5 6.240233845118788 1
0009 0013 1710053065856 -90.3125 -62.5 2.6323110320117604 1
0009 0001 1710053065857 97.625 -69.5 1.8960002538266525 1
0009 0003 1710053065857 152.9375 -71.5 5.553010452146021 1
0009 0006 1710053065913 3.625 -73.5 0.2761165418194154 1
0009 0003 1710053066059 24.375 -71.5 5.6941366846315 1
0009 0010 1710053066059 107.375 -69.5 1.2517283229146832 1
0009 0015 1710053066059 -9.75 -56.0 1.6873788666742053 1
0009 0013 1710053066060 -13.8125 -63.0 2.521864415283994 1
0009 0000 1710053066060 42.3125 -60.5 5.092816215780329 1
0009 0001 1710053066061 0.0 -70.0 1.9144080232812801 1
0009 0012 1710053066061 6.5 -55.5 0.859029241215959 1
0009 0005 1710053066062 6.5 -58.5 4.362641360746763 1
0009 0004 1710053066062 -39.0 -65.0 6.270913460876501 1
0009 0008 1710053066062 22.75 -66.5 3.6447383520162835 1
0009 0006 1710053066063 3.0 -73.5 0.2699806186678728 1
0009 0005 1710053066063 -9.75 -58.0 4.356505437595221 1
0009 0003 1710053066064 69.125 -70.5 5.411884219660542 1
0009 0010 1710053066066 52.0625 -69.0 0.9940195505498954 1
0009 0013 1710053066066 -7.3125 -62.5 2.466641106920111 1
0009 0001 1710053066066 -91.125 -69.0 2.098485717827557 1
0009 0008 1710053066067 32.5 -68.0 3.509748042682347 1
0009 0004 1710053066067 74.8125 -64.5 5.957981380147831 1
0009 0012 1710053066068 6.5 -55.5 0.8099418560036186 1
0009 0015 1710053066068 35.75 -56.0 1.5953400194010667 1
0009 0000 1710053066069 -13.0 -60.5 5.062136600022616 1
0009 0006 1710053066173 6.6875 -74.0 0.09817477042468103 1
0009 0000 1710053066173 65.0625 -60.0 4.841243366567084 1
0009 0001 1710053066174 0.0 -69.0 1.761009944492716 1
0009 0012 1710053066174 -3.25 -56.0 0.7976700097005334 1
0009 0008 1710053066175 -52.0625 -67.5 3.6999616603801666 1
0009 0013 1710053066175 -7.3125 -62.5 2.5034566458293663 1
0009 0015 1710053066176 -3.25 -56.0 1.718058482431918 1
0009 0005 1710053066176 -13.0 -58.5 4.289010282928253 1
0009 0004 1710053066177 3.25 -65.0 6.007068765360171 1
0009 0010 1710053066177 110.625 -68.5 0.9081166264282996 1
0009 0003 1710053066178 -111.4375 -69.5 5.749359992995383 1
0009 0006 1710053066368 5.4375 -74.0 0.18407769454627693 1
0009 0004 1710053066368 6.5 -64.5 5.976389149602458 1
0009 0012 1710053066369 -9.75 -55.5 0.7976700097005334 1
0009 0010 1710053066369 52.0625 -68.0 1.0185632431560658 1
0009 0000 1710053066370 -58.5625 -60.0 4.945554060143307 1
0009 0005 1710053066370 -52.0625 -58.5 4.319689898685965 1
0009 0013 1710053066371 7.3125 -62.5 2.399145952253143 1
0009 0015 1710053066371 3.25 -56.0 1.662835174068035 1
0009 0001 1710053066372 -68.3125 -69.5 1.8653206380689396 1
0009 0008 1710053066372 22.75 -67.0 3.4606606574700063 1
0009 0003 1710053066372 30.875 -69.5 5.43029198911517 1
0009 0006 1710053066373 9.125 -74.0 0.1718058482431918 1
0009 0012 1710053066374 -22.75 -56.0 0.7792622402459057 1
0009 0000 1710053066374 -26.0 -61.0 4.822835597112456 1
0009 0005 1710053066375 6.5 -58.5 4.215379205109742 1
0009 0008 1710053066375 -169.25 -68.0 3.6447383520162835 1
0009 0001 1710053066376 143.1875 -70.0 1.5155730184310134 1
0009 0010 1710053066376 68.3125 -68.5 0.9878836273983529 1
0009 0013 1710053066376 -61.8125 -62.5 2.442097414313941 1
0009 0003 1710053066377 -22.75 -70.0 5.424156065963627 1
0009 0015 1710053066377 0.0 -56.0 1.6566992509164924 1
0009 0004 1710053066378 -26.0 -65.0 6.013204688511713 1
0009 0006 1710053066586 2.4375 -73.5 0.07363107781851078 1
0009 0003 1710053066587 104.125 -70.0 5.350524988145116 1
0009 0010 1710053066587 55.3125 -68.0 0.9326603190344698 1
0009 0004 1710053066588 -26.0 -65.5 5.982525072754001 1
0009 0008 1710053066588 -55.3125 -67.5 3.411573272257666 1
0009 0012 1710053066589 -16.25 -55.5 0.8467573949128739 1
0009 0005 1710053066591 6.5 -58.5 4.2031073588066565 1
0009 0013 1710053066592 -16.25 -62.5 2.4850488763747385 1
0009 0015 1710053066592 3.25 -57.0 1.552388557340269 1
0009 0001 1710053066593 22.75 -69.0 1.6935147898257479 1
0009 0000 1710053066593 -9.75 -60.5 4.792155981354743 1
0009 0004 1710053066594 -130.1875 -64.5 6.17273869045182 1
0009 0005 1710053066594 9.75 -59.0 4.252194744018997 1
0009 0008 1710053066595 -19.5 -68.5 3.2949907323783574 1
0009 0003 1710053066595 52.0625 -70.5 5.485515297479052 1
0009 0013 1710053066596 45.5625 -61.5 2.7550294950426117 1
0009 0015 1710053066597 -32.5 -58.5 1.239456476611598 1
0009 0000 1710053066597 22.75 -60.0 5.019185137961818 1
0009 0012 1710053066598 19.5 -55.5 1.3621749396424494 1
0009 0001 1710053066598 -55.3125 -69.5 2.0800779483729293 1
0009 0010 1710053066673 6.6875 -71.5 4.166291819897402 1
0009 0005 1710053066798 -16.25 -58.5 4.264466590322082 1
0009 0012 1710053066798 -42.3125 -56.0 2.454369260617026 1
0009 0013 1710053066802 -55.3125 -60.5 4.049709280018092 1
0009 0008 1710053066802 29.25 -66.5 3.2090878082567613 1
0009 0015 1710053066803 26.0 -65.0 0.5890486225480862 1
0009 0004 1710053066803 -6.5 -62.5 5.8045833013592665 1
0009 0000 1710053066804 3.25 -59.5 5.45483568172134 1
0009 0010 1710053066804 48.8125 -66.5 1.1351457830353744 1
0009 0001 1710053066805 29.25 -68.0 2.552544031041707 1
0009 0012 1710053066805 -13.0 -57.5 3.1661363461959633 1
0009 0001 1710053066806 61.8125 -69.0 2.9697868053466014 1
0009 0010 1710053066806 16.25 -60.5 1.086058397823034 1
0009 0004 1710053066807 32.5 -60.0 5.675728915176872 1
0009 0000 1710053066807 -6.5 -59.5 5.841398840268521 1
0009 0008 1710053066808 -9.75 -65.0 3.3747577333484107 1
0009 0005 1710053066808 6.5 -58.5 4.031301510563465 1
0009 0007 1710053066809 38.1875 -70.5 2.043262409463674 1
0009 0013 1710053066809 17.0625 -59.0 5.086680292628786 1
0009 0011 1710053066923 11.375 -71.5 1.2425244381873692 1
0009 0015 1710053066924 -2.875 -77.0 5.927301764390117 1
0009 0009 1710053066924 1.9375 -75.5 0.6442719309119693 1
0009 0007 1710053066925 -59.375 -65.5 1.7119225592803755 1
0009 0010 1710053066925 32.5 -61.5 0.5338253141842031 1
0009 0011 1710053066925 273.375 -69.5 2.60776733940559 1
0009 0005 1710053066926 45.5625 -62.5 3.9147189706841563 1
0009 0000 1710053066926 0.0 -61.5 5.540738605842936 1
0009 0004 1710053066926 39.0 -64.5 5.405748296509 1
0009 0013 1710053066927 58.5625 -61.5 6.14819499784565 1
0009 0012 1710053066927 -42.3125 -67.0 4.031301510563465 1
0009 0001 1710053067182 18.875 -74.0 6.0991076126333095 1
0009 0008 1710053067182 -3.875 -69.5 5.301437602932776 1
0009 0007 1710053067182 48.8125 -68.0 0.3313398501832985 1
0009 0004 1710053067182 35.75 -64.0 2.073942025221387 1
0009 0013 1710053067183 93.5625 -65.5 6.258641614573416 1
0009 0000 1710053067183 16.25 -58.0 4.473087977474529 1
0009 0008 1710053067185 -6.5 -67.0 5.160311370447297 1
0009 0001 1710053067185 130.1875 -70.5 2.2089323345553233 1
0009 0010 1710053067185 -65.0625 -67.5 3.6692820446224537 1
0009 0006 1710053067186 2.4375 -71.0 5.258486140871978 1
0009 0005 1710053067186 -0.5625 -69.0 4.104932588381976 1
0009 0002 1710053067186 -10.9375 -78.5 0.8651651643675016 1
0009 0011 1710053067188 1.1875 -75.5 0.8651651643675016 1
0009 0015 1710053067188 2.875 -79.0 4.828971520263998 1
0009 0005 1710053067188 26.0 -60.0 0.4111068511533518 1
0009 0010 1710053067189 -26.0 -64.0 0.6504078540635119 1
0009 0004 1710053067189 9.75 -57.5 1.4664856332186729 1
0009 0000 1710053067189 -13.0 -61.5 3.724505352986337 1
0009 0009 1710053067190 -107.375 -72.0 4.601942363656923 1
0009 0007 1710053067190 -13.8125 -66.0 4.865787059173254 1
0009 0002 1710053067426 -5.4375 -80.0 5.577554144752192 1
0009 0015 1710053067426 4.6875 -78.5 4.626486056263094 1
0009 0008 1710053067426 0.25 -75.5 5.019185137961818 1
0009 0001 1710053067427 143.1875 -72.5 1.2455923997631406 1
0009 0004 1710053067427 0.0 -66.0 5.884350302329319 1
0009 0005 1710053067427 0.0 -63.5 5.8659425328746915 1
0009 0000 1710053067428 6.5 -61.5 1.0615147052168636 1
0009 0014 1710053067428 32.5 -64.0 1.7241944055834606 1
0009 0008 1710053067428 117.125 -72.5 4.466952054322987 1
0009 0015 1710053067429 -49.4375 -78.0 4.988505522204105 1
0009 0007 1710053067429 -0.25 -74.5 0.3620194659410113 1
0009 0002 1710053067429 -2.125 -80.0 0.8283496254582462 1
0009 0014 1710053067674 -32.5 -63.5 1.6505633277649499 1
0009 0005 1710053067675 22.75 -64.0 4.295146206079795 1
0009 0001 1710053067675 0.0 -68.0 0.5890486225480862 1
0009 0000 1710053067675 -9.75 -63.0 5.884350302329319 1
0009 0004 1710053067676 -26.0 -59.0 4.595806440505381 1
0009 0007 1710053067676 125.3125 -69.0 6.074563920027139 1
0009 0015 1710053067676 -16.625 -80.0 5.442563835418255 1
0009 0014 1710053067677 6.5 -64.0 1.3069516312785663 1
0009 0007 1710053067677 0.0 -65.5 5.9088939949354895 1
0009 0004 1710053067677 6.5 -58.5 4.73693267299086 1
0009 0000 1710053067678 -22.75 -65.0 5.246214294568893 1
0009 0005 1710053067678 -32.5 -65.5 4.0558452031696355 1
0009 0001 1710053067679 -16.25 -68.5 0.4970097752749477 1
0009 0015 1710053067680 -6.5 -79.0 5.221670601962723 1
0009 0006 1710053067680 0.625 -74.5 2.5893595699509624 1
0009 0000 1710053067680 -9.75 -65.0 5.5714182216006485 1
0009 0004 1710053067681 -35.75 -58.5 5.092816215780329 1
0009 0005 1710053067681 -3.25 -65.0 3.8963112012295285 1
0009 0014 1710053067681 78.0625 -64.0 1.239456476611598 1
0009 0001 1710053067682 100.875 -68.5 0.5522330836388308 1
0009 0007 1710053067682 73.1875 -66.5 5.675728915176872 1
0009 0015 1710053067891 -28.0625 -78.0 5.307573526084319 1
0009 0008 1710053067892 -3.8125 -78.5 0.607456392002714 1
0009 0000 1710053067892 39.0 -63.0 5.6573211457222445 1
0009 0001 1710053067892 -3.25 -67.5 0.760854470791278 1
0009 0005 1710053067893 65.0625 -65.0 3.773592738198677 1
0009 0007 1710053067893 0.0 -69.5 5.7616318392984684 1
0009 0004 1710053067893 -35.75 -58.5 5.056000676871073 1
0009 0014 1710053067894 48.8125 -65.0 1.2640001692177683 1
0009 0008 1710053067894 -19.5 -77.5 3.6692820446224537 1
0009 0015 1710053067894 -5.4375 -78.0 5.098952138931871 1
0009 0001 1710053067895 45.5625 -69.5 0.4172427743048944 1
0009 0004 1710053067895 -29.25 -59.0 4.914874444385594 1
0009 0005 1710053067895 -45.5625 -65.5 3.718369429834794 1
0009 0000 1710053067896 -13.0 -63.5 5.638913376267617 1
0009 0014 1710053067896 19.5 -66.5 1.227184630308513 1
0009 0007 1710053067896 -62.625 -68.5 5.6573211457222445 1
0009 0015 1710053068147 -4.25 -78.0 4.828971520263998 1
0009 0008 1710053068147 56.125 -78.0 0.3129320807286708 1
0009 0000 1710053068147 -9.75 -63.0 5.6941366846315 1
0009 0005 1710053068148 -35.75 -65.5 3.6201946594101133 1
0009 0007 1710053068148 -45.5625 -68.0 5.6941366846315 1
0009 0014 1710053068149 3.25 -67.0 1.1903690913992575 1
0009 0004 1710053068149 -29.25 -59.5 4.841243366567084 1
0009 0001 1710053068149 9.75 -68.0 0.18407769454627693 1
0009 0015 1710053068150 25.625 -77.5 4.92714629068868 1
0009 0008 1710053068150 20.75 -77.0 3.9085830475326135 1
0009 0000 1710053068150 -16.25 -62.5 5.780039608753096 1
0009 0001 1710053068151 -32.5 -67.0 0.25157284921324513 1
0009 0005 1710053068151 -39.0 -65.0 3.8963112012295285 1
0009 0014 1710053068151 120.4375 -67.0 1.0983302441261191 1
0009 0004 1710053068152 -48.8125 -60.0 4.957825906446392 1
0009 0007 1710053068152 73.1875 -67.5 6.031612457966341 1
0009 0015 1710053068182 -2.4375 -77.0 5.111223985234957 1
0009 0008 1710053068182 23.1875 -76.5 3.9576704327449543 1
0009 0001 1710053068420 84.625 -67.5 6.191146459906448 1
0009 0004 1710053068421 -16.25 -60.0 4.816699673960914 1
0009 0005 1710053068421 -120.4375 -64.5 4.1172044346850605 1
0009 0014 1710053068421 32.5 -67.5 1.1167380135807468 1
0009 0000 1710053068422 -26.0 -62.5 5.835262917116979 1
0009 0007 1710053068422 -65.875 -68.0 0.018407769454627694 1
0009 0008 1710053068422 10.375 -76.0 0.9694758579437253 1
0009 0015 1710053068423 11.5625 -78.0 4.95168998329485 1
0009 0001 1710053068575 71.5625 -68.0 6.17273869045182 1
0009 0005 1710053068575 6.5 -64.5 3.9453985864418692 1
0009 0014 1710053068575 52.0625 -67.0 1.1167380135807468 1
0009 0000 1710053068575 -71.5625 -62.5 5.945709533844745 1
0009 0004 1710053068576 -29.25 -60.5 4.816699673960914 1
0009 0007 1710053068576 100.875 -69.5 6.178874613603362 1
0009 0015 1710053068577 -8.5 -77.5 5.227806525114265 1
0009 0008 1710053068577 4.25 -76.0 4.374913207049849 1
0009 0002 1710053068577 19.5 -80.0 5.945709533844745 1
0009 0005 1710053068578 9.75 -64.5 4.031301510563465 1
0009 0000 1710053068578 -6.5 -62.5 5.964117303299373 1
0009 0004 1710053068578 -19.5 -60.0 4.804427827657828 1
0009 0014 1710053068579 172.5 -67.0 0.859029241215959 1
0009 0001 1710053068579 13.0 -68.0 6.227961998815704 1
0009 0007 1710053068580 97.625 -68.5 6.209554229361076 1
0009 0008 1710053068580 -13.375 -75.5 4.595806440505381 1
0009 0015 1710053068580 19.5 -77.5 5.00077736850719 1
0009 0002 1710053068680 -11.875 -79.5 6.068427996875596 1
0009 0001 1710053068680 61.8125 -68.5 6.191146459906448 1
0009 0014 1710053068680 39.0 -68.0 1.0737865515199487 1
0009 0005 1710053068681 -52.0625 -64.0 4.135612204139688 1
0009 0007 1710053068681 -139.125 -68.0 0.521553467881118 1
0009 0004 1710053068681 -29.25 -60.0 4.822835597112456 1
0009 0000 1710053068682 13.0 -62.5 5.988660995905543 1
0009 0008 1710053068682 -123.6875 -72.5 4.755340442445488 1
0009 0015 1710053068901 21.3125 -78.0 5.227806525114265 1
0009 0002 1710053068901 -13.375 -79.5 6.074563920027139 1
0009 0000 1710053068902 35.75 -62.0 6.007068765360171 1
0009 0001 1710053068902 22.75 -69.0 6.154330920997192 1
0009 0005 1710053068902 -35.75 -64.0 4.172427743048944 1
0009 0004 1710053068903 9.75 -60.0 4.718524903536232 1
0009 0014 1710053068903 100.875 -68.0 1.055378782065321 1
0009 0007 1710053068904 -52.0625 -70.0 0.5460971604872883 1
0009 0008 1710053068904 -21.9375 -75.5 4.583534594202296 1
0009 0015 1710053068904 -26.8125 -78.5 5.632777453116074 1
0009 0002 1710053068905 5.3125 -79.5 6.135923151542564 1
0009 0007 1710053068905 30.875 -71.5 0.2454369260617026 1
0009 0005 1710053068906 -81.375 -64.0 4.23378697456437 1
0009 0014 1710053068906 120.4375 -67.5 1.0185632431560658 1
0009 0004 1710053068907 -52.0625 -59.5 4.865787059173254 1
0009 0000 1710053068907 -22.75 -62.5 5.982525072754001 1
0009 0001 1710053068907 -3.25 -69.0 6.19728238305799 1
0009 0008 1710053069191 60.1875 -75.0 1.2455923997631406 1
0009 0015 1710053069192 14.625 -77.5 5.350524988145116 1
0009 0004 1710053069192 9.75 -60.0 4.724660826687775 1
0009 0000 1710053069192 58.5625 -62.0 5.749359992995383 1
0009 0001 1710053069193 22.75 -69.0 5.976389149602458 1
0009 0005 1710053069193 45.5625 -64.0 4.006757817957295 1
0009 0014 1710053069193 45.5625 -67.5 1.0799224746714913 1
0009 0007 1710053069194 69.125 -70.5 0.5706408530934585 1
0009 0008 1710053069194 -2.4375 -75.0 1.1658253987930873 1
0009 0015 1710053069367 -0.5625 -78.0 5.270757987175063 1
0009 0004 1710053069367 13.0 -60.0 4.706253057233147 1
0009 0005 1710053069367 159.5 -64.0 3.77972866135022 1
0009 0007 1710053069368 149.6875 -70.0 0.521553467881118 1
0009 0014 1710053069368 55.3125 -67.5 1.043106935762236 1
0009 0000 1710053069368 -16.25 -62.5 5.927301764390117 1
0009 0008 1710053069369 -367.8125 -73.0 4.718524903536232 1
0009 0001 1710053069369 81.375 -68.5 5.841398840268521 1
0009 0015 1710053069369 4.875 -78.0 5.2768939103266055 1
0009 0002 1710053069370 9.4375 -79.5 5.602097837358362 1
0009 0004 1710053069370 -32.5 -60.0 4.71238898038469 1
0009 0005 1710053069370 9.75 -64.0 4.09266074207889 1
0009 0000 1710053069371 -58.5625 -62.5 5.921165841238575 1
0009 0007 1710053069371 27.625 -69.5 0.6258641614573416 1
0009 0001 1710053069372 143.1875 -68.0 5.651185222570702 1
0009 0014 1710053069372 58.5625 -68.0 1.0492428589137786 1
0009 0015 1710053069642 28.625 -78.0 5.098952138931871 1
0009 0008 1710053069642 14.625 -75.5 4.331961744989051 1
0009 0002 1710053069642 6.8125 -79.5 5.755495916146925 1
0009 0014 1710053069643 169.25 -67.5 0.8897088569736719 1
0009 0004 1710053069643 -48.8125 -60.0 4.792155981354743 1
0009 0000 1710053069643 35.75 -62.5 5.835262917116979 1
0009 0001 1710053069644 100.875 -68.0 5.632777453116074 1
0009 0005 1710053069644 22.75 -64.5 4.129476280988146 1
0009 0007 1710053069645 -30.875 -71.0 0.8897088569736719 1
0009 0008 1710053069645 -159.5 -74.0 4.368777283898306 1
0009 0015 1710053069645 -19.5 -78.5 5.387340527054372 1
0009 0002 1710053069646 3.625 -80.0 5.835262917116979 1
0009 0014 1710053069646 -84.625 -68.0 1.3008157081270237 1
0009 0001 1710053069646 45.5625 -68.0 5.773903685601553 1
0009 0004 1710053069647 -68.3125 -60.5 4.822835597112456 1
0009 0007 1710053069647 180.625 -69.5 0.5645049299419159 1
0009 0005 1710053069647 -13.0 -64.0 4.123340357836604 1
0009 0000 1710053069648 16.25 -62.5 5.810719224510809 1
0009 0008 1710053069894 10.9375 -75.5 4.516039439535327 1
0009 0015 1710053069894 4.25 -78.5 5.460971604872882 1
0009 0002 1710053069894 -15.8125 -78.5 6.117515382087937 1
0009 0004 1710053069895 -3.25 -60.0 4.718524903536232 1
0009 0000 1710053069895 -26.0 -62.5 5.93343768754166 1
0009 0014 1710053069896 87.875 -68.0 0.9817477042468103 1
0009 0001 1710053069896 6.5 -68.5 5.8475347634200645 1
0009 0005 1710053069896 52.0625 -64.5 4.061981126321178 1
0009 0007 1710053069897 38.1875 -70.0 0.6688156235181395 1
0009 0008 1710053069897 -35.75 -74.5 4.525243324262641 1
0009 0015 1710053069897 -6.5 -78.5 5.2768939103266055 1
0009 0002 1710053069898 -3.9375 -79.5 5.798447378207723 1
0009 0004 1710053069898 39.0 -60.0 4.620350133111551 1
0009 0001 1710053069898 -146.4375 -68.0 6.013204688511713 1
0009 0000 1710053069898 22.75 -62.5 5.8045833013592665 1
0009 0014 1710053069899 -29.25 -67.5 1.2026409377023426 1
0009 0007 1710053069899 131.8125 -69.5 0.6565437772150544 1
0009 0005 1710053069899 -35.75 -63.5 4.0987966652304335 1
0009 0008 1710053070154 -1.1875 -75.5 4.540583132141498 1
0009 0015 1710053070154 -14.0 -78.0 5.356660911296659 1
0009 0002 1710053070154 -21.625 -79.0 5.988660995905543 1
0009 0000 1710053070155 13.0 -62.5 5.829126993965437 1
0009 0007 1710053070155 76.4375 -70.0 0.5951845456996288 1
0009 0014 1710053070155 -45.5625 -68.0 1.1903690913992575 1
0009 0001 1710053070156 74.8125 -68.0 5.829126993965437 1
0009 0005 1710053070156 -32.5 -64.0 4.227651051412827 1
0009 0004 1710053070156 -65.0625 -60.5 4.7860200582032 1
0009 0008 1710053070157 -198.5625 -74.0 4.908738521234052 1
0009 0002 1710053070157 -22.125 -78.5 5.964117303299373 1
0009 0015 1710053070157 20.125 -79.0 4.859651136021712 1
0009 0007 1710053070158 83.0 -69.5 0.6320000846088841 1
0009 0014 1710053070158 0.0 -68.0 1.214912784005428 1
0009 0001 1710053070158 -61.8125 -69.0 5.964117303299373 1
0009 0004 1710053070159 -16.25 -59.5 4.675573441475434 1
0009 0005 1710053070159 9.75 -63.5 4.111068511533518 1
0009 0000 1710053070159 -84.625 -62.5 5.915029918087033 1
0009 0008 1710053070160 52.0625 -72.5 4.387185053352934 1
