0001 0005 1711438392580 -42.3125 -60.5 5.45483568172134 6
0001 0015 1711438392582 81.375 -67.5 0.705631162427395 6
0001 0004 1711438392582 -9.75 -60.5 4.221515128261284 6
0001 0010 1711438392582 -19.5 -68.5 3.423845118560751 6
0001 0008 1711438392583 13.0 -55.5 5.921165841238575 6
0001 0014 1711438392583 52.0625 -67.0 0.25770877236478773 6
0001 0009 1711438392583 52.0625 -65.0 2.0493983326152168 6
0001 0012 1711438392584 45.5625 -73.5 5.003845330082961 6
0001 0001 1711438392584 4.0625 -79.0 0.9572040116406401 6
0001 0010 1711438392584 104.125 -68.5 3.2765829629237295 6
0001 0015 1711438392585 -74.8125 -68.0 0.9878836273983529 6
0001 0008 1711438392585 7.3125 -55.5 5.9088939949354895 6
0001 0005 1711438392586 -19.5 -61.0 5.418020142812084 6
0001 0009 1711438392586 9.75 -65.5 2.0493983326152168 6
0001 0004 1711438392586 16.25 -60.5 4.190835512503572 6
0001 0014 1711438392587 26.0 -66.0 0.23930100291016002 6
0001 0012 1711438392708 1.1875 -74.5 1.9512235621905356 6
0001 0001 1711438392708 -7.875 -78.5 0.9756117810952678 6
0001 0004 1711438392708 -81.375 -60.5 4.2092432819582 6
0001 0005 1711438392709 -3.25 -61.0 5.295301679781233 6
0001 0009 1711438392709 16.25 -65.5 2.030990563160589 6
0001 0014 1711438392709 -16.25 -67.0 0.34974761963792617 6
0001 0015 1711438392710 -26.0 -69.0 0.9203884727313847 6
0001 0008 1711438392710 -9.75 -55.5 5.890486225480862 6
0001 0010 1711438392710 -65.0625 -69.0 3.552699504743145 6
0001 0012 1711438392948 -11.5625 -74.0 1.9205439464328227 6
0001 0001 1711438392948 -15.25 -78.0 0.8897088569736719 6
0001 0015 1711438392948 48.8125 -68.0 0.7363107781851077 6
0001 0004 1711438392949 -16.25 -60.5 4.080388895775806 6
0001 0005 1711438392949 29.25 -60.5 5.203262832508095 6
0001 0014 1711438392949 -6.5 -67.0 0.2761165418194154 6
0001 0009 1711438392950 61.8125 -65.0 1.9144080232812801 6
0001 0010 1711438392950 19.5 -68.5 3.2765829629237295 6
0001 0008 1711438392950 -7.3125 -55.5 5.8659425328746915 6
0001 0012 1711438392951 -1.1875 -74.0 1.8714565612204823 6
0001 0001 1711438392951 -3.625 -77.5 0.803805932852076 6
0001 0008 1711438393096 -24.375 -55.5 5.872078456026235 6
0001 0014 1711438393096 -48.8125 -67.0 0.34974761963792617 6
0001 0004 1711438393096 -22.75 -61.0 4.074252972624263 6
0001 0010 1711438393096 52.0625 -68.5 3.055689729468197 6
0001 0005 1711438393097 19.5 -61.0 5.203262832508095 6
0001 0015 1711438393097 16.25 -67.5 0.7485826244881929 6
0001 0009 1711438393097 -87.875 -65.0 2.055534255766759 6
0001 0012 1711438393098 -15.8125 -74.0 1.9082721001297376 6
0001 0001 1711438393098 -0.5625 -78.0 0.7485826244881929 6
0001 0009 1711438393098 -13.0 -65.5 2.1046216409791 6
0001 0008 1711438393099 -10.5625 -55.5 5.8475347634200645 6
0001 0005 1711438393099 13.0 -61.0 5.221670601962723 6
0001 0015 1711438393100 55.3125 -68.5 0.619728238305799 6
0001 0010 1711438393100 55.3125 -67.5 3.2336315008629315 6
0001 0014 1711438393100 -13.0 -68.0 0.28838838812250056 6
0001 0004 1711438393101 9.75 -61.5 3.9392626632903265 6
0001 0012 1711438393197 -14.625 -73.5 4.994641445355648 6
0001 0001 1711438393197 -0.875 -79.5 0.9756117810952678 6
0001 0005 1711438393372 3.25 -61.0 5.21553467881118 6
0001 0008 1711438393372 -21.125 -56.0 5.8475347634200645 6
0001 0014 1711438393373 -26.0 -67.5 0.2699806186678728 6
0001 0009 1711438393373 -32.5 -65.0 1.9389517158874505 6
0001 0004 1711438393373 0.0 -61.0 3.8963112012295285 6
0001 0015 1711438393374 -152.9375 -68.5 1.1106020904292042 6
0001 0010 1711438393374 48.8125 -68.0 3.1906800388021335 6
0001 0012 1711438393374 -12.8125 -74.0 1.8530487917658545 6
0001 0001 1711438393375 9.75 -78.0 0.8713010875190442 6
0001 0008 1711438393375 -24.375 -55.5 5.816855147662351 6
0001 0004 1711438393375 -55.3125 -61.5 3.9147189706841563 6
0001 0005 1711438393376 22.75 -60.5 5.209398755659637 6
0001 0009 1711438393376 -52.0625 -64.5 1.9266798695843652 6
0001 0014 1711438393377 -13.0 -67.5 0.15339807878856412 6
0001 0015 1711438393377 100.875 -68.5 0.6688156235181395 6
0001 0010 1711438393377 -78.0625 -68.0 3.227495577711389 6
0001 0012 1711438393446 -3.0 -74.0 1.8346410223112268 6
0001 0001 1711438393446 -5.625 -79.0 0.7731263170943632 6
0001 0009 1711438393621 32.5 -65.0 1.8162332528565992 6
0001 0004 1711438393621 58.5625 -60.5 3.6876898140770815 6
0001 0010 1711438393621 -100.875 -68.0 3.3870295796514958 6
0001 0005 1711438393622 -13.0 -61.0 5.209398755659637 6
0001 0014 1711438393622 -13.0 -67.0 0.30679615757712825 6
0001 0008 1711438393622 -24.375 -55.5 5.810719224510809 6
0001 0015 1711438393623 55.3125 -68.0 0.7731263170943632 6
0001 0012 1711438393624 -7.875 -73.5 1.9512235621905356 6
0001 0001 1711438393624 -10.9375 -79.0 0.8774370106705868 6
0001 0009 1711438393624 107.375 -65.0 1.718058482431918 6
0001 0015 1711438393625 -61.8125 -67.5 0.8713010875190442 6
0001 0008 1711438393625 -38.1875 -55.5 5.786175531904639 6
0001 0005 1711438393626 9.75 -61.0 5.203262832508095 6
0001 0010 1711438393626 -29.25 -68.0 3.1968159619536762 6
0001 0014 1711438393627 81.375 -67.0 0.006135923151542565 6
0001 0004 1711438393627 -29.25 -60.5 3.761320891895592 6
0001 0012 1711438393696 37.375 -73.0 4.890330751779424 6
0001 0001 1711438393697 12.3125 -79.0 0.6688156235181395 6
0001 0008 1711438393879 -21.125 -55.5 5.743224069843841 6
0001 0015 1711438393879 91.125 -68.5 0.662679700366597 6
0001 0009 1711438393880 143.1875 -64.5 1.6689710972195777 6
0001 0010 1711438393880 19.5 -67.5 3.1231848841351653 6
0001 0004 1711438393880 32.5 -61.0 3.6324665057131984 6
0001 0005 1711438393881 -32.5 -61.0 5.2339424482658075 6
0001 0014 1711438393881 -61.8125 -66.5 0.2945243112740431 6
0001 0012 1711438393881 64.25 -73.5 4.8443113281428545 6
0001 0001 1711438393882 -13.5625 -78.5 0.859029241215959 6
0001 0008 1711438393882 -7.3125 -55.5 5.712544454086128 6
0001 0015 1711438393882 -74.8125 -69.0 0.8222137023067037 6
0001 0009 1711438393883 22.75 -65.0 1.8162332528565992 6
0001 0005 1711438393883 3.25 -61.0 5.111223985234957 6
0001 0014 1711438393884 74.8125 -67.0 0.03681553890925539 6
0001 0004 1711438393884 -19.5 -60.5 3.761320891895592 6
0001 0010 1711438393884 -22.75 -67.5 3.2090878082567613 6
0001 0012 1711438393946 43.9375 -73.0 4.954757944870621 6
0001 0001 1711438393946 11.5625 -78.5 0.7179030087304801 6
0001 0015 1711438394110 22.75 -68.0 0.7240389318820226 6
0001 0014 1711438394111 13.0 -68.0 0.15339807878856412 6
0001 0005 1711438394111 -13.0 -61.0 5.154175447295755 6
0001 0009 1711438394111 52.0625 -64.5 1.7671458676442586 6
0001 0004 1711438394112 -6.5 -61.0 3.718369429834794 6
0001 0008 1711438394112 -21.125 -55.5 5.743224069843841 6
0001 0010 1711438394112 -9.75 -68.0 3.160000423044421 6
0001 0012 1711438394113 8.9375 -73.0 5.037592907416445 6
0001 0001 1711438394113 -1.1875 -79.0 0.7485826244881929 6
0001 0012 1711438394113 39.0 -70.5 1.9205439464328227 6
0001 0004 1711438394113 26.0 -61.0 3.6570101983193686 6
0001 0009 1711438394114 9.75 -63.5 1.9389517158874505 6
0001 0015 1711438394114 6.5 -68.0 0.760854470791278 6
0001 0005 1711438394115 -78.0625 -61.5 5.270757987175063 6
0001 0008 1711438394115 -39.0 -55.5 5.681864838328415 6
0001 0014 1711438394115 117.125 -67.0 6.1850105367549055 6
0001 0010 1711438394116 -45.5625 -67.5 3.5956509668039427 6
0001 0000 1711438394373 -8.125 -77.5 2.7979809571034093 6
0001 0011 1711438394373 -4.0 -75.0 1.423534171157875 6
0001 0008 1711438394374 62.625 -68.0 4.3503695144436785 6
0001 0012 1711438394374 61.8125 -69.5 2.8286605728611223 6
0001 0010 1711438394374 -6.5 -67.5 5.056000676871073 6
0001 0004 1711438394375 13.0 -69.5 5.098952138931871 6
0001 0009 1711438394375 -52.0625 -62.5 2.748893571891069 6
0001 0005 1711438394375 3.25 -63.5 0.23316507975861744 6
0001 0015 1711438394376 35.75 -67.5 6.234097921967246 6
0001 0011 1711438394376 -94.375 -71.0 4.828971520263998 6
0001 0000 1711438394376 3.0 -79.5 4.147884050442774 6
0001 0003 1711438394377 5.75 -78.5 5.013049214810275 6
0001 0008 1711438394378 26.0 -56.0 1.2640001692177683 6
0001 0009 1711438394378 -9.75 -58.0 5.534602682691394 6
0001 0012 1711438394378 9.75 -63.5 5.338253141842031 6
0001 0007 1711438394379 58.5625 -67.0 2.067806102069844 6
0001 0000 1711438394379 35.75 -69.5 6.068427996875596 6
0001 0010 1711438394379 3.25 -62.5 3.9699422790480394 6
0001 0011 1711438394379 3.25 -59.0 5.675728915176872 6
0001 0004 1711438394380 68.3125 -62.0 1.6689710972195777 6
0001 0005 1711438394380 81.375 -70.0 3.2090878082567613 6
0001 0015 1711438394380 -45.5625 -67.0 5.927301764390117 6
0001 0003 1711438394381 68.3125 -75.5 5.5714182216006485 6
0001 0001 1711438394447 -6.25 -76.0 4.3074180523828804 6
0001 0008 1711438394609 10.5625 -57.5 5.964117303299373 6
0001 0010 1711438394609 -3.25 -54.0 0.18407769454627693 6
0001 0001 1711438394609 81.375 -69.0 3.77972866135022 6
0001 0009 1711438394610 -6.5 -49.5 0.6933593161243098 6
0001 0015 1711438394610 13.0 -67.0 6.264777537724958 6
0001 0013 1711438394610 -6.5 -68.5 3.877903431774901 6
0001 0004 1711438394611 48.8125 -66.0 3.730641276137879 6
0001 0012 1711438394611 3.25 -59.0 0.8099418560036186 6
0001 0007 1711438394611 -16.25 -57.5 4.313553975534423 6
0001 0011 1711438394612 -6.5 -64.0 4.301282129231338 6
0001 0006 1711438394612 16.25 -73.0 0.6227961998815703 6
0001 0010 1711438394612 -3.25 -51.0 1.7855536370988863 6
0001 0012 1711438394613 0.0 -55.5 2.2886993355253766 6
0001 0001 1711438394613 42.3125 -70.5 2.804116880254952 6
0001 0011 1711438394614 -13.0 -55.5 0.8283496254582462 6
0001 0015 1711438394614 22.75 -67.0 0.4111068511533518 6
0001 0009 1711438394614 -6.5 -52.5 1.4419419406125027 6
0001 0006 1711438394615 -332.0 -70.5 5.522330836388308 6
0001 0007 1711438394615 -9.75 -56.0 5.491651220630596 6
0001 0004 1711438394615 -3.25 -63.5 5.264622064023521 6
0001 0013 1711438394697 5.4375 -72.0 0.2454369260617026 6
0001 0004 1711438394839 42.3125 -65.5 5.66959299202533 6
0001 0010 1711438394839 -13.0 -52.0 2.5157284921324514 6
0001 0012 1711438394839 13.0 -57.5 3.54042765844006 6
0001 0013 1711438394839 -26.0 -65.5 1.4910293258248433 6
0001 0015 1711438394840 55.3125 -65.0 0.9694758579437253 6
0001 0011 1711438394840 -3.25 -52.0 1.6996507129772904 6
0001 0001 1711438394840 149.6875 -70.0 5.203262832508095 6
0001 0007 1711438394841 6.5 -57.5 5.859806609723149 6
0001 0009 1711438394841 -16.25 -59.5 2.018718716857504 6
0001 0006 1711438394841 133.4375 -71.0 6.043884304269426 6
0001 0005 1711438394842 8.1875 -76.0 6.154330920997192 6
0001 0011 1711438394842 -19.5 -50.5 1.6935147898257479 6
0001 0004 1711438394843 -87.875 -65.5 0.018407769454627694 6
0001 0006 1711438394843 214.8125 -71.5 6.160466844148735 6
0001 0009 1711438394843 -94.375 -68.0 2.3071071049800045 6
0001 0005 1711438394844 -16.25 -71.5 3.11091303783208 6
0001 0010 1711438394844 -16.25 -56.0 2.816388726558037 6
0001 0001 1711438394844 -152.9375 -72.5 3.5711072741977725 6
0001 0012 1711438394845 9.75 -59.0 4.301282129231338 6
0001 0013 1711438394845 22.75 -63.5 2.2518837966161214 6
0001 0015 1711438394845 35.75 -62.5 1.552388557340269 6
0001 0007 1711438394846 19.5 -59.5 6.037748381117884 6
0001 0014 1711438394947 -1.1875 -75.5 1.1474176293384597 6
0001 0010 1711438395077 -113.875 -64.5 2.693670263527186 6
0001 0006 1711438395077 198.5625 -72.5 6.19728238305799 6
0001 0012 1711438395078 39.0 -59.5 4.638757902566179 6
0001 0015 1711438395078 -45.5625 -60.5 2.030990563160589 6
0001 0007 1711438395078 42.3125 -60.5 6.215690152512618 6
0001 0013 1711438395079 39.0 -60.5 2.742757648739526 6
0001 0005 1711438395079 -52.0625 -67.0 3.031146036862027 6
0001 0011 1711438395079 -6.5 -51.5 1.8285050991596843 6
0001 0001 1711438395080 -169.25 -71.0 2.429825568010856 6
0001 0004 1711438395080 16.25 -64.0 6.234097921967246 6
0001 0014 1711438395080 0.0 -73.5 4.276738436625168 6
0001 0004 1711438395081 -26.0 -64.0 6.264777537724958 6
0001 0011 1711438395082 3.25 -51.0 1.7855536370988863 6
0001 0012 1711438395082 -42.3125 -59.5 4.902602598082509 6
0001 0013 1711438395083 16.25 -60.0 2.9145634969827183 6
0001 0007 1711438395083 6.5 -61.0 0.1043106935762236 6
0001 0006 1711438395083 35.75 -71.0 0.16566992509164924 6
0001 0015 1711438395084 39.0 -60.5 1.88986433067511 6
0001 0010 1711438395084 22.75 -66.0 2.497320722677824 6
0001 0005 1711438395084 26.0 -67.5 2.9943304979527716 6
0001 0001 1711438395085 152.9375 -72.5 1.509437095279471 6
0001 0014 1711438395196 7.3125 -73.0 1.086058397823034 6
0001 0004 1711438395349 -39.0 -63.5 6.191146459906448 6
0001 0012 1711438395349 13.0 -60.0 4.822835597112456 6
0001 0001 1711438395349 -52.0625 -71.0 2.0371264863121317 6
0001 0015 1711438395350 48.8125 -60.0 1.8775924843720249 6
0001 0013 1711438395350 61.8125 -60.0 2.834796496012665 6
0001 0010 1711438395350 -91.125 -65.5 2.5464081078901644 6
0001 0007 1711438395351 -3.25 -60.5 0.12885438618239387 6
0001 0011 1711438395351 3.25 -51.0 1.8653206380689396 6
0001 0005 1711438395351 -9.75 -68.5 2.9145634969827183 6
0001 0006 1711438395352 -29.25 -72.5 6.209554229361076 6
0001 0014 1711438395352 7.3125 -73.5 4.252194744018997 6
0001 0009 1711438395352 -6.3125 -77.0 4.871922982324796 6
0001 0007 1711438395353 -13.0 -60.0 0.14112623248547898 6
0001 0015 1711438395354 -13.0 -60.5 1.932815792735908 6
0001 0006 1711438395354 84.625 -71.0 5.945709533844745 6
0001 0011 1711438395354 19.5 -51.0 1.8162332528565992 6
0001 0005 1711438395355 16.25 -68.0 2.9206994201342606 6
0001 0013 1711438395355 -3.25 -60.5 2.8654761117703775 6
0001 0012 1711438395355 -3.25 -60.0 4.724660826687775 6
0001 0010 1711438395356 -55.3125 -64.5 2.442097414313941 6
0001 0004 1711438395356 39.0 -63.0 5.921165841238575 6
0001 0001 1711438395356 94.375 -73.0 2.086213871524472 6
0001 0014 1711438395356 104.125 -71.5 0.9019807032767571 6
0001 0009 1711438395446 9.125 -77.5 1.6566992509164924 6
0001 0008 1711438395446 -26.0625 -79.5 5.589825991055276 6
0001 0010 1711438395619 3.25 -64.5 2.3930100291016 6
0001 0011 1711438395619 -3.25 -51.0 1.846912868614312 6
0001 0015 1711438395619 6.5 -60.5 1.8837284075235674 6
0001 0012 1711438395620 3.25 -60.0 4.700117134081604 6
0001 0005 1711438395620 -94.375 -69.0 2.9943304979527716 6
0001 0007 1711438395620 9.75 -60.0 0.1227184630308513 6
0001 0013 1711438395620 -6.5 -61.0 2.8961557275280905 6
0001 0004 1711438395620 29.25 -63.0 5.957981380147831 6
0001 0014 1711438395621 87.875 -72.5 1.0492428589137786 6
0001 0001 1711438395621 146.4375 -72.5 2.2886993355253766 6
0001 0006 1711438395621 -0.8125 -73.0 6.277049384028044 6
0001 0009 1711438395622 23.75 -77.0 1.4726215563702154 6
0001 0008 1711438395623 5.1875 -79.5 2.270291566070749 6
0001 0005 1711438395623 -55.3125 -68.0 2.945243112740431 6
0001 0010 1711438395623 6.5 -64.0 2.4911847995262812 6
0001 0015 1711438395624 48.8125 -60.5 1.7978254834019713 6
0001 0013 1711438395624 -81.375 -61.0 2.9329712664373457 6
0001 0011 1711438395624 13.0 -51.0 1.8039614065535141 6
0001 0006 1711438395624 6.5 -71.5 0.1349903093339364 6
0001 0007 1711438395625 -16.25 -60.5 0.11658253987930872 6
0001 0012 1711438395625 13.0 -60.0 4.724660826687775 6
0001 0004 1711438395625 68.3125 -63.0 5.9088939949354895 6
0001 0001 1711438395626 9.75 -71.0 2.779573187648782 6
0001 0014 1711438395626 104.125 -70.5 0.9265243958829272 6
0001 0009 1711438395696 3.0 -77.0 1.4787574795217582 6
0001 0008 1711438395696 15.6875 -79.5 5.086680292628786 6
0001 0007 1711438395855 -3.25 -60.5 0.006135923151542565 6
0001 0011 1711438395855 6.5 -51.0 1.7916895602504288 6
0001 0015 1711438395856 45.5625 -60.5 1.7855536370988863 6
0001 0013 1711438395856 19.5 -61.0 2.761165418194154 6
0001 0004 1711438395856 16.25 -63.0 5.982525072754001 6
0001 0010 1711438395857 -74.8125 -63.5 2.5954954931025047 6
0001 0014 1711438395857 166.0 -71.0 0.9203884727313847 6
0001 0005 1711438395857 87.875 -68.5 2.779573187648782 6
0001 0012 1711438395858 3.25 -60.0 4.71238898038469 6
0001 0001 1711438395858 -247.375 -71.0 3.2765829629237295 6
0001 0006 1711438395858 19.5 -72.5 0.11044661672776616 6
0001 0009 1711438395859 23.1875 -76.0 1.4603497100671303 6
0001 0008 1711438395860 -18.875 -78.5 5.608233760509904 6
0001 0010 1711438395860 29.25 -63.5 2.448233337465483 6
0001 0013 1711438395860 9.75 -61.0 2.748893571891069 6
0001 0012 1711438395861 -68.3125 -60.0 4.71238898038469 6
0001 0015 1711438395861 84.625 -60.5 1.6996507129772904 6
0001 0007 1711438395861 -3.25 -61.0 6.234097921967246 6
0001 0004 1711438395862 13.0 -63.5 6.000932842208628 6
0001 0011 1711438395862 3.25 -51.5 1.7671458676442586 6
0001 0005 1711438395862 139.9375 -68.5 2.748893571891069 6
0001 0001 1711438395863 -123.6875 -71.5 2.9759227284981438 6
0001 0006 1711438395863 146.4375 -72.0 6.037748381117884 6
0001 0014 1711438395863 -39.0 -71.0 1.1965050145508 6
0001 0009 1711438395956 -6.6875 -76.0 4.632621979414636 6
0001 0008 1711438395957 -31.875 -78.5 2.435961491162398 6
0001 0013 1711438396145 3.25 -61.0 2.705942109830271 6
0001 0007 1711438396145 22.75 -60.5 6.14819499784565 6
0001 0010 1711438396146 3.25 -63.5 2.4175537217077703 6
0001 0011 1711438396146 9.75 -51.0 1.705786636128833 6
0001 0014 1711438396146 91.125 -71.0 0.9081166264282996 6
0001 0012 1711438396147 -26.0 -59.5 4.620350133111551 6
0001 0015 1711438396147 -19.5 -60.5 1.8775924843720249 6
0001 0006 1711438396147 -13.0 -70.5 6.277049384028044 6
0001 0004 1711438396148 -22.75 -63.0 5.982525072754001 6
0001 0005 1711438396148 -16.25 -68.0 2.9575149590435164 6
0001 0001 1711438396148 -123.6875 -71.5 2.9391071895888885 6
0001 0009 1711438396149 -9.75 -75.0 1.2793399770966247 6
0001 0008 1711438396150 33.25 -78.0 5.368932757599744 6
0001 0007 1711438396150 32.5 -61.0 6.105243535784852 6
0001 0005 1711438396150 58.5625 -68.0 2.84706834231575 6
0001 0010 1711438396150 -22.75 -63.5 2.5034566458293663 6
0001 0006 1711438396151 45.5625 -73.0 5.9518454569962875 6
0001 0011 1711438396151 6.5 -51.5 1.6996507129772904 6
0001 0012 1711438396151 13.0 -59.0 4.552854978444583 6
0001 0014 1711438396152 -29.25 -71.0 0.8835729338221293 6
0001 0013 1711438396152 3.25 -61.5 2.705942109830271 6
0001 0004 1711438396152 6.5 -63.0 5.964117303299373 6
0001 0015 1711438396153 -32.5 -61.0 1.8346410223112268 6
0001 0001 1711438396153 42.3125 -71.0 2.773437264497239 6
0001 0009 1711438396206 16.4375 -76.0 1.2701360923693108 6
0001 0008 1711438396207 10.9375 -77.5 5.516194913236766 6
0001 0012 1711438396388 -32.5 -59.0 4.601942363656923 6
0001 0007 1711438396388 0.0 -60.5 6.0991076126333095 6
0001 0011 1711438396388 3.25 -51.5 1.7426021750380885 6
0001 0004 1711438396389 52.0625 -63.0 5.835262917116979 6
0001 0013 1711438396389 -19.5 -61.0 3.1906800388021335 6
0001 0015 1711438396389 -13.0 -61.0 1.846912868614312 6
0001 0005 1711438396389 -45.5625 -69.0 3.000466421104314 6
0001 0001 1711438396390 -211.5625 -72.5 2.9145634969827183 6
0001 0010 1711438396390 32.5 -63.0 2.2457478734645786 6
0001 0014 1711438396390 139.9375 -70.5 0.9940195505498954 6
0001 0009 1711438396391 -120.4375 -73.5 0.6933593161243098 6
0001 0006 1711438396391 -9.75 -71.0 0.28225246497095796 6
0001 0008 1711438396392 -5.4375 -77.5 5.45483568172134 6
0001 0010 1711438396393 9.75 -63.5 2.1905245651006955 6
0001 0015 1711438396393 -35.75 -60.5 1.88986433067511 6
0001 0012 1711438396394 -26.0 -59.0 4.6878452877785195 6
0001 0011 1711438396394 -3.25 -51.5 1.7794177139473437 6
0001 0013 1711438396394 -35.75 -60.5 3.184544115650591 6
0001 0006 1711438396395 -126.9375 -71.5 0.2945243112740431 6
0001 0007 1711438396395 22.75 -61.0 6.234097921967246 6
0001 0009 1711438396395 -201.8125 -74.0 0.8528933180644165 6
0001 0001 1711438396396 -87.875 -70.0 2.730485802436441 6
0001 0004 1711438396396 42.3125 -63.0 5.8475347634200645 6
0001 0014 1711438396396 6.5 -71.5 1.0062913968529805 6
0001 0005 1711438396397 19.5 -68.5 2.9268353432858034 6
0001 0008 1711438396446 24.6875 -78.0 5.270757987175063 6
0001 0011 1711438396647 -16.25 -52.0 1.7855536370988863 6
0001 0010 1711438396648 3.25 -63.0 2.2457478734645786 6
0001 0004 1711438396648 -16.25 -63.0 5.9088939949354895 6
0001 0001 1711438396648 -45.5625 -72.0 2.6875343403756435 6
0001 0007 1711438396648 16.25 -61.0 6.252505691421874 6
0001 0014 1711438396649 78.0625 -71.5 0.9387962421860124 6
0001 0013 1711438396649 45.5625 -60.5 3.055689729468197 6
0001 0012 1711438396649 -9.75 -59.0 4.6878452877785195 6
0001 0015 1711438396650 39.0 -61.0 1.7916895602504288 6
0001 0005 1711438396650 -35.75 -69.0 3.2029518851052186 6
0001 0006 1711438396650 -35.75 -71.5 0.25770877236478773 6
0001 0009 1711438396651 78.0625 -75.0 0.6442719309119693 6
0001 0008 1711438396651 -6.6875 -77.5 5.289165756629691 6
0001 0001 1711438396651 -48.8125 -70.5 2.7857091108003242 6
0001 0013 1711438396652 13.0 -60.5 3.0925052683774528 6
0001 0011 1711438396652 6.5 -52.0 1.8100973297050567 6
0001 0005 1711438396652 -84.625 -69.0 3.215223731408304 6
0001 0012 1711438396652 -32.5 -59.0 4.749204519293945 6
0001 0007 1711438396653 -3.25 -61.0 0.0674951546669682 6
0001 0015 1711438396653 35.75 -60.5 1.8100973297050567 6
0001 0004 1711438396653 32.5 -63.0 5.822991070813893 6
0001 0010 1711438396654 71.5625 -63.0 2.184388641949153 6
0001 0014 1711438396654 113.875 -71.0 0.8344855486097889 6
0001 0006 1711438396654 -6.5 -71.5 0.3865631585471816 6
0001 0009 1711438396695 0.0 -75.0 0.5706408530934585 6
0001 0008 1711438396697 43.625 -78.0 5.258486140871978 6
0001 0010 1711438396921 -9.75 -62.5 2.350058567040802 6
0001 0013 1711438396922 26.0 -61.0 3.098641191528995 6
0001 0004 1711438396922 -32.5 -63.0 5.9088939949354895 6
0001 0012 1711438396922 -52.0625 -59.5 4.779884135051658 6
0001 0006 1711438396922 -42.3125 -71.5 0.2945243112740431 6
0001 0011 1711438396923 13.0 -51.5 1.8162332528565992 6
0001 0001 1711438396923 -91.125 -71.0 3.000466421104314 6
0001 0007 1711438396923 3.25 -61.0 0.0674951546669682 6
0001 0015 1711438396924 -6.5 -60.5 1.8223691760081417 6
0001 0014 1711438396924 29.25 -70.0 0.9203884727313847 6
0001 0005 1711438396924 -152.9375 -69.0 3.485204350076177 6
0001 0009 1711438396925 -10.375 -75.5 0.7424467013366504 6
0001 0008 1711438396926 -12.1875 -77.0 2.5157284921324514 6
0001 0007 1711438396926 -35.75 -60.5 0.1227184630308513 6
0001 0013 1711438396926 26.0 -61.0 3.0802334220743677 6
0001 0011 1711438396926 3.25 -52.0 1.8775924843720249 6
0001 0010 1711438396927 6.5 -63.0 2.2886993355253766 6
0001 0014 1711438396927 -13.0 -70.5 0.8222137023067037 6
0001 0015 1711438396927 -45.5625 -61.0 1.902136176978195 6
0001 0001 1711438396928 -94.375 -71.0 3.043417883165112 6
0001 0004 1711438396928 6.5 -63.0 5.921165841238575 6
0001 0012 1711438396928 -22.75 -59.0 4.71238898038469 6
0001 0005 1711438396929 -13.0 -69.0 3.2520392703175593 6
0001 0006 1711438396929 139.9375 -72.0 0.16566992509164924 6
0001 0009 1711438397173 -14.0 -76.0 0.7792622402459057 6
0001 0008 1711438397173 -1.9375 -78.5 2.3071071049800045 6
0001 0015 1711438397173 -26.0 -60.5 1.8714565612204823 6
0001 0001 1711438397174 113.875 -71.0 2.9513790358919736 6
0001 0006 1711438397174 117.125 -72.0 0.30679615757712825 6
0001 0011 1711438397174 13.0 -51.5 1.846912868614312 6
0001 0005 1711438397175 -52.0625 -70.0 3.1661363461959633 6
0001 0004 1711438397175 -39.0 -63.0 5.964117303299373 6
0001 0012 1711438397175 -9.75 -59.0 4.6448938257177215 6
0001 0007 1711438397176 -3.25 -60.5 0.0674951546669682 6
0001 0010 1711438397176 29.25 -62.5 2.2580197197676637 6
0001 0014 1711438397176 84.625 -72.5 0.9326603190344698 6
0001 0013 1711438397177 13.0 -60.5 3.08636934522591 6
0001 0009 1711438397177 -273.375 -74.0 0.8958447801252144 6
0001 0008 1711438397177 0.5625 -78.0 2.350058567040802 6
0001 0007 1711438397178 -3.25 -60.5 0.01227184630308513 6
0001 0005 1711438397178 -71.5625 -70.5 3.2949907323783574 6
0001 0013 1711438397178 -9.75 -61.0 3.074097498922825 6
0001 0004 1711438397179 6.5 -63.5 5.853670686571607 6
0001 0012 1711438397179 -13.0 -59.0 4.614214209960009 6
0001 0014 1711438397179 39.0 -71.0 1.043106935762236 6
0001 0010 1711438397180 -3.25 -62.0 2.2641556429192065 6
0001 0001 1711438397180 -55.3125 -71.0 3.2827188860752723 6
0001 0011 1711438397180 16.25 -52.0 1.8285050991596843 6
0001 0015 1711438397181 19.5 -61.0 1.7978254834019713 6
0001 0009 1711438397181 81.375 -74.5 0.7915340865489908 6
0001 0006 1711438397182 39.0 -72.5 0.2761165418194154 6
0001 0008 1711438397197 41.5 -78.0 5.424156065963627 6
0001 0010 1711438397431 39.0 -62.0 2.1537090261914402 6
0001 0015 1711438397431 -35.75 -61.0 1.8039614065535141 6
0001 0007 1711438397431 26.0 -60.5 6.240233845118788 6
0001 0014 1711438397432 91.125 -72.5 0.7792622402459057 6
0001 0013 1711438397432 9.75 -61.0 3.0127382674073995 6
0001 0011 1711438397432 -3.25 -52.0 1.8407769454627694 6
0001 0004 1711438397433 -9.75 -63.5 5.8659425328746915 6
0001 0012 1711438397433 -6.5 -59.0 4.565126824747668 6
0001 0005 1711438397433 -19.5 -69.0 3.429981041712294 6
0001 0001 1711438397434 -214.8125 -69.5 3.6692820446224537 6
0001 0009 1711438397434 5.6875 -75.5 0.6473398924877406 6
0001 0008 1711438397434 36.0 -78.0 5.448699758569798 6
0001 0010 1711438397435 45.5625 -61.5 2.141437179888355 6
0001 0011 1711438397435 6.5 -52.0 1.8100973297050567 6
0001 0004 1711438397435 9.75 -63.0 5.816855147662351 6
0001 0015 1711438397436 -35.75 -61.5 1.859184714917397 6
0001 0012 1711438397436 3.25 -59.0 4.516039439535327 6
0001 0013 1711438397436 9.75 -61.0 2.9697868053466014 6
0001 0007 1711438397436 3.25 -60.5 6.227961998815704 6
0001 0001 1711438397437 -19.5 -71.0 3.117048960983623 6
0001 0005 1711438397437 -78.0625 -69.0 3.3318062712876126 6
0001 0014 1711438397437 120.4375 -71.0 0.6933593161243098 6
0001 0006 1711438397438 237.5625 -72.0 6.191146459906448 6
0001 0009 1711438397444 51.25 -75.0 0.47553404424454876 6
