0001 0005 1711438434702 -13.0 -61.0 5.47937937432751 6
0001 0004 1711438434703 16.25 -59.5 3.5036121195308043 6
0001 0010 1711438434703 97.625 -64.5 2.5464081078901644 6
0001 0009 1711438434704 61.8125 -69.5 1.9880391010997909 6
0001 0014 1711438434705 58.5625 -67.5 6.178874613603362 6
0001 0008 1711438434705 -3.25 -55.5 6.056156150572511 6
0001 0015 1711438434706 -45.5625 -73.0 0.1902136176978195 6
0001 0007 1711438434706 -71.5625 -69.5 4.424000592262189 6
0001 0011 1711438434706 -16.4375 -75.5 5.00077736850719 6
0001 0001 1711438434707 18.875 -79.0 0.7363107781851077 6
0001 0007 1711438434708 -19.5 -70.0 4.276738436625168 6
0001 0010 1711438434708 -48.8125 -65.0 2.773437264497239 6
0001 0009 1711438434709 9.75 -69.5 2.043262409463674 6
0001 0014 1711438434709 0.0 -67.5 6.258641614573416 6
0001 0004 1711438434710 6.5 -59.0 3.472932503773092 6
0001 0008 1711438434710 17.0625 -55.5 6.000932842208628 6
0001 0005 1711438434711 16.25 -61.5 5.325981295538946 6
0001 0015 1711438434711 -36.5625 -73.5 0.24236896448593132 6
0001 0011 1711438434962 1.125 -76.0 5.037592907416445 6
0001 0001 1711438434963 1.75 -78.5 0.8099418560036186 6
0001 0004 1711438434963 -22.75 -59.5 3.3870295796514958 6
0001 0009 1711438434963 -71.5625 -68.5 2.024854640009046 6
0001 0005 1711438434964 -9.75 -61.5 5.221670601962723 6
0001 0014 1711438434964 -22.75 -67.5 6.191146459906448 6
0001 0008 1711438434965 -7.3125 -55.5 5.964117303299373 6
0001 0010 1711438434965 45.5625 -65.0 2.6384469551633027 6
0001 0015 1711438434966 -84.625 -71.5 0.30066023442558565 6
0001 0007 1711438434966 17.875 -70.0 0.8467573949128739 6
0001 0015 1711438435412 139.9375 -73.0 6.12365130523948 6
0001 0009 1711438435412 -6.5 -68.0 1.8837284075235674 6
0001 0014 1711438435413 -22.75 -67.0 6.240233845118788 6
0001 0005 1711438435413 -42.3125 -62.5 5.037592907416445 6
0001 0008 1711438435414 -13.8125 -55.0 5.878214379177777 6
0001 0004 1711438435414 -19.5 -59.0 3.32567034813607 6
0001 0010 1711438435415 0.0 -65.0 2.6323110320117604 6
0001 0007 1711438435415 15.4375 -70.0 0.7976700097005334 6
0001 0004 1711438435416 -32.5 -59.0 3.3379421944391554 6
0001 0010 1711438435416 -32.5 -64.5 2.6691265709210157 6
0001 0014 1711438435416 29.25 -67.5 6.1850105367549055 6
0001 0005 1711438435417 -6.5 -62.5 4.933282213840222 6
0001 0009 1711438435418 -87.875 -67.0 1.9389517158874505 6
0001 0008 1711438435419 3.25 -55.0 5.872078456026235 6
0001 0015 1711438435419 -227.8125 -73.0 0.09203884727313846 6
0001 0007 1711438435420 6.5 -70.0 3.9239228554114702 6
0001 0009 1711438435696 -52.0625 -67.5 1.932815792735908 6
0001 0004 1711438435697 9.75 -59.0 3.2581751934691017 6
0001 0010 1711438435697 -9.75 -64.5 2.6016314162540475 6
0001 0005 1711438435697 45.5625 -62.0 4.865787059173254 6
0001 0008 1711438435698 -13.0 -55.0 5.859806609723149 6
0001 0014 1711438435698 -42.3125 -68.0 6.14819499784565 6
0001 0015 1711438435699 -136.6875 -73.5 0.34974761963792617 6
0001 0007 1711438435699 -23.5625 -70.0 3.9147189706841563 6
0001 0004 1711438435699 -19.5 -59.5 3.2888548092268146 6
0001 0008 1711438435700 21.125 -55.0 5.8659425328746915 6
0001 0009 1711438435700 42.3125 -68.0 1.748738098189631 6
0001 0010 1711438435701 -9.75 -64.5 2.662990647769473 6
0001 0005 1711438435701 0.0 -62.0 4.896466674930966 6
0001 0014 1711438435701 6.5 -68.0 6.178874613603362 6
0001 0015 1711438435702 48.8125 -73.5 6.1420590746941075 6
0001 0007 1711438435702 4.875 -70.5 0.7393787397608791 6
0001 0014 1711438435963 -39.0 -68.5 6.227961998815704 6
0001 0008 1711438435963 -30.875 -55.5 5.8659425328746915 6
0001 0010 1711438435964 16.25 -65.0 2.5770877236478773 6
0001 0009 1711438435964 -22.75 -67.5 1.7241944055834606 6
0001 0015 1711438435964 257.125 -72.0 5.896622148632405 6
0001 0004 1711438435964 29.25 -59.5 3.141592653589793 6
0001 0005 1711438435965 -26.0 -63.0 4.841243366567084 6
0001 0007 1711438435965 4.25 -70.5 3.9269908169872414 6
0001 0005 1711438436197 78.0625 -63.0 4.675573441475434 6
0001 0009 1711438436197 -13.0 -67.5 1.7978254834019713 6
0001 0008 1711438436197 -13.8125 -55.5 5.859806609723149 6
0001 0004 1711438436198 -26.0 -59.0 3.1968159619536762 6
0001 0014 1711438436198 -78.0625 -68.0 6.270913460876501 6
0001 0010 1711438436198 -26.0 -65.0 2.5832236467994196 6
0001 0015 1711438436199 53.6875 -74.0 6.215690152512618 6
0001 0007 1711438436199 6.0625 -70.0 3.80427235395639 6
0001 0010 1711438436199 3.25 -64.5 2.5464081078901644 6
0001 0009 1711438436200 -74.8125 -67.0 1.7855536370988863 6
0001 0008 1711438436200 -7.3125 -55.5 5.786175531904639 6
0001 0005 1711438436200 91.125 -63.0 4.565126824747668 6
0001 0004 1711438436201 19.5 -59.0 3.0925052683774528 6
0001 0014 1711438436201 -100.875 -68.5 0.04908738521234052 6
0001 0015 1711438436202 -143.1875 -71.5 0.05522330836388308 6
0001 0007 1711438436202 -5.4375 -71.0 3.822680123411018 6
0001 0004 1711438436439 19.5 -59.0 3.055689729468197 6
0001 0008 1711438436440 -32.5 -55.5 5.786175531904639 6
0001 0009 1711438436440 -42.3125 -66.5 1.736466251886546 6
0001 0014 1711438436441 -16.25 -69.5 5.902758071783947 6
0001 0005 1711438436441 6.5 -63.5 4.651029748869264 6
0001 0010 1711438436441 0.0 -63.5 2.761165418194154 6
0001 0015 1711438436442 3.0 -75.0 6.1850105367549055 6
0001 0007 1711438436442 4.875 -71.0 3.6754179677739964 6
0001 0012 1711438436442 13.375 -73.5 5.5714182216006485 6
0001 0000 1711438436443 6.3125 -78.0 5.338253141842031 6
0001 0011 1711438436443 -1.9375 -76.0 4.865787059173254 6
0001 0009 1711438436443 6.5 -62.0 2.6261751088602177 6
0001 0005 1711438436444 68.3125 -63.0 0.21475731030398976 6
0001 0010 1711438436444 -6.5 -61.0 4.031301510563465 6
0001 0004 1711438436444 6.5 -65.5 3.8717675086233583 6
0001 0012 1711438436445 -68.3125 -68.0 3.8963112012295285 6
0001 0000 1711438436445 94.375 -73.5 6.2034183062095325 6
0001 0008 1711438436445 -41.5 -69.0 4.749204519293945 6
0001 0015 1711438436446 94.375 -70.5 5.111223985234957 6
0001 0011 1711438436446 -22.75 -72.5 5.307573526084319 6
0001 0003 1711438436702 5.75 -78.0 4.822835597112456 6
0001 0002 1711438436702 3.3125 -78.5 0.4540583132141498 6
0001 0010 1711438436703 32.5 -62.5 2.4911847995262812 6
0001 0011 1711438436703 3.25 -59.0 5.283029833478148 6
0001 0009 1711438436703 3.25 -61.0 5.086680292628786 6
0001 0008 1711438436704 9.75 -55.0 1.184233168247715 6
0001 0000 1711438436704 22.75 -68.5 6.166602767300278 6
0001 0004 1711438436704 -6.5 -64.0 1.2333205534600555 6
0001 0012 1711438436705 -26.0 -62.5 5.64504929941916 6
0001 0005 1711438436705 68.3125 -69.5 2.773437264497239 6
0001 0015 1711438436706 -16.25 -69.0 5.559146375297564 6
0001 0003 1711438436706 -28.4375 -74.0 5.924233802814347 6
0001 0013 1711438436706 17.6875 -74.5 5.786175531904639 6
0001 0001 1711438436706 0.5625 -75.0 0.6933593161243098 6
0001 0006 1711438436707 1.8125 -75.0 5.872078456026235 6
0001 0012 1711438436707 55.3125 -59.0 0.9081166264282996 6
0001 0007 1711438436708 -13.0 -57.0 5.086680292628786 6
0001 0013 1711438436708 61.8125 -66.0 2.172116795646068 6
0001 0008 1711438436708 -7.3125 -55.0 6.270913460876501 6
0001 0004 1711438436709 45.5625 -67.0 4.503767593232243 6
0001 0009 1711438436709 0.0 -48.5 0.3129320807286708 6
0001 0015 1711438436709 -19.5 -67.0 6.074563920027139 6
0001 0010 1711438436710 6.5 -53.0 0.662679700366597 6
0001 0006 1711438436710 -26.0 -70.5 4.025165587411922 6
0001 0011 1711438436711 -52.0625 -66.0 5.227806525114265 6
0001 0001 1711438436711 -13.0 -71.5 3.9085830475326135 6
0001 0014 1711438436946 0.875 -74.0 5.964117303299373 6
0001 0011 1711438436946 19.5 -56.0 1.0983302441261191 6
0001 0007 1711438436946 22.75 -57.0 6.270913460876501 6
0001 0014 1711438436947 16.25 -67.5 6.031612457966341 6
0001 0009 1711438436948 -3.25 -52.5 1.6198837120072371 6
0001 0006 1711438436948 159.5 -69.0 5.399612373357457 6
0001 0010 1711438436949 9.75 -52.0 2.3930100291016 6
0001 0012 1711438436949 6.5 -57.0 3.06182565261974 6
0001 0004 1711438436949 -13.0 -66.0 5.798447378207723 6
0001 0015 1711438436950 0.0 -67.5 0.6994952392758523 6
0001 0013 1711438436950 -214.8125 -69.0 1.1474176293384597 6
0001 0001 1711438436950 -71.5625 -71.0 1.0246991663076084 6
0001 0005 1711438436951 -1.125 -72.0 0.2638446955163303 6
0001 0014 1711438436951 -3.25 -65.5 6.12365130523948 6
0001 0006 1711438436951 -19.5 -70.5 0.1902136176978195 6
0001 0012 1711438436952 -22.75 -57.5 4.28287435977671 6
0001 0009 1711438436952 26.0 -59.0 1.9512235621905356 6
0001 0015 1711438436952 -84.625 -64.5 1.2087768608538851 6
0001 0010 1711438436953 -29.25 -55.5 3.785864584501762 6
0001 0011 1711438436953 -22.75 -51.5 2.3071071049800045 6
0001 0004 1711438436953 84.625 -69.0 0.28838838812250056 6
0001 0007 1711438436954 74.8125 -60.5 0.4049709280018093 6
0001 0013 1711438436954 0.0 -61.5 2.6200391857086753 6
0001 0005 1711438436954 -3.25 -68.5 3.411573272257666 6
0001 0001 1711438436955 13.0 -71.5 3.9208548938356986 6
0001 0011 1711438437185 19.5 -49.5 2.1230294104337273 6
0001 0014 1711438437185 211.5625 -65.5 6.22182607566416 6
0001 0006 1711438437185 9.75 -72.0 0.46019423636569234 6
0001 0010 1711438437186 -48.8125 -62.5 4.178563666200486 6
0001 0004 1711438437186 87.875 -67.0 0.6933593161243098 6
0001 0015 1711438437186 -45.5625 -62.0 1.8714565612204823 6
0001 0013 1711438437187 -16.25 -60.5 3.3072625786814425 6
0001 0012 1711438437187 -16.25 -58.5 5.111223985234957 6
0001 0007 1711438437187 39.0 -62.0 0.7424467013366504 6
0001 0005 1711438437188 -74.8125 -65.0 3.2029518851052186 6
0001 0009 1711438437188 -74.8125 -68.0 2.061670178918302 6
0001 0001 1711438437188 136.6875 -72.0 2.5157284921324514 6
0001 0013 1711438437189 0.0 -60.0 3.5956509668039427 6
0001 0009 1711438437189 136.6875 -71.0 1.7855536370988863 6
0001 0004 1711438437189 22.75 -64.5 0.9203884727313847 6
0001 0014 1711438437190 61.8125 -66.0 0.5154175447295755 6
0001 0010 1711438437190 -205.0625 -65.5 4.0558452031696355 6
0001 0007 1711438437190 48.8125 -61.0 0.9878836273983529 6
0001 0005 1711438437191 55.3125 -64.5 2.859340188618835 6
0001 0015 1711438437191 39.0 -61.0 2.024854640009046 6
0001 0011 1711438437191 13.0 -50.5 2.2764274892222915 6
0001 0001 1711438437192 -156.1875 -73.5 1.932815792735908 6
0001 0012 1711438437192 -13.0 -59.0 5.602097837358362 6
0001 0006 1711438437211 13.375 -75.0 0.7424467013366504 6
0001 0007 1711438437430 19.5 -60.5 1.1658253987930873 6
0001 0015 1711438437430 35.75 -60.0 2.1046216409791 6
0001 0014 1711438437431 -52.0625 -66.5 0.6749515466696822 6
0001 0013 1711438437432 19.5 -59.5 3.724505352986337 6
0001 0004 1711438437432 13.0 -64.5 0.8651651643675016 6
0001 0011 1711438437432 6.5 -51.0 2.350058567040802 6
0001 0005 1711438437433 -39.0 -65.5 3.06182565261974 6
0001 0012 1711438437433 3.25 -59.5 5.675728915176872 6
0001 0009 1711438437433 -42.3125 -71.5 2.3071071049800045 6
0001 0010 1711438437434 -22.75 -66.0 3.822680123411018 6
0001 0001 1711438437434 5.6875 -74.5 4.672505479899663 6
0001 0006 1711438437434 7.625 -75.0 0.6872233929727672 6
0001 0009 1711438437435 -45.5625 -72.5 2.2150682577068657 6
0001 0011 1711438437435 -6.5 -51.0 2.454369260617026 6
0001 0007 1711438437435 68.3125 -61.0 1.086058397823034 6
0001 0013 1711438437436 6.5 -59.5 3.718369429834794 6
0001 0005 1711438437436 -48.8125 -65.5 3.2213596545598464 6
0001 0004 1711438437436 13.0 -63.5 0.7179030087304801 6
0001 0014 1711438437437 61.8125 -66.5 0.4540583132141498 6
0001 0010 1711438437437 45.5625 -65.5 3.785864584501762 6
0001 0012 1711438437437 -39.0 -59.5 5.602097837358362 6
0001 0015 1711438437438 -13.0 -61.0 2.0800779483729293 6
0001 0001 1711438437438 188.75 -72.5 1.4787574795217582 6
0001 0006 1711438437472 -2.4375 -74.0 0.5829126993965437 6
0001 0005 1711438437696 -52.0625 -66.5 3.2704470397721868 6
0001 0015 1711438437697 6.5 -61.0 1.9512235621905356 6
0001 0011 1711438437697 3.25 -51.5 2.4911847995262812 6
0001 0010 1711438437697 -16.25 -65.0 3.890175278077986 6
0001 0004 1711438437698 42.3125 -63.5 0.521553467881118 6
0001 0012 1711438437698 0.0 -59.5 5.436427912266712 6
0001 0014 1711438437698 42.3125 -66.5 0.32520392703175593 6
0001 0009 1711438437699 52.0625 -72.0 2.0800779483729293 6
0001 0007 1711438437699 26.0 -62.0 1.2087768608538851 6
0001 0013 1711438437699 -9.75 -59.5 3.6079228131070282 6
0001 0001 1711438437700 -58.5625 -71.0 2.2150682577068657 6
0001 0006 1711438437700 -65.0625 -71.5 0.607456392002714 6
0001 0008 1711438437701 -2.5625 -80.0 0.1043106935762236 6
0001 0014 1711438437702 -3.25 -65.5 0.4049709280018093 6
0001 0004 1711438437702 19.5 -63.5 0.42337869745643697 6
0001 0009 1711438437702 16.25 -71.0 2.1598449493429825 6
0001 0006 1711438437703 42.3125 -71.0 0.380427235395639 6
0001 0015 1711438437703 13.0 -61.0 1.8714565612204823 6
0001 0012 1711438437703 -45.5625 -59.0 5.381204603902829 6
0001 0010 1711438437704 -22.75 -63.5 3.902447124381071 6
0001 0011 1711438437704 0.0 -51.0 2.4727770300716534 6
0001 0013 1711438437704 22.75 -60.0 3.4054373491061236 6
0001 0007 1711438437705 6.5 -61.5 1.214912784005428 6
0001 0005 1711438437705 -74.8125 -66.5 3.5772431973493153 6
0001 0001 1711438437705 -279.9375 -70.5 3.3440781175906977 6
0001 0008 1711438437965 -2.5625 -80.5 0.01227184630308513 6
0001 0010 1711438437965 -39.0 -63.0 3.865631585471816 6
0001 0004 1711438437966 45.5625 -64.5 0.35588354278946877 6
0001 0011 1711438437966 0.0 -51.0 2.3930100291016 6
0001 0015 1711438437966 94.375 -61.0 1.6751070203711202 6
0001 0013 1711438437967 -26.0 -60.0 3.522019888985432 6
0001 0014 1711438437968 -48.8125 -65.5 0.4479223900626072 6
0001 0005 1711438437968 -29.25 -68.0 3.5833791205008576 6
0001 0009 1711438437969 -84.625 -71.0 2.184388641949153 6
0001 0007 1711438437969 9.75 -62.0 1.0921943209745766 6
0001 0012 1711438437969 -22.75 -59.0 5.295301679781233 6
0001 0001 1711438437970 13.0 -70.5 3.2090878082567613 6
0001 0006 1711438437970 97.625 -71.5 0.3436116964863836 6
0001 0008 1711438437970 2.6875 -80.0 0.1227184630308513 6
0001 0001 1711438438097 107.375 -70.5 3.043417883165112 6
0001 0005 1711438438097 61.8125 -67.0 3.2765829629237295 6
0001 0007 1711438438098 -35.75 -62.0 1.000155473701438 6
0001 0010 1711438438098 -84.625 -63.0 3.988350048502667 6
0001 0006 1711438438098 94.375 -72.0 0.23930100291016002 6
0001 0009 1711438438099 81.375 -70.0 1.9082721001297376 6
0001 0012 1711438438099 -42.3125 -58.5 5.178719139901925 6
0001 0015 1711438438099 0.0 -61.0 1.7671458676442586 6
0001 0011 1711438438100 -29.25 -51.0 2.2886993355253766 6
0001 0013 1711438438100 -9.75 -60.5 3.3011266555298997 6
0001 0004 1711438438100 39.0 -64.0 0.30679615757712825 6
0001 0014 1711438438101 -68.3125 -65.0 0.46019423636569234 6
0001 0008 1711438438101 -23.0 -79.5 0.14112623248547898 6
0001 0005 1711438438101 -61.8125 -66.0 3.380893656499953 6
0001 0010 1711438438102 -22.75 -63.0 3.706097583531709 6
0001 0013 1711438438102 -13.0 -61.0 3.2090878082567613 6
0001 0014 1711438438102 35.75 -65.5 0.30066023442558565 6
0001 0012 1711438438103 -22.75 -58.5 4.95168998329485 6
0001 0011 1711438438103 13.0 -51.0 2.086213871524472 6
0001 0015 1711438438103 -19.5 -61.5 1.7671458676442586 6
0001 0004 1711438438104 -3.25 -64.0 0.2086213871524472 6
0001 0001 1711438438104 52.0625 -70.0 3.380893656499953 6
0001 0007 1711438438104 22.75 -62.5 0.6749515466696822 6
0001 0009 1711438438105 16.25 -70.0 1.7855536370988863 6
0001 0006 1711438438105 65.0625 -71.0 6.1850105367549055 6
0001 0008 1711438438211 -11.5625 -79.0 0.04295146206079795 6
0001 0007 1711438438365 35.75 -62.5 0.4295146206079795 6
0001 0010 1711438438365 -61.8125 -63.0 3.6263305825616556 6
0001 0012 1711438438365 0.0 -58.5 4.816699673960914 6
0001 0014 1711438438366 9.75 -65.5 0.3190680038802134 6
0001 0004 1711438438366 29.25 -65.0 0.11658253987930872 6
0001 0013 1711438438366 -3.25 -61.0 3.055689729468197 6
0001 0009 1711438438367 45.5625 -68.5 1.5278448647340985 6
0001 0011 1711438438367 26.0 -51.0 1.932815792735908 6
0001 0005 1711438438367 -100.875 -65.5 3.2581751934691017 6
0001 0015 1711438438368 3.25 -61.5 1.6996507129772904 6
0001 0001 1711438438368 -94.375 -72.0 3.1354567304382504 6
0001 0006 1711438438368 172.5 -72.0 6.025476534814799 6
0001 0008 1711438438369 -31.875 -77.5 2.8961557275280905 6
0001 0004 1711438438370 16.25 -63.5 0.0 6
0001 0007 1711438438371 16.25 -62.5 0.4540583132141498 6
0001 0011 1711438438371 9.75 -52.0 1.8837284075235674 6
0001 0009 1711438438371 74.8125 -68.5 0.7179030087304801 6
0001 0014 1711438438372 0.0 -65.0 0.5460971604872883 6
0001 0012 1711438438372 -9.75 -58.0 4.822835597112456 6
0001 0010 1711438438372 -48.8125 -63.5 3.5281558121369745 6
0001 0015 1711438438373 0.0 -61.0 1.8714565612204823 6
0001 0013 1711438438373 -26.0 -60.0 3.448388811166921 6
0001 0006 1711438438373 152.9375 -70.0 6.215690152512618 6
0001 0005 1711438438374 -107.375 -64.5 3.117048960983623 6
0001 0001 1711438438375 -113.875 -71.5 2.9206994201342606 6
0001 0008 1711438438461 28.625 -77.5 5.5284667595398505 6
0001 0012 1711438438611 13.0 -58.5 4.693981210930062 6
0001 0007 1711438438611 -26.0 -62.5 0.4724660826687775 6
0001 0010 1711438438612 39.0 -63.5 3.2765829629237295 6
0001 0013 1711438438612 -61.8125 -60.0 3.442252888015379 6
0001 0011 1711438438612 -3.25 -52.0 1.7671458676442586 6
0001 0015 1711438438613 -22.75 -61.0 1.8714565612204823 6
0001 0014 1711438438613 39.0 -65.0 0.4540583132141498 6
0001 0005 1711438438613 -16.25 -64.5 2.8838838812250054 6
0001 0006 1711438438614 113.875 -70.5 0.15339807878856412 6
0001 0001 1711438438614 312.4375 -71.0 1.8100973297050567 6
0001 0004 1711438438614 61.8125 -64.0 6.111379458936394 6
0001 0009 1711438438615 42.3125 -70.0 0.6688156235181395 6
0001 0008 1711438438615 16.3125 -77.0 2.399145952253143 6
0001 0014 1711438438615 61.8125 -65.0 0.4172427743048944 6
0001 0007 1711438438616 13.0 -62.0 0.35588354278946877 6
0001 0012 1711438438616 -6.5 -58.0 4.663301595172349 6
0001 0010 1711438438616 -26.0 -64.5 3.3502140407422405 6
0001 0011 1711438438617 0.0 -52.0 1.6566992509164924 6
0001 0004 1711438438617 -42.3125 -64.5 6.17273869045182 6
0001 0013 1711438438617 -19.5 -60.5 3.3379421944391554 6
0001 0015 1711438438618 35.75 -61.0 1.8407769454627694 6
0001 0005 1711438438618 -3.25 -63.5 2.736621725587984 6
0001 0006 1711438438618 -48.8125 -71.0 0.1227184630308513 6
0001 0009 1711438438619 143.1875 -71.5 0.28225246497095796 6
0001 0001 1711438438711 -46.375 -73.0 5.482447335903282 6
0001 0008 1711438438712 14.625 -77.0 5.485515297479052 6
0001 0005 1711438438878 -22.75 -63.0 2.7120780329818137 6
0001 0013 1711438438878 -3.25 -60.0 3.2643111166206444 6
0001 0015 1711438438878 -3.25 -61.5 1.8775924843720249 6
0001 0011 1711438438878 -3.25 -52.0 1.6014759425526093 6
0001 0009 1711438438879 71.5625 -71.5 0.30679615757712825 6
0001 0012 1711438438879 -42.3125 -57.5 4.706253057233147 6
0001 0001 1711438438879 -315.6875 -72.5 2.5402721847386216 6
0001 0014 1711438438880 52.0625 -65.5 0.4970097752749477 6
0001 0007 1711438438880 39.0 -62.5 0.2086213871524472 6
0001 0004 1711438438881 9.75 -63.5 6.062292073724054 6
0001 0010 1711438438881 29.25 -63.5 3.1968159619536762 6
0001 0006 1711438438882 65.0625 -71.0 0.018407769454627694 6
0001 0008 1711438438882 57.9375 -77.0 5.062136600022616 6
0001 0015 1711438438882 -9.75 -61.0 1.8960002538266525 6
0001 0006 1711438438883 123.6875 -70.5 6.031612457966341 6
0001 0004 1711438438883 3.25 -63.5 6.025476534814799 6
0001 0010 1711438438883 22.75 -64.0 3.0925052683774528 6
0001 0005 1711438438884 42.3125 -63.0 2.5770877236478773 6
0001 0013 1711438438884 -26.0 -60.5 3.2581751934691017 6
0001 0011 1711438438884 0.0 -52.5 1.5585244804918115 6
0001 0007 1711438438885 6.5 -62.5 0.1902136176978195 6
0001 0012 1711438438885 -19.5 -58.0 4.571262747899211 6
0001 0014 1711438438885 71.5625 -65.5 0.4479223900626072 6
0001 0009 1711438438886 -22.75 -71.0 0.25157284921324513 6
0001 0008 1711438438965 40.375 -77.0 2.030990563160589 6
0001 0013 1711438439122 -61.8125 -60.5 3.2581751934691017 6
0001 0011 1711438439123 -6.5 -53.0 1.6014759425526093 6
0001 0007 1711438439123 32.5 -63.0 0.04908738521234052 6
0001 0006 1711438439123 133.4375 -71.5 6.135923151542564 6
0001 0015 1711438439124 52.0625 -61.0 1.8100973297050567 6
0001 0005 1711438439124 13.0 -63.0 2.730485802436441 6
0001 0001 1711438439124 -159.5 -72.0 2.1475731030398975 6
0001 0012 1711438439125 -16.25 -57.5 4.522175362686871 6
0001 0014 1711438439125 55.3125 -65.0 0.4724660826687775 6
0001 0010 1711438439125 6.5 -64.0 3.1354567304382504 6
0001 0004 1711438439125 -29.25 -64.0 6.050020227420969 6
0001 0009 1711438439126 61.8125 -72.0 0.19634954084936207 6
0001 0008 1711438439127 -7.875 -77.0 5.289165756629691 6
0001 0004 1711438439127 -26.0 -64.0 6.062292073724054 6
0001 0012 1711438439128 -16.25 -57.5 4.4362724385652745 6
0001 0005 1711438439128 -84.625 -63.0 2.730485802436441 6
0001 0006 1711438439128 -26.0 -71.0 6.215690152512618 6
0001 0007 1711438439129 65.0625 -63.0 6.270913460876501 6
0001 0015 1711438439129 78.0625 -61.0 1.7303303287350031 6
0001 0011 1711438439129 -6.5 -53.0 1.576932249946439 6
0001 0013 1711438439129 -45.5625 -60.5 3.141592653589793 6
0001 0010 1711438439130 0.0 -63.5 3.104777114680538 6
0001 0014 1711438439130 -16.25 -65.0 0.5460971604872883 6
0001 0001 1711438439130 152.9375 -72.5 1.5892040962495242 6
0001 0009 1711438439131 -156.1875 -72.0 0.3436116964863836 6
0001 0008 1711438439212 16.25 -76.5 5.332117218690489 6
0001 0012 1711438439407 13.0 -57.5 4.325825821837508 6
0001 0004 1711438439408 58.5625 -64.0 5.8475347634200645 6
0001 0010 1711438439408 48.8125 -63.5 2.9575149590435164 6
0001 0009 1711438439408 -6.5 -72.0 0.030679615757712823 6
0001 0015 1711438439409 32.5 -61.0 1.7855536370988863 6
0001 0006 1711438439409 -78.0625 -71.0 6.191146459906448 6
0001 0011 1711438439410 22.75 -53.0 1.509437095279471 6
0001 0014 1711438439410 58.5625 -64.5 0.3988350048502667 6
0001 0005 1711438439411 6.5 -62.5 2.5402721847386216 6
0001 0013 1711438439411 22.75 -61.0 3.055689729468197 6
0001 0007 1711438439411 -3.25 -63.5 0.0 6
0001 0008 1711438439412 33.3125 -75.5 5.240078371417351 6
0001 0011 1711438439412 22.75 -53.0 1.4603497100671303 6
0001 0007 1711438439412 35.75 -63.0 6.178874613603362 6
0001 0015 1711438439413 13.0 -61.0 1.846912868614312 6
0001 0010 1711438439413 -16.25 -63.5 2.9943304979527716 6
0001 0014 1711438439413 29.25 -65.5 0.4540583132141498 6
0001 0006 1711438439414 -244.125 -71.5 0.1227184630308513 6
0001 0012 1711438439414 -9.75 -57.5 4.325825821837508 6
0001 0005 1711438439414 -16.25 -63.5 2.60776733940559 6
0001 0001 1711438439415 159.5 -72.0 1.6935147898257479 6
0001 0004 1711438439415 -48.8125 -64.0 6.086835766330224 6
0001 0013 1711438439415 -19.5 -60.5 3.0127382674073995 6
0001 0009 1711438439416 146.4375 -71.0 6.080699843178682 6
0001 0008 1711438439458 48.0 -75.5 5.255418179296207 6
