0000 0012 1710227757309 79.75 -69.0 0.5276893910326605 10
0000 0004 1710227757309 61.8125 -66.0 3.3072625786814425 10
0000 0005 1710227757310 -74.8125 -66.0 0.9265243958829272 10
0000 0006 1710227757310 26.0 -66.0 0.3620194659410113 10
0000 0007 1710227757311 68.3125 -69.0 5.663457068873787 10
0000 0000 1710227757311 17.0625 -70.0 3.215223731408304 10
0000 0007 1710227757311 -97.625 -69.5 5.798447378207723 10
0000 0006 1710227757312 -22.75 -65.5 0.5154175447295755 10
0000 0000 1710227757312 48.8125 -69.0 3.2643111166206444 10
0000 0005 1710227757312 -39.0 -65.5 0.8406214717613314 10
0000 0004 1710227757313 -71.5625 -66.0 3.522019888985432 10
0000 0012 1710227757313 52.0625 -69.0 0.6013204688511713 10
0000 0000 1710227757560 59.375 -69.0 3.147728576741336 10
0000 0006 1710227757560 97.625 -66.0 0.37429131224409645 10
0000 0004 1710227757560 -6.5 -66.0 3.436116964863836 10
0000 0007 1710227757560 -74.8125 -69.5 5.773903685601553 10
0000 0012 1710227757561 -100.875 -68.5 0.7731263170943632 10
0000 0005 1710227757561 35.75 -65.5 0.8099418560036186 10
0000 0004 1710227757561 65.0625 -65.5 3.3379421944391554 10
0000 0006 1710227757562 6.5 -65.5 0.5154175447295755 10
0000 0005 1710227757562 29.25 -65.5 0.760854470791278 10
0000 0012 1710227757562 107.375 -69.0 0.5951845456996288 10
0000 0000 1710227757563 -90.3125 -69.5 3.423845118560751 10
0000 0007 1710227757563 -48.8125 -69.5 5.810719224510809 10
0000 0007 1710227757771 58.5625 -69.5 5.64504929941916 10
0000 0005 1710227757771 0.0 -65.0 0.8222137023067037 10
0000 0000 1710227757771 41.5 -69.5 3.2213596545598464 10
0000 0006 1710227757772 26.0 -66.0 0.4295146206079795 10
0000 0012 1710227757772 35.75 -68.5 0.662679700366597 10
0000 0004 1710227757772 13.0 -66.0 3.368621810196868 10
0000 0005 1710227757773 35.75 -65.0 0.7976700097005334 10
0000 0004 1710227757773 -6.5 -66.0 3.3624858870453256 10
0000 0006 1710227757773 9.75 -65.5 0.34974761963792617 10
0000 0012 1710227757774 -110.625 -68.5 0.8958447801252144 10
0000 0007 1710227757774 0.0 -68.5 5.816855147662351 10
0000 0000 1710227757774 -110.625 -69.5 3.442252888015379 10
0000 0007 1710227757775 6.5 -68.0 6.160466844148735 10
0000 0006 1710227757775 19.5 -66.5 0.3865631585471816 10
0000 0000 1710227757776 94.375 -69.5 3.2459033471660166 10
0000 0012 1710227757776 -39.0 -69.5 0.8958447801252144 10
0000 0005 1710227757776 32.5 -65.5 0.7117670855789375 10
0000 0004 1710227757777 -6.5 -66.5 3.2888548092268146 10
0000 0008 1710227758060 6.5 -75.5 5.8045833013592665 10
0000 0005 1710227758060 39.0 -66.5 0.5767767762450011 10
0000 0000 1710227758060 79.75 -71.0 3.448388811166921 10
0000 0004 1710227758061 32.5 -67.0 3.2397674240144743 10
0000 0007 1710227758061 71.5625 -66.0 0.12885438618239387 10
0000 0006 1710227758061 13.0 -66.0 0.3620194659410113 10
0000 0012 1710227758061 13.8125 -69.5 1.2701360923693108 10
0000 0008 1710227758062 10.9375 -73.5 0.11658253987930872 10
0000 0007 1710227758062 9.75 -65.5 0.6013204688511713 10
0000 0008 1710227758062 -152.9375 -72.0 0.5460971604872883 10
0000 0005 1710227758063 -19.5 -68.5 0.4970097752749477 10
0000 0000 1710227758063 135.0625 -73.0 3.6815538909255388 10
0000 0004 1710227758063 55.3125 -67.0 3.3502140407422405 10
0000 0012 1710227758064 42.3125 -71.5 1.1658253987930873 10
0000 0006 1710227758064 -19.5 -66.0 0.5829126993965437 10
0000 0007 1710227758310 39.0 -67.5 1.0246991663076084 10
0000 0006 1710227758310 -3.25 -66.5 1.012427320004523 10
0000 0004 1710227758311 -35.75 -68.5 4.196971435655114 10
0000 0008 1710227758311 -257.125 -71.0 1.4051264017032472 10
0000 0005 1710227758311 -30.875 -69.5 0.7117670855789375 10
0000 0012 1710227758312 16.875 -74.0 1.6014759425526093 10
0000 0007 1710227758312 -48.8125 -67.5 1.718058482431918 10
0000 0008 1710227758312 9.75 -69.5 1.7978254834019713 10
0000 0012 1710227758313 97.625 -70.0 1.9082721001297376 10
0000 0004 1710227758313 -65.0625 -68.0 5.522330836388308 10
0000 0006 1710227758313 58.5625 -67.0 1.8039614065535141 10
0000 0012 1710227758313 -34.9375 -70.0 2.834796496012665 10
0000 0008 1710227758314 -87.875 -71.0 2.9206994201342606 10
0000 0006 1710227758314 71.5625 -67.0 3.54042765844006 10
0000 0004 1710227758314 -42.3125 -67.0 0.9019807032767571 10
0000 0000 1710227758541 -9.75 -77.0 0.9203884727313847 10
0000 0007 1710227758542 -0.9375 -74.0 6.111379458936394 10
0000 0006 1710227758542 -29.25 -66.0 6.007068765360171 10
0000 0004 1710227758542 48.8125 -65.5 2.564815877344792 10
0000 0000 1710227758543 -114.6875 -70.0 4.853515212870168 10
0000 0012 1710227758543 -143.1875 -69.5 4.601942363656923 10
0000 0007 1710227758543 94.375 -70.0 0.30066023442558565 10
0000 0005 1710227758544 3.8125 -74.5 5.681864838328415 10
0000 0008 1710227758544 5.0 -76.5 0.28838838812250056 10
0000 0013 1710227758544 1.75 -77.5 5.755495916146925 10
0000 0004 1710227758545 -16.25 -70.5 5.773903685601553 10
0000 0000 1710227758545 73.1875 -68.5 5.724816300389213 10
0000 0006 1710227758545 117.125 -66.5 2.36846633649543 10
0000 0007 1710227758546 -81.375 -67.0 3.147728576741336 10
0000 0013 1710227758546 110.625 -72.5 0.619728238305799 10
0000 0008 1710227758546 52.0625 -71.5 1.6260196351587797 10
0000 0005 1710227758819 -6.6875 -73.5 6.019340611663256 10
0000 0013 1710227758819 133.4375 -68.0 2.1966604882522383 10
0000 0004 1710227758820 52.0625 -68.0 2.1905245651006955 10
0000 0006 1710227758820 -3.25 -70.5 5.71868037723767 10
0000 0007 1710227758820 52.0625 -64.0 4.957825906446392 10
0000 0005 1710227758821 21.125 -70.5 2.442097414313941 10
0000 0008 1710227758821 -26.0 -68.0 3.9085830475326135 10
0000 0013 1710227758821 84.625 -62.5 2.5893595699509624 10
0000 0006 1710227758822 -35.75 -70.0 2.018718716857504 10
0000 0004 1710227758822 97.625 -69.5 4.006757817957295 10
0000 0007 1710227758822 22.75 -69.5 0.8651651643675016 10
0000 0008 1710227758823 55.3125 -71.5 5.405748296509 10
0000 0014 1710227759036 3.6875 -71.0 4.884194828627882 10
0000 0014 1710227759036 -104.125 -68.5 5.565282298449106 10
0000 0007 1710227759037 -22.75 -69.5 3.767456815047135 10
0000 0013 1710227759037 91.125 -67.0 3.0495538063166547 10
0000 0004 1710227759037 -52.0625 -68.0 6.080699843178682 10
0000 0006 1710227759037 32.5 -68.5 4.049709280018092 10
0000 0000 1710227759038 -4.1875 -76.5 1.4296700943094176 10
0000 0008 1710227759038 -0.625 -75.0 4.417864669110647 10
0000 0008 1710227759038 81.375 -73.5 4.816699673960914 10
0000 0006 1710227759039 -52.0625 -66.0 0.36815538909255385 10
0000 0004 1710227759039 71.5625 -69.5 0.9387962421860124 10
0000 0014 1710227759039 0.0 -66.5 0.2638446955163303 10
0000 0007 1710227759040 -71.5625 -63.5 0.030679615757712823 10
0000 0013 1710227759040 117.125 -67.5 4.779884135051658 10
0000 0000 1710227759041 -1.3125 -76.0 5.994796919057086 10
0000 0012 1710227759041 3.1875 -78.5 1.2517283229146832 10
0000 0006 1710227759309 42.3125 -62.0 2.5832236467994196 10
0000 0007 1710227759309 39.0 -64.0 2.116893487282185 10
0000 0000 1710227759310 -104.125 -71.5 1.9512235621905356 10
0000 0014 1710227759310 -91.125 -69.0 2.0800779483729293 10
0000 0008 1710227759310 35.75 -72.5 1.2762720155208536 10
0000 0013 1710227759311 -26.0 -65.0 1.0492428589137786 10
0000 0012 1710227759311 -2.125 -75.0 5.638913376267617 10
0000 0004 1710227759311 0.4375 -72.5 0.7731263170943632 10
0000 0004 1710227759312 -29.25 -69.0 4.718524903536232 10
0000 0012 1710227759312 -83.0 -70.0 4.571262747899211 10
0000 0013 1710227759312 -45.5625 -64.0 4.522175362686871 10
0000 0015 1710227759313 -87.875 -67.5 4.81056375080937 10
0000 0007 1710227759313 19.5 -71.5 3.2980586939541285 10
0000 0007 1710227759559 39.0 -68.5 2.6445828783148455 10
0000 0004 1710227759560 -26.0 -66.0 1.2026409377023426 10
0000 0012 1710227759560 52.0625 -66.5 6.019340611663256 10
0000 0015 1710227759560 8.9375 -71.5 2.0371264863121317 10
0000 0009 1710227759561 36.5625 -75.0 4.81056375080937 10
0000 0014 1710227759562 29.25 -74.0 4.767612288748572 10
0000 0013 1710227759562 9.75 -78.0 4.1601558967458585 10
0000 0011 1710227759562 -6.75 -75.5 0.1227184630308513 10
0000 0004 1710227759563 68.3125 -66.5 1.9266798695843652 10
0000 0012 1710227759563 35.75 -68.0 0.9572040116406401 10
0000 0000 1710227759563 -121.25 -71.5 0.02454369260617026 10
0000 0015 1710227759564 -4.0625 -68.5 0.4540583132141498 10
0000 0013 1710227759564 -17.0625 -78.0 5.264622064023521 10
0000 0009 1710227759810 -0.125 -77.0 4.779884135051658 10
0000 0009 1710227759810 -135.0625 -74.0 2.0923497946760143 10
0000 0004 1710227759810 16.25 -62.0 4.025165587411922 10
0000 0012 1710227759811 48.8125 -64.5 1.9880391010997909 10
0000 0000 1710227759811 5.0 -75.5 5.325981295538946 10
0000 0005 1710227759811 0.625 -72.0 2.662990647769473 10
0000 0003 1710227759811 3.375 -77.5 0.8835729338221293 10
0000 0004 1710227759812 42.3125 -65.5 2.2150682577068657 10
0000 0005 1710227759812 -26.0 -67.0 6.215690152512618 10
0000 0012 1710227759812 73.1875 -68.5 4.086524818927348 10
0000 0000 1710227759813 260.375 -73.0 2.564815877344792 10
0000 0004 1710227759813 -52.0625 -64.0 5.982525072754001 10
0000 0013 1710227760063 -15.25 -74.0 0.6381360077604268 10
0000 0008 1710227760063 -6.0625 -74.5 5.405748296509 10
0000 0006 1710227760063 9.125 -70.0 3.6815538909255388 10
0000 0000 1710227760064 -9.75 -73.5 0.23930100291016002 10
0000 0005 1710227760064 -3.8125 -73.5 4.933282213840222 10
0000 0015 1710227760064 -4.6875 -74.0 6.025476534814799 10
0000 0004 1710227760065 -16.25 -63.0 4.154019973594316 10
0000 0006 1710227760065 -6.5 -65.0 0.607456392002714 10
0000 0007 1710227760065 -13.0 -67.5 1.5155730184310134 10
0000 0005 1710227760066 -13.0 -67.5 2.1966604882522383 10
0000 0008 1710227760066 -55.3125 -70.0 0.944932165337555 10
0000 0013 1710227760066 16.25 -62.5 5.399612373357457 10
0000 0000 1710227760067 -183.875 -68.5 5.957981380147831 10
0000 0015 1710227760067 6.0625 -73.5 0.16566992509164924 10
0000 0014 1710227760067 1.8125 -64.5 1.4971652489763858 10
0000 0006 1710227760177 22.75 -63.5 3.933126740138784 10
0000 0000 1710227760177 -45.5625 -70.0 3.7981364308048478 10
0000 0007 1710227760177 52.0625 -65.0 3.6876898140770815 10
0000 0013 1710227760178 -16.25 -60.0 0.07363107781851078 10
0000 0015 1710227760178 -45.5625 -71.0 3.0372819600135696 10
0000 0004 1710227760178 9.75 -61.5 1.1474176293384597 10
0000 0008 1710227760179 45.5625 -67.5 4.006757817957295 10
0000 0014 1710227760179 5.4375 -70.5 0.8160777791551611 10
0000 0005 1710227760179 -0.875 -73.5 1.0185632431560658 10
0000 0006 1710227760179 -48.8125 -63.0 1.1106020904292042 10
0000 0013 1710227760180 -32.5 -62.0 0.6688156235181395 10
0000 0008 1710227760180 74.8125 -67.5 0.9510680884890975 10
0000 0000 1710227760180 -24.375 -65.5 0.5399612373357456 10
0000 0014 1710227760181 -39.0 -65.5 5.411884219660542 10
0000 0004 1710227760181 13.0 -61.5 3.7551849687440497 10
0000 0005 1710227760182 52.0625 -68.0 3.730641276137879 10
0000 0007 1710227760182 32.5 -63.0 2.000310947402876 10
0000 0007 1710227760310 29.25 -61.0 3.6140587362585705 10
0000 0013 1710227760310 26.0 -63.5 2.82252464970958 10
0000 0000 1710227760310 121.25 -68.5 3.393165502803038 10
0000 0014 1710227760311 22.75 -65.0 6.068427996875596 10
0000 0006 1710227760311 32.5 -62.0 3.9515345095934116 10
0000 0004 1710227760311 6.5 -65.0 1.9757672547967058 10
0000 0008 1710227760312 286.4375 -67.5 3.153864499892878 10
0000 0005 1710227760521 -0.875 -73.5 1.8960002538266525 10
0000 0009 1710227760521 0.625 -78.5 5.338253141842031 10
0000 0012 1710227760521 2.25 -72.5 0.018407769454627694 10
0000 0006 1710227760521 29.25 -61.5 1.8775924843720249 10
0000 0014 1710227760522 -52.0625 -70.0 0.15339807878856412 10
0000 0000 1710227760522 166.8125 -70.0 1.325359400733194 10
0000 0008 1710227760522 149.6875 -69.0 2.337786720737717 10
0000 0007 1710227760523 -3.25 -61.5 2.2641556429192065 10
0000 0013 1710227760523 68.3125 -69.5 1.4848934026733007 10
0000 0004 1710227760523 -19.5 -61.5 0.14112623248547898 10
0000 0012 1710227760524 35.75 -67.0 3.736777199289422 10
0000 0009 1710227760524 -45.5625 -73.0 0.7117670855789375 10
0000 0015 1710227760525 5.75 -72.0 0.4295146206079795 10
0000 0006 1710227760525 -61.8125 -61.0 0.25770877236478773 10
0000 0012 1710227760525 -6.5 -62.0 4.988505522204105 10
0000 0007 1710227760526 19.5 -61.5 4.4976316700806995 10
0000 0004 1710227760526 52.0625 -66.5 3.9085830475326135 10
0000 0003 1710227760526 -81.375 -73.0 0.36815538909255385 10
0000 0015 1710227760527 -13.0 -63.5 1.7978254834019713 10
0000 0000 1710227760527 -21.125 -72.5 0.0859029241215959 10
0000 0009 1710227760527 131.8125 -71.0 2.7120780329818137 10
0000 0011 1710227760778 2.4375 -77.0 0.09203884727313846 10
0000 0013 1710227760779 -4.375 -77.5 4.681709364626977 10
0000 0001 1710227760779 24.6875 -79.5 5.47937937432751 10
0000 0004 1710227760779 -16.25 -64.0 2.5464081078901644 10
0000 0006 1710227760780 39.0 -61.5 2.9206994201342606 10
0000 0005 1710227760780 3.25 -69.0 0.07976700097005335 10
0000 0007 1710227760780 55.3125 -67.0 2.4727770300716534 10
0000 0015 1710227760780 29.25 -64.0 4.700117134081604 10
0000 0011 1710227760781 -286.4375 -71.5 5.638913376267617 10
0000 0013 1710227760781 0.0 -73.5 5.332117218690489 10
0000 0009 1710227760781 -218.875 -74.5 1.2762720155208536 10
0000 0000 1710227760782 -4.6875 -77.0 4.172427743048944 10
0000 0012 1710227760782 -0.8125 -74.0 0.35588354278946877 10
0000 0004 1710227760782 -45.5625 -63.5 6.050020227420969 10
0000 0007 1710227760783 74.8125 -60.5 4.264466590322082 10
0000 0000 1710227760783 -100.875 -69.0 2.270291566070749 10
0000 0006 1710227760783 -48.8125 -61.5 0.8528933180644165 10
0000 0011 1710227760783 179.0 -72.5 2.018718716857504 10
0000 0012 1710227760784 -38.1875 -71.0 0.9326603190344698 10
0000 0005 1710227760808 4.875 -73.5 5.5714182216006485 10
0000 0009 1710227760808 3.1875 -76.5 1.8223691760081417 10
0000 0014 1710227761024 3.5 -75.5 5.240078371417351 10
0000 0008 1710227761024 5.3125 -72.0 5.516194913236766 10
0000 0006 1710227761024 32.5 -64.5 4.71238898038469 10
0000 0008 1710227761025 65.0625 -69.5 6.166602767300278 10
0000 0000 1710227761025 -107.375 -70.0 0.705631162427395 10
0000 0004 1710227761026 16.25 -61.0 4.289010282928253 10
0000 0005 1710227761026 -87.875 -70.0 2.3071071049800045 10
0000 0007 1710227761026 29.25 -60.0 2.6998061866787286 10
0000 0009 1710227761027 8.5 -76.5 3.9699422790480394 10
0000 0011 1710227761027 0.5625 -76.0 1.184233168247715 10
0000 0005 1710227761027 -111.4375 -73.0 0.7792622402459057 10
0000 0008 1710227761028 -29.25 -65.5 4.239922897715912 10
0000 0007 1710227761028 -22.75 -65.5 0.5399612373357456 10
0000 0011 1710227761029 -117.125 -71.5 4.4976316700806995 10
0000 0004 1710227761029 9.75 -60.0 2.141437179888355 10
0000 0015 1710227761029 -52.0625 -66.5 4.221515128261284 10
0000 0000 1710227761030 48.8125 -65.0 4.239922897715912 10
0000 0006 1710227761030 -6.5 -63.5 3.429981041712294 10
0000 0009 1710227761030 139.125 -73.0 2.012582793705961 10
0000 0000 1710227761251 65.875 -65.0 1.0799224746714913 10
0000 0008 1710227761251 45.5625 -62.5 0.9265243958829272 10
0000 0009 1710227761252 41.5 -72.5 4.988505522204105 10
0000 0004 1710227761252 -9.75 -60.5 5.448699758569798 10
0000 0015 1710227761252 -22.75 -63.5 4.411728745959104 10
0000 0011 1710227761253 45.5625 -71.5 1.5462526341887264 10
0000 0007 1710227761253 -55.3125 -64.5 0.2638446955163303 10
0000 0006 1710227761253 13.0 -61.0 1.3008157081270237 10
0000 0005 1710227761254 -65.875 -69.0 4.859651136021712 10
0000 0014 1710227761254 4.25 -65.0 1.227184630308513 10
0000 0006 1710227761254 -13.0 -58.5 4.252194744018997 10
0000 0007 1710227761255 -22.75 -61.5 3.80427235395639 10
0000 0013 1710227761255 39.0 -67.5 3.2765829629237295 10
0000 0004 1710227761255 35.75 -57.5 2.067806102069844 10
0000 0009 1710227761256 38.1875 -71.5 1.3989904785517047 10
0000 0008 1710227761256 -58.5625 -65.5 4.466952054322987 10
0000 0000 1710227761256 142.375 -65.5 4.614214209960009 10
0000 0014 1710227761256 -26.0 -59.0 2.9575149590435164 10
0000 0005 1710227761257 -90.3125 -69.5 2.7857091108003242 10
0000 0012 1710227761257 -162.75 -73.5 1.1719613219446299 10
0000 0015 1710227761257 -3.25 -64.0 4.914874444385594 10
0000 0011 1710227761258 13.0 -73.5 4.424000592262189 10
0000 0003 1710227761318 56.125 -74.0 4.838175404991312 10
0000 0009 1710227761510 -87.0625 -69.5 4.755340442445488 10
0000 0014 1710227761510 -6.5 -56.5 4.583534594202296 10
0000 0000 1710227761510 -145.625 -70.0 3.2213596545598464 10
0000 0004 1710227761511 26.0 -60.5 5.47937937432751 10
0000 0007 1710227761511 58.5625 -58.0 1.184233168247715 10
0000 0006 1710227761511 42.3125 -56.5 1.0983302441261191 10
0000 0003 1710227761511 35.75 -70.0 4.1601558967458585 10
0000 0015 1710227761512 3.25 -69.0 4.663301595172349 10
0000 0008 1710227761512 74.8125 -64.0 1.6198837120072371 10
0000 0011 1710227761512 52.0625 -72.0 1.0492428589137786 10
0000 0012 1710227761513 12.9375 -79.0 4.3074180523828804 10
0000 0005 1710227761513 -1.75 -72.5 0.09203884727313846 10
0000 0004 1710227761514 13.0 -58.0 3.0066023442558567 10
0000 0008 1710227761514 -97.625 -67.0 5.540738605842936 10
0000 0005 1710227761514 194.4375 -69.0 3.485204350076177 10
0000 0012 1710227761515 -61.8125 -72.5 1.0921943209745766 10
0000 0007 1710227761515 0.0 -60.0 3.730641276137879 10
0000 0006 1710227761515 9.75 -59.5 4.933282213840222 10
0000 0000 1710227761516 90.3125 -69.5 0.9633399347921826 10
0000 0001 1710227761516 113.875 -73.0 6.105243535784852 10
0000 0014 1710227761516 35.75 -61.5 5.062136600022616 10
0000 0009 1710227761516 17.0625 -69.0 2.5034566458293663 10
0000 0011 1710227761517 6.5 -73.0 5.491651220630596 10
0000 0003 1710227761558 16.4375 -75.5 6.209554229361076 10
0000 0015 1710227761752 4.5625 -71.0 5.2768939103266055 10
0000 0004 1710227761752 48.8125 -58.5 2.172116795646068 10
0000 0008 1710227761752 -29.25 -64.0 3.902447124381071 10
0000 0006 1710227761752 22.75 -59.0 2.7857091108003242 10
0000 0014 1710227761753 -3.25 -67.5 5.878214379177777 10
0000 0015 1710227761754 0.0 -66.0 2.5954954931025047 10
0000 0005 1710227761754 16.25 -67.5 1.282407938672396 10
0000 0007 1710227761754 52.0625 -56.0 1.3130875544301088 10
0000 0000 1710227761755 -21.125 -64.5 5.853670686571607 10
0000 0003 1710227761755 -61.8125 -73.0 5.93343768754166 10
0000 0012 1710227761755 -6.5 -65.0 6.1850105367549055 10
0000 0013 1710227761756 84.625 -68.5 0.619728238305799 10
0000 0011 1710227761757 81.375 -69.5 3.6570101983193686 10
0000 0009 1710227761757 -55.3125 -69.0 0.5154175447295755 10
0000 0001 1710227761757 -74.8125 -75.0 5.289165756629691 10
0000 0000 1710227761757 100.875 -63.5 1.9205439464328227 10
0000 0004 1710227761758 9.75 -56.0 6.160466844148735 10
0000 0006 1710227761758 -19.5 -60.5 0.20248546400090464 10
0000 0007 1710227761758 -32.5 -56.5 4.154019973594316 10
0000 0012 1710227761759 65.0625 -64.5 1.227184630308513 10
0000 0011 1710227761759 35.75 -66.0 0.19634954084936207 10
0000 0008 1710227761759 16.25 -62.5 1.0921943209745766 10
0000 0005 1710227761760 -16.25 -66.0 3.9085830475326135 10
0000 0009 1710227761760 -142.375 -70.0 2.8838838812250054 10
0000 0015 1710227761809 -5.6875 -65.5 5.341321103417803 10
0000 0002 1710227761809 -2.4375 -78.0 4.921010367537137 10
0000 0003 1710227761809 1.1875 -76.5 0.7424467013366504 10
0000 0001 1710227761810 3.625 -78.0 3.9944859716542096 10
0000 0014 1710227762014 5.3125 -74.0 1.0492428589137786 10
0000 0004 1710227762014 -26.0 -54.5 3.80427235395639 10
0000 0006 1710227762015 -13.0 -60.5 4.252194744018997 10
0000 0005 1710227762015 91.125 -64.5 5.66959299202533 10
0000 0014 1710227762015 65.0625 -70.0 1.9082721001297376 10
0000 0009 1710227762016 117.9375 -69.5 5.878214379177777 10
0000 0008 1710227762016 19.5 -59.0 4.2031073588066565 10
0000 0007 1710227762016 9.75 -57.0 0.3436116964863836 10
0000 0003 1710227762017 91.125 -72.0 5.749359992995383 10
0000 0015 1710227762017 -6.5 -63.5 1.012427320004523 10
0000 0000 1710227762017 -65.875 -65.0 5.8659425328746915 10
0000 0011 1710227762017 123.6875 -68.0 2.1905245651006955 10
0000 0001 1710227762018 390.5625 -71.5 0.37429131224409645 10
0000 0002 1710227762019 10.375 -78.5 2.2948352586769194 10
0000 0012 1710227762019 -0.5625 -74.0 1.5953400194010667 10
0000 0007 1710227762019 42.3125 -56.5 1.282407938672396 10
0000 0011 1710227762020 -26.0 -68.0 4.289010282928253 10
0000 0008 1710227762020 9.75 -61.5 6.154330920997192 10
0000 0004 1710227762020 -3.25 -55.5 0.6381360077604268 10
0000 0006 1710227762021 -22.75 -61.0 6.19728238305799 10
0000 0000 1710227762021 104.125 -66.5 1.8223691760081417 10
0000 0005 1710227762021 13.0 -64.5 1.4603497100671303 10
0000 0009 1710227762022 17.0625 -70.0 2.399145952253143 10
0000 0001 1710227762022 107.375 -71.5 4.184699589352029 10
0000 0002 1710227762022 -319.0 -74.0 5.853670686571607 10
0000 0003 1710227762022 201.8125 -74.0 2.110757564130642 10
0000 0013 1710227762055 -6.5 -73.0 5.111223985234957 10
