0000 0007 1710227678926 61.8125 -66.0 0.2086213871524472 10
0000 0012 1710227678927 -29.25 -66.0 3.399301425954581 10
0000 0000 1710227678927 -21.125 -70.0 3.6386024288647407 10
0000 0005 1710227678927 52.0625 -65.0 0.6872233929727672 10
0000 0006 1710227678928 -45.5625 -68.5 2.8654761117703775 10
0000 0004 1710227678928 -13.0 -65.5 5.71868037723767 10
0000 0013 1710227678929 0.9375 -75.5 0.6258641614573416 10
0000 0004 1710227678929 -6.5 -66.0 5.798447378207723 10
0000 0000 1710227678929 -32.5 -69.0 3.767456815047135 10
0000 0005 1710227678929 84.625 -65.5 0.5890486225480862 10
0000 0007 1710227678930 -65.0625 -66.0 0.2086213871524472 10
0000 0012 1710227678930 24.375 -66.5 3.380893656499953 10
0000 0006 1710227678931 -110.625 -69.0 3.0495538063166547 10
0000 0012 1710227679176 -39.0 -65.5 3.5588354278946874 10
0000 0005 1710227679177 39.0 -66.0 0.6135923151542565 10
0000 0004 1710227679177 45.5625 -66.0 5.792311455056181 10
0000 0000 1710227679177 107.375 -69.5 3.552699504743145 10
0000 0007 1710227679178 -16.25 -67.5 0.11658253987930872 10
0000 0006 1710227679178 32.5 -68.5 2.773437264497239 10
0000 0012 1710227679178 -55.3125 -65.5 3.522019888985432 10
0000 0005 1710227679179 29.25 -65.5 0.5890486225480862 10
0000 0000 1710227679179 -59.375 -69.5 3.834951969714103 10
0000 0007 1710227679179 -16.25 -66.5 0.03681553890925539 10
0000 0004 1710227679180 52.0625 -65.5 5.890486225480862 10
0000 0006 1710227679180 -130.1875 -69.0 3.160000423044421 10
0000 0004 1710227679427 65.0625 -66.0 5.841398840268521 10
0000 0005 1710227679427 94.375 -66.0 0.4908738521234052 10
0000 0000 1710227679427 -139.125 -69.5 4.061981126321178 10
0000 0007 1710227679427 -94.375 -67.0 0.16566992509164924 10
0000 0006 1710227679428 -123.6875 -68.5 3.0495538063166547 10
0000 0012 1710227679428 29.25 -66.0 3.5158839658338894 10
0000 0008 1710227679428 0.25 -75.5 0.42337869745643697 10
0000 0007 1710227679429 6.5 -66.5 0.07976700097005335 10
0000 0004 1710227679429 -13.0 -66.0 5.939573610693203 10
0000 0000 1710227679430 -79.75 -71.0 4.031301510563465 10
0000 0005 1710227679430 84.625 -65.5 0.4111068511533518 10
0000 0006 1710227679430 0.0 -68.5 2.9022916506796332 10
0000 0012 1710227679431 0.0 -65.5 3.6447383520162835 10
0000 0008 1710227679431 3.0 -74.5 0.5706408530934585 10
0000 0005 1710227679677 58.5625 -66.0 0.3313398501832985 10
0000 0007 1710227679678 -19.5 -65.5 0.3313398501832985 10
0000 0008 1710227679678 100.875 -71.0 0.6688156235181395 10
0000 0004 1710227679678 -52.0625 -67.5 6.0991076126333095 10
0000 0006 1710227679679 -58.5625 -67.5 2.9636508821950587 10
0000 0012 1710227679679 52.0625 -65.5 3.80427235395639 10
0000 0000 1710227679679 -34.9375 -71.5 4.1172044346850605 10
0000 0004 1710227679679 19.5 -67.0 6.191146459906448 10
0000 0012 1710227679680 19.5 -65.0 3.902447124381071 10
0000 0006 1710227679680 16.25 -68.0 2.82252464970958 10
0000 0008 1710227679680 -3.25 -69.5 1.1780972450961724 10
0000 0007 1710227679681 -3.25 -65.0 0.521553467881118 10
0000 0005 1710227679681 -3.25 -66.5 0.4049709280018093 10
0000 0000 1710227679681 10.9375 -76.0 1.2946797849754812 10
0000 0008 1710227679879 32.5 -69.0 1.41126232485479 10
0000 0015 1710227679879 61.8125 -70.5 2.3316507975861747 10
0000 0005 1710227679880 166.8125 -68.5 0.1349903093339364 10
0000 0004 1710227679880 -65.0625 -66.5 0.5338253141842031 10
0000 0006 1710227679880 -100.875 -68.0 3.4606606574700063 10
0000 0012 1710227679881 -29.25 -64.0 3.865631585471816 10
0000 0007 1710227679881 -48.8125 -66.5 0.8651651643675016 10
0000 0012 1710227679881 19.5 -65.5 3.6999616603801666 10
0000 0007 1710227679882 -45.5625 -67.5 1.012427320004523 10
0000 0006 1710227679882 -45.5625 -68.5 4.1417481272912315 10
0000 0005 1710227679882 -69.125 -71.0 0.36815538909255385 10
0000 0004 1710227679882 39.0 -66.0 1.0676506283684062 10
0000 0008 1710227679883 120.4375 -69.5 1.8223691760081417 10
0000 0012 1710227679883 6.5 -65.0 4.0558452031696355 10
0000 0004 1710227679883 -19.5 -65.5 2.055534255766759 10
0000 0006 1710227679884 -16.25 -67.5 5.45483568172134 10
0000 0007 1710227679884 -58.5625 -68.0 1.7916895602504288 10
0000 0008 1710227679884 19.5 -69.0 2.736621725587984 10
0000 0000 1710227680177 3.375 -75.5 1.2762720155208536 10
0000 0006 1710227680177 91.125 -66.0 0.8099418560036186 10
0000 0012 1710227680178 -42.3125 -64.5 4.669437518323892 10
0000 0000 1710227680178 -139.125 -72.0 4.681709364626977 10
0000 0004 1710227680178 87.875 -68.0 3.5833791205008576 10
0000 0008 1710227680179 -20.125 -74.5 4.9823695990525625 10
0000 0007 1710227680179 -3.5 -71.5 5.516194913236766 10
0000 0004 1710227680179 -146.4375 -71.0 0.2454369260617026 10
0000 0000 1710227680180 0.0 -68.0 5.534602682691394 10
0000 0012 1710227680180 -136.6875 -72.0 6.025476534814799 10
0000 0006 1710227680180 -26.0 -66.0 3.479068426924634 10
0000 0007 1710227680181 94.375 -67.5 0.23316507975861744 10
0000 0008 1710227680181 9.125 -74.0 1.5278448647340985 10
0000 0005 1710227680181 -11.5625 -75.0 5.896622148632405 10
0000 0004 1710227680427 29.25 -65.5 3.736777199289422 10
0000 0007 1710227680428 9.75 -65.0 3.1354567304382504 10
0000 0006 1710227680428 65.0625 -68.0 0.5399612373357456 10
0000 0012 1710227680428 -113.875 -70.5 3.816544200259475 10
0000 0008 1710227680428 -22.75 -71.5 3.9269908169872414 10
0000 0005 1710227680429 11.375 -73.0 0.20248546400090464 10
0000 0015 1710227680430 -2.5625 -73.5 5.098952138931871 10
0000 0006 1710227680430 9.75 -64.0 4.1417481272912315 10
0000 0007 1710227680430 78.0625 -66.5 0.15339807878856412 10
0000 0004 1710227680431 -39.0 -67.0 0.2270291566070749 10
0000 0015 1710227680431 -48.8125 -71.0 5.221670601962723 10
0000 0013 1710227680431 -6.0 -74.0 4.963961829597935 10
0000 0006 1710227680676 91.125 -65.5 0.5399612373357456 10
0000 0015 1710227680676 13.0 -69.0 5.013049214810275 10
0000 0013 1710227680677 -13.0 -72.0 4.874990943900568 10
0000 0000 1710227680677 10.375 -76.0 1.564660403643354 10
0000 0007 1710227680677 15.25 -70.5 5.608233760509904 10
0000 0004 1710227680678 11.25 -73.5 4.031301510563465 10
0000 0007 1710227680678 68.3125 -65.5 1.3130875544301088 10
0000 0004 1710227680678 26.0 -66.5 1.533980787885641 10
0000 0006 1710227680679 -87.875 -68.5 3.442252888015379 10
0000 0008 1710227680679 -188.75 -72.0 1.0369710126106935 10
0000 0015 1710227680679 -3.25 -69.5 5.166447293598839 10
0000 0013 1710227680680 71.5625 -66.0 2.2212041808584084 10
0000 0005 1710227680680 26.0625 -74.5 4.792155981354743 10
0000 0009 1710227680680 11.5625 -79.0 0.6688156235181395 10
0000 0000 1710227680681 0.125 -75.5 2.2150682577068657 10
0000 0013 1710227680926 -6.5 -68.5 3.749049045592507 10
0000 0004 1710227680927 52.0625 -67.0 4.988505522204105 10
0000 0000 1710227680927 48.8125 -72.5 5.4671075280244255 10
0000 0006 1710227680927 0.5625 -70.5 0.28225246497095796 10
0000 0012 1710227680927 185.5 -72.0 0.2761165418194154 10
0000 0004 1710227680928 32.5 -70.5 1.055378782065321 10
0000 0006 1710227680928 -16.25 -65.5 4.522175362686871 10
0000 0013 1710227680928 0.0 -65.0 0.35588354278946877 10
0000 0007 1710227680929 -3.25 -66.5 3.2827188860752723 10
0000 0009 1710227680929 12.1875 -77.0 1.3130875544301088 10
0000 0000 1710227680929 4.875 -75.5 0.4663301595172349 10
0000 0004 1710227680930 45.5625 -66.5 1.000155473701438 10
0000 0013 1710227680930 16.25 -66.5 3.822680123411018 10
0000 0012 1710227680930 -125.3125 -65.0 5.792311455056181 10
0000 0000 1710227680931 149.6875 -71.5 0.8651651643675016 10
0000 0015 1710227681176 2.125 -71.5 2.859340188618835 10
0000 0007 1710227681177 1.125 -73.0 5.141903600992669 10
0000 0004 1710227681177 -19.5 -61.5 3.2090878082567613 10
0000 0012 1710227681177 19.5 -59.0 1.3560390164909069 10
0000 0007 1710227681177 -52.0625 -69.5 5.375068680751287 10
0000 0015 1710227681178 52.0625 -68.0 3.785864584501762 10
0000 0009 1710227681178 3.5 -79.0 0.3620194659410113 10
0000 0015 1710227681178 32.5 -59.5 4.97623367590102 10
0000 0012 1710227681179 19.5 -61.0 2.1782527187976104 10
0000 0004 1710227681179 55.3125 -66.5 1.607611865704152 10
0000 0006 1710227681179 55.3125 -71.0 5.141903600992669 10
0000 0009 1710227681180 -0.5625 -78.0 5.252350217720435 10
0000 0004 1710227681387 -35.75 -63.5 5.00077736850719 10
0000 0015 1710227681387 16.25 -66.5 0.1595340019401067 10
0000 0005 1710227681387 -45.5625 -66.5 0.6688156235181395 10
0000 0012 1710227681388 22.75 -61.5 2.761165418194154 10
0000 0000 1710227681389 -353.9375 -73.0 5.123495831538041 10
0000 0006 1710227681389 3.25 -64.5 4.006757817957295 10
0000 0011 1710227681389 126.9375 -73.0 5.485515297479052 10
0000 0009 1710227681390 0.625 -78.0 1.6505633277649499 10
0000 0006 1710227681390 26.0 -66.5 0.6565437772150544 10
0000 0012 1710227681390 -29.25 -64.0 4.399456899656019 10
0000 0008 1710227681391 -22.75 -72.5 2.724349879284899 10
0000 0004 1710227681391 -22.75 -63.0 2.693670263527186 10
0000 0005 1710227681392 246.5625 -72.5 2.024854640009046 10
0000 0000 1710227681392 31.125 -75.5 4.546719055293041 10
0000 0007 1710227681392 -1.8125 -73.5 0.705631162427395 10
0000 0009 1710227681393 14.75 -77.5 1.0676506283684062 10
0000 0004 1710227681656 3.25 -60.5 0.30066023442558565 10
0000 0012 1710227681656 -27.625 -68.0 2.9636508821950587 10
0000 0006 1710227681656 -55.3125 -63.0 4.9394181369917645 10
0000 0000 1710227681657 -123.6875 -68.5 0.6688156235181395 10
0000 0008 1710227681657 26.0 -72.5 0.6749515466696822 10
0000 0005 1710227681657 47.1875 -71.5 5.243146332993121 10
0000 0015 1710227681658 -6.0625 -72.5 0.9326603190344698 10
0000 0007 1710227681658 6.8125 -73.0 5.074408446325701 10
0000 0014 1710227681658 2.25 -71.0 1.761009944492716 10
0000 0015 1710227681659 52.0625 -68.0 4.0558452031696355 10
0000 0004 1710227681659 -22.75 -65.5 4.73693267299086 10
0000 0006 1710227681659 16.25 -62.0 1.0676506283684062 10
0000 0000 1710227681660 -156.1875 -73.0 5.21553467881118 10
0000 0008 1710227681660 -81.375 -67.5 5.086680292628786 10
0000 0007 1710227681660 -29.25 -65.0 4.503767593232243 10
0000 0004 1710227681661 13.0 -60.5 1.1903690913992575 10
0000 0006 1710227681661 3.25 -61.0 4.276738436625168 10
0000 0007 1710227681661 26.0 -66.0 2.4850488763747385 10
0000 0015 1710227681661 -22.75 -65.5 4.424000592262189 10
0000 0013 1710227681662 -42.3125 -65.5 5.767767762450011 10
0000 0000 1710227681662 -27.625 -70.0 1.9634954084936207 10
0000 0008 1710227681662 -55.3125 -69.0 2.650718801466388 10
0000 0009 1710227681874 -1.5 -77.5 5.264622064023521 10
0000 0003 1710227681874 -8.5625 -77.5 1.6505633277649499 10
0000 0015 1710227681875 100.875 -71.5 4.154019973594316 10
0000 0013 1710227681875 45.5625 -62.0 1.3069516312785663 10
0000 0014 1710227681875 -9.75 -63.5 5.098952138931871 10
0000 0006 1710227681876 39.0 -59.5 1.6014759425526093 10
0000 0007 1710227681876 -13.0 -61.5 6.068427996875596 10
0000 0004 1710227681876 -123.6875 -69.5 4.178563666200486 10
0000 0000 1710227681877 -34.9375 -69.5 0.4295146206079795 10
0000 0009 1710227681877 45.5625 -71.5 4.227651051412827 10
0000 0008 1710227681878 -29.25 -66.5 5.773903685601553 10
0000 0003 1710227681878 501.25 -74.5 0.7915340865489908 10
0000 0013 1710227681878 45.5625 -64.5 1.9512235621905356 10
0000 0007 1710227681879 -9.75 -64.5 3.9453985864418692 10
0000 0006 1710227681879 9.75 -58.5 4.135612204139688 10
0000 0008 1710227681879 65.0625 -69.5 2.5157284921324514 10
0000 0004 1710227681880 13.0 -70.0 2.60776733940559 10
0000 0014 1710227681880 58.5625 -67.0 1.9389517158874505 10
0000 0009 1710227681880 -100.875 -72.5 1.214912784005428 10
0000 0000 1710227681881 93.5625 -67.5 2.6261751088602177 10
0000 0001 1710227681926 -14.625 -77.0 4.424000592262189 10
0000 0003 1710227682119 5.6875 -78.0 1.521708941582556 10
0000 0004 1710227682119 -16.25 -63.5 0.9878836273983529 10
0000 0006 1710227682119 3.25 -64.0 2.172116795646068 10
0000 0014 1710227682119 -42.3125 -69.5 2.429825568010856 10
0000 0007 1710227682120 39.0 -59.0 0.5890486225480862 10
0000 0009 1710227682120 177.375 -70.0 5.71868037723767 10
0000 0008 1710227682120 -48.8125 -71.0 1.0369710126106935 10
0000 0000 1710227682121 -97.625 -71.5 2.2580197197676637 10
0000 0013 1710227682121 2.875 -71.0 2.0923497946760143 10
0000 0007 1710227682121 -13.0 -62.5 2.890019804376548 10
0000 0005 1710227682121 -133.4375 -69.0 2.834796496012665 10
0000 0008 1710227682122 35.75 -69.5 6.215690152512618 10
0000 0004 1710227682123 -19.5 -66.5 5.0253210611133605 10
0000 0014 1710227682123 0.0 -68.0 2.5770877236478773 10
0000 0006 1710227682123 35.75 -63.5 0.06135923151542565 10
0000 0000 1710227682123 -30.875 -73.0 5.994796919057086 10
0000 0009 1710227682124 -163.5625 -70.0 4.3503695144436785 10
0000 0012 1710227682124 22.75 -70.0 5.66959299202533 10
0000 0011 1710227682124 9.75 -74.0 1.1106020904292042 10
0000 0015 1710227682176 22.5625 -72.0 2.4727770300716534 10
0000 0013 1710227682176 28.0625 -76.5 6.086835766330224 10
0000 0003 1710227682362 -6.4375 -78.0 5.651185222570702 10
0000 0004 1710227682363 9.75 -60.0 3.8288160465625602 10
0000 0009 1710227682363 126.9375 -72.0 6.215690152512618 10
0000 0007 1710227682363 35.75 -64.0 1.0615147052168636 10
0000 0012 1710227682363 113.875 -67.0 0.4663301595172349 10
0000 0000 1710227682364 -10.5625 -71.5 4.540583132141498 10
0000 0006 1710227682364 87.875 -65.0 6.068427996875596 10
0000 0008 1710227682364 6.5 -68.5 4.3503695144436785 10
0000 0015 1710227682365 -71.5625 -64.5 6.135923151542564 10
0000 0011 1710227682365 65.0625 -69.0 4.914874444385594 10
0000 0005 1710227682365 3.25 -72.0 5.970253226450915 10
0000 0013 1710227682366 -10.375 -78.0 0.2945243112740431 10
0000 0014 1710227682366 9.75 -73.0 0.0 10
0000 0004 1710227682367 -9.75 -58.5 1.8653206380689396 10
0000 0005 1710227682367 -9.75 -67.0 2.2518837966161214 10
0000 0008 1710227682367 16.25 -64.5 1.576932249946439 10
0000 0011 1710227682368 16.25 -67.0 1.1351457830353744 10
0000 0006 1710227682369 -55.3125 -63.5 4.491495746929157 10
0000 0007 1710227682369 91.125 -68.5 3.767456815047135 10
0000 0015 1710227682369 -16.25 -61.0 0.6749515466696822 10
0000 0000 1710227682369 -13.8125 -71.0 1.9512235621905356 10
0000 0009 1710227682370 -30.875 -73.0 5.0253210611133605 10
0000 0013 1710227682370 -156.1875 -71.0 1.423534171157875 10
0000 0007 1710227682575 -26.0 -67.0 0.5460971604872883 10
0000 0005 1710227682576 -30.875 -69.5 4.816699673960914 10
0000 0006 1710227682576 3.25 -62.5 1.576932249946439 10
0000 0011 1710227682576 22.75 -68.0 3.834951969714103 10
0000 0004 1710227682576 -35.75 -58.0 4.921010367537137 10
0000 0008 1710227682577 -35.75 -66.5 4.215379205109742 10
0000 0000 1710227682577 48.8125 -68.0 5.117359908386499 10
0000 0009 1710227682577 -30.875 -73.5 1.239456476611598 10
0000 0013 1710227682578 22.5625 -77.5 3.6324665057131984 10
0000 0007 1710227682578 29.25 -63.5 2.767301341345697 10
0000 0004 1710227682578 13.0 -58.0 1.8837284075235674 10
0000 0006 1710227682579 -9.75 -61.5 4.405592822807561 10
0000 0005 1710227682579 0.0 -68.0 2.5341362615870793 10
0000 0000 1710227682579 222.125 -70.0 2.2334760271614935 10
0000 0009 1710227682580 62.625 -72.5 5.313709449235861 10
0000 0008 1710227682580 19.5 -66.0 1.8775924843720249 10
0000 0011 1710227682580 -71.5625 -72.0 1.1535535524900022 10
0000 0013 1710227682581 -65.0625 -70.5 0.9326603190344698 10
0000 0015 1710227682810 1.4375 -70.5 4.608078286808466 10
0000 0015 1710227682810 3.25 -64.5 5.160311370447297 10
0000 0008 1710227682811 55.3125 -65.0 6.2463697682703305 10
0000 0006 1710227682811 32.5 -59.0 1.1106020904292042 10
0000 0007 1710227682811 3.25 -60.5 1.7548740213411735 10
0000 0013 1710227682812 -29.25 -68.5 3.865631585471816 10
0000 0009 1710227682812 -163.5625 -73.0 4.638757902566179 10
0000 0004 1710227682812 16.25 -59.0 6.043884304269426 10
0000 0000 1710227682813 93.5625 -68.5 0.5890486225480862 10
0000 0011 1710227682813 -13.0 -74.5 6.135923151542564 10
0000 0005 1710227682813 12.3125 -74.0 0.03681553890925539 10
0000 0000 1710227682813 -104.125 -70.0 4.9823695990525625 10
0000 0009 1710227682814 -45.5625 -70.0 1.5278448647340985 10
0000 0007 1710227682814 19.5 -60.0 1.043106935762236 10
0000 0003 1710227682814 -234.3125 -72.5 5.620505606812989 10
0000 0015 1710227682815 -65.0625 -62.0 5.626641529964532 10
0000 0006 1710227682815 3.25 -58.0 4.276738436625168 10
0000 0013 1710227682815 22.75 -66.5 5.184855063053467 10
0000 0004 1710227682816 -6.5 -61.0 3.1968159619536762 10
0000 0008 1710227682816 -29.25 -63.0 4.037437433715008 10
0000 0011 1710227682816 13.0 -72.0 4.215379205109742 10
0000 0001 1710227682926 26.1875 -78.5 5.080544369477243 10
0000 0014 1710227682926 8.1875 -71.0 1.88986433067511 10
0000 0005 1710227682926 4.375 -74.5 1.380582709097077 10
0000 0000 1710227683086 -21.125 -67.0 3.2765829629237295 10
0000 0015 1710227683087 -45.5625 -63.0 6.092971689481767 10
0000 0006 1710227683087 6.5 -57.5 1.6566992509164924 10
0000 0014 1710227683087 143.1875 -62.0 2.4911847995262812 10
0000 0007 1710227683087 -16.25 -58.5 0.3129320807286708 10
0000 0004 1710227683088 9.75 -56.0 1.0492428589137786 10
0000 0013 1710227683088 48.8125 -66.0 6.074563920027139 10
0000 0008 1710227683088 13.0 -65.0 1.932815792735908 10
0000 0005 1710227683089 -29.25 -68.0 0.1595340019401067 10
0000 0009 1710227683089 -159.5 -68.0 4.577398671050753 10
0000 0003 1710227683089 -74.8125 -74.5 5.197126909356553 10
0000 0011 1710227683090 175.75 -74.0 1.1535535524900022 10
0000 0001 1710227683090 3.0 -77.5 4.270602513473625 10
0000 0000 1710227683091 -9.75 -63.0 0.7976700097005334 10
0000 0009 1710227683091 121.25 -69.5 0.7669903939428205 10
0000 0004 1710227683091 19.5 -58.0 3.785864584501762 10
0000 0015 1710227683092 -22.75 -68.5 6.062292073724054 10
0000 0005 1710227683092 100.875 -67.0 3.4606606574700063 10
0000 0003 1710227683092 -100.875 -69.0 1.6873788666742053 10
0000 0008 1710227683093 13.0 -64.5 5.252350217720435 10
0000 0007 1710227683093 6.5 -55.5 3.552699504743145 10
0000 0006 1710227683093 26.0 -58.5 5.190990986205009 10
0000 0014 1710227683093 -13.0 -55.0 4.988505522204105 10
0000 0011 1710227683176 -9.125 -76.0 1.5033011721279284 10
0000 0001 1710227683176 -3.0 -76.0 5.135767677841127 10
0000 0012 1710227683176 3.8125 -76.0 0.07976700097005335 10
0000 0013 1710227683177 4.0625 -75.0 0.8099418560036186 10
0000 0002 1710227683177 9.75 -79.0 0.6933593161243098 10
0000 0004 1710227683345 29.25 -55.5 1.3192234775816514 10
0000 0006 1710227683345 26.0 -61.0 1.3499030933393643 10
0000 0012 1710227683345 -3.25 -70.5 2.2212041808584084 10
0000 0014 1710227683345 -58.5625 -65.0 5.006913291658733 10
0000 0011 1710227683346 35.75 -73.0 0.7853981633974483 10
0000 0015 1710227683346 29.25 -70.5 6.129787228391022 10
0000 0008 1710227683346 -3.25 -63.5 2.742757648739526 10
0000 0007 1710227683347 -9.75 -56.0 5.9518454569962875 10
0000 0000 1710227683347 -73.1875 -65.5 4.430136515413731 10
0000 0005 1710227683347 13.0 -65.5 6.056156150572511 10
0000 0009 1710227683348 -83.0 -71.0 5.368932757599744 10
0000 0003 1710227683348 -35.75 -73.5 5.6143696836614465 10
0000 0013 1710227683349 -87.875 -71.0 4.25833066717054 10
0000 0001 1710227683349 -45.5625 -73.5 5.325981295538946 10
0000 0002 1710227683350 2.4375 -77.5 0.5951845456996288 10
0000 0003 1710227683350 -58.5625 -70.0 1.8714565612204823 10
0000 0005 1710227683350 -3.25 -63.0 2.1353012567368124 10
0000 0009 1710227683351 125.3125 -68.0 2.116893487282185 10
0000 0008 1710227683351 -42.3125 -60.5 5.841398840268521 10
0000 0012 1710227683351 16.25 -62.0 5.264622064023521 10
0000 0013 1710227683352 13.0 -68.0 0.3374757733348411 10
0000 0000 1710227683352 30.875 -64.5 1.607611865704152 10
0000 0006 1710227683353 -26.0 -58.0 5.295301679781233 10
0000 0011 1710227683353 -91.125 -68.5 4.700117134081604 10
0000 0001 1710227683353 136.6875 -72.5 2.650718801466388 10
0000 0004 1710227683354 16.25 -55.5 5.780039608753096 10
0000 0007 1710227683354 6.5 -55.5 2.4605051837685683 10
0000 0002 1710227683426 -4.25 -77.5 4.626486056263094 10
0000 0015 1710227683426 3.1875 -69.5 1.6014759425526093 10
0000 0011 1710227683584 -13.0 -67.0 0.7731263170943632 10
0000 0007 1710227683584 -16.25 -56.5 4.963961829597935 10
0000 0003 1710227683584 -136.6875 -72.5 4.963961829597935 10
0000 0004 1710227683584 16.25 -54.0 2.350058567040802 10
0000 0005 1710227683585 -22.75 -66.0 4.608078286808466 10
0000 0008 1710227683585 -6.5 -61.0 2.5341362615870793 10
0000 0006 1710227683585 22.75 -60.0 2.478912953223196 10
0000 0000 1710227683586 -41.5 -65.5 4.743068596142402 10
0000 0001 1710227683586 13.0 -70.5 6.056156150572511 10
0000 0009 1710227683586 52.0625 -69.5 4.767612288748572 10
0000 0012 1710227683587 35.75 -65.5 5.626641529964532 10
0000 0015 1710227683587 -5.4375 -69.0 4.28287435977671 10
0000 0002 1710227683587 13.375 -76.0 1.6444274046134073 10
0000 0008 1710227683588 -3.25 -59.5 4.878058905476339 10
0000 0005 1710227683588 13.8125 -67.0 0.2638446955163303 10
0000 0006 1710227683588 -9.75 -58.5 4.6878452877785195 10
0000 0009 1710227683588 -142.375 -69.0 0.9756117810952678 10
0000 0004 1710227683589 -32.5 -55.0 5.356660911296659 10
0000 0007 1710227683589 -3.25 -58.5 0.944932165337555 10
0000 0000 1710227683589 69.125 -65.5 0.9878836273983529 10
0000 0011 1710227683590 55.3125 -66.5 2.1659808724945253 10
0000 0012 1710227683590 -81.375 -68.0 5.595961914206819 10
0000 0003 1710227683590 13.0 -69.5 1.4664856332186729 10
0000 0014 1710227683591 -9.75 -68.0 1.6321555583103222 10
0000 0015 1710227683591 146.4375 -69.0 0.2270291566070749 10
0000 0001 1710227683591 26.0 -70.5 3.5342917352885173 10
