0001 0009 1710927593960 0.0 -60.5 3.2949907323783574 4
0001 0009 1710927593961 -45.5625 -60.5 3.429981041712294 4
0001 0015 1710927593961 0.0 -64.0 3.9392626632903265 4
0001 0008 1710927593961 16.25 -55.5 0.7179030087304801 4
0001 0014 1710927593962 -13.0 -62.0 0.7485826244881929 4
0001 0000 1710927593963 -21.125 -64.0 1.4480778637640452 4
0001 0006 1710927593963 26.0 -61.5 4.773748211900116 4
0001 0004 1710927593963 9.75 -57.0 6.252505691421874 4
0001 0010 1710927593963 -16.25 -57.0 3.5711072741977725 4
0001 0012 1710927593963 19.5 -51.0 4.871922982324796 4
0001 0007 1710927593964 71.5625 -62.5 0.11658253987930872 4
0001 0013 1710927593965 -19.5 -57.0 3.2090878082567613 4
0001 0005 1710927593965 9.75 -58.0 2.4911847995262812 4
0001 0011 1710927593966 -16.25 -57.5 5.375068680751287 4
0001 0002 1710927593966 52.0625 -74.0 5.706408530934585 4
0001 0005 1710927593966 -16.25 -57.5 2.6568547246179306 4
0001 0007 1710927593967 35.75 -62.0 0.28225246497095796 4
0001 0006 1710927593967 9.75 -61.0 4.871922982324796 4
0001 0015 1710927593968 39.0 -63.5 3.834951969714103 4
0001 0010 1710927593968 3.25 -57.0 3.6815538909255388 4
0001 0012 1710927593968 -16.25 -51.0 4.945554060143307 4
0001 0009 1710927593969 -45.5625 -60.5 3.5281558121369745 4
0001 0014 1710927593969 9.75 -61.5 0.705631162427395 4
0001 0011 1710927593970 -6.5 -57.5 5.4671075280244255 4
0001 0004 1710927593971 6.5 -57.0 0.14726215563702155 4
0001 0013 1710927593972 3.25 -57.0 3.2029518851052186 4
0001 0008 1710927593972 13.0 -55.5 0.859029241215959 4
0001 0000 1710927593972 52.0625 -64.0 1.6689710972195777 4
0001 0002 1710927594198 8.9375 -74.0 6.007068765360171 4
0001 0015 1710927594198 -55.3125 -64.0 4.006757817957295 4
0001 0013 1710927594199 -13.0 -57.0 3.2520392703175593 4
0001 0010 1710927594199 -6.5 -57.5 3.792000507653305 4
0001 0012 1710927594199 -16.25 -51.0 4.963961829597935 4
0001 0011 1710927594200 -19.5 -57.5 5.522330836388308 4
0001 0000 1710927594200 34.9375 -64.5 1.859184714917397 4
0001 0005 1710927594200 48.8125 -57.5 2.6261751088602177 4
0001 0004 1710927594201 -6.5 -56.5 0.2699806186678728 4
0001 0007 1710927594201 6.5 -62.0 0.3865631585471816 4
0001 0008 1710927594202 22.75 -55.5 0.9387962421860124 4
0001 0014 1710927594202 26.0 -61.5 0.7485826244881929 4
0001 0006 1710927594202 29.25 -61.0 4.994641445355648 4
0001 0009 1710927594203 -10.5625 -60.5 3.6017868899554855 4
0001 0002 1710927594203 21.125 -74.5 6.0991076126333095 4
0001 0006 1710927594203 6.5 -61.0 5.037592907416445 4
0001 0005 1710927594204 6.5 -57.5 2.736621725587984 4
0001 0010 1710927594204 -32.5 -57.5 3.9085830475326135 4
0001 0004 1710927594205 -16.25 -57.0 0.32520392703175593 4
0001 0014 1710927594205 48.8125 -61.5 0.6872233929727672 4
0001 0012 1710927594205 -6.5 -51.0 5.006913291658733 4
0001 0011 1710927594206 13.0 -57.5 5.522330836388308 4
0001 0000 1710927594206 -3.25 -63.5 1.9880391010997909 4
0001 0009 1710927594206 -74.8125 -60.0 3.77972866135022 4
0001 0007 1710927594207 45.5625 -62.0 0.4295146206079795 4
0001 0013 1710927594207 19.5 -57.0 3.215223731408304 4
0001 0008 1710927594208 26.0 -55.5 0.9817477042468103 4
0001 0015 1710927594208 -3.25 -64.0 3.9392626632903265 4
0001 0002 1710927594215 49.625 -75.0 5.939573610693203 4
0001 0010 1710927594466 -19.5 -57.5 3.865631585471816 4
0001 0005 1710927594467 -6.5 -57.5 2.804116880254952 4
0001 0014 1710927594467 39.0 -61.5 0.7117670855789375 4
0001 0011 1710927594467 0.0 -57.5 5.577554144752192 4
0001 0013 1710927594468 -3.25 -57.5 3.2643111166206444 4
0001 0008 1710927594468 16.25 -56.0 1.030835089459151 4
0001 0012 1710927594468 -26.0 -51.0 5.013049214810275 4
0001 0009 1710927594469 -65.875 -60.5 3.761320891895592 4
0001 0000 1710927594469 166.8125 -64.5 1.748738098189631 4
0001 0006 1710927594469 3.25 -60.5 4.994641445355648 4
0001 0015 1710927594470 29.25 -63.5 3.9208548938356986 4
0001 0004 1710927594470 3.25 -57.0 0.25770877236478773 4
0001 0007 1710927594470 68.3125 -62.0 0.42337869745643697 4
0001 0002 1710927594470 13.8125 -74.5 6.277049384028044 4
0001 0007 1710927594686 29.25 -62.5 0.3988350048502667 4
0001 0011 1710927594686 -35.75 -57.5 5.5714182216006485 4
0001 0008 1710927594687 3.25 -56.0 1.000155473701438 4
0001 0015 1710927594688 -55.3125 -64.5 4.01902966426038 4
0001 0000 1710927594688 97.625 -64.0 1.8346410223112268 4
0001 0004 1710927594689 26.0 -57.0 0.2086213871524472 4
0001 0014 1710927594689 -3.25 -62.0 0.7485826244881929 4
0001 0009 1710927594689 30.875 -60.5 3.6079228131070282 4
0001 0012 1710927594690 -35.75 -51.0 5.006913291658733 4
0001 0013 1710927594690 -16.25 -57.0 3.2643111166206444 4
0001 0005 1710927594690 52.0625 -57.5 2.6998061866787286 4
0001 0006 1710927594691 0.0 -60.5 4.933282213840222 4
0001 0010 1710927594691 -45.5625 -57.5 3.847223816017188 4
0001 0002 1710927594691 -8.9375 -74.5 6.160466844148735 4
0001 0008 1710927594692 9.75 -56.0 0.9633399347921826 4
0001 0009 1710927594692 -21.125 -60.5 3.6263305825616556 4
0001 0011 1710927594693 -48.8125 -58.0 5.5284667595398505 4
0001 0005 1710927594693 -17.0625 -57.5 2.736621725587984 4
0001 0013 1710927594693 -26.0 -57.0 3.2704470397721868 4
0001 0004 1710927594694 3.25 -57.0 0.1595340019401067 4
0001 0015 1710927594694 3.25 -64.0 3.9269908169872414 4
0001 0006 1710927594694 -61.8125 -60.5 4.921010367537137 4
0001 0010 1710927594695 16.25 -57.5 3.6692820446224537 4
0001 0014 1710927594695 16.25 -62.0 0.6810874698212247 4
0001 0000 1710927594696 -45.5625 -64.0 1.945087639038993 4
0001 0012 1710927594696 -9.75 -51.0 4.933282213840222 4
0001 0007 1710927594696 -32.5 -62.5 0.4663301595172349 4
0001 0002 1710927594715 -33.3125 -74.5 6.200350344633762 4
0001 0010 1710927594925 -6.5 -57.5 3.6754179677739964 4
0001 0011 1710927594926 -19.5 -57.5 5.47937937432751 4
0001 0006 1710927594926 -35.75 -61.5 4.945554060143307 4
0001 0013 1710927594926 -26.0 -57.0 3.2643111166206444 4
0001 0005 1710927594927 13.0 -57.5 2.6691265709210157 4
0001 0007 1710927594927 65.0625 -62.0 0.2945243112740431 4
0001 0009 1710927594927 -21.125 -60.5 3.5711072741977725 4
0001 0012 1710927594928 -13.0 -51.0 4.9394181369917645 4
0001 0015 1710927594928 -65.0625 -64.0 4.0558452031696355 4
0001 0000 1710927594928 39.0 -64.5 1.7916895602504288 4
0001 0004 1710927594929 -3.25 -57.0 0.1595340019401067 4
0001 0008 1710927594929 35.75 -56.0 0.8528933180644165 4
0001 0014 1710927594929 13.0 -62.0 0.7363107781851077 4
0001 0002 1710927594930 -71.5625 -74.5 6.10217557420908 4
0001 0014 1710927594930 19.5 -62.5 0.7363107781851077 4
0001 0011 1710927594930 -45.5625 -58.0 5.516194913236766 4
0001 0005 1710927594931 13.0 -57.5 2.650718801466388 4
0001 0008 1710927594931 -6.5 -56.0 0.8713010875190442 4
0001 0013 1710927594931 -26.0 -57.0 3.2888548092268146 4
0001 0007 1710927594932 55.3125 -62.0 0.23930100291016002 4
0001 0004 1710927594932 9.75 -57.0 0.07976700097005335 4
0001 0006 1710927594932 -3.25 -61.5 4.828971520263998 4
0001 0015 1710927594933 -16.25 -64.5 3.9699422790480394 4
0001 0012 1710927594933 0.0 -51.0 4.914874444385594 4
0001 0000 1710927594934 35.75 -64.5 1.705786636128833 4
0001 0010 1710927594934 19.5 -57.5 3.6201946594101133 4
0001 0009 1710927594935 -65.875 -61.0 3.5588354278946874 4
0001 0002 1710927594935 188.75 -74.0 2.466641106920111 4
0001 0015 1710927595161 -6.5 -64.5 3.9515345095934116 4
0001 0010 1710927595161 -29.25 -57.5 3.706097583531709 4
0001 0009 1710927595161 10.5625 -60.5 3.4054373491061236 4
0001 0005 1710927595162 48.8125 -58.0 2.60776733940559 4
0001 0011 1710927595162 9.75 -57.5 5.418020142812084 4
0001 0007 1710927595162 9.75 -62.5 0.34974761963792617 4
0001 0013 1710927595163 -6.5 -57.0 3.2581751934691017 4
0001 0006 1710927595163 -22.75 -61.0 4.914874444385594 4
0001 0012 1710927595163 -13.0 -51.0 4.957825906446392 4
0001 0008 1710927595164 3.25 -56.5 0.7792622402459057 4
0001 0004 1710927595164 -9.75 -57.5 0.05522330836388308 4
0001 0014 1710927595164 19.5 -62.5 0.7301748550335652 4
0001 0000 1710927595165 45.5625 -64.5 1.5585244804918115 4
0001 0002 1710927595165 -10.5625 -74.5 5.887418263905091 4
0001 0008 1710927595165 -6.5 -56.5 0.7424467013366504 4
0001 0000 1710927595166 -55.3125 -65.0 1.5401167110371838 4
0001 0005 1710927595166 3.25 -58.0 2.5893595699509624 4
0001 0015 1710927595166 0.0 -64.5 3.9515345095934116 4
0001 0010 1710927595167 -16.25 -57.5 3.6815538909255388 4
0001 0011 1710927595167 -42.3125 -57.5 5.47937937432751 4
0001 0013 1710927595167 13.0 -57.0 3.227495577711389 4
0001 0012 1710927595168 -3.25 -51.0 4.914874444385594 4
0001 0006 1710927595168 -13.0 -61.5 4.847379289718626 4
0001 0014 1710927595168 26.0 -62.0 0.7179030087304801 4
0001 0007 1710927595169 -35.75 -62.5 0.36815538909255385 4
0001 0004 1710927595169 -6.5 -57.5 0.018407769454627694 4
0001 0009 1710927595169 -73.1875 -61.0 3.485204350076177 4
0001 0002 1710927595170 48.8125 -73.0 2.8409324191642074 4
0001 0006 1710927595401 -26.0 -61.0 4.853515212870168 4
0001 0012 1710927595402 -6.5 -51.5 4.896466674930966 4
0001 0015 1710927595402 -6.5 -64.0 3.933126740138784 4
0001 0008 1710927595402 -6.5 -56.0 0.7179030087304801 4
0001 0014 1710927595403 32.5 -62.0 0.6933593161243098 4
0001 0004 1710927595403 9.75 -57.5 6.234097921967246 4
0001 0013 1710927595404 13.0 -57.0 3.172272269347506 4
0001 0010 1710927595404 -45.5625 -57.5 3.6447383520162835 4
0001 0011 1710927595404 29.25 -57.5 5.368932757599744 4
0001 0009 1710927595404 17.0625 -61.5 3.2704470397721868 4
0001 0005 1710927595405 -22.75 -58.5 2.5954954931025047 4
0001 0000 1710927595405 -76.4375 -64.5 1.521708941582556 4
0001 0007 1710927595405 0.0 -62.5 0.3374757733348411 4
0001 0002 1710927595406 -13.8125 -74.0 2.5341362615870793 4
0001 0006 1710927595406 -13.0 -61.0 4.767612288748572 4
0001 0008 1710927595406 6.5 -56.0 0.6258641614573416 4
0001 0007 1710927595407 42.3125 -62.5 0.20248546400090464 4
0001 0015 1710927595407 42.3125 -65.0 3.8410878928656453 4
0001 0012 1710927595408 -6.5 -51.0 4.859651136021712 4
0001 0004 1710927595409 32.5 -57.0 6.14819499784565 4
0001 0000 1710927595409 100.875 -64.5 1.1719613219446299 4
0001 0013 1710927595409 -22.75 -57.0 3.2336315008629315 4
0001 0014 1710927595410 26.0 -61.5 0.6933593161243098 4
0001 0011 1710927595410 45.5625 -57.5 5.258486140871978 4
0001 0005 1710927595410 -3.25 -58.5 2.5586799541932495 4
0001 0010 1710927595411 -16.25 -57.5 3.442252888015379 4
0001 0009 1710927595411 13.8125 -61.0 3.160000423044421 4
0001 0002 1710927595411 74.8125 -74.5 2.2580197197676637 4
0001 0014 1710927595649 19.5 -62.0 0.6565437772150544 4
0001 0009 1710927595649 27.625 -60.5 3.0066023442558567 4
0001 0006 1710927595650 0.0 -61.5 4.565126824747668 4
0001 0005 1710927595650 -10.5625 -58.0 2.478912953223196 4
0001 0013 1710927595650 13.0 -57.5 3.11091303783208 4
0001 0012 1710927595651 -19.5 -51.5 4.798291904506286 4
0001 0011 1710927595651 16.25 -56.5 5.105088062083414 4
0001 0004 1710927595651 13.0 -57.5 6.129787228391022 4
0001 0007 1710927595652 61.8125 -63.0 6.234097921967246 4
0001 0008 1710927595652 16.25 -55.5 0.662679700366597 4
0001 0015 1710927595652 -52.0625 -64.0 3.9822141253511245 4
0001 0000 1710927595653 -34.9375 -64.0 1.6321555583103222 4
0001 0010 1710927595653 58.5625 -58.0 2.9820586516496865 4
0001 0002 1710927595653 23.5625 -74.0 5.798447378207723 4
0001 0004 1710927595654 0.0 -57.5 6.117515382087937 4
0001 0009 1710927595654 10.5625 -58.5 2.8409324191642074 4
0001 0007 1710927595654 -29.25 -61.5 5.822991070813893 4
0001 0014 1710927595655 9.75 -62.5 0.607456392002714 4
0001 0008 1710927595655 0.0 -54.5 0.6749515466696822 4
0001 0005 1710927595655 9.75 -57.0 2.4175537217077703 4
0001 0011 1710927595656 -9.75 -56.5 4.577398671050753 4
0001 0013 1710927595656 19.5 -57.5 2.761165418194154 4
0001 0006 1710927595656 -9.75 -62.0 4.1417481272912315 4
0001 0010 1710927595657 3.25 -58.5 2.380738182798515 4
0001 0000 1710927595657 -17.0625 -63.5 2.012582793705961 4
0001 0012 1710927595657 -19.5 -51.0 4.503767593232243 4
0001 0015 1710927595658 -19.5 -63.5 3.847223816017188 4
0001 0002 1710927595715 47.1875 -74.5 0.07363107781851078 4
0001 0003 1710927595716 7.3125 -76.0 6.129787228391022 4
0001 0001 1710927595716 1.5 -79.0 4.503767593232243 4
0001 0005 1710927595910 9.75 -56.0 2.3439226438892597 4
0001 0008 1710927595910 19.5 -53.0 0.6565437772150544 4
0001 0014 1710927595910 104.125 -62.5 0.619728238305799 4
0001 0000 1710927595910 -38.1875 -63.0 2.8654761117703775 4
0001 0013 1710927595911 48.8125 -59.0 2.1046216409791 4
0001 0004 1710927595911 -6.5 -58.0 6.191146459906448 4
0001 0007 1710927595911 -13.0 -59.0 4.73693267299086 4
0001 0012 1710927595913 -22.75 -52.0 3.822680123411018 4
0001 0009 1710927595913 -55.3125 -53.5 2.2518837966161214 4
0001 0006 1710927595914 39.0 -62.0 3.172272269347506 4
0001 0011 1710927595914 -39.0 -59.0 3.1968159619536762 4
0001 0015 1710927595914 -16.25 -63.0 3.9085830475326135 4
0001 0010 1710927595915 52.0625 -59.5 1.000155473701438 4
0001 0003 1710927595915 81.375 -73.0 0.859029241215959 4
0001 0002 1710927595915 16.4375 -76.0 5.473243451175968 4
0001 0009 1710927595916 21.125 -53.5 1.4480778637640452 4
0001 0005 1710927595916 32.5 -56.5 1.9144080232812801 4
0001 0010 1710927595916 -22.75 -56.0 4.884194828627882 4
0001 0004 1710927595917 -29.25 -59.5 6.037748381117884 4
0001 0000 1710927595917 -26.0 -64.0 3.067961575771282 4
0001 0006 1710927595917 -74.8125 -66.0 2.0800779483729293 4
0001 0011 1710927595918 48.8125 -69.0 6.1850105367549055 4
0001 0015 1710927595918 13.0 -62.5 3.865631585471816 4
0001 0007 1710927595918 52.0625 -58.5 2.804116880254952 4
0001 0012 1710927595919 9.75 -52.5 2.650718801466388 4
0001 0014 1710927595919 -45.5625 -60.5 1.41126232485479 4
0001 0008 1710927595920 16.25 -58.5 5.074408446325701 4
0001 0003 1710927595920 19.5 -71.5 0.9081166264282996 4
0001 0002 1710927595921 97.625 -72.0 6.080699843178682 4
0001 0013 1710927595921 -16.25 -68.0 0.8222137023067037 4
0001 0002 1710927596145 -58.5625 -72.0 5.822991070813893 4
0001 0010 1710927596145 29.25 -56.0 2.2027964114037806 4
0001 0015 1710927596145 -29.25 -66.5 2.098485717827557 4
0001 0008 1710927596146 13.0 -53.5 2.9391071895888885 4
0001 0007 1710927596146 -87.875 -65.5 6.252505691421874 4
0001 0003 1710927596146 -22.75 -67.0 0.6013204688511713 4
0001 0000 1710927596147 187.125 -62.5 1.4480778637640452 4
0001 0014 1710927596147 -3.25 -61.5 1.2517283229146832 4
0001 0012 1710927596147 21.125 -54.5 2.086213871524472 4
0001 0005 1710927596148 -62.625 -69.5 3.7122335066832517 4
0001 0004 1710927596148 -110.625 -69.0 3.3502140407422405 4
0001 0013 1710927596148 -3.25 -72.0 0.4049709280018093 4
0001 0009 1710927596149 1.625 -68.5 5.080544369477243 4
0001 0011 1710927596149 4.4375 -71.0 0.8375535101855601 4
0001 0014 1710927596149 -13.0 -62.0 1.3928545554001621 4
0001 0012 1710927596150 0.0 -57.5 1.902136176978195 4
0001 0009 1710927596150 24.375 -67.0 1.2640001692177683 4
0001 0010 1710927596150 -19.5 -60.5 0.7117670855789375 4
0001 0003 1710927596151 211.5625 -71.5 5.66959299202533 4
0001 0005 1710927596151 -22.75 -57.5 1.325359400733194 4
0001 0011 1710927596151 -52.0625 -64.0 5.6143696836614465 4
0001 0002 1710927596152 -26.0 -72.5 4.374913207049849 4
0001 0004 1710927596152 -32.5 -66.0 1.88986433067511 4
0001 0000 1710927596152 -10.5625 -68.5 5.270757987175063 4
0001 0013 1710927596153 -16.25 -71.0 5.700272607783043 4
0001 0007 1710927596215 6.6875 -71.0 5.037592907416445 4
0001 0008 1710927596215 -0.25 -65.0 5.086680292628786 4
0001 0001 1710927596215 2.4375 -78.5 0.22089323345553233 4
0001 0012 1710927596466 78.0625 -58.0 2.1230294104337273 4
0001 0007 1710927596467 100.875 -64.5 2.5341362615870793 4
0001 0011 1710927596467 3.25 -64.5 4.914874444385594 4
0001 0010 1710927596467 -29.25 -64.5 6.14819499784565 4
0001 0013 1710927596467 65.0625 -69.5 5.166447293598839 4
0001 0014 1710927596468 55.3125 -64.0 1.1351457830353744 4
0001 0005 1710927596468 -41.5 -70.0 3.5956509668039427 4
0001 0004 1710927596468 -87.875 -67.0 3.6815538909255388 4
0001 0008 1710927596469 19.5 -68.5 1.4542137869155878 4
0001 0002 1710927596469 120.4375 -75.5 0.859029241215959 4
0001 0003 1710927596469 -9.125 -73.5 2.742757648739526 4
0001 0000 1710927596470 10.375 -73.5 5.283029833478148 4
0001 0001 1710927596470 -4.25 -78.0 1.7978254834019713 4
0001 0014 1710927596716 35.75 -63.0 1.1351457830353744 4
0001 0004 1710927596716 -39.0 -65.0 3.834951969714103 4
0001 0011 1710927596716 -9.75 -66.0 5.0253210611133605 4
0001 0012 1710927596717 -16.25 -58.5 2.2518837966161214 4
0001 0005 1710927596717 -110.625 -71.5 4.270602513473625 4
0001 0013 1710927596717 208.3125 -70.0 5.1725832167503825 4
0001 0010 1710927596718 13.0 -65.0 6.258641614573416 4
0001 0008 1710927596718 91.125 -68.0 1.4480778637640452 4
0001 0007 1710927596718 -113.875 -64.5 2.497320722677824 4
0001 0003 1710927596719 -126.9375 -72.0 3.2029518851052186 4
0001 0000 1710927596719 17.5 -72.0 2.411417798556228 4
0001 0002 1710927596719 28.0625 -77.0 1.227184630308513 4
0001 0001 1710927596720 1.8125 -78.5 0.8897088569736719 4
0001 0014 1710927596975 16.25 -65.0 1.214912784005428 4
0001 0004 1710927596976 -3.25 -65.0 3.6201946594101133 4
0001 0007 1710927596976 107.375 -66.5 3.104777114680538 4
0001 0010 1710927596976 42.3125 -63.0 0.36815538909255385 4
0001 0012 1710927596977 26.0 -59.5 2.423689644859313 4
0001 0013 1710927596977 -65.0625 -71.0 5.921165841238575 4
0001 0005 1710927596977 78.0625 -68.5 6.013204688511713 4
0001 0011 1710927596977 -19.5 -64.0 5.50392306693368 4
0001 0008 1710927596978 -16.25 -60.5 1.6382914814618648 4
0001 0001 1710927596978 61.8125 -71.0 5.915029918087033 4
0001 0002 1710927596978 22.5625 -77.0 1.9205439464328227 4
0001 0003 1710927596979 5.4375 -74.0 1.0246991663076084 4
0001 0011 1710927597227 -9.75 -65.0 5.595961914206819 4
0001 0014 1710927597227 26.0 -64.5 1.1658253987930873 4
0001 0008 1710927597227 -3.25 -61.5 1.6873788666742053 4
0001 0010 1710927597227 39.0 -63.0 0.2761165418194154 4
0001 0004 1710927597228 68.3125 -65.0 3.718369429834794 4
0001 0012 1710927597228 -13.0 -59.5 2.466641106920111 4
0001 0005 1710927597228 -91.125 -69.0 6.258641614573416 4
0001 0013 1710927597229 81.375 -72.0 5.957981380147831 4
0001 0007 1710927597229 87.875 -67.0 3.117048960983623 4
0001 0001 1710927597229 117.125 -70.5 5.608233760509904 4
0001 0003 1710927597230 -9.75 -73.5 4.319689898685965 4
0001 0002 1710927597230 5.4375 -77.0 1.521708941582556 4
0001 0010 1710927597356 -16.25 -62.5 0.3988350048502667 4
0001 0014 1710927597356 16.25 -65.0 1.2455923997631406 4
0001 0008 1710927597356 16.25 -61.0 1.7303303287350031 4
0001 0004 1710927597356 -94.375 -64.0 4.0987966652304335 4
0001 0011 1710927597357 -71.5625 -66.0 5.810719224510809 4
0001 0012 1710927597357 26.0 -59.5 2.5280003384355365 4
0001 0005 1710927597357 -17.0625 -69.0 0.1349903093339364 4
0001 0007 1710927597358 -6.5 -66.5 3.5711072741977725 4
0001 0001 1710927597358 87.875 -71.5 5.749359992995383 4
0001 0013 1710927597358 -42.3125 -70.5 0.05522330836388308 4
0001 0003 1710927597359 8.5 -73.5 4.448544284868359 4
0001 0002 1710927597359 29.25 -77.0 1.6812429435226628 4
0001 0012 1710927597360 10.5625 -59.0 2.552544031041707 4
0001 0008 1710927597360 39.0 -61.0 1.6996507129772904 4
0001 0010 1710927597362 16.25 -62.5 0.39269908169872414 4
0001 0014 1710927597362 9.75 -65.0 1.325359400733194 4
0001 0013 1710927597362 3.25 -71.5 6.2034183062095325 4
0001 0004 1710927597363 -84.625 -64.5 4.09266074207889 4
0001 0011 1710927597363 -13.0 -64.5 5.737088146692298 4
0001 0007 1710927597363 13.0 -67.5 3.6570101983193686 4
0001 0005 1710927597363 10.5625 -69.0 0.42337869745643697 4
0001 0001 1710927597363 -78.0625 -71.0 6.1420590746941075 4
0001 0003 1710927597475 3.0 -73.5 1.4480778637640452 4
0001 0002 1710927597475 2.4375 -77.0 1.859184714917397 4
0001 0015 1710927597688 -3.6875 -73.0 4.2031073588066565 4
0001 0007 1710927597688 -58.5625 -67.5 3.497476196379262 4
0001 0012 1710927597689 -22.75 -59.0 2.5402721847386216 4
0001 0011 1710927597689 55.3125 -65.0 5.50392306693368 4
0001 0008 1710927597689 -22.75 -61.5 1.564660403643354 4
0001 0010 1710927597690 29.25 -62.5 0.34974761963792617 4
0001 0014 1710927597690 -6.5 -65.0 1.3130875544301088 4
0001 0015 1710927597690 55.3125 -71.0 0.8099418560036186 4
0001 0001 1710927597691 42.3125 -70.5 6.050020227420969 4
0001 0004 1710927597691 29.25 -65.0 3.9269908169872414 4
0001 0005 1710927597691 0.0 -69.0 0.17794177139473438 4
0001 0003 1710927597692 -263.625 -72.0 5.497787143782138 4
0001 0000 1710927597693 -7.3125 -71.5 3.877903431774901 4
0001 0002 1710927597693 7.3125 -76.5 1.736466251886546 4
0001 0013 1710927597694 -18.25 -73.5 0.03681553890925539 4
0001 0008 1710927597694 -6.5 -61.0 1.4971652489763858 4
0001 0011 1710927597694 -84.625 -65.0 5.638913376267617 4
0001 0002 1710927597695 -182.25 -75.0 1.8223691760081417 4
0001 0001 1710927597695 -198.5625 -71.0 6.258641614573416 4
0001 0007 1710927597695 -87.875 -67.0 3.3870295796514958 4
0001 0005 1710927597696 107.375 -68.5 6.2034183062095325 4
0001 0000 1710927597696 100.875 -70.5 3.718369429834794 4
0001 0015 1710927597696 -84.625 -71.0 1.1658253987930873 4
0001 0003 1710927597697 -22.75 -72.0 5.056000676871073 4
0001 0004 1710927597697 -35.75 -64.0 3.9699422790480394 4
0001 0010 1710927597698 -9.75 -62.5 0.380427235395639 4
0001 0012 1710927597699 -68.3125 -59.0 2.6200391857086753 4
0001 0014 1710927597699 16.25 -65.0 1.2517283229146832 4
0001 0013 1710927597715 14.625 -73.5 6.043884304269426 4
0001 0005 1710927597939 65.875 -69.5 6.191146459906448 4
0001 0014 1710927597939 58.5625 -65.0 1.3008157081270237 4
0001 0010 1710927597940 6.5 -63.0 0.35588354278946877 4
0001 0012 1710927597940 3.25 -59.0 2.4850488763747385 4
0001 0015 1710927597940 19.5 -71.0 1.086058397823034 4
0001 0000 1710927597941 3.25 -70.0 3.810408277107933 4
0001 0004 1710927597941 16.25 -65.0 3.9392626632903265 4
0001 0011 1710927597941 26.0 -64.0 5.460971604872882 4
0001 0007 1710927597942 16.25 -66.0 3.1784081924990484 4
0001 0008 1710927597942 9.75 -60.5 1.4542137869155878 4
0001 0001 1710927597942 55.3125 -71.0 5.93343768754166 4
0001 0003 1710927597943 -130.1875 -72.5 5.154175447295755 4
0001 0013 1710927597943 -1.8125 -73.5 6.074563920027139 4
0001 0002 1710927597943 -28.0625 -76.5 5.129631754689584 4
0001 0014 1710927597944 0.0 -65.0 1.3744467859455345 4
0001 0005 1710927597944 87.0625 -68.0 6.160466844148735 4
0001 0004 1710927597944 -3.25 -65.0 4.000621894805752 4
0001 0011 1710927597945 -78.0625 -64.5 5.553010452146021 4
0001 0012 1710927597945 0.0 -59.0 2.4911847995262812 4
0001 0008 1710927597945 -3.25 -60.5 1.576932249946439 4
0001 0007 1710927597946 6.5 -66.0 3.141592653589793 4
0001 0010 1710927597946 3.25 -62.0 0.4111068511533518 4
0001 0003 1710927597946 -84.625 -71.5 4.908738521234052 4
0001 0001 1710927597947 -32.5 -70.0 6.031612457966341 4
0001 0015 1710927597947 45.5625 -72.5 0.859029241215959 4
0001 0000 1710927597948 0.0 -68.5 3.785864584501762 4
0001 0002 1710927597975 -7.3125 -77.0 1.846912868614312 4
0001 0013 1710927597975 -0.5625 -74.0 6.086835766330224 4
0001 0007 1710927598193 -42.3125 -66.0 3.0127382674073995 4
0001 0005 1710927598193 117.9375 -69.0 6.17273869045182 4
0001 0012 1710927598193 -3.25 -59.0 2.5341362615870793 4
0001 0011 1710927598194 -32.5 -66.0 5.553010452146021 4
0001 0008 1710927598194 22.75 -60.5 1.521708941582556 4
0001 0004 1710927598194 -78.0625 -65.0 4.264466590322082 4
0001 0015 1710927598194 -26.0 -71.0 0.9510680884890975 4
0001 0014 1710927598195 9.75 -64.5 1.2946797849754812 4
0001 0010 1710927598195 0.0 -62.5 0.4111068511533518 4
0001 0001 1710927598195 -29.25 -70.5 5.853670686571607 4
0001 0003 1710927598196 3.25 -73.5 4.9394181369917645 4
0001 0000 1710927598196 111.4375 -69.5 3.6386024288647407 4
0001 0013 1710927598196 -1.1875 -74.0 5.976389149602458 4
0001 0002 1710927598197 17.6875 -77.0 1.8346410223112268 4
0001 0007 1710927598198 26.0 -65.5 2.8838838812250054 4
0001 0004 1710927598198 -45.5625 -65.5 4.111068511533518 4
0001 0008 1710927598198 32.5 -60.5 1.4664856332186729 4
0001 0011 1710927598199 -42.3125 -64.5 5.47937937432751 4
0001 0000 1710927598199 -87.0625 -70.0 3.9822141253511245 4
0001 0012 1710927598199 16.25 -59.5 2.442097414313941 4
0001 0010 1710927598200 -16.25 -62.5 0.35588354278946877 4
0001 0014 1710927598200 -68.3125 -64.5 1.4971652489763858 4
0001 0005 1710927598200 -38.1875 -68.5 0.02454369260617026 4
0001 0003 1710927598201 13.0 -72.0 4.902602598082509 4
0001 0001 1710927598202 -45.5625 -71.0 6.062292073724054 4
0001 0015 1710927598202 -87.875 -71.0 1.1535535524900022 4
0001 0013 1710927598347 -3.625 -74.5 5.939573610693203 4
0001 0002 1710927598347 28.0625 -76.5 1.6935147898257479 4
0001 0015 1710927598347 -48.8125 -71.5 1.1106020904292042 4
0001 0008 1710927598347 16.25 -60.5 1.4664856332186729 4
0001 0001 1710927598348 -87.875 -70.5 6.129787228391022 4
0001 0003 1710927598348 -61.8125 -71.5 4.884194828627882 4
0001 0004 1710927598348 -45.5625 -65.5 4.1172044346850605 4
0001 0014 1710927598349 0.0 -65.5 1.380582709097077 4
0001 0011 1710927598349 -42.3125 -65.0 5.50392306693368 4
0001 0012 1710927598349 6.5 -59.5 2.5034566458293663 4
0001 0005 1710927598350 -90.3125 -67.5 0.01227184630308513 4
0001 0007 1710927598350 65.0625 -66.0 2.84706834231575 4
0001 0010 1710927598350 -22.75 -62.0 0.3374757733348411 4
0001 0000 1710927598351 21.125 -69.5 3.822680123411018 4
0001 0002 1710927598351 -7.875 -77.0 1.9819031779482483 4
0001 0013 1710927598351 14.0 -74.5 5.773903685601553 4
0001 0012 1710927598465 -6.5 -59.5 2.5157284921324514 4
0001 0008 1710927598465 39.0 -60.0 1.4173982480063325 4
0001 0004 1710927598466 -152.9375 -66.5 4.28287435977671 4
0001 0007 1710927598466 107.375 -65.5 2.767301341345697 4
0001 0003 1710927598467 68.3125 -72.5 4.81056375080937 4
0001 0010 1710927598467 26.0 -62.0 0.23316507975861744 4
0001 0011 1710927598467 68.3125 -64.0 5.307573526084319 4
0001 0014 1710927598468 -9.75 -64.5 1.4296700943094176 4
0001 0001 1710927598468 29.25 -70.5 5.927301764390117 4
0001 0000 1710927598468 -34.9375 -69.0 3.9576704327449543 4
0001 0002 1710927598468 -91.125 -75.5 1.902136176978195 4
0001 0005 1710927598469 -35.75 -66.5 6.1420590746941075 4
0001 0015 1710927598469 113.875 -72.0 0.8958447801252144 4
0001 0013 1710927598692 18.875 -74.0 5.700272607783043 4
0001 0005 1710927598693 -107.375 -68.0 0.05522330836388308 4
0001 0012 1710927598693 13.0 -59.0 2.4850488763747385 4
0001 0003 1710927598693 42.3125 -73.5 4.767612288748572 4
0001 0011 1710927598694 19.5 -64.5 5.325981295538946 4
0001 0004 1710927598694 -9.75 -65.5 4.123340357836604 4
0001 0015 1710927598694 -182.25 -72.0 1.282407938672396 4
0001 0001 1710927598696 188.75 -70.5 5.638913376267617 4
0001 0007 1710927598696 -65.0625 -65.5 3.043417883165112 4
0001 0010 1710927598696 -13.0 -62.0 0.2086213871524472 4
0001 0008 1710927598696 -16.25 -60.5 1.5033011721279284 4
0001 0014 1710927598697 100.875 -64.0 1.3130875544301088 4
0001 0000 1710927598697 -65.875 -69.0 4.025165587411922 4
0001 0002 1710927598697 -169.25 -75.0 2.000310947402876 4
0001 0013 1710927598698 4.875 -74.5 5.792311455056181 4
0001 0008 1710927598698 13.0 -60.0 1.4051264017032472 4
0001 0004 1710927598698 -65.0625 -65.5 4.184699589352029 4
0001 0007 1710927598699 159.5 -66.0 2.6691265709210157 4
0001 0012 1710927598699 -30.875 -59.0 2.5770877236478773 4
0001 0000 1710927598699 -10.5625 -69.5 3.859495662320273 4
0001 0001 1710927598700 -6.5 -71.0 5.822991070813893 4
0001 0010 1710927598700 16.25 -62.5 0.1902136176978195 4
0001 0005 1710927598700 21.125 -67.5 6.135923151542564 4
0001 0015 1710927598701 -52.0625 -71.0 1.282407938672396 4
0001 0003 1710927598702 120.4375 -72.0 4.583534594202296 4
0001 0011 1710927598702 48.8125 -65.0 5.227806525114265 4
0001 0014 1710927598702 -22.75 -64.5 1.5155730184310134 4
