0001 0010 1710927640368 42.3125 -59.5 1.3130875544301088 4
0001 0015 1710927640377 9.75 -62.5 2.024854640009046 4
0001 0008 1710927640377 -26.0 -57.5 4.534447208989955 4
0001 0014 1710927640378 0.0 -60.5 6.056156150572511 4
0001 0004 1710927640378 52.0625 -59.0 2.6200391857086753 4
0001 0011 1710927640379 -6.5 -55.0 2.761165418194154 4
0001 0012 1710927640379 -45.5625 -52.5 3.730641276137879 4
0001 0005 1710927640380 29.25 -58.0 0.06135923151542565 4
0001 0009 1710927640380 10.5625 -58.0 1.368310862793992 4
0001 0007 1710927640381 -78.0625 -63.0 3.442252888015379 4
0001 0006 1710927640381 68.3125 -62.5 1.6996507129772904 4
0001 0000 1710927640382 -7.3125 -62.5 5.166447293598839 4
0001 0013 1710927640383 -29.25 -66.5 0.859029241215959 4
0001 0002 1710927640383 3.625 -75.5 0.5338253141842031 4
0001 0008 1710927640383 -13.0 -57.5 4.509903516383785 4
0001 0004 1710927640384 -22.75 -59.0 2.7550294950426117 4
0001 0007 1710927640384 39.0 -63.0 3.2397674240144743 4
0001 0011 1710927640385 9.75 -54.5 2.767301341345697 4
0001 0015 1710927640385 61.8125 -62.5 1.9205439464328227 4
0001 0010 1710927640386 29.25 -59.5 1.3008157081270237 4
0001 0009 1710927640386 7.3125 -58.0 1.3744467859455345 4
0001 0012 1710927640399 -16.25 -52.5 3.7429131224409646 4
0001 0014 1710927640400 -6.5 -61.0 6.031612457966341 4
0001 0005 1710927640402 6.5 -58.5 0.17794177139473438 4
0001 0000 1710927640403 -6.5 -62.0 5.295301679781233 4
0001 0006 1710927640404 87.875 -62.5 1.5401167110371838 4
0001 0013 1710927640405 22.75 -66.0 0.8467573949128739 4
0001 0002 1710927640443 15.8125 -75.5 0.5706408530934585 4
0001 0014 1710927640587 -6.5 -60.5 6.068427996875596 4
0001 0011 1710927640588 -6.5 -55.0 2.705942109830271 4
0001 0013 1710927640589 110.625 -67.5 0.47860200582032003 4
0001 0000 1710927640590 -9.75 -62.5 5.307573526084319 4
0001 0009 1710927640591 69.125 -58.5 1.2517283229146832 4
0001 0005 1710927640592 -16.25 -58.0 0.12885438618239387 4
0001 0006 1710927640593 13.0 -62.5 1.6996507129772904 4
0001 0012 1710927640594 -3.25 -52.5 3.6570101983193686 4
0001 0007 1710927640596 32.5 -63.0 3.1968159619536762 4
0001 0010 1710927640596 32.5 -59.0 1.2517283229146832 4
0001 0008 1710927640597 -39.0 -58.0 4.552854978444583 4
0001 0015 1710927640598 139.9375 -62.5 1.8039614065535141 4
0001 0004 1710927640602 3.25 -59.0 2.705942109830271 4
0001 0002 1710927640603 5.6875 -74.5 3.650874275167826 4
0001 0006 1710927640604 39.0 -63.0 1.6137477888556946 4
0001 0005 1710927640604 -16.25 -58.0 0.1043106935762236 4
0001 0011 1710927640605 19.5 -55.0 2.6323110320117604 4
0001 0000 1710927640606 -13.8125 -62.5 5.252350217720435 4
0001 0013 1710927640607 146.4375 -67.0 0.5031456984264903 4
0001 0015 1710927640608 -6.5 -63.0 2.061670178918302 4
0001 0009 1710927640609 34.9375 -58.0 1.282407938672396 4
0001 0012 1710927640610 -24.375 -52.5 3.6754179677739964 4
0001 0010 1710927640610 19.5 -59.5 1.2578642460662257 4
0001 0004 1710927640611 42.3125 -59.5 2.6200391857086753 4
0001 0008 1710927640612 -9.75 -57.5 4.509903516383785 4
0001 0007 1710927640613 3.25 -62.5 3.141592653589793 4
0001 0014 1710927640614 3.25 -61.0 6.074563920027139 4
0001 0002 1710927640692 -6.6875 -76.0 0.5829126993965437 4
0001 0005 1710927640849 -6.5 -58.0 0.0 4
0001 0004 1710927640850 -32.5 -59.5 2.742757648739526 4
0001 0012 1710927640851 -13.0 -52.5 3.6570101983193686 4
0001 0010 1710927640852 0.0 -59.5 1.2946797849754812 4
0001 0006 1710927640853 9.75 -63.0 1.6505633277649499 4
0001 0011 1710927640854 -6.5 -55.0 2.6691265709210157 4
0001 0014 1710927640855 9.75 -61.0 6.086835766330224 4
0001 0007 1710927640856 -13.0 -62.0 3.129320807286708 4
0001 0013 1710927640857 81.375 -67.0 0.6013204688511713 4
0001 0008 1710927640858 -9.75 -57.5 4.466952054322987 4
0001 0009 1710927640858 30.875 -57.5 1.3008157081270237 4
0001 0000 1710927640859 -24.375 -62.0 5.21553467881118 4
0001 0015 1710927640860 -22.75 -62.0 2.012582793705961 4
0001 0002 1710927640873 -52.0625 -75.0 0.6013204688511713 4
0001 0008 1710927640874 -9.75 -57.5 4.460816131171445 4
0001 0010 1710927640875 61.8125 -59.0 1.2210487071569704 4
0001 0007 1710927640876 -13.0 -62.5 3.227495577711389 4
0001 0000 1710927640877 -6.5 -62.0 5.178719139901925 4
0001 0012 1710927640878 -10.5625 -52.5 3.6692820446224537 4
0001 0014 1710927640879 45.5625 -61.0 6.074563920027139 4
0001 0011 1710927640880 3.25 -55.0 2.6875343403756435 4
0001 0015 1710927640881 39.0 -63.0 2.012582793705961 4
0001 0005 1710927640881 16.25 -58.0 6.264777537724958 4
0001 0013 1710927640882 -9.75 -67.0 0.8099418560036186 4
0001 0004 1710927640884 -26.0 -59.5 2.675262494072558 4
0001 0009 1710927640885 17.0625 -57.5 1.3437671701878218 4
0001 0006 1710927640886 48.8125 -62.5 1.607611865704152 4
0001 0002 1710927640942 10.5625 -75.5 0.4203107358806657 4
0001 0011 1710927641101 35.75 -54.5 2.6813984172241008 4
0001 0008 1710927641102 -16.25 -58.0 4.473087977474529 4
0001 0014 1710927641103 29.25 -61.0 6.080699843178682 4
0001 0000 1710927641103 -55.3125 -62.0 5.209398755659637 4
0001 0005 1710927641104 -17.0625 -58.0 0.04295146206079795 4
0001 0012 1710927641105 13.8125 -52.5 3.650874275167826 4
0001 0015 1710927641106 3.25 -63.0 2.043262409463674 4
0001 0010 1710927641107 58.5625 -60.0 1.2517283229146832 4
0001 0004 1710927641107 22.75 -59.0 2.6200391857086753 4
0001 0009 1710927641108 13.8125 -58.0 1.3437671701878218 4
0001 0006 1710927641109 6.5 -63.0 1.6137477888556946 4
0001 0013 1710927641110 58.5625 -66.5 0.8283496254582462 4
0001 0007 1710927641110 32.5 -63.0 3.1906800388021335 4
0001 0002 1710927641111 18.875 -75.5 0.380427235395639 4
0001 0003 1710927641112 1.125 -76.0 0.5829126993965437 4
0001 0000 1710927641113 -32.5 -62.5 5.154175447295755 4
0001 0015 1710927641114 -3.25 -62.5 2.067806102069844 4
0001 0008 1710927641115 13.0 -58.0 4.411728745959104 4
0001 0007 1710927641115 -6.5 -62.5 3.2827188860752723 4
0001 0012 1710927641116 -7.3125 -52.5 3.6754179677739964 4
0001 0011 1710927641117 13.0 -55.0 2.761165418194154 4
0001 0005 1710927641118 7.3125 -58.0 0.07976700097005335 4
0001 0013 1710927641119 -126.9375 -65.5 1.1780972450961724 4
0001 0006 1710927641119 -22.75 -63.0 1.705786636128833 4
0001 0009 1710927641121 17.0625 -58.0 1.3314953238847365 4
0001 0014 1710927641122 -3.25 -60.5 6.062292073724054 4
0001 0004 1710927641122 19.5 -59.5 2.5954954931025047 4
0001 0010 1710927641123 52.0625 -59.5 1.2517283229146832 4
0001 0002 1710927641124 0.0 -73.0 0.28225246497095796 4
0001 0009 1710927641345 27.625 -58.5 1.3499030933393643 4
0001 0014 1710927641346 68.3125 -60.5 6.013204688511713 4
0001 0005 1710927641347 -9.75 -58.0 0.09203884727313846 4
0001 0013 1710927641348 71.5625 -67.0 0.9878836273983529 4
0001 0004 1710927641348 -13.0 -59.5 2.6568547246179306 4
0001 0012 1710927641349 -35.75 -52.5 3.7551849687440497 4
0001 0010 1710927641350 -16.25 -59.5 1.368310862793992 4
0001 0015 1710927641351 -13.0 -62.5 2.116893487282185 4
0001 0008 1710927641351 -9.75 -58.0 4.448544284868359 4
0001 0011 1710927641352 -3.25 -55.0 2.816388726558037 4
0001 0000 1710927641366 -38.1875 -62.5 5.203262832508095 4
0001 0007 1710927641367 -26.0 -62.5 3.368621810196868 4
0001 0006 1710927641368 45.5625 -62.5 1.607611865704152 4
0001 0002 1710927641369 18.6875 -75.5 0.260776733940559 4
0001 0003 1710927641370 3.25 -76.0 0.5460971604872883 4
0001 0000 1710927641370 24.375 -62.0 5.080544369477243 4
0001 0008 1710927641371 -16.25 -58.0 4.473087977474529 4
0001 0009 1710927641372 3.25 -58.0 1.3192234775816514 4
0001 0005 1710927641373 -3.25 -58.0 0.06135923151542565 4
0001 0011 1710927641373 19.5 -55.0 2.8654761117703775 4
0001 0012 1710927641374 -27.625 -52.5 3.859495662320273 4
0001 0013 1710927641375 143.1875 -68.0 0.705631162427395 4
0001 0015 1710927641388 26.0 -62.5 2.1353012567368124 4
0001 0014 1710927641388 -16.25 -60.5 6.154330920997192 4
0001 0010 1710927641389 6.5 -59.0 1.325359400733194 4
0001 0006 1710927641390 13.0 -62.0 1.6812429435226628 4
0001 0004 1710927641390 32.5 -59.0 2.6384469551633027 4
0001 0007 1710927641391 -32.5 -63.0 3.313398501832985 4
0001 0002 1710927641442 -22.5625 -75.5 0.4663301595172349 4
0001 0003 1710927641535 1.75 -76.0 0.6258641614573416 4
0001 0011 1710927641536 -9.75 -55.5 2.779573187648782 4
0001 0014 1710927641537 29.25 -59.5 6.17273869045182 4
0001 0013 1710927641537 162.75 -68.0 0.46019423636569234 4
0001 0005 1710927641538 -35.75 -58.0 0.0859029241215959 4
0001 0009 1710927641539 7.3125 -57.5 1.1290098598838318 4
0001 0012 1710927641539 3.25 -52.5 4.227651051412827 4
0001 0004 1710927641540 6.5 -58.5 2.724349879284899 4
0001 0007 1710927641541 -16.25 -62.5 3.4054373491061236 4
0001 0010 1710927641542 22.75 -57.5 1.282407938672396 4
0001 0000 1710927641542 32.5 -62.5 5.209398755659637 4
0001 0008 1710927641543 -6.5 -57.5 4.466952054322987 4
0001 0006 1710927641544 61.8125 -63.0 1.5585244804918115 4
0001 0015 1710927641544 3.25 -61.5 2.141437179888355 4
0001 0002 1710927641545 9.125 -75.5 0.9387962421860124 4
0001 0001 1710927641546 -6.6875 -80.0 1.1228739367322893 4
0001 0005 1710927641701 -30.875 -57.0 6.2463697682703305 4
0001 0014 1710927641701 9.75 -59.5 6.105243535784852 4
0001 0007 1710927641702 9.75 -59.5 2.7857091108003242 4
0001 0015 1710927641702 3.25 -61.0 2.1230294104337273 4
0001 0011 1710927641704 -9.75 -56.0 1.9696313316451632 4
0001 0010 1710927641705 45.5625 -59.0 0.6320000846088841 4
0001 0009 1710927641705 -7.3125 -54.0 1.0615147052168636 4
0001 0006 1710927641706 91.125 -66.0 1.1044661672776617 4
0001 0012 1710927641707 -29.25 -54.0 3.9392626632903265 4
0001 0008 1710927641708 -22.75 -56.0 4.4976316700806995 4
0001 0013 1710927641709 185.5 -71.5 0.4295146206079795 4
0001 0000 1710927641709 62.625 -63.0 5.626641529964532 4
0001 0004 1710927641710 42.3125 -59.5 2.5157284921324514 4
0001 0002 1710927641711 -87.875 -73.0 1.521708941582556 4
0001 0015 1710927641839 -19.5 -61.0 2.172116795646068 4
0001 0009 1710927641839 0.0 -52.5 0.3313398501832985 4
0001 0010 1710927641840 29.25 -59.5 5.264622064023521 4
0001 0013 1710927641840 -139.9375 -68.0 3.9822141253511245 4
0001 0014 1710927641841 32.5 -59.0 6.14819499784565 4
0001 0000 1710927641842 -7.3125 -64.0 0.0859029241215959 4
0001 0012 1710927641842 13.8125 -54.5 3.2213596545598464 4
0001 0011 1710927641843 19.5 -59.5 0.7853981633974483 4
0001 0007 1710927641844 19.5 -56.0 1.6689710972195777 4
0001 0004 1710927641844 81.375 -61.0 2.2089323345553233 4
0001 0006 1710927641845 166.0 -70.5 5.976389149602458 4
0001 0008 1710927641846 -13.0 -56.5 3.9147189706841563 4
0001 0005 1710927641846 -3.25 -54.5 5.786175531904639 4
0001 0002 1710927641847 -8.9375 -74.0 5.6665250304495585 4
0001 0015 1710927641848 6.5 -61.5 2.1230294104337273 4
0001 0014 1710927641849 -13.0 -59.0 0.19634954084936207 4
0001 0011 1710927641850 -39.0 -61.0 3.9515345095934116 4
0001 0007 1710927641850 0.0 -58.5 0.12885438618239387 4
0001 0005 1710927641851 -9.75 -56.0 5.166447293598839 4
0001 0010 1710927641852 9.75 -53.5 1.8530487917658545 4
0001 0009 1710927641853 -17.0625 -59.0 5.589825991055276 4
0001 0012 1710927641853 19.5 -54.0 2.1230294104337273 4
0001 0008 1710927641854 -13.0 -55.0 1.7671458676442586 4
0001 0004 1710927641854 84.625 -68.0 1.141281706186917 4
0001 0013 1710927641856 -6.5 -65.0 2.8838838812250054 4
0001 0000 1710927641857 -6.5 -60.5 5.896622148632405 4
0001 0006 1710927641942 21.3125 -75.5 3.5588354278946874 4
0001 0002 1710927641943 5.4375 -76.0 5.798447378207723 4
0001 0011 1710927642084 6.5 -62.5 0.7669903939428205 4
0001 0014 1710927642085 22.75 -60.0 6.270913460876501 4
0001 0008 1710927642085 6.5 -54.0 0.5583690067903734 4
0001 0012 1710927642086 0.0 -56.5 0.4049709280018093 4
0001 0000 1710927642087 -17.0625 -58.5 5.890486225480862 4
0001 0010 1710927642087 22.75 -56.5 6.0991076126333095 4
0001 0007 1710927642088 182.25 -70.5 1.1228739367322893 4
0001 0013 1710927642089 -9.75 -69.0 4.154019973594316 4
0001 0015 1710927642089 -130.1875 -69.0 0.1043106935762236 4
0001 0003 1710927642090 -81.375 -69.5 0.09203884727313846 4
0001 0004 1710927642091 -68.3125 -66.5 5.632777453116074 4
0001 0005 1710927642091 10.5625 -60.5 1.8407769454627694 4
0001 0009 1710927642092 -59.375 -63.5 0.1349903093339364 4
0001 0002 1710927642093 4.875 -74.0 5.617437645237218 4
0001 0010 1710927642093 -6.5 -60.5 5.6573211457222445 4
0001 0000 1710927642095 -7.3125 -65.0 4.442408361716817 4
0001 0014 1710927642095 -3.25 -60.5 0.25770877236478773 4
0001 0013 1710927642097 -45.5625 -63.0 4.97623367590102 4
0001 0011 1710927642098 97.625 -65.5 5.313709449235861 4
0001 0012 1710927642098 -10.5625 -58.0 0.25770877236478773 4
0001 0005 1710927642099 24.375 -57.5 0.34974761963792617 4
0001 0009 1710927642099 30.875 -66.0 5.583690067903734 4
0001 0007 1710927642100 -45.5625 -63.5 4.853515212870168 4
0001 0004 1710927642101 9.75 -68.0 0.030679615757712823 4
0001 0015 1710927642101 -9.75 -70.5 0.018407769454627694 4
0001 0002 1710927642102 29.25 -73.5 1.8407769454627694 4
0001 0001 1710927642103 -65.0625 -71.0 3.5281558121369745 4
0001 0008 1710927642191 -2.125 -65.5 4.295146206079795 4
0001 0015 1710927642361 -42.3125 -70.5 5.798447378207723 4
0001 0000 1710927642361 10.5625 -69.0 3.0802334220743677 4
0001 0008 1710927642363 19.5 -61.0 0.7915340865489908 4
0001 0007 1710927642364 3.25 -64.5 3.472932503773092 4
0001 0014 1710927642364 -6.5 -62.0 0.3988350048502667 4
0001 0012 1710927642365 -7.3125 -59.5 0.3988350048502667 4
0001 0011 1710927642366 -6.5 -66.0 4.994641445355648 4
0001 0005 1710927642366 13.0 -65.0 0.2086213871524472 4
0001 0013 1710927642367 32.5 -62.5 5.178719139901925 4
0001 0010 1710927642368 -55.3125 -65.0 5.295301679781233 4
0001 0004 1710927642368 65.0625 -65.5 1.7241944055834606 4
0001 0002 1710927642369 -1.1875 -79.0 0.9019807032767571 4
0001 0001 1710927642371 5.3125 -76.0 5.0253210611133605 4
0001 0001 1710927642372 -5.8125 -75.5 5.252350217720435 4
0001 0015 1710927642372 -65.0625 -69.5 5.755495916146925 4
0001 0008 1710927642373 -22.75 -60.5 0.7301748550335652 4
0001 0013 1710927642374 35.75 -62.5 5.037592907416445 4
0001 0006 1710927642374 136.6875 -73.5 5.773903685601553 4
0001 0004 1710927642375 -35.75 -65.0 2.2457478734645786 4
0001 0010 1710927642375 78.0625 -65.5 4.841243366567084 4
0001 0007 1710927642376 6.5 -65.0 2.9084275738311756 4
0001 0014 1710927642377 16.25 -62.0 0.4049709280018093 4
0001 0012 1710927642378 13.8125 -60.0 0.3129320807286708 4
0001 0011 1710927642379 52.0625 -67.0 4.914874444385594 4
0001 0000 1710927642442 3.9375 -72.0 5.21553467881118 4
0001 0005 1710927642443 7.875 -73.5 0.28838838812250056 4
0001 0002 1710927642443 -5.625 -79.0 3.724505352986337 4
0001 0001 1710927642648 -4.6875 -75.5 5.184855063053467 4
0001 0000 1710927642649 -58.5625 -70.0 2.442097414313941 4
0001 0014 1710927642649 -26.0 -63.0 0.4356505437595221 4
0001 0005 1710927642650 39.0 -68.5 0.14112623248547898 4
0001 0015 1710927642650 -61.8125 -69.5 5.945709533844745 4
0001 0013 1710927642651 3.25 -62.0 5.148039524144211 4
0001 0011 1710927642651 -52.0625 -66.0 5.184855063053467 4
0001 0004 1710927642652 87.875 -66.0 2.0800779483729293 4
0001 0010 1710927642652 -107.375 -64.5 5.264622064023521 4
0001 0007 1710927642653 29.25 -64.5 3.098641191528995 4
0001 0006 1710927642654 113.875 -72.0 5.626641529964532 4
0001 0012 1710927642654 24.375 -60.5 0.3190680038802134 4
0001 0008 1710927642656 -29.25 -60.5 0.7976700097005334 4
0001 0002 1710927642657 -5.4375 -78.0 0.7117670855789375 4
0001 0001 1710927642657 6.125 -75.5 5.540738605842936 4
0001 0007 1710927642658 -35.75 -63.5 3.54042765844006 4
0001 0010 1710927642658 -58.5625 -64.0 5.227806525114265 4
0001 0014 1710927642659 32.5 -62.5 0.4049709280018093 4
0001 0012 1710927642659 -21.125 -60.5 0.5829126993965437 4
0001 0011 1710927642660 -81.375 -66.0 5.375068680751287 4
0001 0004 1710927642660 -32.5 -66.5 2.1659808724945253 4
0001 0013 1710927642661 -32.5 -62.0 5.190990986205009 4
0001 0005 1710927642661 -26.0 -65.0 0.3436116964863836 4
0001 0008 1710927642662 45.5625 -60.5 0.8283496254582462 4
0001 0000 1710927642662 -52.0625 -69.0 2.662990647769473 4
0001 0015 1710927642663 205.0625 -70.0 5.620505606812989 4
0001 0006 1710927642663 286.4375 -72.5 5.418020142812084 4
0001 0002 1710927642696 26.8125 -78.0 0.7117670855789375 4
0001 0001 1710927642924 -4.6875 -75.5 5.921165841238575 4
0001 0005 1710927642924 22.75 -65.0 0.3988350048502667 4
0001 0010 1710927642924 42.3125 -64.0 5.098952138931871 4
0001 0012 1710927642925 3.25 -60.5 0.5829126993965437 4
0001 0015 1710927642925 -35.75 -70.0 6.007068765360171 4
0001 0007 1710927642926 -22.75 -64.5 3.718369429834794 4
0001 0008 1710927642927 29.25 -60.0 0.9203884727313847 4
0001 0011 1710927642927 0.0 -66.0 5.307573526084319 4
0001 0014 1710927642928 13.0 -63.0 0.4479223900626072 4
0001 0006 1710927642928 -84.625 -73.0 6.12365130523948 4
0001 0000 1710927642929 19.5 -68.0 2.693670263527186 4
0001 0013 1710927642929 -13.0 -62.5 5.252350217720435 4
0001 0004 1710927642930 39.0 -67.5 2.110757564130642 4
0001 0002 1710927642930 -7.875 -78.5 0.859029241215959 4
0001 0014 1710927642931 6.5 -63.0 0.4908738521234052 4
0001 0010 1710927642931 68.3125 -64.0 5.098952138931871 4
0001 0013 1710927642932 3.25 -62.0 5.295301679781233 4
0001 0015 1710927642932 -185.5 -69.0 0.07976700097005335 4
0001 0000 1710927642932 -97.625 -68.5 2.6691265709210157 4
0001 0011 1710927642933 126.9375 -66.5 5.3198453723874035 4
0001 0007 1710927642933 -19.5 -64.0 3.6876898140770815 4
0001 0012 1710927642934 17.0625 -61.5 0.5890486225480862 4
0001 0008 1710927642935 16.25 -60.0 0.9633399347921826 4
0001 0005 1710927642935 -13.0 -65.0 0.4172427743048944 4
0001 0004 1710927642936 110.625 -67.0 2.098485717827557 4
0001 0006 1710927642940 -8.125 -73.0 5.915029918087033 4
0001 0002 1710927643182 2.875 -79.0 0.7363107781851077 4
0001 0013 1710927643183 32.5 -62.5 5.258486140871978 4
0001 0010 1710927643183 -22.75 -64.0 5.086680292628786 4
0001 0014 1710927643184 78.0625 -63.0 0.4111068511533518 4
0001 0006 1710927643184 169.25 -71.0 5.589825991055276 4
0001 0005 1710927643185 26.0 -65.5 0.4356505437595221 4
0001 0015 1710927643185 -13.0 -70.5 5.982525072754001 4
0001 0008 1710927643186 48.8125 -60.0 0.9387962421860124 4
0001 0012 1710927643187 -39.0 -61.0 0.7485826244881929 4
0001 0000 1710927643187 -48.8125 -68.5 2.6875343403756435 4
0001 0007 1710927643188 -16.25 -63.5 3.693825737228624 4
0001 0011 1710927643188 -126.9375 -67.5 5.565282298449106 4
0001 0004 1710927643189 136.6875 -66.5 2.012582793705961 4
0001 0002 1710927643189 -19.8125 -79.0 0.9326603190344698 4
0001 0001 1710927643190 0.25 -75.5 5.0682725231741586 4
0001 0015 1710927643190 -78.0625 -70.5 6.1420590746941075 4
0001 0008 1710927643191 13.0 -60.0 0.9572040116406401 4
0001 0000 1710927643191 -97.625 -68.5 2.767301341345697 4
0001 0007 1710927643192 -13.0 -64.0 3.6263305825616556 4
0001 0011 1710927643192 35.75 -67.0 5.3198453723874035 4
0001 0012 1710927643193 -7.3125 -61.0 0.7301748550335652 4
0001 0014 1710927643193 19.5 -62.5 0.4970097752749477 4
0001 0006 1710927643194 -26.0 -71.5 5.976389149602458 4
0001 0005 1710927643194 35.75 -65.5 0.44178646691106466 4
0001 0010 1710927643195 -74.8125 -63.5 5.154175447295755 4
0001 0013 1710927643196 -58.5625 -62.0 5.424156065963627 4
0001 0004 1710927643196 94.375 -67.0 2.110757564130642 4
0001 0002 1710927643424 39.625 -78.0 0.28838838812250056 4
0001 0001 1710927643424 0.25 -75.5 5.080544369477243 4
0001 0011 1710927643425 19.5 -67.5 5.43029198911517 4
0001 0007 1710927643425 61.8125 -63.5 3.54042765844006 4
0001 0000 1710927643426 -65.875 -68.5 2.7550294950426117 4
0001 0010 1710927643426 58.5625 -63.5 5.129631754689584 4
0001 0008 1710927643427 52.0625 -60.0 0.9142525495798421 4
0001 0015 1710927643427 -19.5 -70.5 5.964117303299373 4
0001 0005 1710927643428 -26.0 -65.0 0.6013204688511713 4
0001 0004 1710927643428 78.0625 -66.5 2.1046216409791 4
0001 0014 1710927643429 74.8125 -63.0 0.42337869745643697 4
0001 0012 1710927643430 7.3125 -61.0 0.6749515466696822 4
0001 0013 1710927643430 -32.5 -62.5 5.43029198911517 4
0001 0006 1710927643431 71.5625 -73.0 6.074563920027139 4
0001 0001 1710927643431 5.75 -76.0 5.086680292628786 4
0001 0002 1710927643432 -0.25 -79.0 4.000621894805752 4
0001 0008 1710927643650 26.0 -59.5 0.9694758579437253 4
0001 0013 1710927643651 45.5625 -62.5 5.2768939103266055 4
0001 0012 1710927643652 -10.5625 -61.0 0.7301748550335652 4
0001 0010 1710927643652 35.75 -63.5 5.166447293598839 4
0001 0014 1710927643653 52.0625 -62.5 0.380427235395639 4
0001 0000 1710927643654 74.8125 -68.0 2.552544031041707 4
0001 0007 1710927643654 32.5 -63.0 3.5158839658338894 4
0001 0005 1710927643655 19.5 -66.0 0.5645049299419159 4
0001 0004 1710927643655 74.8125 -67.0 2.018718716857504 4
0001 0011 1710927643656 -61.8125 -67.0 5.47937937432751 4
0001 0015 1710927643656 -35.75 -70.5 6.050020227420969 4
0001 0006 1710927643657 -16.25 -75.5 6.0899037279059955 4
0001 0001 1710927643657 10.9375 -75.0 4.988505522204105 4
0001 0002 1710927643658 -8.8125 -78.5 0.8897088569736719 4
0001 0004 1710927643658 61.8125 -67.5 1.945087639038993 4
0001 0010 1710927643659 -35.75 -63.5 5.375068680751287 4
0001 0013 1710927643659 -19.5 -63.0 5.424156065963627 4
0001 0014 1710927643660 42.3125 -62.5 0.4540583132141498 4
0001 0005 1710927643660 -73.1875 -65.5 0.7240389318820226 4
0001 0012 1710927643661 -13.8125 -61.0 0.7547185476397354 4
0001 0008 1710927643661 -9.75 -59.5 1.030835089459151 4
0001 0011 1710927643670 -42.3125 -67.0 5.473243451175968 4
0001 0007 1710927643671 16.25 -63.5 3.497476196379262 4
0001 0000 1710927643671 24.375 -68.5 2.6384469551633027 4
0001 0015 1710927643672 13.0 -70.5 6.12365130523948 4
0001 0002 1710927643692 -29.875 -77.5 1.1228739367322893 4
0001 0006 1710927643692 1.1875 -76.5 6.056156150572511 4
0001 0001 1710927643693 2.4375 -75.0 1.846912868614312 4
0001 0011 1710927643930 42.3125 -67.0 5.2339424482658075 4
0001 0005 1710927643930 -41.5 -66.5 0.6504078540635119 4
0001 0013 1710927643931 3.25 -62.5 5.375068680751287 4
0001 0012 1710927643932 42.3125 -60.5 0.7485826244881929 4
0001 0010 1710927643932 -48.8125 -63.5 5.424156065963627 4
0001 0004 1710927643933 -71.5625 -67.0 2.227340104009951 4
0001 0007 1710927643933 6.5 -64.0 3.356349963893783 4
0001 0014 1710927643934 61.8125 -63.0 0.4295146206079795 4
0001 0000 1710927643934 81.375 -68.5 2.5586799541932495 4
0001 0008 1710927643935 16.25 -59.5 0.944932165337555 4
0001 0015 1710927643935 -113.875 -70.0 6.191146459906448 4
0001 0001 1710927643936 -1.1875 -75.0 4.921010367537137 4
0001 0002 1710927643936 1.1875 -77.5 0.9510680884890975 4
0001 0006 1710927643937 2.5625 -76.5 0.06135923151542565 4
0001 0008 1710927643937 3.25 -60.0 0.9326603190344698 4
0001 0014 1710927643938 -29.25 -62.5 0.5154175447295755 4
0001 0004 1710927643938 172.5 -66.5 1.7794177139473437 4
0001 0010 1710927643939 -16.25 -63.5 5.534602682691394 4
0001 0007 1710927643939 -16.25 -65.0 3.215223731408304 4
0001 0000 1710927643940 -100.875 -69.0 2.9329712664373457 4
0001 0015 1710927643940 42.3125 -70.5 6.154330920997192 4
0001 0005 1710927643940 16.25 -69.0 0.47860200582032003 4
0001 0011 1710927643941 35.75 -66.0 5.184855063053467 4
0001 0012 1710927643941 29.25 -60.5 0.8713010875190442 4
0001 0013 1710927643942 39.0 -62.5 5.227806525114265 4
0001 0001 1710927644191 -9.75 -75.0 4.853515212870168 4
0001 0002 1710927644192 10.9375 -77.5 1.1228739367322893 4
0001 0011 1710927644193 -185.5 -67.0 5.473243451175968 4
0001 0008 1710927644193 35.75 -60.0 0.6504078540635119 4
0001 0000 1710927644193 -16.25 -68.5 2.773437264497239 4
0001 0012 1710927644194 24.375 -61.0 0.9510680884890975 4
0001 0013 1710927644194 -19.5 -62.5 5.350524988145116 4
0001 0005 1710927644195 -17.0625 -69.5 0.4111068511533518 4
0001 0014 1710927644195 0.0 -62.0 0.4908738521234052 4
0001 0004 1710927644195 -26.0 -67.5 2.012582793705961 4
0001 0010 1710927644196 -58.5625 -63.5 5.66959299202533 4
0001 0007 1710927644196 113.875 -64.5 2.6691265709210157 4
0001 0015 1710927644197 -126.9375 -70.0 6.264777537724958 4
0001 0001 1710927644197 -1.1875 -75.0 1.6751070203711202 4
0001 0002 1710927644197 5.4375 -76.5 1.2640001692177683 4
0001 0013 1710927644198 -48.8125 -62.5 5.411884219660542 4
0001 0011 1710927644198 -65.0625 -66.5 5.344389064993574 4
0001 0007 1710927644199 26.0 -64.5 2.7857091108003242 4
0001 0014 1710927644199 16.25 -62.5 0.39269908169872414 4
0001 0008 1710927644199 6.5 -60.0 0.6933593161243098 4
0001 0010 1710927644200 -13.0 -63.0 5.608233760509904 4
0001 0005 1710927644200 22.75 -68.5 0.23930100291016002 4
0001 0012 1710927644201 27.625 -60.5 0.9694758579437253 4
0001 0004 1710927644201 133.4375 -67.0 1.5892040962495242 4
0001 0000 1710927644202 -58.5625 -67.5 2.8961557275280905 4
0001 0015 1710927644202 -78.0625 -70.5 6.240233845118788 4
0001 0002 1710927644442 10.375 -76.5 1.2210487071569704 4
0001 0001 1710927644442 15.25 -75.5 1.8407769454627694 4
0001 0007 1710927644443 -16.25 -64.5 2.834796496012665 4
0001 0015 1710927644443 -136.6875 -69.5 6.252505691421874 4
0001 0013 1710927644444 -81.375 -62.0 5.405748296509 4
0001 0008 1710927644444 3.25 -60.0 0.6933593161243098 4
0001 0010 1710927644444 16.25 -63.0 5.559146375297564 4
0001 0014 1710927644445 -22.75 -62.5 0.44178646691106466 4
0001 0012 1710927644445 -10.5625 -61.0 1.055378782065321 4
0001 0000 1710927644445 -91.125 -68.5 2.988194574801229 4
0001 0005 1710927644446 22.75 -68.5 0.14726215563702155 4
0001 0011 1710927644446 -52.0625 -66.0 5.2768939103266055 4
0001 0004 1710927644447 -22.75 -66.5 1.8346410223112268 4
0001 0001 1710927644447 -25.625 -75.5 1.9512235621905356 4
0001 0002 1710927644448 4.875 -76.0 1.214912784005428 4
0001 0015 1710927644638 -32.5 -70.0 6.166602767300278 4
0001 0010 1710927644638 -107.375 -63.0 5.743224069843841 4
0001 0013 1710927644639 26.0 -62.0 5.21553467881118 4
0001 0008 1710927644639 26.0 -60.0 0.6504078540635119 4
0001 0005 1710927644640 -76.4375 -68.0 0.30679615757712825 4
0001 0012 1710927644640 21.125 -61.0 0.9940195505498954 4
0001 0011 1710927644640 -55.3125 -66.0 5.203262832508095 4
0001 0004 1710927644641 -19.5 -66.5 1.8039614065535141 4
0001 0014 1710927644641 -45.5625 -62.0 0.5522330836388308 4
0001 0007 1710927644642 104.125 -65.0 2.675262494072558 4
0001 0000 1710927644642 146.4375 -68.0 2.724349879284899 4
0001 0002 1710927644642 -3.625 -75.5 1.2517283229146832 4
0001 0001 1710927644643 8.5 -75.5 4.914874444385594 4
0001 0006 1710927644643 3.25 -77.0 0.34974761963792617 4
0001 0004 1710927644644 -104.125 -66.5 1.8223691760081417 4
0001 0005 1710927644644 -24.375 -67.0 0.14112623248547898 4
0001 0011 1710927644644 -13.0 -66.0 5.21553467881118 4
0001 0013 1710927644645 -45.5625 -61.5 5.301437602932776 4
0001 0010 1710927644646 0.0 -62.5 5.516194913236766 4
0001 0015 1710927644646 -39.0 -69.5 0.01227184630308513 4
0001 0012 1710927644647 13.8125 -61.0 0.9940195505498954 4
0001 0014 1710927644647 26.0 -62.5 0.4479223900626072 4
0001 0008 1710927644648 -3.25 -60.0 0.6994952392758523 4
0001 0007 1710927644648 -78.0625 -65.0 2.9329712664373457 4
0001 0000 1710927644649 22.75 -67.5 3.0066023442558567 4
0001 0001 1710927644691 13.375 -75.5 4.945554060143307 4
0001 0002 1710927644691 2.4375 -76.0 1.141281706186917 4
0001 0006 1710927644929 0.875 -77.0 3.522019888985432 4
0001 0008 1710927644929 22.75 -60.5 0.662679700366597 4
0001 0015 1710927644930 -45.5625 -70.0 6.19728238305799 4
0001 0012 1710927644930 0.0 -60.5 1.012427320004523 4
0001 0011 1710927644931 16.25 -66.0 5.209398755659637 4
0001 0007 1710927644931 58.5625 -64.5 2.890019804376548 4
0001 0014 1710927644932 26.0 -62.0 0.46019423636569234 4
0001 0004 1710927644932 39.0 -67.5 1.7303303287350031 4
0001 0005 1710927644932 16.25 -66.0 0.1595340019401067 4
0001 0013 1710927644932 9.75 -62.0 5.203262832508095 4
0001 0000 1710927644933 45.5625 -67.5 2.9206994201342606 4
0001 0010 1710927644933 78.0625 -62.5 5.2768939103266055 4
0001 0002 1710927644934 -10.375 -76.5 1.282407938672396 4
0001 0006 1710927644934 -1.1875 -76.5 0.21475731030398976 4
0001 0001 1710927644935 -6.375 -77.0 1.6198837120072371 4
0001 0000 1710927644935 19.5 -68.0 2.8716120349219203 4
0001 0012 1710927644936 -7.3125 -61.0 0.8099418560036186 4
0001 0014 1710927644936 6.5 -62.5 0.5092816215780329 4
0001 0011 1710927644937 -32.5 -66.0 5.258486140871978 4
0001 0005 1710927644937 32.5 -66.5 0.23930100291016002 4
0001 0008 1710927644937 13.0 -60.0 0.6013204688511713 4
0001 0013 1710927644938 -61.8125 -62.5 5.3627968344482015 4
0001 0010 1710927644938 -74.8125 -63.0 5.460971604872882 4
0001 0004 1710927644939 74.8125 -66.0 1.6689710972195777 4
0001 0007 1710927644939 29.25 -65.0 2.9329712664373457 4
0001 0015 1710927644940 -123.6875 -70.5 0.07976700097005335 4
0001 0002 1710927644940 -27.625 -76.0 1.0185632431560658 4
0001 0006 1710927645113 0.5625 -77.0 0.11044661672776616 4
0001 0001 1710927645113 -0.25 -77.0 1.2701360923693108 4
0001 0004 1710927645114 39.0 -66.5 1.6689710972195777 4
0001 0007 1710927645114 -58.5625 -65.0 2.9513790358919736 4
0001 0008 1710927645115 22.75 -59.5 0.5951845456996288 4
0001 0014 1710927645115 42.3125 -62.5 0.39269908169872414 4
0001 0012 1710927645115 22.75 -61.0 0.8222137023067037 4
0001 0010 1710927645119 -48.8125 -62.5 5.424156065963627 4
0001 0000 1710927645119 90.3125 -68.0 2.9391071895888885 4
0001 0011 1710927645120 -94.375 -66.0 5.295301679781233 4
0001 0013 1710927645120 -87.875 -62.0 5.338253141842031 4
0001 0005 1710927645121 152.9375 -66.5 0.12885438618239387 4
0001 0015 1710927645121 -87.875 -70.0 6.2463697682703305 4
0001 0002 1710927645121 -9.75 -76.5 1.2333205534600555 4
0001 0001 1710927645122 4.875 -76.5 1.0246991663076084 4
0001 0006 1710927645122 4.25 -76.5 0.19634954084936207 4
