0001 0012 1710927758785 -16.25 -54.5 2.2334760271614935 4
0001 0004 1710927758793 22.75 -63.5 5.577554144752192 4
0001 0007 1710927758794 26.0 -59.5 0.8835729338221293 4
0001 0008 1710927758794 13.0 -57.5 5.620505606812989 4
0001 0009 1710927758795 17.0625 -60.5 5.037592907416445 4
0001 0010 1710927758795 -16.25 -52.0 3.2888548092268146 4
0001 0011 1710927758796 58.5625 -66.0 0.7915340865489908 4
0001 0000 1710927758796 163.5625 -69.0 0.25770877236478773 4
0001 0015 1710927758797 19.5 -60.5 2.2580197197676637 4
0001 0014 1710927758797 42.3125 -63.5 5.786175531904639 4
0001 0005 1710927758798 -87.875 -62.0 3.3011266555298997 4
0001 0003 1710927758798 3.25 -69.0 4.970097752749477 4
0001 0006 1710927758799 15.8125 -74.5 5.47937937432751 4
0001 0002 1710927758799 -1.8125 -77.0 5.283029833478148 4
0001 0013 1710927758800 0.0 -72.5 1.1351457830353744 4
0001 0012 1710927758800 30.875 -54.5 2.1659808724945253 4
0001 0011 1710927758801 -35.75 -66.0 0.8528933180644165 4
0001 0008 1710927758801 -39.0 -57.5 5.755495916146925 4
0001 0014 1710927758801 -32.5 -64.0 5.9088939949354895 4
0001 0007 1710927758802 48.8125 -59.5 0.8344855486097889 4
0001 0005 1710927758802 -16.25 -62.5 3.2213596545598464 4
0001 0009 1710927758803 -90.3125 -60.5 5.123495831538041 4
0001 0010 1710927758804 -13.0 -52.0 3.2581751934691017 4
0001 0015 1710927758807 -26.0 -60.5 2.3439226438892597 4
0001 0000 1710927758808 -93.5625 -69.5 0.5890486225480862 4
0001 0004 1710927758809 42.3125 -64.0 5.577554144752192 4
0001 0003 1710927758810 45.5625 -69.0 4.853515212870168 4
0001 0006 1710927758852 8.5 -75.0 5.368932757599744 4
0001 0002 1710927758854 18.25 -77.5 1.9819031779482483 4
0001 0013 1710927758855 -11.5625 -72.5 1.184233168247715 4
0001 0011 1710927759008 6.5 -66.5 0.8774370106705868 4
0001 0003 1710927759008 32.5 -69.0 4.749204519293945 4
0001 0015 1710927759010 -9.75 -60.5 2.3193789512830896 4
0001 0004 1710927759010 0.0 -64.0 5.608233760509904 4
0001 0008 1710927759011 -19.5 -57.0 5.767767762450011 4
0001 0012 1710927759013 13.8125 -54.5 2.184388641949153 4
0001 0007 1710927759014 0.0 -59.5 0.9081166264282996 4
0001 0005 1710927759015 -45.5625 -62.5 3.2949907323783574 4
0001 0010 1710927759015 6.5 -52.5 3.2336315008629315 4
0001 0009 1710927759016 -7.3125 -61.0 5.111223985234957 4
0001 0000 1710927759017 35.75 -68.5 0.30679615757712825 4
0001 0014 1710927759018 -3.25 -64.0 5.8659425328746915 4
0001 0013 1710927759023 1.1875 -72.5 1.2087768608538851 4
0001 0002 1710927759024 -8.5 -77.5 2.116893487282185 4
0001 0006 1710927759025 -9.75 -75.0 5.301437602932776 4
0001 0007 1710927759026 39.0 -59.5 0.9326603190344698 4
0001 0012 1710927759027 6.5 -54.5 2.184388641949153 4
0001 0010 1710927759028 -19.5 -52.5 3.2888548092268146 4
0001 0005 1710927759028 45.5625 -62.5 3.2213596545598464 4
0001 0004 1710927759029 -78.0625 -65.0 5.737088146692298 4
0001 0008 1710927759030 0.0 -57.0 5.730952223540755 4
0001 0003 1710927759031 61.8125 -69.0 4.73693267299086 4
0001 0009 1710927759032 55.3125 -60.5 5.00077736850719 4
0001 0015 1710927759033 -13.0 -60.5 2.313243028131547 4
0001 0011 1710927759034 81.375 -65.5 0.8222137023067037 4
0001 0014 1710927759035 9.75 -63.5 5.816855147662351 4
0001 0000 1710927759036 83.0 -69.0 0.36815538909255385 4
0001 0006 1710927759112 12.1875 -75.0 5.411884219660542 4
0001 0013 1710927759113 -14.625 -72.5 1.3069516312785663 4
0001 0002 1710927759114 18.875 -77.0 2.0371264863121317 4
0001 0010 1710927759264 -26.0 -52.5 3.3072625786814425 4
0001 0008 1710927759265 35.75 -57.0 5.6941366846315 4
0001 0014 1710927759266 39.0 -64.0 5.810719224510809 4
0001 0011 1710927759267 3.25 -65.0 1.030835089459151 4
0001 0009 1710927759267 -41.5 -61.0 5.154175447295755 4
0001 0012 1710927759268 3.25 -54.5 2.1966604882522383 4
0001 0007 1710927759269 45.5625 -59.0 0.9694758579437253 4
0001 0004 1710927759270 13.0 -63.5 5.583690067903734 4
0001 0015 1710927759271 -32.5 -60.5 2.350058567040802 4
0001 0005 1710927759272 -13.8125 -63.0 3.2765829629237295 4
0001 0000 1710927759272 71.5625 -68.0 0.3374757733348411 4
0001 0003 1710927759273 45.5625 -69.0 4.921010367537137 4
0001 0013 1710927759274 4.25 -72.5 1.2762720155208536 4
0001 0002 1710927759275 1.8125 -77.5 5.184855063053467 4
0001 0006 1710927759276 -9.125 -76.0 5.522330836388308 4
0001 0015 1710927759277 -22.75 -60.5 2.3316507975861747 4
0001 0010 1710927759278 -6.5 -52.0 3.2949907323783574 4
0001 0007 1710927759279 16.25 -59.0 1.0246991663076084 4
0001 0004 1710927759280 -13.0 -63.5 5.64504929941916 4
0001 0014 1710927759281 58.5625 -63.5 5.743224069843841 4
0001 0005 1710927759281 -13.0 -63.0 3.3011266555298997 4
0001 0012 1710927759282 13.0 -55.0 2.2150682577068657 4
0001 0000 1710927759283 87.0625 -69.0 0.1902136176978195 4
0001 0009 1710927759284 17.0625 -61.0 5.092816215780329 4
0001 0008 1710927759286 -55.3125 -57.0 5.841398840268521 4
0001 0003 1710927759287 -71.5625 -69.5 4.970097752749477 4
0001 0011 1710927759288 81.375 -65.5 0.9510680884890975 4
0001 0013 1710927759362 12.1875 -72.5 1.2701360923693108 4
0001 0002 1710927759363 -6.6875 -77.5 2.141437179888355 4
0001 0006 1710927759364 15.25 -75.5 5.387340527054372 4
0001 0005 1710927759531 -32.5 -63.0 3.356349963893783 4
0001 0012 1710927759532 26.0 -54.5 2.1782527187976104 4
0001 0008 1710927759533 -42.3125 -57.0 5.8475347634200645 4
0001 0010 1710927759534 -19.5 -52.0 3.3440781175906977 4
0001 0015 1710927759534 -48.8125 -61.0 2.3623304133438876 4
0001 0011 1710927759535 48.8125 -66.0 1.012427320004523 4
0001 0004 1710927759536 -16.25 -64.0 5.6143696836614465 4
0001 0014 1710927759537 97.625 -64.0 5.675728915176872 4
0001 0003 1710927759538 42.3125 -70.0 4.779884135051658 4
0001 0007 1710927759539 29.25 -59.0 1.0246991663076084 4
0001 0009 1710927759540 -21.125 -61.0 5.111223985234957 4
0001 0000 1710927759541 13.0 -68.5 0.380427235395639 4
0001 0002 1710927759542 -14.0 -77.0 2.1230294104337273 4
0001 0013 1710927759543 15.8125 -72.5 1.1658253987930873 4
0001 0006 1710927759544 1.1875 -75.5 5.45483568172134 4
0001 0008 1710927759545 -26.0 -57.0 5.810719224510809 4
0001 0012 1710927759546 6.5 -54.5 2.2396119503130363 4
0001 0015 1710927759546 26.0 -61.0 2.2764274892222915 4
0001 0007 1710927759547 -3.25 -59.0 1.0737865515199487 4
0001 0003 1710927759548 26.0 -69.0 4.749204519293945 4
0001 0014 1710927759549 3.25 -64.0 5.780039608753096 4
0001 0010 1710927759550 -6.5 -52.0 3.3440781175906977 4
0001 0000 1710927759551 52.0625 -67.5 0.3374757733348411 4
0001 0009 1710927759551 -90.3125 -61.0 5.246214294568893 4
0001 0005 1710927759553 -45.5625 -62.5 3.3502140407422405 4
0001 0011 1710927759554 0.0 -65.5 1.1106020904292042 4
0001 0004 1710927759555 -22.75 -64.0 5.743224069843841 4
0001 0013 1710927759602 9.125 -72.5 1.2946797849754812 4
0001 0002 1710927759603 21.9375 -77.0 5.240078371417351 4
0001 0006 1710927759604 -0.5625 -75.5 5.620505606812989 4
0001 0011 1710927759794 74.8125 -65.0 1.0615147052168636 4
0001 0009 1710927759795 48.8125 -61.0 5.013049214810275 4
0001 0010 1710927759796 -13.0 -52.0 3.3870295796514958 4
0001 0000 1710927759797 -52.0625 -69.5 0.39269908169872414 4
0001 0015 1710927759797 -48.8125 -61.0 2.4175537217077703 4
0001 0014 1710927759798 32.5 -63.5 5.724816300389213 4
0001 0012 1710927759799 6.5 -54.5 2.2641556429192065 4
0001 0008 1710927759800 19.5 -57.0 5.786175531904639 4
0001 0004 1710927759800 -13.0 -64.5 5.743224069843841 4
0001 0005 1710927759801 -13.0 -63.0 3.3318062712876126 4
0001 0007 1710927759802 -9.75 -59.0 1.0983302441261191 4
0001 0003 1710927759803 -172.5 -68.0 4.933282213840222 4
0001 0013 1710927759803 12.1875 -71.5 1.3069516312785663 4
0001 0002 1710927759804 -13.375 -77.5 2.435961491162398 4
0001 0006 1710927759805 0.0 -75.5 5.767767762450011 4
0001 0010 1710927759806 -3.25 -52.0 3.4054373491061236 4
0001 0008 1710927759807 0.0 -57.0 5.829126993965437 4
0001 0012 1710927759807 9.75 -54.5 2.2580197197676637 4
0001 0004 1710927759808 -35.75 -64.0 5.798447378207723 4
0001 0007 1710927759809 13.0 -59.0 1.086058397823034 4
0001 0011 1710927759809 68.3125 -66.0 1.1106020904292042 4
0001 0003 1710927759810 22.75 -70.0 4.859651136021712 4
0001 0000 1710927759811 39.0 -67.5 0.3620194659410113 4
0001 0015 1710927759812 -52.0625 -61.0 2.4175537217077703 4
0001 0009 1710927759813 -27.625 -61.0 5.197126909356553 4
0001 0014 1710927759814 -19.5 -64.0 5.8659425328746915 4
0001 0005 1710927759814 -41.5 -63.5 3.4054373491061236 4
0001 0013 1710927759851 -4.25 -72.5 1.3621749396424494 4
0001 0006 1710927759852 0.5625 -75.0 5.835262917116979 4
0001 0002 1710927759853 12.1875 -77.0 5.45483568172134 4
0001 0008 1710927760065 -9.75 -57.0 5.872078456026235 4
0001 0011 1710927760065 6.5 -66.5 0.9694758579437253 4
0001 0014 1710927760066 68.3125 -64.0 5.681864838328415 4
0001 0012 1710927760067 34.9375 -54.5 2.184388641949153 4
0001 0005 1710927760067 16.25 -63.0 3.2643111166206444 4
0001 0009 1710927760068 -87.0625 -61.0 5.166447293598839 4
0001 0004 1710927760069 -9.75 -64.5 5.8475347634200645 4
0001 0010 1710927760070 -16.25 -52.0 3.393165502803038 4
0001 0007 1710927760070 26.0 -59.0 0.9878836273983529 4
0001 0015 1710927760071 35.75 -61.0 2.3009711818284617 4
0001 0003 1710927760072 -16.25 -69.5 5.049864753719531 4
0001 0000 1710927760072 52.0625 -68.5 0.5890486225480862 4
0001 0006 1710927760073 -17.0625 -75.5 5.712544454086128 4
0001 0002 1710927760074 -15.375 -77.5 5.939573610693203 4
0001 0012 1710927760074 -26.0 -55.0 1.9819031779482483 4
0001 0003 1710927760075 -104.125 -68.0 5.393476450205914 4
0001 0015 1710927760076 9.75 -61.0 2.3193789512830896 4
0001 0000 1710927760077 120.4375 -68.0 1.239456476611598 4
0001 0004 1710927760078 113.875 -65.0 5.749359992995383 4
0001 0009 1710927760078 -41.5 -61.0 5.019185137961818 4
0001 0011 1710927760079 9.75 -68.5 5.841398840268521 4
0001 0007 1710927760080 13.0 -59.5 0.5890486225480862 4
0001 0010 1710927760081 9.75 -51.5 3.0066023442558567 4
0001 0005 1710927760081 -143.1875 -62.0 3.3870295796514958 4
0001 0008 1710927760083 -6.5 -56.0 5.816855147662351 4
0001 0014 1710927760083 110.625 -64.0 5.595961914206819 4
0001 0006 1710927760101 12.8125 -75.0 4.902602598082509 4
0001 0000 1710927760293 -6.5 -66.5 2.0064468705544187 4
0001 0006 1710927760293 -146.4375 -71.0 4.295146206079795 4
0001 0007 1710927760294 -19.5 -59.0 6.234097921967246 4
0001 0012 1710927760295 16.25 -56.5 1.337631247036279 4
0001 0008 1710927760295 22.75 -55.0 5.945709533844745 4
0001 0011 1710927760296 -74.8125 -67.5 4.01902966426038 4
0001 0010 1710927760297 9.75 -50.5 2.2334760271614935 4
0001 0015 1710927760297 65.0625 -61.0 2.1475731030398975 4
0001 0014 1710927760298 29.25 -64.0 5.749359992995383 4
0001 0004 1710927760299 -97.625 -65.0 6.1850105367549055 4
0001 0005 1710927760299 -61.8125 -62.0 2.9206994201342606 4
0001 0009 1710927760300 -7.3125 -64.0 4.6448938257177215 4
0001 0003 1710927760301 172.5 -68.5 5.663457068873787 4
0001 0000 1710927760302 22.75 -64.0 2.6875343403756435 4
0001 0010 1710927760302 9.75 -50.5 1.4848934026733007 4
0001 0011 1710927760303 -3.25 -60.5 1.705786636128833 4
0001 0006 1710927760304 61.8125 -69.5 2.6323110320117604 4
0001 0008 1710927760304 -26.0 -54.0 6.031612457966341 4
0001 0009 1710927760305 68.3125 -70.0 1.5830681730979816 4
0001 0007 1710927760306 13.0 -60.5 5.080544369477243 4
0001 0012 1710927760306 19.5 -59.0 0.8283496254582462 4
0001 0004 1710927760307 32.5 -63.0 5.47937937432751 4
0001 0005 1710927760308 19.5 -63.0 1.8100973297050567 4
0001 0015 1710927760309 48.8125 -61.5 2.1046216409791 4
0001 0014 1710927760310 9.75 -62.0 5.64504929941916 4
0001 0003 1710927760310 -143.1875 -70.0 1.3130875544301088 4
0001 0013 1710927760352 0.0 -74.5 1.9266798695843652 4
0001 0002 1710927760603 -6.125 -76.5 6.17273869045182 4
0001 0008 1710927760604 39.0 -67.0 5.418020142812084 4
0001 0015 1710927760604 81.375 -65.5 0.5767767762450011 4
0001 0007 1710927760605 -16.25 -63.0 5.743224069843841 4
0001 0011 1710927760606 -68.3125 -57.5 4.804427827657828 4
0001 0009 1710927760607 -10.5625 -54.0 5.534602682691394 4
0001 0000 1710927760607 -19.5 -63.0 2.6445828783148455 4
0001 0014 1710927760608 55.3125 -61.5 5.411884219660542 4
0001 0005 1710927760609 13.0 -60.5 6.111379458936394 4
0001 0012 1710927760609 19.5 -59.0 5.921165841238575 4
0001 0010 1710927760610 -22.75 -57.0 5.092816215780329 4
0001 0004 1710927760611 22.75 -61.5 4.908738521234052 4
0001 0002 1710927760611 7.3125 -77.5 5.755495916146925 4
0001 0013 1710927760612 -4.875 -70.5 1.4542137869155878 4
0001 0011 1710927760745 3.25 -58.5 4.166291819897402 4
0001 0014 1710927760745 -81.375 -61.0 5.976389149602458 4
0001 0004 1710927760746 -16.25 -67.5 4.479223900626073 4
0001 0007 1710927760747 -16.25 -60.5 3.988350048502667 4
0001 0010 1710927760748 81.375 -64.0 4.963961829597935 4
0001 0013 1710927760748 -48.8125 -67.0 4.491495746929157 4
0001 0015 1710927760749 45.5625 -67.5 5.66959299202533 4
0001 0008 1710927760750 9.75 -53.5 0.4970097752749477 4
0001 0012 1710927760750 -26.0 -60.0 6.160466844148735 4
0001 0005 1710927760751 -69.125 -67.5 5.553010452146021 4
0001 0000 1710927760752 9.75 -65.0 2.4850488763747385 4
0001 0002 1710927760752 28.625 -78.0 5.092816215780329 4
0001 0009 1710927760754 -1.125 -71.0 1.239456476611598 4
0001 0010 1710927760754 84.625 -67.5 5.307573526084319 4
0001 0000 1710927760754 -73.1875 -72.0 1.4910293258248433 4
0001 0007 1710927760755 -13.0 -64.5 2.675262494072558 4
0001 0012 1710927760756 -39.0 -62.0 0.03681553890925539 4
0001 0014 1710927760757 -13.0 -63.0 5.8659425328746915 4
0001 0009 1710927760757 65.875 -68.5 4.104932588381976 4
0001 0015 1710927760758 39.0 -67.0 5.681864838328415 4
0001 0011 1710927760759 0.0 -62.5 3.933126740138784 4
0001 0013 1710927760759 -42.3125 -65.5 4.663301595172349 4
0001 0008 1710927760760 3.25 -53.0 0.25157284921324513 4
0001 0002 1710927760852 17.6875 -77.5 3.8963112012295285 4
0001 0005 1710927760852 -2.875 -71.0 5.307573526084319 4
0001 0006 1710927760853 -0.25 -75.5 0.3436116964863836 4
0001 0001 1710927761068 -0.625 -77.5 5.375068680751287 4
0001 0014 1710927761075 -16.25 -64.0 5.743224069843841 4
0001 0007 1710927761076 -58.5625 -68.5 0.8651651643675016 4
0001 0013 1710927761077 87.875 -64.5 4.424000592262189 4
0001 0008 1710927761077 22.75 -58.5 0.48473792897186263 4
0001 0004 1710927761093 39.0 -71.5 5.338253141842031 4
0001 0012 1710927761094 13.0 -62.0 0.07363107781851078 4
0001 0006 1710927761095 224.5625 -72.0 5.93343768754166 4
0001 0009 1710927761096 48.8125 -67.0 3.7122335066832517 4
0001 0015 1710927761096 -45.5625 -67.0 5.927301764390117 4
0001 0005 1710927761097 -93.5625 -66.0 5.092816215780329 4
0001 0011 1710927761098 91.125 -68.5 3.7551849687440497 4
0001 0002 1710927761099 75.625 -75.0 3.479068426924634 4
0001 0001 1710927761099 -5.4375 -77.5 5.344389064993574 4
0001 0010 1710927761100 2.875 -74.0 5.663457068873787 4
0001 0007 1710927761100 149.6875 -68.5 0.6135923151542565 4
0001 0008 1710927761101 35.75 -59.5 0.5031456984264903 4
0001 0011 1710927761102 -117.125 -67.0 4.1417481272912315 4
0001 0014 1710927761102 -6.5 -64.0 5.675728915176872 4
0001 0012 1710927761103 13.0 -62.5 0.0 4
0001 0013 1710927761103 -29.25 -63.5 4.565126824747668 4
0001 0015 1710927761104 32.5 -67.5 5.755495916146925 4
0001 0006 1710927761105 201.8125 -72.0 5.780039608753096 4
0001 0005 1710927761105 -41.5 -69.0 5.049864753719531 4
0001 0009 1710927761107 27.625 -67.0 3.9208548938356986 4
0001 0004 1710927761108 -126.9375 -70.5 5.595961914206819 4
0001 0010 1710927761108 1.8125 -73.0 2.5893595699509624 4
0001 0002 1710927761109 9.75 -76.0 4.000621894805752 4
0001 0001 1710927761110 4.25 -78.0 2.313243028131547 4
0001 0007 1710927761311 152.9375 -68.5 1.337631247036279 4
0001 0010 1710927761313 -117.125 -70.0 5.890486225480862 4
0001 0009 1710927761313 6.5 -67.0 4.0987966652304335 4
0001 0014 1710927761313 -94.375 -64.5 5.878214379177777 4
0001 0013 1710927761314 55.3125 -63.5 4.485359823777615 4
0001 0008 1710927761314 29.25 -57.5 0.4479223900626072 4
0001 0006 1710927761315 100.875 -72.0 6.019340611663256 4
0001 0015 1710927761315 -71.5625 -67.0 5.9518454569962875 4
0001 0012 1710927761316 55.3125 -62.0 0.05522330836388308 4
0001 0011 1710927761316 13.0 -65.5 4.074252972624263 4
0001 0002 1710927761317 -87.875 -71.5 4.166291819897402 4
0001 0004 1710927761318 0.0 -74.5 5.577554144752192 4
0001 0013 1710927761318 55.3125 -64.0 4.528311285838413 4
0001 0015 1710927761319 61.8125 -67.0 5.786175531904639 4
0001 0006 1710927761319 -139.9375 -70.5 0.0 4
0001 0008 1710927761320 0.0 -56.0 0.46019423636569234 4
0001 0014 1710927761320 -35.75 -64.0 5.890486225480862 4
0001 0011 1710927761321 -68.3125 -64.5 4.276738436625168 4
0001 0007 1710927761322 172.5 -66.0 1.5830681730979816 4
0001 0010 1710927761322 -91.125 -68.5 5.939573610693203 4
0001 0012 1710927761323 39.0 -62.0 0.17794177139473438 4
0001 0009 1710927761323 -21.125 -67.0 4.172427743048944 4
0001 0004 1710927761351 4.875 -72.0 2.3316507975861747 4
0001 0002 1710927761351 7.875 -75.5 4.0987966652304335 4
0001 0008 1710927761602 16.25 -56.5 0.4111068511533518 4
0001 0007 1710927761602 0.0 -66.5 1.8775924843720249 4
0001 0015 1710927761603 -78.0625 -66.5 6.086835766330224 4
0001 0009 1710927761603 -3.25 -67.0 4.2092432819582 4
0001 0012 1710927761604 22.75 -62.0 0.30066023442558565 4
0001 0011 1710927761604 13.0 -65.5 4.166291819897402 4
0001 0014 1710927761605 -104.125 -64.0 5.976389149602458 4
0001 0006 1710927761606 91.125 -71.0 6.056156150572511 4
0001 0013 1710927761606 -13.0 -63.5 4.657165672020807 4
0001 0004 1710927761607 -26.0 -69.0 5.264622064023521 4
0001 0010 1710927761607 -55.3125 -68.5 5.872078456026235 4
0001 0002 1710927761608 21.9375 -75.5 3.9576704327449543 4
0001 0005 1710927761713 -3.25 -74.0 2.3746022596469727 4
0001 0001 1710927761713 -0.8125 -77.5 2.448233337465483 4
0001 0009 1710927761714 -90.3125 -67.0 4.338097668140593 4
0001 0014 1710927761714 48.8125 -64.5 5.822991070813893 4
0001 0011 1710927761715 -26.0 -66.5 4.215379205109742 4
0001 0012 1710927761715 26.0 -62.0 0.30679615757712825 4
0001 0010 1710927761716 -94.375 -70.0 5.8475347634200645 4
0001 0008 1710927761717 -3.25 -57.5 0.47860200582032003 4
0001 0007 1710927761718 6.5 -66.5 1.6444274046134073 4
0001 0013 1710927761718 -42.3125 -63.5 4.626486056263094 4
0001 0015 1710927761719 -19.5 -67.0 5.884350302329319 4
0001 0006 1710927761719 -48.8125 -69.5 6.0991076126333095 4
0001 0004 1710927761721 120.4375 -68.0 5.154175447295755 4
0001 0002 1710927761721 -22.5625 -75.5 4.000621894805752 4
0001 0005 1710927761722 -3.1875 -73.0 5.473243451175968 4
0001 0001 1710927761722 -13.375 -79.0 5.767767762450011 4
0001 0013 1710927761852 22.75 -64.0 4.565126824747668 4
0001 0011 1710927761852 -26.0 -65.5 4.295146206079795 4
0001 0006 1710927761853 -3.25 -70.5 5.884350302329319 4
0001 0012 1710927761853 22.75 -62.5 0.006135923151542565 4
0001 0014 1710927761854 6.5 -64.0 5.786175531904639 4
0001 0007 1710927761854 136.6875 -67.0 1.4419419406125027 4
0001 0008 1710927761855 -16.25 -58.0 0.4663301595172349 4
0001 0010 1710927761855 -48.8125 -70.5 5.829126993965437 4
0001 0015 1710927761856 32.5 -67.0 5.737088146692298 4
0001 0004 1710927761856 -166.0 -69.5 5.737088146692298 4
0001 0009 1710927761857 -52.0625 -68.0 4.264466590322082 4
0001 0005 1710927761857 6.5 -73.5 5.5284667595398505 4
0001 0002 1710927761858 -3.0 -76.0 0.8528933180644165 4
0001 0010 1710927762054 218.0625 -70.0 5.399612373357457 4
0001 0011 1710927762054 42.3125 -66.0 4.196971435655114 4
0001 0013 1710927762055 -35.75 -64.5 4.601942363656923 4
0001 0008 1710927762055 3.25 -57.5 0.42337869745643697 4
0001 0012 1710927762056 59.375 -62.0 6.22182607566416 4
0001 0009 1710927762056 7.3125 -68.0 4.166291819897402 4
0001 0014 1710927762057 -9.75 -64.0 5.773903685601553 4
0001 0007 1710927762057 -87.875 -67.0 1.8100973297050567 4
0001 0015 1710927762058 -35.75 -67.5 5.970253226450915 4
0001 0006 1710927762058 -97.625 -70.5 6.234097921967246 4
0001 0004 1710927762059 78.0625 -69.5 5.289165756629691 4
0001 0002 1710927762059 -4.25 -75.5 3.9515345095934116 4
0001 0005 1710927762060 5.75 -73.0 5.3627968344482015 4
0001 0009 1710927762061 -183.875 -67.5 4.344233591292136 4
0001 0015 1710927762061 -126.9375 -67.0 6.12365130523948 4
0001 0007 1710927762062 136.6875 -66.5 1.368310862793992 4
0001 0006 1710927762062 172.5 -70.5 5.651185222570702 4
0001 0010 1710927762063 -3.25 -69.0 5.724816300389213 4
0001 0014 1710927762063 -22.75 -64.0 5.8045833013592665 4
0001 0012 1710927762064 -21.125 -61.5 0.25770877236478773 4
0001 0011 1710927762064 16.25 -65.0 4.04357335686655 4
0001 0008 1710927762065 -6.5 -57.5 0.42337869745643697 4
0001 0013 1710927762066 -6.5 -63.5 4.516039439535327 4
0001 0004 1710927762066 61.8125 -69.0 5.307573526084319 4
0001 0002 1710927762067 -104.125 -74.0 3.8717675086233583 4
0001 0005 1710927762109 -47.1875 -71.5 5.470175489600196 4
0001 0013 1710927762353 -42.3125 -63.5 4.595806440505381 4
0001 0006 1710927762353 -35.75 -69.5 6.019340611663256 4
0001 0015 1710927762353 -13.0 -66.0 5.927301764390117 4
0001 0010 1710927762353 -97.625 -68.0 5.706408530934585 4
0001 0004 1710927762354 58.5625 -68.5 5.270757987175063 4
0001 0008 1710927762354 -22.75 -56.5 0.44178646691106466 4
0001 0007 1710927762355 -26.0 -67.0 1.7978254834019713 4
0001 0011 1710927762356 -65.0625 -64.5 4.215379205109742 4
0001 0012 1710927762356 26.0 -61.5 0.39269908169872414 4
0001 0014 1710927762357 48.8125 -64.0 5.896622148632405 4
0001 0009 1710927762357 -107.375 -67.5 4.3933209765044765 4
0001 0002 1710927762358 -14.625 -76.0 0.8528933180644165 4
0001 0009 1710927762550 59.375 -67.5 4.104932588381976 4
0001 0007 1710927762550 120.4375 -67.0 1.5585244804918115 4
0001 0008 1710927762551 29.25 -56.5 0.4970097752749477 4
0001 0011 1710927762551 -6.5 -65.0 4.28287435977671 4
0001 0010 1710927762551 74.8125 -68.5 5.399612373357457 4
0001 0013 1710927762552 -29.25 -63.5 4.706253057233147 4
0001 0012 1710927762553 6.5 -62.0 0.35588354278946877 4
0001 0006 1710927762553 -84.625 -69.5 0.1718058482431918 4
0001 0015 1710927762554 -42.3125 -66.5 5.982525072754001 4
0001 0014 1710927762554 52.0625 -64.5 5.810719224510809 4
0001 0004 1710927762555 -3.25 -69.0 5.258486140871978 4
0001 0002 1710927762555 -10.9375 -76.0 0.7240389318820226 4
0001 0012 1710927762556 -32.5 -61.5 0.3865631585471816 4
0001 0004 1710927762556 -52.0625 -68.5 5.368932757599744 4
0001 0008 1710927762557 9.75 -57.0 0.5276893910326605 4
0001 0006 1710927762557 78.0625 -69.5 0.07976700097005335 4
0001 0014 1710927762558 -13.0 -64.0 5.884350302329319 4
0001 0011 1710927762558 -55.3125 -65.0 4.196971435655114 4
0001 0013 1710927762559 9.75 -64.0 4.608078286808466 4
0001 0010 1710927762559 -58.5625 -69.5 5.497787143782138 4
0001 0007 1710927762560 81.375 -66.0 1.718058482431918 4
0001 0015 1710927762560 -35.75 -66.5 5.988660995905543 4
0001 0009 1710927762561 10.5625 -67.0 4.319689898685965 4
0001 0002 1710927762616 -7.3125 -75.5 3.6999616603801666 4
0001 0013 1710927762799 -68.3125 -64.0 4.700117134081604 4
0001 0012 1710927762800 -32.5 -61.5 0.3129320807286708 4
0001 0008 1710927762800 -3.25 -57.0 0.5522330836388308 4
0001 0004 1710927762800 81.375 -68.5 5.080544369477243 4
0001 0015 1710927762801 130.1875 -67.0 5.651185222570702 4
0001 0011 1710927762801 16.25 -65.0 4.154019973594316 4
0001 0014 1710927762802 84.625 -64.0 5.773903685601553 4
0001 0006 1710927762802 6.5 -69.5 6.209554229361076 4
0001 0007 1710927762803 139.9375 -66.5 1.6505633277649499 4
0001 0009 1710927762803 81.375 -68.5 4.080388895775806 4
0001 0010 1710927762803 -42.3125 -69.5 5.540738605842936 4
0001 0002 1710927762804 -1.1875 -76.0 0.521553467881118 4
0001 0015 1710927762805 -16.25 -66.5 5.8659425328746915 4
0001 0008 1710927762805 -9.75 -57.0 0.5154175447295755 4
0001 0013 1710927762806 -13.0 -64.0 4.571262747899211 4
0001 0014 1710927762806 39.0 -64.5 5.810719224510809 4
0001 0009 1710927762807 -107.375 -69.0 4.405592822807561 4
0001 0004 1710927762807 48.8125 -68.5 5.203262832508095 4
0001 0012 1710927762807 -9.75 -62.0 0.21475731030398976 4
0001 0006 1710927762808 -13.0 -70.5 0.07976700097005335 4
0001 0011 1710927762808 -13.0 -65.0 4.252194744018997 4
0001 0007 1710927762809 48.8125 -66.5 1.7916895602504288 4
0001 0010 1710927762809 -65.0625 -70.5 5.595961914206819 4
0001 0002 1710927762851 4.875 -75.5 0.48473792897186263 4
0001 0012 1710927763049 32.5 -62.0 0.2454369260617026 4
0001 0010 1710927763049 -214.8125 -69.5 5.712544454086128 4
0001 0009 1710927763050 -52.0625 -68.5 4.356505437595221 4
0001 0011 1710927763050 16.25 -65.0 4.135612204139688 4
0001 0013 1710927763050 -13.0 -64.0 4.595806440505381 4
0001 0008 1710927763051 6.5 -56.5 0.4970097752749477 4
0001 0015 1710927763051 -74.8125 -67.0 6.000932842208628 4
0001 0006 1710927763052 32.5 -69.5 6.129787228391022 4
0001 0004 1710927763052 -48.8125 -67.5 5.283029833478148 4
0001 0014 1710927763052 -26.0 -64.0 5.994796919057086 4
0001 0007 1710927763053 0.0 -66.0 1.8775924843720249 4
0001 0002 1710927763053 17.0625 -75.5 3.5342917352885173 4
0001 0007 1710927763054 -19.5 -67.0 1.9389517158874505 4
0001 0004 1710927763055 136.6875 -68.5 4.902602598082509 4
0001 0014 1710927763055 81.375 -64.0 5.755495916146925 4
0001 0008 1710927763056 -6.5 -56.5 0.5154175447295755 4
0001 0012 1710927763056 21.125 -61.5 0.25770877236478773 4
0001 0015 1710927763057 -87.875 -67.0 5.982525072754001 4
0001 0013 1710927763057 13.0 -64.5 4.522175362686871 4
0001 0011 1710927763057 16.25 -64.5 4.190835512503572 4
0001 0009 1710927763058 -90.3125 -68.0 4.558990901596125 4
0001 0006 1710927763059 -35.75 -69.0 0.006135923151542565 4
0001 0010 1710927763059 -120.4375 -69.5 5.522330836388308 4
0001 0002 1710927763100 -14.625 -75.0 3.749049045592507 4
0001 0012 1710927763313 -9.75 -62.0 0.2454369260617026 4
0001 0011 1710927763313 13.0 -65.0 4.2031073588066565 4
0001 0010 1710927763314 -29.25 -70.0 5.5714182216006485 4
0001 0015 1710927763314 0.0 -66.0 5.822991070813893 4
0001 0013 1710927763315 -52.0625 -64.0 4.693981210930062 4
0001 0004 1710927763315 -117.125 -68.5 5.338253141842031 4
0001 0014 1710927763316 -3.25 -64.0 5.8659425328746915 4
0001 0006 1710927763316 -42.3125 -68.5 6.234097921967246 4
0001 0009 1710927763317 -65.875 -69.0 4.356505437595221 4
0001 0007 1710927763317 107.375 -66.0 1.8039614065535141 4
0001 0008 1710927763317 39.0 -56.5 0.4356505437595221 4
0001 0002 1710927763318 82.1875 -74.5 0.28838838812250056 4
0001 0012 1710927763319 -48.8125 -62.0 0.25157284921324513 4
0001 0006 1710927763319 -22.75 -69.0 0.006135923151542565 4
0001 0010 1710927763320 -257.125 -70.5 5.810719224510809 4
0001 0014 1710927763320 -22.75 -64.5 5.890486225480862 4
0001 0011 1710927763321 -45.5625 -65.0 4.25833066717054 4
0001 0004 1710927763321 -113.875 -68.0 5.424156065963627 4
0001 0007 1710927763322 -55.3125 -66.0 2.000310947402876 4
0001 0013 1710927763322 -39.0 -64.0 4.651029748869264 4
0001 0015 1710927763323 -16.25 -67.0 5.829126993965437 4
0001 0008 1710927763323 3.25 -57.5 0.5460971604872883 4
0001 0009 1710927763323 52.0625 -69.0 4.123340357836604 4
0001 0002 1710927763350 -1.8125 -75.0 3.552699504743145 4
0001 0007 1710927763581 81.375 -66.0 1.7548740213411735 4
0001 0010 1710927763582 19.5 -71.0 5.4671075280244255 4
0001 0006 1710927763582 -52.0625 -69.5 6.2463697682703305 4
0001 0012 1710927763582 -84.625 -61.5 0.23316507975861744 4
0001 0014 1710927763583 -58.5625 -64.0 5.915029918087033 4
0001 0008 1710927763583 3.25 -58.0 0.5829126993965437 4
0001 0013 1710927763584 29.25 -64.0 4.534447208989955 4
0001 0011 1710927763584 -52.0625 -65.5 4.319689898685965 4
0001 0015 1710927763585 -52.0625 -67.0 5.896622148632405 4
0001 0004 1710927763585 -22.75 -68.5 5.111223985234957 4
0001 0009 1710927763585 -191.1875 -69.0 4.4362724385652745 4
0001 0002 1710927763586 32.5 -74.5 3.5619033894704586 4
0001 0009 1710927763587 -152.9375 -68.5 4.663301595172349 4
0001 0013 1710927763587 -29.25 -64.0 4.6878452877785195 4
0001 0011 1710927763588 32.5 -65.5 4.252194744018997 4
0001 0004 1710927763589 68.3125 -68.0 5.00077736850719 4
0001 0012 1710927763589 -45.5625 -62.0 0.2638446955163303 4
0001 0010 1710927763590 -179.0 -70.0 5.8475347634200645 4
0001 0015 1710927763590 -42.3125 -67.5 5.841398840268521 4
0001 0014 1710927763591 -35.75 -64.0 5.841398840268521 4
0001 0006 1710927763591 -29.25 -69.0 6.234097921967246 4
0001 0007 1710927763591 78.0625 -66.0 1.748738098189631 4
0001 0008 1710927763592 22.75 -58.0 0.5522330836388308 4
0001 0002 1710927763601 -9.75 -75.5 0.5184855063053467 4
