0001 0004 1710927810215 0.0 -67.0 4.620350133111551 4
0001 0005 1710927810222 -29.25 -63.5 3.4177091954092087 4
0001 0008 1710927810223 -19.5 -57.5 5.810719224510809 4
0001 0011 1710927810224 -22.75 -61.5 1.0492428589137786 4
0001 0010 1710927810224 0.0 -54.5 3.8963112012295285 4
0001 0003 1710927810225 -97.625 -69.0 5.822991070813893 4
0001 0015 1710927810225 -3.25 -60.5 2.2886993355253766 4
0001 0000 1710927810226 17.0625 -68.5 0.4908738521234052 4
0001 0002 1710927810226 -6.6875 -77.5 1.9573594853420782 4
0001 0004 1710927810227 -81.375 -67.5 4.828971520263998 4
0001 0011 1710927810227 81.375 -62.5 0.9326603190344698 4
0001 0000 1710927810228 -120.4375 -69.5 0.8344855486097889 4
0001 0010 1710927810228 -13.0 -54.5 3.9269908169872414 4
0001 0003 1710927810229 -32.5 -67.5 5.816855147662351 4
0001 0012 1710927810229 3.25 -55.0 2.6323110320117604 4
0001 0007 1710927810230 22.75 -61.0 0.5706408530934585 4
0001 0005 1710927810230 -13.0 -64.0 3.393165502803038 4
0001 0008 1710927810230 -3.25 -57.5 5.835262917116979 4
0001 0015 1710927810231 -16.25 -60.5 2.337786720737717 4
0001 0009 1710927810231 -107.375 -62.5 5.3627968344482015 4
0001 0014 1710927810232 -6.5 -64.0 5.970253226450915 4
0001 0002 1710927810298 6.0625 -78.0 1.9389517158874505 4
0001 0008 1710927810479 16.25 -58.0 5.792311455056181 4
0001 0005 1710927810480 13.0 -63.5 3.4606606574700063 4
0001 0011 1710927810481 -6.5 -62.0 1.0799224746714913 4
0001 0007 1710927810482 3.25 -61.0 0.607456392002714 4
0001 0014 1710927810483 65.0625 -64.5 5.8659425328746915 4
0001 0010 1710927810484 -16.25 -54.5 3.988350048502667 4
0001 0012 1710927810498 7.3125 -55.0 2.6691265709210157 4
0001 0000 1710927810500 9.75 -68.0 0.6320000846088841 4
0001 0003 1710927810501 -48.8125 -68.0 5.915029918087033 4
0001 0004 1710927810502 -29.25 -67.0 4.73693267299086 4
0001 0009 1710927810503 27.625 -62.5 5.184855063053467 4
0001 0015 1710927810504 16.25 -61.0 2.3009711818284617 4
0001 0002 1710927810508 2.875 -79.0 1.88986433067511 4
0001 0014 1710927810509 -3.25 -64.0 6.031612457966341 4
0001 0005 1710927810510 48.8125 -63.5 3.3870295796514958 4
0001 0004 1710927810511 -97.625 -67.0 5.0253210611133605 4
0001 0003 1710927810512 19.5 -68.0 5.6941366846315 4
0001 0008 1710927810513 -16.25 -58.0 5.890486225480862 4
0001 0012 1710927810514 0.0 -55.0 2.693670263527186 4
0001 0000 1710927810515 30.875 -69.5 0.7669903939428205 4
0001 0007 1710927810516 42.3125 -61.0 0.6258641614573416 4
0001 0010 1710927810517 0.0 -54.0 4.0128937411088375 4
0001 0011 1710927810518 39.0 -62.5 1.086058397823034 4
0001 0015 1710927810518 22.75 -61.0 2.2948352586769194 4
0001 0009 1710927810519 -41.5 -63.0 5.381204603902829 4
0001 0002 1710927810547 -4.375 -78.5 2.061670178918302 4
0001 0011 1710927810749 3.25 -62.0 1.2210487071569704 4
0001 0010 1710927810750 -16.25 -54.0 4.080388895775806 4
0001 0003 1710927810751 162.75 -68.0 5.626641529964532 4
0001 0012 1710927810752 35.75 -55.0 2.662990647769473 4
0001 0004 1710927810752 45.5625 -67.5 4.7860200582032 4
0001 0009 1710927810753 -45.5625 -62.5 5.350524988145116 4
0001 0015 1710927810754 48.8125 -61.0 2.2764274892222915 4
0001 0005 1710927810755 30.875 -64.0 3.454524734318464 4
0001 0000 1710927810756 26.0 -68.5 0.8651651643675016 4
0001 0008 1710927810757 -32.5 -58.5 6.031612457966341 4
0001 0014 1710927810758 9.75 -64.5 5.970253226450915 4
0001 0007 1710927810759 -6.5 -61.5 0.7669903939428205 4
0001 0002 1710927810760 -16.625 -79.0 2.2948352586769194 4
0001 0000 1710927810761 69.125 -68.0 0.9081166264282996 4
0001 0011 1710927810762 26.0 -62.5 1.2701360923693108 4
0001 0008 1710927810763 13.0 -58.5 6.031612457966341 4
0001 0015 1710927810763 -26.0 -60.5 2.442097414313941 4
0001 0007 1710927810764 29.25 -61.5 0.6933593161243098 4
0001 0005 1710927810765 -3.25 -63.5 3.552699504743145 4
0001 0010 1710927810766 -16.25 -54.0 4.135612204139688 4
0001 0003 1710927810766 71.5625 -68.0 5.706408530934585 4
0001 0012 1710927810767 34.9375 -55.0 2.6875343403756435 4
0001 0014 1710927810768 9.75 -64.0 5.945709533844745 4
0001 0004 1710927810769 -113.875 -67.0 5.240078371417351 4
0001 0009 1710927810771 30.875 -63.0 5.399612373357457 4
0001 0002 1710927811000 -10.625 -79.0 5.393476450205914 4
0001 0015 1710927811001 35.75 -61.5 2.337786720737717 4
0001 0008 1710927811002 6.5 -58.5 6.0991076126333095 4
0001 0005 1710927811003 52.0625 -63.5 3.5158839658338894 4
0001 0012 1710927811004 -19.5 -55.0 2.779573187648782 4
0001 0014 1710927811005 -39.0 -64.5 6.037748381117884 4
0001 0000 1710927811006 -104.125 -69.0 1.1228739367322893 4
0001 0011 1710927811008 -22.75 -62.5 1.368310862793992 4
0001 0009 1710927811008 21.125 -63.0 5.47937937432751 4
0001 0010 1710927811009 16.25 -54.0 4.147884050442774 4
0001 0007 1710927811010 16.25 -61.5 0.7915340865489908 4
0001 0003 1710927811011 -81.375 -67.5 5.8659425328746915 4
0001 0004 1710927811012 -42.3125 -67.0 5.209398755659637 4
0001 0002 1710927811013 1.5 -79.0 5.393476450205914 4
0001 0015 1710927811014 -35.75 -61.5 2.435961491162398 4
0001 0012 1710927811015 0.0 -55.0 2.773437264497239 4
0001 0005 1710927811015 35.75 -63.0 3.552699504743145 4
0001 0003 1710927811016 19.5 -67.5 5.780039608753096 4
0001 0007 1710927811017 0.0 -61.5 0.8467573949128739 4
0001 0004 1710927811018 19.5 -67.5 5.043728830567988 4
0001 0009 1710927811019 -76.4375 -63.5 5.626641529964532 4
0001 0010 1710927811019 22.75 -54.0 4.172427743048944 4
0001 0008 1710927811020 -16.25 -58.5 6.2034183062095325 4
0001 0011 1710927811021 -3.25 -62.5 1.3621749396424494 4
0001 0014 1710927811022 35.75 -64.5 5.921165841238575 4
0001 0000 1710927811023 19.5 -68.5 0.9694758579437253 4
0001 0002 1710927811244 1.5 -78.5 5.399612373357457 4
0001 0005 1710927811245 -84.625 -64.0 3.663146121470911 4
0001 0011 1710927811246 26.0 -62.0 1.3437671701878218 4
0001 0003 1710927811246 74.8125 -67.5 5.651185222570702 4
0001 0012 1710927811247 13.0 -55.0 2.736621725587984 4
0001 0014 1710927811248 3.25 -64.5 5.927301764390117 4
0001 0010 1710927811250 -6.5 -54.0 4.246058820867455 4
0001 0008 1710927811250 -35.75 -58.5 6.258641614573416 4
0001 0000 1710927811250 48.8125 -69.0 1.0492428589137786 4
0001 0004 1710927811251 81.375 -67.0 5.043728830567988 4
0001 0007 1710927811252 78.0625 -61.0 0.7547185476397354 4
0001 0009 1710927811253 -30.875 -63.0 5.608233760509904 4
0001 0015 1710927811254 3.25 -61.0 2.356194490192345 4
0001 0002 1710927811255 2.125 -78.5 5.497787143782138 4
0001 0000 1710927811255 -61.8125 -68.0 1.214912784005428 4
0001 0012 1710927811256 13.0 -55.0 2.736621725587984 4
0001 0007 1710927811257 -26.0 -61.0 0.9265243958829272 4
0001 0011 1710927811258 58.5625 -62.0 1.3192234775816514 4
0001 0003 1710927811259 81.375 -67.0 5.749359992995383 4
0001 0015 1710927811259 6.5 -61.0 2.3930100291016 4
0001 0005 1710927811260 -7.3125 -65.0 3.5956509668039427 4
0001 0008 1710927811261 9.75 -58.5 6.240233845118788 4
0001 0010 1710927811262 19.5 -54.0 4.270602513473625 4
0001 0004 1710927811263 -74.8125 -67.5 5.295301679781233 4
0001 0014 1710927811263 0.0 -64.0 5.957981380147831 4
0001 0009 1710927811264 -13.8125 -62.5 5.577554144752192 4
0001 0002 1710927811488 0.25 -78.5 2.3316507975861747 4
0001 0003 1710927811489 97.625 -67.5 5.810719224510809 4
0001 0009 1710927811490 10.5625 -62.0 5.632777453116074 4
0001 0012 1710927811491 13.0 -55.0 2.7857091108003242 4
0001 0010 1710927811491 16.25 -54.0 4.295146206079795 4
0001 0011 1710927811493 13.0 -62.0 1.4603497100671303 4
0001 0005 1710927811494 -21.125 -64.5 3.6017868899554855 4
0001 0008 1710927811494 -3.25 -58.0 0.02454369260617026 4
0001 0000 1710927811495 26.0 -68.0 1.1167380135807468 4
0001 0014 1710927811496 -55.3125 -64.5 6.062292073724054 4
0001 0015 1710927811496 -42.3125 -61.5 2.4850488763747385 4
0001 0007 1710927811497 19.5 -61.0 0.9510680884890975 4
0001 0004 1710927811498 -179.0 -67.0 5.47937937432751 4
0001 0002 1710927811499 0.5625 -79.0 5.283029833478148 4
0001 0012 1710927811500 6.5 -55.0 2.8102528034064944 4
0001 0009 1710927811500 22.75 -62.5 5.608233760509904 4
0001 0000 1710927811501 -16.25 -67.5 1.2762720155208536 4
0001 0003 1710927811502 -32.5 -68.0 6.062292073724054 4
0001 0010 1710927811503 3.25 -54.0 4.28287435977671 4
0001 0015 1710927811504 26.0 -61.0 2.36846633649543 4
0001 0007 1710927811505 -16.25 -61.0 1.0921943209745766 4
0001 0008 1710927811506 -16.25 -58.5 0.09817477042468103 4
0001 0011 1710927811506 16.25 -62.0 1.3928545554001621 4
0001 0004 1710927811507 -84.625 -66.5 5.393476450205914 4
0001 0014 1710927811508 58.5625 -64.5 5.829126993965437 4
0001 0005 1710927811509 -30.875 -64.5 3.5711072741977725 4
0001 0007 1710927811765 3.25 -60.5 0.8774370106705868 4
0001 0000 1710927811765 104.125 -66.5 1.5830681730979816 4
0001 0012 1710927811767 26.0 -56.0 2.4911847995262812 4
0001 0003 1710927811767 -166.0 -68.0 0.1595340019401067 4
0001 0015 1710927811768 -19.5 -61.0 2.448233337465483 4
0001 0010 1710927811770 -13.0 -54.0 3.988350048502667 4
0001 0008 1710927811770 16.25 -57.0 0.1227184630308513 4
0001 0005 1710927811770 35.75 -63.0 3.6570101983193686 4
0001 0009 1710927811771 -48.8125 -61.5 5.755495916146925 4
0001 0004 1710927811772 -9.75 -66.5 5.074408446325701 4
0001 0014 1710927811773 -45.5625 -64.0 5.945709533844745 4
0001 0011 1710927811774 19.5 -66.0 0.521553467881118 4
0001 0011 1710927811774 52.0625 -67.5 5.5100589900852235 4
0001 0004 1710927811775 32.5 -66.5 5.019185137961818 4
0001 0005 1710927811776 -16.25 -62.0 3.724505352986337 4
0001 0012 1710927811777 48.8125 -57.0 2.012582793705961 4
0001 0000 1710927811777 7.3125 -66.0 2.4605051837685683 4
0001 0010 1710927811778 -3.25 -53.0 3.3195344249845276 4
0001 0009 1710927811779 7.3125 -62.5 5.338253141842031 4
0001 0015 1710927811779 -39.0 -61.0 2.411417798556228 4
0001 0007 1710927811780 -26.0 -59.5 0.47860200582032003 4
0001 0008 1710927811781 -3.25 -55.5 0.0 4
0001 0003 1710927811781 126.9375 -68.5 0.7117670855789375 4
0001 0014 1710927811794 -26.0 -64.5 6.019340611663256 4
0001 0006 1710927811798 -4.875 -72.5 2.405281875404685 4
0001 0010 1710927812010 6.5 -50.5 2.086213871524472 4
0001 0012 1710927812011 -114.6875 -59.0 1.552388557340269 4
0001 0009 1710927812011 62.625 -68.0 1.9573594853420782 4
0001 0007 1710927812012 -32.5 -59.5 5.724816300389213 4
0001 0011 1710927812013 -48.8125 -65.0 2.1598449493429825 4
0001 0008 1710927812013 -13.0 -54.5 6.111379458936394 4
0001 0003 1710927812014 -117.125 -70.5 2.478912953223196 4
0001 0004 1710927812015 9.75 -62.5 4.921010367537137 4
0001 0005 1710927812015 -6.5 -64.5 2.834796496012665 4
0001 0006 1710927812016 -52.0625 -70.0 2.1353012567368124 4
0001 0014 1710927812017 -9.75 -63.0 5.829126993965437 4
0001 0015 1710927812017 -22.75 -61.5 2.0923497946760143 4
0001 0000 1710927812018 55.3125 -63.5 2.9636508821950587 4
0001 0010 1710927812019 -6.5 -53.5 0.4540583132141498 4
0001 0014 1710927812019 -42.3125 -61.5 5.749359992995383 4
0001 0009 1710927812020 -3.25 -54.5 5.878214379177777 4
0001 0008 1710927812021 -45.5625 -58.5 0.1227184630308513 4
0001 0013 1710927812022 22.75 -67.5 3.5588354278946874 4
0001 0015 1710927812023 6.5 -61.5 1.2210487071569704 4
0001 0004 1710927812024 9.75 -61.0 4.424000592262189 4
0001 0011 1710927812025 3.25 -61.5 5.6573211457222445 4
0001 0012 1710927812026 0.0 -58.5 0.030679615757712823 4
0001 0000 1710927812026 13.0 -61.0 3.8533597391687304 4
0001 0005 1710927812027 -19.5 -63.0 0.46019423636569234 4
0001 0002 1710927812047 1.8125 -76.5 0.09203884727313846 4
0001 0007 1710927812298 0.25 -72.0 6.2034183062095325 4
0001 0008 1710927812299 35.75 -64.0 1.902136176978195 4
0001 0014 1710927812299 -52.0625 -60.5 5.700272607783043 4
0001 0009 1710927812300 -3.25 -57.5 5.043728830567988 4
0001 0005 1710927812301 -26.0 -59.5 5.878214379177777 4
0001 0010 1710927812301 13.0 -60.5 5.442563835418255 4
0001 0012 1710927812302 -9.75 -57.5 5.780039608753096 4
0001 0007 1710927812303 3.25 -64.0 4.589670517353839 4
0001 0013 1710927812303 -68.3125 -64.0 4.417864669110647 4
0001 0011 1710927812304 -3.25 -61.0 3.933126740138784 4
0001 0000 1710927812305 55.3125 -62.5 3.3318062712876126 4
0001 0004 1710927812305 -35.75 -67.5 2.8532042654672924 4
0001 0002 1710927812306 -3.0 -77.5 5.8045833013592665 4
0001 0004 1710927812506 -61.8125 -68.0 0.1227184630308513 4
0001 0012 1710927812507 0.0 -59.0 5.93343768754166 4
0001 0010 1710927812507 -16.25 -68.0 5.325981295538946 4
0001 0008 1710927812509 -6.5 -54.0 0.6442719309119693 4
0001 0013 1710927812509 -29.25 -64.0 4.362641360746763 4
0001 0011 1710927812509 45.5625 -68.0 3.429981041712294 4
0001 0014 1710927812510 61.8125 -62.5 5.700272607783043 4
0001 0000 1710927812512 100.875 -69.5 1.705786636128833 4
0001 0007 1710927812512 6.5 -65.5 2.9145634969827183 4
0001 0002 1710927812512 10.9375 -77.0 4.190835512503572 4
0001 0007 1710927812513 -58.5625 -66.0 2.748893571891069 4
0001 0008 1710927812514 -3.25 -55.5 0.6933593161243098 4
0001 0011 1710927812514 0.0 -68.0 3.4177091954092087 4
0001 0014 1710927812515 52.0625 -62.5 5.663457068873787 4
0001 0012 1710927812516 -19.5 -59.0 6.056156150572511 4
0001 0013 1710927812516 13.0 -63.0 4.374913207049849 4
0001 0000 1710927812517 24.375 -70.5 1.576932249946439 4
0001 0004 1710927812518 -35.75 -66.5 0.030679615757712823 4
0001 0010 1710927812518 -166.0 -69.5 5.749359992995383 4
0001 0002 1710927812546 1.1875 -77.5 1.3069516312785663 4
0001 0015 1710927812797 -5.4375 -72.5 0.09203884727313846 4
0001 0007 1710927812798 61.8125 -66.0 2.748893571891069 4
0001 0014 1710927812799 -94.375 -62.5 5.939573610693203 4
0001 0012 1710927812800 -6.5 -59.5 6.092971689481767 4
0001 0010 1710927812800 39.0 -68.0 5.553010452146021 4
0001 0008 1710927812802 -61.8125 -54.5 0.8467573949128739 4
0001 0000 1710927812802 48.8125 -70.0 1.88986433067511 4
0001 0011 1710927812802 -29.25 -67.0 3.6570101983193686 4
0001 0004 1710927812803 -39.0 -67.5 0.4111068511533518 4
0001 0013 1710927812803 -65.0625 -63.5 4.411728745959104 4
0001 0002 1710927812804 -21.3125 -78.0 4.884194828627882 4
0001 0015 1710927812804 0.25 -72.5 0.05522330836388308 4
0001 0011 1710927812935 71.5625 -66.5 3.6079228131070282 4
0001 0008 1710927812936 0.0 -54.5 0.7731263170943632 4
0001 0012 1710927812937 -13.0 -59.0 6.129787228391022 4
0001 0013 1710927812937 -13.0 -63.0 4.3933209765044765 4
0001 0000 1710927812938 -65.0625 -69.0 2.1598449493429825 4
0001 0014 1710927812939 22.75 -62.5 5.7616318392984684 4
0001 0007 1710927812939 19.5 -65.0 2.9329712664373457 4
0001 0004 1710927812940 -58.5625 -66.5 0.4540583132141498 4
0001 0010 1710927812941 16.25 -68.5 5.71868037723767 4
0001 0015 1710927812941 -3.625 -72.5 0.04295146206079795 4
0001 0002 1710927812942 0.5625 -77.5 4.669437518323892 4
0001 0007 1710927812943 -13.0 -65.0 2.8409324191642074 4
0001 0011 1710927812943 84.625 -67.5 3.5036121195308043 4
0001 0008 1710927812944 -32.5 -54.5 0.8160777791551611 4
0001 0013 1710927812945 -6.5 -63.5 4.3933209765044765 4
0001 0014 1710927812946 -19.5 -62.5 5.841398840268521 4
0001 0000 1710927812946 13.8125 -69.0 1.9512235621905356 4
0001 0012 1710927812947 3.25 -59.5 6.105243535784852 4
0001 0004 1710927812947 -123.6875 -67.0 0.5460971604872883 4
0001 0010 1710927812948 -162.75 -67.5 5.896622148632405 4
0001 0015 1710927813046 -0.5625 -72.0 0.1043106935762236 4
0001 0002 1710927813047 12.1875 -77.5 4.454680208019902 4
0001 0011 1710927813171 -35.75 -68.0 3.6201946594101133 4
0001 0007 1710927813172 19.5 -65.0 2.7979809571034093 4
0001 0012 1710927813172 0.0 -59.5 6.12365130523948 4
0001 0004 1710927813173 -65.0625 -66.5 0.3988350048502667 4
0001 0014 1710927813173 29.25 -63.0 5.730952223540755 4
0001 0008 1710927813174 -39.0 -54.5 0.7915340865489908 4
0001 0000 1710927813175 -76.4375 -69.0 2.1537090261914402 4
0001 0013 1710927813176 0.0 -63.0 4.3933209765044765 4
0001 0010 1710927813177 -71.5625 -68.0 5.64504929941916 4
0001 0015 1710927813177 5.4375 -73.0 0.0 4
0001 0002 1710927813178 21.9375 -77.5 4.338097668140593 4
0001 0010 1710927813178 19.5 -68.0 5.724816300389213 4
0001 0008 1710927813180 -26.0 -54.5 0.760854470791278 4
0001 0011 1710927813180 13.0 -68.5 3.6876898140770815 4
0001 0013 1710927813181 -6.5 -64.0 4.374913207049849 4
0001 0014 1710927813181 -19.5 -62.5 5.8045833013592665 4
0001 0012 1710927813182 13.0 -59.5 6.105243535784852 4
0001 0004 1710927813182 -9.75 -66.5 0.22089323345553233 4
0001 0000 1710927813183 -52.0625 -69.5 1.8407769454627694 4
0001 0007 1710927813183 87.875 -65.0 2.761165418194154 4
0001 0015 1710927813298 9.75 -72.5 0.07976700097005335 4
0001 0002 1710927813298 -1.1875 -77.5 4.442408361716817 4
0001 0000 1710927813299 13.8125 -69.5 2.030990563160589 4
0001 0004 1710927813299 110.625 -66.5 6.234097921967246 4
0001 0014 1710927813300 -16.25 -62.5 5.767767762450011 4
0001 0012 1710927813300 3.25 -59.5 6.074563920027139 4
0001 0010 1710927813301 55.3125 -68.0 5.356660911296659 4
0001 0008 1710927813301 -26.0 -54.5 0.7547185476397354 4
0001 0007 1710927813302 16.25 -65.5 2.816388726558037 4
0001 0011 1710927813302 22.75 -68.0 3.5158839658338894 4
0001 0013 1710927813303 29.25 -63.5 4.344233591292136 4
0001 0015 1710927813529 -4.25 -72.0 0.09203884727313846 4
0001 0002 1710927813530 17.0625 -77.5 1.0737865515199487 4
0001 0011 1710927813530 48.8125 -67.5 3.485204350076177 4
0001 0014 1710927813531 26.0 -63.0 5.767767762450011 4
0001 0013 1710927813532 84.625 -63.5 4.270602513473625 4
0001 0012 1710927813532 -22.75 -59.5 6.105243535784852 4
0001 0010 1710927813533 48.8125 -68.0 5.638913376267617 4
0001 0004 1710927813533 -26.0 -68.0 0.11044661672776616 4
0001 0008 1710927813534 -35.75 -54.5 0.7117670855789375 4
0001 0000 1710927813534 83.0 -69.5 1.6751070203711202 4
0001 0007 1710927813535 -94.375 -65.0 2.9329712664373457 4
0001 0015 1710927813535 -10.9375 -72.5 0.1227184630308513 4
0001 0002 1710927813537 22.5625 -77.0 4.154019973594316 4
0001 0011 1710927813537 -39.0 -67.5 3.4913402732277192 4
0001 0010 1710927813538 -61.8125 -69.0 5.663457068873787 4
0001 0004 1710927813538 -26.0 -66.5 6.270913460876501 4
0001 0008 1710927813539 -13.0 -54.5 0.6565437772150544 4
0001 0014 1710927813540 -45.5625 -63.0 5.835262917116979 4
0001 0012 1710927813540 -24.375 -59.5 6.074563920027139 4
0001 0000 1710927813541 21.125 -70.5 1.846912868614312 4
0001 0013 1710927813542 0.0 -63.0 4.313553975534423 4
0001 0007 1710927813542 -65.0625 -65.5 2.804116880254952 4
0001 0015 1710927813768 1.1875 -72.5 0.018407769454627694 4
0001 0002 1710927813769 -20.125 -77.0 4.362641360746763 4
0001 0007 1710927813770 -19.5 -65.5 2.791845033951867 4
0001 0000 1710927813770 -156.1875 -69.5 1.9696313316451632 4
0001 0008 1710927813771 -32.5 -54.0 0.6381360077604268 4
0001 0004 1710927813771 26.0 -66.5 6.160466844148735 4
0001 0013 1710927813772 -6.5 -64.0 4.356505437595221 4
0001 0010 1710927813773 -107.375 -68.5 5.485515297479052 4
0001 0012 1710927813773 3.25 -59.5 6.062292073724054 4
0001 0011 1710927813774 -3.25 -68.0 3.454524734318464 4
0001 0014 1710927813774 48.8125 -62.5 5.681864838328415 4
0001 0002 1710927813775 -10.9375 -77.0 4.178563666200486 4
0001 0015 1710927813775 9.75 -72.0 0.07976700097005335 4
0001 0014 1710927813776 6.5 -62.5 5.755495916146925 4
0001 0010 1710927813777 -139.9375 -68.0 5.589825991055276 4
0001 0008 1710927813777 -3.25 -54.0 0.5645049299419159 4
0001 0012 1710927813778 3.25 -59.0 6.080699843178682 4
0001 0011 1710927813778 -13.0 -67.5 3.4606606574700063 4
0001 0004 1710927813779 13.0 -66.5 6.135923151542564 4
0001 0013 1710927813780 35.75 -64.0 4.28287435977671 4
0001 0000 1710927813780 -35.75 -70.0 1.7303303287350031 4
0001 0007 1710927813781 19.5 -65.0 2.6875343403756435 4
0001 0002 1710927813807 0.5625 -77.0 4.129476280988146 4
0001 0015 1710927813808 5.4375 -72.0 0.14726215563702155 4
0001 0013 1710927814015 -52.0625 -64.5 4.448544284868359 4
0001 0010 1710927814015 71.5625 -67.0 5.209398755659637 4
0001 0012 1710927814016 27.625 -60.0 6.1420590746941075 4
0001 0011 1710927814016 -61.8125 -67.5 3.043417883165112 4
0001 0014 1710927814017 3.25 -62.5 5.8475347634200645 4
0001 0007 1710927814017 35.75 -65.0 2.693670263527186 4
0001 0008 1710927814018 -35.75 -53.5 0.6135923151542565 4
0001 0004 1710927814018 -68.3125 -67.5 0.03681553890925539 4
0001 0000 1710927814019 -13.8125 -70.0 1.9512235621905356 4
0001 0015 1710927814019 -39.0 -68.0 5.7616318392984684 4
0001 0002 1710927814020 11.5625 -77.0 1.030835089459151 4
0001 0012 1710927814021 34.9375 -59.5 6.12365130523948 4
0001 0015 1710927814022 -126.9375 -67.5 5.8659425328746915 4
0001 0014 1710927814023 -9.75 -62.5 5.853670686571607 4
0001 0007 1710927814024 -26.0 -66.0 2.767301341345697 4
0001 0000 1710927814024 68.3125 -70.0 1.9634954084936207 4
0001 0008 1710927814025 -3.25 -53.5 0.5460971604872883 4
0001 0013 1710927814025 -68.3125 -64.5 4.552854978444583 4
0001 0010 1710927814026 -13.0 -67.0 5.264622064023521 4
0001 0004 1710927814027 -35.75 -66.5 0.04908738521234052 4
0001 0011 1710927814027 117.125 -66.5 2.816388726558037 4
0001 0002 1710927814056 -35.375 -77.5 0.9817477042468103 4
0001 0014 1710927814254 -3.25 -63.0 5.835262917116979 4
0001 0013 1710927814254 19.5 -65.0 4.399456899656019 4
0001 0012 1710927814255 7.3125 -59.5 6.1420590746941075 4
0001 0008 1710927814255 3.25 -53.0 0.5338253141842031 4
0001 0000 1710927814256 13.0 -69.0 2.2396119503130363 4
0001 0011 1710927814256 13.0 -67.0 2.945243112740431 4
0001 0004 1710927814264 -39.0 -67.0 6.22182607566416 4
0001 0010 1710927814264 65.0625 -66.5 5.141903600992669 4
0001 0007 1710927814265 65.0625 -66.0 2.662990647769473 4
0001 0015 1710927814265 -87.875 -68.5 5.853670686571607 4
0001 0002 1710927814266 -3.0 -77.0 0.9081166264282996 4
0001 0012 1710927814266 19.5 -59.5 6.111379458936394 4
0001 0015 1710927814272 -22.75 -67.5 5.755495916146925 4
0001 0010 1710927814272 -55.3125 -66.5 5.270757987175063 4
0001 0000 1710927814273 -9.75 -70.5 2.116893487282185 4
0001 0014 1710927814273 6.5 -62.5 5.890486225480862 4
0001 0008 1710927814274 13.0 -53.5 0.5154175447295755 4
0001 0013 1710927814274 -9.75 -64.5 4.448544284868359 4
0001 0004 1710927814275 -39.0 -65.5 0.0 4
0001 0011 1710927814276 -19.5 -67.5 2.9084275738311756 4
0001 0007 1710927814276 16.25 -65.0 2.6875343403756435 4
0001 0002 1710927814296 9.125 -77.5 4.074252972624263 4
0001 0010 1710927814481 -117.125 -67.0 5.356660911296659 4
0001 0014 1710927814482 6.5 -62.5 5.7616318392984684 4
0001 0004 1710927814482 -74.8125 -66.0 0.0 4
0001 0015 1710927814482 -81.375 -68.5 5.743224069843841 4
0001 0008 1710927814483 -13.0 -53.5 0.5276893910326605 4
0001 0011 1710927814483 -45.5625 -66.0 2.9759227284981438 4
0001 0012 1710927814484 19.5 -59.5 6.086835766330224 4
0001 0000 1710927814484 -27.625 -70.5 1.9696313316451632 4
0001 0013 1710927814485 -26.0 -65.0 4.460816131171445 4
0001 0007 1710927814485 -19.5 -65.5 2.767301341345697 4
0001 0002 1710927814485 -18.875 -77.5 4.166291819897402 4
0001 0012 1710927814486 42.3125 -59.5 6.050020227420969 4
0001 0008 1710927814487 9.75 -53.5 0.4908738521234052 4
0001 0004 1710927814487 52.0625 -66.0 6.111379458936394 4
0001 0007 1710927814488 42.3125 -65.5 2.423689644859313 4
0001 0015 1710927814488 52.0625 -67.0 5.45483568172134 4
0001 0011 1710927814489 68.3125 -66.5 2.773437264497239 4
0001 0014 1710927814489 94.375 -62.5 5.681864838328415 4
0001 0010 1710927814490 -107.375 -66.0 5.350524988145116 4
0001 0013 1710927814490 -26.0 -65.0 4.460816131171445 4
0001 0000 1710927814490 -55.3125 -71.0 2.055534255766759 4
0001 0002 1710927814547 35.375 -77.5 3.859495662320273 4
0001 0011 1710927814721 16.25 -66.5 2.791845033951867 4
0001 0008 1710927814721 -6.5 -53.0 0.5154175447295755 4
0001 0012 1710927814721 0.0 -60.0 6.105243535784852 4
0001 0013 1710927814722 -13.0 -64.5 4.485359823777615 4
0001 0014 1710927814722 42.3125 -62.5 5.7616318392984684 4
0001 0007 1710927814723 -13.0 -65.0 2.650718801466388 4
0001 0010 1710927814723 -13.0 -66.0 5.221670601962723 4
0001 0015 1710927814724 -65.0625 -68.5 5.890486225480862 4
0001 0004 1710927814724 -22.75 -66.0 6.227961998815704 4
0001 0000 1710927814724 172.5 -71.0 1.705786636128833 4
0001 0002 1710927814725 -6.0625 -77.5 4.086524818927348 4
0001 0004 1710927814725 65.0625 -66.0 6.135923151542564 4
0001 0008 1710927814727 -3.25 -53.5 0.48473792897186263 4
0001 0015 1710927814727 -71.5625 -68.0 5.700272607783043 4
0001 0014 1710927814727 -39.0 -62.5 5.878214379177777 4
0001 0012 1710927814728 -6.5 -59.5 6.105243535784852 4
0001 0010 1710927814728 -65.0625 -67.0 5.221670601962723 4
0001 0011 1710927814729 9.75 -67.5 2.816388726558037 4
0001 0007 1710927814729 -19.5 -65.0 2.6139032625571326 4
0001 0013 1710927814730 -74.8125 -64.5 4.565126824747668 4
0001 0000 1710927814730 0.0 -70.5 2.086213871524472 4
0001 0002 1710927814796 29.25 -77.5 4.01902966426038 4
0001 0008 1710927814964 -22.75 -53.5 0.5154175447295755 4
0001 0004 1710927814964 81.375 -65.5 5.982525072754001 4
0001 0000 1710927814964 -17.0625 -70.0 1.846912868614312 4
0001 0013 1710927814965 -61.8125 -64.5 4.522175362686871 4
0001 0015 1710927814965 -126.9375 -69.0 5.798447378207723 4
0001 0010 1710927814966 -55.3125 -67.0 5.368932757599744 4
0001 0011 1710927814966 -156.1875 -67.0 3.08636934522591 4
0001 0007 1710927814967 35.75 -65.5 2.5280003384355365 4
0001 0012 1710927814967 0.0 -59.5 6.074563920027139 4
0001 0014 1710927814968 -19.5 -63.0 5.822991070813893 4
0001 0002 1710927814968 4.875 -77.0 3.9269908169872414 4
0001 0012 1710927814968 10.5625 -60.0 6.037748381117884 4
0001 0013 1710927814970 -107.375 -64.0 4.589670517353839 4
0001 0000 1710927814970 128.5625 -70.0 1.5830681730979816 4
0001 0007 1710927814970 45.5625 -65.5 2.429825568010856 4
0001 0010 1710927814971 -65.0625 -67.5 5.184855063053467 4
0001 0008 1710927814971 16.25 -54.0 0.47860200582032003 4
0001 0004 1710927814972 -9.75 -65.0 5.982525072754001 4
0001 0015 1710927814972 19.5 -68.5 5.50392306693368 4
0001 0011 1710927814973 3.25 -68.0 2.82252464970958 4
0001 0014 1710927814973 9.75 -62.5 5.755495916146925 4
0001 0002 1710927815045 4.875 -76.5 3.9515345095934116 4
