0001 0005 1710927817618 -39.0 -62.5 3.1968159619536762 4
0001 0008 1710927817619 61.8125 -61.0 0.8099418560036186 4
0001 0004 1710927817619 9.75 -67.0 5.387340527054372 4
0001 0003 1710927817620 -94.375 -67.0 5.589825991055276 4
0001 0012 1710927817621 30.875 -52.5 2.60776733940559 4
0001 0007 1710927817622 13.0 -59.0 0.9142525495798421 4
0001 0014 1710927817622 19.5 -64.0 5.884350302329319 4
0001 0010 1710927817624 -42.3125 -53.5 4.01902966426038 4
0001 0011 1710927817624 42.3125 -58.5 1.5155730184310134 4
0001 0015 1710927817625 3.25 -61.0 2.4175537217077703 4
0001 0009 1710927817627 41.5 -60.5 6.277049384028044 4
0001 0000 1710927817627 -113.875 -70.5 1.1965050145508 4
0001 0013 1710927817628 -4.25 -72.0 0.9265243958829272 4
0001 0002 1710927817628 4.375 -76.5 5.921165841238575 4
0001 0012 1710927817629 -17.0625 -53.0 2.650718801466388 4
0001 0010 1710927817629 -3.25 -53.0 4.000621894805752 4
0001 0004 1710927817630 -81.375 -67.0 5.626641529964532 4
0001 0015 1710927817630 -29.25 -61.5 2.5034566458293663 4
0001 0011 1710927817631 32.5 -58.0 1.6873788666742053 4
0001 0009 1710927817631 38.1875 -60.5 0.07363107781851078 4
0001 0005 1710927817631 -13.0 -62.0 3.356349963893783 4
0001 0007 1710927817632 32.5 -59.0 1.1044661672776617 4
0001 0008 1710927817632 42.3125 -60.5 0.8958447801252144 4
0001 0014 1710927817633 -22.75 -64.0 6.007068765360171 4
0001 0003 1710927817633 -42.3125 -67.5 5.749359992995383 4
0001 0000 1710927817633 52.0625 -69.5 1.0615147052168636 4
0001 0002 1710927817869 4.0 -76.5 6.031612457966341 4
0001 0004 1710927817869 -159.5 -67.0 5.773903685601553 4
0001 0015 1710927817870 -9.75 -61.5 2.478912953223196 4
0001 0014 1710927817870 -13.0 -64.5 5.896622148632405 4
0001 0010 1710927817871 -6.5 -53.0 3.9944859716542096 4
0001 0000 1710927817871 55.3125 -70.5 1.1290098598838318 4
0001 0009 1710927817871 27.625 -60.5 0.02454369260617026 4
0001 0007 1710927817872 29.25 -59.0 1.1596894756415448 4
0001 0012 1710927817872 24.375 -53.0 2.552544031041707 4
0001 0008 1710927817873 32.5 -61.0 0.9142525495798421 4
0001 0003 1710927817873 172.5 -67.5 5.522330836388308 4
0001 0011 1710927817874 6.5 -58.0 1.7241944055834606 4
0001 0005 1710927817874 -29.25 -62.0 3.380893656499953 4
0001 0002 1710927817874 1.5625 -76.5 6.086835766330224 4
0001 0008 1710927818025 42.3125 -61.0 0.9326603190344698 4
0001 0004 1710927818026 -110.625 -67.0 5.66959299202533 4
0001 0010 1710927818026 -39.0 -53.5 4.006757817957295 4
0001 0003 1710927818027 45.5625 -67.0 5.6573211457222445 4
0001 0005 1710927818027 -29.25 -62.0 3.479068426924634 4
0001 0011 1710927818028 22.75 -58.5 1.6935147898257479 4
0001 0009 1710927818029 -24.375 -60.0 0.14726215563702155 4
0001 0012 1710927818029 3.25 -52.5 2.5709518004963345 4
0001 0007 1710927818030 13.0 -59.0 1.141281706186917 4
0001 0014 1710927818030 19.5 -64.5 5.872078456026235 4
0001 0015 1710927818030 -29.25 -61.5 2.5034566458293663 4
0001 0000 1710927818031 152.9375 -70.0 1.1290098598838318 4
0001 0002 1710927818031 -3.375 -77.0 0.04295146206079795 4
0001 0011 1710927818032 -22.75 -59.0 1.6996507129772904 4
0001 0010 1710927818032 -26.0 -53.0 3.9453985864418692 4
0001 0012 1710927818033 -24.375 -53.0 2.6016314162540475 4
0001 0014 1710927818033 19.5 -65.0 5.8475347634200645 4
0001 0009 1710927818034 30.875 -59.5 0.09817477042468103 4
0001 0015 1710927818034 19.5 -61.5 2.399145952253143 4
0001 0003 1710927818034 48.8125 -67.0 5.608233760509904 4
0001 0008 1710927818036 42.3125 -60.0 0.8651651643675016 4
0001 0007 1710927818036 -6.5 -59.0 1.1780972450961724 4
0001 0004 1710927818036 87.875 -66.0 5.393476450205914 4
0001 0005 1710927818037 -39.0 -62.0 3.479068426924634 4
0001 0000 1710927818038 74.8125 -71.5 1.043106935762236 4
0001 0002 1710927818134 6.3125 -76.5 5.841398840268521 4
0001 0008 1710927818263 13.0 -60.0 0.9387962421860124 4
0001 0011 1710927818264 -26.0 -59.5 1.6935147898257479 4
0001 0014 1710927818264 -3.25 -65.0 5.927301764390117 4
0001 0004 1710927818264 -35.75 -67.0 5.626641529964532 4
0001 0015 1710927818264 -13.0 -61.5 2.448233337465483 4
0001 0009 1710927818265 -45.5625 -59.5 0.18407769454627693 4
0001 0005 1710927818265 6.5 -62.0 3.4913402732277192 4
0001 0012 1710927818266 10.5625 -53.0 2.5280003384355365 4
0001 0010 1710927818266 22.75 -53.5 3.822680123411018 4
0001 0007 1710927818266 -9.75 -59.5 1.1351457830353744 4
0001 0003 1710927818267 -29.25 -67.0 5.792311455056181 4
0001 0000 1710927818267 180.625 -69.0 1.1351457830353744 4
0001 0011 1710927818267 -22.75 -59.5 1.6566992509164924 4
0001 0007 1710927818268 -6.5 -59.0 1.1044661672776617 4
0001 0015 1710927818268 3.25 -61.5 2.380738182798515 4
0001 0005 1710927818268 -13.8125 -62.0 3.522019888985432 4
0001 0008 1710927818269 -13.0 -59.5 0.8897088569736719 4
0001 0009 1710927818269 -21.125 -59.5 0.09817477042468103 4
0001 0010 1710927818269 -13.0 -53.0 3.7981364308048478 4
0001 0012 1710927818270 13.8125 -53.0 2.435961491162398 4
0001 0000 1710927818270 -10.5625 -69.5 1.214912784005428 4
0001 0003 1710927818271 -16.25 -67.5 5.9518454569962875 4
0001 0004 1710927818271 -55.3125 -66.5 5.632777453116074 4
0001 0014 1710927818271 13.0 -65.0 5.902758071783947 4
0001 0007 1710927818498 9.75 -59.0 1.0615147052168636 4
0001 0004 1710927818498 -97.625 -67.0 5.559146375297564 4
0001 0010 1710927818498 -13.0 -52.5 3.7429131224409646 4
0001 0012 1710927818499 7.3125 -53.5 2.429825568010856 4
0001 0003 1710927818499 6.5 -68.0 6.019340611663256 4
0001 0005 1710927818499 -24.375 -62.0 3.522019888985432 4
0001 0008 1710927818500 26.0 -59.5 0.8160777791551611 4
0001 0000 1710927818500 142.375 -70.0 1.184233168247715 4
0001 0009 1710927818500 13.8125 -60.5 0.03681553890925539 4
0001 0011 1710927818501 26.0 -60.5 1.5585244804918115 4
0001 0014 1710927818501 39.0 -65.0 5.829126993965437 4
0001 0015 1710927818501 -65.0625 -61.0 2.5157284921324514 4
0001 0008 1710927818502 19.5 -60.5 0.7240389318820226 4
0001 0004 1710927818502 35.75 -67.5 5.448699758569798 4
0001 0011 1710927818503 35.75 -60.5 1.4848934026733007 4
0001 0012 1710927818503 -17.0625 -54.0 2.429825568010856 4
0001 0010 1710927818503 -6.5 -52.5 3.6815538909255388 4
0001 0003 1710927818505 29.25 -68.5 5.853670686571607 4
0001 0007 1710927818506 19.5 -59.0 1.000155473701438 4
0001 0015 1710927818506 -22.75 -61.5 2.423689644859313 4
0001 0009 1710927818506 13.8125 -60.0 6.264777537724958 4
0001 0000 1710927818507 34.9375 -71.5 1.012427320004523 4
0001 0005 1710927818507 -10.5625 -62.0 3.509748042682347 4
0001 0014 1710927818507 -45.5625 -64.5 5.982525072754001 4
0001 0008 1710927818623 13.0 -60.0 0.6688156235181395 4
0001 0005 1710927818623 -26.0 -61.5 3.479068426924634 4
0001 0011 1710927818624 68.3125 -61.0 1.509437095279471 4
0001 0009 1710927818624 0.0 -60.0 6.252505691421874 4
0001 0003 1710927818625 6.5 -67.5 6.019340611663256 4
0001 0010 1710927818625 -9.75 -52.5 3.6570101983193686 4
0001 0014 1710927818625 -35.75 -64.5 5.9518454569962875 4
0001 0012 1710927818626 -3.25 -54.0 2.380738182798515 4
0001 0015 1710927818626 19.5 -61.5 2.350058567040802 4
0001 0004 1710927818626 -13.0 -67.0 5.47937937432751 4
0001 0007 1710927818627 16.25 -59.0 0.9203884727313847 4
0001 0000 1710927818627 239.25 -69.5 0.8774370106705868 4
0001 0010 1710927818850 0.0 -52.5 3.6324665057131984 4
0001 0009 1710927818851 -21.125 -60.5 6.277049384028044 4
0001 0003 1710927818851 58.5625 -67.5 5.890486225480862 4
0001 0000 1710927818851 52.0625 -70.0 1.1965050145508 4
0001 0012 1710927818852 -7.3125 -54.0 2.3623304133438876 4
0001 0004 1710927818852 -13.0 -67.0 5.522330836388308 4
0001 0011 1710927818853 -13.0 -61.5 1.5033011721279284 4
0001 0014 1710927818853 -39.0 -65.0 6.007068765360171 4
0001 0015 1710927818853 68.3125 -61.5 2.2948352586769194 4
0001 0005 1710927818854 -21.125 -62.0 3.509748042682347 4
0001 0007 1710927818854 97.625 -59.5 0.8344855486097889 4
0001 0008 1710927818855 26.0 -59.5 0.6013204688511713 4
0001 0014 1710927818855 84.625 -64.5 5.8475347634200645 4
0001 0004 1710927818855 -3.25 -67.0 5.50392306693368 4
0001 0010 1710927818856 13.0 -52.5 3.6324665057131984 4
0001 0011 1710927818856 26.0 -62.0 1.4726215563702154 4
0001 0007 1710927818856 13.0 -59.0 0.9940195505498954 4
0001 0008 1710927818857 19.5 -60.0 0.619728238305799 4
0001 0003 1710927818857 -48.8125 -68.0 5.994796919057086 4
0001 0012 1710927818857 -10.5625 -54.0 2.380738182798515 4
0001 0009 1710927818858 7.3125 -60.0 6.264777537724958 4
0001 0015 1710927818858 32.5 -62.0 2.325514874434632 4
0001 0005 1710927818859 -35.75 -61.5 3.6815538909255388 4
0001 0000 1710927818859 194.4375 -70.0 0.9510680884890975 4
0001 0015 1710927819064 3.25 -62.0 2.466641106920111 4
0001 0008 1710927819064 9.75 -59.5 0.6320000846088841 4
0001 0009 1710927819065 -30.875 -60.5 6.227961998815704 4
0001 0011 1710927819066 55.3125 -62.0 1.4419419406125027 4
0001 0010 1710927819066 -3.25 -52.5 3.650874275167826 4
0001 0005 1710927819067 -55.3125 -61.5 3.6754179677739964 4
0001 0007 1710927819067 26.0 -59.0 0.9817477042468103 4
0001 0014 1710927819067 -65.0625 -65.5 6.068427996875596 4
0001 0012 1710927819068 -3.25 -54.0 2.36846633649543 4
0001 0003 1710927819068 -68.3125 -69.0 6.025476534814799 4
0001 0004 1710927819068 -3.25 -67.0 5.5100589900852235 4
0001 0000 1710927819069 104.125 -71.0 1.2087768608538851 4
0001 0007 1710927819069 6.5 -59.0 1.043106935762236 4
0001 0005 1710927819069 -13.8125 -61.5 3.7122335066832517 4
0001 0010 1710927819070 -16.25 -52.5 3.6017868899554855 4
0001 0003 1710927819070 97.625 -68.0 6.031612457966341 4
0001 0012 1710927819070 3.25 -54.0 2.325514874434632 4
0001 0011 1710927819071 -13.0 -61.5 1.6382914814618648 4
0001 0014 1710927819071 -35.75 -64.5 6.050020227420969 4
0001 0009 1710927819071 7.3125 -60.5 6.234097921967246 4
0001 0008 1710927819072 -16.25 -60.0 0.6749515466696822 4
0001 0000 1710927819072 -125.3125 -70.5 1.5585244804918115 4
0001 0015 1710927819072 26.0 -61.0 2.5034566458293663 4
0001 0004 1710927819072 39.0 -66.5 5.418020142812084 4
0001 0003 1710927819305 -48.8125 -67.5 6.277049384028044 4
0001 0012 1710927819306 17.0625 -53.5 2.1659808724945253 4
0001 0005 1710927819306 -65.875 -61.0 3.8288160465625602 4
0001 0011 1710927819306 32.5 -63.0 1.4358060174609601 4
0001 0008 1710927819307 22.75 -60.0 0.6504078540635119 4
0001 0007 1710927819307 13.0 -59.0 1.043106935762236 4
0001 0010 1710927819307 0.0 -52.0 3.448388811166921 4
0001 0015 1710927819308 16.25 -61.5 2.5280003384355365 4
0001 0009 1710927819308 24.375 -60.5 6.17273869045182 4
0001 0004 1710927819308 -61.8125 -66.5 5.577554144752192 4
0001 0000 1710927819309 -59.375 -70.0 1.6198837120072371 4
0001 0014 1710927819309 6.5 -64.5 5.939573610693203 4
0001 0014 1710927819310 -52.0625 -64.5 6.037748381117884 4
0001 0004 1710927819310 -26.0 -66.5 5.565282298449106 4
0001 0003 1710927819310 -136.6875 -68.0 0.607456392002714 4
0001 0015 1710927819311 35.75 -61.0 2.423689644859313 4
0001 0012 1710927819311 13.8125 -54.5 1.846912868614312 4
0001 0010 1710927819311 0.0 -52.0 3.104777114680538 4
0001 0007 1710927819312 32.5 -58.5 0.7179030087304801 4
0001 0011 1710927819312 65.0625 -66.0 0.6320000846088841 4
0001 0005 1710927819312 -13.0 -60.5 3.6999616603801666 4
0001 0008 1710927819313 -32.5 -58.0 0.8344855486097889 4
0001 0009 1710927819313 -30.875 -60.0 6.0991076126333095 4
0001 0000 1710927819313 87.0625 -69.5 1.9757672547967058 4
0001 0015 1710927819541 -3.25 -61.5 2.435961491162398 4
0001 0008 1710927819541 -6.5 -56.0 0.8897088569736719 4
0001 0014 1710927819542 32.5 -64.0 5.884350302329319 4
0001 0003 1710927819543 117.125 -67.5 0.8467573949128739 4
0001 0010 1710927819543 -6.5 -50.5 2.6139032625571326 4
0001 0011 1710927819544 81.375 -67.0 5.037592907416445 4
0001 0009 1710927819544 -30.875 -60.5 5.688000761479957 4
0001 0007 1710927819544 9.75 -58.5 0.14726215563702155 4
0001 0012 1710927819545 27.625 -56.0 1.2455923997631406 4
0001 0005 1710927819545 -27.625 -60.5 3.485204350076177 4
0001 0004 1710927819546 13.0 -65.5 5.540738605842936 4
0001 0000 1710927819546 30.875 -67.5 2.6261751088602177 4
0001 0006 1710927819546 17.0625 -75.0 5.700272607783043 4
0001 0013 1710927819547 -1.25 -73.5 0.6504078540635119 4
0001 0015 1710927819547 -16.25 -62.0 2.2212041808584084 4
0001 0007 1710927819547 -48.8125 -59.5 5.663457068873787 4
0001 0000 1710927819548 -19.5 -65.5 3.2213596545598464 4
0001 0003 1710927819548 -9.75 -70.0 2.5770877236478773 4
0001 0004 1710927819548 39.0 -63.5 5.338253141842031 4
0001 0008 1710927819549 0.0 -54.0 0.8835729338221293 4
0001 0005 1710927819549 -121.25 -62.0 2.9145634969827183 4
0001 0009 1710927819549 -16.25 -67.0 3.718369429834794 4
0001 0011 1710927819550 -22.75 -61.0 2.3009711818284617 4
0001 0010 1710927819550 9.75 -49.0 1.7426021750380885 4
0001 0012 1710927819551 0.0 -56.5 0.39269908169872414 4
0001 0014 1710927819551 3.25 -62.0 5.8475347634200645 4
0001 0006 1710927819551 -48.8125 -73.0 2.988194574801229 4
0001 0013 1710927819621 -4.25 -72.5 0.8283496254582462 4
0001 0012 1710927819783 3.25 -56.5 6.056156150572511 4
0001 0015 1710927819783 45.5625 -61.5 1.8714565612204823 4
0001 0007 1710927819784 -26.0 -65.5 4.669437518323892 4
0001 0009 1710927819784 30.875 -57.0 1.2455923997631406 4
0001 0010 1710927819784 3.25 -51.5 0.9940195505498954 4
0001 0004 1710927819785 -32.5 -60.5 5.270757987175063 4
0001 0014 1710927819785 13.0 -61.0 5.724816300389213 4
0001 0011 1710927819786 -26.0 -58.0 0.7424467013366504 4
0001 0008 1710927819786 -16.25 -54.5 0.760854470791278 4
0001 0000 1710927819786 -59.375 -63.5 3.847223816017188 4
0001 0005 1710927819787 42.3125 -61.5 1.214912784005428 4
0001 0002 1710927819787 -40.875 -77.0 1.2762720155208536 4
0001 0013 1710927819787 3.5 -74.5 0.4049709280018093 4
0001 0009 1710927819788 -3.25 -52.0 0.5706408530934585 4
0001 0005 1710927819788 7.3125 -60.5 0.09817477042468103 4
0001 0010 1710927819788 3.25 -57.5 5.988660995905543 4
0001 0012 1710927819789 -6.5 -57.5 5.896622148632405 4
0001 0004 1710927819789 29.25 -63.0 4.847379289718626 4
0001 0011 1710927819789 3.25 -56.0 5.632777453116074 4
0001 0015 1710927819790 -6.5 -65.0 0.8835729338221293 4
0001 0000 1710927819790 -65.875 -62.5 4.037437433715008 4
0001 0008 1710927819790 0.0 -63.0 0.3620194659410113 4
0001 0013 1710927819791 94.375 -68.5 3.6815538909255388 4
0001 0014 1710927819791 13.0 -61.0 5.71868037723767 4
0001 0002 1710927819792 -84.625 -73.0 1.2333205534600555 4
0001 0007 1710927819866 2.4375 -74.5 6.0991076126333095 4
0001 0012 1710927820129 -21.125 -57.5 5.994796919057086 4
0001 0011 1710927820129 -6.5 -57.0 4.822835597112456 4
0001 0013 1710927820129 -149.6875 -72.5 3.9085830475326135 4
0001 0010 1710927820130 3.25 -62.5 5.755495916146925 4
0001 0000 1710927820130 142.375 -63.5 3.509748042682347 4
0001 0008 1710927820130 -39.0 -63.5 2.386874105950058 4
0001 0014 1710927820131 -55.3125 -61.5 5.988660995905543 4
0001 0007 1710927820131 42.3125 -66.5 4.325825821837508 4
0001 0004 1710927820132 221.3125 -69.0 3.2581751934691017 4
0001 0005 1710927820132 -24.375 -58.5 5.8475347634200645 4
0001 0009 1710927820132 17.0625 -58.0 0.3374757733348411 4
0001 0002 1710927820133 -26.375 -79.5 5.976389149602458 4
0001 0015 1710927820133 1.125 -73.0 6.277049384028044 4
0001 0004 1710927820381 6.5 -69.0 6.17273869045182 4
0001 0008 1710927820382 -6.5 -57.0 1.0492428589137786 4
0001 0007 1710927820383 55.3125 -66.0 2.030990563160589 4
0001 0013 1710927820383 -26.0 -62.5 4.319689898685965 4
0001 0012 1710927820383 22.75 -58.5 6.191146459906448 4
0001 0014 1710927820384 16.25 -63.5 5.945709533844745 4
0001 0002 1710927820384 65.0625 -74.0 4.522175362686871 4
0001 0009 1710927820384 -18.6875 -72.0 3.9177869322599275 4
0001 0013 1710927820583 -58.5625 -63.0 4.76147636559703 4
0001 0002 1710927820583 -273.375 -72.5 4.362641360746763 4
0001 0012 1710927820584 48.8125 -59.0 6.270913460876501 4
0001 0014 1710927820584 45.5625 -65.0 5.816855147662351 4
0001 0004 1710927820584 -71.5625 -67.5 5.608233760509904 4
0001 0009 1710927820585 -10.5625 -68.0 3.2704470397721868 4
0001 0007 1710927820585 -19.5 -68.0 0.9694758579437253 4
0001 0001 1710927820585 10.375 -77.5 1.2210487071569704 4
0001 0008 1710927820586 2.5625 -72.0 2.1046216409791 4
0001 0000 1710927820586 -3.5625 -74.5 4.7307967498393175 4
0001 0014 1710927820586 22.75 -65.5 6.000932842208628 4
0001 0009 1710927820587 -3.25 -68.5 3.56497135104623 4
0001 0013 1710927820587 -22.75 -63.5 4.743068596142402 4
0001 0007 1710927820587 -58.5625 -68.0 1.5892040962495242 4
0001 0002 1710927820588 -136.6875 -73.5 4.896466674930966 4
0001 0012 1710927820588 -34.9375 -59.0 0.22089323345553233 4
0001 0004 1710927820588 52.0625 -67.0 5.559146375297564 4
0001 0008 1710927820623 4.875 -70.0 5.129631754689584 4
0001 0001 1710927820623 -2.4375 -77.0 1.5707963267948966 4
0001 0000 1710927820871 -2.125 -74.0 4.743068596142402 4
0001 0015 1710927820872 -0.8125 -72.5 0.5583690067903734 4
0001 0008 1710927820872 -16.25 -67.0 1.761009944492716 4
0001 0004 1710927820872 -42.3125 -68.5 5.792311455056181 4
0001 0014 1710927820873 78.0625 -65.5 5.970253226450915 4
0001 0012 1710927820873 -24.375 -59.0 0.23930100291016002 4
0001 0013 1710927820873 -48.8125 -63.0 4.8351074434155406 4
0001 0007 1710927820874 130.1875 -67.5 1.6566992509164924 4
0001 0009 1710927820874 -163.5625 -70.5 3.902447124381071 4
0001 0002 1710927820874 -836.5625 -73.0 2.988194574801229 4
0001 0001 1710927820875 6.0625 -77.5 4.890330751779424 4
0001 0000 1710927820876 -5.1875 -73.0 1.8162332528565992 4
0001 0015 1710927821113 2.4375 -72.0 3.6079228131070282 4
0001 0012 1710927821113 -10.5625 -59.0 0.2270291566070749 4
0001 0007 1710927821114 61.8125 -67.0 1.736466251886546 4
0001 0013 1710927821114 9.75 -63.0 4.724660826687775 4
0001 0009 1710927821114 93.5625 -71.0 3.706097583531709 4
0001 0014 1710927821115 -55.3125 -66.0 6.154330920997192 4
0001 0008 1710927821115 -26.0 -66.5 1.748738098189631 4
0001 0004 1710927821115 -39.0 -67.5 5.767767762450011 4
0001 0002 1710927821116 19.5 -76.0 4.6448938257177215 4
0001 0001 1710927821116 -12.8125 -77.0 4.957825906446392 4
0001 0000 1710927821116 -10.375 -72.5 1.7978254834019713 4
0001 0015 1710927821117 -6.0625 -72.5 0.4724660826687775 4
0001 0012 1710927821273 -10.5625 -58.5 0.20248546400090464 4
0001 0004 1710927821273 -29.25 -67.0 5.651185222570702 4
0001 0014 1710927821273 -3.25 -65.0 6.019340611663256 4
0001 0013 1710927821274 -74.8125 -63.5 4.798291904506286 4
0001 0007 1710927821274 13.0 -67.0 1.7119225592803755 4
0001 0008 1710927821274 113.875 -66.5 1.5033011721279284 4
0001 0009 1710927821275 79.75 -70.0 3.718369429834794 4
0001 0015 1710927821275 5.4375 -72.5 3.6017868899554855 4
0001 0002 1710927821276 -3.0 -75.5 4.773748211900116 4
0001 0001 1710927821276 -1.8125 -77.0 1.7548740213411735 4
0001 0000 1710927821276 -3.1875 -73.0 1.6996507129772904 4
0001 0004 1710927821277 -22.75 -68.0 5.620505606812989 4
0001 0007 1710927821277 -104.125 -67.5 1.748738098189631 4
0001 0014 1710927821278 -42.3125 -64.5 6.056156150572511 4
0001 0012 1710927821278 -3.25 -58.5 0.1227184630308513 4
0001 0013 1710927821278 -13.0 -63.5 4.95168998329485 4
0001 0008 1710927821279 -65.0625 -64.5 1.325359400733194 4
0001 0015 1710927821279 84.625 -67.5 5.755495916146925 4
0001 0009 1710927821279 -225.375 -69.5 4.313553975534423 4
0001 0002 1710927821280 182.25 -73.5 3.933126740138784 4
0001 0001 1710927821372 -12.1875 -78.0 5.062136600022616 4
0001 0000 1710927821372 -2.5625 -73.0 1.6996507129772904 4
0001 0009 1710927821528 -135.0625 -70.5 4.295146206079795 4
0001 0008 1710927821529 -19.5 -65.0 1.1351457830353744 4
0001 0015 1710927821529 -42.3125 -68.0 5.884350302329319 4
0001 0013 1710927821529 6.5 -63.5 4.816699673960914 4
0001 0012 1710927821530 -17.0625 -58.5 0.0674951546669682 4
0001 0007 1710927821530 3.25 -67.0 1.509437095279471 4
0001 0014 1710927821530 -97.625 -65.0 6.160466844148735 4
0001 0004 1710927821531 -45.5625 -66.5 5.47937937432751 4
0001 0002 1710927821531 1.8125 -76.0 1.184233168247715 4
0001 0000 1710927821532 -7.125 -73.5 4.663301595172349 4
0001 0001 1710927821532 6.6875 -78.0 5.00077736850719 4
0001 0015 1710927821532 -55.3125 -68.0 6.025476534814799 4
0001 0014 1710927821534 -48.8125 -66.0 6.056156150572511 4
0001 0012 1710927821534 7.3125 -58.5 0.030679615757712823 4
0001 0004 1710927821535 52.0625 -66.0 5.246214294568893 4
0001 0013 1710927821535 -22.75 -63.5 4.933282213840222 4
0001 0009 1710927821536 -149.6875 -69.0 4.172427743048944 4
0001 0007 1710927821536 42.3125 -68.5 1.4971652489763858 4
0001 0008 1710927821536 -48.8125 -64.0 1.1351457830353744 4
0001 0002 1710927821622 3.0 -76.0 1.1351457830353744 4
0001 0000 1710927821622 -3.1875 -74.0 4.669437518323892 4
0001 0001 1710927821834 4.1875 -78.0 4.6878452877785195 4
0001 0012 1710927821834 -7.3125 -58.5 6.277049384028044 4
0001 0004 1710927821835 32.5 -66.0 5.240078371417351 4
0001 0015 1710927821835 26.0 -68.5 5.8659425328746915 4
0001 0009 1710927821835 -100.875 -69.0 4.417864669110647 4
0001 0013 1710927821836 -13.0 -64.0 4.847379289718626 4
0001 0007 1710927821836 78.0625 -67.0 1.509437095279471 4
0001 0008 1710927821836 -22.75 -63.5 1.0492428589137786 4
0001 0014 1710927821837 3.25 -65.0 6.056156150572511 4
0001 0002 1710927821837 -12.8125 -75.5 1.1290098598838318 4
0001 0000 1710927821837 -1.5625 -74.0 4.589670517353839 4
0001 0001 1710927821838 -10.1875 -78.0 5.013049214810275 4
0001 0012 1710927821839 3.25 -58.5 6.270913460876501 4
0001 0009 1710927821839 -152.9375 -69.5 4.473087977474529 4
0001 0013 1710927821839 29.25 -64.0 4.81056375080937 4
0001 0004 1710927821840 16.25 -65.5 5.209398755659637 4
0001 0014 1710927821840 39.0 -64.5 6.019340611663256 4
0001 0015 1710927821840 -22.75 -68.5 6.043884304269426 4
0001 0008 1710927821841 6.5 -63.0 1.030835089459151 4
0001 0007 1710927821841 -3.25 -68.0 1.6751070203711202 4
0001 0002 1710927821865 9.125 -76.5 4.01902966426038 4
0001 0000 1710927822122 4.5625 -74.5 1.4358060174609601 4
0001 0007 1710927822123 -97.625 -67.5 1.846912868614312 4
0001 0004 1710927822123 -74.8125 -67.0 5.283029833478148 4
0001 0014 1710927822124 -42.3125 -66.0 6.135923151542564 4
0001 0008 1710927822124 19.5 -62.5 0.8897088569736719 4
0001 0012 1710927822124 -17.0625 -58.0 0.030679615757712823 4
0001 0013 1710927822124 -58.5625 -63.5 4.914874444385594 4
0001 0015 1710927822125 9.75 -68.5 5.884350302329319 4
0001 0009 1710927822125 -48.8125 -69.0 4.381049130201391 4
0001 0002 1710927822125 17.0625 -76.0 4.190835512503572 4
0001 0000 1710927822126 2.125 -74.0 1.6137477888556946 4
0001 0015 1710927822126 26.0 -68.5 5.798447378207723 4
0001 0007 1710927822127 84.625 -67.5 1.5830681730979816 4
0001 0013 1710927822127 -6.5 -64.0 4.724660826687775 4
0001 0008 1710927822128 -9.75 -62.0 0.9756117810952678 4
0001 0004 1710927822128 74.8125 -66.0 5.105088062083414 4
0001 0012 1710927822128 -24.375 -58.0 0.1043106935762236 4
0001 0009 1710927822129 81.375 -71.0 4.325825821837508 4
0001 0014 1710927822129 -26.0 -65.5 6.19728238305799 4
0001 0000 1710927822356 6.0625 -73.5 4.822835597112456 4
0001 0002 1710927822356 -6.6875 -76.5 4.362641360746763 4
0001 0014 1710927822356 -65.0625 -65.5 6.105243535784852 4
0001 0015 1710927822357 -29.25 -67.0 5.976389149602458 4
0001 0012 1710927822357 27.625 -58.0 0.0674951546669682 4
0001 0013 1710927822357 3.25 -64.0 4.76147636559703 4
0001 0007 1710927822358 -156.1875 -67.0 2.018718716857504 4
0001 0008 1710927822358 19.5 -61.0 0.9081166264282996 4
0001 0004 1710927822358 13.0 -66.5 5.289165756629691 4
0001 0009 1710927822359 -406.0625 -70.5 4.71238898038469 4
0001 0000 1710927822359 3.9375 -73.0 1.705786636128833 4
0001 0002 1710927822359 -7.875 -77.0 1.1780972450961724 4
0001 0015 1710927822360 3.25 -68.0 5.93343768754166 4
0001 0013 1710927822360 -81.375 -64.0 4.884194828627882 4
0001 0007 1710927822360 6.5 -67.0 1.8775924843720249 4
0001 0004 1710927822361 -58.5625 -67.5 5.485515297479052 4
0001 0014 1710927822361 -45.5625 -65.5 6.111379458936394 4
0001 0012 1710927822361 55.3125 -58.0 0.01227184630308513 4
0001 0008 1710927822362 -3.25 -60.5 0.9326603190344698 4
