0009 0005 1710135335871 -74.8125 -66.0 4.7860200582032 18
0009 0015 1710135335872 -29.25 -57.5 4.749204519293945 18
0009 0000 1710135335872 9.75 -60.5 5.9088939949354895 18
0009 0004 1710135335872 -16.25 -60.0 5.8659425328746915 18
0009 0012 1710135335873 -3.6875 -74.0 5.8659425328746915 18
0009 0004 1710135335873 16.25 -59.5 5.859806609723149 18
0009 0005 1710135335874 55.3125 -66.5 4.558990901596125 18
0009 0007 1710135335874 65.875 -65.0 4.908738521234052 18
0009 0000 1710135335874 16.25 -61.0 5.902758071783947 18
0009 0015 1710135335875 9.75 -57.5 4.693981210930062 18
0009 0006 1710135335875 -3.25 -61.0 3.6263305825616556 18
0009 0008 1710135335876 -113.875 -68.5 1.8162332528565992 18
0009 0009 1710135335876 -8.9375 -75.0 6.261709576149188 18
0009 0012 1710135335876 -2.4375 -73.5 5.921165841238575 18
0009 0004 1710135335877 3.25 -60.0 5.8659425328746915 18
0009 0005 1710135335877 -87.875 -66.5 4.693981210930062 18
0009 0000 1710135335877 -13.0 -61.0 5.970253226450915 18
0009 0008 1710135335878 -13.0 -70.0 1.8162332528565992 18
0009 0007 1710135335878 -48.8125 -66.0 5.074408446325701 18
0009 0006 1710135335879 -16.25 -62.0 3.6692820446224537 18
0009 0015 1710135335879 -19.5 -57.5 4.73693267299086 18
0009 0009 1710135336106 21.3125 -76.0 5.970253226450915 18
0009 0012 1710135336106 0.9375 -73.5 5.896622148632405 18
0009 0000 1710135336106 6.5 -61.0 5.927301764390117 18
0009 0005 1710135336107 -19.5 -66.0 4.675573441475434 18
0009 0007 1710135336107 -69.125 -65.5 5.190990986205009 18
0009 0015 1710135336107 -6.5 -57.5 4.681709364626977 18
0009 0006 1710135336108 -29.25 -61.5 3.6201946594101133 18
0009 0004 1710135336108 6.5 -60.0 5.8659425328746915 18
0009 0008 1710135336108 120.4375 -69.5 1.5155730184310134 18
0009 0009 1710135336109 -10.375 -76.5 6.191146459906448 18
0009 0012 1710135336109 -3.125 -73.5 5.921165841238575 18
0009 0004 1710135336109 48.8125 -59.5 5.810719224510809 18
0009 0006 1710135336110 -29.25 -61.5 3.663146121470911 18
0009 0015 1710135336110 -9.75 -57.5 4.6878452877785195 18
0009 0005 1710135336111 -58.5625 -66.0 4.773748211900116 18
0009 0000 1710135336111 9.75 -60.5 5.9088939949354895 18
0009 0007 1710135336111 38.1875 -65.5 4.95168998329485 18
0009 0008 1710135336112 188.75 -70.0 1.3928545554001621 18
0009 0009 1710135336362 3.0 -76.5 6.12365130523948 18
0009 0012 1710135336363 2.875 -73.0 5.890486225480862 18
0009 0015 1710135336363 19.5 -57.5 4.638757902566179 18
0009 0005 1710135336363 32.5 -66.5 4.700117134081604 18
0009 0007 1710135336364 -73.1875 -66.0 5.123495831538041 18
0009 0008 1710135336364 19.5 -69.5 1.736466251886546 18
0009 0004 1710135336364 -22.75 -60.5 5.927301764390117 18
0009 0006 1710135336365 -19.5 -61.5 3.6263305825616556 18
0009 0000 1710135336365 -35.75 -61.0 5.976389149602458 18
0009 0009 1710135336365 -9.75 -76.0 6.092971689481767 18
0009 0012 1710135336366 1.1875 -74.0 5.872078456026235 18
0009 0000 1710135336366 45.5625 -61.0 5.945709533844745 18
0009 0007 1710135336366 -94.375 -65.5 5.203262832508095 18
0009 0015 1710135336366 -29.25 -57.5 4.724660826687775 18
0009 0006 1710135336367 -19.5 -61.5 3.6324665057131984 18
0009 0005 1710135336367 -26.0 -66.0 4.681709364626977 18
0009 0004 1710135336367 13.0 -60.0 5.878214379177777 18
0009 0008 1710135336368 113.875 -70.0 1.4910293258248433 18
0009 0009 1710135336600 -21.3125 -76.0 6.1850105367549055 18
0009 0012 1710135336600 4.25 -73.5 5.792311455056181 18
0009 0007 1710135336601 13.8125 -65.5 4.957825906446392 18
0009 0000 1710135336601 16.25 -60.5 5.964117303299373 18
0009 0004 1710135336601 22.75 -59.5 5.822991070813893 18
0009 0008 1710135336602 117.125 -69.5 1.5401167110371838 18
0009 0015 1710135336602 -61.8125 -57.5 4.749204519293945 18
0009 0005 1710135336602 -58.5625 -67.0 4.706253057233147 18
0009 0006 1710135336603 -26.0 -61.0 3.5956509668039427 18
0009 0009 1710135336603 -9.75 -76.0 6.19728238305799 18
0009 0012 1710135336603 1.8125 -73.0 5.8659425328746915 18
0009 0004 1710135336604 13.0 -59.5 5.8475347634200645 18
0009 0005 1710135336604 45.5625 -67.0 4.583534594202296 18
0009 0015 1710135336604 -6.5 -57.5 4.700117134081604 18
0009 0000 1710135336605 -22.75 -61.0 6.056156150572511 18
0009 0007 1710135336605 -104.125 -65.5 5.117359908386499 18
0009 0006 1710135336605 -55.3125 -61.5 3.6447383520162835 18
0009 0008 1710135336606 16.25 -70.5 1.5585244804918115 18
0009 0012 1710135336814 -3.0 -71.5 6.092971689481767 18
0009 0009 1710135336814 15.8125 -76.5 6.080699843178682 18
0009 0004 1710135336814 -16.25 -60.0 6.043884304269426 18
0009 0005 1710135336815 -152.9375 -66.5 5.123495831538041 18
0009 0008 1710135336815 -26.0 -70.5 1.7671458676442586 18
0009 0015 1710135336815 22.75 -57.5 4.571262747899211 18
0009 0007 1710135336816 104.125 -66.0 4.871922982324796 18
0009 0006 1710135336817 -16.25 -62.0 3.522019888985432 18
0009 0000 1710135336817 -6.5 -61.0 0.14726215563702155 18
0009 0012 1710135336817 -84.625 -69.0 3.147728576741336 18
0009 0007 1710135336817 -30.875 -66.0 5.049864753719531 18
0009 0005 1710135336819 -52.0625 -67.0 5.356660911296659 18
0009 0006 1710135336819 -42.3125 -62.0 3.6754179677739964 18
0009 0015 1710135336819 -29.25 -58.0 4.485359823777615 18
0009 0014 1710135336820 -65.0625 -71.0 5.313709449235861 18
0009 0012 1710135336820 -97.625 -67.0 2.7857091108003242 18
0009 0000 1710135336820 13.0 -61.0 0.8774370106705868 18
0009 0004 1710135336821 -29.25 -59.5 0.15339807878856412 18
0009 0008 1710135336821 -201.8125 -71.5 2.4727770300716534 18
0009 0000 1710135337044 0.0 -61.5 2.0064468705544187 18
0009 0014 1710135337044 -9.75 -67.0 5.473243451175968 18
0009 0007 1710135337044 21.125 -67.0 5.190990986205009 18
0009 0004 1710135337045 32.5 -59.0 0.6258641614573416 18
0009 0006 1710135337045 -32.5 -63.0 3.9147189706841563 18
0009 0008 1710135337045 -247.375 -71.5 3.031146036862027 18
0009 0005 1710135337046 -9.75 -67.0 6.068427996875596 18
0009 0015 1710135337046 -32.5 -58.5 4.252194744018997 18
0009 0012 1710135337046 39.0 -65.0 2.1905245651006955 18
0009 0002 1710135337047 0.625 -77.5 1.2885438618239387 18
0009 0004 1710135337047 -3.25 -57.5 1.6873788666742053 18
0009 0000 1710135337047 -74.8125 -63.5 4.411728745959104 18
0009 0006 1710135337048 -58.5625 -63.5 4.3933209765044765 18
0009 0007 1710135337048 27.625 -66.0 5.700272607783043 18
0009 0005 1710135337048 -61.8125 -66.0 0.5951845456996288 18
0009 0015 1710135337049 6.5 -59.5 3.32567034813607 18
0009 0012 1710135337049 -39.0 -64.5 1.88986433067511 18
0009 0014 1710135337049 -48.8125 -65.0 4.970097752749477 18
0009 0008 1710135337050 -91.125 -71.5 4.166291819897402 18
0009 0002 1710135337128 1.3125 -76.5 5.270757987175063 18
0009 0007 1710135337305 24.375 -65.5 0.34974761963792617 18
0009 0012 1710135337306 3.25 -66.5 1.325359400733194 18
0009 0006 1710135337306 32.5 -63.5 4.632621979414636 18
0009 0000 1710135337306 -19.5 -61.5 0.20248546400090464 18
0009 0005 1710135337307 -19.5 -65.5 1.5953400194010667 18
0009 0004 1710135337307 13.0 -57.0 3.018874190558942 18
0009 0015 1710135337307 16.25 -63.0 3.117048960983623 18
0009 0014 1710135337308 -19.5 -65.0 4.767612288748572 18
0009 0002 1710135337308 2.5625 -76.5 1.3989904785517047 18
0009 0013 1710135337308 -11.125 -77.0 5.6143696836614465 18
0009 0008 1710135337309 7.3125 -75.5 0.01227184630308513 18
0009 0014 1710135337309 -71.5625 -66.5 4.841243366567084 18
0009 0000 1710135337310 42.3125 -60.0 2.2089323345553233 18
0009 0004 1710135337310 19.5 -59.5 5.166447293598839 18
0009 0012 1710135337310 -26.0 -59.5 1.7978254834019713 18
0009 0006 1710135337311 -22.75 -59.0 5.00077736850719 18
0009 0013 1710135337311 90.3125 -67.5 0.22089323345553233 18
0009 0007 1710135337311 104.125 -63.5 2.2396119503130363 18
0009 0015 1710135337312 -97.625 -64.5 2.8838838812250054 18
0009 0008 1710135337312 -61.8125 -72.0 1.4848934026733007 18
0009 0002 1710135337388 -12.1875 -79.0 1.0983302441261191 18
0009 0011 1710135337388 -3.3125 -74.5 5.5100589900852235 18
0009 0015 1710135337575 -9.75 -65.0 2.675262494072558 18
0009 0013 1710135337575 -29.25 -61.0 1.6996507129772904 18
0009 0012 1710135337576 26.0 -55.5 2.227340104009951 18
0009 0014 1710135337576 -94.375 -66.0 4.693981210930062 18
0009 0000 1710135337577 -52.0625 -64.5 4.902602598082509 18
0009 0004 1710135337577 3.25 -62.0 3.5772431973493153 18
0009 0007 1710135337578 17.0625 -59.5 4.344233591292136 18
0009 0009 1710135337578 16.25 -67.5 6.2463697682703305 18
0009 0011 1710135337579 -3.25 -67.0 3.6140587362585705 18
0009 0010 1710135337579 6.5 -66.0 3.1231848841351653 18
0009 0008 1710135337579 1.1875 -75.5 0.5031456984264903 18
0009 0006 1710135337580 0.875 -70.0 5.786175531904639 18
0009 0002 1710135337581 -1.5625 -78.0 4.841243366567084 18
0009 0012 1710135337581 -9.75 -59.5 1.0246991663076084 18
0009 0015 1710135337581 52.0625 -63.5 2.6139032625571326 18
0009 0011 1710135337582 -22.75 -65.0 0.39269908169872414 18
0009 0010 1710135337582 -35.75 -61.0 5.086680292628786 18
0009 0013 1710135337582 -3.25 -58.0 2.313243028131547 18
0009 0004 1710135337583 -22.75 -59.0 5.589825991055276 18
0009 0008 1710135337583 0.0 -68.0 1.4848934026733007 18
0009 0007 1710135337583 73.1875 -63.0 0.030679615757712823 18
0009 0006 1710135337584 29.25 -61.0 6.117515382087937 18
0009 0000 1710135337584 61.8125 -62.5 1.0676506283684062 18
0009 0014 1710135337584 65.0625 -66.0 4.399456899656019 18
0009 0002 1710135337638 -22.6875 -77.5 2.0493983326152168 18
0009 0009 1710135337824 -0.8125 -74.0 4.970097752749477 18
0009 0004 1710135337824 -3.25 -62.0 0.803805932852076 18
0009 0010 1710135337824 -35.75 -67.0 0.5154175447295755 18
0009 0008 1710135337824 -74.8125 -71.5 2.773437264497239 18
0009 0000 1710135337825 100.875 -65.5 1.7978254834019713 18
0009 0014 1710135337825 -3.25 -66.0 4.534447208989955 18
0009 0011 1710135337825 -143.1875 -69.5 5.098952138931871 18
0009 0015 1710135337826 68.3125 -63.0 2.435961491162398 18
0009 0012 1710135337826 -61.8125 -64.5 0.20248546400090464 18
0009 0007 1710135337826 -117.9375 -68.5 3.5342917352885173 18
0009 0013 1710135337827 -35.75 -59.5 2.073942025221387 18
0009 0006 1710135337827 -19.5 -64.5 0.9572040116406401 18
0009 0009 1710135337828 126.9375 -69.0 2.012582793705961 18
0009 0002 1710135337828 7.125 -78.5 4.724660826687775 18
0009 0005 1710135337829 -1.5625 -73.0 5.516194913236766 18
0009 0015 1710135337829 -6.5 -61.5 2.5341362615870793 18
0009 0005 1710135337829 -123.6875 -71.0 5.767767762450011 18
0009 0014 1710135337830 -22.75 -67.0 4.878058905476339 18
0009 0007 1710135337830 -59.375 -66.0 5.086680292628786 18
0009 0013 1710135337830 76.4375 -62.5 1.6382914814618648 18
0009 0000 1710135337831 -9.75 -66.0 2.172116795646068 18
0009 0004 1710135337831 0.0 -61.0 1.6689710972195777 18
0009 0006 1710135337831 -35.75 -65.5 2.1230294104337273 18
0009 0011 1710135337832 -107.375 -70.0 1.6689710972195777 18
0009 0009 1710135337832 35.75 -66.5 2.748893571891069 18
0009 0012 1710135337832 35.75 -64.5 6.050020227420969 18
0009 0008 1710135337877 34.125 -75.5 4.144816088867002 18
0009 0010 1710135338064 0.125 -75.0 6.031612457966341 18
0009 0009 1710135338064 -81.375 -68.0 3.2336315008629315 18
0009 0000 1710135338065 3.25 -65.5 1.9941750242513334 18
0009 0015 1710135338065 32.5 -61.0 2.5464081078901644 18
0009 0007 1710135338065 41.5 -64.5 5.66959299202533 18
0009 0011 1710135338066 78.0625 -67.0 2.172116795646068 18
0009 0006 1710135338066 32.5 -65.0 2.9084275738311756 18
0009 0012 1710135338066 -19.5 -58.0 0.7915340865489908 18
0009 0004 1710135338067 39.0 -61.0 1.9144080232812801 18
0009 0005 1710135338067 -117.125 -66.5 6.105243535784852 18
0009 0013 1710135338067 -24.375 -67.5 1.705786636128833 18
0009 0014 1710135338067 65.0625 -68.5 4.755340442445488 18
0009 0008 1710135338068 -52.0625 -74.0 4.4362724385652745 18
0009 0005 1710135338068 -26.0 -65.5 6.062292073724054 18
0009 0014 1710135338069 -71.5625 -68.5 5.0682725231741586 18
0009 0009 1710135338069 26.0 -67.0 3.3011266555298997 18
0009 0015 1710135338069 -3.25 -61.0 2.552544031041707 18
0009 0011 1710135338070 139.9375 -67.0 2.4911847995262812 18
0009 0012 1710135338070 9.75 -58.0 0.9510680884890975 18
0009 0000 1710135338070 45.5625 -65.5 1.945087639038993 18
0009 0013 1710135338071 10.5625 -68.5 1.7426021750380885 18
0009 0006 1710135338071 -26.0 -65.0 3.3870295796514958 18
0009 0004 1710135338071 -9.75 -61.5 2.1598449493429825 18
0009 0007 1710135338072 93.5625 -64.5 5.970253226450915 18
0009 0008 1710135338072 273.375 -74.0 4.442408361716817 18
0009 0006 1710135338283 -74.8125 -65.0 3.5956509668039427 18
0009 0015 1710135338283 -45.5625 -61.0 2.521864415283994 18
0009 0012 1710135338284 26.0 -58.0 1.0737865515199487 18
0009 0000 1710135338284 -29.25 -65.5 2.030990563160589 18
0009 0008 1710135338284 -84.625 -73.0 4.804427827657828 18
0009 0007 1710135338285 13.8125 -64.5 6.166602767300278 18
0009 0014 1710135338285 -35.75 -68.0 4.871922982324796 18
0009 0004 1710135338285 52.0625 -62.0 2.067806102069844 18
0009 0009 1710135338286 42.3125 -66.5 3.3870295796514958 18
0009 0013 1710135338286 -257.125 -67.0 2.184388641949153 18
0009 0011 1710135338286 52.0625 -67.0 2.7120780329818137 18
0009 0005 1710135338287 3.25 -65.0 6.074563920027139 18
0009 0004 1710135338287 -16.25 -61.5 2.098485717827557 18
0009 0008 1710135338287 -169.25 -74.0 4.675573441475434 18
0009 0007 1710135338288 83.0 -65.0 6.050020227420969 18
0009 0009 1710135338288 -29.25 -67.5 3.6079228131070282 18
0009 0012 1710135338288 35.75 -58.0 1.012427320004523 18
0009 0015 1710135338289 13.0 -61.0 2.442097414313941 18
0009 0013 1710135338289 21.125 -67.5 1.7426021750380885 18
0009 0005 1710135338289 -22.75 -65.0 6.129787228391022 18
0009 0006 1710135338289 -100.875 -64.5 3.6570101983193686 18
0009 0014 1710135338290 -19.5 -68.5 4.853515212870168 18
0009 0000 1710135338290 -16.25 -66.0 2.000310947402876 18
0009 0011 1710135338290 94.375 -66.5 2.5157284921324514 18
0009 0009 1710135338507 -52.0625 -66.5 3.442252888015379 18
0009 0012 1710135338507 26.0 -58.0 0.9756117810952678 18
0009 0015 1710135338508 6.5 -61.0 2.4727770300716534 18
0009 0013 1710135338508 -65.875 -68.0 1.7671458676442586 18
0009 0006 1710135338508 39.0 -65.0 3.313398501832985 18
0009 0011 1710135338508 130.1875 -67.0 2.6016314162540475 18
0009 0004 1710135338509 -19.5 -61.5 2.061670178918302 18
0009 0014 1710135338509 0.0 -68.5 4.92714629068868 18
0009 0005 1710135338509 -58.5625 -65.5 6.1420590746941075 18
0009 0000 1710135338510 -78.0625 -66.0 2.000310947402876 18
0009 0007 1710135338510 -17.0625 -65.5 6.092971689481767 18
0009 0008 1710135338510 -107.375 -72.5 4.743068596142402 18
0009 0011 1710135338511 136.6875 -67.0 2.442097414313941 18
0009 0014 1710135338511 169.25 -69.0 4.657165672020807 18
0009 0004 1710135338511 19.5 -61.0 1.9389517158874505 18
0009 0006 1710135338512 61.8125 -65.0 3.3195344249845276 18
0009 0012 1710135338512 -22.75 -58.0 1.0676506283684062 18
0009 0013 1710135338512 -113.875 -68.0 1.8223691760081417 18
0009 0015 1710135338513 39.0 -61.0 2.3930100291016 18
0009 0007 1710135338513 10.5625 -65.0 5.878214379177777 18
0009 0009 1710135338513 -29.25 -67.5 3.356349963893783 18
0009 0000 1710135338514 -91.125 -66.0 1.9144080232812801 18
0009 0005 1710135338514 32.5 -65.5 5.927301764390117 18
0009 0008 1710135338514 16.25 -73.5 4.405592822807561 18
0009 0006 1710135338630 -19.5 -65.0 3.423845118560751 18
0009 0014 1710135338630 -35.75 -68.5 4.9823695990525625 18
0009 0015 1710135338630 48.8125 -61.5 2.356194490192345 18
0009 0012 1710135338631 -19.5 -58.5 1.0492428589137786 18
0009 0007 1710135338631 48.8125 -65.0 5.700272607783043 18
0009 0000 1710135338631 42.3125 -66.5 1.5155730184310134 18
0009 0004 1710135338632 -9.75 -61.5 1.9696313316451632 18
0009 0011 1710135338632 -81.375 -68.5 2.5157284921324514 18
0009 0005 1710135338632 45.5625 -65.0 5.743224069843841 18
0009 0009 1710135338633 -65.0625 -67.0 3.2213596545598464 18
0009 0013 1710135338633 52.0625 -68.0 1.6260196351587797 18
0009 0008 1710135338853 -1.1875 -76.5 0.9817477042468103 18
0009 0006 1710135338853 -16.25 -65.5 3.485204350076177 18
0009 0004 1710135338853 -13.0 -61.5 1.88986433067511 18
0009 0015 1710135338854 -22.75 -61.5 2.435961491162398 18
0009 0005 1710135338854 -19.5 -66.0 5.749359992995383 18
0009 0011 1710135338854 -52.0625 -68.5 2.3193789512830896 18
0009 0012 1710135338854 32.5 -58.5 0.9387962421860124 18
0009 0014 1710135338855 -26.0 -67.0 4.921010367537137 18
0009 0009 1710135338855 -61.8125 -67.5 3.2520392703175593 18
0009 0013 1710135338855 -42.3125 -68.0 1.8285050991596843 18
0009 0007 1710135338856 52.0625 -65.5 5.595961914206819 18
0009 0000 1710135338856 3.25 -66.5 1.5155730184310134 18
0009 0008 1710135338856 10.375 -76.5 1.0062913968529805 18
0009 0006 1710135338857 32.5 -65.0 3.3318062712876126 18
0009 0009 1710135338857 6.5 -67.5 3.043417883165112 18
0009 0012 1710135338857 61.8125 -58.5 0.9019807032767571 18
0009 0000 1710135338858 13.0 -66.0 1.3928545554001621 18
0009 0004 1710135338858 -16.25 -61.0 1.8837284075235674 18
0009 0015 1710135338858 -3.25 -61.5 2.405281875404685 18
0009 0014 1710135338859 -32.5 -68.0 4.988505522204105 18
0009 0007 1710135338859 17.0625 -65.0 5.608233760509904 18
0009 0011 1710135338859 -9.75 -68.5 2.3071071049800045 18
0009 0005 1710135338859 -9.75 -65.0 5.700272607783043 18
0009 0013 1710135338859 59.375 -68.0 1.6382914814618648 18
0009 0008 1710135339094 -1.8125 -77.0 1.000155473701438 18
0009 0011 1710135339094 -149.6875 -67.0 2.4850488763747385 18
0009 0013 1710135339094 9.75 -68.5 1.6321555583103222 18
0009 0012 1710135339095 -68.3125 -58.0 1.0369710126106935 18
0009 0005 1710135339095 -16.25 -66.0 5.632777453116074 18
0009 0004 1710135339095 -100.875 -61.5 1.9880391010997909 18
0009 0009 1710135339096 19.5 -68.0 2.9268353432858034 18
0009 0000 1710135339096 16.25 -65.5 1.3499030933393643 18
0009 0015 1710135339096 19.5 -61.0 2.3746022596469727 18
0009 0007 1710135339097 13.8125 -64.5 5.559146375297564 18
0009 0006 1710135339097 -52.0625 -65.0 3.3195344249845276 18
0009 0014 1710135339097 182.25 -69.0 4.6448938257177215 18
0009 0008 1710135339098 -7.3125 -77.0 4.01902966426038 18
0009 0000 1710135339098 -26.0 -66.0 1.3314953238847365 18
0009 0012 1710135339098 -3.25 -58.0 0.9326603190344698 18
0009 0011 1710135339099 172.5 -68.5 2.000310947402876 18
0009 0006 1710135339099 9.75 -66.5 3.2213596545598464 18
0009 0007 1710135339100 0.0 -64.5 5.602097837358362 18
0009 0004 1710135339100 -35.75 -61.5 1.7732817907958012 18
0009 0005 1710135339100 9.75 -66.0 5.540738605842936 18
0009 0015 1710135339101 26.0 -61.0 2.3071071049800045 18
0009 0014 1710135339101 29.25 -68.5 4.933282213840222 18
0009 0013 1710135339101 -195.25 -68.5 1.9634954084936207 18
0009 0009 1710135339102 -55.3125 -67.5 2.988194574801229 18
0009 0008 1710135339128 -24.375 -77.0 1.1658253987930873 18
0009 0015 1710135339320 -16.25 -61.5 2.36846633649543 18
0009 0000 1710135339320 61.8125 -65.5 1.2517283229146832 18
0009 0005 1710135339321 48.8125 -66.0 5.534602682691394 18
0009 0007 1710135339321 3.25 -64.5 5.583690067903734 18
0009 0009 1710135339321 -16.25 -67.5 2.988194574801229 18
0009 0014 1710135339321 9.75 -68.5 4.890330751779424 18
0009 0013 1710135339322 -87.875 -68.5 1.7794177139473437 18
0009 0012 1710135339322 22.75 -58.0 0.9081166264282996 18
0009 0006 1710135339322 48.8125 -66.0 3.141592653589793 18
0009 0011 1710135339323 26.0 -68.0 2.172116795646068 18
0009 0004 1710135339323 0.0 -61.5 1.705786636128833 18
0009 0008 1710135339323 17.0625 -77.0 0.8713010875190442 18
0009 0009 1710135339324 39.0 -67.0 2.7979809571034093 18
0009 0012 1710135339325 19.5 -58.5 0.9142525495798421 18
0009 0005 1710135339325 -136.6875 -66.5 5.798447378207723 18
0009 0015 1710135339325 -9.75 -61.0 2.423689644859313 18
0009 0007 1710135339326 -7.3125 -65.0 5.553010452146021 18
0009 0004 1710135339326 16.25 -61.0 1.6873788666742053 18
0009 0000 1710135339326 26.0 -66.0 1.2640001692177683 18
0009 0011 1710135339327 87.875 -68.0 2.024854640009046 18
0009 0013 1710135339327 185.5 -68.0 1.368310862793992 18
0009 0014 1710135339327 13.0 -69.5 4.957825906446392 18
0009 0006 1710135339327 -22.75 -67.0 3.313398501832985 18
0009 0008 1710135339378 -4.25 -77.0 4.06811704947272 18
0009 0012 1710135339557 13.0 -58.5 0.9142525495798421 18
0009 0004 1710135339557 -16.25 -61.0 1.718058482431918 18
0009 0011 1710135339558 -133.4375 -67.5 2.337786720737717 18
0009 0014 1710135339558 91.125 -69.0 4.743068596142402 18
0009 0015 1710135339558 6.5 -61.0 2.399145952253143 18
0009 0006 1710135339559 -29.25 -66.0 3.442252888015379 18
0009 0005 1710135339559 42.3125 -67.0 5.730952223540755 18
0009 0007 1710135339559 -10.5625 -65.0 5.565282298449106 18
0009 0013 1710135339559 149.6875 -68.0 1.5892040962495242 18
0009 0009 1710135339560 -42.3125 -68.0 2.9145634969827183 18
0009 0000 1710135339560 -42.3125 -66.0 1.3560390164909069 18
0009 0008 1710135339560 10.9375 -77.0 0.8528933180644165 18
0009 0011 1710135339561 -16.25 -67.0 1.9696313316451632 18
0009 0000 1710135339562 -81.375 -65.5 1.4480778637640452 18
0009 0015 1710135339562 32.5 -61.0 2.350058567040802 18
0009 0004 1710135339562 -6.5 -61.0 1.7426021750380885 18
0009 0009 1710135339563 -26.0 -68.0 2.9022916506796332 18
0009 0005 1710135339563 22.75 -66.5 5.829126993965437 18
0009 0012 1710135339563 32.5 -58.0 0.9081166264282996 18
0009 0006 1710135339564 -3.25 -67.0 3.356349963893783 18
0009 0014 1710135339564 -6.5 -69.0 4.988505522204105 18
0009 0007 1710135339564 -24.375 -64.5 5.626641529964532 18
0009 0013 1710135339565 21.125 -68.5 1.718058482431918 18
0009 0008 1710135339638 0.5625 -76.5 0.8713010875190442 18
0009 0011 1710135339780 -26.0 -67.5 2.1353012567368124 18
0009 0015 1710135339781 9.75 -61.0 2.380738182798515 18
0009 0007 1710135339781 -24.375 -65.0 5.638913376267617 18
0009 0000 1710135339781 26.0 -66.0 1.282407938672396 18
0009 0012 1710135339782 -9.75 -58.5 0.944932165337555 18
0009 0013 1710135339782 -27.625 -68.0 1.748738098189631 18
0009 0004 1710135339782 22.75 -61.5 1.718058482431918 18
0009 0014 1710135339782 -65.0625 -68.0 5.019185137961818 18
0009 0005 1710135339783 -52.0625 -67.0 6.037748381117884 18
0009 0006 1710135339783 35.75 -66.5 3.436116964863836 18
0009 0009 1710135339783 -48.8125 -68.0 2.9329712664373457 18
0009 0008 1710135339784 -4.25 -77.0 4.086524818927348 18
0009 0007 1710135339785 -17.0625 -65.0 5.749359992995383 18
0009 0004 1710135339786 9.75 -61.5 1.8346410223112268 18
0009 0009 1710135339786 104.125 -68.0 2.693670263527186 18
0009 0012 1710135339786 19.5 -58.0 0.9387962421860124 18
0009 0015 1710135339787 -22.75 -61.5 2.4605051837685683 18
0009 0005 1710135339787 42.3125 -66.0 5.859806609723149 18
0009 0006 1710135339787 -16.25 -66.5 3.479068426924634 18
0009 0014 1710135339788 -110.625 -68.0 5.049864753719531 18
0009 0011 1710135339788 -45.5625 -67.0 2.086213871524472 18
0009 0013 1710135339788 38.1875 -67.5 1.6505633277649499 18
0009 0000 1710135339789 13.0 -66.0 1.3499030933393643 18
0009 0008 1710135339877 9.75 -77.0 4.049709280018092 18
0009 0006 1710135340014 42.3125 -68.0 3.5465635815916023 18
0009 0013 1710135340015 73.1875 -68.0 1.5707963267948966 18
0009 0012 1710135340015 -16.25 -58.5 0.9694758579437253 18
0009 0015 1710135340015 9.75 -61.0 2.356194490192345 18
0009 0011 1710135340015 117.125 -67.5 1.9757672547967058 18
0009 0014 1710135340016 -22.75 -68.5 5.043728830567988 18
0009 0007 1710135340016 73.1875 -64.5 5.663457068873787 18
0009 0009 1710135340016 16.25 -68.5 2.945243112740431 18
0009 0000 1710135340017 84.625 -66.5 1.3744467859455345 18
0009 0005 1710135340017 -6.5 -66.5 6.013204688511713 18
0009 0004 1710135340017 9.75 -61.0 1.88986433067511 18
0009 0008 1710135340018 -3.0 -77.5 1.0492428589137786 18
0009 0009 1710135340019 -113.875 -68.5 3.0495538063166547 18
0009 0013 1710135340019 45.5625 -68.0 1.6321555583103222 18
0009 0006 1710135340019 -39.0 -67.5 3.7551849687440497 18
0009 0004 1710135340020 -71.5625 -61.0 2.098485717827557 18
0009 0000 1710135340020 13.0 -66.5 1.4971652489763858 18
0009 0012 1710135340020 0.0 -58.0 0.9694758579437253 18
0009 0007 1710135340021 3.25 -64.5 5.71868037723767 18
0009 0015 1710135340021 52.0625 -61.0 2.3316507975861747 18
0009 0005 1710135340021 -65.0625 -65.5 6.074563920027139 18
0009 0011 1710135340022 22.75 -67.0 2.1475731030398975 18
0009 0014 1710135340022 39.0 -69.0 4.890330751779424 18
0009 0008 1710135340139 3.0 -76.5 1.086058397823034 18
0009 0000 1710135340139 19.5 -66.0 1.5462526341887264 18
0009 0006 1710135340139 -61.8125 -67.5 3.847223816017188 18
0009 0015 1710135340140 9.75 -61.0 2.386874105950058 18
0009 0005 1710135340140 22.75 -66.5 5.976389149602458 18
0009 0012 1710135340140 16.25 -58.5 1.0062913968529805 18
0009 0004 1710135340141 13.0 -61.5 1.9634954084936207 18
0009 0011 1710135340141 -45.5625 -67.0 2.313243028131547 18
0009 0007 1710135340141 -3.25 -64.5 5.816855147662351 18
0009 0014 1710135340142 -35.75 -69.0 4.933282213840222 18
0009 0009 1710135340142 29.25 -67.5 2.8532042654672924 18
0009 0013 1710135340142 -68.3125 -68.5 1.7855536370988863 18
0009 0008 1710135340356 -11.5625 -77.5 1.1167380135807468 18
0009 0014 1710135340356 -22.75 -68.5 4.896466674930966 18
0009 0006 1710135340357 0.0 -67.0 3.8288160465625602 18
0009 0015 1710135340357 16.25 -61.0 2.380738182798515 18
0009 0000 1710135340357 22.75 -67.0 1.5155730184310134 18
0009 0009 1710135340358 65.0625 -68.0 2.9943304979527716 18
0009 0007 1710135340358 27.625 -64.5 5.743224069843841 18
0009 0004 1710135340358 -19.5 -61.5 2.086213871524472 18
0009 0011 1710135340358 58.5625 -67.0 2.141437179888355 18
0009 0012 1710135340358 -32.5 -58.5 1.0615147052168636 18
0009 0005 1710135340359 22.75 -66.0 6.000932842208628 18
0009 0013 1710135340359 76.4375 -68.5 1.6689710972195777 18
0009 0008 1710135340361 -16.4375 -77.0 1.0983302441261191 18
0009 0012 1710135340361 29.25 -58.0 0.9756117810952678 18
0009 0014 1710135340362 100.875 -68.0 4.6448938257177215 18
0009 0013 1710135340362 170.0625 -67.5 1.4419419406125027 18
0009 0005 1710135340362 78.0625 -66.0 5.976389149602458 18
0009 0011 1710135340363 61.8125 -68.5 2.0064468705544187 18
0009 0009 1710135340363 -91.125 -68.5 3.2090878082567613 18
0009 0004 1710135340363 13.0 -62.0 2.018718716857504 18
0009 0000 1710135340364 -68.3125 -66.5 1.7548740213411735 18
0009 0015 1710135340364 -9.75 -61.5 2.411417798556228 18
0009 0006 1710135340364 -16.25 -67.0 3.8533597391687304 18
0009 0007 1710135340364 121.25 -65.0 5.6143696836614465 18
0009 0008 1710135340625 -9.75 -76.5 1.141281706186917 18
0009 0004 1710135340625 -84.625 -61.5 2.1598449493429825 18
0009 0007 1710135340625 -52.0625 -65.0 5.841398840268521 18
0009 0012 1710135340626 0.0 -58.5 1.0369710126106935 18
0009 0006 1710135340626 61.8125 -67.0 3.706097583531709 18
0009 0000 1710135340626 42.3125 -66.5 1.4971652489763858 18
0009 0009 1710135340627 0.0 -67.5 3.074097498922825 18
0009 0005 1710135340627 -65.0625 -66.0 6.178874613603362 18
0009 0014 1710135340627 120.4375 -68.5 4.71238898038469 18
0009 0011 1710135340628 -143.1875 -68.0 2.429825568010856 18
0009 0015 1710135340628 26.0 -61.0 2.380738182798515 18
0009 0013 1710135340629 35.75 -68.0 1.6260196351587797 18
0009 0008 1710135340629 13.375 -76.5 4.037437433715008 18
