0009 0007 1710135297424 -76.4375 -64.0 5.246214294568893 18
0009 0005 1710135297425 39.0 -66.0 4.878058905476339 18
0009 0009 1710135297425 9.75 -70.5 5.872078456026235 18
0009 0015 1710135297425 39.0 -58.5 4.080388895775806 18
0009 0006 1710135297426 -16.25 -61.0 4.000621894805752 18
0009 0000 1710135297426 -39.0 -61.0 0.18407769454627693 18
0009 0004 1710135297427 9.75 -60.0 6.2463697682703305 18
0009 0008 1710135297427 237.5625 -69.5 1.5707963267948966 18
0009 0010 1710135297427 10.9375 -76.0 5.424156065963627 18
0009 0004 1710135297428 42.3125 -60.5 6.191146459906448 18
0009 0000 1710135297428 -32.5 -60.5 0.14726215563702155 18
0009 0007 1710135297429 -62.625 -64.5 5.301437602932776 18
0009 0005 1710135297429 -35.75 -66.0 5.056000676871073 18
0009 0015 1710135297429 -16.25 -58.5 4.190835512503572 18
0009 0006 1710135297429 -9.75 -61.0 3.9944859716542096 18
0009 0008 1710135297430 -61.8125 -69.5 1.9880391010997909 18
0009 0009 1710135297430 -81.375 -72.5 6.258641614573416 18
0009 0010 1710135297552 11.5625 -76.5 5.66959299202533 18
0009 0005 1710135297553 -3.25 -67.0 4.994641445355648 18
0009 0009 1710135297553 240.875 -71.0 5.553010452146021 18
0009 0004 1710135297553 -19.5 -60.5 6.270913460876501 18
0009 0008 1710135297553 71.5625 -70.0 1.88986433067511 18
0009 0015 1710135297554 -22.75 -58.5 4.2092432819582 18
0009 0007 1710135297554 55.3125 -65.0 5.135767677841127 18
0009 0006 1710135297554 26.0 -60.5 3.9269908169872414 18
0009 0000 1710135297555 -13.0 -60.5 0.1718058482431918 18
0009 0010 1710135297752 -2.4375 -76.0 5.626641529964532 18
0009 0005 1710135297752 -16.25 -66.0 4.9823695990525625 18
0009 0006 1710135297752 3.25 -61.0 3.9822141253511245 18
0009 0015 1710135297753 -35.75 -58.0 4.178563666200486 18
0009 0000 1710135297753 13.0 -60.5 0.1227184630308513 18
0009 0004 1710135297753 32.5 -60.5 6.209554229361076 18
0009 0007 1710135297754 83.0 -65.5 5.086680292628786 18
0009 0008 1710135297754 -113.875 -70.5 2.055534255766759 18
0009 0009 1710135297754 -91.125 -72.5 6.111379458936394 18
0009 0010 1710135297754 14.0 -76.0 2.4727770300716534 18
0009 0004 1710135297755 16.25 -60.5 6.258641614573416 18
0009 0007 1710135297755 55.3125 -64.5 5.154175447295755 18
0009 0000 1710135297756 6.5 -61.0 0.12885438618239387 18
0009 0015 1710135297756 -13.0 -58.0 4.1417481272912315 18
0009 0005 1710135297756 -13.0 -66.0 4.97623367590102 18
0009 0008 1710135297757 16.25 -70.0 1.9512235621905356 18
0009 0006 1710135297757 -16.25 -61.5 4.01902966426038 18
0009 0009 1710135297758 -84.625 -72.0 6.068427996875596 18
0009 0010 1710135297805 7.3125 -76.0 5.595961914206819 18
0009 0006 1710135297969 -19.5 -61.0 3.9944859716542096 18
0009 0004 1710135297970 -19.5 -60.5 6.270913460876501 18
0009 0000 1710135297970 -3.25 -61.0 0.1227184630308513 18
0009 0007 1710135297970 -55.3125 -64.5 5.289165756629691 18
0009 0005 1710135297971 -48.8125 -66.0 5.092816215780329 18
0009 0015 1710135297971 9.75 -58.5 4.129476280988146 18
0009 0008 1710135297971 -71.5625 -70.0 1.9696313316451632 18
0009 0009 1710135297971 -120.4375 -74.0 6.025476534814799 18
0009 0010 1710135297972 1.8125 -76.0 5.559146375297564 18
0009 0004 1710135297972 -29.25 -60.0 0.018407769454627694 18
0009 0015 1710135297972 -3.25 -58.5 4.178563666200486 18
0009 0007 1710135297973 -13.8125 -64.5 5.197126909356553 18
0009 0006 1710135297973 -52.0625 -61.0 4.025165587411922 18
0009 0000 1710135297973 -19.5 -60.0 0.2638446955163303 18
0009 0005 1710135297974 0.0 -66.0 4.92714629068868 18
0009 0008 1710135297974 3.25 -70.5 2.018718716857504 18
0009 0010 1710135298043 9.125 -76.0 5.522330836388308 18
0009 0009 1710135298043 -3.0 -75.5 6.14819499784565 18
0009 0015 1710135298284 -9.75 -58.5 4.215379205109742 18
0009 0008 1710135298284 130.1875 -70.0 1.7732817907958012 18
0009 0006 1710135298285 29.25 -61.5 3.8717675086233583 18
0009 0000 1710135298285 9.75 -60.5 0.5829126993965437 18
0009 0004 1710135298285 -9.75 -60.0 0.18407769454627693 18
0009 0007 1710135298285 -79.75 -65.0 5.240078371417351 18
0009 0005 1710135298286 42.3125 -66.5 5.141903600992669 18
0009 0004 1710135298286 45.5625 -59.5 0.47860200582032003 18
0009 0015 1710135298286 -6.5 -59.5 4.196971435655114 18
0009 0000 1710135298287 32.5 -60.5 1.2885438618239387 18
0009 0007 1710135298287 -24.375 -65.0 5.209398755659637 18
0009 0006 1710135298287 -22.75 -62.0 3.9822141253511245 18
0009 0005 1710135298288 84.625 -66.0 5.583690067903734 18
0009 0008 1710135298289 -35.75 -72.0 2.405281875404685 18
0009 0000 1710135298289 -9.75 -62.0 2.5709518004963345 18
0009 0004 1710135298289 9.75 -58.5 1.0799224746714913 18
0009 0006 1710135298289 -35.75 -62.5 4.227651051412827 18
0009 0007 1710135298290 128.5625 -65.0 5.148039524144211 18
0009 0015 1710135298290 -45.5625 -59.0 4.1417481272912315 18
0009 0005 1710135298290 -58.5625 -67.0 6.14819499784565 18
0009 0008 1710135298291 -117.125 -73.0 2.945243112740431 18
0009 0014 1710135298553 -17.0625 -74.5 5.123495831538041 18
0009 0002 1710135298553 10.375 -77.5 0.6135923151542565 18
0009 0012 1710135298554 -3.9375 -76.0 4.804427827657828 18
0009 0015 1710135298554 6.5 -59.5 3.693825737228624 18
0009 0000 1710135298554 22.75 -63.0 4.798291904506286 18
0009 0014 1710135298555 -120.4375 -70.5 5.129631754689584 18
0009 0005 1710135298555 -6.5 -65.5 0.6381360077604268 18
0009 0006 1710135298555 -9.75 -64.0 4.632621979414636 18
0009 0004 1710135298555 16.25 -57.5 2.2027964114037806 18
0009 0007 1710135298556 73.1875 -65.5 5.565282298449106 18
0009 0002 1710135298556 -24.375 -72.0 5.264622064023521 18
0009 0012 1710135298556 -185.5 -73.5 1.6321555583103222 18
0009 0008 1710135298557 14.625 -76.0 4.3503695144436785 18
0009 0013 1710135298557 -15.375 -79.0 5.7616318392984684 18
0009 0005 1710135298557 55.3125 -66.0 2.0923497946760143 18
0009 0006 1710135298558 -13.0 -60.5 4.988505522204105 18
0009 0014 1710135298558 -117.125 -67.0 4.945554060143307 18
0009 0002 1710135298558 69.125 -72.0 1.2578642460662257 18
0009 0015 1710135298558 39.0 -62.0 3.479068426924634 18
0009 0007 1710135298558 17.0625 -65.5 0.7363107781851077 18
0009 0004 1710135298558 -19.5 -56.5 3.9638063558964967 18
0009 0000 1710135298559 9.75 -59.5 1.239456476611598 18
0009 0013 1710135298559 -288.0625 -73.0 0.02454369260617026 18
0009 0012 1710135298559 13.0 -69.5 1.1903690913992575 18
0009 0008 1710135298785 45.5625 -75.0 0.2239611950313036 18
0009 0006 1710135298785 35.75 -60.0 5.50392306693368 18
0009 0015 1710135298785 19.5 -64.0 3.147728576741336 18
0009 0000 1710135298786 3.25 -60.0 2.724349879284899 18
0009 0013 1710135298786 38.1875 -64.5 0.9817477042468103 18
0009 0014 1710135298786 -9.75 -65.5 4.816699673960914 18
0009 0007 1710135298786 62.625 -64.5 2.9022916506796332 18
0009 0012 1710135298787 29.25 -60.0 1.9880391010997909 18
0009 0004 1710135298787 -3.25 -62.0 5.957981380147831 18
0009 0008 1710135298787 149.6875 -74.0 1.41126232485479 18
0009 0011 1710135298788 -8.125 -72.5 4.73693267299086 18
0009 0002 1710135298788 5.75 -76.0 4.503767593232243 18
0009 0007 1710135298788 21.125 -60.0 4.6448938257177215 18
0009 0000 1710135298789 48.8125 -65.0 5.062136600022616 18
0009 0011 1710135298789 9.75 -65.5 3.399301425954581 18
0009 0014 1710135298789 0.0 -66.5 4.902602598082509 18
0009 0012 1710135298789 -9.75 -57.0 2.1659808724945253 18
0009 0013 1710135298790 7.3125 -60.5 1.8775924843720249 18
0009 0015 1710135298790 29.25 -64.5 3.098641191528995 18
0009 0004 1710135298790 -6.5 -60.5 3.6754179677739964 18
0009 0009 1710135298791 -123.6875 -68.5 0.28838838812250056 18
0009 0010 1710135298791 175.75 -69.5 1.6996507129772904 18
0009 0002 1710135298791 -13.0 -72.0 0.20248546400090464 18
0009 0008 1710135298803 -51.25 -76.0 6.025476534814799 18
0009 0006 1710135299017 -0.25 -66.5 3.3502140407422405 18
0009 0008 1710135299017 -32.5 -68.5 0.8283496254582462 18
0009 0015 1710135299017 26.0 -64.0 3.2336315008629315 18
0009 0004 1710135299018 19.5 -59.5 5.160311370447297 18
0009 0012 1710135299018 6.5 -58.5 1.1535535524900022 18
0009 0006 1710135299018 -16.25 -61.5 0.4908738521234052 18
0009 0000 1710135299019 -52.0625 -62.5 0.6688156235181395 18
0009 0014 1710135299019 -39.0 -68.0 5.21553467881118 18
0009 0010 1710135299019 35.75 -63.5 4.289010282928253 18
0009 0013 1710135299020 13.0 -59.5 2.0493983326152168 18
0009 0007 1710135299020 -38.1875 -63.0 0.0674951546669682 18
0009 0002 1710135299020 9.75 -71.5 1.1290098598838318 18
0009 0011 1710135299021 -29.25 -67.0 0.4908738521234052 18
0009 0009 1710135299021 2.5625 -75.0 4.460816131171445 18
0009 0008 1710135299022 -35.75 -71.0 1.8285050991596843 18
0009 0009 1710135299022 -3.25 -71.5 1.509437095279471 18
0009 0014 1710135299022 39.0 -68.0 5.135767677841127 18
0009 0000 1710135299023 58.5625 -64.5 1.0921943209745766 18
0009 0013 1710135299023 52.0625 -60.5 1.9144080232812801 18
0009 0012 1710135299023 -22.75 -60.0 0.0674951546669682 18
0009 0006 1710135299023 9.75 -63.5 1.380582709097077 18
0009 0007 1710135299024 69.125 -69.0 2.325514874434632 18
0009 0004 1710135299024 16.25 -61.0 0.8774370106705868 18
0009 0015 1710135299024 -42.3125 -63.5 3.0495538063166547 18
0009 0011 1710135299066 9.125 -69.5 6.12365130523948 18
0009 0015 1710135299267 -6.5 -63.0 2.8716120349219203 18
0009 0000 1710135299267 -74.8125 -65.5 1.4664856332186729 18
0009 0004 1710135299267 -22.75 -60.0 1.3437671701878218 18
0009 0013 1710135299268 17.0625 -62.5 1.6566992509164924 18
0009 0007 1710135299268 183.875 -68.5 3.816544200259475 18
0009 0014 1710135299268 42.3125 -69.0 5.246214294568893 18
0009 0012 1710135299269 -29.25 -59.5 6.166602767300278 18
0009 0011 1710135299269 19.5 -64.5 0.9878836273983529 18
0009 0009 1710135299269 58.5625 -66.5 2.2334760271614935 18
0009 0006 1710135299269 48.8125 -66.0 1.859184714917397 18
0009 0008 1710135299270 35.375 -77.0 0.20248546400090464 18
0009 0012 1710135299270 -16.25 -56.0 1.3621749396424494 18
0009 0011 1710135299271 19.5 -62.5 1.7303303287350031 18
0009 0004 1710135299271 26.0 -60.0 1.4971652489763858 18
0009 0013 1710135299271 13.8125 -65.0 1.9512235621905356 18
0009 0015 1710135299272 -48.8125 -61.5 2.6998061866787286 18
0009 0007 1710135299273 -100.875 -67.5 4.565126824747668 18
0009 0014 1710135299273 195.25 -70.5 4.921010367537137 18
0009 0009 1710135299273 -68.3125 -66.5 2.6813984172241008 18
0009 0006 1710135299274 22.75 -66.0 2.5832236467994196 18
0009 0000 1710135299274 0.0 -65.5 1.0921943209745766 18
0009 0008 1710135299301 -23.75 -77.5 4.215379205109742 18
0009 0005 1710135299512 -2.125 -73.0 4.71238898038469 18
0009 0013 1710135299512 26.0 -69.0 2.061670178918302 18
0009 0009 1710135299513 19.5 -67.5 2.650718801466388 18
0009 0004 1710135299513 -6.5 -60.5 1.7119225592803755 18
0009 0000 1710135299513 32.5 -65.5 0.9142525495798421 18
0009 0012 1710135299514 0.0 -56.0 1.2640001692177683 18
0009 0014 1710135299514 -58.5625 -71.0 5.4671075280244255 18
0009 0007 1710135299514 24.375 -68.0 4.552854978444583 18
0009 0015 1710135299514 -42.3125 -61.5 2.7550294950426117 18
0009 0011 1710135299515 45.5625 -63.0 1.9144080232812801 18
0009 0006 1710135299515 6.5 -64.0 3.380893656499953 18
0009 0005 1710135299515 6.0625 -72.0 4.632621979414636 18
0009 0008 1710135299516 -12.1875 -77.0 1.000155473701438 18
0009 0004 1710135299517 13.0 -60.5 1.7978254834019713 18
0009 0009 1710135299517 130.1875 -67.0 2.8716120349219203 18
0009 0000 1710135299517 26.0 -66.5 0.7485826244881929 18
0009 0012 1710135299517 6.5 -56.5 1.3008157081270237 18
0009 0015 1710135299518 26.0 -61.5 2.6323110320117604 18
0009 0011 1710135299518 97.625 -63.0 2.1046216409791 18
0009 0013 1710135299518 -185.5 -68.0 2.184388641949153 18
0009 0006 1710135299518 -35.75 -63.0 3.761320891895592 18
0009 0014 1710135299518 68.3125 -72.5 5.405748296509 18
0009 0007 1710135299519 142.375 -68.0 4.859651136021712 18
0009 0005 1710135299519 87.875 -69.5 4.847379289718626 18
0009 0008 1710135299555 17.0625 -78.0 0.9572040116406401 18
0009 0010 1710135299764 1.5625 -74.0 6.277049384028044 18
0009 0011 1710135299765 -26.0 -63.0 2.4911847995262812 18
0009 0007 1710135299765 87.0625 -66.5 5.1725832167503825 18
0009 0014 1710135299765 -244.125 -71.0 5.915029918087033 18
0009 0006 1710135299766 3.25 -63.5 3.6876898140770815 18
0009 0012 1710135299766 3.25 -56.5 1.337631247036279 18
0009 0015 1710135299766 -26.0 -61.0 2.6998061866787286 18
0009 0004 1710135299767 61.8125 -61.0 1.6996507129772904 18
0009 0005 1710135299767 -19.5 -68.0 5.227806525114265 18
0009 0013 1710135299767 17.0625 -68.0 1.9634954084936207 18
0009 0000 1710135299767 -35.75 -66.0 0.7731263170943632 18
0009 0009 1710135299768 61.8125 -68.0 2.9513790358919736 18
0009 0008 1710135299769 18.875 -77.5 4.123340357836604 18
0009 0010 1710135299769 -3.25 -74.0 0.19634954084936207 18
0009 0015 1710135299769 -39.0 -61.0 2.7550294950426117 18
0009 0000 1710135299770 55.3125 -65.5 0.7363107781851077 18
0009 0014 1710135299770 -13.0 -71.0 5.485515297479052 18
0009 0004 1710135299770 42.3125 -60.5 1.6751070203711202 18
0009 0011 1710135299771 -65.0625 -63.0 2.6139032625571326 18
0009 0012 1710135299771 -3.25 -56.5 1.3989904785517047 18
0009 0005 1710135299771 -61.8125 -69.5 5.283029833478148 18
0009 0009 1710135299771 152.9375 -67.0 2.804116880254952 18
0009 0013 1710135299772 58.5625 -67.0 1.9696313316451632 18
0009 0007 1710135299772 -27.625 -66.5 5.325981295538946 18
0009 0006 1710135299772 22.75 -64.0 3.6263305825616556 18
0009 0010 1710135299805 3.0 -74.0 0.0 18
0009 0008 1710135299805 -14.625 -77.0 4.239922897715912 18
0009 0012 1710135300006 3.25 -56.5 1.3499030933393643 18
0009 0000 1710135300006 45.5625 -65.0 0.705631162427395 18
0009 0009 1710135300006 -55.3125 -68.5 3.11091303783208 18
0009 0006 1710135300008 32.5 -64.0 3.5833791205008576 18
0009 0011 1710135300008 -16.25 -63.0 2.448233337465483 18
0009 0004 1710135300008 65.0625 -61.0 1.6566992509164924 18
0009 0005 1710135300008 -139.9375 -68.5 5.332117218690489 18
0009 0007 1710135300009 -3.25 -67.0 5.246214294568893 18
0009 0015 1710135300009 16.25 -61.0 2.693670263527186 18
0009 0013 1710135300009 -59.375 -67.5 2.098485717827557 18
0009 0014 1710135300010 -110.625 -72.0 5.559146375297564 18
0009 0010 1710135300010 11.5625 -74.0 0.0674951546669682 18
0009 0008 1710135300010 10.375 -78.0 0.944932165337555 18
0009 0014 1710135300011 205.0625 -71.5 5.160311370447297 18
0009 0012 1710135300011 -6.5 -56.5 1.368310862793992 18
0009 0009 1710135300011 104.125 -68.0 2.859340188618835 18
0009 0011 1710135300011 65.0625 -63.0 2.3193789512830896 18
0009 0004 1710135300012 13.0 -60.5 1.662835174068035 18
0009 0006 1710135300012 29.25 -64.5 3.522019888985432 18
0009 0007 1710135300012 -87.0625 -67.0 5.3627968344482015 18
0009 0015 1710135300013 42.3125 -61.5 2.6139032625571326 18
0009 0000 1710135300013 -9.75 -66.0 0.8467573949128739 18
0009 0005 1710135300013 55.3125 -68.5 4.9823695990525625 18
0009 0013 1710135300014 69.125 -68.0 2.024854640009046 18
0009 0010 1710135300055 -5.4375 -73.0 0.17794177139473438 18
0009 0008 1710135300055 10.9375 -77.5 4.23378697456437 18
0009 0004 1710135300237 6.5 -61.0 1.6873788666742053 18
0009 0000 1710135300237 13.0 -66.0 0.859029241215959 18
0009 0006 1710135300237 -19.5 -64.0 3.56497135104623 18
0009 0015 1710135300237 -22.75 -61.5 2.761165418194154 18
0009 0011 1710135300238 -58.5625 -63.0 2.448233337465483 18
0009 0012 1710135300238 26.0 -56.5 1.3130875544301088 18
0009 0005 1710135300238 22.75 -68.0 5.141903600992669 18
0009 0014 1710135300239 -29.25 -71.0 5.399612373357457 18
0009 0009 1710135300239 32.5 -67.5 2.9697868053466014 18
0009 0013 1710135300239 34.9375 -66.5 2.043262409463674 18
0009 0007 1710135300239 41.5 -66.5 5.080544369477243 18
0009 0010 1710135300239 -10.9375 -73.5 0.25770877236478773 18
0009 0008 1710135300240 -3.625 -77.0 4.295146206079795 18
0009 0011 1710135300240 3.25 -63.5 2.435961491162398 18
0009 0007 1710135300240 13.8125 -66.0 5.141903600992669 18
0009 0006 1710135300241 26.0 -64.0 3.485204350076177 18
0009 0015 1710135300241 -39.0 -61.0 2.748893571891069 18
0009 0005 1710135300241 -104.125 -68.5 5.307573526084319 18
0009 0000 1710135300241 19.5 -65.5 0.9142525495798421 18
0009 0004 1710135300242 -6.5 -60.5 1.7732817907958012 18
0009 0012 1710135300242 0.0 -56.5 1.3314953238847365 18
0009 0013 1710135300242 55.3125 -68.0 1.9205439464328227 18
0009 0009 1710135300243 22.75 -68.0 2.945243112740431 18
0009 0014 1710135300243 87.875 -72.0 5.289165756629691 18
0009 0010 1710135300301 4.25 -73.5 0.18407769454627693 18
0009 0008 1710135300301 11.5625 -77.5 1.0921943209745766 18
0009 0011 1710135300460 -107.375 -63.5 2.521864415283994 18
0009 0006 1710135300461 -9.75 -64.5 3.6876898140770815 18
0009 0013 1710135300461 21.125 -68.0 1.9696313316451632 18
0009 0007 1710135300461 -48.8125 -66.0 5.184855063053467 18
0009 0000 1710135300461 -65.0625 -65.5 1.043106935762236 18
0009 0012 1710135300462 -22.75 -56.5 1.337631247036279 18
0009 0014 1710135300462 149.6875 -71.5 5.301437602932776 18
0009 0005 1710135300462 3.25 -69.0 5.154175447295755 18
0009 0004 1710135300462 22.75 -60.5 1.8100973297050567 18
0009 0015 1710135300463 19.5 -62.0 2.6323110320117604 18
0009 0009 1710135300463 -16.25 -67.0 3.043417883165112 18
0009 0008 1710135300463 9.125 -78.0 0.9878836273983529 18
0009 0010 1710135300464 1.1875 -73.5 0.22089323345553233 18
0009 0011 1710135300465 55.3125 -63.5 2.313243028131547 18
0009 0004 1710135300465 16.25 -60.5 1.932815792735908 18
0009 0006 1710135300465 19.5 -64.5 3.706097583531709 18
0009 0012 1710135300465 0.0 -56.5 1.2946797849754812 18
0009 0014 1710135300466 94.375 -72.0 5.270757987175063 18
0009 0015 1710135300466 -29.25 -61.5 2.6813984172241008 18
0009 0000 1710135300466 0.0 -66.0 1.0492428589137786 18
0009 0007 1710135300467 -83.0 -66.0 5.178719139901925 18
0009 0009 1710135300467 13.0 -68.0 2.9575149590435164 18
0009 0013 1710135300468 -59.375 -68.5 2.141437179888355 18
0009 0005 1710135300468 52.0625 -70.5 5.1725832167503825 18
0009 0010 1710135300554 12.1875 -74.0 0.03681553890925539 18
0009 0008 1710135300555 6.8125 -79.0 4.154019973594316 18
0009 0007 1710135300695 -55.3125 -66.0 5.184855063053467 18
0009 0004 1710135300696 26.0 -61.0 1.8960002538266525 18
0009 0005 1710135300696 -61.8125 -70.0 5.332117218690489 18
0009 0012 1710135300696 13.0 -57.0 1.2762720155208536 18
0009 0006 1710135300697 6.5 -64.0 3.6999616603801666 18
0009 0013 1710135300697 -7.3125 -68.5 1.9941750242513334 18
0009 0000 1710135300697 -58.5625 -65.5 1.1780972450961724 18
0009 0009 1710135300697 -19.5 -68.5 3.0495538063166547 18
0009 0015 1710135300698 26.0 -61.0 2.5954954931025047 18
0009 0014 1710135300698 -52.0625 -71.5 5.50392306693368 18
0009 0011 1710135300698 -9.75 -63.5 2.3193789512830896 18
0009 0008 1710135300699 24.375 -78.0 0.9265243958829272 18
0009 0010 1710135300699 -7.875 -73.0 0.36815538909255385 18
0009 0012 1710135300700 16.25 -56.5 1.2578642460662257 18
0009 0005 1710135300700 -110.625 -69.5 5.393476450205914 18
0009 0004 1710135300700 -52.0625 -61.0 2.073942025221387 18
0009 0011 1710135300701 3.25 -63.5 2.3071071049800045 18
0009 0015 1710135300701 52.0625 -61.5 2.6139032625571326 18
0009 0006 1710135300701 9.75 -64.5 3.736777199289422 18
0009 0000 1710135300701 -100.875 -67.0 1.2946797849754812 18
0009 0009 1710135300702 -48.8125 -68.5 3.160000423044421 18
0009 0007 1710135300702 93.5625 -66.5 4.97623367590102 18
0009 0014 1710135300702 -104.125 -74.0 5.546874528994478 18
0009 0013 1710135300703 -73.1875 -68.5 2.030990563160589 18
0009 0010 1710135300801 7.3125 -72.5 0.25770877236478773 18
0009 0008 1710135300801 21.9375 -78.0 0.8713010875190442 18
0009 0007 1710135300924 7.3125 -67.0 5.117359908386499 18
0009 0012 1710135300925 42.3125 -56.5 1.227184630308513 18
0009 0000 1710135300925 9.75 -66.0 1.1965050145508 18
0009 0011 1710135300925 -45.5625 -63.5 2.454369260617026 18
0009 0015 1710135300925 -19.5 -61.5 2.6998061866787286 18
0009 0006 1710135300926 -16.25 -64.0 3.77972866135022 18
0009 0013 1710135300926 131.8125 -68.0 1.9144080232812801 18
0009 0004 1710135300926 48.8125 -61.5 1.9512235621905356 18
0009 0009 1710135300927 0.0 -68.0 3.1906800388021335 18
0009 0010 1710135300927 19.5 -72.0 0.4356505437595221 18
0009 0005 1710135300927 71.5625 -70.0 5.105088062083414 18
0009 0014 1710135300927 55.3125 -72.0 5.209398755659637 18
0009 0008 1710135300928 -5.4375 -78.0 4.3074180523828804 18
0009 0011 1710135300929 55.3125 -63.5 2.3071071049800045 18
0009 0000 1710135300929 -81.375 -66.0 1.4603497100671303 18
0009 0015 1710135300930 48.8125 -61.5 2.6323110320117604 18
0009 0004 1710135300930 6.5 -61.5 2.0493983326152168 18
0009 0009 1710135300930 9.75 -67.5 3.160000423044421 18
0009 0005 1710135300931 55.3125 -70.0 5.148039524144211 18
0009 0012 1710135300931 -6.5 -56.5 1.3314953238847365 18
0009 0013 1710135300931 -22.75 -68.0 2.018718716857504 18
0009 0006 1710135300932 58.5625 -63.5 3.6692820446224537 18
0009 0007 1710135300932 -30.875 -66.5 5.21553467881118 18
0009 0010 1710135300932 3.25 -71.0 0.6135923151542565 18
0009 0014 1710135300932 -214.8125 -72.0 5.816855147662351 18
0009 0008 1710135301052 -12.1875 -77.5 1.2946797849754812 18
0009 0009 1710135301052 -39.0 -68.0 3.227495577711389 18
0009 0005 1710135301053 26.0 -70.0 5.368932757599744 18
0009 0010 1710135301053 -58.5625 -70.5 0.6749515466696822 18
0009 0014 1710135301053 -26.0 -71.5 5.5284667595398505 18
0009 0004 1710135301053 -35.75 -61.5 2.1475731030398975 18
0009 0015 1710135301054 9.75 -61.0 2.6445828783148455 18
0009 0007 1710135301054 -139.125 -66.5 5.418020142812084 18
0009 0006 1710135301055 61.8125 -65.0 3.7551849687440497 18
0009 0013 1710135301055 -69.125 -68.5 2.098485717827557 18
0009 0000 1710135301056 -29.25 -66.0 1.3560390164909069 18
0009 0012 1710135301056 19.5 -56.5 1.3008157081270237 18
0009 0011 1710135301056 32.5 -64.0 2.423689644859313 18
0009 0008 1710135301281 17.6875 -77.5 4.178563666200486 18
0009 0000 1710135301281 58.5625 -66.5 1.3069516312785663 18
0009 0006 1710135301281 16.25 -65.0 3.773592738198677 18
0009 0012 1710135301282 3.25 -57.0 1.3437671701878218 18
0009 0011 1710135301282 13.0 -64.0 2.2027964114037806 18
0009 0004 1710135301282 58.5625 -62.0 2.024854640009046 18
0009 0010 1710135301282 45.5625 -69.5 0.5276893910326605 18
0009 0015 1710135301283 22.75 -61.5 2.6384469551633027 18
0009 0013 1710135301283 -21.125 -68.5 1.88986433067511 18
0009 0007 1710135301283 27.625 -66.5 5.1725832167503825 18
0009 0005 1710135301284 -55.3125 -69.5 5.663457068873787 18
0009 0009 1710135301284 42.3125 -68.0 3.215223731408304 18
0009 0014 1710135301284 56.9375 -73.5 5.755495916146925 18
0009 0008 1710135301285 17.0625 -77.0 4.325825821837508 18
0009 0009 1710135301285 -26.0 -67.5 3.3747577333484107 18
0009 0006 1710135301286 -61.8125 -65.0 3.9822141253511245 18
0009 0010 1710135301286 -110.625 -69.5 0.8467573949128739 18
0009 0005 1710135301286 -26.0 -69.5 5.559146375297564 18
0009 0012 1710135301287 26.0 -57.0 1.3192234775816514 18
0009 0013 1710135301287 55.3125 -68.0 1.8960002538266525 18
0009 0015 1710135301288 22.75 -61.5 2.6384469551633027 18
0009 0011 1710135301288 32.5 -64.5 2.282563412373834 18
0009 0004 1710135301289 42.3125 -62.5 2.116893487282185 18
0009 0000 1710135301289 -71.5625 -67.0 1.4726215563702154 18
0009 0007 1710135301290 17.0625 -66.0 5.227806525114265 18
0009 0014 1710135301301 -3.25 -73.0 5.678796876752644 18
0009 0008 1710135301510 -9.75 -77.5 4.485359823777615 18
0009 0007 1710135301510 65.875 -66.5 5.111223985234957 18
0009 0009 1710135301510 -84.625 -68.0 3.429981041712294 18
0009 0015 1710135301511 26.0 -61.0 2.6384469551633027 18
0009 0000 1710135301511 104.125 -67.0 1.282407938672396 18
0009 0006 1710135301511 39.0 -64.5 3.9147189706841563 18
0009 0011 1710135301512 65.0625 -64.5 2.172116795646068 18
0009 0010 1710135301512 52.0625 -69.0 0.607456392002714 18
0009 0012 1710135301512 -13.0 -57.0 1.4051264017032472 18
0009 0004 1710135301513 55.3125 -62.0 2.12916533358527 18
0009 0013 1710135301513 52.0625 -69.0 1.8100973297050567 18
0009 0005 1710135301513 16.25 -72.0 5.540738605842936 18
0009 0014 1710135301513 0.0 -73.5 5.52539879796408 18
0009 0008 1710135301514 -8.5 -77.5 1.337631247036279 18
0009 0015 1710135301514 -13.0 -61.5 2.705942109830271 18
0009 0013 1710135301514 -22.75 -67.0 1.9819031779482483 18
0009 0005 1710135301515 -45.5625 -71.0 5.780039608753096 18
0009 0000 1710135301515 -110.625 -67.0 1.6321555583103222 18
0009 0007 1710135301515 -13.8125 -66.5 5.1725832167503825 18
0009 0004 1710135301515 9.75 -62.5 2.1537090261914402 18
0009 0009 1710135301516 -110.625 -68.5 3.5158839658338894 18
0009 0012 1710135301516 26.0 -57.0 1.3130875544301088 18
0009 0006 1710135301516 -65.0625 -64.5 4.04357335686655 18
0009 0011 1710135301517 42.3125 -64.0 2.184388641949153 18
0009 0010 1710135301517 52.0625 -69.5 0.5154175447295755 18
0009 0014 1710135301560 38.25 -73.0 5.697204646207271 18
0009 0008 1710135301560 16.4375 -77.0 1.2087768608538851 18
0009 0013 1710135301745 69.125 -67.5 1.8714565612204823 18
0009 0004 1710135301746 13.0 -62.5 2.172116795646068 18
0009 0012 1710135301746 26.0 -56.5 1.3192234775816514 18
0009 0011 1710135301746 13.0 -64.5 2.2641556429192065 18
0009 0015 1710135301747 -29.25 -61.5 2.742757648739526 18
0009 0009 1710135301747 68.3125 -69.0 3.3747577333484107 18
0009 0000 1710135301748 113.875 -67.0 1.239456476611598 18
0009 0006 1710135301748 26.0 -64.0 3.9269908169872414 18
0009 0007 1710135301748 -45.5625 -66.0 5.307573526084319 18
0009 0010 1710135301749 13.0 -70.0 0.5890486225480862 18
0009 0014 1710135301749 29.25 -73.0 2.5280003384355365 18
0009 0005 1710135301749 -54.5 -71.0 5.743224069843841 18
0009 0008 1710135301750 10.375 -77.0 4.552854978444583 18
0009 0012 1710135301750 3.25 -57.0 1.3437671701878218 18
0009 0009 1710135301750 91.125 -67.5 3.2643111166206444 18
0009 0006 1710135301750 -35.75 -64.5 4.01902966426038 18
0009 0015 1710135301751 65.0625 -61.5 2.5832236467994196 18
0009 0007 1710135301751 -107.375 -66.5 5.411884219660542 18
0009 0000 1710135301751 -74.8125 -66.5 1.4787574795217582 18
0009 0004 1710135301752 35.75 -63.0 2.1659808724945253 18
0009 0013 1710135301752 0.0 -67.0 1.9880391010997909 18
0009 0011 1710135301752 3.25 -64.5 2.227340104009951 18
0009 0010 1710135301753 9.75 -69.0 0.607456392002714 18
0009 0014 1710135301801 34.125 -73.5 5.688000761479957 18
0009 0008 1710135301801 9.125 -77.0 1.3928545554001621 18
0009 0005 1710135301801 -6.0625 -72.5 5.6941366846315 18
0009 0013 1710135301980 87.0625 -68.5 1.8960002538266525 18
0009 0015 1710135301980 -9.75 -61.5 2.7120780329818137 18
0009 0007 1710135301981 -111.4375 -66.0 5.283029833478148 18
0009 0006 1710135301981 13.0 -64.5 3.9576704327449543 18
0009 0010 1710135301981 -91.125 -69.0 0.7853981633974483 18
0009 0012 1710135301982 -9.75 -57.0 1.3314953238847365 18
0009 0009 1710135301982 3.25 -68.5 3.3502140407422405 18
0009 0000 1710135301982 78.0625 -67.5 1.3314953238847365 18
0009 0004 1710135301982 68.3125 -62.5 2.0371264863121317 18
0009 0011 1710135301983 -39.0 -64.5 2.2396119503130363 18
0009 0014 1710135301983 51.25 -73.5 5.537670644267164 18
0009 0008 1710135301983 -6.0625 -77.0 1.2640001692177683 18
0009 0005 1710135301984 -17.0625 -72.5 2.386874105950058 18
0009 0010 1710135301984 130.1875 -70.0 0.6442719309119693 18
0009 0004 1710135301984 19.5 -62.5 2.1475731030398975 18
0009 0009 1710135301985 -45.5625 -68.0 3.4606606574700063 18
0009 0015 1710135301985 61.8125 -61.5 2.5832236467994196 18
0009 0012 1710135301985 -6.5 -56.5 1.368310862793992 18
0009 0006 1710135301985 -42.3125 -64.5 3.9944859716542096 18
0009 0011 1710135301986 136.6875 -64.5 1.9205439464328227 18
0009 0007 1710135301986 -62.625 -66.0 5.129631754689584 18
0009 0000 1710135301986 3.25 -66.5 1.3499030933393643 18
0009 0013 1710135301987 -38.1875 -68.0 2.012582793705961 18
0009 0014 1710135302055 4.25 -74.0 5.688000761479957 18
0009 0008 1710135302055 12.1875 -77.0 4.313553975534423 18
0009 0005 1710135302055 -7.875 -73.0 5.595961914206819 18
0009 0012 1710135302222 13.0 -57.0 1.2885438618239387 18
0009 0010 1710135302222 -39.0 -68.5 0.7731263170943632 18
0009 0009 1710135302222 -39.0 -67.5 3.2888548092268146 18
0009 0015 1710135302222 -9.75 -62.0 2.662990647769473 18
0009 0011 1710135302223 45.5625 -65.5 2.098485717827557 18
0009 0006 1710135302223 3.25 -65.0 3.877903431774901 18
0009 0004 1710135302223 19.5 -62.0 1.9757672547967058 18
0009 0000 1710135302223 48.8125 -67.0 1.2455923997631406 18
0009 0007 1710135302224 21.125 -66.5 5.013049214810275 18
0009 0013 1710135302224 133.4375 -68.0 1.7978254834019713 18
0009 0014 1710135302224 6.5 -74.0 5.546874528994478 18
0009 0008 1710135302225 8.5 -76.5 4.424000592262189 18
0009 0005 1710135302225 -10.9375 -73.0 5.491651220630596 18
0009 0000 1710135302226 84.625 -67.0 1.1044661672776617 18
0009 0013 1710135302226 -3.25 -67.5 1.9389517158874505 18
0009 0012 1710135302226 -16.25 -57.0 1.325359400733194 18
0009 0010 1710135302227 45.5625 -68.5 0.6933593161243098 18
0009 0015 1710135302227 3.25 -61.5 2.6568547246179306 18
0009 0004 1710135302227 74.8125 -62.0 1.8837284075235674 18
0009 0009 1710135302227 -55.3125 -67.5 3.2029518851052186 18
0009 0007 1710135302228 -48.8125 -66.5 5.0253210611133605 18
0009 0011 1710135302229 65.0625 -64.5 1.9757672547967058 18
0009 0006 1710135302229 0.0 -65.0 3.816544200259475 18
0009 0014 1710135302299 6.0625 -74.5 5.651185222570702 18
0009 0008 1710135302299 -17.0625 -76.5 4.454680208019902 18
