0001 0007 1711355481984 9.75 -62.5 3.2643111166206444 13
0001 0013 1711355482004 -3.25 -62.0 5.93343768754166 13
0001 0014 1711355482005 166.0 -68.5 1.0185632431560658 13
0001 0012 1711355482005 3.25 -64.0 3.785864584501762 13
0001 0006 1711355482006 6.5 -63.0 2.8716120349219203 13
0001 0009 1711355482006 0.0 -62.0 4.405592822807561 13
0001 0015 1711355482007 -19.5 -62.0 6.2034183062095325 13
0001 0008 1711355482007 68.3125 -71.5 6.025476534814799 13
0001 0000 1711355482008 -6.5 -60.5 4.387185053352934 13
0001 0010 1711355482008 -19.5 -55.5 5.21553467881118 13
0001 0005 1711355482009 -19.5 -56.0 6.1850105367549055 13
0001 0001 1711355482009 100.875 -68.0 5.203262832508095 13
0001 0011 1711355482009 3.25 -64.5 3.454524734318464 13
0001 0003 1711355482010 -100.875 -71.0 0.9387962421860124 13
0001 0002 1711355482010 -1.5 -78.0 6.086835766330224 13
0001 0010 1711355482011 -19.5 -56.5 5.221670601962723 13
0001 0015 1711355482011 -29.25 -63.0 0.0 13
0001 0007 1711355482012 13.0 -63.0 3.2581751934691017 13
0001 0000 1711355482012 -22.75 -61.0 4.3503695144436785 13
0001 0006 1711355482013 6.5 -63.0 2.8654761117703775 13
0001 0011 1711355482013 22.75 -65.0 3.423845118560751 13
0001 0005 1711355482013 -16.25 -56.0 6.227961998815704 13
0001 0013 1711355482014 -29.25 -62.5 6.025476534814799 13
0001 0012 1711355482017 6.5 -64.0 3.730641276137879 13
0001 0003 1711355482018 -143.1875 -71.5 1.0246991663076084 13
0001 0001 1711355482019 42.3125 -67.0 5.203262832508095 13
0001 0009 1711355482020 6.5 -62.5 4.325825821837508 13
0001 0014 1711355482021 -104.125 -68.0 1.552388557340269 13
0001 0008 1711355482022 19.5 -72.0 6.074563920027139 13
0001 0002 1711355482049 9.125 -77.5 6.092971689481767 13
0001 0015 1711355482196 22.75 -62.0 6.2034183062095325 13
0001 0005 1711355482197 -6.5 -56.5 6.191146459906448 13
0001 0007 1711355482198 13.0 -62.5 3.2704470397721868 13
0001 0001 1711355482199 -104.125 -67.5 5.436427912266712 13
0001 0008 1711355482200 177.375 -72.0 5.8045833013592665 13
0001 0013 1711355482201 -9.75 -62.5 5.9088939949354895 13
0001 0006 1711355482202 -9.75 -63.0 2.8286605728611223 13
0001 0011 1711355482203 94.375 -65.5 3.215223731408304 13
0001 0009 1711355482204 -58.5625 -62.5 4.374913207049849 13
0001 0012 1711355482205 13.0 -64.0 3.6815538909255388 13
0001 0010 1711355482206 0.0 -56.0 5.129631754689584 13
0001 0014 1711355482207 52.0625 -69.0 1.3314953238847365 13
0001 0000 1711355482212 -13.0 -60.5 4.362641360746763 13
0001 0003 1711355482213 87.875 -73.5 0.7179030087304801 13
0001 0002 1711355482214 3.5 -79.0 5.8475347634200645 13
0001 0005 1711355482214 -16.25 -56.0 6.191146459906448 13
0001 0012 1711355482216 3.25 -63.5 3.6324665057131984 13
0001 0015 1711355482217 -26.0 -62.5 6.19728238305799 13
0001 0006 1711355482218 -16.25 -62.5 2.742757648739526 13
0001 0009 1711355482219 39.0 -63.0 4.221515128261284 13
0001 0003 1711355482220 -3.25 -72.0 0.6749515466696822 13
0001 0011 1711355482220 -55.3125 -65.5 3.399301425954581 13
0001 0013 1711355482221 -19.5 -63.0 5.872078456026235 13
0001 0001 1711355482222 -58.5625 -68.0 5.264622064023521 13
0001 0010 1711355482223 -19.5 -56.5 5.141903600992669 13
0001 0000 1711355482224 -74.8125 -61.5 4.466952054322987 13
0001 0014 1711355482225 48.8125 -69.0 1.368310862793992 13
0001 0007 1711355482226 16.25 -63.0 3.1906800388021335 13
0001 0008 1711355482240 240.875 -72.0 5.816855147662351 13
0001 0002 1711355482298 3.1875 -78.0 2.8286605728611223 13
0001 0006 1711355482454 26.0 -63.0 2.6568547246179306 13
0001 0012 1711355482455 -6.5 -63.5 3.6570101983193686 13
0001 0015 1711355482456 -16.25 -62.5 6.1850105367549055 13
0001 0007 1711355482457 -16.25 -63.0 3.1906800388021335 13
0001 0005 1711355482458 -13.0 -56.0 6.154330920997192 13
0001 0010 1711355482458 -19.5 -56.0 5.1725832167503825 13
0001 0013 1711355482459 19.5 -62.5 5.798447378207723 13
0001 0008 1711355482460 117.125 -71.5 5.890486225480862 13
0001 0003 1711355482461 292.9375 -71.5 0.2270291566070749 13
0001 0014 1711355482462 -45.5625 -69.0 1.3192234775816514 13
0001 0000 1711355482463 -35.75 -61.0 4.3933209765044765 13
0001 0009 1711355482463 16.25 -63.0 4.154019973594316 13
0001 0011 1711355482464 35.75 -65.5 3.2336315008629315 13
0001 0001 1711355482465 -74.8125 -69.0 5.264622064023521 13
0001 0002 1711355482466 -9.125 -78.5 6.013204688511713 13
0001 0014 1711355482467 -136.6875 -69.5 1.607611865704152 13
0001 0012 1711355482468 -19.5 -63.5 3.693825737228624 13
0001 0011 1711355482468 55.3125 -65.5 3.2520392703175593 13
0001 0007 1711355482469 35.75 -62.5 3.1231848841351653 13
0001 0006 1711355482470 58.5625 -63.0 2.6139032625571326 13
0001 0015 1711355482471 29.25 -62.5 6.12365130523948 13
0001 0010 1711355482472 -9.75 -56.0 5.092816215780329 13
0001 0009 1711355482473 16.25 -63.0 4.239922897715912 13
0001 0005 1711355482474 -26.0 -56.0 6.166602767300278 13
0001 0013 1711355482476 -6.5 -63.0 5.810719224510809 13
0001 0000 1711355482477 0.0 -61.0 4.3503695144436785 13
0001 0001 1711355482478 -139.9375 -68.0 5.448699758569798 13
0001 0003 1711355482479 -136.6875 -72.0 0.8651651643675016 13
0001 0008 1711355482479 -13.0 -72.0 6.111379458936394 13
0001 0002 1711355482548 -0.25 -78.5 5.927301764390117 13
0001 0007 1711355482772 22.75 -63.0 3.1661363461959633 13
0001 0012 1711355482772 104.125 -64.0 3.5281558121369745 13
0001 0009 1711355482773 45.5625 -62.0 4.28287435977671 13
0001 0010 1711355482774 9.75 -56.0 5.098952138931871 13
0001 0015 1711355482775 -6.5 -62.5 6.215690152512618 13
0001 0008 1711355482776 -117.125 -73.0 6.240233845118788 13
0001 0005 1711355482777 -9.75 -56.0 6.0991076126333095 13
0001 0011 1711355482777 -110.625 -65.5 3.4177091954092087 13
0001 0000 1711355482778 -45.5625 -61.0 4.424000592262189 13
0001 0014 1711355482779 -39.0 -69.0 1.4603497100671303 13
0001 0006 1711355482780 39.0 -63.0 2.7120780329818137 13
0001 0001 1711355482781 143.1875 -67.5 5.197126909356553 13
0001 0013 1711355482782 -48.8125 -63.0 5.872078456026235 13
0001 0003 1711355482783 65.0625 -73.0 0.6994952392758523 13
0001 0002 1711355482784 -5.4375 -79.5 5.976389149602458 13
0001 0008 1711355482784 -169.25 -72.5 6.270913460876501 13
0001 0009 1711355482785 9.75 -62.5 4.331961744989051 13
0001 0005 1711355482786 0.0 -56.0 6.111379458936394 13
0001 0007 1711355482787 -16.25 -63.0 3.1231848841351653 13
0001 0012 1711355482787 -35.75 -63.5 3.5588354278946874 13
0001 0010 1711355482788 13.0 -56.0 5.098952138931871 13
0001 0000 1711355482789 16.25 -61.0 4.381049130201391 13
0001 0011 1711355482790 -13.0 -66.0 3.2336315008629315 13
0001 0006 1711355482790 26.0 -63.0 2.724349879284899 13
0001 0013 1711355482792 -29.25 -62.5 5.755495916146925 13
0001 0015 1711355482793 -45.5625 -63.0 0.0 13
0001 0014 1711355482794 -6.5 -70.0 1.4971652489763858 13
0001 0001 1711355482794 -16.25 -67.5 5.411884219660542 13
0001 0003 1711355482795 -159.5 -72.0 1.0185632431560658 13
0001 0002 1711355482967 43.625 -78.0 5.6941366846315 13
0001 0011 1711355482968 113.875 -66.0 3.08636934522591 13
0001 0008 1711355482968 121.25 -72.5 5.921165841238575 13
0001 0001 1711355482969 -19.5 -68.0 5.436427912266712 13
0001 0010 1711355482970 -9.75 -56.0 5.166447293598839 13
0001 0012 1711355482971 -26.0 -64.0 3.54042765844006 13
0001 0003 1711355482972 208.3125 -73.5 0.521553467881118 13
0001 0005 1711355482973 0.0 -56.0 6.129787228391022 13
0001 0009 1711355482974 -13.0 -62.0 4.356505437595221 13
0001 0007 1711355482974 61.8125 -63.0 3.067961575771282 13
0001 0000 1711355482975 29.25 -61.5 4.313553975534423 13
0001 0013 1711355482976 -22.75 -63.5 5.798447378207723 13
0001 0015 1711355482976 -29.25 -63.0 6.227961998815704 13
0001 0006 1711355482977 6.5 -63.5 2.705942109830271 13
0001 0014 1711355482978 55.3125 -69.5 1.325359400733194 13
0001 0002 1711355482978 49.4375 -77.5 5.743224069843841 13
0001 0012 1711355483060 32.5 -64.0 3.356349963893783 13
0001 0007 1711355483061 0.0 -63.0 3.098641191528995 13
0001 0010 1711355483061 -13.0 -56.0 5.160311370447297 13
0001 0000 1711355483062 -22.75 -61.0 4.430136515413731 13
0001 0003 1711355483062 -175.75 -73.0 1.141281706186917 13
0001 0011 1711355483063 13.0 -66.0 3.104777114680538 13
0001 0001 1711355483064 -52.0625 -68.0 5.5714182216006485 13
0001 0009 1711355483065 -29.25 -62.5 4.368777283898306 13
0001 0005 1711355483065 -29.25 -56.0 6.1420590746941075 13
0001 0015 1711355483066 6.5 -63.0 6.2034183062095325 13
0001 0006 1711355483067 -13.0 -63.5 2.718213956133356 13
0001 0013 1711355483067 -22.75 -63.5 5.706408530934585 13
0001 0008 1711355483069 170.0625 -73.0 5.8045833013592665 13
0001 0014 1711355483069 -29.25 -69.0 1.564660403643354 13
0001 0002 1711355483214 -17.0625 -78.0 6.227961998815704 13
0001 0003 1711355483214 -45.5625 -71.0 1.3069516312785663 13
0001 0007 1711355483215 9.75 -63.5 2.742757648739526 13
0001 0000 1711355483215 61.8125 -61.0 4.466952054322987 13
0001 0005 1711355483216 9.75 -56.0 6.000932842208628 13
0001 0009 1711355483217 -13.0 -62.0 4.2092432819582 13
0001 0001 1711355483218 39.0 -68.0 5.724816300389213 13
0001 0010 1711355483218 -26.0 -56.5 4.798291904506286 13
0001 0008 1711355483219 -71.5625 -72.5 6.105243535784852 13
0001 0014 1711355483220 -65.0625 -70.0 1.4726215563702154 13
0001 0012 1711355483220 -35.75 -64.0 2.405281875404685 13
0001 0011 1711355483221 195.25 -68.5 2.110757564130642 13
0001 0015 1711355483222 -35.75 -63.5 6.252505691421874 13
0001 0006 1711355483222 48.8125 -64.0 2.350058567040802 13
0001 0013 1711355483223 -16.25 -70.0 4.97623367590102 13
0001 0002 1711355483224 7.75 -77.5 0.0 13
0001 0004 1711355483308 -8.8125 -74.5 0.521553467881118 13
0001 0015 1711355483437 52.0625 -69.5 6.092971689481767 13
0001 0012 1711355483437 -6.5 -69.5 1.8530487917658545 13
0001 0009 1711355483438 45.5625 -63.5 3.08636934522591 13
0001 0005 1711355483438 -19.5 -55.0 5.258486140871978 13
0001 0010 1711355483439 45.5625 -60.0 3.773592738198677 13
0001 0000 1711355483440 -16.25 -62.5 4.608078286808466 13
0001 0001 1711355483440 -81.375 -67.5 0.07363107781851078 13
0001 0006 1711355483441 -16.25 -67.0 1.4173982480063325 13
0001 0007 1711355483442 -87.875 -64.5 6.117515382087937 13
0001 0011 1711355483442 19.5 -66.5 5.602097837358362 13
0001 0004 1711355483443 -113.875 -68.0 3.724505352986337 13
0001 0003 1711355483444 -6.5 -70.5 1.1290098598838318 13
0001 0002 1711355483444 166.0 -76.0 2.9759227284981438 13
0001 0008 1711355483445 142.375 -73.0 3.56497135104623 13
0001 0014 1711355483445 18.875 -73.0 1.1903690913992575 13
0001 0009 1711355483446 3.25 -63.5 0.1902136176978195 13
0001 0004 1711355483447 -39.0 -68.5 3.5895150436524004 13
0001 0002 1711355483447 361.3125 -75.0 1.9512235621905356 13
0001 0012 1711355483448 156.1875 -73.0 1.6689710972195777 13
0001 0005 1711355483449 22.75 -55.0 4.184699589352029 13
0001 0011 1711355483449 97.625 -66.0 3.77972866135022 13
0001 0007 1711355483450 0.0 -56.5 3.0372819600135696 13
0001 0003 1711355483451 -26.0 -69.5 0.5031456984264903 13
0001 0010 1711355483451 -35.75 -61.5 0.8774370106705868 13
0001 0006 1711355483453 244.125 -69.5 3.172272269347506 13
0001 0001 1711355483453 3.25 -67.0 6.209554229361076 13
0001 0000 1711355483454 52.0625 -62.5 3.32567034813607 13
0001 0008 1711355483455 68.3125 -67.5 2.2212041808584084 13
0001 0014 1711355483548 2.4375 -72.5 1.4542137869155878 13
0001 0006 1711355483685 3.25 -64.5 1.6014759425526093 13
0001 0014 1711355483686 55.3125 -71.0 1.3621749396424494 13
0001 0010 1711355483686 65.0625 -63.0 4.313553975534423 13
0001 0000 1711355483687 3.25 -63.0 1.8653206380689396 13
0001 0009 1711355483688 19.5 -60.0 4.313553975534423 13
0001 0011 1711355483688 -29.25 -68.0 1.5462526341887264 13
0001 0005 1711355483689 35.75 -61.5 2.8532042654672924 13
0001 0007 1711355483689 29.25 -58.0 1.4971652489763858 13
0001 0001 1711355483690 -3.25 -67.0 5.964117303299373 13
0001 0002 1711355483691 -21.125 -71.5 1.055378782065321 13
0001 0014 1711355483705 69.9375 -71.0 4.681709364626977 13
0001 0004 1711355483706 9.75 -73.0 0.6688156235181395 13
0001 0003 1711355483707 -10.9375 -74.0 4.4362724385652745 13
0001 0008 1711355483707 0.125 -73.0 1.1903690913992575 13
0001 0010 1711355483708 -68.3125 -67.0 3.3747577333484107 13
0001 0008 1711355483709 -133.4375 -69.5 4.313553975534423 13
0001 0006 1711355483709 -9.75 -65.0 0.6013204688511713 13
0001 0000 1711355483710 9.75 -63.0 5.8659425328746915 13
0001 0009 1711355483711 48.8125 -63.5 2.8102528034064944 13
0001 0014 1711355483711 -81.375 -69.5 1.846912868614312 13
0001 0001 1711355483712 -58.5625 -68.5 4.6448938257177215 13
0001 0005 1711355483712 6.5 -64.5 5.810719224510809 13
0001 0002 1711355483713 97.625 -73.5 5.522330836388308 13
0001 0004 1711355483714 -65.0625 -64.5 6.105243535784852 13
0001 0007 1711355483715 -143.1875 -68.5 5.994796919057086 13
0001 0003 1711355483716 3.25 -69.5 2.6813984172241008 13
0001 0011 1711355483797 19.5 -72.5 0.7148350471547088 13
0001 0000 1711355483942 0.0 -62.0 4.509903516383785 13
0001 0008 1711355483942 84.625 -65.0 3.2704470397721868 13
0001 0004 1711355483943 -32.5 -65.0 5.792311455056181 13
0001 0006 1711355483944 74.8125 -66.5 6.080699843178682 13
0001 0014 1711355483944 42.3125 -68.0 1.945087639038993 13
0001 0009 1711355483945 45.5625 -66.0 1.6321555583103222 13
0001 0003 1711355483946 39.0 -67.5 1.4419419406125027 13
0001 0010 1711355483946 -13.0 -66.5 2.3071071049800045 13
0001 0007 1711355483947 58.5625 -68.0 3.5895150436524004 13
0001 0005 1711355483948 22.75 -59.5 4.454680208019902 13
0001 0001 1711355483948 19.5 -66.5 2.386874105950058 13
0001 0011 1711355483949 -13.0 -71.5 3.0925052683774528 13
0001 0002 1711355483950 0.5625 -75.0 3.472932503773092 13
0001 0001 1711355483951 -19.5 -67.5 0.7485826244881929 13
0001 0003 1711355483951 -39.0 -67.5 0.04295146206079795 13
0001 0000 1711355483952 -6.5 -62.0 2.9391071895888885 13
0001 0002 1711355483953 -90.3125 -73.5 2.1966604882522383 13
0001 0010 1711355483953 -26.0 -66.0 1.5401167110371838 13
0001 0006 1711355483954 -32.5 -66.0 5.872078456026235 13
0001 0004 1711355483954 -81.375 -70.0 5.197126909356553 13
0001 0008 1711355483955 -16.25 -64.0 2.6813984172241008 13
0001 0011 1711355483956 123.6875 -72.0 2.0800779483729293 13
0001 0014 1711355483956 -39.0 -68.5 2.791845033951867 13
0001 0005 1711355483957 -3.25 -57.5 3.485204350076177 13
0001 0007 1711355483958 0.0 -63.0 2.6384469551633027 13
0001 0009 1711355483959 19.5 -66.0 0.5031456984264903 13
0001 0015 1711355484048 2.9375 -73.5 6.135923151542564 13
0001 0001 1711355484180 -185.5 -69.0 5.264622064023521 13
0001 0008 1711355484180 7.3125 -64.0 2.3193789512830896 13
0001 0014 1711355484181 42.3125 -63.0 3.9269908169872414 13
0001 0005 1711355484181 22.75 -57.5 2.693670263527186 13
0001 0007 1711355484182 -22.75 -62.5 2.4850488763747385 13
0001 0011 1711355484183 -19.5 -73.5 2.141437179888355 13
0001 0006 1711355484184 42.3125 -67.5 5.135767677841127 13
0001 0000 1711355484184 -117.125 -62.5 2.055534255766759 13
0001 0003 1711355484186 32.5 -66.5 5.080544369477243 13
0001 0015 1711355484186 13.0 -69.0 2.761165418194154 13
0001 0009 1711355484187 -104.125 -66.0 6.277049384028044 13
0001 0010 1711355484187 13.0 -69.0 0.7240389318820226 13
0001 0002 1711355484188 97.625 -71.5 0.8222137023067037 13
0001 0011 1711355484188 -22.75 -73.0 1.945087639038993 13
0001 0014 1711355484189 29.25 -60.5 4.319689898685965 13
0001 0006 1711355484189 -52.0625 -67.0 5.043728830567988 13
0001 0015 1711355484190 -87.875 -65.5 2.7857091108003242 13
0001 0003 1711355484191 -29.25 -68.5 3.9453985864418692 13
0001 0005 1711355484191 -6.5 -57.5 2.1046216409791 13
0001 0008 1711355484192 -35.75 -64.5 1.8039614065535141 13
0001 0000 1711355484192 -39.0 -64.5 0.8958447801252144 13
0001 0007 1711355484193 -6.5 -62.5 2.9022916506796332 13
0001 0010 1711355484193 -13.0 -67.5 0.3865631585471816 13
0001 0009 1711355484194 -100.875 -65.0 5.755495916146925 13
0001 0001 1711355484195 -29.25 -69.5 3.2888548092268146 13
0001 0002 1711355484298 65.875 -74.5 6.188078498330676 13
0001 0015 1711355484299 -26.0 -64.0 2.60776733940559 13
0001 0008 1711355484299 -19.5 -65.0 1.4910293258248433 13
0001 0005 1711355484300 29.25 -58.0 1.509437095279471 13
0001 0000 1711355484300 -26.0 -64.5 6.270913460876501 13
0001 0003 1711355484301 35.75 -66.5 2.8654761117703775 13
0001 0011 1711355484301 19.5 -72.0 1.9512235621905356 13
0001 0001 1711355484302 -48.8125 -68.5 2.791845033951867 13
0001 0006 1711355484302 -97.625 -66.5 4.865787059173254 13
0001 0009 1711355484303 -188.75 -66.0 5.583690067903734 13
0001 0010 1711355484303 48.8125 -68.0 0.01227184630308513 13
0001 0002 1711355484304 -41.5 -74.5 5.786175531904639 13
0001 0014 1711355484305 32.5 -60.0 4.368777283898306 13
0001 0007 1711355484305 39.0 -62.0 2.8102528034064944 13
0001 0000 1711355484529 -42.3125 -65.0 5.816855147662351 13
0001 0002 1711355484529 -55.3125 -73.5 5.706408530934585 13
0001 0015 1711355484530 16.25 -64.0 2.564815877344792 13
0001 0011 1711355484530 81.375 -68.5 2.0371264863121317 13
0001 0010 1711355484531 39.0 -67.0 6.160466844148735 13
0001 0006 1711355484531 -13.0 -65.5 4.663301595172349 13
0001 0005 1711355484532 -16.25 -57.5 1.1719613219446299 13
0001 0008 1711355484532 -16.25 -64.5 1.3192234775816514 13
0001 0009 1711355484533 -78.0625 -69.0 5.160311370447297 13
0001 0001 1711355484533 110.625 -68.0 2.2027964114037806 13
0001 0014 1711355484534 6.5 -60.0 4.4976316700806995 13
0001 0007 1711355484535 -26.0 -63.0 2.5034566458293663 13
0001 0003 1711355484535 13.0 -65.5 2.5402721847386216 13
0001 0000 1711355484536 -65.0625 -64.5 5.45483568172134 13
0001 0014 1711355484536 -9.75 -59.5 4.577398671050753 13
0001 0007 1711355484537 -45.5625 -63.5 2.4605051837685683 13
0001 0009 1711355484537 -100.875 -69.0 5.049864753719531 13
0001 0011 1711355484538 -26.0 -67.5 2.2641556429192065 13
0001 0006 1711355484538 -58.5625 -64.5 4.509903516383785 13
0001 0010 1711355484539 -26.0 -67.0 6.013204688511713 13
0001 0003 1711355484540 61.8125 -65.5 2.2334760271614935 13
0001 0008 1711355484540 -21.125 -64.0 1.2578642460662257 13
0001 0001 1711355484541 45.5625 -66.5 2.0064468705544187 13
0001 0005 1711355484541 9.75 -58.0 0.9387962421860124 13
0001 0015 1711355484542 -6.5 -63.5 2.6384469551633027 13
0001 0002 1711355484543 163.5625 -72.5 5.209398755659637 13
0001 0009 1711355484762 -91.125 -68.5 5.092816215780329 13
0001 0006 1711355484762 26.0 -64.5 4.25833066717054 13
0001 0005 1711355484763 -13.0 -57.5 0.9817477042468103 13
0001 0008 1711355484763 26.0 -64.0 1.0983302441261191 13
0001 0015 1711355484764 -61.8125 -63.5 2.6998061866787286 13
0001 0014 1711355484764 0.0 -59.5 4.491495746929157 13
0001 0000 1711355484765 -91.125 -64.0 5.43029198911517 13
0001 0007 1711355484765 35.75 -63.0 2.405281875404685 13
0001 0011 1711355484766 81.375 -68.0 2.1230294104337273 13
0001 0001 1711355484767 146.4375 -66.0 1.932815792735908 13
0001 0003 1711355484767 68.3125 -66.5 2.141437179888355 13
0001 0010 1711355484768 -42.3125 -67.0 6.166602767300278 13
0001 0002 1711355484768 -34.9375 -74.0 5.387340527054372 13
0001 0010 1711355484769 -32.5 -66.5 6.086835766330224 13
0001 0014 1711355484770 -6.5 -59.5 4.479223900626073 13
0001 0002 1711355484770 -315.6875 -72.5 5.988660995905543 13
0001 0005 1711355484771 9.75 -58.0 1.0492428589137786 13
0001 0000 1711355484771 -16.25 -64.0 5.246214294568893 13
0001 0015 1711355484772 16.25 -63.0 2.6261751088602177 13
0001 0008 1711355484772 -42.3125 -65.5 1.0983302441261191 13
0001 0011 1711355484773 126.9375 -68.5 2.12916533358527 13
0001 0006 1711355484774 -19.5 -64.5 4.344233591292136 13
0001 0009 1711355484774 39.0 -67.5 5.074408446325701 13
0001 0007 1711355484775 32.5 -63.0 2.429825568010856 13
0001 0003 1711355484776 48.8125 -66.0 2.2089323345553233 13
0001 0001 1711355484777 -13.0 -65.5 2.086213871524472 13
0001 0006 1711355484993 9.75 -64.5 4.264466590322082 13
0001 0005 1711355484994 -9.75 -57.5 1.1167380135807468 13
0001 0003 1711355484994 9.75 -66.0 2.2457478734645786 13
0001 0010 1711355484995 -94.375 -67.5 6.19728238305799 13
0001 0001 1711355484995 -68.3125 -66.0 2.1966604882522383 13
0001 0002 1711355484996 -288.0625 -72.5 5.663457068873787 13
0001 0009 1711355484996 -156.1875 -67.5 5.313709449235861 13
0001 0014 1711355484997 42.3125 -59.5 4.4362724385652745 13
0001 0011 1711355484997 -22.75 -67.5 2.270291566070749 13
0001 0008 1711355484998 -19.5 -65.0 1.0983302441261191 13
0001 0000 1711355484998 -42.3125 -63.5 5.381204603902829 13
0001 0015 1711355484999 9.75 -63.5 2.6813984172241008 13
0001 0007 1711355484999 3.25 -63.5 2.4911847995262812 13
0001 0007 1711355485000 -55.3125 -63.5 2.5464081078901644 13
0001 0001 1711355485000 -29.25 -66.5 2.1353012567368124 13
0001 0000 1711355485001 16.25 -63.5 5.411884219660542 13
0001 0010 1711355485002 -104.125 -66.5 6.2463697682703305 13
0001 0011 1711355485002 87.875 -67.0 2.141437179888355 13
0001 0014 1711355485003 3.25 -60.0 4.466952054322987 13
0001 0003 1711355485003 26.0 -66.5 2.2396119503130363 13
0001 0008 1711355485004 6.5 -65.5 1.055378782065321 13
0001 0005 1711355485005 19.5 -58.0 1.0737865515199487 13
0001 0015 1711355485006 61.8125 -64.0 2.6016314162540475 13
0001 0006 1711355485006 19.5 -65.0 4.344233591292136 13
0001 0009 1711355485007 100.875 -66.0 5.037592907416445 13
0001 0002 1711355485008 -35.75 -72.5 5.289165756629691 13
0001 0009 1711355485228 13.0 -67.5 5.154175447295755 13
0001 0005 1711355485229 -13.0 -57.5 1.086058397823034 13
0001 0014 1711355485229 19.5 -60.0 4.405592822807561 13
0001 0011 1711355485230 -22.75 -68.0 2.3930100291016 13
0001 0007 1711355485231 -22.75 -63.5 2.478912953223196 13
0001 0010 1711355485232 -61.8125 -67.0 6.111379458936394 13
0001 0006 1711355485232 -78.0625 -65.0 4.473087977474529 13
0001 0000 1711355485239 -35.75 -63.5 5.47937937432751 13
0001 0001 1711355485240 123.6875 -67.0 1.932815792735908 13
0001 0008 1711355485241 58.5625 -65.0 0.9326603190344698 13
0001 0003 1711355485241 26.0 -66.5 2.2457478734645786 13
0001 0002 1711355485242 -229.4375 -74.0 5.565282298449106 13
0001 0015 1711355485242 -42.3125 -64.0 2.742757648739526 13
0001 0009 1711355485243 -136.6875 -67.0 5.393476450205914 13
0001 0001 1711355485243 -16.25 -67.0 2.0923497946760143 13
0001 0005 1711355485244 3.25 -57.5 1.0676506283684062 13
0001 0003 1711355485245 29.25 -66.0 2.386874105950058 13
0001 0000 1711355485245 -13.0 -64.0 5.424156065963627 13
0001 0008 1711355485246 21.125 -65.0 1.0062913968529805 13
0001 0002 1711355485246 -225.375 -74.0 5.546874528994478 13
0001 0011 1711355485247 -19.5 -68.0 2.356194490192345 13
0001 0015 1711355485247 -9.75 -64.0 2.693670263527186 13
0001 0010 1711355485248 52.0625 -67.0 5.976389149602458 13
0001 0007 1711355485249 16.25 -63.0 2.356194490192345 13
0001 0014 1711355485249 0.0 -60.0 4.479223900626073 13
0001 0006 1711355485250 -9.75 -65.0 4.362641360746763 13
0001 0002 1711355485463 146.4375 -73.0 5.258486140871978 13
0001 0011 1711355485463 9.75 -67.0 2.282563412373834 13
0001 0015 1711355485464 -81.375 -63.5 2.8286605728611223 13
0001 0001 1711355485464 26.0 -67.0 2.1537090261914402 13
0001 0014 1711355485465 13.0 -60.0 4.466952054322987 13
0001 0009 1711355485465 -81.375 -66.5 5.344389064993574 13
0001 0010 1711355485465 -74.8125 -66.5 0.0 13
0001 0005 1711355485466 -9.75 -57.5 1.1228739367322893 13
0001 0006 1711355485466 -9.75 -64.5 4.442408361716817 13
0001 0008 1711355485467 16.25 -66.0 1.030835089459151 13
0001 0000 1711355485467 -22.75 -64.0 5.546874528994478 13
0001 0007 1711355485468 84.625 -63.5 2.2764274892222915 13
0001 0003 1711355485468 32.5 -66.0 2.36846633649543 13
0001 0000 1711355485468 -19.5 -63.5 5.485515297479052 13
0001 0010 1711355485469 -45.5625 -67.0 6.22182607566416 13
0001 0011 1711355485469 3.25 -67.5 2.478912953223196 13
0001 0007 1711355485470 39.0 -63.0 2.350058567040802 13
0001 0003 1711355485470 107.375 -66.5 2.2212041808584084 13
0001 0014 1711355485471 -19.5 -60.0 4.4976316700806995 13
0001 0008 1711355485471 65.875 -65.5 1.030835089459151 13
0001 0005 1711355485471 6.5 -58.0 1.1228739367322893 13
0001 0001 1711355485472 19.5 -66.0 2.2212041808584084 13
0001 0006 1711355485473 -16.25 -65.0 4.442408361716817 13
0001 0015 1711355485473 65.0625 -63.5 2.5954954931025047 13
0001 0002 1711355485474 211.5625 -72.5 4.9823695990525625 13
0001 0009 1711355485474 -74.8125 -66.5 5.295301679781233 13
0001 0011 1711355485700 22.75 -68.0 2.356194490192345 13
0001 0010 1711355485701 -78.0625 -67.0 6.240233845118788 13
0001 0015 1711355485701 117.125 -64.0 2.521864415283994 13
0001 0005 1711355485702 26.0 -57.5 1.086058397823034 13
0001 0002 1711355485702 -201.8125 -74.5 5.559146375297564 13
0001 0014 1711355485702 6.5 -60.0 4.430136515413731 13
0001 0008 1711355485703 42.3125 -65.5 1.0246991663076084 13
0001 0007 1711355485703 -48.8125 -63.5 2.478912953223196 13
0001 0009 1711355485704 32.5 -66.5 5.098952138931871 13
0001 0000 1711355485704 -39.0 -63.5 5.583690067903734 13
0001 0006 1711355485705 0.0 -64.5 4.3933209765044765 13
0001 0001 1711355485705 -68.3125 -66.0 2.2334760271614935 13
0001 0003 1711355485706 55.3125 -66.5 2.270291566070749 13
0001 0003 1711355485706 -52.0625 -66.5 2.478912953223196 13
0001 0005 1711355485706 3.25 -57.5 1.0983302441261191 13
0001 0010 1711355485707 -52.0625 -67.0 5.915029918087033 13
0001 0002 1711355485707 62.625 -72.5 5.338253141842031 13
0001 0015 1711355485708 6.5 -63.5 2.7120780329818137 13
0001 0007 1711355485708 81.375 -64.0 2.1537090261914402 13
0001 0009 1711355485709 0.0 -66.5 4.724660826687775 13
0001 0014 1711355485709 26.0 -60.0 4.3933209765044765 13
0001 0006 1711355485709 -13.0 -65.0 4.460816131171445 13
0001 0011 1711355485710 65.0625 -67.5 2.2027964114037806 13
0001 0001 1711355485710 29.25 -66.0 2.1230294104337273 13
0001 0000 1711355485711 -78.0625 -63.5 5.602097837358362 13
0001 0008 1711355485711 -13.0 -65.5 1.043106935762236 13
0001 0015 1711355485933 -9.75 -63.5 2.650718801466388 13
0001 0010 1711355485933 -152.9375 -67.0 5.939573610693203 13
0001 0001 1711355485933 -45.5625 -65.5 2.1659808724945253 13
0001 0003 1711355485934 -58.5625 -66.0 2.466641106920111 13
0001 0002 1711355485934 -117.9375 -74.0 5.559146375297564 13
0001 0007 1711355485935 16.25 -63.0 2.2334760271614935 13
0001 0011 1711355485935 -13.0 -67.0 2.2457478734645786 13
0001 0009 1711355485935 -185.5 -67.5 4.7860200582032 13
0001 0006 1711355485936 -26.0 -65.0 4.516039439535327 13
0001 0000 1711355485936 3.25 -63.5 5.522330836388308 13
0001 0008 1711355485937 97.625 -65.5 0.9940195505498954 13
0001 0014 1711355485937 26.0 -60.0 4.411728745959104 13
0001 0005 1711355485938 -19.5 -58.0 1.1044661672776617 13
0001 0005 1711355485938 16.25 -57.5 1.0492428589137786 13
0001 0010 1711355485938 6.5 -66.5 5.651185222570702 13
0001 0014 1711355485939 -6.5 -60.0 4.473087977474529 13
0001 0011 1711355485939 6.5 -68.0 2.184388641949153 13
0001 0006 1711355485940 16.25 -65.0 4.4362724385652745 13
0001 0003 1711355485940 22.75 -66.5 2.325514874434632 13
0001 0000 1711355485941 42.3125 -63.5 5.356660911296659 13
0001 0001 1711355485941 48.8125 -67.0 2.043262409463674 13
0001 0009 1711355485941 32.5 -68.0 4.595806440505381 13
0001 0015 1711355485942 -16.25 -63.5 2.6998061866787286 13
0001 0007 1711355485942 45.5625 -63.0 2.1353012567368124 13
0001 0008 1711355485943 16.25 -66.0 1.0062913968529805 13
0001 0002 1711355486058 -28.4375 -75.5 5.267690025599292 13
0001 0000 1711355486059 55.3125 -64.5 5.393476450205914 13
0001 0003 1711355486059 91.125 -66.5 2.2089323345553233 13
0001 0015 1711355486059 26.0 -63.5 2.6445828783148455 13
0001 0011 1711355486060 -29.25 -67.5 2.2396119503130363 13
0001 0002 1711355486060 -41.5 -73.5 5.393476450205914 13
0001 0007 1711355486061 13.0 -63.0 2.270291566070749 13
0001 0008 1711355486061 113.875 -66.5 0.8528933180644165 13
0001 0005 1711355486061 -39.0 -58.0 1.1044661672776617 13
0001 0009 1711355486062 -123.6875 -68.0 4.871922982324796 13
0001 0006 1711355486062 -39.0 -65.0 4.466952054322987 13
0001 0001 1711355486063 39.0 -66.0 1.9696313316451632 13
0001 0014 1711355486063 -13.0 -60.0 4.479223900626073 13
0001 0010 1711355486063 68.3125 -66.5 5.64504929941916 13
0001 0015 1711355486281 68.3125 -63.0 2.5832236467994196 13
0001 0006 1711355486281 -16.25 -65.0 4.417864669110647 13
0001 0001 1711355486282 6.5 -66.5 1.9512235621905356 13
0001 0000 1711355486282 -39.0 -64.0 5.565282298449106 13
0001 0007 1711355486283 -32.5 -64.0 2.3623304133438876 13
0001 0008 1711355486284 29.25 -66.0 1.055378782065321 13
0001 0014 1711355486284 13.0 -60.5 4.424000592262189 13
0001 0005 1711355486285 39.0 -57.5 1.0369710126106935 13
0001 0009 1711355486285 -35.75 -68.5 4.632621979414636 13
0001 0003 1711355486286 71.5625 -67.0 2.270291566070749 13
0001 0011 1711355486286 -22.75 -68.0 2.3623304133438876 13
0001 0010 1711355486286 13.0 -67.5 5.773903685601553 13
0001 0002 1711355486287 -312.4375 -74.0 5.64504929941916 13
0001 0000 1711355486287 16.25 -64.0 5.491651220630596 13
0001 0014 1711355486288 -13.0 -60.0 4.485359823777615 13
0001 0006 1711355486289 -35.75 -65.0 4.473087977474529 13
0001 0007 1711355486289 48.8125 -63.0 2.2457478734645786 13
0001 0011 1711355486289 -39.0 -68.0 2.3316507975861747 13
0001 0015 1711355486290 87.875 -63.5 2.5893595699509624 13
0001 0008 1711355486290 24.375 -65.5 1.030835089459151 13
0001 0005 1711355486291 -3.25 -58.0 1.1167380135807468 13
0001 0010 1711355486291 39.0 -66.5 5.620505606812989 13
0001 0003 1711355486292 -78.0625 -67.5 2.399145952253143 13
0001 0002 1711355486292 -45.5625 -73.0 5.387340527054372 13
0001 0009 1711355486296 -81.375 -67.5 4.681709364626977 13
0001 0001 1711355486297 81.375 -66.5 1.88986433067511 13
0001 0005 1711355486516 6.5 -57.5 1.1535535524900022 13
0001 0008 1711355486516 -9.75 -66.5 1.030835089459151 13
0001 0000 1711355486517 -13.0 -64.0 5.497787143782138 13
0001 0010 1711355486517 19.5 -67.5 5.651185222570702 13
0001 0014 1711355486518 -26.0 -60.0 4.503767593232243 13
0001 0009 1711355486518 -68.3125 -68.0 4.503767593232243 13
0001 0003 1711355486518 84.625 -67.0 2.116893487282185 13
0001 0011 1711355486519 22.75 -68.5 2.2334760271614935 13
0001 0007 1711355486519 81.375 -63.5 2.1782527187976104 13
0001 0015 1711355486520 -19.5 -64.0 2.730485802436441 13
0001 0006 1711355486521 -22.75 -65.0 4.424000592262189 13
0001 0001 1711355486521 48.8125 -67.0 1.9634954084936207 13
0001 0002 1711355486522 -221.3125 -73.0 5.289165756629691 13
0001 0008 1711355486522 94.375 -65.5 0.9081166264282996 13
0001 0001 1711355486522 -32.5 -66.0 1.9819031779482483 13
0001 0014 1711355486523 0.0 -60.0 4.4362724385652745 13
0001 0003 1711355486523 6.5 -66.5 2.325514874434632 13
0001 0005 1711355486524 -22.75 -58.0 1.1719613219446299 13
0001 0011 1711355486524 107.375 -67.5 2.012582793705961 13
0001 0009 1711355486524 -146.4375 -68.5 4.583534594202296 13
0001 0006 1711355486525 -13.0 -65.0 4.368777283898306 13
0001 0002 1711355486525 135.0625 -74.0 5.2768939103266055 13
0001 0000 1711355486525 -55.3125 -63.5 5.595961914206819 13
0001 0015 1711355486526 74.8125 -63.0 2.6323110320117604 13
0001 0010 1711355486526 -97.625 -67.5 5.810719224510809 13
0001 0007 1711355486527 26.0 -63.5 2.2580197197676637 13
0001 0008 1711355486752 125.3125 -66.0 0.8713010875190442 13
0001 0014 1711355486752 -48.8125 -60.0 4.565126824747668 13
0001 0005 1711355486753 29.25 -57.5 1.1044661672776617 13
0001 0009 1711355486753 -16.25 -69.5 4.356505437595221 13
0001 0015 1711355486753 32.5 -63.5 2.6691265709210157 13
0001 0000 1711355486754 35.75 -64.0 5.442563835418255 13
0001 0006 1711355486754 3.25 -65.0 4.338097668140593 13
0001 0007 1711355486754 -65.0625 -63.5 2.3746022596469727 13
0001 0003 1711355486755 -19.5 -67.0 2.3623304133438876 13
0001 0011 1711355486755 32.5 -68.0 2.2089323345553233 13
0001 0002 1711355486755 -218.875 -74.5 5.546874528994478 13
0001 0001 1711355486756 -9.75 -67.0 2.098485717827557 13
0001 0010 1711355486756 -29.25 -68.0 5.792311455056181 13
0001 0010 1711355486756 22.75 -67.0 5.730952223540755 13
0001 0005 1711355486757 32.5 -58.0 1.086058397823034 13
0001 0006 1711355486757 -6.5 -65.0 4.411728745959104 13
0001 0001 1711355486757 9.75 -65.5 2.086213871524472 13
0001 0014 1711355486758 3.25 -60.0 4.485359823777615 13
0001 0007 1711355486758 -42.3125 -63.5 2.2886993355253766 13
0001 0002 1711355486758 30.875 -75.5 5.135767677841127 13
0001 0011 1711355486759 26.0 -68.5 2.1353012567368124 13
0001 0015 1711355486759 3.25 -63.0 2.705942109830271 13
0001 0000 1711355486759 -9.75 -64.0 5.497787143782138 13
0001 0003 1711355486760 42.3125 -67.0 2.3193789512830896 13
0001 0009 1711355486760 -71.5625 -68.5 4.460816131171445 13
0001 0008 1711355486760 13.0 -65.5 1.012427320004523 13
