0001 0010 1711160256488 9.75 -57.5 0.5522330836388308 1
0001 0009 1711160256495 35.75 -64.0 5.442563835418255 1
0001 0011 1711160256495 -130.1875 -64.5 2.675262494072558 1
0001 0005 1711160256496 -221.3125 -66.0 3.8717675086233583 1
0001 0007 1711160256497 133.4375 -68.5 0.8774370106705868 1
0001 0015 1711160256497 -3.25 -60.0 4.123340357836604 1
0001 0013 1711160256498 6.5 -62.0 2.2150682577068657 1
0001 0014 1711160256498 -32.5 -62.0 4.074252972624263 1
0001 0001 1711160256499 107.375 -66.0 2.9575149590435164 1
0001 0008 1711160256499 4.875 -75.0 4.338097668140593 1
0001 0012 1711160256499 -3.625 -74.0 5.8475347634200645 1
0001 0004 1711160256500 15.25 -78.0 0.0 1
0001 0009 1711160256500 -13.0 -64.5 5.5100589900852235 1
0001 0001 1711160256501 19.5 -66.5 3.1231848841351653 1
0001 0015 1711160256501 -35.75 -60.5 4.184699589352029 1
0001 0014 1711160256502 -74.8125 -62.0 4.172427743048944 1
0001 0010 1711160256502 42.3125 -57.5 0.521553467881118 1
0001 0013 1711160256503 -13.0 -62.5 2.2764274892222915 1
0001 0007 1711160256503 -6.5 -68.5 0.944932165337555 1
0001 0011 1711160256503 -9.75 -65.5 2.429825568010856 1
0001 0005 1711160256504 -39.0 -65.5 3.859495662320273 1
0001 0008 1711160256569 33.3125 -75.0 1.0062913968529805 1
0001 0012 1711160256570 -3.625 -74.5 5.93343768754166 1
0001 0004 1711160256571 -0.5625 -78.5 3.356349963893783 1
0001 0014 1711160256704 -65.0625 -62.5 4.172427743048944 1
0001 0015 1711160256704 22.75 -61.0 4.09266074207889 1
0001 0011 1711160256705 -39.0 -65.0 2.478912953223196 1
0001 0001 1711160256706 -110.625 -67.0 3.2520392703175593 1
0001 0010 1711160256707 42.3125 -57.5 0.5338253141842031 1
0001 0013 1711160256708 52.0625 -62.5 2.2089323345553233 1
0001 0009 1711160256709 -9.75 -64.5 5.553010452146021 1
0001 0007 1711160256710 188.75 -68.5 0.7363107781851077 1
0001 0005 1711160256711 -94.375 -66.0 3.8410878928656453 1
0001 0008 1711160256713 0.0 -75.0 4.310486013958652 1
0001 0012 1711160256714 10.9375 -74.0 5.915029918087033 1
0001 0004 1711160256715 -1.1875 -79.0 3.141592653589793 1
0001 0013 1711160256718 -39.0 -62.5 2.356194490192345 1
0001 0011 1711160256719 -84.625 -65.5 2.5893595699509624 1
0001 0010 1711160256720 26.0 -57.5 0.5645049299419159 1
0001 0009 1711160256721 -52.0625 -64.5 5.595961914206819 1
0001 0014 1711160256722 -139.9375 -62.5 4.3074180523828804 1
0001 0001 1711160256723 26.0 -66.0 3.074097498922825 1
0001 0005 1711160256724 -146.4375 -65.5 3.890175278077986 1
0001 0007 1711160256724 -42.3125 -69.0 1.1290098598838318 1
0001 0015 1711160256725 -22.75 -60.5 4.172427743048944 1
0001 0012 1711160256822 4.875 -74.5 5.822991070813893 1
0001 0008 1711160256822 21.5 -75.0 1.1106020904292042 1
0001 0004 1711160256823 -3.625 -78.5 3.436116964863836 1
0001 0013 1711160256824 -42.3125 -62.0 2.3316507975861747 1
0001 0014 1711160256825 -45.5625 -62.5 4.154019973594316 1
0001 0005 1711160256826 -97.625 -65.5 3.730641276137879 1
0001 0009 1711160256827 3.25 -64.5 5.516194913236766 1
0001 0010 1711160256828 55.3125 -57.5 0.521553467881118 1
0001 0015 1711160256829 -32.5 -60.5 4.190835512503572 1
0001 0001 1711160256830 -74.8125 -65.5 3.3502140407422405 1
0001 0011 1711160256831 -123.6875 -65.0 2.6139032625571326 1
0001 0007 1711160256831 -68.3125 -68.0 1.1474176293384597 1
0001 0008 1711160257052 53.6875 -74.5 1.0246991663076084 1
0001 0012 1711160257053 -9.125 -74.5 5.872078456026235 1
0001 0004 1711160257054 -1.1875 -79.5 0.32520392703175593 1
0001 0007 1711160257055 123.6875 -69.0 0.7363107781851077 1
0001 0013 1711160257056 16.25 -62.5 2.227340104009951 1
0001 0011 1711160257056 -120.4375 -65.5 2.5954954931025047 1
0001 0001 1711160257057 52.0625 -65.5 3.2704470397721868 1
0001 0014 1711160257058 -130.1875 -62.5 4.270602513473625 1
0001 0010 1711160257059 17.0625 -57.5 0.5522330836388308 1
0001 0009 1711160257060 6.5 -64.0 5.4671075280244255 1
0001 0005 1711160257061 16.25 -66.5 3.724505352986337 1
0001 0015 1711160257062 -9.75 -61.0 4.154019973594316 1
0001 0012 1711160257065 8.5 -74.0 5.792311455056181 1
0001 0004 1711160257066 -8.5 -79.0 3.6754179677739964 1
0001 0009 1711160257066 -26.0 -64.5 5.546874528994478 1
0001 0001 1711160257067 -120.4375 -65.5 3.509748042682347 1
0001 0011 1711160257068 -16.25 -64.5 2.4605051837685683 1
0001 0010 1711160257069 -13.8125 -57.5 0.6013204688511713 1
0001 0015 1711160257070 -19.5 -61.0 4.154019973594316 1
0001 0014 1711160257071 45.5625 -63.0 3.9515345095934116 1
0001 0005 1711160257071 -74.8125 -66.5 3.7551849687440497 1
0001 0013 1711160257072 104.125 -62.5 2.1230294104337273 1
0001 0007 1711160257085 97.625 -69.0 0.803805932852076 1
0001 0008 1711160257087 -45.5625 -74.5 4.331961744989051 1
0001 0012 1711160257290 -1.1875 -74.0 5.921165841238575 1
0001 0004 1711160257291 -1.5 -79.0 3.429981041712294 1
0001 0001 1711160257292 0.0 -65.5 3.2581751934691017 1
0001 0011 1711160257293 -55.3125 -65.0 2.478912953223196 1
0001 0013 1711160257294 9.75 -62.0 2.2212041808584084 1
0001 0009 1711160257294 -22.75 -64.0 5.497787143782138 1
0001 0010 1711160257295 42.3125 -57.5 0.5338253141842031 1
0001 0007 1711160257296 9.75 -68.5 0.9756117810952678 1
0001 0014 1711160257297 -113.875 -62.5 4.2092432819582 1
0001 0005 1711160257298 -78.0625 -66.0 3.792000507653305 1
0001 0015 1711160257298 -52.0625 -61.0 4.2092432819582 1
0001 0008 1711160257299 82.1875 -74.5 1.0400389741864646 1
0001 0012 1711160257301 7.875 -74.0 5.859806609723149 1
0001 0004 1711160257302 12.5 -79.0 3.11091303783208 1
0001 0010 1711160257303 19.5 -57.5 0.5583690067903734 1
0001 0005 1711160257304 -61.8125 -66.5 3.767456815047135 1
0001 0009 1711160257305 55.3125 -65.0 5.399612373357457 1
0001 0011 1711160257305 26.0 -64.5 2.435961491162398 1
0001 0001 1711160257306 78.0625 -66.0 2.9697868053466014 1
0001 0014 1711160257307 -9.75 -62.5 4.061981126321178 1
0001 0015 1711160257308 -32.5 -60.5 4.215379205109742 1
0001 0007 1711160257309 48.8125 -69.0 0.9265243958829272 1
0001 0013 1711160257310 9.75 -62.5 2.2764274892222915 1
0001 0008 1711160257547 -12.8125 -76.0 1.1167380135807468 1
0001 0012 1711160257548 -3.0 -73.5 6.050020227420969 1
0001 0004 1711160257549 -20.75 -78.5 0.380427235395639 1
0001 0007 1711160257549 100.875 -68.0 0.8467573949128739 1
0001 0014 1711160257550 -55.3125 -62.5 4.135612204139688 1
0001 0005 1711160257551 -29.25 -66.0 3.6570101983193686 1
0001 0015 1711160257552 -26.0 -60.5 4.178563666200486 1
0001 0013 1711160257552 29.25 -62.5 2.2518837966161214 1
0001 0010 1711160257553 35.75 -57.5 0.607456392002714 1
0001 0009 1711160257554 71.5625 -64.5 5.252350217720435 1
0001 0011 1711160257555 -26.0 -65.0 2.509592568980909 1
0001 0001 1711160257555 -22.75 -66.0 2.9759227284981438 1
0001 0008 1711160257556 -2.4375 -75.5 0.9541360500648688 1
0001 0012 1711160257557 6.0625 -73.5 5.902758071783947 1
0001 0004 1711160257558 1.5 -78.5 0.2270291566070749 1
0001 0009 1711160257558 -9.75 -65.5 5.313709449235861 1
0001 0010 1711160257559 39.0 -57.5 0.607456392002714 1
0001 0014 1711160257560 -22.75 -62.5 4.061981126321178 1
0001 0005 1711160257561 -29.25 -65.5 3.6754179677739964 1
0001 0007 1711160257562 100.875 -69.5 0.7915340865489908 1
0001 0015 1711160257562 -13.0 -60.5 4.129476280988146 1
0001 0001 1711160257563 -29.25 -67.0 3.043417883165112 1
0001 0011 1711160257565 32.5 -65.0 2.3623304133438876 1
0001 0013 1711160257565 -16.25 -62.5 2.350058567040802 1
0001 0012 1711160257803 -7.3125 -73.5 6.025476534814799 1
0001 0008 1711160257804 0.0 -75.5 1.141281706186917 1
0001 0004 1711160257804 6.0625 -79.0 0.380427235395639 1
0001 0015 1711160257805 -39.0 -60.5 4.215379205109742 1
0001 0013 1711160257806 -55.3125 -62.5 2.399145952253143 1
0001 0005 1711160257806 -3.25 -66.0 3.6263305825616556 1
0001 0007 1711160257807 61.8125 -69.0 0.8713010875190442 1
0001 0001 1711160257808 -100.875 -67.5 3.098641191528995 1
0001 0011 1711160257809 6.5 -65.0 2.5034566458293663 1
0001 0014 1711160257809 -110.625 -62.5 4.196971435655114 1
0001 0010 1711160257810 9.75 -57.5 0.6381360077604268 1
0001 0009 1711160257811 48.8125 -65.0 5.252350217720435 1
0001 0008 1711160257811 -18.25 -75.5 1.1228739367322893 1
0001 0012 1711160257812 -2.4375 -73.5 6.037748381117884 1
0001 0004 1711160257813 -10.375 -79.0 3.472932503773092 1
0001 0010 1711160257813 -13.0 -57.0 0.6442719309119693 1
0001 0015 1711160257814 -13.0 -60.5 4.172427743048944 1
0001 0013 1711160257815 -26.0 -62.5 2.3623304133438876 1
0001 0009 1711160257816 143.1875 -65.0 5.148039524144211 1
0001 0001 1711160257817 -16.25 -66.5 2.9943304979527716 1
0001 0014 1711160257817 -52.0625 -63.0 4.0987966652304335 1
0001 0011 1711160257818 13.0 -64.5 2.478912953223196 1
0001 0005 1711160257819 -120.4375 -66.0 3.8840393549264434 1
0001 0007 1711160257820 192.0 -68.5 0.6381360077604268 1
0001 0008 1711160258068 15.25 -76.0 0.9387962421860124 1
0001 0012 1711160258068 1.8125 -73.0 6.037748381117884 1
0001 0004 1711160258069 5.4375 -78.5 0.22089323345553233 1
0001 0009 1711160258069 -65.0625 -66.0 5.442563835418255 1
0001 0013 1711160258070 -9.75 -62.5 2.2764274892222915 1
0001 0011 1711160258071 13.0 -65.0 2.466641106920111 1
0001 0010 1711160258071 3.25 -57.5 0.6258641614573416 1
0001 0005 1711160258072 -130.1875 -66.0 3.9392626632903265 1
0001 0015 1711160258073 3.25 -60.5 4.129476280988146 1
0001 0007 1711160258073 110.625 -68.5 0.8467573949128739 1
0001 0014 1711160258074 -52.0625 -62.5 4.123340357836604 1
0001 0001 1711160258075 -3.25 -67.5 3.1784081924990484 1
0001 0008 1711160258075 -17.0625 -75.0 1.2118448224296565 1
0001 0012 1711160258076 -0.5625 -73.5 5.982525072754001 1
0001 0004 1711160258077 -12.8125 -79.0 0.4479223900626072 1
0001 0010 1711160258078 -9.75 -57.0 0.5706408530934585 1
0001 0011 1711160258078 -3.25 -65.0 2.429825568010856 1
0001 0014 1711160258079 -84.625 -62.5 4.184699589352029 1
0001 0001 1711160258080 -52.0625 -67.5 3.356349963893783 1
0001 0013 1711160258080 32.5 -62.5 2.1598449493429825 1
0001 0009 1711160258081 35.75 -66.5 5.21553467881118 1
0001 0005 1711160258082 -52.0625 -66.5 3.773592738198677 1
0001 0015 1711160258083 0.0 -61.0 4.123340357836604 1
0001 0007 1711160258083 -94.375 -69.5 1.0921943209745766 1
0001 0008 1711160258303 -4.25 -75.5 1.227184630308513 1
0001 0004 1711160258304 10.625 -79.0 0.006135923151542565 1
0001 0001 1711160258304 -58.5625 -66.5 3.693825737228624 1
0001 0014 1711160258305 48.8125 -63.0 4.080388895775806 1
0001 0007 1711160258305 185.5 -69.5 0.5338253141842031 1
0001 0005 1711160258306 -45.5625 -68.0 3.847223816017188 1
0001 0009 1711160258307 -29.25 -66.5 5.338253141842031 1
0001 0013 1711160258308 16.25 -62.5 2.2396119503130363 1
0001 0015 1711160258308 -45.5625 -60.5 4.215379205109742 1
0001 0010 1711160258309 13.0 -57.0 0.4172427743048944 1
0001 0011 1711160258310 -29.25 -65.5 2.552544031041707 1
0001 0008 1711160258310 39.0625 -74.0 1.3775147475213059 1
0001 0009 1711160258311 52.0625 -63.5 5.190990986205009 1
0001 0015 1711160258312 -13.0 -62.0 4.190835512503572 1
0001 0010 1711160258312 -16.25 -58.0 6.270913460876501 1
0001 0013 1711160258313 19.5 -62.5 2.350058567040802 1
0001 0014 1711160258314 -19.5 -62.0 4.239922897715912 1
0001 0011 1711160258314 39.0 -63.5 1.8285050991596843 1
0001 0001 1711160258315 3.25 -64.5 4.264466590322082 1
0001 0007 1711160258316 52.0625 -70.0 0.9203884727313847 1
0001 0008 1711160258316 -177.375 -74.0 1.8714565612204823 1
0001 0003 1711160258543 20.75 -78.0 1.9512235621905356 1
0001 0005 1711160258543 23.1875 -77.5 0.3620194659410113 1
0001 0012 1711160258544 4.6875 -74.5 5.957981380147831 1
0001 0010 1711160258544 -26.0 -56.0 5.356660911296659 1
0001 0015 1711160258545 -68.3125 -66.5 3.9515345095934116 1
0001 0012 1711160258546 26.0 -72.0 0.11044661672776616 1
0001 0011 1711160258546 -52.0625 -65.5 6.191146459906448 1
0001 0001 1711160258547 9.75 -64.5 4.6448938257177215 1
0001 0014 1711160258548 -45.5625 -60.5 4.356505437595221 1
0001 0009 1711160258548 16.25 -67.5 2.8532042654672924 1
0001 0007 1711160258549 -65.0625 -69.0 1.325359400733194 1
0001 0013 1711160258550 -44.5 -78.5 5.209398755659637 1
0001 0006 1711160258551 18.25 -78.0 0.6442719309119693 1
0001 0003 1711160258551 3.0 -76.0 5.491651220630596 1
0001 0004 1711160258552 5.1875 -80.0 0.23316507975861744 1
0001 0008 1711160258552 -3.6875 -77.0 0.17794177139473438 1
0001 0001 1711160258578 -71.5625 -68.5 4.295146206079795 1
0001 0014 1711160258579 -26.0 -59.5 4.749204519293945 1
0001 0010 1711160258580 -3.25 -69.5 1.214912784005428 1
0001 0011 1711160258580 45.5625 -68.0 3.4177091954092087 1
0001 0012 1711160258581 -126.9375 -73.0 4.945554060143307 1
0001 0008 1711160258582 47.1875 -74.0 5.936505649117431 1
0001 0009 1711160258582 -5.6875 -71.0 3.2520392703175593 1
0001 0004 1711160258820 26.8125 -78.0 5.473243451175968 1
0001 0003 1711160258821 43.9375 -78.0 0.8897088569736719 1
0001 0007 1711160258821 -5.4375 -78.0 1.3744467859455345 1
0001 0014 1711160258822 39.0 -60.0 4.743068596142402 1
0001 0001 1711160258823 91.125 -67.5 2.9513790358919736 1
0001 0009 1711160258823 -19.5 -61.5 4.1417481272912315 1
0001 0007 1711160258824 5.4375 -77.5 0.9081166264282996 1
0001 0008 1711160258825 -3.1875 -75.5 0.36815538909255385 1
0001 0014 1711160258825 -26.0 -61.0 4.749204519293945 1
0001 0008 1711160258826 -177.375 -70.5 5.301437602932776 1
0001 0001 1711160258826 -29.25 -68.5 1.8714565612204823 1
0001 0006 1711160258827 117.125 -72.5 1.576932249946439 1
0001 0007 1711160259069 11.5625 -78.0 1.7303303287350031 1
0001 0009 1711160259070 -2.25 -67.5 1.7119225592803755 1
0001 0008 1711160259071 -26.0 -67.5 4.522175362686871 1
0001 0009 1711160259071 -39.0 -64.5 4.6878452877785195 1
0001 0014 1711160259072 52.0625 -63.5 5.00077736850719 1
0001 0001 1711160259073 9.75 -69.0 5.829126993965437 1
0001 0006 1711160259073 -0.5625 -76.5 4.9394181369917645 1
0001 0001 1711160259074 -9.75 -69.0 4.1172044346850605 1
0001 0009 1711160259074 -78.0625 -63.0 3.7122335066832517 1
0001 0006 1711160259075 26.0 -72.5 1.576932249946439 1
0001 0015 1711160259319 3.9375 -75.5 6.080699843178682 1
0001 0006 1711160259320 -136.6875 -67.5 2.0923497946760143 1
0001 0007 1711160259320 -107.375 -62.0 5.393476450205914 1
0001 0001 1711160259321 -13.0 -72.5 1.4787574795217582 1
0001 0015 1711160259322 9.125 -75.0 6.2463697682703305 1
0001 0009 1711160259322 0.5625 -70.5 1.509437095279471 1
0001 0006 1711160259323 84.625 -66.5 1.2517283229146832 1
0001 0007 1711160259324 -39.0 -59.0 0.7731263170943632 1
0001 0001 1711160259324 -97.625 -70.0 6.019340611663256 1
0001 0009 1711160259325 -143.1875 -69.0 4.516039439535327 1
0001 0001 1711160259569 -32.5 -69.0 5.338253141842031 1
0001 0006 1711160259569 -19.5 -63.5 0.9265243958829272 1
0001 0007 1711160259570 -13.0 -59.0 0.32520392703175593 1
0001 0007 1711160259571 -16.25 -58.0 6.031612457966341 1
0001 0006 1711160259571 19.5 -63.0 1.227184630308513 1
0001 0001 1711160259572 19.5 -69.0 5.123495831538041 1
0001 0007 1711160259572 -16.25 -58.5 5.534602682691394 1
0001 0001 1711160259573 -78.0625 -69.0 5.448699758569798 1
0001 0006 1711160259573 0.0 -64.5 1.6689710972195777 1
0001 0001 1711160259819 42.3125 -67.5 5.8045833013592665 1
0001 0006 1711160259819 -6.5 -64.5 1.7119225592803755 1
0001 0007 1711160259820 -16.25 -58.5 5.0253210611133605 1
0001 0006 1711160259821 -16.25 -65.5 1.662835174068035 1
0001 0007 1711160259821 -3.25 -58.0 5.448699758569798 1
0001 0001 1711160259822 -52.0625 -67.0 5.620505606812989 1
0001 0001 1711160259822 -58.5625 -68.0 5.546874528994478 1
0001 0007 1711160259823 -6.5 -57.5 5.381204603902829 1
0001 0006 1711160259823 87.875 -66.0 1.576932249946439 1
0001 0007 1711160260069 -97.625 -57.0 5.135767677841127 1
0001 0006 1711160260069 84.625 -64.5 1.7119225592803755 1
0001 0001 1711160260070 87.875 -69.0 5.589825991055276 1
0001 0001 1711160260070 -32.5 -69.0 5.66959299202533 1
0001 0006 1711160260071 84.625 -64.0 1.7794177139473437 1
0001 0007 1711160260071 9.75 -58.0 4.724660826687775 1
0001 0006 1711160260319 32.5 -64.0 1.945087639038993 1
0001 0001 1711160260319 26.0 -67.0 5.620505606812989 1
0001 0007 1711160260320 -9.75 -57.5 4.779884135051658 1
0001 0006 1711160260320 0.0 -63.5 2.5832236467994196 1
0001 0001 1711160260321 16.25 -66.0 5.473243451175968 1
0001 0007 1711160260321 -32.5 -57.0 5.270757987175063 1
0001 0006 1711160260322 13.0 -63.5 2.6016314162540475 1
0001 0001 1711160260322 100.875 -66.0 5.350524988145116 1
0001 0007 1711160260323 19.5 -57.0 5.227806525114265 1
0001 0007 1711160260569 -6.5 -57.0 5.307573526084319 1
0001 0001 1711160260569 -35.75 -66.5 5.4671075280244255 1
0001 0006 1711160260570 -16.25 -64.5 2.6323110320117604 1
0001 0006 1711160260571 -13.0 -64.0 2.6323110320117604 1
0001 0007 1711160260571 -42.3125 -57.5 5.399612373357457 1
0001 0001 1711160260572 -48.8125 -66.5 5.405748296509 1
0001 0006 1711160260573 -55.3125 -64.0 2.6323110320117604 1
0001 0007 1711160260573 -3.25 -57.0 5.3627968344482015 1
0001 0001 1711160260574 -84.625 -67.0 5.399612373357457 1
0001 0006 1711160260818 120.4375 -64.0 2.435961491162398 1
0001 0001 1711160260818 -9.75 -67.5 5.301437602932776 1
0001 0007 1711160260819 16.25 -57.0 5.283029833478148 1
0001 0001 1711160260819 -65.0625 -67.5 5.375068680751287 1
0001 0006 1711160260820 81.375 -64.5 2.405281875404685 1
0001 0007 1711160260820 -13.0 -57.0 5.332117218690489 1
0001 0006 1711160261069 35.75 -64.0 2.509592568980909 1
0001 0001 1711160261069 71.5625 -67.5 5.111223985234957 1
0001 0007 1711160261069 29.25 -57.0 5.221670601962723 1
0001 0001 1711160261070 -81.375 -68.0 5.148039524144211 1
0001 0006 1711160261071 68.3125 -64.0 2.405281875404685 1
0001 0007 1711160261071 6.5 -57.0 5.221670601962723 1
0001 0001 1711160261071 16.25 -68.0 5.074408446325701 1
0001 0007 1711160261072 -19.5 -57.0 5.301437602932776 1
0001 0006 1711160261072 -6.5 -64.0 2.5954954931025047 1
0001 0006 1711160261317 19.5 -64.0 2.5402721847386216 1
0001 0001 1711160261317 55.3125 -68.0 4.963961829597935 1
0001 0007 1711160261318 -42.3125 -57.0 5.270757987175063 1
0001 0001 1711160261318 -218.0625 -67.0 5.387340527054372 1
0001 0006 1711160261319 169.25 -64.0 2.2334760271614935 1
0001 0007 1711160261319 -19.5 -56.5 5.270757987175063 1
