0001 0009 1711160660140 -26.0 -67.0 2.313243028131547 1
0001 0013 1711160660140 9.75 -55.5 1.1474176293384597 1
0001 0001 1711160660141 -19.5 -70.5 4.841243366567084 1
0001 0004 1711160660141 -22.75 -72.0 4.313553975534423 1
0001 0005 1711160660142 87.875 -69.0 2.282563412373834 1
0001 0007 1711160660143 16.25 -57.5 2.6691265709210157 1
0001 0014 1711160660143 35.75 -65.5 1.6935147898257479 1
0001 0015 1711160660144 -9.75 -58.0 4.325825821837508 1
0001 0006 1711160660144 -65.0625 -66.0 1.859184714917397 1
0001 0010 1711160660145 -42.3125 -64.0 2.662990647769473 1
0001 0011 1711160660145 -0.5625 -74.5 1.2762720155208536 1
0001 0008 1711160660147 35.0625 -76.5 4.252194744018997 1
0001 0013 1711160660147 13.0 -55.5 1.1965050145508 1
0001 0009 1711160660147 19.5 -67.5 2.3193789512830896 1
0001 0015 1711160660148 -16.25 -58.0 4.331961744989051 1
0001 0001 1711160660148 -169.25 -71.0 4.663301595172349 1
0001 0007 1711160660149 -9.75 -58.5 2.7550294950426117 1
0001 0005 1711160660149 -39.0 -68.0 2.767301341345697 1
0001 0010 1711160660150 -13.0 -62.5 2.945243112740431 1
0001 0004 1711160660150 -123.6875 -70.5 4.466952054322987 1
0001 0006 1711160660151 -136.6875 -66.5 2.000310947402876 1
0001 0014 1711160660151 52.0625 -66.0 1.7426021750380885 1
0001 0008 1711160660152 135.0625 -73.5 4.147884050442774 1
0001 0011 1711160660231 -14.0 -75.0 1.4358060174609601 1
0001 0006 1711160660383 -68.3125 -67.0 1.9941750242513334 1
0001 0014 1711160660383 -39.0 -66.0 1.8285050991596843 1
0001 0009 1711160660384 81.375 -66.5 2.3930100291016 1
0001 0004 1711160660384 -65.0625 -70.0 4.485359823777615 1
0001 0015 1711160660385 -9.75 -58.0 4.295146206079795 1
0001 0010 1711160660385 58.5625 -64.0 2.6875343403756435 1
0001 0007 1711160660386 32.5 -58.0 2.718213956133356 1
0001 0013 1711160660386 29.25 -56.0 1.2026409377023426 1
0001 0005 1711160660387 -139.9375 -68.5 2.8716120349219203 1
0001 0001 1711160660387 -74.8125 -73.5 4.706253057233147 1
0001 0008 1711160660388 166.8125 -73.0 4.049709280018092 1
0001 0011 1711160660388 3.625 -74.0 4.749204519293945 1
0001 0015 1711160660390 -3.25 -58.0 4.276738436625168 1
0001 0004 1711160660390 -42.3125 -70.5 4.331961744989051 1
0001 0007 1711160660391 13.0 -58.5 2.705942109830271 1
0001 0014 1711160660391 22.75 -65.5 1.6873788666742053 1
0001 0009 1711160660392 -35.75 -67.0 2.5034566458293663 1
0001 0013 1711160660392 16.25 -56.0 1.2517283229146832 1
0001 0005 1711160660392 -143.1875 -68.0 3.000466421104314 1
0001 0006 1711160660393 -91.125 -67.0 1.9144080232812801 1
0001 0010 1711160660393 -22.75 -63.5 2.9022916506796332 1
0001 0008 1711160660394 -110.625 -73.0 4.755340442445488 1
0001 0001 1711160660394 143.1875 -73.5 4.338097668140593 1
0001 0011 1711160660641 4.375 -76.0 1.6812429435226628 1
0001 0004 1711160660642 -136.6875 -70.0 4.71238898038469 1
0001 0015 1711160660642 -6.5 -58.0 4.270602513473625 1
0001 0013 1711160660643 22.75 -56.0 1.2087768608538851 1
0001 0009 1711160660643 130.1875 -66.5 2.1966604882522383 1
0001 0006 1711160660643 -120.4375 -67.0 1.9573594853420782 1
0001 0007 1711160660644 0.0 -58.5 2.7857091108003242 1
0001 0005 1711160660644 13.0 -69.0 2.779573187648782 1
0001 0010 1711160660645 -35.75 -63.5 3.000466421104314 1
0001 0014 1711160660645 13.0 -66.0 1.7303303287350031 1
0001 0001 1711160660646 52.0625 -73.0 4.583534594202296 1
0001 0008 1711160660646 -52.0625 -73.5 4.522175362686871 1
0001 0011 1711160660646 0.625 -75.5 1.4971652489763858 1
0001 0015 1711160660647 9.75 -58.5 4.252194744018997 1
0001 0013 1711160660647 -6.5 -55.5 1.2762720155208536 1
0001 0006 1711160660648 -61.8125 -67.5 1.88986433067511 1
0001 0007 1711160660648 3.25 -59.0 2.8777479580734626 1
0001 0010 1711160660648 -29.25 -64.0 2.9820586516496865 1
0001 0001 1711160660649 -9.75 -73.0 4.841243366567084 1
0001 0014 1711160660649 9.75 -65.5 1.6812429435226628 1
0001 0004 1711160660650 107.375 -70.5 4.172427743048944 1
0001 0009 1711160660650 87.875 -66.5 2.3930100291016 1
0001 0005 1711160660651 35.75 -69.0 2.834796496012665 1
0001 0008 1711160660651 -13.0 -75.0 4.528311285838413 1
0001 0011 1711160660909 -2.5625 -75.0 1.6873788666742053 1
0001 0009 1711160660910 -32.5 -67.0 2.705942109830271 1
0001 0006 1711160660910 -6.5 -67.5 1.9389517158874505 1
0001 0007 1711160660911 -6.5 -58.5 2.9145634969827183 1
0001 0013 1711160660911 26.0 -56.0 1.2087768608538851 1
0001 0015 1711160660911 -19.5 -58.5 4.295146206079795 1
0001 0010 1711160660912 6.5 -64.0 2.9759227284981438 1
0001 0004 1711160660912 -3.25 -70.0 4.270602513473625 1
0001 0005 1711160660913 -39.0 -69.0 2.9943304979527716 1
0001 0014 1711160660913 52.0625 -66.0 1.6260196351587797 1
0001 0001 1711160660914 -192.0 -72.0 5.246214294568893 1
0001 0008 1711160660914 56.125 -75.0 1.3130875544301088 1
0001 0011 1711160660915 0.875 -75.5 1.662835174068035 1
0001 0010 1711160660915 -94.375 -64.0 3.160000423044421 1
0001 0007 1711160660916 32.5 -58.5 2.9084275738311756 1
0001 0004 1711160660916 -149.6875 -70.5 4.466952054322987 1
0001 0013 1711160660916 6.5 -56.0 1.282407938672396 1
0001 0009 1711160660917 -61.8125 -66.0 2.7550294950426117 1
0001 0006 1711160660917 48.8125 -67.5 2.12916533358527 1
0001 0015 1711160660918 -22.75 -58.5 4.252194744018997 1
0001 0005 1711160660918 120.4375 -68.5 2.859340188618835 1
0001 0014 1711160660919 84.625 -66.0 1.5892040962495242 1
0001 0001 1711160660919 -152.9375 -72.5 5.117359908386499 1
0001 0008 1711160660920 -499.625 -73.0 5.062136600022616 1
0001 0011 1711160660981 -15.8125 -75.0 4.76147636559703 1
0001 0005 1711160661154 -29.25 -70.5 3.074097498922825 1
0001 0004 1711160661155 6.5 -70.5 4.172427743048944 1
0001 0006 1711160661155 68.3125 -68.0 1.945087639038993 1
0001 0013 1711160661155 22.75 -56.0 1.2701360923693108 1
0001 0009 1711160661156 -19.5 -66.5 2.724349879284899 1
0001 0015 1711160661156 -6.5 -58.5 4.23378697456437 1
0001 0007 1711160661157 3.25 -59.0 3.055689729468197 1
0001 0010 1711160661157 -91.125 -64.5 2.9575149590435164 1
0001 0014 1711160661157 -55.3125 -66.5 1.846912868614312 1
0001 0001 1711160661158 71.5625 -70.5 4.95168998329485 1
0001 0008 1711160661159 -11.5625 -77.0 1.4726215563702154 1
0001 0011 1711160661160 17.6875 -75.0 1.4787574795217582 1
0001 0004 1711160661161 3.25 -71.0 4.424000592262189 1
0001 0006 1711160661162 136.6875 -67.5 1.8653206380689396 1
0001 0013 1711160661162 13.0 -56.5 1.3069516312785663 1
0001 0001 1711160661163 29.25 -70.0 5.013049214810275 1
0001 0010 1711160661163 13.0 -65.0 2.816388726558037 1
0001 0015 1711160661164 -16.25 -58.5 4.252194744018997 1
0001 0009 1711160661164 26.0 -66.5 2.8286605728611223 1
0001 0014 1711160661164 -3.25 -66.0 1.7119225592803755 1
0001 0007 1711160661165 16.25 -58.5 3.172272269347506 1
0001 0005 1711160661165 -22.75 -70.5 3.2827188860752723 1
0001 0008 1711160661230 0.5625 -76.5 4.620350133111551 1
0001 0011 1711160661231 -17.6875 -74.5 1.4971652489763858 1
0001 0010 1711160661412 -48.8125 -65.0 2.8532042654672924 1
0001 0009 1711160661412 -65.0625 -66.0 2.7979809571034093 1
0001 0013 1711160661412 13.0 -56.0 1.3192234775816514 1
0001 0005 1711160661413 -107.375 -70.0 3.3011266555298997 1
0001 0015 1711160661413 -3.25 -58.5 4.239922897715912 1
0001 0004 1711160661413 -3.25 -69.0 4.417864669110647 1
0001 0007 1711160661414 -42.3125 -58.5 3.2949907323783574 1
0001 0014 1711160661414 16.25 -67.5 1.5953400194010667 1
0001 0006 1711160661415 87.875 -67.0 1.9389517158874505 1
0001 0001 1711160661415 130.1875 -70.5 4.595806440505381 1
0001 0008 1711160661416 -319.8125 -74.5 5.037592907416445 1
0001 0011 1711160661416 -8.5 -74.5 4.700117134081604 1
0001 0014 1711160661417 -78.0625 -66.5 1.736466251886546 1
0001 0009 1711160661418 39.0 -66.5 2.6323110320117604 1
0001 0001 1711160661418 97.625 -70.5 4.6878452877785195 1
0001 0015 1711160661419 -9.75 -58.5 4.215379205109742 1
0001 0013 1711160661419 32.5 -56.0 1.2701360923693108 1
0001 0006 1711160661419 9.75 -67.0 1.9941750242513334 1
0001 0007 1711160661420 6.5 -58.5 3.104777114680538 1
0001 0010 1711160661420 39.0 -64.5 2.724349879284899 1
0001 0004 1711160661420 113.875 -71.0 4.215379205109742 1
0001 0005 1711160661421 -146.4375 -70.0 3.3440781175906977 1
0001 0008 1711160661482 40.375 -76.5 1.282407938672396 1
0001 0012 1711160661482 1.8125 -72.5 6.013204688511713 1
0001 0011 1711160661482 0.5625 -74.5 1.5155730184310134 1
0001 0010 1711160661699 -3.25 -64.5 2.718213956133356 1
0001 0007 1711160661700 -3.25 -58.5 2.9697868053466014 1
0001 0001 1711160661700 84.625 -71.0 4.534447208989955 1
0001 0013 1711160661700 9.75 -56.0 1.3130875544301088 1
0001 0006 1711160661701 -84.625 -67.5 2.0371264863121317 1
0001 0005 1711160661701 68.3125 -69.0 2.890019804376548 1
0001 0015 1711160661702 -3.25 -58.5 4.2092432819582 1
0001 0009 1711160661702 -52.0625 -66.5 2.6691265709210157 1
0001 0004 1711160661702 -26.0 -72.5 4.325825821837508 1
0001 0014 1711160661706 -13.0 -66.5 1.6321555583103222 1
0001 0012 1711160661706 -10.9375 -73.0 6.050020227420969 1
0001 0008 1711160661707 21.3125 -76.5 1.3130875544301088 1
0001 0011 1711160661709 -5.0 -75.0 1.662835174068035 1
0001 0010 1711160661709 16.25 -63.0 2.82252464970958 1
0001 0014 1711160661709 -42.3125 -66.5 1.7978254834019713 1
0001 0015 1711160661710 -19.5 -58.5 4.239922897715912 1
0001 0007 1711160661710 39.0 -58.5 2.8286605728611223 1
0001 0008 1711160661711 211.5625 -75.0 4.2031073588066565 1
0001 0013 1711160661711 0.0 -56.5 1.5707963267948966 1
0001 0004 1711160661712 117.125 -70.0 4.239922897715912 1
0001 0009 1711160661713 71.5625 -68.5 2.2580197197676637 1
0001 0006 1711160661713 87.875 -66.5 1.8346410223112268 1
0001 0001 1711160661714 61.8125 -71.5 4.491495746929157 1
0001 0013 1711160661951 22.75 -56.0 1.4787574795217582 1
0001 0010 1711160661951 -22.75 -61.0 3.5588354278946874 1
0001 0005 1711160661952 -29.25 -68.5 3.104777114680538 1
0001 0009 1711160661952 -279.9375 -68.5 2.405281875404685 1
0001 0015 1711160661952 9.75 -60.5 4.111068511533518 1
0001 0007 1711160661953 32.5 -58.5 2.6016314162540475 1
0001 0008 1711160661953 -3.25 -74.5 4.620350133111551 1
0001 0001 1711160661954 -169.25 -72.5 5.47937937432751 1
0001 0006 1711160661954 84.625 -67.0 1.3314953238847365 1
0001 0014 1711160661954 55.3125 -66.5 1.41126232485479 1
0001 0004 1711160661955 -74.8125 -70.0 4.528311285838413 1
0001 0004 1711160661955 -22.75 -64.0 4.4976316700806995 1
0001 0001 1711160661956 -35.75 -66.5 0.4111068511533518 1
0001 0015 1711160661956 -205.0625 -68.5 2.8286605728611223 1
0001 0011 1711160661956 -32.5 -66.5 4.276738436625168 1
0001 0007 1711160661957 29.25 -59.5 0.9510680884890975 1
0001 0005 1711160661957 -29.25 -64.5 3.1354567304382504 1
0001 0013 1711160661957 -19.5 -62.5 5.994796919057086 1
0001 0014 1711160661958 3.25 -64.5 1.4787574795217582 1
0001 0010 1711160661958 100.875 -71.5 1.0062913968529805 1
0001 0008 1711160661980 1.625 -74.0 5.810719224510809 1
0001 0009 1711160662203 -0.9375 -74.5 0.1595340019401067 1
0001 0013 1711160662203 -55.3125 -69.5 5.896622148632405 1
0001 0001 1711160662203 -3.25 -67.0 0.04295146206079795 1
0001 0010 1711160662203 -126.9375 -69.5 1.945087639038993 1
0001 0015 1711160662204 -68.3125 -67.0 1.4542137869155878 1
0001 0011 1711160662204 188.75 -66.0 0.39269908169872414 1
0001 0007 1711160662204 -19.5 -54.0 5.184855063053467 1
0001 0014 1711160662205 -26.0 -63.0 1.7794177139473437 1
0001 0009 1711160662205 -107.375 -69.5 2.8961557275280905 1
0001 0005 1711160662206 -22.75 -64.5 3.2765829629237295 1
0001 0004 1711160662206 -12.8125 -72.5 4.344233591292136 1
0001 0008 1711160662206 -1.9375 -77.5 0.7240389318820226 1
0001 0001 1711160662207 -22.75 -69.5 5.289165756629691 1
0001 0007 1711160662207 16.25 -57.0 1.4051264017032472 1
0001 0015 1711160662208 -16.25 -65.5 0.8958447801252144 1
0001 0014 1711160662208 -52.0625 -64.0 1.9205439464328227 1
0001 0004 1711160662208 -9.75 -65.5 5.835262917116979 1
0001 0005 1711160662209 32.5 -66.5 0.1227184630308513 1
0001 0008 1711160662209 169.25 -71.5 3.399301425954581 1
0001 0009 1711160662230 0.0 -69.5 5.565282298449106 1
0001 0006 1711160662491 -3.8125 -74.5 1.239456476611598 1
0001 0007 1711160662492 78.0625 -69.0 0.8344855486097889 1
0001 0015 1711160662492 22.75 -66.0 0.7424467013366504 1
0001 0009 1711160662492 -6.5 -68.0 1.9819031779482483 1
0001 0004 1711160662493 78.0625 -68.5 2.012582793705961 1
0001 0001 1711160662493 -87.875 -67.5 4.374913207049849 1
0001 0005 1711160662493 0.5625 -67.0 5.037592907416445 1
0001 0007 1711160662494 -6.5 -59.5 0.2699806186678728 1
0001 0001 1711160662494 -71.5625 -70.0 2.3316507975861747 1
0001 0005 1711160662494 29.25 -59.5 1.509437095279471 1
0001 0015 1711160662495 39.0 -67.0 1.1044661672776617 1
0001 0004 1711160662495 35.75 -64.5 0.36815538909255385 1
0001 0005 1711160662742 -6.5 -63.0 2.82252464970958 1
0001 0007 1711160662742 -52.0625 -62.5 0.2638446955163303 1
0001 0004 1711160662743 -61.8125 -62.0 4.325825821837508 1
0001 0001 1711160662743 -19.5 -70.5 0.42337869745643697 1
0001 0015 1711160662743 -61.8125 -68.5 1.1658253987930873 1
0001 0015 1711160662743 -22.75 -70.0 0.9940195505498954 1
0001 0004 1711160662743 -16.25 -59.0 3.2213596545598464 1
0001 0001 1711160662743 39.0 -71.0 5.516194913236766 1
0001 0015 1711160662745 45.5625 -70.5 0.9019807032767571 1
0001 0004 1711160662745 0.0 -59.5 2.988194574801229 1
0001 0001 1711160662745 -9.75 -72.0 5.105088062083414 1
0001 0004 1711160662980 -13.0 -60.5 3.1906800388021335 1
0001 0001 1711160662981 -81.375 -73.5 0.23316507975861744 1
0001 0015 1711160662981 0.5625 -73.0 4.589670517353839 1
0001 0007 1711160662981 2.125 -72.0 4.0128937411088375 1
0001 0004 1711160662982 -45.5625 -60.0 3.5158839658338894 1
0001 0001 1711160662982 61.8125 -71.0 1.0185632431560658 1
0001 0015 1711160662982 27.625 -72.5 1.2854759002481673 1
0001 0015 1711160663230 58.5625 -70.5 0.944932165337555 1
0001 0004 1711160663231 13.0 -60.0 3.399301425954581 1
0001 0001 1711160663231 -13.0 -70.0 0.6933593161243098 1
0001 0004 1711160663231 9.75 -60.0 3.4054373491061236 1
0001 0001 1711160663232 52.0625 -69.0 0.7179030087304801 1
0001 0015 1711160663232 74.8125 -72.5 1.0185632431560658 1
0001 0004 1711160663481 -3.25 -60.0 3.552699504743145 1
0001 0015 1711160663481 65.0625 -72.5 0.9387962421860124 1
0001 0001 1711160663481 6.5 -70.5 1.0492428589137786 1
0001 0004 1711160663482 -6.5 -60.0 3.5956509668039427 1
0001 0001 1711160663482 -55.3125 -69.5 1.0737865515199487 1
0001 0015 1711160663482 -74.8125 -70.5 1.3437671701878218 1
0001 0001 1711160663483 -35.75 -70.0 1.043106935762236 1
0001 0004 1711160663483 3.25 -60.0 3.5465635815916023 1
0001 0015 1711160663483 0.0 -69.0 1.0185632431560658 1
0001 0015 1711160663730 -16.25 -69.5 0.9142525495798421 1
0001 0004 1711160663731 16.25 -59.5 3.442252888015379 1
0001 0001 1711160663731 9.75 -70.5 0.9510680884890975 1
0001 0015 1711160663731 -159.5 -69.5 1.1780972450961724 1
0001 0004 1711160663732 6.5 -59.5 3.4177091954092087 1
0001 0001 1711160663732 19.5 -69.5 0.8528933180644165 1
0001 0004 1711160663981 -26.0 -59.5 3.393165502803038 1
0001 0015 1711160663981 247.375 -70.0 0.7853981633974483 1
0001 0001 1711160663981 -19.5 -69.0 0.8344855486097889 1
0001 0001 1711160663982 -110.625 -68.5 0.8467573949128739 1
0001 0004 1711160663982 94.375 -61.0 3.4177091954092087 1
0001 0015 1711160663982 117.125 -71.0 1.1106020904292042 1
0001 0004 1711160664231 -19.5 -60.5 3.6263305825616556 1
0001 0001 1711160664231 74.8125 -70.0 0.47860200582032003 1
0001 0015 1711160664231 -9.75 -73.5 1.2333205534600555 1
0001 0001 1711160664232 156.1875 -69.5 0.2086213871524472 1
0001 0004 1711160664232 -9.75 -61.0 3.54042765844006 1
0001 0015 1711160664232 0.0 -73.5 1.1719613219446299 1
0001 0007 1711160664233 -0.125 -74.5 5.160311370447297 1
0001 0004 1711160664233 16.25 -61.5 3.509748042682347 1
0001 0001 1711160664234 -61.8125 -68.5 0.3374757733348411 1
0001 0015 1711160664480 18.25 -74.0 1.227184630308513 1
0001 0007 1711160664480 3.0 -74.5 5.166447293598839 1
0001 0001 1711160664480 0.0 -70.0 0.04295146206079795 1
0001 0004 1711160664481 -19.5 -62.0 3.54042765844006 1
0001 0015 1711160664481 -6.375 -74.5 4.565126824747668 1
0001 0007 1711160664481 3.0 -74.5 5.160311370447297 1
0001 0004 1711160664730 22.75 -63.0 3.3870295796514958 1
0001 0001 1711160664732 195.25 -70.0 5.878214379177777 1
0001 0007 1711160664732 0.5625 -75.0 1.902136176978195 1
0001 0015 1711160664733 -5.1875 -75.5 1.4603497100671303 1
0001 0004 1711160664733 16.25 -64.0 3.2888548092268146 1
0001 0001 1711160664733 84.625 -70.5 6.178874613603362 1
0001 0007 1711160664734 -2.875 -75.0 5.049864753719531 1
0001 0015 1711160664735 1.4375 -75.0 4.6878452877785195 1
0001 0004 1711160664735 -74.8125 -65.0 3.429981041712294 1
0001 0001 1711160664735 -19.5 -70.0 0.19634954084936207 1
0001 0007 1711160664978 -1.4375 -74.5 4.896466674930966 1
0001 0015 1711160664978 -0.4375 -74.5 1.3989904785517047 1
0001 0004 1711160664979 6.5 -65.0 3.2704470397721868 1
0001 0001 1711160664979 -3.25 -70.5 0.2086213871524472 1
0001 0015 1711160664979 21.9375 -74.0 1.214912784005428 1
0001 0007 1711160664980 0.125 -74.5 1.4173982480063325 1
