0000 0015 1710232741650 19.5 -70.5 5.632777453116074 17
0000 0003 1710232741657 -23.1875 -77.5 3.816544200259475 17
0000 0014 1710232741658 -10.375 -75.0 0.2454369260617026 17
0000 0015 1710232741658 -45.5625 -70.5 5.872078456026235 17
0000 0014 1710232741659 3.0 -75.0 0.1902136176978195 17
0000 0003 1710232741659 4.0625 -78.5 0.5154175447295755 17
0000 0015 1710232741660 -58.5625 -71.5 5.755495916146925 17
0000 0003 1710232741865 18.25 -78.5 3.5956509668039427 17
0000 0014 1710232741866 -14.0 -75.0 0.2699806186678728 17
0000 0015 1710232741867 84.625 -71.5 5.411884219660542 17
0000 0014 1710232741869 6.6875 -75.0 0.1902136176978195 17
0000 0003 1710232741870 4.375 -78.5 0.30679615757712825 17
0000 0015 1710232741871 94.375 -72.5 5.700272607783043 17
0000 0014 1710232742115 -14.0 -75.5 0.3620194659410113 17
0000 0003 1710232742116 -16.0 -78.5 0.7240389318820226 17
0000 0015 1710232742117 -162.75 -71.0 5.896622148632405 17
0000 0014 1710232742118 -6.6875 -75.5 0.14726215563702155 17
0000 0003 1710232742119 6.0625 -78.5 0.5338253141842031 17
0000 0015 1710232742120 -110.625 -72.0 5.7616318392984684 17
0000 0014 1710232742365 -3.625 -75.0 0.21475731030398976 17
0000 0003 1710232742366 -23.9375 -79.0 0.8222137023067037 17
0000 0015 1710232742367 -32.5 -72.0 5.663457068873787 17
0000 0014 1710232742368 4.875 -75.5 0.11044661672776616 17
0000 0003 1710232742369 -1.1875 -79.0 3.706097583531709 17
0000 0015 1710232742370 -45.5625 -71.5 5.632777453116074 17
0000 0014 1710232742371 9.125 -75.5 0.19634954084936207 17
0000 0003 1710232742625 -9.125 -78.0 0.5951845456996288 17
0000 0006 1710232742625 6.0 -75.5 5.031456984264903 17
0000 0015 1710232742626 -117.125 -72.0 5.8045833013592665 17
0000 0003 1710232742627 -1.1875 -77.5 0.5951845456996288 17
0000 0014 1710232742629 3.625 -75.0 0.2638446955163303 17
0000 0006 1710232742629 6.0625 -74.5 2.024854640009046 17
0000 0015 1710232742865 -133.4375 -71.0 5.767767762450011 17
0000 0006 1710232742865 -35.75 -69.5 2.270291566070749 17
0000 0005 1710232742867 65.0625 -72.5 3.466796580621549 17
0000 0014 1710232742868 19.5 -73.5 3.393165502803038 17
0000 0003 1710232742869 -7.3125 -76.5 3.9453985864418692 17
0000 0006 1710232742870 104.125 -66.5 1.8530487917658545 17
0000 0005 1710232742872 26.0 -67.5 3.9208548938356986 17
0000 0015 1710232742873 -74.8125 -71.0 5.890486225480862 17
0000 0015 1710232742874 -97.625 -68.5 5.749359992995383 17
0000 0005 1710232742875 68.3125 -66.0 4.239922897715912 17
0000 0014 1710232742875 6.5 -70.0 2.9820586516496865 17
0000 0006 1710232742876 -94.375 -68.0 1.9512235621905356 17
0000 0008 1710232743115 40.6875 -72.0 6.083767804754453 17
0000 0008 1710232743117 39.0 -67.5 3.423845118560751 17
0000 0005 1710232743118 -74.8125 -72.0 4.669437518323892 17
0000 0015 1710232743119 -91.125 -71.0 6.037748381117884 17
0000 0014 1710232743120 13.0 -68.0 2.736621725587984 17
0000 0003 1710232743120 10.375 -76.0 4.571262747899211 17
0000 0004 1710232743121 7.0 -78.5 5.405748296509 17
0000 0006 1710232743122 2.25 -73.5 1.576932249946439 17
0000 0006 1710232743123 35.75 -69.0 1.4787574795217582 17
0000 0005 1710232743124 -65.0625 -66.0 0.35588354278946877 17
0000 0008 1710232743125 -9.75 -68.5 5.375068680751287 17
0000 0014 1710232743126 136.6875 -68.0 1.902136176978195 17
0000 0000 1710232743127 42.3125 -72.0 1.7548740213411735 17
0000 0015 1710232743128 71.5625 -71.5 6.135923151542564 17
0000 0004 1710232743369 17.6875 -78.0 4.583534594202296 17
0000 0007 1710232743369 0.0 -74.5 1.368310862793992 17
0000 0003 1710232743370 9.75 -78.5 6.12365130523948 17
0000 0009 1710232743371 -3.875 -78.5 4.7860200582032 17
0000 0005 1710232743372 -7.3125 -63.5 5.9088939949354895 17
0000 0015 1710232743373 -104.125 -69.5 0.02454369260617026 17
0000 0007 1710232743374 81.375 -68.5 1.2087768608538851 17
0000 0014 1710232743375 32.5 -71.5 1.859184714917397 17
0000 0006 1710232743375 58.5625 -65.5 0.48473792897186263 17
0000 0008 1710232743376 -26.0 -70.5 0.09203884727313846 17
0000 0000 1710232743377 22.75 -68.5 1.8530487917658545 17
0000 0009 1710232743378 -19.5 -74.5 5.098952138931871 17
0000 0014 1710232743379 159.5 -72.0 1.3621749396424494 17
0000 0015 1710232743380 -91.125 -69.5 5.902758071783947 17
0000 0009 1710232743381 208.3125 -71.0 1.88986433067511 17
0000 0006 1710232743381 -16.25 -67.5 5.546874528994478 17
0000 0000 1710232743382 -3.25 -71.5 0.7669903939428205 17
0000 0005 1710232743383 94.375 -66.5 2.84706834231575 17
0000 0007 1710232743384 -97.625 -68.0 5.9518454569962875 17
0000 0008 1710232743385 -97.625 -69.5 0.9940195505498954 17
0000 0007 1710232743625 -39.0 -66.5 4.3074180523828804 17
0000 0009 1710232743625 -52.0625 -67.0 2.3316507975861747 17
0000 0008 1710232743626 -87.875 -72.5 6.215690152512618 17
0000 0005 1710232743627 -166.8125 -69.0 1.6382914814618648 17
0000 0015 1710232743628 104.125 -69.0 5.66959299202533 17
0000 0014 1710232743629 -35.75 -69.0 2.337786720737717 17
0000 0000 1710232743630 57.75 -73.5 5.464039566448654 17
0000 0006 1710232743631 3.625 -73.0 1.0369710126106935 17
0000 0000 1710232743631 -152.9375 -70.5 5.393476450205914 17
0000 0014 1710232743632 123.6875 -68.5 1.9082721001297376 17
0000 0007 1710232743633 13.0 -66.0 2.9206994201342606 17
0000 0009 1710232743635 -84.625 -66.0 2.172116795646068 17
0000 0015 1710232743636 13.0 -69.5 5.816855147662351 17
0000 0015 1710232743864 -42.3125 -69.5 5.878214379177777 17
0000 0014 1710232743865 71.5625 -69.0 1.902136176978195 17
0000 0009 1710232743865 -27.625 -67.0 1.6566992509164924 17
0000 0007 1710232743866 -55.3125 -66.5 1.6935147898257479 17
0000 0000 1710232743867 30.875 -69.5 4.71238898038469 17
0000 0007 1710232743868 -87.875 -67.0 6.0991076126333095 17
0000 0000 1710232743869 -123.6875 -69.5 4.706253057233147 17
0000 0014 1710232743869 45.5625 -69.5 2.0493983326152168 17
0000 0015 1710232743870 120.4375 -69.0 5.497787143782138 17
0000 0009 1710232743871 -76.4375 -70.5 1.2578642460662257 17
0000 0014 1710232744114 97.625 -69.0 2.0493983326152168 17
0000 0009 1710232744115 -73.1875 -72.0 1.0799224746714913 17
0000 0007 1710232744116 6.5 -62.5 5.258486140871978 17
0000 0015 1710232744117 -110.625 -69.5 5.651185222570702 17
0000 0000 1710232744118 125.3125 -69.5 4.338097668140593 17
0000 0014 1710232744118 48.8125 -69.5 2.061670178918302 17
0000 0015 1710232744119 65.0625 -69.0 5.344389064993574 17
0000 0009 1710232744120 7.3125 -71.5 1.000155473701438 17
0000 0007 1710232744121 52.0625 -62.0 4.792155981354743 17
0000 0000 1710232744121 -97.625 -71.5 4.221515128261284 17
0000 0011 1710232744122 5.4375 -78.5 6.056156150572511 17
0000 0008 1710232744365 2.125 -77.5 1.662835174068035 17
0000 0009 1710232744365 55.3125 -70.0 1.0737865515199487 17
0000 0014 1710232744366 149.6875 -69.0 2.055534255766759 17
0000 0007 1710232744367 -58.5625 -62.0 4.97623367590102 17
0000 0015 1710232744368 117.125 -69.5 5.307573526084319 17
0000 0000 1710232744368 -17.0625 -74.0 3.9699422790480394 17
0000 0011 1710232744369 -0.5625 -77.0 0.01227184630308513 17
0000 0008 1710232744370 4.6875 -78.5 1.4910293258248433 17
0000 0009 1710232744371 -111.4375 -69.0 1.325359400733194 17
0000 0015 1710232744371 -42.3125 -69.0 5.583690067903734 17
0000 0014 1710232744372 139.9375 -68.5 2.061670178918302 17
0000 0007 1710232744373 -55.3125 -63.0 5.123495831538041 17
0000 0000 1710232744374 -3.625 -75.0 0.7485826244881929 17
0000 0011 1710232744375 -6.0625 -78.5 6.22182607566416 17
0000 0008 1710232744376 12.9375 -78.5 1.5401167110371838 17
0000 0014 1710232744625 146.4375 -69.0 2.0064468705544187 17
0000 0009 1710232744627 -121.25 -69.0 1.3867186322486196 17
0000 0007 1710232744627 -52.0625 -62.5 5.135767677841127 17
0000 0015 1710232744628 -126.9375 -68.5 5.786175531904639 17
0000 0000 1710232744629 -18.25 -75.0 4.049709280018092 17
0000 0008 1710232744629 -5.625 -78.0 1.8039614065535141 17
0000 0011 1710232744630 -12.125 -78.0 0.1595340019401067 17
0000 0009 1710232744631 -90.3125 -70.5 1.2210487071569704 17
0000 0015 1710232744631 -45.5625 -68.5 5.6143696836614465 17
0000 0007 1710232744632 -32.5 -62.0 5.092816215780329 17
0000 0014 1710232744633 130.1875 -68.5 2.043262409463674 17
0000 0000 1710232744633 12.3125 -74.5 4.025165587411922 17
0000 0008 1710232744634 -14.625 -77.5 1.748738098189631 17
0000 0007 1710232744864 -84.625 -62.5 5.098952138931871 17
0000 0015 1710232744865 -26.0 -69.0 5.485515297479052 17
0000 0014 1710232744866 -136.6875 -70.0 2.3009711818284617 17
0000 0009 1710232744866 -69.125 -71.0 0.9633399347921826 17
0000 0000 1710232744867 -16.25 -74.0 4.169359781473172 17
0000 0008 1710232744868 -1.1875 -78.5 1.846912868614312 17
0000 0015 1710232744868 71.5625 -69.5 5.485515297479052 17
0000 0014 1710232744869 -35.75 -69.0 2.3623304133438876 17
0000 0007 1710232744870 -19.5 -63.0 5.062136600022616 17
0000 0009 1710232744870 24.375 -71.5 0.5767767762450011 17
0000 0000 1710232744871 -6.5 -73.5 4.1601558967458585 17
0000 0008 1710232744872 -3.1875 -78.5 1.6505633277649499 17
0000 0011 1710232745115 -3.8125 -75.5 5.356660911296659 17
0000 0000 1710232745115 79.75 -71.5 4.025165587411922 17
0000 0014 1710232745116 117.125 -68.5 2.0493983326152168 17
0000 0015 1710232745116 -133.4375 -68.0 5.786175531904639 17
0000 0007 1710232745117 -32.5 -63.0 5.105088062083414 17
0000 0009 1710232745118 -87.0625 -73.5 0.6442719309119693 17
0000 0011 1710232745118 -59.375 -75.5 2.2518837966161214 17
0000 0008 1710232745119 17.6875 -78.5 1.5155730184310134 17
0000 0014 1710232745120 48.8125 -68.5 2.12916533358527 17
0000 0015 1710232745120 -84.625 -67.5 5.7616318392984684 17
0000 0007 1710232745121 45.5625 -62.0 5.0253210611133605 17
0000 0000 1710232745122 -104.125 -71.5 4.331961744989051 17
0000 0011 1710232745123 0.0 -76.0 4.890330751779424 17
0000 0009 1710232745123 -14.625 -77.0 0.4111068511533518 17
0000 0008 1710232745124 5.3125 -78.5 1.6873788666742053 17
0000 0015 1710232745363 -19.5 -68.0 5.5714182216006485 17
0000 0007 1710232745364 -6.5 -62.5 5.006913291658733 17
0000 0014 1710232745365 16.25 -68.5 2.5157284921324514 17
0000 0000 1710232745365 -208.3125 -70.5 4.147884050442774 17
0000 0009 1710232745366 19.5 -76.0 0.2086213871524472 17
0000 0011 1710232745367 -9.75 -76.5 4.718524903536232 17
0000 0008 1710232745368 -2.5625 -78.0 1.7671458676442586 17
0000 0000 1710232745369 -30.875 -72.0 4.1601558967458585 17
0000 0015 1710232745369 -52.0625 -68.5 5.700272607783043 17
0000 0007 1710232745370 16.25 -62.5 5.031456984264903 17
0000 0014 1710232745371 -65.0625 -69.0 2.6261751088602177 17
0000 0011 1710232745614 21.3125 -77.0 4.632621979414636 17
0000 0009 1710232745614 6.5 -76.5 0.21475731030398976 17
0000 0008 1710232745615 14.625 -77.0 1.8407769454627694 17
0000 0014 1710232745615 -29.25 -69.0 2.6139032625571326 17
0000 0000 1710232745616 145.625 -72.5 3.902447124381071 17
0000 0007 1710232745617 -94.375 -63.0 5.117359908386499 17
0000 0015 1710232745617 -71.5625 -69.0 5.724816300389213 17
0000 0008 1710232745618 21.3125 -77.5 1.6996507129772904 17
0000 0009 1710232745619 -10.375 -76.5 0.2086213871524472 17
0000 0011 1710232745619 6.0625 -77.5 1.3928545554001621 17
0000 0007 1710232745620 -45.5625 -62.0 5.092816215780329 17
0000 0015 1710232745621 -52.0625 -68.0 5.651185222570702 17
0000 0014 1710232745622 -35.75 -68.5 2.6016314162540475 17
0000 0000 1710232745623 -24.375 -73.0 4.175495704624716 17
0000 0009 1710232745864 -10.375 -77.0 0.22089323345553233 17
0000 0011 1710232745865 -25.0 -77.0 4.718524903536232 17
0000 0008 1710232745865 11.5625 -77.0 1.6935147898257479 17
0000 0007 1710232745866 -22.75 -62.5 4.994641445355648 17
0000 0015 1710232745867 -91.125 -68.5 5.798447378207723 17
0000 0014 1710232745867 58.5625 -69.0 2.3439226438892597 17
0000 0009 1710232745868 353.9375 -75.0 6.056156150572511 17
0000 0000 1710232745869 -13.0 -72.0 4.172427743048944 17
0000 0008 1710232745869 -32.9375 -77.5 1.88986433067511 17
0000 0011 1710232745870 3.0 -77.0 4.749204519293945 17
0000 0015 1710232745870 -126.9375 -69.5 5.71868037723767 17
0000 0007 1710232745871 -26.0 -62.5 5.0682725231741586 17
0000 0014 1710232745872 87.875 -69.0 2.2886993355253766 17
0000 0000 1710232745872 29.25 -72.5 4.381049130201391 17
0000 0008 1710232746114 2.4375 -77.0 4.97623367590102 17
0000 0011 1710232746115 -7.875 -77.0 4.626486056263094 17
0000 0009 1710232746115 14.9375 -76.0 0.12885438618239387 17
0000 0015 1710232746116 -65.0625 -69.0 5.675728915176872 17
0000 0014 1710232746117 3.25 -68.5 2.435961491162398 17
0000 0007 1710232746117 42.3125 -63.5 4.970097752749477 17
0000 0000 1710232746118 -142.375 -70.5 4.546719055293041 17
0000 0009 1710232746118 -16.25 -74.5 0.2086213871524472 17
0000 0011 1710232746119 9.75 -77.5 1.509437095279471 17
0000 0008 1710232746120 5.4375 -77.0 1.9389517158874505 17
0000 0015 1710232746120 74.8125 -69.5 5.436427912266712 17
0000 0014 1710232746121 -84.625 -68.5 2.718213956133356 17
0000 0007 1710232746121 74.8125 -63.0 4.847379289718626 17
0000 0000 1710232746122 100.875 -72.0 3.9944859716542096 17
0000 0009 1710232746123 94.375 -73.5 0.35588354278946877 17
0000 0008 1710232746365 18.875 -77.0 5.129631754689584 17
0000 0011 1710232746365 -28.625 -76.5 4.865787059173254 17
0000 0014 1710232746366 -42.3125 -70.0 2.5464081078901644 17
0000 0007 1710232746366 84.625 -63.0 5.019185137961818 17
0000 0015 1710232746367 -123.6875 -68.5 5.798447378207723 17
0000 0009 1710232746368 -173.3125 -73.0 0.662679700366597 17
0000 0000 1710232746368 -19.5 -72.5 4.368777283898306 17
0000 0008 1710232746369 -7.875 -77.0 5.0682725231741586 17
0000 0011 1710232746369 3.0 -76.5 4.804427827657828 17
0000 0000 1710232746370 159.5 -71.5 4.09266074207889 17
0000 0007 1710232746371 -19.5 -63.5 5.295301679781233 17
0000 0015 1710232746371 -87.875 -68.0 5.773903685601553 17
0000 0014 1710232746372 58.5625 -68.5 2.435961491162398 17
0000 0009 1710232746373 62.625 -71.5 0.5951845456996288 17
