0000 0002 1710213594124 -354.75 -69.5 4.601942363656923 17
0000 0006 1710213594125 -71.5625 -66.0 2.478912953223196 17
0000 0015 1710213594125 -104.125 -65.5 4.81056375080937 17
0000 0007 1710213594125 -35.75 -65.5 6.117515382087937 17
0000 0015 1710213594126 -29.25 -65.0 4.669437518323892 17
0000 0006 1710213594127 3.25 -66.0 2.2457478734645786 17
0000 0007 1710213594127 -9.75 -65.5 6.086835766330224 17
0000 0002 1710213594128 22.75 -69.5 4.074252972624263 17
0000 0015 1710213594128 -22.75 -65.0 4.700117134081604 17
0000 0007 1710213594129 39.0 -66.0 6.031612457966341 17
0000 0006 1710213594130 65.0625 -67.0 2.1598449493429825 17
0000 0002 1710213594130 -74.8125 -69.0 4.031301510563465 17
0000 0005 1710213594374 3.375 -76.5 1.6444274046134073 17
0000 0015 1710213594374 -100.875 -65.5 4.798291904506286 17
0000 0006 1710213594375 29.25 -66.5 2.2641556429192065 17
0000 0007 1710213594375 -97.625 -66.5 6.12365130523948 17
0000 0002 1710213594376 -120.4375 -69.5 4.221515128261284 17
0000 0005 1710213594376 0.4375 -76.5 1.5953400194010667 17
0000 0006 1710213594377 126.9375 -67.0 2.0493983326152168 17
0000 0015 1710213594377 -61.8125 -65.0 4.718524903536232 17
0000 0002 1710213594378 45.5625 -69.5 3.8963112012295285 17
0000 0007 1710213594378 -58.5625 -65.0 6.1420590746941075 17
0000 0005 1710213594631 2.4375 -76.0 1.6566992509164924 17
0000 0007 1710213594631 71.5625 -66.0 5.872078456026235 17
0000 0006 1710213594632 -13.0 -67.5 2.227340104009951 17
0000 0015 1710213594639 -26.0 -65.0 4.675573441475434 17
0000 0002 1710213594639 48.8125 -69.5 3.749049045592507 17
0000 0005 1710213594640 6.8125 -76.5 1.521708941582556 17
0000 0002 1710213594641 91.125 -70.0 3.9147189706841563 17
0000 0007 1710213594641 19.5 -66.0 6.007068765360171 17
0000 0006 1710213594642 -22.75 -66.5 2.282563412373834 17
0000 0015 1710213594642 -117.125 -66.0 4.828971520263998 17
0000 0005 1710213594875 2.6875 -76.0 1.6137477888556946 17
0000 0002 1710213594875 -39.0 -69.5 3.9269908169872414 17
0000 0007 1710213594876 -32.5 -65.5 5.994796919057086 17
0000 0015 1710213594877 -104.125 -65.0 4.847379289718626 17
0000 0006 1710213594877 -52.0625 -67.5 2.356194490192345 17
0000 0005 1710213594878 -3.5 -76.5 1.6198837120072371 17
0000 0015 1710213594878 42.3125 -66.0 4.558990901596125 17
0000 0007 1710213594879 -52.0625 -65.5 6.086835766330224 17
0000 0002 1710213594879 22.75 -69.5 3.8533597391687304 17
0000 0006 1710213594881 -32.5 -67.5 2.2948352586769194 17
0000 0005 1710213594881 -7.3125 -76.5 1.6321555583103222 17
0000 0007 1710213595124 19.5 -65.5 5.93343768754166 17
0000 0002 1710213595124 -100.875 -69.5 3.9822141253511245 17
0000 0006 1710213595124 39.0 -68.0 2.1353012567368124 17
0000 0015 1710213595125 45.5625 -66.0 4.473087977474529 17
0000 0005 1710213595125 -9.75 -76.5 4.816699673960914 17
0000 0007 1710213595126 -65.0625 -66.0 5.994796919057086 17
0000 0015 1710213595126 13.0 -66.5 4.485359823777615 17
0000 0006 1710213595126 120.4375 -68.0 1.9389517158874505 17
0000 0002 1710213595127 -120.4375 -68.5 4.031301510563465 17
0000 0005 1710213595127 0.0 -76.0 4.657165672020807 17
0000 0002 1710213595373 29.25 -69.0 3.9147189706841563 17
0000 0015 1710213595374 -9.75 -66.0 4.601942363656923 17
0000 0006 1710213595374 45.5625 -68.0 2.1659808724945253 17
0000 0007 1710213595375 -32.5 -66.0 5.927301764390117 17
0000 0005 1710213595375 2.4375 -75.5 4.632621979414636 17
0000 0006 1710213595376 -87.875 -67.0 2.3071071049800045 17
0000 0007 1710213595376 -39.0 -65.5 6.050020227420969 17
0000 0002 1710213595376 -45.5625 -68.5 4.031301510563465 17
0000 0015 1710213595377 -42.3125 -65.5 4.681709364626977 17
0000 0005 1710213595377 11.6875 -76.0 4.558990901596125 17
0000 0002 1710213595378 -162.75 -68.0 4.1417481272912315 17
0000 0006 1710213595378 -48.8125 -66.5 2.1782527187976104 17
0000 0015 1710213595379 -65.0625 -66.0 4.693981210930062 17
0000 0007 1710213595379 19.5 -66.0 5.835262917116979 17
0000 0005 1710213595623 31.6875 -75.5 4.473087977474529 17
0000 0006 1710213595624 13.0 -68.0 2.1905245651006955 17
0000 0002 1710213595624 3.25 -69.5 3.877903431774901 17
0000 0007 1710213595624 3.25 -66.0 5.841398840268521 17
0000 0015 1710213595625 -39.0 -65.5 4.675573441475434 17
0000 0005 1710213595625 12.9375 -75.0 4.4976316700806995 17
0000 0007 1710213595626 22.75 -65.5 5.8045833013592665 17
0000 0006 1710213595626 9.75 -68.0 2.2641556429192065 17
0000 0015 1710213595627 -29.25 -66.0 4.6878452877785195 17
0000 0002 1710213595627 35.75 -68.0 3.847223816017188 17
0000 0005 1710213595627 12.3125 -74.5 4.718524903536232 17
0000 0015 1710213595874 29.25 -67.5 4.755340442445488 17
0000 0007 1710213595874 -65.0625 -66.0 6.105243535784852 17
0000 0006 1710213595874 -26.0 -65.5 2.1905245651006955 17
0000 0005 1710213595875 4.375 -73.5 4.546719055293041 17
0000 0002 1710213595875 4.0 -74.5 2.110757564130642 17
0000 0004 1710213595876 -61.8125 -68.5 3.9453985864418692 17
0000 0006 1710213595876 0.0 -63.5 2.0493983326152168 17
0000 0007 1710213595877 -9.75 -64.5 0.8283496254582462 17
0000 0005 1710213595877 3.25 -62.5 2.350058567040802 17
0000 0002 1710213595878 22.75 -69.5 2.4727770300716534 17
0000 0015 1710213595878 26.0 -66.5 4.945554060143307 17
0000 0001 1710213595879 -43.9375 -74.5 4.690913249354291 17
0000 0015 1710213596124 22.75 -66.5 4.8351074434155406 17
0000 0002 1710213596124 0.0 -59.0 2.172116795646068 17
0000 0007 1710213596125 -32.5 -62.5 1.2701360923693108 17
0000 0005 1710213596125 16.25 -57.0 2.380738182798515 17
0000 0004 1710213596125 22.75 -63.5 2.350058567040802 17
0000 0006 1710213596126 -19.5 -65.5 2.8102528034064944 17
0000 0008 1710213596126 -32.5 -62.5 4.9394181369917645 17
0000 0003 1710213596127 -117.125 -66.0 2.761165418194154 17
0000 0006 1710213596127 3.25 -67.0 4.595806440505381 17
0000 0002 1710213596128 16.25 -58.5 1.3989904785517047 17
0000 0015 1710213596128 -52.0625 -67.0 4.792155981354743 17
0000 0005 1710213596129 0.0 -59.0 2.454369260617026 17
0000 0008 1710213596129 19.5 -57.5 4.933282213840222 17
0000 0007 1710213596130 78.0625 -66.5 1.736466251886546 17
0000 0004 1710213596130 35.75 -65.5 0.6320000846088841 17
0000 0005 1710213596374 -19.5 -65.0 2.8716120349219203 17
0000 0002 1710213596374 55.3125 -63.5 0.5890486225480862 17
0000 0008 1710213596375 -61.8125 -64.0 5.50392306693368 17
0000 0006 1710213596375 39.0 -62.0 5.2768939103266055 17
0000 0007 1710213596376 84.625 -66.5 2.773437264497239 17
0000 0015 1710213596376 19.5 -66.0 4.405592822807561 17
0000 0014 1710213596377 -5.4375 -74.5 1.8285050991596843 17
0000 0005 1710213596377 -76.4375 -66.5 3.3379421944391554 17
0000 0015 1710213596378 13.0 -66.0 3.9515345095934116 17
0000 0007 1710213596378 -9.75 -65.0 3.4177091954092087 17
0000 0006 1710213596379 -26.0 -62.5 5.8475347634200645 17
0000 0002 1710213596379 -3.25 -66.0 0.6320000846088841 17
0000 0003 1710213596380 12.1875 -70.0 4.727728788263546 17
0000 0008 1710213596380 -14.625 -69.0 6.068427996875596 17
0000 0005 1710213596501 -26.0 -60.5 2.9206994201342606 17
0000 0010 1710213596501 94.375 -69.5 0.03681553890925539 17
0000 0008 1710213596502 35.75 -59.5 3.06182565261974 17
0000 0007 1710213596502 -9.75 -62.5 3.4054373491061236 17
0000 0002 1710213596503 13.0 -64.0 5.700272607783043 17
0000 0003 1710213596503 91.125 -61.0 0.46019423636569234 17
0000 0006 1710213596503 -13.0 -60.5 5.9518454569962875 17
0000 0015 1710213596504 -52.0625 -69.0 4.387185053352934 17
0000 0000 1710213596504 6.0625 -70.5 4.09266074207889 17
0000 0003 1710213596505 22.75 -58.0 5.8659425328746915 17
0000 0007 1710213596505 -29.25 -62.5 2.8961557275280905 17
0000 0002 1710213596505 -13.0 -62.5 3.749049045592507 17
0000 0008 1710213596506 9.75 -55.0 2.5402721847386216 17
0000 0010 1710213596506 9.75 -65.5 6.117515382087937 17
0000 0005 1710213596507 19.5 -57.0 1.8960002538266525 17
0000 0006 1710213596507 71.5625 -61.5 5.375068680751287 17
0000 0015 1710213596507 -35.75 -66.0 4.356505437595221 17
0000 0000 1710213596625 -5.6875 -70.0 6.166602767300278 17
0000 0011 1710213596625 10.0625 -76.0 5.988660995905543 17
0000 0003 1710213596625 -3.25 -58.0 4.884194828627882 17
0000 0006 1710213596626 26.0 -63.5 4.95168998329485 17
0000 0008 1710213596626 22.75 -54.5 1.607611865704152 17
0000 0010 1710213596627 -39.0 -64.5 5.436427912266712 17
0000 0002 1710213596627 -13.0 -61.0 2.116893487282185 17
0000 0000 1710213596627 -156.1875 -67.0 4.963961829597935 17
0000 0015 1710213596628 -107.375 -66.0 4.111068511533518 17
0000 0007 1710213596628 -26.0 -64.0 2.2518837966161214 17
0000 0005 1710213596629 6.5 -58.0 1.0492428589137786 17
0000 0011 1710213596849 -6.0625 -74.5 5.706408530934585 17
0000 0010 1710213596849 -26.0 -64.5 5.006913291658733 17
0000 0015 1710213596850 -61.8125 -66.5 4.04357335686655 17
0000 0005 1710213596850 3.25 -59.5 0.37429131224409645 17
0000 0003 1710213596851 -16.25 -59.0 3.877903431774901 17
0000 0000 1710213596851 -3.25 -64.5 3.6876898140770815 17
0000 0008 1710213596851 -3.25 -54.5 0.9387962421860124 17
0000 0006 1710213596852 -94.375 -66.0 4.417864669110647 17
0000 0002 1710213596852 -52.0625 -61.5 1.0921943209745766 17
0000 0007 1710213596853 65.0625 -65.0 1.6382914814618648 17
0000 0011 1710213596853 -10.375 -74.0 5.344389064993574 17
0000 0000 1710213596854 26.0 -63.0 2.8961557275280905 17
0000 0007 1710213596858 -74.8125 -66.0 1.5401167110371838 17
0000 0008 1710213596858 -6.5 -54.0 0.48473792897186263 17
0000 0003 1710213596859 -58.5625 -60.0 3.11091303783208 17
0000 0015 1710213596860 9.75 -65.5 4.06811704947272 17
0000 0002 1710213596860 -22.75 -62.5 0.2638446955163303 17
0000 0005 1710213596860 3.25 -61.0 6.025476534814799 17
0000 0010 1710213596861 22.75 -65.0 4.614214209960009 17
0000 0006 1710213596861 -52.0625 -68.0 3.6386024288647407 17
0000 0011 1710213597090 0.0 -73.5 2.024854640009046 17
0000 0007 1710213597090 13.0 -65.5 1.1474176293384597 17
0000 0002 1710213597091 3.25 -63.0 6.007068765360171 17
0000 0008 1710213597091 -13.0 -54.0 0.1902136176978195 17
0000 0015 1710213597091 -81.375 -65.5 4.178563666200486 17
0000 0010 1710213597092 -61.8125 -65.0 4.571262747899211 17
0000 0000 1710213597092 -26.0 -62.0 2.5832236467994196 17
0000 0005 1710213597092 -16.25 -61.0 5.749359992995383 17
0000 0003 1710213597093 3.25 -59.5 2.4727770300716534 17
0000 0006 1710213597093 -126.9375 -70.0 3.3379421944391554 17
0000 0011 1710213597093 23.5625 -71.5 5.1204278699622705 17
0000 0014 1710213597094 2.6875 -74.5 1.88986433067511 17
0000 0000 1710213597094 -13.0 -61.0 2.399145952253143 17
0000 0002 1710213597094 39.0 -63.5 5.638913376267617 17
0000 0015 1710213597095 -45.5625 -65.0 4.061981126321178 17
0000 0010 1710213597095 6.5 -65.5 4.338097668140593 17
0000 0008 1710213597095 6.5 -54.0 0.0 17
0000 0005 1710213597097 6.5 -61.0 5.448699758569798 17
0000 0006 1710213597097 71.5625 -69.0 2.448233337465483 17
0000 0003 1710213597097 0.0 -59.5 2.141437179888355 17
0000 0007 1710213597098 74.8125 -66.5 0.6810874698212247 17
0000 0011 1710213597098 -3.25 -69.5 5.141903600992669 17
0000 0014 1710213597130 -6.6875 -74.0 5.0682725231741586 17
0000 0010 1710213597323 -61.8125 -65.0 4.411728745959104 17
0000 0015 1710213597323 -9.75 -65.5 3.9269908169872414 17
0000 0003 1710213597324 6.5 -59.0 2.030990563160589 17
0000 0011 1710213597324 -113.875 -70.0 5.2339424482658075 17
0000 0000 1710213597324 0.0 -60.5 2.3439226438892597 17
0000 0007 1710213597325 -22.75 -67.0 0.6320000846088841 17
0000 0002 1710213597325 3.25 -63.5 5.589825991055276 17
0000 0006 1710213597325 39.0 -69.5 2.497320722677824 17
0000 0005 1710213597326 -65.0625 -61.5 5.301437602932776 17
0000 0008 1710213597326 -22.75 -54.0 6.264777537724958 17
0000 0014 1710213597326 9.75 -74.0 5.062136600022616 17
0000 0011 1710213597327 126.9375 -69.5 4.994641445355648 17
0000 0003 1710213597328 6.5 -59.0 1.859184714917397 17
0000 0002 1710213597328 -42.3125 -63.5 5.632777453116074 17
0000 0015 1710213597328 9.75 -66.5 3.8963112012295285 17
0000 0007 1710213597329 -39.0 -68.0 0.4356505437595221 17
0000 0008 1710213597329 -13.0 -53.5 6.277049384028044 17
0000 0000 1710213597329 -3.25 -60.0 2.3930100291016 17
0000 0005 1710213597330 -13.8125 -61.5 5.148039524144211 17
0000 0010 1710213597330 -97.625 -65.5 4.466952054322987 17
0000 0006 1710213597331 -84.625 -69.5 2.6813984172241008 17
0000 0014 1710213597383 -5.4375 -74.0 5.062136600022616 17
0000 0000 1710213597568 68.3125 -60.0 2.2396119503130363 17
0000 0006 1710213597569 -26.0 -70.0 2.705942109830271 17
0000 0003 1710213597569 26.0 -59.0 1.8346410223112268 17
0000 0010 1710213597569 45.5625 -65.5 4.331961744989051 17
0000 0008 1710213597570 -19.5 -53.5 0.006135923151542565 17
0000 0015 1710213597570 19.5 -66.0 3.8410878928656453 17
0000 0007 1710213597570 19.5 -67.5 0.4356505437595221 17
0000 0005 1710213597571 -19.5 -61.0 5.154175447295755 17
0000 0011 1710213597571 -214.8125 -70.5 5.5100589900852235 17
0000 0002 1710213597571 22.75 -63.0 5.553010452146021 17
0000 0014 1710213597572 2.4375 -73.5 1.8346410223112268 17
0000 0008 1710213597572 -3.25 -53.5 0.018407769454627694 17
0000 0003 1710213597573 0.0 -58.5 1.9205439464328227 17
0000 0010 1710213597573 3.25 -66.0 4.479223900626073 17
0000 0005 1710213597574 -22.75 -61.5 5.135767677841127 17
0000 0000 1710213597574 0.0 -59.5 2.386874105950058 17
0000 0002 1710213597574 -13.0 -63.0 5.620505606812989 17
0000 0011 1710213597575 45.5625 -69.0 5.062136600022616 17
0000 0015 1710213597575 -26.0 -66.0 3.877903431774901 17
0000 0007 1710213597575 -3.25 -69.0 0.35588354278946877 17
0000 0006 1710213597576 -35.75 -69.0 2.478912953223196 17
0000 0014 1710213597636 9.75 -73.5 4.945554060143307 17
0000 0011 1710213597885 -136.6875 -70.0 5.252350217720435 17
0000 0003 1710213597885 13.0 -59.0 1.8530487917658545 17
0000 0008 1710213597885 -6.5 -53.5 0.03681553890925539 17
0000 0000 1710213597885 6.5 -59.5 2.5832236467994196 17
0000 0002 1710213597886 -39.0 -63.5 5.663457068873787 17
0000 0010 1710213597886 -19.5 -66.0 4.657165672020807 17
0000 0007 1710213597887 -61.8125 -67.5 0.4295146206079795 17
0000 0005 1710213597887 -38.1875 -61.0 5.522330836388308 17
0000 0015 1710213597887 13.0 -65.5 3.8533597391687304 17
0000 0006 1710213597888 84.625 -70.0 2.742757648739526 17
0000 0014 1710213597888 13.375 -73.5 5.295301679781233 17
0000 0001 1710213598066 -6.4375 -78.5 0.09817477042468103 17
0000 0010 1710213598066 3.25 -66.5 4.509903516383785 17
0000 0008 1710213598066 -3.25 -52.5 0.14726215563702155 17
0000 0005 1710213598066 38.1875 -61.0 5.135767677841127 17
0000 0011 1710213598067 -182.25 -71.0 5.283029833478148 17
0000 0000 1710213598067 -29.25 -59.5 2.5954954931025047 17
0000 0015 1710213598067 -117.125 -65.5 3.9822141253511245 17
0000 0003 1710213598068 16.25 -59.0 1.846912868614312 17
0000 0006 1710213598068 -32.5 -70.0 2.7120780329818137 17
0000 0002 1710213598068 -16.25 -64.0 5.553010452146021 17
0000 0007 1710213598069 -52.0625 -68.0 0.2270291566070749 17
0000 0014 1710213598069 -2.4375 -73.5 5.227806525114265 17
0000 0001 1710213598070 -3.625 -79.0 6.14819499784565 17
0000 0010 1710213598070 16.25 -65.5 4.583534594202296 17
0000 0000 1710213598071 -41.5 -59.0 2.6445828783148455 17
0000 0006 1710213598071 159.5 -70.0 2.411417798556228 17
0000 0003 1710213598071 61.8125 -58.5 1.748738098189631 17
0000 0008 1710213598072 -9.75 -53.0 0.1718058482431918 17
0000 0005 1710213598072 -35.75 -61.0 5.295301679781233 17
0000 0011 1710213598072 -107.375 -70.5 5.117359908386499 17
0000 0015 1710213598073 -26.0 -65.5 3.834951969714103 17
0000 0002 1710213598073 0.0 -63.5 5.5714182216006485 17
0000 0007 1710213598073 94.375 -68.0 6.227961998815704 17
0000 0014 1710213598122 -6.0625 -73.5 2.086213871524472 17
0000 0001 1710213598311 9.75 -79.5 6.2463697682703305 17
0000 0003 1710213598311 -19.5 -58.5 1.8714565612204823 17
0000 0002 1710213598312 -3.25 -64.5 5.553010452146021 17
0000 0015 1710213598312 -35.75 -65.5 3.9269908169872414 17
0000 0008 1710213598312 9.75 -52.5 0.19634954084936207 17
0000 0010 1710213598313 -19.5 -66.0 4.669437518323892 17
0000 0005 1710213598313 73.1875 -62.0 5.166447293598839 17
0000 0007 1710213598313 -13.0 -67.5 0.1718058482431918 17
0000 0006 1710213598314 16.25 -70.5 2.718213956133356 17
0000 0000 1710213598314 0.0 -59.0 2.5586799541932495 17
0000 0011 1710213598314 -55.3125 -71.5 5.074408446325701 17
0000 0014 1710213598315 -1.1875 -73.5 2.0371264863121317 17
0000 0001 1710213598317 -2.4375 -79.5 6.086835766330224 17
0000 0015 1710213598317 -107.375 -65.5 3.9822141253511245 17
0000 0006 1710213598317 -26.0 -69.0 2.8286605728611223 17
0000 0002 1710213598318 0.0 -64.0 5.5284667595398505 17
0000 0007 1710213598318 104.125 -67.5 6.252505691421874 17
0000 0008 1710213598318 -26.0 -53.0 0.25157284921324513 17
0000 0005 1710213598319 -30.875 -61.5 5.258486140871978 17
0000 0010 1710213598319 71.5625 -65.5 4.503767593232243 17
0000 0003 1710213598319 29.25 -58.5 1.8162332528565992 17
0000 0000 1710213598320 3.25 -59.0 2.5770877236478773 17
0000 0011 1710213598320 182.25 -70.5 4.76147636559703 17
0000 0014 1710213598373 -3.625 -73.5 5.344389064993574 17
0000 0001 1710213598373 0.875 -79.0 6.2034183062095325 17
0000 0000 1710213598556 -32.5 -59.0 2.6568547246179306 17
0000 0006 1710213598556 -260.375 -69.0 3.000466421104314 17
0000 0008 1710213598556 6.5 -52.5 0.21475731030398976 17
0000 0002 1710213598557 9.75 -64.5 5.608233760509904 17
0000 0003 1710213598557 35.75 -58.0 1.8223691760081417 17
0000 0010 1710213598557 -29.25 -66.0 4.620350133111551 17
0000 0005 1710213598557 13.0 -61.5 5.240078371417351 17
0000 0011 1710213598558 45.5625 -71.5 4.97623367590102 17
0000 0007 1710213598558 -9.75 -67.5 0.0674951546669682 17
0000 0015 1710213598558 3.25 -65.5 3.7981364308048478 17
0000 0014 1710213598559 -1.1875 -73.5 2.073942025221387 17
0000 0001 1710213598559 1.5 -79.5 6.1850105367549055 17
0000 0002 1710213598560 26.0 -63.5 5.5714182216006485 17
0000 0003 1710213598560 9.75 -58.0 1.8285050991596843 17
0000 0010 1710213598561 -6.5 -66.0 4.552854978444583 17
0000 0008 1710213598561 -9.75 -52.5 0.22089323345553233 17
0000 0005 1710213598561 62.625 -61.0 5.092816215780329 17
0000 0000 1710213598562 39.0 -59.0 2.509592568980909 17
0000 0011 1710213598562 -42.3125 -71.5 5.056000676871073 17
0000 0007 1710213598562 78.0625 -67.5 0.006135923151542565 17
0000 0015 1710213598563 -39.0 -66.0 3.8717675086233583 17
0000 0006 1710213598563 -65.0625 -69.5 2.60776733940559 17
0000 0014 1710213598622 -5.4375 -73.5 5.307573526084319 17
0000 0001 1710213598622 -6.375 -78.5 6.2463697682703305 17
0000 0000 1710213598806 -17.0625 -59.0 2.6016314162540475 17
0000 0008 1710213598807 -9.75 -52.5 0.20248546400090464 17
0000 0005 1710213598807 -32.5 -61.0 5.178719139901925 17
0000 0011 1710213598807 39.0 -71.5 5.013049214810275 17
0000 0003 1710213598808 -6.5 -58.5 1.761009944492716 17
0000 0002 1710213598808 0.0 -64.5 5.5100589900852235 17
0000 0010 1710213598808 0.0 -66.0 4.552854978444583 17
0000 0015 1710213598809 -45.5625 -66.0 3.8717675086233583 17
0000 0007 1710213598809 -19.5 -67.5 6.252505691421874 17
0000 0006 1710213598809 -78.0625 -69.5 2.816388726558037 17
0000 0014 1710213598810 9.125 -73.5 2.0800779483729293 17
0000 0001 1710213598810 1.8125 -79.0 0.1718058482431918 17
0000 0006 1710213598812 3.25 -70.5 2.779573187648782 17
0000 0002 1710213598812 -16.25 -64.0 5.540738605842936 17
0000 0011 1710213598813 19.5 -71.5 5.117359908386499 17
0000 0000 1710213598813 -10.5625 -59.0 2.5402721847386216 17
0000 0003 1710213598813 0.0 -58.5 1.7548740213411735 17
0000 0015 1710213598814 -19.5 -65.5 3.7551849687440497 17
0000 0008 1710213598814 3.25 -52.5 0.16566992509164924 17
0000 0007 1710213598814 78.0625 -67.5 6.2034183062095325 17
0000 0010 1710213598815 -6.5 -66.5 4.583534594202296 17
0000 0005 1710213598815 -35.75 -61.0 5.111223985234957 17
0000 0014 1710213598868 -3.625 -73.5 2.1230294104337273 17
